   5.4278010e+02   4.8001220e+02
   5.1196200e+02   4.7806098e+02
   5.7090301e+02   5.6472430e+02
   6.1964548e+02   5.3945327e+02
   6.5788043e+02   4.6053876e+02
   6.4134255e+02   4.0208915e+02
   7.2902445e+02   4.6254975e+02
   7.7206471e+02   4.3625699e+02
   5.7004227e+02   5.1751435e+02
   6.0086038e+02   5.0159091e+02
   1.0946135e+02   3.1527333e+02
   5.2142699e+02   5.2608594e+02
   4.8454088e+02   4.5889552e+02
   4.0681379e+02   4.3308835e+02
   3.8159827e+02   3.8938252e+02
   5.8668316e+02   4.3089413e+02
   5.2993745e+02   4.3470715e+02
   5.1165987e+02   3.7464634e+02
   5.7732382e+02   3.7269512e+02
   6.6658675e+02   5.7096622e+02
   6.9556687e+02   6.3107745e+02
   7.3174704e+02   6.8027380e+02
   7.2736504e+02   7.1360085e+02
   6.9128951e+02   4.9826614e+02
   7.1216746e+02   5.4018932e+02
   8.0492164e+02   5.6038350e+02
   8.3584984e+02   5.4246511e+02
   7.2903018e+02   7.4732353e+02
   7.9837540e+02   6.3908729e+02
   8.4329450e+02   6.3698840e+02
   8.9014297e+02   7.1440654e+02
   9.2602019e+02   7.1440654e+02
   8.4329450e+02   8.6336758e+02
   7.7375139e+02   8.8247026e+02
   7.3871452e+02   6.0588081e+02
   7.6355184e+02   6.5485407e+02
   9.2886546e+02   5.3478030e+02
   9.6311064e+02   5.7220455e+02
   1.0056223e+03   5.5874953e+02
   9.9247632e+02   5.1614246e+02
   9.2564632e+02   6.2298544e+02
   9.1470065e+02   6.5475287e+02
   8.8187403e+02   6.5175329e+02
   8.6039166e+02   7.0279623e+02
   9.0335641e+02   6.0071034e+02
   8.6277859e+02   5.9159553e+02
   5.8589467e+02   6.8638957e+02
   5.1667369e+02   6.6086810e+02
   5.1667369e+02   7.2702830e+02
   5.6202537e+02   7.5646226e+02
   5.9305546e+02   5.8182075e+02
   5.3099527e+02   6.1517925e+02
   4.8126290e+02   6.2805478e+02
   8.0139839e+02   6.8456661e+02
   7.7901129e+02   7.2831770e+02
   8.5288871e+02   7.4654733e+02
   9.0661774e+02   7.8665250e+02
   8.3050161e+02   4.3482077e+02
   7.8125000e+02   4.8586372e+02
   1.0588500e+03   4.6945706e+02
   1.0745210e+03   3.8013190e+02
   9.3348226e+02   4.8221779e+02
   9.4915323e+02   4.3664373e+02
