   8.0000000e+00
   9.0000000e+00
   1.0000000e+01
   1.1000000e+01
   1.2000000e+01
   1.3000000e+01
   1.4000000e+01
   1.5000000e+01
   3.1000000e+01
   4.2000000e+01
   4.3000000e+01
   4.4000000e+01
   4.5000000e+01
   4.6000000e+01
   4.7000000e+01
   4.8000000e+01
   4.9000000e+01
   6.7000000e+01
   6.8000000e+01
   6.9000000e+01
   7.0000000e+01
   7.1000000e+01
   7.2000000e+01
   7.3000000e+01
   7.4000000e+01
   8.7000000e+01
   8.8000000e+01
   8.9000000e+01
   9.0000000e+01
   9.1000000e+01
   9.2000000e+01
   9.3000000e+01
   9.4000000e+01
   9.5000000e+01
   1.0300000e+02
   1.0400000e+02
   1.0500000e+02
   1.0600000e+02
   1.1000000e+02
   1.1100000e+02
   1.1800000e+02
   1.1900000e+02
   1.2000000e+02
   1.2100000e+02
   1.2900000e+02
   1.3000000e+02
   1.3100000e+02
   1.3200000e+02
   1.3300000e+02
   1.3400000e+02
   1.3600000e+02
   1.4400000e+02
   1.4500000e+02
   1.4600000e+02
   1.4700000e+02
   1.5100000e+02
   1.5200000e+02
   1.5900000e+02
   1.6000000e+02
   1.6100000e+02
   1.6200000e+02
