   6.7834751e+02   4.7770574e+02
   6.6720787e+02   5.5135167e+02
   7.4557114e+02   4.1171951e+02
   7.8415822e+02   4.3318293e+02
   4.3355153e+02   4.6688222e+02
   5.9991639e+02   5.0756220e+02
   5.8134783e+02   4.3988756e+02
   7.0388631e+02   4.4000000e+02
   6.9223388e+02   3.6272017e+02
   6.9229857e+02   6.2326304e+02
   7.3040622e+02   6.1850549e+02
   7.5509175e+02   5.1383943e+02
   8.2950469e+02   5.1607656e+02
   8.0010870e+02   5.9067476e+02
   8.8156352e+02   6.3678004e+02
   9.4938111e+02   6.7807576e+02
   9.4712052e+02   7.3675914e+02
   9.6213880e+02   5.5067226e+02
   9.8195242e+02   5.2839286e+02
   9.3911116e+02   6.2702427e+02
   8.7627526e+02   5.5028641e+02
   6.0737704e+02   6.8638957e+02
   5.7157309e+02   6.2805478e+02
   7.9915968e+02   6.4993032e+02
   8.1706935e+02   6.9003550e+02
   7.2975968e+02   5.7883479e+02
   8.2826290e+02   4.2570596e+02
   8.2602419e+02   4.7128002e+02
   1.0095984e+03   4.6763409e+02
   9.5586935e+02   4.4758151e+02
