   7.0368445e+02   4.9267899e+02
   7.6108726e+02   4.0162840e+02
   5.5465987e+02   4.0527555e+02
   6.0861462e+02   4.8693545e+02
   6.9392359e+02   4.2080829e+02
   6.8374470e+02   5.8782367e+02
   8.1981384e+02   4.8321881e+02
   8.2692995e+02   5.5230583e+02
   8.7610225e+02   6.1086893e+02
   9.6094643e+02   5.3174877e+02
   8.7745353e+02   5.2295283e+02
   6.0260318e+02   6.6269106e+02
   6.0021625e+02   6.1164812e+02
   7.9692097e+02   6.4263848e+02
   7.4766935e+02   5.5149036e+02
   8.1483065e+02   4.0747634e+02
   9.1333387e+02   4.2206004e+02
