   5.6885696e+02   4.6635366e+02
   5.9967506e+02   5.0537805e+02
   5.8947157e+02   5.4334112e+02
   6.4981940e+02   5.5306075e+02
   6.8150596e+02   4.4643023e+02
   6.6260553e+02   3.9604264e+02
   7.3838702e+02   4.5220149e+02
   7.7206471e+02   4.3625699e+02
   1.6533897e+02   3.0972667e+02
   5.2598154e+02   4.9967969e+02
   5.0496934e+02   4.3367164e+02
   4.7099876e+02   4.6090115e+02
   4.4119860e+02   4.3904823e+02
   6.2980989e+02   4.4233318e+02
   5.5944522e+02   4.3661366e+02
   5.7279527e+02   4.1171951e+02
   5.8864519e+02   3.8635366e+02
   7.3265036e+02   6.6417795e+02
   7.3265036e+02   7.0223833e+02
   8.0998594e+02   5.4163422e+02
   6.7753312e+02   6.3825452e+02
   7.0196810e+02   6.1963841e+02
   7.2125405e+02   4.9100611e+02
   7.1437589e+02   5.3211165e+02
   7.4488010e+02   5.9861765e+02
   7.6073002e+02   7.1908824e+02
   8.0960518e+02   6.2649395e+02
   8.4104854e+02   6.5168063e+02
   9.0135460e+02   7.0468692e+02
   9.3947415e+02   6.9496729e+02
   8.6126214e+02   8.4247260e+02
   8.2218279e+02   8.3027695e+02
   9.5776025e+02   5.4878649e+02
   1.0275324e+03   5.4325605e+02
   9.9904933e+02   5.1033240e+02
   9.2789046e+02   6.2702427e+02
   9.1696493e+02   6.6394828e+02
   8.8360900e+02   6.4324474e+02
   8.7232631e+02   5.9341849e+02
   5.8350774e+02   6.9915031e+02
   5.4770378e+02   7.3014067e+02
   5.6918616e+02   6.1164812e+02
   5.1428676e+02   6.5539921e+02
   8.1259194e+02   7.0644216e+02
   8.6184355e+02   7.4472436e+02
   8.3497903e+02   4.2388300e+02
   8.1483065e+02   5.0044741e+02
   9.3348226e+02   4.5851928e+02
   1.0588500e+03   4.6581113e+02
   1.0745210e+03   3.7830894e+02
