   6.9839888e+02   5.1353349e+02
   6.7389165e+02   5.5334211e+02
   7.5238062e+02   4.0391463e+02
   7.7734873e+02   4.2537805e+02
   4.6913780e+02   4.4500812e+02
   4.4140092e+02   4.3706160e+02
   6.2776923e+02   5.1353349e+02
   5.8598997e+02   4.2794498e+02
   7.0388631e+02   4.4600000e+02
   7.0583061e+02   3.7426503e+02
   6.8600897e+02   6.3203623e+02
   7.6182417e+02   5.0242132e+02
   8.3384219e+02   5.1804253e+02
   8.1128422e+02   5.8259709e+02
   8.6800000e+02   6.2808621e+02
   9.4485993e+02   6.6068809e+02
   9.4712052e+02   7.1285110e+02
   9.5994953e+02   5.5444379e+02
   9.9277925e+02   5.4139286e+02
   9.1891390e+02   6.2298544e+02
   8.8749596e+02   5.5230583e+02
   5.9782932e+02   7.0097327e+02
   5.6202537e+02   6.1711700e+02
   8.0811452e+02   6.6269106e+02
   7.2528226e+02   5.8430368e+02
   8.1930806e+02   4.5487336e+02
   9.6706290e+02   4.8586372e+02
   9.3572097e+02   4.4028966e+02
