   7.0244440e+02   4.1952439e+02
   7.5692028e+02   4.3513415e+02
   5.8545132e+02   4.8001220e+02
   6.2575192e+02   5.1123171e+02
   6.2196656e+02   5.4722897e+02
   6.5910368e+02   5.4722897e+02
   1.7204428e+02   2.8569111e+02
   5.4188963e+02   4.9561962e+02
   4.6761538e+02   4.3988756e+02
   6.1002325e+02   4.5400000e+02
   6.2198408e+02   3.9543062e+02
   6.8569429e+02   6.1945700e+02
   7.3713864e+02   6.7559607e+02
   7.3713864e+02   5.1383943e+02
   8.0347969e+02   5.4163422e+02
   7.7552254e+02   6.7347087e+02
   8.3635179e+02   6.3243312e+02
   9.2677524e+02   6.9111651e+02
   8.7922977e+02   8.2347717e+02
   8.4639849e+02   8.4187546e+02
   9.5338170e+02   5.5444379e+02
   9.8844852e+02   5.3767857e+02
   9.3462288e+02   6.1692718e+02
   9.2149347e+02   6.4739655e+02
   8.9081315e+02   6.1660247e+02
   8.6516552e+02   5.8612664e+02
   5.9544239e+02   6.6815995e+02
   5.5486457e+02   7.2649474e+02
   5.6679923e+02   6.1711700e+02
   5.2144755e+02   6.6998291e+02
   8.1259194e+02   7.0826512e+02
   8.5960484e+02   7.1555697e+02
   7.3647581e+02   5.9706442e+02
   8.2602419e+02   4.2570596e+02
   8.0139839e+02   4.9497853e+02
   1.0566113e+03   4.4211262e+02
   9.3124355e+02   4.6216521e+02
