   6.2042135e+02   5.4538038e+02
   7.0017457e+02   4.1952439e+02
   7.7734873e+02   4.4684146e+02
   6.2575192e+02   4.9171951e+02
   6.5419940e+02   5.3854878e+02
   2.3686232e+02   2.7644667e+02
   5.5813712e+02   4.9362919e+02
   4.8618395e+02   4.5979187e+02
   6.1002325e+02   4.4600000e+02
   6.3104857e+02   3.7426503e+02
   6.7688858e+02   6.0613586e+02
   7.3938278e+02   6.4514776e+02
   7.2367381e+02   5.0813038e+02
   8.0347969e+02   5.3770227e+02
   7.6881723e+02   6.6741262e+02
   8.3183062e+02   6.2591275e+02
   9.3129642e+02   7.1285110e+02
   8.6800000e+02   8.2369749e+02
   9.5557098e+02   5.5632956e+02
   9.8195242e+02   5.2839286e+02
   9.4359943e+02   6.4721845e+02
   8.9081315e+02   6.1660247e+02
   8.6755245e+02   5.8612664e+02
   6.0499011e+02   6.6998291e+02
   5.5963844e+02   7.3196363e+02
   5.7396002e+02   6.2076293e+02
   5.3099527e+02   6.6815995e+02
   8.1259194e+02   6.9003550e+02
   8.4841129e+02   7.4107844e+02
   7.2752097e+02   5.9341849e+02
   8.3274032e+02   4.2935188e+02
   7.9468226e+02   4.9862445e+02
   1.0409403e+03   4.4393558e+02
   9.3795968e+02   4.4758151e+02
