   6.4715650e+02   4.5780144e+02
   6.6497994e+02   5.5135167e+02
   7.4557114e+02   4.0001220e+02
   7.8869787e+02   4.4098780e+02
   3.7320370e+02   4.7058000e+02
   5.9527425e+02   5.1154306e+02
   5.7206355e+02   4.2595455e+02
   6.8511369e+02   4.4600000e+02
   6.8996776e+02   3.6079602e+02
   6.9229857e+02   6.2516606e+02
   7.1694139e+02   6.1660247e+02
   7.5284762e+02   5.0242132e+02
   8.1649219e+02   5.2197448e+02
   7.8669807e+02   6.0683010e+02
   8.7026059e+02   6.3025967e+02
   9.3807818e+02   6.7372884e+02
   9.3807818e+02   7.5414681e+02
   9.5994953e+02   5.5067226e+02
   9.7329095e+02   5.2096429e+02
   9.4135530e+02   6.2702427e+02
   8.7627526e+02   5.5028641e+02
   6.1931169e+02   6.8092068e+02
   5.8112081e+02   7.1555697e+02
   5.6918616e+02   5.9888738e+02
   5.4770378e+02   6.2440885e+02
   7.9468226e+02   6.6998291e+02
   8.2378548e+02   6.9185846e+02
   7.3199839e+02   5.7701183e+02
   8.3274032e+02   4.2570596e+02
   8.3274032e+02   4.7492594e+02
   1.0230306e+03   4.6034224e+02
   9.5586935e+02   4.4758151e+02
