   5.3803886e+02   4.6830488e+02
   5.8545132e+02   5.0342683e+02
   5.7786622e+02   5.4528505e+02
   6.3125084e+02   5.3945327e+02
   6.5315532e+02   4.7464729e+02
   6.4134255e+02   3.9402713e+02
   7.1966189e+02   4.6048010e+02
   7.6506639e+02   4.3826278e+02
   1.1840177e+02   2.9493556e+02
   5.2142699e+02   4.9764844e+02
   4.8227105e+02   4.6471642e+02
   4.1598307e+02   4.3706160e+02
   4.0910611e+02   4.0924881e+02
   5.8441333e+02   4.3852016e+02
   5.2766762e+02   4.3089413e+02
   5.1392414e+02   3.8440244e+02
   5.7732382e+02   3.7854878e+02
   6.5782965e+02   5.8481970e+02
   6.9343313e+02   6.1391888e+02
   7.3174704e+02   6.7635297e+02
   7.2079203e+02   7.0379877e+02
   7.0413146e+02   4.9645113e+02
   7.1658433e+02   5.3816990e+02
   8.0050477e+02   5.5836408e+02
   8.3584984e+02   5.3864509e+02
   7.3129445e+02   7.3602941e+02
   8.0286731e+02   6.1809839e+02
   8.3880259e+02   6.4328507e+02
   8.9238530e+02   7.1051869e+02
   9.3947415e+02   7.0857477e+02
   8.5003236e+02   8.5766895e+02
   7.9136281e+02   8.6507249e+02
   7.2975968e+02   5.9559397e+02
   7.5426756e+02   6.3694019e+02
   9.5240902e+02   5.3871970e+02
   9.7167194e+02   5.6629545e+02
   1.0100043e+03   5.5874953e+02
   9.9904933e+02   5.1614246e+02
   9.2115804e+02   6.1894660e+02
   9.0790783e+02   6.5843103e+02
   8.6679931e+02   6.5656587e+02
   8.7948710e+02   5.9524145e+02
   5.7396002e+02   6.7727476e+02
   5.3338220e+02   6.6815995e+02
   5.2144755e+02   7.2702830e+02
   5.6441230e+02   7.4272642e+02
   5.6679923e+02   6.2106604e+02
   5.3576913e+02   6.0144340e+02
   5.0812742e+02   6.2440885e+02
   7.8125000e+02   6.7545180e+02
   7.8572742e+02   7.3378659e+02
   8.5960484e+02   7.2102585e+02
   8.8870806e+02   7.7389176e+02
   8.3497903e+02   4.2570596e+02
   7.9020484e+02   5.0956223e+02
   1.0633274e+03   4.8586372e+02
   1.0655661e+03   3.9471560e+02
   9.2676613e+02   4.8950964e+02
   9.3795968e+02   4.4028966e+02
