   5.4040948e+02   4.7025610e+02
   5.8545132e+02   4.9367073e+02
   5.7786622e+02   5.4722897e+02
   6.3357191e+02   5.3945327e+02
   6.5788043e+02   4.6053876e+02
   6.4134255e+02   3.9604264e+02
   7.2902445e+02   4.6461940e+02
   7.7206471e+02   4.4026856e+02
   1.1169646e+02   3.0233111e+02
   5.2370427e+02   5.1999219e+02
   4.8454088e+02   4.5695522e+02
   4.2056771e+02   4.3904823e+02
   3.9535219e+02   4.0130229e+02
   5.7987367e+02   4.3280064e+02
   5.2993745e+02   4.2898763e+02
   5.1165987e+02   3.8440244e+02
   5.7732382e+02   3.7269512e+02
   6.6439748e+02   5.8086156e+02
   6.9343313e+02   6.1582539e+02
   7.2955604e+02   6.7243214e+02
   7.2298303e+02   7.0575919e+02
   6.9557016e+02   5.0008115e+02
   7.1216746e+02   5.4018932e+02
   7.9829634e+02   5.5432524e+02
   8.2698083e+02   5.3291506e+02
   7.2450163e+02   7.3979412e+02
   8.0735922e+02   6.2649395e+02
   8.4104854e+02   6.3908729e+02
   8.9238530e+02   7.2023832e+02
   9.3498950e+02   7.0468692e+02
   8.4778641e+02   8.5766895e+02
   7.9136281e+02   8.6313941e+02
   7.3199839e+02   5.9765134e+02
   7.6123077e+02   6.4490191e+02
   9.3314611e+02   5.4068939e+02
   9.5882999e+02   5.6826515e+02
   1.0056223e+03   5.6068622e+02
   9.9028532e+02   5.1614246e+02
   9.2340218e+02   6.2096602e+02
   9.1243638e+02   6.6027011e+02
   8.7400346e+02   6.5846889e+02
   8.8664789e+02   5.9888738e+02
   5.8589467e+02   6.8456661e+02
   5.2383448e+02   6.5904514e+02
   5.2622141e+02   7.1917925e+02
   5.4770378e+02   7.6234906e+02
   5.6202537e+02   6.1714151e+02
   5.3338220e+02   6.0340566e+02
   4.8574032e+02   6.1893996e+02
   7.9020484e+02   6.7909772e+02
   7.7901129e+02   7.2831770e+02
   8.5512742e+02   7.3014067e+02
   8.9542419e+02   7.7753769e+02
   8.3274032e+02   4.2935188e+02
   7.9020484e+02   5.0591630e+02
   1.0588500e+03   4.7857187e+02
   1.0722823e+03   3.9653856e+02
   9.2900484e+02   4.8768668e+02
   9.4691452e+02   4.3846670e+02
