   6.0804013e+02   5.3750935e+02
   6.5315532e+02   3.9201163e+02
   7.2434317e+02   4.5634080e+02
   7.7439748e+02   4.3425121e+02
   5.5107728e+02   4.5780144e+02
   5.1077669e+02   4.5780144e+02
   5.8663664e+02   4.7969617e+02
   6.2456661e+02   4.5979187e+02
   5.6049831e+02   5.7844007e+02
   5.6049831e+02   5.2001311e+02
   6.7284907e+02   4.3626779e+02
   6.5646459e+02   4.8300936e+02
   1.6310386e+02   2.9123778e+02
   5.1004061e+02   5.0983594e+02
   4.6865209e+02   4.6083582e+02
   4.3202931e+02   4.2911509e+02
   3.9535219e+02   4.4103486e+02
   3.8159827e+02   3.9732904e+02
   5.1858831e+02   4.1945509e+02
   5.2977406e+02   3.8050000e+02
   5.9090946e+02   3.5903659e+02
   5.6562243e+02   4.1702261e+02
   5.8843262e+02   4.0238945e+02
   6.9770061e+02   6.0057333e+02
   6.8703190e+02   6.2917094e+02
   7.2955604e+02   6.8223421e+02
   7.2736504e+02   7.1360085e+02
   6.8058790e+02   5.0915620e+02
   7.0554216e+02   5.3413107e+02
   7.9387947e+02   5.7048058e+02
   8.2032907e+02   4.9471488e+02
   6.5181789e+02   5.6729522e+02
   6.4073163e+02   6.0167539e+02
   7.0865171e+02   8.0567647e+02
   7.9837540e+02   6.3698840e+02
   8.4554045e+02   6.3698840e+02
   8.9911228e+02   7.2218224e+02
   9.3050485e+02   6.9885514e+02
   7.3199839e+02   6.1205292e+02
   7.6355184e+02   6.4092105e+02
   8.4014716e+02   8.7778230e+02
   8.7496321e+02   8.7380144e+02
   7.8908361e+02   8.8176316e+02
   7.7979933e+02   9.3351435e+02
   9.1388319e+02   5.4856818e+02
   9.6739129e+02   5.6826515e+02
   1.0275324e+03   5.4325605e+02
   9.9685833e+02   5.1807914e+02
   9.2006492e+02   6.1539401e+02
   9.2722571e+02   6.5904514e+02
   8.9380868e+02   6.4628440e+02
   8.5800473e+02   6.8821253e+02
   9.1051720e+02   5.8430368e+02
   8.6993938e+02   5.6242813e+02
   5.6202537e+02   6.9550438e+02
   5.0473904e+02   6.5357625e+02
   4.6893508e+02   7.4272642e+02
   5.2144755e+02   7.5253774e+02
   5.0951290e+02   6.1321698e+02
   4.7230806e+02   6.6086810e+02
   8.1483065e+02   6.9915031e+02
   7.7453387e+02   7.4107844e+02
   8.5736613e+02   7.6295399e+02
   9.0437903e+02   8.0488212e+02
   8.3050161e+02   4.0747634e+02
   8.6632097e+02   4.3117485e+02
   7.5438548e+02   5.2596889e+02
   7.8125000e+02   4.9315557e+02
   1.0879532e+03   4.5669632e+02
   1.0789984e+03   3.6919413e+02
   9.3124355e+02   4.7857187e+02
   9.3795968e+02   4.2388300e+02
