   7.5692028e+02   4.2147561e+02
   5.8071008e+02   4.7220732e+02
   6.1864005e+02   5.0928049e+02
   5.9875585e+02   5.3945327e+02
   6.5214047e+02   5.4722897e+02
   6.8150596e+02   4.3030620e+02
   6.7441830e+02   3.9402713e+02
   1.5639855e+02   3.6334444e+02
   5.4421070e+02   5.1552392e+02
   5.4653177e+02   4.8765789e+02
   5.9705673e+02   3.9158233e+02
   6.2198408e+02   3.8388575e+02
   4.7099876e+02   4.5295463e+02
   4.3661396e+02   4.1918195e+02
   6.1165127e+02   4.4805270e+02
   5.5717539e+02   4.2517461e+02
   7.3489450e+02   6.7940210e+02
   7.2591795e+02   5.1193641e+02
   8.0998594e+02   5.4163422e+02
   6.6439748e+02   6.0263130e+02
   6.9983436e+02   6.2154491e+02
   7.3582300e+02   6.6261765e+02
   7.6073002e+02   7.2285294e+02
   8.0960518e+02   6.3069173e+02
   8.4104854e+02   6.4958174e+02
   9.0359693e+02   7.0079907e+02
   9.3723183e+02   6.8135981e+02
   8.5452427e+02   8.4247260e+02
   8.0457137e+02   8.9020260e+02
   9.5119243e+02   5.5067226e+02
   1.0056223e+03   5.4712942e+02
   9.8590331e+02   5.2001583e+02
   9.3686702e+02   6.2904369e+02
   9.1017210e+02   6.6027011e+02
   8.9081315e+02   6.4134172e+02
   8.7471324e+02   6.0253330e+02
   5.8828160e+02   6.9003550e+02
   5.3815606e+02   7.2831770e+02
   5.7396002e+02   6.1711700e+02
   5.1906062e+02   6.5722217e+02
   8.1259194e+02   7.0644216e+02
   8.6184355e+02   7.4107844e+02
   7.4543065e+02   6.0435627e+02
   8.3497903e+02   4.3299781e+02
   8.1706935e+02   5.0409334e+02
   9.3124355e+02   4.6945706e+02
   1.0588500e+03   4.7310298e+02
   1.0722823e+03   4.0565337e+02
