   5.7363483e+02   4.4386842e+02
   6.2487721e+02   5.3542823e+02
   7.1379354e+02   4.1757317e+02
   7.7734873e+02   4.4684146e+02
   2.7262399e+02   2.3022444e+02
   5.7438462e+02   5.0557177e+02
   5.0939465e+02   4.5581100e+02
   6.4052874e+02   4.5200000e+02
   6.4464531e+02   3.8196161e+02
   6.8569429e+02   6.1374794e+02
   7.3265036e+02   6.3182662e+02
   7.2591795e+02   5.0813038e+02
   8.0347969e+02   5.3966824e+02
   7.7105233e+02   6.6539320e+02
   8.4313355e+02   6.2156583e+02
   9.3807818e+02   7.0850418e+02
   8.9060586e+02   7.9978945e+02
   9.6432808e+02   5.5444379e+02
   9.6462949e+02   5.2096429e+02
   9.2564632e+02   6.5529612e+02
   9.0282007e+02   6.1660247e+02
   8.7471324e+02   5.8612664e+02
   6.0499011e+02   6.7727476e+02
   5.7634695e+02   7.1920289e+02
   5.8350774e+02   6.1711700e+02
   5.3338220e+02   6.5904514e+02
   8.1259194e+02   6.8456661e+02
   8.4617258e+02   7.3560955e+02
   7.3423710e+02   5.8794961e+02
   8.3721774e+02   4.2935188e+02
   7.9915968e+02   5.0409334e+02
   1.0409403e+03   4.3846670e+02
   9.4915323e+02   4.5305039e+02
