   6.9450000e+02   5.3112257e+02
   7.5190281e+02   4.0365175e+02
   4.7838343e+02   4.3110172e+02
   6.1322591e+02   4.8493160e+02
   6.8470100e+02   4.3082755e+02
   6.9053752e+02   6.3806522e+02
   8.0071840e+02   5.0064898e+02
   8.2916506e+02   5.8461650e+02
   9.6550644e+02   6.8558738e+02
   9.5119243e+02   5.6198685e+02
   9.9061388e+02   5.3953571e+02
   8.8076354e+02   6.0683010e+02
   9.0096079e+02   5.4220874e+02
   6.1453783e+02   6.7362883e+02
   5.5009071e+02   6.2987774e+02
   8.0811452e+02   6.5722217e+02
   7.2975968e+02   5.9341849e+02
   8.2826290e+02   4.3482077e+02
   9.2228871e+02   4.5669632e+02
