   5.3803886e+02   4.6830488e+02
   5.8545132e+02   4.9367073e+02
   5.7786622e+02   5.4722897e+02
   6.3357191e+02   5.3945327e+02
   6.5788043e+02   4.6053876e+02
   6.4134255e+02   3.9604264e+02
   7.2902445e+02   4.6461940e+02
   7.7206471e+02   4.4026856e+02
   1.1169646e+02   3.0233111e+02
   5.2370427e+02   5.1592969e+02
   4.8454088e+02   4.6083582e+02
   4.2056771e+02   4.3904823e+02
   4.0222915e+02   3.9931566e+02
   5.7987367e+02   4.3280064e+02
   5.2539779e+02   4.3089413e+02
   5.0939560e+02   3.7854878e+02
   5.7732382e+02   3.7464634e+02
   6.6439748e+02   5.8086156e+02
   6.9343313e+02   6.1582539e+02
   7.3612904e+02   6.7243214e+02
   7.2298303e+02   7.0575919e+02
   6.9557016e+02   5.0371117e+02
   7.1216746e+02   5.4018932e+02
   8.0050477e+02   5.5836408e+02
   8.2698083e+02   5.3291506e+02
   7.2450163e+02   7.3979412e+02
   8.0511327e+02   6.2229617e+02
   8.4104854e+02   6.3908729e+02
   8.9238530e+02   7.1635047e+02
   9.3498950e+02   7.0468692e+02
   8.4778641e+02   8.5766895e+02
   7.9136281e+02   8.6120632e+02
   7.3199839e+02   5.9765134e+02
   7.6123077e+02   6.4490191e+02
   9.5240902e+02   5.3871970e+02
   9.5882999e+02   5.6826515e+02
   1.0056223e+03   5.6068622e+02
   9.9685833e+02   5.1226909e+02
   9.2340218e+02   6.2096602e+02
   9.1243638e+02   6.6027011e+02
   8.7640484e+02   6.6037191e+02
   8.7948710e+02   5.9341849e+02
   5.8589467e+02   6.8092068e+02
   5.2622141e+02   6.6086810e+02
   5.2622141e+02   7.1917925e+02
   5.5247764e+02   7.5646226e+02
   5.6441230e+02   6.2499057e+02
   5.3576913e+02   5.9948113e+02
   4.8797903e+02   6.2076293e+02
   7.9020484e+02   6.7727476e+02
   7.8572742e+02   7.2831770e+02
   8.5512742e+02   7.3014067e+02
   8.9542419e+02   7.7753769e+02
   8.3274032e+02   4.2935188e+02
   7.9020484e+02   5.0591630e+02
   1.0588500e+03   4.7857187e+02
   1.0722823e+03   3.9289264e+02
   9.2900484e+02   4.8768668e+02
   9.4691452e+02   4.3846670e+02
