   5.3092699e+02   4.5854878e+02
   5.9967506e+02   5.0147561e+02
   5.7786622e+02   5.4917290e+02
   6.3821405e+02   5.3556542e+02
   6.5315532e+02   4.4844574e+02
   6.3661745e+02   4.0208915e+02
   7.0561804e+02   4.4599254e+02
   7.5806807e+02   4.4026856e+02
   1.1840177e+02   2.9308667e+02
   5.3509065e+02   4.9155469e+02
   4.9135037e+02   4.4143284e+02
   4.3202931e+02   4.4500812e+02
   4.2515235e+02   4.1520869e+02
   5.8895298e+02   4.3661366e+02
   5.3220728e+02   4.2898763e+02
   5.2298124e+02   3.8635366e+02
   5.7279527e+02   3.7464634e+02
   6.6439748e+02   5.7690343e+02
   6.9770061e+02   6.1582539e+02
   7.4270205e+02   6.6655090e+02
   7.2955604e+02   7.0183836e+02
   7.0413146e+02   4.9645113e+02
   7.0775060e+02   5.4018932e+02
   7.9829634e+02   5.6240291e+02
   8.3141534e+02   5.3864509e+02
   7.3808728e+02   7.3414706e+02
   8.0511327e+02   6.1599950e+02
   8.3431068e+02   6.4748285e+02
   8.9462763e+02   6.9691121e+02
   9.3947415e+02   6.9107944e+02
   8.4778641e+02   8.5956849e+02
   7.9356423e+02   8.5347398e+02
   7.3423710e+02   5.9765134e+02
   7.5658863e+02   6.3295933e+02
   9.5994953e+02   5.5632956e+02
   1.0209594e+03   5.4906611e+02
   1.0012403e+03   5.1226909e+02
   9.2564632e+02   6.2500485e+02
   9.2149347e+02   6.5659195e+02
   8.7400346e+02   6.5656587e+02
   8.8187403e+02   5.9706442e+02
   5.9305546e+02   6.9915031e+02
   5.7396002e+02   6.7909772e+02
   5.2144755e+02   7.2114151e+02
   5.6441230e+02   7.4468868e+02
   5.6679923e+02   6.1321698e+02
   5.4054299e+02   5.8966981e+02
   5.2379839e+02   6.6815995e+02
   5.1708226e+02   6.2987774e+02
   7.8125000e+02   6.7180587e+02
   7.9020484e+02   7.2649474e+02
   8.6184355e+02   7.1555697e+02
   8.6408226e+02   7.4654733e+02
   8.3497903e+02   4.2752892e+02
   7.8796613e+02   5.1138519e+02
   1.0678048e+03   4.8221779e+02
   1.0633274e+03   3.9106968e+02
   9.3124355e+02   4.7310298e+02
   9.4691452e+02   4.3664373e+02
