   7.0017457e+02   4.1952439e+02
   7.7053925e+02   4.4098780e+02
   5.9967506e+02   4.8586585e+02
   6.2575192e+02   5.1123171e+02
   6.2196656e+02   5.4722897e+02
   6.5446154e+02   5.4139720e+02
   2.2121659e+02   2.7644667e+02
   5.4653177e+02   5.0159091e+02
   4.8850502e+02   4.5581100e+02
   5.7951775e+02   4.5200000e+02
   6.2878245e+02   3.8196161e+02
   6.7468715e+02   6.0803888e+02
   7.3938278e+02   6.4514776e+02
   7.2367381e+02   5.0813038e+02
   8.0347969e+02   5.3573629e+02
   7.6881723e+02   6.6741262e+02
   8.4539414e+02   6.3243312e+02
   9.2677524e+02   7.0633072e+02
   8.4313355e+02   8.4543208e+02
   9.5338170e+02   5.5632956e+02
   9.7978705e+02   5.3396429e+02
   9.4135530e+02   6.2298544e+02
   9.2789046e+02   6.3712136e+02
   8.9081315e+02   6.1660247e+02
   8.6755245e+02   5.8612664e+02
   5.9782932e+02   6.6815995e+02
   5.5963844e+02   7.2831770e+02
   5.7634695e+02   6.2258589e+02
   5.2860834e+02   6.6998291e+02
   8.1259194e+02   6.8638957e+02
   8.4841129e+02   7.3560955e+02
   7.2752097e+02   5.8794961e+02
   8.2602419e+02   4.3117485e+02
   7.9244355e+02   4.9497853e+02
   1.0476565e+03   4.4393558e+02
   9.3348226e+02   4.4940447e+02
