   6.9171509e+02   5.2149522e+02
   6.7166372e+02   5.5533254e+02
   7.4557114e+02   4.1171951e+02
   7.7961856e+02   4.1757317e+02
   4.7154831e+02   4.4099778e+02
   6.2776923e+02   5.1353349e+02
   5.8598997e+02   4.3789713e+02
   7.0857946e+02   4.4400000e+02
   7.0809673e+02   3.6464431e+02
   6.9890285e+02   6.3468115e+02
   7.1469725e+02   5.9376624e+02
   7.5958003e+02   5.0813038e+02
   8.3384219e+02   5.2394045e+02
   8.0681401e+02   5.8461650e+02
   8.7930293e+02   6.3460658e+02
   9.4485993e+02   6.6286155e+02
   9.4938111e+02   7.1502456e+02
   9.5994953e+02   5.5444379e+02
   9.9277925e+02   5.4139286e+02
   9.2564632e+02   6.2500485e+02
   8.8749596e+02   5.5230583e+02
   6.0737704e+02   6.9368142e+02
   5.6202537e+02   6.2258589e+02
   8.1035323e+02   6.4628440e+02
   7.2304355e+02   5.5878221e+02
   7.4990806e+02   5.6971998e+02
   8.1035323e+02   4.6398817e+02
   9.6930161e+02   4.8221779e+02
   9.3572097e+02   4.4028966e+02
