   5.6695104e+02   4.4585885e+02
   6.2042135e+02   5.3343780e+02
   7.1379354e+02   4.1757317e+02
   7.7734873e+02   4.4684146e+02
   2.7038889e+02   2.3577111e+02
   5.7206355e+02   5.0557177e+02
   4.9546823e+02   4.5780144e+02
   6.4052874e+02   4.5200000e+02
   6.4464531e+02   3.8196161e+02
   6.8349286e+02   6.0232983e+02
   7.3265036e+02   6.3182662e+02
   7.2367381e+02   5.0813038e+02
   8.0347969e+02   5.3966824e+02
   7.7105233e+02   6.6337379e+02
   8.3183062e+02   6.2156583e+02
   9.3807818e+02   7.0850418e+02
   8.8608469e+02   8.0848328e+02
   9.6432808e+02   5.5444379e+02
   9.6462949e+02   5.2096429e+02
   9.2564632e+02   6.5529612e+02
   8.9321453e+02   6.1469945e+02
   8.7471324e+02   5.8612664e+02
   6.0499011e+02   6.7727476e+02
   5.7396002e+02   7.2102585e+02
   5.8350774e+02   6.1711700e+02
   5.3338220e+02   6.6269106e+02
   8.1259194e+02   6.8821253e+02
   8.4617258e+02   7.2831770e+02
   7.4095323e+02   5.9159553e+02
   8.3721774e+02   4.2935188e+02
   8.1035323e+02   4.9862445e+02
   1.0409403e+03   4.4393558e+02
   9.4019839e+02   4.4758151e+02
