   6.8990778e+02   5.1695914e+02
   7.5649504e+02   4.0567510e+02
   5.4079142e+02   4.3110172e+02
   6.0400332e+02   4.9495087e+02
   6.8239535e+02   4.1680058e+02
   6.9053752e+02   6.6218116e+02
   8.1026612e+02   4.9483892e+02
   8.1128422e+02   5.6038350e+02
   8.8280757e+02   6.4116019e+02
   9.4066721e+02   5.2561308e+02
   8.6633173e+02   5.2491509e+02
   6.0499011e+02   6.5175329e+02
   5.5725150e+02   5.6971998e+02
   8.0363710e+02   6.4993032e+02
   7.2304355e+02   5.7336591e+02
   8.2154677e+02   4.1659115e+02
   9.2452742e+02   4.5487336e+02
