   6.0804013e+02   5.3750935e+02
   6.5315532e+02   3.9201163e+02
   7.2434317e+02   4.5634080e+02
   7.7439748e+02   4.3425121e+02
   5.5107728e+02   4.5979187e+02
   5.1314731e+02   4.6178230e+02
   5.8663664e+02   4.7969617e+02
   6.2219599e+02   4.5979187e+02
   5.6283895e+02   5.8038764e+02
   5.6049831e+02   5.2001311e+02
   6.7284907e+02   4.3626779e+02
   6.5646459e+02   4.8300936e+02
   1.5416345e+02   2.9123778e+02
   5.1914971e+02   5.2202344e+02
   5.1687244e+02   4.9967969e+02
   4.6865209e+02   4.6083582e+02
   3.7242898e+02   3.8540926e+02
   5.1177882e+02   4.2136159e+02
   5.1845269e+02   3.7464634e+02
   6.0449511e+02   3.6293902e+02
   4.1507518e+02   4.2329397e+02
   3.8314092e+02   4.3792714e+02
   5.6562243e+02   4.2120352e+02
   5.9299466e+02   4.0029899e+02
   7.2955604e+02   6.8223421e+02
   7.3174704e+02   7.1556126e+02
   6.6988628e+02   5.0734119e+02
   7.0554216e+02   5.3413107e+02
   7.9608791e+02   5.7048058e+02
   8.2032907e+02   4.9471488e+02
   6.5846965e+02   5.6347521e+02
   6.4073163e+02   6.0167539e+02
   6.9838019e+02   5.9594536e+02
   6.8951118e+02   6.3605556e+02
   7.0865171e+02   8.0567647e+02
   7.9837540e+02   6.3698840e+02
   8.4778641e+02   6.3488951e+02
   8.9462763e+02   7.1829439e+02
   9.3050485e+02   6.9885514e+02
   7.2752097e+02   6.0999555e+02
   7.6355184e+02   6.4092105e+02
   8.2854181e+02   8.7977273e+02
   8.7960535e+02   8.6185885e+02
   7.9140468e+02   8.9370574e+02
   7.9140468e+02   9.3152392e+02
   9.1602352e+02   5.4265909e+02
   9.6739129e+02   5.6826515e+02
   1.0231504e+03   5.4519274e+02
   9.9685833e+02   5.1807914e+02
   9.2483878e+02   6.0964286e+02
   9.3199957e+02   6.5357625e+02
   8.9619561e+02   6.4081551e+02
   8.5800473e+02   6.8821253e+02
   9.1290413e+02   5.8248072e+02
   8.6516552e+02   5.6242813e+02
   5.6202537e+02   6.9550438e+02
   5.0473904e+02   6.5357625e+02
   4.7848280e+02   7.4272642e+02
   5.2860834e+02   7.5253774e+02
   5.0951290e+02   6.1321698e+02
   4.7454677e+02   6.6451402e+02
   8.1483065e+02   6.9732734e+02
   7.7453387e+02   7.4107844e+02
   8.5736613e+02   7.6113103e+02
   9.0214032e+02   8.0123620e+02
   8.3050161e+02   4.0747634e+02
   8.6855968e+02   4.3117485e+02
   7.5438548e+02   5.2961481e+02
   7.8125000e+02   4.9315557e+02
   1.0745210e+03   4.8950964e+02
   1.0946694e+03   4.6216521e+02
   1.0789984e+03   3.6919413e+02
   9.3124355e+02   4.7857187e+02
   9.3795968e+02   4.2388300e+02
