   6.8990778e+02   4.9874903e+02
   7.5190281e+02   3.9555837e+02
   5.5003705e+02   4.1520869e+02
   6.2244850e+02   4.9695472e+02
   6.8239535e+02   4.1680058e+02
   6.8600897e+02   6.3404589e+02
   8.1265305e+02   4.8515549e+02
   8.1575443e+02   5.5432524e+02
   8.7833736e+02   6.1288835e+02
   9.4742695e+02   5.3174877e+02
   8.6188301e+02   5.2687736e+02
   5.8589467e+02   6.5904514e+02
   6.0260318e+02   5.9341849e+02
   7.9692097e+02   6.3352366e+02
   7.2528226e+02   5.6789702e+02
   8.1483065e+02   4.0747634e+02
   9.1109516e+02   4.4758151e+02
