   5.5937447e+02   4.6830488e+02
   5.9967506e+02   5.0537805e+02
   5.8715050e+02   5.4722897e+02
   6.4053512e+02   5.4917290e+02
   6.7205574e+02   4.3836822e+02
   6.6260553e+02   3.9604264e+02
   7.3136509e+02   4.4806219e+02
   7.7206471e+02   4.3826278e+02
   1.4745813e+02   3.0602889e+02
   5.3281337e+02   4.9967969e+02
   4.9815985e+02   4.2008955e+02
   4.5953716e+02   4.4898138e+02
   4.4119860e+02   4.2116858e+02
   6.1846075e+02   4.3280064e+02
   5.5944522e+02   4.3470715e+02
   5.6147390e+02   4.0586585e+02
   5.9317374e+02   3.8050000e+02
   8.0781719e+02   5.6129395e+02
   8.3384219e+02   5.3180435e+02
   6.7096530e+02   5.9867317e+02
   6.9770061e+02   6.2154491e+02
   7.3832005e+02   6.5478841e+02
   7.3174704e+02   7.0183836e+02
   7.0199113e+02   4.9100611e+02
   7.1879276e+02   5.3816990e+02
   7.5167292e+02   7.2661765e+02
   8.0286731e+02   6.2649395e+02
   8.3655663e+02   6.5797730e+02
   8.9462763e+02   7.0274299e+02
   9.3947415e+02   6.9496729e+02
   8.5677023e+02   8.4817123e+02
   8.0677280e+02   8.4187546e+02
   7.2304355e+02   5.8942186e+02
   7.5194649e+02   6.1504545e+02
   9.5994953e+02   5.4878649e+02
   1.0253414e+03   5.3938268e+02
   9.9904933e+02   5.0452235e+02
   9.2789046e+02   6.2702427e+02
   9.1696493e+02   6.6027011e+02
   8.8360900e+02   6.4324474e+02
   8.6993938e+02   5.9706442e+02
   5.9066853e+02   6.9550438e+02
   5.4531685e+02   7.2831770e+02
   5.6679923e+02   6.2258589e+02
   4.9996518e+02   6.4446144e+02
   7.9468226e+02   7.1008808e+02
   8.8423065e+02   7.5748510e+02
   8.3945645e+02   4.2752892e+02
   7.9915968e+02   5.1320815e+02
   1.0566113e+03   4.6763409e+02
   1.0722823e+03   4.0565337e+02
   9.2900484e+02   4.8221779e+02
   9.3348226e+02   4.3664373e+02
