   7.5419892e+02   4.3197860e+02
   7.6797560e+02   4.1781518e+02
   7.0062681e+02   5.1751435e+02
   6.7611958e+02   5.4936124e+02
   4.5989217e+02   4.6090115e+02
   7.0084053e+02   4.3483526e+02
   6.2080602e+02   5.1353349e+02
   5.9759532e+02   4.4386842e+02
   6.9053752e+02   6.5012319e+02
   7.9773040e+02   5.0813038e+02
   8.3384219e+02   5.2000851e+02
   8.2022464e+02   5.8461650e+02
   8.9060586e+02   6.5416771e+02
   9.4259935e+02   6.6068809e+02
   9.7424756e+02   6.9328997e+02
   9.6432808e+02   5.5821532e+02
   9.9061388e+02   5.3582143e+02
   8.9422838e+02   6.2096602e+02
   9.0096079e+02   5.4826699e+02
   6.1692476e+02   6.6633699e+02
   5.6679923e+02   6.2076293e+02
   8.0811452e+02   6.6815995e+02
   7.2304355e+02   5.8794961e+02
   8.2826290e+02   4.4211262e+02
   9.4019839e+02   4.5305039e+02
