   7.4026461e+02   4.2736567e+02
   7.4026461e+02   3.9839055e+02
   5.8701957e+02   3.8143601e+02
   6.3628239e+02   4.6489306e+02
   7.0314618e+02   4.0477746e+02
   7.0412316e+02   5.0743720e+02
   8.0071840e+02   4.7740875e+02
   8.5598631e+02   5.4624757e+02
   8.7610225e+02   5.9673301e+02
   9.7221266e+02   5.4197493e+02
   9.0637019e+02   5.3276415e+02
   5.9305546e+02   6.3716959e+02
   7.8125000e+02   6.0617923e+02
   8.1259194e+02   5.7883479e+02
   8.1483065e+02   4.2023707e+02
   8.7751452e+02   4.2206004e+02
