   6.8990778e+02   4.9470233e+02
   7.5190281e+02   3.9758171e+02
   5.5003705e+02   4.1123543e+02
   6.2244850e+02   4.9895857e+02
   6.8008970e+02   4.1680058e+02
   6.9959462e+02   6.1997826e+02
   8.1503998e+02   4.8515549e+02
   8.2692995e+02   5.5028641e+02
   8.7610225e+02   6.1086893e+02
   9.5869318e+02   5.2765831e+02
   8.6855609e+02   5.2687736e+02
   5.9782932e+02   6.5539921e+02
   6.0737704e+02   5.9888738e+02
   7.9468226e+02   6.1893996e+02
   7.2528226e+02   5.6607406e+02
   8.1483065e+02   4.0747634e+02
   9.1109516e+02   4.4028966e+02
