   6.1732441e+02   5.3556542e+02
   6.6969319e+02   4.6456977e+02
   6.5788043e+02   3.9805814e+02
   7.3370573e+02   4.5634080e+02
   7.7673025e+02   4.3224542e+02
   5.5107728e+02   4.5780144e+02
   5.1551793e+02   4.6178230e+02
   5.7478352e+02   4.9362919e+02
   6.1271349e+02   4.7372488e+02
   5.6283895e+02   5.7844007e+02
   5.5581703e+02   5.2780337e+02
   1.4075282e+02   3.0787778e+02
   5.0548605e+02   5.2202344e+02
   4.7546157e+02   4.5889552e+02
   3.8847523e+02   4.2911509e+02
   3.7242898e+02   3.8739589e+02
   5.8895298e+02   4.1754858e+02
   5.1404865e+02   4.2326810e+02
   5.2977406e+02   3.8245122e+02
   5.8411664e+02   3.6489024e+02
   6.6439748e+02   5.7492436e+02
   6.9343313e+02   6.3679698e+02
   7.4270205e+02   6.8223421e+02
   7.2955604e+02   7.2340292e+02
   6.7844757e+02   5.0008115e+02
   7.0995903e+02   5.3211165e+02
   8.0271321e+02   5.5836408e+02
   8.1811182e+02   5.0426492e+02
   7.0412316e+02   7.8685294e+02
   8.0062136e+02   6.4328507e+02
   8.4778641e+02   6.3279062e+02
   8.9462763e+02   7.1829439e+02
   9.2153554e+02   7.0857477e+02
   8.4554045e+02   8.6526712e+02
   7.9356423e+02   8.9793494e+02
   7.3423710e+02   6.0176607e+02
   7.6819398e+02   6.4291148e+02
   9.1174287e+02   5.3478030e+02
   9.5882999e+02   5.7023485e+02
   1.0078133e+03   5.6068622e+02
   9.9247632e+02   5.1807914e+02
   9.2789046e+02   6.1692718e+02
   9.2149347e+02   6.5659195e+02
   8.8426096e+02   6.4993032e+02
   8.6277859e+02   6.9915031e+02
   9.1051720e+02   5.8612664e+02
   8.7232631e+02   5.6242813e+02
   5.6679923e+02   6.9185846e+02
   5.0473904e+02   6.5539921e+02
   4.9757825e+02   7.1721698e+02
   5.3815606e+02   7.4861321e+02
   5.1906062e+02   6.1321698e+02
   4.7230806e+02   6.4628440e+02
   7.9468226e+02   6.8456661e+02
   7.7005645e+02   7.3378659e+02
   8.5512742e+02   7.5930806e+02
   9.1109516e+02   7.9941323e+02
   8.3050161e+02   4.0747634e+02
   8.5512742e+02   4.3482077e+02
   7.5214677e+02   5.1320815e+02
   7.8125000e+02   4.8768668e+02
   1.0543726e+03   4.6945706e+02
   1.0812371e+03   3.7648598e+02
   9.3348226e+02   4.7674890e+02
   9.4467581e+02   4.2752892e+02
