   7.0062681e+02   5.1751435e+02
   6.7611958e+02   5.4936124e+02
   7.5465045e+02   4.0976829e+02
   7.7961856e+02   4.1757317e+02
   4.7376062e+02   4.6686103e+02
   7.0084053e+02   4.3483526e+02
   6.2080602e+02   5.1751435e+02
   5.9759532e+02   4.5183014e+02
   6.8827325e+02   6.5615217e+02
   7.9548626e+02   4.9861528e+02
   8.3384219e+02   5.2000851e+02
   8.2022464e+02   5.8461650e+02
   8.8382410e+02   6.4112696e+02
   9.4259935e+02   6.6068809e+02
   9.7424756e+02   6.9328997e+02
   9.6432808e+02   5.5821532e+02
   9.9061388e+02   5.3582143e+02
   8.9198424e+02   6.1894660e+02
   9.0320493e+02   5.5432524e+02
   6.0499011e+02   6.8274365e+02
   5.6679923e+02   6.2987774e+02
   8.0811452e+02   6.6815995e+02
   7.2080484e+02   5.8430368e+02
   8.1259194e+02   4.4028966e+02
   9.3572097e+02   4.5305039e+02
