   7.8139580e+02   4.3826278e+02
   5.4159479e+02   4.5382057e+02
   5.0603544e+02   4.5979187e+02
   5.7478352e+02   4.6974402e+02
   6.1982536e+02   4.5780144e+02
   5.5347639e+02   5.8817790e+02
   5.6517960e+02   5.2001311e+02
   5.9560793e+02   5.2196067e+02
   6.0965177e+02   5.5312172e+02
   6.7518971e+02   4.3237266e+02
   6.5646459e+02   4.7911423e+02
   6.5646459e+02   3.9731648e+02
   6.4008010e+02   3.6615543e+02
   7.1732125e+02   4.6158614e+02
   7.5009022e+02   4.5963858e+02
   1.6161731e+02   3.1447156e+02
   1.3428999e+02   3.1644313e+02
   4.6184260e+02   4.7635821e+02
   5.1177882e+02   4.2326810e+02
   5.2750979e+02   3.6489024e+02
   5.0631594e+02   5.3199749e+02
   5.1544002e+02   5.0064070e+02
   4.2876130e+02   4.2956533e+02
   3.9454601e+02   4.3792714e+02
   4.2419926e+02   3.9611809e+02
   3.8542194e+02   3.7730402e+02
   5.6106039e+02   4.1284171e+02
   6.0211873e+02   4.0238945e+02
   6.2036689e+02   3.0831910e+02
   5.5877938e+02   3.5012814e+02
   7.2079203e+02   6.9203629e+02
   7.2079203e+02   7.3320500e+02
   6.7202660e+02   5.0915620e+02
   7.0333373e+02   5.4422816e+02
   7.9829634e+02   5.6846117e+02
   8.2032907e+02   4.9280487e+02
   6.4516613e+02   5.9212534e+02
   5.9860383e+02   6.1886547e+02
   6.9838019e+02   5.9594536e+02
   6.8285942e+02   6.3987557e+02
   6.9280179e+02   8.0379412e+02
   7.9612945e+02   6.4118618e+02
   8.5227832e+02   6.3698840e+02
   9.0135460e+02   7.1246262e+02
   9.3947415e+02   6.9691121e+02
   7.3647581e+02   6.1822502e+02
   7.6123077e+02   6.4490191e+02
   8.1693645e+02   8.9171531e+02
   8.6103679e+02   8.6384928e+02
   7.7979933e+02   8.9171531e+02
   7.7747826e+02   9.4147608e+02
   9.2030416e+02   5.4462879e+02
   9.6525096e+02   5.6629545e+02
   1.0231504e+03   5.4325605e+02
   9.9466732e+02   5.1420577e+02
   9.2483878e+02   6.2689631e+02
   9.3438650e+02   6.4810736e+02
   9.0096948e+02   6.5175329e+02
   8.6993938e+02   6.8638957e+02
   9.1290413e+02   5.8612664e+02
   8.6755245e+02   5.6060517e+02
   5.5725150e+02   7.0279623e+02
   5.0235211e+02   6.3716959e+02
   4.8564359e+02   7.4665094e+02
   5.3815606e+02   7.4861321e+02
   5.2383448e+02   6.1517925e+02
   4.6783065e+02   6.5722217e+02
   8.0811452e+02   6.9003550e+02
   7.7453387e+02   7.4837029e+02
   8.6408226e+02   7.6113103e+02
   9.1557258e+02   8.0305916e+02
   8.3274032e+02   4.1112226e+02
   8.7527581e+02   4.3664373e+02
   7.5886290e+02   5.3326074e+02
   7.8125000e+02   4.8586372e+02
   1.0901919e+03   3.6372524e+02
   9.3795968e+02   4.8950964e+02
   9.4019839e+02   4.2206004e+02
   1.0700435e+03   4.7857187e+02
   1.0924306e+03   4.4211262e+02
