   6.7834751e+02   4.8765789e+02
   6.6720787e+02   5.4737081e+02
   7.4557114e+02   4.1171951e+02
   7.8642805e+02   4.3123171e+02
   4.5143237e+02   4.6503333e+02
   6.0455853e+02   5.1154306e+02
   5.7670569e+02   4.4784928e+02
   7.0388631e+02   4.4000000e+02
   7.0356449e+02   3.6079602e+02
   6.8349286e+02   6.2326304e+02
   7.2816209e+02   6.1660247e+02
   7.5733589e+02   5.1383943e+02
   8.3167344e+02   5.1804253e+02
   7.8669807e+02   5.8259709e+02
   8.7478176e+02   6.3243312e+02
   9.4938111e+02   6.7372884e+02
   9.4938111e+02   7.3675914e+02
   9.6213880e+02   5.4878649e+02
   9.9061388e+02   5.2653571e+02
   9.4808771e+02   6.2702427e+02
   8.7627526e+02   5.4826699e+02
   6.0260318e+02   6.9550438e+02
   5.7634695e+02   6.2805478e+02
   8.0139839e+02   6.4081551e+02
   8.1483065e+02   6.9003550e+02
   7.2528226e+02   5.7701183e+02
   8.1930806e+02   4.3482077e+02
   8.1483065e+02   4.7310298e+02
   9.9840484e+02   4.6763409e+02
   9.5139194e+02   4.4758151e+02
