   6.7611958e+02   4.6974402e+02
   6.6720787e+02   5.5135167e+02
   7.4557114e+02   4.1171951e+02
   7.8415822e+02   4.3318293e+02
   4.1120048e+02   4.6503333e+02
   6.0687960e+02   5.0955263e+02
   5.8134783e+02   4.3988756e+02
   7.0153973e+02   4.3600000e+02
   6.9223388e+02   3.6272017e+02
   6.9229857e+02   6.2706908e+02
   7.3040622e+02   6.1850549e+02
   7.5509175e+02   5.1383943e+02
   8.2950469e+02   5.1607656e+02
   8.0010870e+02   5.9067476e+02
   8.8382410e+02   6.3895350e+02
   9.4938111e+02   6.7807576e+02
   9.4712052e+02   7.4545298e+02
   9.6213880e+02   5.5255802e+02
   9.7545632e+02   5.2467857e+02
   9.3911116e+02   6.2702427e+02
   8.7627526e+02   5.5028641e+02
   6.1215090e+02   6.8638957e+02
   5.7396002e+02   6.2076293e+02
   5.7396002e+02   6.4263848e+02
   8.0139839e+02   6.5539921e+02
   8.1706935e+02   6.9003550e+02
   7.2528226e+02   5.7518887e+02
   8.2826290e+02   4.2570596e+02
   8.3274032e+02   4.6763409e+02
   1.0095984e+03   4.6763409e+02
   9.5586935e+02   4.4758151e+02
