   5.5463322e+02   4.6245122e+02
   5.9967506e+02   5.0537805e+02
   5.8018729e+02   5.4528505e+02
   6.3357191e+02   5.4917290e+02
   6.6024298e+02   4.4441473e+02
   6.5079277e+02   3.9604264e+02
   7.2200253e+02   4.5013184e+02
   7.6040084e+02   4.4026856e+02
   1.3628261e+02   3.0418000e+02
   5.3281337e+02   4.9967969e+02
   4.9589002e+02   4.3367164e+02
   4.5495252e+02   4.4500812e+02
   4.2973699e+02   4.2514183e+02
   6.0030213e+02   4.2136159e+02
   5.4355642e+02   4.2517461e+02
   5.5015253e+02   3.9610976e+02
   5.6826672e+02   3.7464634e+02
   6.6001893e+02   5.9273597e+02
   6.9770061e+02   6.2154491e+02
   7.3832005e+02   6.5478841e+02
   7.3393804e+02   6.9987795e+02
   6.9342984e+02   4.9100611e+02
   7.0995903e+02   5.3009223e+02
   8.0271321e+02   5.6644175e+02
   8.2698083e+02   5.3482507e+02
   7.4714437e+02   7.2285294e+02
   8.0062136e+02   6.2229617e+02
   8.3206472e+02   6.5377952e+02
   9.0135460e+02   6.9691121e+02
   9.4171648e+02   6.9691121e+02
   8.5227832e+02   8.5007078e+02
   8.0016852e+02   8.4380855e+02
   7.3423710e+02   5.7502028e+02
   7.5658863e+02   6.1106459e+02
   9.6213880e+02   5.4124343e+02
   1.0253414e+03   5.3744600e+02
   1.0012403e+03   5.0645903e+02
   9.3237874e+02   6.2096602e+02
   9.1470065e+02   6.6394828e+02
   8.8120761e+02   6.4514776e+02
   8.6993938e+02   5.9706442e+02
   5.9782932e+02   6.8821253e+02
   5.4770378e+02   7.3196363e+02
   5.6441230e+02   6.1529404e+02
   4.9996518e+02   6.4446144e+02
   8.0587581e+02   7.1191104e+02
   8.7975323e+02   7.2831770e+02
   8.7303710e+02   7.6477695e+02
   8.3497903e+02   4.2570596e+02
   7.9020484e+02   5.0773926e+02
   1.0655661e+03   4.6581113e+02
   1.0722823e+03   3.9106968e+02
   9.3348226e+02   4.8039483e+02
   9.5139194e+02   4.4393558e+02
