   5.7322408e+02   5.6278037e+02
   6.2660870e+02   5.3945327e+02
   6.6024298e+02   4.6456977e+02
   6.5551787e+02   4.0208915e+02
   7.2902445e+02   4.6254975e+02
   7.7206471e+02   4.3625699e+02
   5.5818915e+02   4.5979187e+02
   5.2737105e+02   4.7969617e+02
   5.7241289e+02   5.1154306e+02
   6.0086038e+02   4.9960048e+02
   1.3404750e+02   3.0972667e+02
   5.1914971e+02   5.0983594e+02
   4.7773140e+02   4.5695522e+02
   4.0452147e+02   4.2911509e+02
   3.8159827e+02   3.8739589e+02
   5.9576247e+02   4.3280064e+02
   5.2312796e+02   4.2708112e+02
   5.2298124e+02   3.7854878e+02
   5.8638091e+02   3.6684146e+02
   6.6439748e+02   5.7294529e+02
   6.9556687e+02   6.2726444e+02
   7.3393804e+02   6.7635297e+02
   7.2955604e+02   7.0968002e+02
   6.9557016e+02   4.9645113e+02
   7.0995903e+02   5.3413107e+02
   8.0492164e+02   5.5836408e+02
   8.2254633e+02   5.2145500e+02
   7.2450163e+02   7.4732353e+02
   8.0960518e+02   6.3908729e+02
   8.4778641e+02   6.3908729e+02
   8.9014297e+02   7.1635047e+02
   9.2826252e+02   7.1829439e+02
   8.4329450e+02   8.6336758e+02
   7.7375139e+02   8.8826952e+02
   7.3871452e+02   6.0588081e+02
   7.6819398e+02   6.4291148e+02
   9.2886546e+02   5.4068939e+02
   9.6311064e+02   5.7023485e+02
   1.0121953e+03   5.6068622e+02
   1.0034313e+03   5.1614246e+02
   9.3686702e+02   6.1288835e+02
   9.1470065e+02   6.5291379e+02
   8.8187403e+02   6.4810736e+02
   8.6039166e+02   6.9368142e+02
   9.0096948e+02   5.9706442e+02
   8.6755245e+02   5.7883479e+02
   5.8828160e+02   6.9368142e+02
   5.0951290e+02   6.6269106e+02
   5.0951290e+02   7.2702830e+02
   5.5009071e+02   7.5450000e+02
   5.2860834e+02   6.1714151e+02
   4.7678548e+02   6.2258589e+02
   7.9020484e+02   6.7909772e+02
   7.6781774e+02   7.2649474e+02
   8.4617258e+02   7.5383918e+02
   9.0885645e+02   7.9576731e+02
   8.2826290e+02   4.1476819e+02
   8.4617258e+02   4.4211262e+02
   7.6334032e+02   5.1867704e+02
   7.8796613e+02   4.8950964e+02
   1.0588500e+03   4.7128002e+02
   1.0745210e+03   3.8195486e+02
   9.3348226e+02   4.7674890e+02
   9.4915323e+02   4.3482077e+02
