   5.7596883e+02   4.6830488e+02
   6.1389880e+02   5.0928049e+02
   5.9643478e+02   5.4334112e+02
   6.5214047e+02   5.4722897e+02
   6.8150596e+02   4.3635271e+02
   6.6024298e+02   3.9402713e+02
   7.4306830e+02   4.3978358e+02
   7.7673025e+02   4.1820492e+02
   1.5192834e+02   3.2082000e+02
   5.1914971e+02   5.0577344e+02
   5.3220728e+02   4.7053731e+02
   4.8016804e+02   4.5494126e+02
   4.4349092e+02   4.3308835e+02
   6.2527024e+02   4.4805270e+02
   5.5490556e+02   4.2517461e+02
   5.7053100e+02   4.0586585e+02
   6.0223083e+02   3.9415854e+02
   7.3489450e+02   6.8130512e+02
   7.0123242e+02   5.1193641e+02
   8.0998594e+02   5.4163422e+02
   6.6877603e+02   6.1450571e+02
   7.0196810e+02   6.2154491e+02
   7.5167292e+02   6.0991176e+02
   7.6073002e+02   7.2097059e+02
   8.0960518e+02   6.2859284e+02
   8.4554045e+02   6.5168063e+02
   9.0135460e+02   7.0857477e+02
   9.4620113e+02   6.9107944e+02
   8.5227832e+02   8.3867352e+02
   8.1777994e+02   8.5734015e+02
   9.5338170e+02   5.5255802e+02
   1.0165773e+03   5.4131937e+02
   9.8809432e+02   5.0839572e+02
   9.3237874e+02   6.3106311e+02
   9.1922920e+02   6.6394828e+02
   8.9081315e+02   6.3943870e+02
   8.7232631e+02   5.9524145e+02
   5.8828160e+02   6.9915031e+02
   5.4054299e+02   7.3014067e+02
   5.7157309e+02   6.1164812e+02
   5.1428676e+02   6.5357625e+02
   8.1706935e+02   7.0097327e+02
   8.5736613e+02   7.4472436e+02
   8.3721774e+02   4.3117485e+02
   8.1930806e+02   5.0044741e+02
   9.3572097e+02   4.6034224e+02
   1.0566113e+03   4.7492594e+02
   1.0700435e+03   4.0929930e+02
