   6.8761166e+02   5.3314591e+02
   7.5879115e+02   4.1579183e+02
   4.8762906e+02   4.3308835e+02
   6.1322591e+02   4.8493160e+02
   7.0314618e+02   4.1680058e+02
   6.9280179e+02   6.4208454e+02
   8.0549226e+02   4.9677561e+02
   8.3140016e+02   5.8865534e+02
   9.6103623e+02   6.7952913e+02
   9.4900315e+02   5.6010109e+02
   9.8628315e+02   5.3767857e+02
   8.7851940e+02   5.9471359e+02
   8.9647251e+02   5.4624757e+02
   6.1215090e+02   6.6815995e+02
   5.4292992e+02   6.3534663e+02
   8.0811452e+02   6.5722217e+02
   7.2975968e+02   5.8794961e+02
   8.3050161e+02   4.3846670e+02
   9.1557258e+02   4.6763409e+02
