   7.4557114e+02   4.2928049e+02
   7.7053925e+02   4.1952439e+02
   5.8071008e+02   4.7220732e+02
   6.1389880e+02   5.0928049e+02
   5.9875585e+02   5.3945327e+02
   6.5214047e+02   5.4722897e+02
   6.8150596e+02   4.3030620e+02
   6.6024298e+02   3.9402713e+02
   1.5863366e+02   3.5410000e+02
   5.1914971e+02   5.0577344e+02
   5.3220728e+02   4.7247761e+02
   4.7099876e+02   4.5494126e+02
   4.5495252e+02   4.2514183e+02
   6.2527024e+02   4.4805270e+02
   5.5490556e+02   4.3089413e+02
   5.7505954e+02   4.0781707e+02
   6.1581648e+02   3.8440244e+02
   7.3489450e+02   6.7749909e+02
   7.1469725e+02   5.1574245e+02
   8.0998594e+02   5.4163422e+02
   6.6439748e+02   6.0263130e+02
   6.9983436e+02   6.2154491e+02
   7.4714437e+02   6.1367647e+02
   7.6299429e+02   7.2473529e+02
   8.0960518e+02   6.3069173e+02
   8.4554045e+02   6.5168063e+02
   9.0359693e+02   7.0079907e+02
   9.4620113e+02   6.9107944e+02
   8.5452427e+02   8.4247260e+02
   8.1337708e+02   8.7087175e+02
   9.5338170e+02   5.5255802e+02
   1.0078133e+03   5.5487616e+02
   9.8809432e+02   5.2001583e+02
   9.3686702e+02   6.2904369e+02
   9.1243638e+02   6.6210920e+02
   8.9081315e+02   6.4134172e+02
   8.7471324e+02   6.0435627e+02
   5.8828160e+02   6.9732734e+02
   5.3576913e+02   7.2284882e+02
   5.7396002e+02   6.1711700e+02
   5.1906062e+02   6.5722217e+02
   8.1483065e+02   7.0279623e+02
   8.6408226e+02   7.4654733e+02
   6.9617903e+02   5.6242813e+02
   8.3497903e+02   4.3117485e+02
   8.1930806e+02   5.0044741e+02
   9.3795968e+02   4.7492594e+02
   1.0566113e+03   4.7492594e+02
   1.0700435e+03   4.0929930e+02
