   6.8990778e+02   5.1291245e+02
   7.5649504e+02   4.0567510e+02
   5.3848002e+02   4.3308835e+02
   6.0400332e+02   4.9495087e+02
   6.8239535e+02   4.1680058e+02
   6.9053752e+02   6.5414251e+02
   8.1503998e+02   4.9483892e+02
   8.1128422e+02   5.6442233e+02
   8.9174799e+02   6.4116019e+02
   9.3841396e+02   5.2765831e+02
   8.6633173e+02   5.2491509e+02
   5.9066853e+02   6.4628440e+02
   5.6441230e+02   5.6971998e+02
   8.0363710e+02   6.4993032e+02
   7.2304355e+02   5.7336591e+02
   8.2154677e+02   4.1659115e+02
   9.2452742e+02   4.5487336e+02
