   6.8761166e+02   5.3314591e+02
   7.5419892e+02   4.1174514e+02
   4.8300624e+02   4.3308835e+02
   6.1322591e+02   4.8493160e+02
   6.9392359e+02   4.4084682e+02
   6.9280179e+02   6.4208454e+02
   8.0549226e+02   4.9677561e+02
   8.2916506e+02   5.8461650e+02
   9.6550644e+02   6.8558738e+02
   9.4900315e+02   5.6010109e+02
   9.8628315e+02   5.3767857e+02
   8.7627526e+02   5.9875243e+02
   9.0096079e+02   5.4220874e+02
   6.1215090e+02   6.6815995e+02
   5.4531685e+02   6.3534663e+02
   8.0811452e+02   6.5722217e+02
   7.3199839e+02   5.9159553e+02
   8.3050161e+02   4.3846670e+02
   9.1781129e+02   4.6398817e+02
