   5.5937447e+02   4.6830488e+02
   5.9967506e+02   5.0537805e+02
   5.8018729e+02   5.4528505e+02
   6.3357191e+02   5.4917290e+02
   6.6024298e+02   4.4441473e+02
   6.6260553e+02   3.9604264e+02
   7.2668381e+02   4.4806219e+02
   7.6040084e+02   4.4026856e+02
   1.3404750e+02   3.0972667e+02
   5.3281337e+02   4.9967969e+02
   4.9815985e+02   4.2979104e+02
   4.5495252e+02   4.4500812e+02
   4.4119860e+02   4.2116858e+02
   6.0030213e+02   4.2136159e+02
   5.4809608e+02   4.2898763e+02
   5.6373817e+02   4.0391463e+02
   5.6826672e+02   3.7464634e+02
   6.6877603e+02   5.9471503e+02
   6.9770061e+02   6.2154491e+02
   7.3832005e+02   6.5478841e+02
   7.3174704e+02   7.0379877e+02
   6.9342984e+02   4.9100611e+02
   7.0995903e+02   5.2807282e+02
   7.9608791e+02   5.7250000e+02
   8.2476358e+02   5.3482507e+02
   7.4714437e+02   7.2473529e+02
   8.0062136e+02   6.2229617e+02
   8.3655663e+02   6.5377952e+02
   8.9462763e+02   7.0274299e+02
   9.4171648e+02   6.9691121e+02
   8.5227832e+02   8.5007078e+02
   8.0016852e+02   8.4187546e+02
   7.2975968e+02   5.7707765e+02
   7.5426756e+02   6.1504545e+02
   9.6213880e+02   5.4124343e+02
   1.0275324e+03   5.4325605e+02
   1.0012403e+03   5.0645903e+02
   9.3911116e+02   6.2298544e+02
   9.1470065e+02   6.6210920e+02
   8.8360900e+02   6.4324474e+02
   8.6993938e+02   5.9706442e+02
   5.9544239e+02   6.9003550e+02
   5.4770378e+02   7.3196363e+02
   5.7396002e+02   6.2440885e+02
   4.9996518e+02   6.4446144e+02
   8.0139839e+02   7.1555697e+02
   8.7079839e+02   7.4290140e+02
   8.6855968e+02   7.6659991e+02
   8.3497903e+02   4.2570596e+02
   7.9020484e+02   5.0773926e+02
   1.0633274e+03   4.6763409e+02
   1.0722823e+03   3.9653856e+02
   9.3348226e+02   4.8039483e+02
   9.4691452e+02   4.4393558e+02
