   7.8372857e+02   4.3224542e+02
   5.3922417e+02   4.5581100e+02
   5.0366482e+02   4.5979187e+02
   5.7478352e+02   4.6974402e+02
   6.1982536e+02   4.5780144e+02
   5.5347639e+02   5.9207303e+02
   5.6517960e+02   5.2001311e+02
   5.9560793e+02   5.2390824e+02
   6.0731113e+02   5.4727903e+02
   6.7753035e+02   4.3626779e+02
   6.5646459e+02   4.7911423e+02
   6.5646459e+02   3.9731648e+02
   6.4008010e+02   3.7199813e+02
   7.1029933e+02   4.6158614e+02
   7.4774958e+02   4.5963858e+02
   1.5934003e+02   3.2038626e+02
   1.3201272e+02   3.1644313e+02
   4.6184260e+02   4.7635821e+02
   5.1177882e+02   4.2326810e+02
   5.3656688e+02   3.6879268e+02
   5.0631594e+02   5.3617839e+02
   5.1544002e+02   5.0064070e+02
   4.2191824e+02   4.3165578e+02
   3.9454601e+02   4.4419849e+02
   4.2191824e+02   4.0238945e+02
   3.8770296e+02   3.7939447e+02
   5.5421734e+02   4.1911307e+02
   5.9983772e+02   4.0238945e+02
   6.1580485e+02   3.1250000e+02
   5.7246549e+02   3.5012814e+02
   7.2079203e+02   6.9203629e+02
   7.2079203e+02   7.3320500e+02
   6.7202660e+02   5.0915620e+02
   7.0333373e+02   5.4422816e+02
   7.9829634e+02   5.6846117e+02
   8.2254633e+02   4.9280487e+02
   6.4738339e+02   5.9021534e+02
   5.9860383e+02   6.1886547e+02
   6.9838019e+02   5.9594536e+02
   6.8285942e+02   6.3987557e+02
   6.9280179e+02   8.0379412e+02
   7.9612945e+02   6.4118618e+02
   8.4778641e+02   6.3488951e+02
   9.0359693e+02   7.1635047e+02
   9.3947415e+02   6.9691121e+02
   7.2975968e+02   6.1822502e+02
   7.6123077e+02   6.4888278e+02
   8.1461538e+02   8.9768660e+02
   8.6103679e+02   8.6384928e+02
   7.8212040e+02   8.8972488e+02
   7.7747826e+02   9.4147608e+02
   9.2244449e+02   5.4462879e+02
   9.6525096e+02   5.6629545e+02
   1.0231504e+03   5.4325605e+02
   9.9466732e+02   5.1420577e+02
   9.2006492e+02   6.2497926e+02
   9.3438650e+02   6.4810736e+02
   9.0096948e+02   6.5175329e+02
   8.6516552e+02   6.8456661e+02
   9.1290413e+02   5.8612664e+02
   8.6755245e+02   5.6060517e+02
   5.5486457e+02   7.0826512e+02
   5.0235211e+02   6.3899255e+02
   4.8564359e+02   7.4665094e+02
   5.2622141e+02   7.5057547e+02
   5.2144755e+02   6.1910377e+02
   4.6559194e+02   6.6451402e+02
   8.0811452e+02   6.9003550e+02
   7.7453387e+02   7.4837029e+02
   8.6408226e+02   7.6113103e+02
   9.1557258e+02   8.0305916e+02
   8.3274032e+02   4.1476819e+02
   8.7527581e+02   4.3117485e+02
   7.5662419e+02   5.3326074e+02
   7.8125000e+02   4.8586372e+02
   1.0901919e+03   3.6919413e+02
   9.3348226e+02   4.8768668e+02
   9.4019839e+02   4.2206004e+02
   1.0700435e+03   4.7857187e+02
   1.0924306e+03   4.4211262e+02
