   6.9394302e+02   5.1353349e+02
   6.7389165e+02   5.4737081e+02
   7.5692028e+02   4.1171951e+02
   7.8415822e+02   4.2537805e+02
   4.3677810e+02   4.7282092e+02
   6.3241137e+02   5.1552392e+02
   5.9295318e+02   4.2197368e+02
   6.9450000e+02   4.5000000e+02
   7.1036286e+02   3.8388575e+02
   6.9733034e+02   6.6419082e+02
   7.6182417e+02   5.0242132e+02
   8.3167344e+02   5.2000851e+02
   8.1351932e+02   5.7855825e+02
   8.6121824e+02   6.1504545e+02
   9.4259935e+02   6.6720846e+02
   9.5842345e+02   6.9111651e+02
   9.6213880e+02   5.5632956e+02
   9.9494462e+02   5.4696429e+02
   9.1218149e+02   6.2298544e+02
   8.8749596e+02   5.5230583e+02
   5.9782932e+02   7.0097327e+02
   5.6918616e+02   6.2987774e+02
   8.0811452e+02   6.6815995e+02
   7.2080484e+02   5.8430368e+02
   8.1259194e+02   4.6216521e+02
   9.7154032e+02   5.0409334e+02
   9.4467581e+02   4.7310298e+02
