   7.5692028e+02   4.3513415e+02
   5.8071008e+02   4.8001220e+02
   6.1389880e+02   5.0732927e+02
   6.1732441e+02   5.4528505e+02
   6.5678261e+02   5.5111682e+02
   6.9568128e+02   4.1015116e+02
   6.8386851e+02   3.8999612e+02
   1.2510709e+02   3.2266889e+02
   5.4653177e+02   4.9761005e+02
   4.6761538e+02   4.4187799e+02
   5.6309172e+02   4.3800000e+02
   6.1971796e+02   3.9927891e+02
   6.6147859e+02   5.8710567e+02
   7.2591795e+02   6.8511116e+02
   7.2142967e+02   5.1003339e+02
   8.0347969e+02   5.4360019e+02
   7.6658213e+02   6.8154854e+02
   9.1773290e+02   6.9111651e+02
   8.1634304e+02   6.3069173e+02
   8.4778641e+02   6.4328507e+02
   8.6126214e+02   8.4627169e+02
   8.1998136e+02   8.6313941e+02
   9.5557098e+02   5.5444379e+02
   9.9277925e+02   5.4325000e+02
   9.3013460e+02   6.2298544e+02
   9.1470065e+02   6.5107471e+02
   8.8601038e+02   6.1850549e+02
   8.7232631e+02   5.8612664e+02
   5.8828160e+02   6.7545180e+02
   5.4292992e+02   7.2831770e+02
   5.6679923e+02   6.1347108e+02
   5.1906062e+02   6.5722217e+02
   8.1259194e+02   7.0461919e+02
   8.5736613e+02   7.2831770e+02
   7.4319194e+02   6.0253330e+02
   8.3274032e+02   4.3117485e+02
   7.9915968e+02   4.9862445e+02
   1.0543726e+03   4.5487336e+02
   9.3348226e+02   4.5851928e+02
