   7.0368445e+02   4.9065564e+02
   7.6108726e+02   4.0162840e+02
   5.5697127e+02   4.0130229e+02
   6.1553156e+02   4.8092389e+02
   6.9392359e+02   4.2080829e+02
   6.7921615e+02   5.7978502e+02
   8.0787919e+02   4.7740875e+02
   8.2692995e+02   5.5230583e+02
   8.7386715e+02   6.0481068e+02
   9.6319968e+02   5.3583923e+02
   8.7078045e+02   5.2295283e+02
   6.0260318e+02   6.6086810e+02
   5.8828160e+02   6.1529404e+02
   7.9692097e+02   6.4263848e+02
   7.5438548e+02   5.4419851e+02
   8.1930806e+02   4.0929930e+02
   9.2228871e+02   4.3299781e+02
