   5.4040948e+02   4.7610976e+02
   5.8545132e+02   4.9367073e+02
   5.7554515e+02   5.5306075e+02
   6.3357191e+02   5.4528505e+02
   6.5788043e+02   4.6053876e+02
   6.4134255e+02   4.0007364e+02
   7.3136509e+02   4.6254975e+02
   7.7206471e+02   4.4026856e+02
   1.1169646e+02   3.0233111e+02
   5.2370427e+02   5.2811719e+02
   4.8227105e+02   4.5889552e+02
   4.2286003e+02   4.3706160e+02
   3.9535219e+02   4.0527555e+02
   5.8668316e+02   4.2517461e+02
   5.2993745e+02   4.3280064e+02
   5.1165987e+02   3.7464634e+02
   5.6147390e+02   3.4147561e+02
   6.6439748e+02   5.8086156e+02
   6.8916564e+02   6.2726444e+02
   7.2955604e+02   6.7635297e+02
   7.2955604e+02   7.0183836e+02
   6.9128951e+02   5.0189616e+02
   7.1216746e+02   5.4018932e+02
   8.0050477e+02   5.5432524e+02
   8.3363259e+02   5.3482507e+02
   7.2676591e+02   7.3791176e+02
   8.0286731e+02   6.2439506e+02
   8.3880259e+02   6.4538396e+02
   8.9238530e+02   7.2023832e+02
   9.3274717e+02   7.1051869e+02
   8.4778641e+02   8.5766895e+02
   7.8916138e+02   8.7087175e+02
   7.3199839e+02   5.9765134e+02
   7.5890970e+02   6.4291148e+02
   9.3100578e+02   5.4068939e+02
   9.5882999e+02   5.6826515e+02
   1.0012403e+03   5.6262291e+02
   9.8809432e+02   5.1614246e+02
   9.2340218e+02   6.2096602e+02
   9.1017210e+02   6.6210920e+02
   8.7400346e+02   6.5846889e+02
   8.8664789e+02   5.9888738e+02
   5.8589467e+02   6.8456661e+02
   5.1667369e+02   6.6269106e+02
   5.2144755e+02   7.2899057e+02
   5.5725150e+02   7.6431132e+02
   5.6441230e+02   6.1714151e+02
   5.3338220e+02   6.0929245e+02
   4.9021774e+02   6.2440885e+02
   7.9020484e+02   6.7727476e+02
   7.7901129e+02   7.2649474e+02
   8.5288871e+02   7.3925548e+02
   8.9990161e+02   7.8118361e+02
   8.3050161e+02   4.2935188e+02
   7.9020484e+02   5.0591630e+02
   1.0566113e+03   4.7857187e+02
   1.0722823e+03   3.9653856e+02
   9.2900484e+02   4.8768668e+02
   9.4019839e+02   4.3664373e+02
