   5.6885696e+02   4.6635366e+02
   5.9967506e+02   5.0537805e+02
   5.8715050e+02   5.4528505e+02
   6.4053512e+02   5.5500467e+02
   6.8386851e+02   4.4038372e+02
   6.6260553e+02   3.9604264e+02
   7.3136509e+02   4.4806219e+02
   7.7206471e+02   4.3826278e+02
   1.5416345e+02   3.0418000e+02
   5.3053610e+02   5.0171094e+02
   5.0723917e+02   4.3173134e+02
   4.7099876e+02   4.6288777e+02
   4.4807556e+02   4.4302149e+02
   6.2980989e+02   4.4233318e+02
   5.5944522e+02   4.3661366e+02
   5.7279527e+02   4.1171951e+02
   5.9543801e+02   3.7854878e+02
   8.0998594e+02   5.4163422e+02
   6.7315457e+02   6.2242198e+02
   7.0196810e+02   6.1963841e+02
   7.3393804e+02   6.6066965e+02
   7.3174704e+02   7.0183836e+02
   7.2125405e+02   4.9100611e+02
   7.1216746e+02   5.3615049e+02
   7.6073002e+02   6.0238235e+02
   7.6073002e+02   7.2097059e+02
   8.0735922e+02   6.2649395e+02
   8.3880259e+02   6.5587841e+02
   8.9462763e+02   7.0468692e+02
   9.3947415e+02   6.9496729e+02
   8.6350809e+02   8.4057306e+02
   8.2218279e+02   8.3027695e+02
   9.5776025e+02   5.4878649e+02
   1.0275324e+03   5.4325605e+02
   1.0034313e+03   5.0645903e+02
   9.2789046e+02   6.2702427e+02
   9.1696493e+02   6.6394828e+02
   8.8360900e+02   6.4324474e+02
   8.7232631e+02   5.9341849e+02
   5.8350774e+02   6.9550438e+02
   5.4054299e+02   7.3014067e+02
   5.6918616e+02   6.1164812e+02
   5.0951290e+02   6.5722217e+02
   8.0811452e+02   7.1191104e+02
   8.6408226e+02   7.4837029e+02
   8.4169516e+02   4.2206004e+02
   8.1259194e+02   5.0044741e+02
   9.3348226e+02   4.6398817e+02
   9.3572097e+02   4.3299781e+02
   1.0566113e+03   4.6763409e+02
   1.0722823e+03   3.8560079e+02
