   5.4278010e+02   4.8001220e+02
   5.8545132e+02   4.9367073e+02
   5.7786622e+02   5.6472430e+02
   6.3357191e+02   5.4528505e+02
   6.5788043e+02   4.6053876e+02
   6.4134255e+02   4.0208915e+02
   7.3136509e+02   4.6254975e+02
   7.7206471e+02   4.3625699e+02
   1.0052093e+02   3.1342444e+02
   5.2370427e+02   5.2608594e+02
   4.8227105e+02   4.6083582e+02
   4.2286003e+02   4.3706160e+02
   3.9535219e+02   3.9931566e+02
   5.8668316e+02   4.2517461e+02
   5.3674693e+02   4.2898763e+02
   5.1165987e+02   3.7269512e+02
   5.7505954e+02   3.7074390e+02
   6.6877603e+02   5.7888249e+02
   6.8916564e+02   6.3870348e+02
   7.2955604e+02   6.7243214e+02
   7.2955604e+02   7.0183836e+02
   6.9128951e+02   5.0189616e+02
   7.1216746e+02   5.4018932e+02
   8.0050477e+02   5.6644175e+02
   8.3584984e+02   5.4246511e+02
   7.2676591e+02   7.3791176e+02
   7.9163754e+02   6.2859284e+02
   8.3655663e+02   6.4118618e+02
   8.9238530e+02   7.2023832e+02
   9.3274717e+02   7.1246262e+02
   8.4778641e+02   8.5766895e+02
   7.8255710e+02   8.7280483e+02
   7.3199839e+02   6.0588081e+02
   7.5658863e+02   6.3494976e+02
   9.3528643e+02   5.4462879e+02
   9.6311064e+02   5.7220455e+02
   1.0078133e+03   5.5874953e+02
   9.9247632e+02   5.1614246e+02
   9.2564632e+02   6.2298544e+02
   9.1243638e+02   6.6027011e+02
   8.7400346e+02   6.6798399e+02
   8.5959516e+02   6.8511116e+02
   9.0335641e+02   6.0071034e+02
   8.6039166e+02   5.9524145e+02
   5.8589467e+02   6.8456661e+02
   5.1667369e+02   6.6815995e+02
   5.2622141e+02   7.3487736e+02
   5.6679923e+02   7.5057547e+02
   5.9066853e+02   5.9555660e+02
   5.3099527e+02   6.1321698e+02
   4.9021774e+02   6.3170070e+02
   7.8796613e+02   6.8092068e+02
   7.8125000e+02   7.3014067e+02
   8.5288871e+02   7.4107844e+02
   9.0214032e+02   7.8847546e+02
   8.3274032e+02   4.2752892e+02
   7.9244355e+02   5.0591630e+02
   1.0633274e+03   4.7492594e+02
   1.0722823e+03   3.8195486e+02
   9.2900484e+02   4.8950964e+02
   9.4691452e+02   4.3846670e+02
