   6.4047271e+02   4.5382057e+02
   6.6497994e+02   5.5135167e+02
   7.4557114e+02   4.0001220e+02
   7.8869787e+02   4.4879268e+02
   3.6649839e+02   4.4469556e+02
   5.8831104e+02   5.1353349e+02
   5.6742140e+02   4.2794498e+02
   6.7807396e+02   4.4600000e+02
   6.9223388e+02   3.7426503e+02
   7.0330571e+02   6.1755398e+02
   7.3938278e+02   6.4134172e+02
   7.5060348e+02   5.0432434e+02
   8.1215469e+02   5.2590643e+02
   7.8893317e+02   6.1894660e+02
   8.6121824e+02   6.2156583e+02
   9.4259935e+02   6.8242268e+02
   9.3129642e+02   7.6501411e+02
   9.6213880e+02   5.4878649e+02
   9.6679485e+02   5.2096429e+02
   9.4135530e+02   6.2702427e+02
   8.7627526e+02   5.5028641e+02
   6.0737704e+02   6.7545180e+02
   5.7873388e+02   7.2649474e+02
   5.9066853e+02   6.1347108e+02
   5.4531685e+02   6.1711700e+02
   7.9468226e+02   6.6633699e+02
   8.2826290e+02   7.0097327e+02
   7.4095323e+02   5.9524145e+02
   8.3274032e+02   4.2570596e+02
   8.2378548e+02   4.7674890e+02
   1.0342242e+03   4.5851928e+02
   9.6034677e+02   4.5487336e+02
