   6.2196656e+02   5.2778972e+02
   6.6969319e+02   4.5852326e+02
   6.5551787e+02   4.0208915e+02
   7.2902445e+02   4.6461940e+02
   7.8606134e+02   4.3625699e+02
   5.5818915e+02   4.6178230e+02
   5.1788856e+02   4.6178230e+02
   5.7478352e+02   4.9960048e+02
   6.1271349e+02   4.7173445e+02
   5.6986088e+02   5.7844007e+02
   5.7220152e+02   5.3754120e+02
   1.4075282e+02   3.1157556e+02
   5.1687244e+02   5.2405469e+02
   4.8000123e+02   4.6083582e+02
   4.0222915e+02   4.3110172e+02
   3.8618291e+02   3.8938252e+02
   5.9349264e+02   4.2708112e+02
   5.2539779e+02   4.2136159e+02
   5.2524551e+02   3.7854878e+02
   5.9317374e+02   3.6879268e+02
   6.6658675e+02   5.7096622e+02
   6.9556687e+02   6.2726444e+02
   7.4051105e+02   6.7439255e+02
   7.3174704e+02   7.1556126e+02
   6.8700887e+02   5.0008115e+02
   7.1216746e+02   5.3009223e+02
   8.0713007e+02   5.6038350e+02
   8.2919808e+02   5.0617493e+02
   7.1544454e+02   7.6238235e+02
   8.0286731e+02   6.3698840e+02
   8.4329450e+02   6.3488951e+02
   8.8117367e+02   7.1051869e+02
   9.2153554e+02   7.0857477e+02
   8.4554045e+02   8.6336758e+02
   7.8475852e+02   8.8633643e+02
   7.3871452e+02   6.0176607e+02
   7.6819398e+02   6.4490191e+02
   9.2030416e+02   5.3871970e+02
   9.5668967e+02   5.6826515e+02
   1.0165773e+03   5.6262291e+02
   1.0012403e+03   5.2001583e+02
   9.3462288e+02   6.1692718e+02
   9.1017210e+02   6.4739655e+02
   8.7471324e+02   6.4081551e+02
   8.5084394e+02   6.9368142e+02
   9.0813027e+02   5.9159553e+02
   8.6993938e+02   5.6607406e+02
   5.8350774e+02   6.9550438e+02
   5.0235211e+02   6.6451402e+02
   5.0473904e+02   7.1721698e+02
   5.4292992e+02   7.5842453e+02
   5.3099527e+02   6.1517925e+02
   4.8350161e+02   6.3170070e+02
   7.9468226e+02   6.8638957e+02
   7.6781774e+02   7.3014067e+02
   8.4841129e+02   7.5201621e+02
   9.0437903e+02   7.9394435e+02
   8.3274032e+02   4.1476819e+02
   8.5288871e+02   4.3482077e+02
   7.6110161e+02   5.1503111e+02
   7.9020484e+02   4.8768668e+02
   1.0543726e+03   4.6945706e+02
   1.0722823e+03   3.8013190e+02
   9.4019839e+02   4.8221779e+02
   9.5586935e+02   4.3482077e+02
