   6.8531555e+02   5.2909922e+02
   7.6338337e+02   4.0769844e+02
   5.2461157e+02   4.5295463e+02
   6.1092027e+02   4.9294701e+02
   6.9392359e+02   4.1880443e+02
   7.0185889e+02   6.5414251e+02
   8.1503998e+02   5.0258566e+02
   8.1575443e+02   5.7048058e+02
   9.1409903e+02   6.5529612e+02
   9.6770617e+02   5.0925123e+02
   8.5832215e+02   5.7855825e+02
   8.8076354e+02   5.4826699e+02
   5.9782932e+02   6.5175329e+02
   5.8589467e+02   6.0253330e+02
   8.0363710e+02   6.5904514e+02
   7.2752097e+02   5.7518887e+02
   8.2602419e+02   4.3482077e+02
   9.1333387e+02   4.5122743e+02
