   7.3195217e+02   4.4098780e+02
   5.8545132e+02   4.7806098e+02
   6.1864005e+02   5.0928049e+02
   6.1500334e+02   5.4139720e+02
   6.5214047e+02   5.4722897e+02
   6.8386851e+02   4.2829070e+02
   6.7441830e+02   3.9402713e+02
   1.4745813e+02   3.6519333e+02
   5.4653177e+02   4.9761005e+02
   4.8386288e+02   4.4784928e+02
   4.7225753e+02   4.2595455e+02
   6.0612122e+02   3.8773404e+02
   6.0938144e+02   4.4805270e+02
   5.4582625e+02   4.2326810e+02
   7.3040622e+02   6.8130512e+02
   7.2142967e+02   5.1383943e+02
   8.0998594e+02   5.4163422e+02
   6.6439748e+02   5.9867317e+02
   6.9983436e+02   6.2154491e+02
   9.1095114e+02   6.9328997e+02
   9.4712052e+02   6.8242268e+02
   7.3582300e+02   6.6450000e+02
   7.6073002e+02   7.1532353e+02
   8.1185113e+02   6.3069173e+02
   8.3880259e+02   6.4538396e+02
   8.6350809e+02   8.3487443e+02
   7.9796709e+02   8.9793494e+02
   9.4900315e+02   5.5255802e+02
   9.9927535e+02   5.4696429e+02
   9.8411778e+02   5.2467857e+02
   9.3686702e+02   6.2904369e+02
   9.1017210e+02   6.6027011e+02
   8.9081315e+02   6.4134172e+02
   8.7710017e+02   5.9706442e+02
   5.9066853e+02   6.7909772e+02
   5.3815606e+02   7.2831770e+02
   5.7157309e+02   6.2076293e+02
   5.1906062e+02   6.5722217e+02
   8.1035323e+02   7.0826512e+02
   8.5736613e+02   7.4472436e+02
   7.4319194e+02   6.0435627e+02
   8.3497903e+02   4.3482077e+02
   8.1483065e+02   5.0409334e+02
   9.3124355e+02   4.6216521e+02
   1.0588500e+03   4.7128002e+02
   1.0722823e+03   4.0565337e+02
