   6.1732441e+02   5.3556542e+02
   6.6969319e+02   4.5852326e+02
   6.5788043e+02   3.9805814e+02
   7.3370573e+02   4.5634080e+02
   7.7673025e+02   4.3224542e+02
   5.5107728e+02   4.5979187e+02
   5.1788856e+02   4.6178230e+02
   5.7478352e+02   4.8964833e+02
   6.1034287e+02   4.7372488e+02
   5.6517960e+02   5.8233521e+02
   5.4879511e+02   5.3169850e+02
   1.4745813e+02   3.0972667e+02
   5.0093150e+02   5.2202344e+02
   4.7546157e+02   4.5889552e+02
   3.8847523e+02   4.2911509e+02
   3.7701363e+02   3.8540926e+02
   5.8895298e+02   4.1754858e+02
   5.1404865e+02   4.2326810e+02
   5.2977406e+02   3.8245122e+02
   5.8864519e+02   3.6293902e+02
   6.6439748e+02   5.7492436e+02
   6.9343313e+02   6.3679698e+02
   7.4270205e+02   6.8223421e+02
   7.2955604e+02   7.2340292e+02
   6.8058790e+02   4.9463613e+02
   7.0995903e+02   5.3211165e+02
   8.0271321e+02   5.5836408e+02
   8.2476358e+02   5.0617493e+02
   7.0412316e+02   7.8685294e+02
   8.0062136e+02   6.4328507e+02
   8.4778641e+02   6.3279062e+02
   8.9462763e+02   7.1829439e+02
   9.2153554e+02   7.0857477e+02
   8.4554045e+02   8.6526712e+02
   7.9576566e+02   9.0373420e+02
   7.3423710e+02   6.0176607e+02
   7.6819398e+02   6.4092105e+02
   9.1174287e+02   5.3478030e+02
   9.5882999e+02   5.7023485e+02
   1.0078133e+03   5.6068622e+02
   9.9247632e+02   5.2001583e+02
   9.2789046e+02   6.1692718e+02
   9.2149347e+02   6.6027011e+02
   8.8187403e+02   6.4628440e+02
   8.5800473e+02   6.9732734e+02
   9.1051720e+02   5.8612664e+02
   8.6516552e+02   5.6242813e+02
   5.6202537e+02   6.8821253e+02
   5.0712597e+02   6.5904514e+02
   4.9519132e+02   7.1329245e+02
   5.3576913e+02   7.4861321e+02
   5.1906062e+02   6.1517925e+02
   4.7006935e+02   6.3899255e+02
   7.9244355e+02   6.8638957e+02
   7.7005645e+02   7.3196363e+02
   8.5065000e+02   7.5566214e+02
   9.1781129e+02   7.9941323e+02
   8.3274032e+02   4.0747634e+02
   8.5512742e+02   4.3482077e+02
   7.5214677e+02   5.1320815e+02
   7.8125000e+02   4.8768668e+02
   1.0543726e+03   4.6945706e+02
   1.0767597e+03   3.7648598e+02
   9.3348226e+02   4.7492594e+02
   9.4691452e+02   4.3117485e+02
