   5.3803886e+02   4.5854878e+02
   5.9019257e+02   5.0342683e+02
   5.7554515e+02   5.4528505e+02
   6.2892977e+02   5.3945327e+02
   6.5315532e+02   4.5650775e+02
   6.3898000e+02   3.9604264e+02
   7.1029933e+02   4.5220149e+02
   7.6273361e+02   4.3826278e+02
   1.1616667e+02   2.9493556e+02
   5.3281337e+02   4.9358594e+02
   4.9362020e+02   4.4337313e+02
   4.2515235e+02   4.4103486e+02
   4.0910611e+02   4.0726218e+02
   5.8668316e+02   4.4042667e+02
   5.3220728e+02   4.3280064e+02
   5.1618842e+02   3.9025610e+02
   5.7279527e+02   3.7659756e+02
   6.6439748e+02   5.7888249e+02
   6.9129939e+02   6.1582539e+02
   7.4051105e+02   6.7831338e+02
   7.2079203e+02   6.9595712e+02
   7.0413146e+02   4.9645113e+02
   7.0775060e+02   5.4220874e+02
   7.9167104e+02   5.6644175e+02
   8.3141534e+02   5.4437511e+02
   7.3808728e+02   7.3226471e+02
   8.0286731e+02   6.1809839e+02
   8.4329450e+02   6.4118618e+02
   8.9462763e+02   7.1246262e+02
   9.3050485e+02   7.1635047e+02
   8.4554045e+02   8.5956849e+02
   7.9796709e+02   8.5347398e+02
   7.2975968e+02   6.0588081e+02
   7.5890970e+02   6.3494976e+02
   9.6651735e+02   5.4878649e+02
   1.0100043e+03   5.5874953e+02
   9.9904933e+02   5.1614246e+02
   9.2340218e+02   6.2096602e+02
   9.1243638e+02   6.6394828e+02
   8.7400346e+02   6.5656587e+02
   8.7710017e+02   5.9706442e+02
   5.9066853e+02   6.7909772e+02
   5.6202537e+02   6.6815995e+02
   5.2144755e+02   7.2114151e+02
   5.6441230e+02   7.3487736e+02
   5.6202537e+02   6.1321698e+02
   5.3576913e+02   5.9163208e+02
   5.2379839e+02   6.6815995e+02
   5.0588871e+02   6.2623181e+02
   7.8796613e+02   6.7545180e+02
   7.8348871e+02   7.3014067e+02
   8.5960484e+02   7.2102585e+02
   8.6855968e+02   7.6842287e+02
   8.2826290e+02   4.2935188e+02
   7.8572742e+02   5.1320815e+02
   1.0566113e+03   4.8950964e+02
   1.0610887e+03   3.9471560e+02
   9.3124355e+02   4.8586372e+02
   9.4467581e+02   4.3664373e+02
