   6.9617095e+02   5.1751435e+02
   6.7166372e+02   5.5334211e+02
   7.4557114e+02   4.1171951e+02
   7.7734873e+02   4.1757317e+02
   4.7154831e+02   4.3914889e+02
   6.2776923e+02   5.1353349e+02
   5.8598997e+02   4.3789713e+02
   7.0857946e+02   4.4400000e+02
   7.0583061e+02   3.7426503e+02
   7.1318026e+02   6.5012319e+02
   6.7921615e+02   6.5414251e+02
   7.6182417e+02   5.0622736e+02
   8.3384219e+02   5.1804253e+02
   8.1128422e+02   5.8259709e+02
   8.7930293e+02   6.3460658e+02
   9.4485993e+02   6.6068809e+02
   9.4938111e+02   7.1502456e+02
   9.5994953e+02   5.5444379e+02
   9.9277925e+02   5.4139286e+02
   9.2340218e+02   6.2500485e+02
   8.8749596e+02   5.5230583e+02
   6.0021625e+02   7.0097327e+02
   5.5963844e+02   6.1893996e+02
   8.0811452e+02   6.6815995e+02
   7.2304355e+02   5.7336591e+02
   8.1483065e+02   4.6034224e+02
   9.6706290e+02   4.8586372e+02
   9.3572097e+02   4.4028966e+02
