   6.7834751e+02   4.7969617e+02
   6.6720787e+02   5.4936124e+02
   7.4557114e+02   4.1171951e+02
   7.8415822e+02   4.3318293e+02
   4.3578663e+02   4.6503333e+02
   6.0455853e+02   5.0955263e+02
   5.8134783e+02   4.3988756e+02
   7.0388631e+02   4.4000000e+02
   6.9676612e+02   3.6079602e+02
   6.9450000e+02   6.2136002e+02
   7.3040622e+02   6.1850549e+02
   7.6182417e+02   5.1383943e+02
   8.3167344e+02   5.1804253e+02
   7.9787359e+02   5.9067476e+02
   8.7930293e+02   6.3678004e+02
   9.4938111e+02   6.7807576e+02
   9.4938111e+02   7.3675914e+02
   9.6213880e+02   5.5444379e+02
   9.7978705e+02   5.2467857e+02
   9.3911116e+02   6.2702427e+02
   8.7627526e+02   5.5028641e+02
   6.0737704e+02   6.8821253e+02
   5.6441230e+02   6.2623181e+02
   7.9915968e+02   6.4446144e+02
   8.1483065e+02   6.9003550e+02
   7.2304355e+02   5.7701183e+02
   8.2378548e+02   4.3846670e+02
   8.2602419e+02   4.7128002e+02
   1.0095984e+03   4.6763409e+02
   9.5586935e+02   4.4758151e+02
