   6.9394302e+02   5.1353349e+02
   6.7166372e+02   5.4936124e+02
   7.5465045e+02   4.1171951e+02
   7.8869787e+02   4.1757317e+02
   4.2522107e+02   4.7878080e+02
   6.3241137e+02   5.1552392e+02
   5.9759532e+02   4.3988756e+02
   6.8511369e+02   4.5000000e+02
   7.0809673e+02   3.8003747e+02
   6.8600897e+02   6.6218116e+02
   7.6182417e+02   5.0242132e+02
   8.3384219e+02   5.1804253e+02
   8.1351932e+02   5.7855825e+02
   8.6121824e+02   6.2373929e+02
   9.4033876e+02   6.6286155e+02
   9.5842345e+02   6.8894305e+02
   9.6213880e+02   5.5632956e+02
   9.9494462e+02   5.4696429e+02
   9.0320493e+02   6.2298544e+02
   8.9647251e+02   5.5432524e+02
   5.9782932e+02   7.0097327e+02
   5.6918616e+02   6.2987774e+02
   8.0811452e+02   6.6998291e+02
   7.2080484e+02   5.8430368e+02
   8.1483065e+02   4.6216521e+02
   9.7154032e+02   5.0773926e+02
   9.4467581e+02   4.7310298e+02
