   7.0244440e+02   4.0976829e+02
   6.9336509e+02   3.8245122e+02
   7.5692028e+02   4.3513415e+02
   5.8308070e+02   4.7806098e+02
   6.1152818e+02   5.0732927e+02
   6.1964548e+02   5.4528505e+02
   6.5678261e+02   5.5111682e+02
   1.3628261e+02   3.0418000e+02
   5.4421070e+02   4.9960048e+02
   4.6761538e+02   4.3988756e+02
   6.1471640e+02   4.6000000e+02
   6.1971796e+02   3.9927891e+02
   6.7909001e+02   6.1184492e+02
   7.3713864e+02   6.7559607e+02
   7.2142967e+02   5.1003339e+02
   8.0347969e+02   5.4360019e+02
   7.7552254e+02   6.7347087e+02
   9.1773290e+02   6.9111651e+02
   8.1634304e+02   6.3279062e+02
   8.4554045e+02   6.4538396e+02
   8.7024595e+02   8.3487443e+02
   8.2438422e+02   8.7087175e+02
   9.5338170e+02   5.5821532e+02
   9.9061388e+02   5.3767857e+02
   9.2789046e+02   6.1894660e+02
   9.1470065e+02   6.5107471e+02
   8.8601038e+02   6.1850549e+02
   8.7232631e+02   5.8612664e+02
   5.8828160e+02   6.7362883e+02
   5.5009071e+02   7.3378659e+02
   5.6202537e+02   6.1347108e+02
   5.0951290e+02   6.6998291e+02
   8.1259194e+02   7.0461919e+02
   8.5512742e+02   7.2284882e+02
   7.3871452e+02   6.0617923e+02
   8.3050161e+02   4.2752892e+02
   7.9915968e+02   4.9680149e+02
   1.0543726e+03   4.5487336e+02
   9.3795968e+02   4.5851928e+02
