   6.3824478e+02   4.5382057e+02
   6.6497994e+02   5.4538038e+02
   7.4557114e+02   4.0001220e+02
   7.9096770e+02   4.4293902e+02
   3.6202818e+02   4.1696222e+02
   5.8831104e+02   5.1353349e+02
   5.6742140e+02   4.2794498e+02
   6.6868766e+02   4.3800000e+02
   6.8996776e+02   3.6656846e+02
   6.9890285e+02   6.1565096e+02
   7.4387106e+02   6.3182662e+02
   7.3713864e+02   4.9671226e+02
   8.0781719e+02   5.3377032e+02
   7.7999275e+02   6.2096602e+02
   8.6121824e+02   6.2591275e+02
   9.4712052e+02   6.9763689e+02
   9.3129642e+02   7.6501411e+02
   9.6213880e+02   5.4878649e+02
   9.6462949e+02   5.1539286e+02
   9.4135530e+02   6.3712136e+02
   8.8974010e+02   5.5836408e+02
   6.0976397e+02   6.7362883e+02
   5.7873388e+02   7.3560955e+02
   5.9305546e+02   6.1893996e+02
   5.4770378e+02   6.2987774e+02
   8.1035323e+02   6.6815995e+02
   8.4169516e+02   7.0826512e+02
   7.3871452e+02   5.8977257e+02
   8.4169516e+02   4.3299781e+02
   8.2154677e+02   4.8950964e+02
   1.0364629e+03   4.6034224e+02
   9.6482419e+02   4.4940447e+02
