   6.9450000e+02   5.2707588e+02
   7.5190281e+02   4.0769844e+02
   4.6451499e+02   4.4103486e+02
   6.0861462e+02   4.8292775e+02
   6.8700664e+02   4.3082755e+02
   6.9053752e+02   6.3806522e+02
   8.1026612e+02   5.0452235e+02
   8.3140016e+02   5.8865534e+02
   9.5656602e+02   6.8962621e+02
   9.5557098e+02   5.6764415e+02
   9.8628315e+02   5.3953571e+02
   8.7627526e+02   6.0077184e+02
   9.0320493e+02   5.4018932e+02
   6.0737704e+02   6.7362883e+02
   5.5725150e+02   6.2805478e+02
   8.0811452e+02   6.6633699e+02
   7.3423710e+02   5.8977257e+02
   8.2378548e+02   4.3482077e+02
   9.2452742e+02   4.6216521e+02
