   6.8761166e+02   5.3112257e+02
   7.6338337e+02   4.1579183e+02
   4.9918609e+02   4.4500812e+02
   6.1322591e+02   4.8493160e+02
   6.9853488e+02   4.1078902e+02
   6.9733034e+02   6.4007488e+02
   7.9594454e+02   4.9677561e+02
   8.2916506e+02   5.8461650e+02
   9.5209581e+02   6.8356796e+02
   9.4900315e+02   5.6010109e+02
   9.8628315e+02   5.3767857e+02
   8.7403112e+02   5.8865534e+02
   8.9198424e+02   5.5028641e+02
   6.0260318e+02   6.6451402e+02
   5.6441230e+02   6.1347108e+02
   8.0587581e+02   6.6269106e+02
   7.2975968e+02   5.8065776e+02
   8.3274032e+02   4.4211262e+02
   9.1557258e+02   4.6398817e+02
