   5.8947157e+02   5.6083645e+02
   5.9875585e+02   5.3750935e+02
   6.2660870e+02   5.3945327e+02
   6.6733064e+02   4.6658527e+02
   6.5551787e+02   4.0208915e+02
   7.2902445e+02   4.6461940e+02
   7.7673025e+02   4.3625699e+02
   5.5818915e+02   4.6178230e+02
   5.2500043e+02   4.6576316e+02
   5.7241289e+02   5.1751435e+02
   6.0323100e+02   4.9761005e+02
   1.3404750e+02   3.0972667e+02
   5.1914971e+02   5.1796094e+02
   4.7773140e+02   4.6277612e+02
   4.0452147e+02   4.2911509e+02
   3.8618291e+02   3.9136915e+02
   5.9349264e+02   4.3470715e+02
   5.2539779e+02   4.2517461e+02
   5.2298124e+02   3.7854878e+02
   5.7958809e+02   3.7269512e+02
   6.6658675e+02   5.7294529e+02
   6.9556687e+02   6.2726444e+02
   7.3393804e+02   6.7635297e+02
   7.2736504e+02   7.1556126e+02
   6.9128951e+02   5.0008115e+02
   7.0995903e+02   5.3413107e+02
   8.0933850e+02   5.5432524e+02
   8.2919808e+02   5.2718503e+02
   7.2450163e+02   7.6050000e+02
   8.0286731e+02   6.3698840e+02
   8.5003236e+02   6.3488951e+02
   8.8341599e+02   7.1440654e+02
   9.2602019e+02   7.1635047e+02
   8.3880259e+02   8.6906621e+02
   7.8255710e+02   8.8826952e+02
   7.3871452e+02   6.0176607e+02
   7.6819398e+02   6.4291148e+02
   9.2244449e+02   5.4068939e+02
   9.6525096e+02   5.8008333e+02
   1.0121953e+03   5.6262291e+02
   9.9685833e+02   5.1807914e+02
   9.3686702e+02   6.2500485e+02
   9.1243638e+02   6.4923563e+02
   8.7948710e+02   6.4263848e+02
   8.5084394e+02   6.9368142e+02
   9.0574334e+02   5.9341849e+02
   8.6993938e+02   5.7336591e+02
   5.8589467e+02   6.9915031e+02
   5.0235211e+02   6.6633699e+02
   5.0235211e+02   7.1721698e+02
   5.4531685e+02   7.5057547e+02
   5.2622141e+02   6.2499057e+02
   4.7678548e+02   6.2076293e+02
   7.9020484e+02   6.8274365e+02
   7.6557903e+02   7.3378659e+02
   8.4617258e+02   7.5201621e+02
   9.0437903e+02   7.9394435e+02
   8.2826290e+02   4.1294522e+02
   8.5288871e+02   4.4211262e+02
   7.6334032e+02   5.1867704e+02
   7.9468226e+02   4.9680149e+02
   1.0543726e+03   4.6945706e+02
   1.0722823e+03   3.7830894e+02
   9.3572097e+02   4.8221779e+02
   9.4915323e+02   4.3482077e+02
