   5.3092699e+02   4.5659756e+02
   5.9967506e+02   5.0537805e+02
   5.7786622e+02   5.4917290e+02
   6.4285619e+02   5.3750935e+02
   6.5315532e+02   4.4844574e+02
   6.4134255e+02   3.8193411e+02
   7.0561804e+02   4.4599254e+02
   7.5806807e+02   4.4026856e+02
   1.2510709e+02   2.8938889e+02
   5.3281337e+02   4.9358594e+02
   4.8908054e+02   4.3755224e+02
   4.3202931e+02   4.4500812e+02
   4.1827539e+02   4.1520869e+02
   5.9576247e+02   4.3661366e+02
   5.3447711e+02   4.2517461e+02
   5.2750979e+02   3.9610976e+02
   5.7053100e+02   3.7074390e+02
   6.6439748e+02   5.9075690e+02
   6.9983436e+02   6.0629285e+02
   7.4270205e+02   6.6263007e+02
   7.2955604e+02   6.9791753e+02
   7.0627178e+02   4.9282112e+02
   7.0775060e+02   5.4018932e+02
   7.9829634e+02   5.7653883e+02
   8.2698083e+02   5.4055510e+02
   7.4035155e+02   7.3038235e+02
   8.0511327e+02   6.1809839e+02
   8.2308091e+02   6.5377952e+02
   8.9462763e+02   6.9691121e+02
   9.4620113e+02   6.8913551e+02
   8.4778641e+02   8.5956849e+02
   7.9356423e+02   8.5347398e+02
   7.3423710e+02   5.9353660e+02
   7.6355184e+02   6.2897847e+02
   9.6213880e+02   5.5067226e+02
   1.0253414e+03   5.3550931e+02
   9.9466732e+02   5.1226909e+02
   9.2564632e+02   6.2096602e+02
   9.1470065e+02   6.6210920e+02
   8.6920069e+02   6.5275984e+02
   8.8187403e+02   6.0071034e+02
   5.9782932e+02   7.0644216e+02
   5.9544239e+02   6.6086810e+02
   5.3099527e+02   7.2310377e+02
   5.6918616e+02   7.4665094e+02
   5.7634695e+02   6.1517925e+02
   5.6202537e+02   5.9163208e+02
   5.2379839e+02   6.6815995e+02
   5.0365000e+02   6.2987774e+02
   7.7901129e+02   6.8274365e+02
   7.8572742e+02   7.2831770e+02
   8.6632097e+02   7.1555697e+02
   8.6632097e+02   7.4654733e+02
   8.3497903e+02   4.2752892e+02
   7.8348871e+02   5.0956223e+02
   1.0655661e+03   4.7310298e+02
   1.0678048e+03   3.9836152e+02
   9.3124355e+02   4.7310298e+02
   9.5363065e+02   4.4211262e+02
