   1.1000000e+01
   1.3000000e+01
   1.4000000e+01
   1.5000000e+01
   1.6000000e+01
   1.7000000e+01
   1.8000000e+01
   1.9000000e+01
   2.0000000e+01
   2.1000000e+01
   2.4000000e+01
   2.5000000e+01
   3.3000000e+01
   3.4000000e+01
   4.3000000e+01
   4.5000000e+01
   4.7000000e+01
   4.8000000e+01
   5.0000000e+01
   5.1000000e+01
   5.2000000e+01
   5.3000000e+01
   5.6000000e+01
   5.7000000e+01
   5.8000000e+01
   5.9000000e+01
   6.9000000e+01
   7.0000000e+01
   7.1000000e+01
   7.2000000e+01
   7.3000000e+01
   7.4000000e+01
   7.5000000e+01
   7.6000000e+01
   7.7000000e+01
   7.8000000e+01
   8.7000000e+01
   8.8000000e+01
   8.9000000e+01
   9.0000000e+01
   9.1000000e+01
   9.4000000e+01
   9.5000000e+01
   9.6000000e+01
   9.7000000e+01
   9.8000000e+01
   9.9000000e+01
   1.0300000e+02
   1.0400000e+02
   1.0500000e+02
   1.0600000e+02
   1.1400000e+02
   1.1500000e+02
   1.1700000e+02
   1.1900000e+02
   1.2000000e+02
   1.2100000e+02
   1.2900000e+02
   1.3000000e+02
   1.3100000e+02
   1.3200000e+02
   1.3400000e+02
   1.3600000e+02
   1.4400000e+02
   1.4500000e+02
   1.4600000e+02
   1.4700000e+02
   1.5500000e+02
   1.5600000e+02
   1.5700000e+02
   1.5800000e+02
   1.6000000e+02
   1.6100000e+02
   1.6200000e+02
   1.6300000e+02
   1.6400000e+02
