   7.0827667e+02   4.8863230e+02
   7.6797560e+02   4.0567510e+02
   5.6852831e+02   3.9732904e+02
   6.2244850e+02   4.8292775e+02
   6.9853488e+02   4.2080829e+02
   6.7921615e+02   5.7777536e+02
   8.1026612e+02   4.7934544e+02
   8.3587037e+02   5.5028641e+02
   8.7833736e+02   6.0481068e+02
   9.7671916e+02   5.3379400e+02
   8.7745353e+02   5.2491509e+02
   6.0976397e+02   6.4993032e+02
   5.9305546e+02   6.0253330e+02
   7.9915968e+02   6.4810736e+02
   7.6781774e+02   5.4419851e+02
   8.2602419e+02   4.1112226e+02
   9.1557258e+02   4.2752892e+02
