   5.3092699e+02   4.5659756e+02
   5.9967506e+02   5.0537805e+02
   5.7786622e+02   5.4917290e+02
   6.4053512e+02   5.4334112e+02
   6.5079277e+02   4.4441473e+02
   6.4134255e+02   3.8193411e+02
   7.0795868e+02   4.5013184e+02
   7.6273361e+02   4.4428014e+02
   1.2734219e+02   2.9678444e+02
   5.3281337e+02   4.9358594e+02
   4.9815985e+02   4.3561194e+02
   4.2286003e+02   4.4699475e+02
   4.1598307e+02   4.1719532e+02
   5.9349264e+02   4.3089413e+02
   5.3447711e+02   4.2136159e+02
   5.2977406e+02   3.9220732e+02
   5.7053100e+02   3.7074390e+02
   6.6439748e+02   5.9075690e+02
   6.9983436e+02   6.0629285e+02
   7.4270205e+02   6.6263007e+02
   7.2955604e+02   6.9595712e+02
   7.0627178e+02   4.9282112e+02
   7.0554216e+02   5.3816990e+02
   8.0271321e+02   5.7048058e+02
   8.2698083e+02   5.3673508e+02
   7.4261582e+02   7.2850000e+02
   8.0511327e+02   6.1809839e+02
   8.3206472e+02   6.4748285e+02
   8.9462763e+02   6.9107944e+02
   9.4620113e+02   6.8913551e+02
   8.5677023e+02   8.5576941e+02
   7.8916138e+02   8.5347398e+02
   7.3647581e+02   5.8942186e+02
   7.5890970e+02   6.2897847e+02
   9.5994953e+02   5.4690073e+02
   1.0253414e+03   5.3550931e+02
   9.9685833e+02   5.1033240e+02
   9.2564632e+02   6.2096602e+02
   9.1470065e+02   6.6210920e+02
   8.6920069e+02   6.5275984e+02
   8.8187403e+02   6.0071034e+02
   5.3338220e+02   7.2831770e+02
   5.5963844e+02   7.4654733e+02
   5.7157309e+02   5.9341849e+02
   5.1428676e+02   6.4810736e+02
   5.9782932e+02   7.0644216e+02
   5.9544239e+02   6.5904514e+02
   7.7901129e+02   6.7362883e+02
   7.9468226e+02   7.2467178e+02
   8.6184355e+02   7.1555697e+02
   8.6632097e+02   7.4654733e+02
   8.3945645e+02   4.3299781e+02
   7.8348871e+02   5.0956223e+02
   1.0655661e+03   4.7310298e+02
   1.0655661e+03   3.9653856e+02
   9.3348226e+02   4.8039483e+02
   9.5139194e+02   4.4940447e+02
