   6.0804013e+02   5.3750935e+02
   6.5551787e+02   3.8798062e+02
   7.2434317e+02   4.5634080e+02
   7.7439748e+02   4.3425121e+02
   5.5107728e+02   4.5979187e+02
   5.0603544e+02   4.6377273e+02
   5.8663664e+02   4.7969617e+02
   6.1745474e+02   4.6377273e+02
   5.5815767e+02   5.8428277e+02
   5.6049831e+02   5.2001311e+02
   6.7518971e+02   4.3042509e+02
   6.6114587e+02   4.7911423e+02
   1.7528097e+02   3.0264218e+02
   1.4112182e+02   3.0067062e+02
   4.6184260e+02   4.6277612e+02
   3.7242898e+02   3.8540926e+02
   5.2085814e+02   4.2517461e+02
   5.2977406e+02   3.7854878e+02
   5.0859696e+02   5.3408794e+02
   5.2000205e+02   5.0273116e+02
   4.2191824e+02   4.2538442e+02
   3.9682703e+02   4.3792714e+02
   5.6334141e+02   4.2120352e+02
   6.0211873e+02   4.0238945e+02
   6.0896179e+02   3.4803769e+02
   5.7930855e+02   3.6058040e+02
   7.2955604e+02   6.8419463e+02
   7.2955604e+02   7.1948209e+02
   6.6988628e+02   5.0734119e+02
   7.0554216e+02   5.3413107e+02
   7.9387947e+02   5.7451942e+02
   8.1589457e+02   4.9662489e+02
   6.5846965e+02   5.7493526e+02
   6.4073163e+02   6.1695546e+02
   7.0059744e+02   5.9403535e+02
   6.9172843e+02   6.3605556e+02
   7.1091599e+02   8.0379412e+02
   7.9837540e+02   6.3698840e+02
   8.4778641e+02   6.3488951e+02
   9.0808158e+02   7.2023832e+02
   9.3498950e+02   7.0663084e+02
   7.2975968e+02   6.0999555e+02
   7.6355184e+02   6.4092105e+02
   8.2157860e+02   8.7579187e+02
   8.6800000e+02   8.6783014e+02
   7.9140468e+02   8.8972488e+02
   7.9140468e+02   9.3152392e+02
   9.1602352e+02   5.4462879e+02
   9.6739129e+02   5.6826515e+02
   1.0231504e+03   5.4519274e+02
   9.9685833e+02   5.1614246e+02
   9.2722571e+02   6.1347696e+02
   9.3199957e+02   6.4810736e+02
   8.9380868e+02   6.5175329e+02
   8.6516552e+02   6.8638957e+02
   9.1290413e+02   5.8248072e+02
   8.6516552e+02   5.6242813e+02
   5.5247764e+02   6.9915031e+02
   4.9041745e+02   6.4081551e+02
   4.8086973e+02   7.4468868e+02
   5.3576913e+02   7.5450000e+02
   5.1428676e+02   6.1714151e+02
   4.6559194e+02   6.6451402e+02
   8.1259194e+02   6.9368142e+02
   7.7005645e+02   7.4654733e+02
   8.5736613e+02   7.6113103e+02
   9.1109516e+02   8.0488212e+02
   8.3050161e+02   4.0747634e+02
   8.6855968e+02   4.2935188e+02
   7.5662419e+02   5.2779185e+02
   7.8125000e+02   4.9315557e+02
   1.0789984e+03   3.6919413e+02
   9.3124355e+02   4.7857187e+02
   9.3795968e+02   4.2388300e+02
   1.0655661e+03   4.8768668e+02
   1.0834758e+03   4.5487336e+02
