   6.2660870e+02   5.3945327e+02
   6.6733064e+02   4.6658527e+02
   6.5551787e+02   4.0208915e+02
   7.2902445e+02   4.6461940e+02
   7.8839412e+02   4.4026856e+02
   5.5818915e+02   4.6775359e+02
   5.2500043e+02   4.6576316e+02
   5.7478352e+02   5.0557177e+02
   6.0323100e+02   4.7571531e+02
   5.8156408e+02   5.6870225e+02
   5.8624536e+02   5.3754120e+02
   1.3404750e+02   3.0972667e+02
   5.1914971e+02   5.2405469e+02
   4.7773140e+02   4.6277612e+02
   4.0452147e+02   4.3308835e+02
   3.8618291e+02   3.9136915e+02
   5.9349264e+02   4.3470715e+02
   5.2539779e+02   4.2326810e+02
   5.2298124e+02   3.8440244e+02
   5.8411664e+02   3.7464634e+02
   6.6658675e+02   5.7294529e+02
   6.9556687e+02   6.2726444e+02
   7.3612904e+02   6.8027380e+02
   7.2736504e+02   7.1556126e+02
   6.8700887e+02   5.0008115e+02
   7.0995903e+02   5.3413107e+02
   8.0933850e+02   5.5432524e+02
   8.2476358e+02   5.2145500e+02
   7.1997308e+02   7.5861765e+02
   8.0286731e+02   6.3698840e+02
   8.4778641e+02   6.3488951e+02
   8.8341599e+02   7.1440654e+02
   9.1929321e+02   7.1440654e+02
   8.4329450e+02   8.7096575e+02
   7.9356423e+02   8.8826952e+02
   7.3871452e+02   6.0176607e+02
   7.6819398e+02   6.4291148e+02
   9.2244449e+02   5.4068939e+02
   9.6525096e+02   5.8205303e+02
   1.0165773e+03   5.6455959e+02
   9.9466732e+02   5.2001583e+02
   9.3686702e+02   6.2500485e+02
   9.1243638e+02   6.5107471e+02
   8.7948710e+02   6.4628440e+02
   8.5084394e+02   6.9368142e+02
   9.0574334e+02   5.9341849e+02
   8.6993938e+02   5.7518887e+02
   5.8350774e+02   6.9915031e+02
   5.0235211e+02   6.6633699e+02
   5.0235211e+02   7.1721698e+02
   5.4531685e+02   7.5057547e+02
   5.2860834e+02   6.2302830e+02
   4.7678548e+02   6.2440885e+02
   7.9020484e+02   6.8274365e+02
   7.6557903e+02   7.3378659e+02
   8.4617258e+02   7.5201621e+02
   9.0437903e+02   7.9394435e+02
   8.2826290e+02   4.1294522e+02
   8.5288871e+02   4.4211262e+02
   7.6110161e+02   5.1503111e+02
   7.9468226e+02   4.9315557e+02
   1.0543726e+03   4.6945706e+02
   1.0722823e+03   3.7830894e+02
   9.3572097e+02   4.8039483e+02
   9.5363065e+02   4.3482077e+02
