   6.3824478e+02   4.5382057e+02
   6.6497994e+02   5.5135167e+02
   7.4557114e+02   4.0001220e+02
   7.8869787e+02   4.4879268e+02
   3.7096860e+02   4.2435778e+02
   5.8831104e+02   5.1353349e+02
   5.6742140e+02   4.2794498e+02
   6.7807396e+02   4.4600000e+02
   6.8996776e+02   3.6656846e+02
   6.9890285e+02   6.1755398e+02
   7.3938278e+02   6.4134172e+02
   7.5060348e+02   5.0432434e+02
   8.0564844e+02   5.3377032e+02
   7.9340338e+02   6.2096602e+02
   8.6121824e+02   6.2591275e+02
   9.4712052e+02   6.9763689e+02
   9.3129642e+02   7.6501411e+02
   9.6213880e+02   5.4878649e+02
   9.6679485e+02   5.2096429e+02
   9.4135530e+02   6.3106311e+02
   8.8749596e+02   5.5634466e+02
   6.0737704e+02   6.8092068e+02
   5.7873388e+02   7.2649474e+02
   5.9305546e+02   6.1893996e+02
   5.5247764e+02   6.2258589e+02
   8.0139839e+02   6.7362883e+02
   8.3721774e+02   6.9550438e+02
   7.3871452e+02   5.8977257e+02
   8.4169516e+02   4.3299781e+02
   8.2602419e+02   4.8404075e+02
   1.0364629e+03   4.5669632e+02
   9.6034677e+02   4.5122743e+02
