   5.3803886e+02   4.5659756e+02
   5.9967506e+02   5.0537805e+02
   5.7554515e+02   5.4334112e+02
   6.4053512e+02   5.4334112e+02
   6.5079277e+02   4.4441473e+02
   6.4134255e+02   3.8193411e+02
   7.1263997e+02   4.5634080e+02
   7.6040084e+02   4.4628592e+02
   1.2510709e+02   2.9863333e+02
   5.3281337e+02   4.9561719e+02
   4.9135037e+02   4.3173134e+02
   4.2286003e+02   4.4699475e+02
   4.1139843e+02   4.1918195e+02
   5.9122281e+02   4.2326810e+02
   5.3447711e+02   4.2136159e+02
   5.3430261e+02   3.8830488e+02
   5.7505954e+02   3.7659756e+02
   6.6439748e+02   5.9075690e+02
   6.9983436e+02   6.1773190e+02
   7.4270205e+02   6.5674882e+02
   7.2955604e+02   6.9595712e+02
   6.9771049e+02   4.9282112e+02
   7.0333373e+02   5.3211165e+02
   8.0271321e+02   5.7048058e+02
   8.2698083e+02   5.3673508e+02
   7.4261582e+02   7.2850000e+02
   8.1185113e+02   6.1809839e+02
   8.3206472e+02   6.4748285e+02
   8.9462763e+02   6.9496729e+02
   9.4620113e+02   6.8913551e+02
   8.5677023e+02   8.5007078e+02
   7.8916138e+02   8.5347398e+02
   7.3199839e+02   5.7502028e+02
   7.5890970e+02   6.1902632e+02
   9.5776025e+02   5.4501496e+02
   1.0275324e+03   5.2969926e+02
   9.9685833e+02   5.1033240e+02
   9.2789046e+02   6.2096602e+02
   9.1470065e+02   6.6210920e+02
   8.6920069e+02   6.5275984e+02
   8.8187403e+02   6.0071034e+02
   6.0260318e+02   6.8821253e+02
   5.9066853e+02   6.6451402e+02
   5.4054299e+02   7.3560955e+02
   5.7396002e+02   5.9706442e+02
   5.0712597e+02   6.4993032e+02
   7.7677258e+02   6.7180587e+02
   7.9692097e+02   7.2102585e+02
   8.7527581e+02   7.2284882e+02
   8.5960484e+02   7.5201621e+02
   8.3945645e+02   4.3299781e+02
   7.9020484e+02   5.1138519e+02
   1.0700435e+03   4.6763409e+02
   1.0678048e+03   3.9471560e+02
   9.3348226e+02   4.8039483e+02
   9.4467581e+02   4.4028966e+02
