   7.2894169e+02   4.5828210e+02
   7.4960670e+02   4.1174514e+02
   5.7546253e+02   3.8342264e+02
   6.2705980e+02   4.8092389e+02
   7.0084053e+02   4.1279287e+02
   7.0412316e+02   5.0542754e+02
   8.1503998e+02   4.7740875e+02
   8.4034058e+02   5.4826699e+02
   8.7610225e+02   5.9875243e+02
   9.7221266e+02   5.4197493e+02
   8.9524840e+02   5.2687736e+02
   6.0499011e+02   6.0071034e+02
   5.8350774e+02   6.1711700e+02
   7.9468226e+02   6.3170070e+02
   8.1259194e+02   5.8248072e+02
   8.0811452e+02   4.0929930e+02
   8.7975323e+02   4.2570596e+02
