   5.4278010e+02   4.5854878e+02
   5.9019257e+02   5.0342683e+02
   5.7554515e+02   5.4528505e+02
   6.3125084e+02   5.3945327e+02
   6.5079277e+02   4.6456977e+02
   6.3898000e+02   3.9604264e+02
   7.1732125e+02   4.5220149e+02
   7.6273361e+02   4.3425121e+02
   1.1840177e+02   2.9493556e+02
   5.2598154e+02   4.9358594e+02
   4.9589002e+02   4.4919403e+02
   4.2973699e+02   4.4103486e+02
   4.1139843e+02   4.0527555e+02
   5.8668316e+02   4.4042667e+02
   5.3220728e+02   4.3280064e+02
   5.2071697e+02   3.9220732e+02
   5.7732382e+02   3.7854878e+02
   6.6220820e+02   5.8086156e+02
   6.9343313e+02   6.1391888e+02
   7.4051105e+02   6.7635297e+02
   7.2079203e+02   7.0379877e+02
   7.0413146e+02   4.9645113e+02
   7.0554216e+02   5.3816990e+02
   8.0050477e+02   5.6442233e+02
   8.3141534e+02   5.4246511e+02
   7.3808728e+02   7.3414706e+02
   8.0286731e+02   6.1809839e+02
   8.4329450e+02   6.4118618e+02
   8.9238530e+02   7.1051869e+02
   9.4171648e+02   7.0468692e+02
   8.4778641e+02   8.5956849e+02
   7.9796709e+02   8.6120632e+02
   7.2975968e+02   5.9559397e+02
   7.5890970e+02   6.3893062e+02
   9.5994953e+02   5.3558613e+02
   9.7308517e+02   5.5632956e+02
   1.0078133e+03   5.6262291e+02
   9.9685833e+02   5.1420577e+02
   9.1891390e+02   6.1692718e+02
   9.0790783e+02   6.5843103e+02
   8.6679931e+02   6.5656587e+02
   8.7710017e+02   5.9706442e+02
   5.7634695e+02   6.7362883e+02
   5.4054299e+02   6.7362883e+02
   5.2144755e+02   7.2310377e+02
   5.6202537e+02   7.4272642e+02
   5.6441230e+02   6.2499057e+02
   5.3815606e+02   5.9751887e+02
   5.0812742e+02   6.3170070e+02
   7.8572742e+02   6.7727476e+02
   7.8348871e+02   7.3196363e+02
   8.5960484e+02   7.2102585e+02
   8.8199194e+02   7.6842287e+02
   8.3497903e+02   4.2752892e+02
   7.9020484e+02   5.1138519e+02
   1.0566113e+03   4.8950964e+02
   1.0610887e+03   3.9471560e+02
   9.2676613e+02   4.8950964e+02
   9.3348226e+02   4.4211262e+02
