   6.2710514e+02   5.4538038e+02
   6.6052408e+02   5.2945694e+02
   7.0017457e+02   4.1952439e+02
   7.7734873e+02   4.4684146e+02
   6.2338130e+02   4.8586585e+02
   6.2575192e+02   5.1123171e+02
   2.2568680e+02   2.7644667e+02
   5.4885284e+02   4.9362919e+02
   4.8850502e+02   4.5581100e+02
   5.9829036e+02   4.5000000e+02
   6.2878245e+02   3.8196161e+02
   6.7688858e+02   6.0803888e+02
   7.3938278e+02   6.4514776e+02
   7.2367381e+02   5.0813038e+02
   8.0347969e+02   5.3573629e+02
   7.6881723e+02   6.6741262e+02
   8.3183062e+02   6.2591275e+02
   9.3129642e+02   7.0850418e+02
   8.6121824e+02   8.3021787e+02
   9.5776025e+02   5.5821532e+02
   9.8195242e+02   5.3025000e+02
   9.3686702e+02   6.3712136e+02
   8.9081315e+02   6.1660247e+02
   8.6755245e+02   5.8612664e+02
   6.0499011e+02   6.6998291e+02
   5.6441230e+02   7.2649474e+02
   5.7634695e+02   6.2258589e+02
   5.2860834e+02   6.6998291e+02
   8.1259194e+02   6.8638957e+02
   8.4841129e+02   7.4107844e+02
   7.2080484e+02   5.8977257e+02
   8.2602419e+02   4.3117485e+02
   7.9692097e+02   4.9680149e+02
   1.0476565e+03   4.4393558e+02
   9.3348226e+02   4.4758151e+02
