   6.8990778e+02   5.0279572e+02
   7.5190281e+02   3.9555837e+02
   5.5003705e+02   4.1520869e+02
   6.2244850e+02   4.9695472e+02
   6.8239535e+02   4.1680058e+02
   6.8827325e+02   6.4007488e+02
   8.1026612e+02   4.8515549e+02
   8.1575443e+02   5.5432524e+02
   8.7833736e+02   6.1288835e+02
   9.4742695e+02   5.3174877e+02
   8.6188301e+02   5.2491509e+02
   5.9544239e+02   6.6451402e+02
   5.8350774e+02   5.6971998e+02
   7.9915968e+02   6.3534663e+02
   7.2304355e+02   5.7154294e+02
   8.1483065e+02   4.0747634e+02
   9.2005000e+02   4.4211262e+02
