   5.9368620e+02   4.6377273e+02
   6.1819342e+02   5.3542823e+02
   7.0471423e+02   4.1952439e+02
   7.7734873e+02   4.4684146e+02
   2.7038889e+02   2.4316667e+02
   5.5813712e+02   4.9362919e+02
   4.8386288e+02   4.5780144e+02
   6.3818216e+02   4.6200000e+02
   6.3104857e+02   3.7618918e+02
   6.8129144e+02   6.0613586e+02
   7.3265036e+02   6.3182662e+02
   7.3265036e+02   5.1383943e+02
   8.0347969e+02   5.3770227e+02
   7.5540660e+02   6.6539320e+02
   8.3183062e+02   6.2156583e+02
   9.4033876e+02   7.0415726e+02
   8.8608469e+02   8.0630982e+02
   9.6432808e+02   5.5821532e+02
   9.7112559e+02   5.2282143e+02
   9.2564632e+02   6.5529612e+02
   8.9081315e+02   6.1660247e+02
   8.6755245e+02   5.8794961e+02
   6.0260318e+02   6.7362883e+02
   5.7157309e+02   7.2831770e+02
   5.8350774e+02   6.1711700e+02
   5.3099527e+02   6.6815995e+02
   8.1259194e+02   6.9003550e+02
   8.4617258e+02   7.3196363e+02
   7.3871452e+02   5.9341849e+02
   8.3274032e+02   4.2752892e+02
   7.9915968e+02   4.9497853e+02
   1.0409403e+03   4.4393558e+02
   9.3124355e+02   4.4211262e+02
