   6.1268227e+02   5.3750935e+02
   6.5315532e+02   3.9201163e+02
   7.2434317e+02   4.5634080e+02
   7.8139580e+02   4.3625699e+02
   5.5107728e+02   4.5780144e+02
   5.1077669e+02   4.5581100e+02
   5.8663664e+02   4.7969617e+02
   6.2219599e+02   4.6377273e+02
   5.6049831e+02   5.7844007e+02
   5.6049831e+02   5.2001311e+02
   6.7284907e+02   4.3626779e+02
   6.5646459e+02   4.8300936e+02
   1.4075282e+02   3.0233111e+02
   5.1004061e+02   5.0983594e+02
   4.6865209e+02   4.6083582e+02
   4.2286003e+02   4.3507498e+02
   3.7930595e+02   3.9732904e+02
   5.1858831e+02   4.1945509e+02
   5.2977406e+02   3.8050000e+02
   5.8864519e+02   3.6098780e+02
   5.6790345e+02   4.1493216e+02
   5.9755670e+02   4.0238945e+02
   6.4250473e+02   5.7294529e+02
   6.4031546e+02   6.0658944e+02
   6.9770061e+02   6.0819936e+02
   7.4051105e+02   6.8615504e+02
   7.3612904e+02   7.1556126e+02
   6.8058790e+02   5.0734119e+02
   7.0554216e+02   5.3413107e+02
   8.0271321e+02   5.7250000e+02
   8.2476358e+02   4.9662489e+02
   7.1544454e+02   8.0567647e+02
   8.0062136e+02   6.3698840e+02
   8.4554045e+02   6.3698840e+02
   8.9911228e+02   7.2607009e+02
   9.3050485e+02   6.9885514e+02
   7.8475852e+02   9.0566729e+02
   7.8255710e+02   9.3659665e+02
   7.3871452e+02   6.1616766e+02
   7.6819398e+02   6.4291148e+02
   8.4014716e+02   8.8574402e+02
   8.7496321e+02   8.7380144e+02
   9.1388319e+02   5.4265909e+02
   9.6739129e+02   5.6826515e+02
   1.0275324e+03   5.4325605e+02
   9.9904933e+02   5.1807914e+02
   9.2340218e+02   6.1490777e+02
   9.3462288e+02   6.5125728e+02
   8.8664789e+02   6.4628440e+02
   8.6277859e+02   6.9003550e+02
   9.1051720e+02   5.8430368e+02
   8.6993938e+02   5.6242813e+02
   5.6202537e+02   6.9550438e+02
   5.0473904e+02   6.5904514e+02
   4.6654815e+02   7.4272642e+02
   5.2383448e+02   7.5057547e+02
   5.0951290e+02   6.1321698e+02
   4.7230806e+02   6.5722217e+02
   8.1259194e+02   7.0097327e+02
   7.7453387e+02   7.4107844e+02
   8.5736613e+02   7.6295399e+02
   9.0437903e+02   8.0488212e+02
   8.3050161e+02   4.0747634e+02
   8.6632097e+02   4.2935188e+02
   7.5438548e+02   5.2596889e+02
   7.8348871e+02   4.9315557e+02
   1.0633274e+03   4.6034224e+02
   1.0789984e+03   3.6919413e+02
   9.3572097e+02   4.8039483e+02
   9.4691452e+02   4.2388300e+02
