   6.8990778e+02   5.0279572e+02
   7.5190281e+02   3.9555837e+02
   5.4541424e+02   4.2116858e+02
   6.2244850e+02   4.9695472e+02
   6.8239535e+02   4.1680058e+02
   6.9280179e+02   6.5012319e+02
   8.2458770e+02   4.9677561e+02
   8.1798953e+02   5.5634466e+02
   8.7163205e+02   6.1086893e+02
   9.4517370e+02   5.2970354e+02
   8.6633173e+02   5.2491509e+02
   6.0260318e+02   6.4628440e+02
   5.6679923e+02   5.6425110e+02
   8.0363710e+02   6.3899255e+02
   7.2080484e+02   5.7336591e+02
   8.2154677e+02   4.1112226e+02
   9.2005000e+02   4.4393558e+02
