   6.9450000e+02   5.2909922e+02
   7.4960670e+02   4.0162840e+02
   4.6913780e+02   4.3110172e+02
   6.0861462e+02   4.8292775e+02
   6.8239535e+02   4.2681985e+02
   6.9053752e+02   6.3806522e+02
   7.9594454e+02   4.9871229e+02
   8.2692995e+02   5.9269417e+02
   9.6103623e+02   6.8962621e+02
   9.5557098e+02   5.6764415e+02
   9.8628315e+02   5.3953571e+02
   8.7627526e+02   5.9673301e+02
   9.0320493e+02   5.4018932e+02
   6.0976397e+02   6.7545180e+02
   5.5725150e+02   6.2805478e+02
   8.0811452e+02   6.6451402e+02
   7.3199839e+02   5.9341849e+02
   8.2378548e+02   4.3482077e+02
   9.2452742e+02   4.6216521e+02
