   6.0482584e+02   4.7969617e+02
   6.2933307e+02   4.9761005e+02
   6.0928170e+02   5.3741866e+02
   7.0017457e+02   4.1952439e+02
   7.7734873e+02   4.4684146e+02
   2.4580274e+02   2.7644667e+02
   5.5813712e+02   4.9362919e+02
   4.8386288e+02   4.5979187e+02
   6.3348901e+02   4.5800000e+02
   6.3104857e+02   3.7426503e+02
   6.8129144e+02   6.0803888e+02
   7.3938278e+02   6.4514776e+02
   7.2367381e+02   5.1003339e+02
   8.0347969e+02   5.3770227e+02
   7.6881723e+02   6.6741262e+02
   8.2730945e+02   6.2373929e+02
   9.3129642e+02   7.1285110e+02
   8.6800000e+02   8.2587095e+02
   9.6651735e+02   5.5821532e+02
   9.7545632e+02   5.2467857e+02
   9.1666977e+02   6.6337379e+02
   8.9081315e+02   6.1660247e+02
   8.6755245e+02   5.8794961e+02
   6.0260318e+02   6.7362883e+02
   5.5963844e+02   7.3196363e+02
   5.7396002e+02   6.1893996e+02
   5.3338220e+02   6.6815995e+02
   8.1259194e+02   6.9003550e+02
   8.5065000e+02   7.4107844e+02
   7.3199839e+02   5.9159553e+02
   8.3274032e+02   4.2752892e+02
   7.9915968e+02   4.9497853e+02
   1.0409403e+03   4.4393558e+02
   9.3795968e+02   4.4758151e+02
