   6.9450000e+02   5.0684241e+02
   7.5190281e+02   3.9353502e+02
   5.4310283e+02   4.2514183e+02
   6.1092027e+02   4.9294701e+02
   6.8239535e+02   4.1680058e+02
   6.9053752e+02   6.6821014e+02
   8.0549226e+02   4.8902886e+02
   8.1128422e+02   5.6038350e+02
   8.8280757e+02   6.2904369e+02
   9.4066721e+02   5.2561308e+02
   8.6633173e+02   5.2491509e+02
   6.0260318e+02   6.3899255e+02
   5.7634695e+02   5.4966740e+02
   8.0139839e+02   6.4081551e+02
   7.2304355e+02   5.7336591e+02
   8.2154677e+02   4.1659115e+02
   9.2228871e+02   4.5487336e+02
