   7.5419892e+02   4.3197860e+02
   6.9839888e+02   5.1353349e+02
   6.7389165e+02   5.4338995e+02
   4.6451499e+02   4.5692789e+02
   6.1322591e+02   5.0096243e+02
   5.9708638e+02   4.6088536e+02
   7.0775748e+02   4.3082755e+02
   6.9053752e+02   6.5012319e+02
   7.9548626e+02   5.0432434e+02
   8.2733594e+02   5.1607656e+02
   9.4315539e+02   6.6539320e+02
   9.6550644e+02   6.8558738e+02
   8.2022464e+02   5.8461650e+02
   8.7704235e+02   6.4112696e+02
   9.6432808e+02   5.5821532e+02
   9.8844852e+02   5.3582143e+02
   8.9422838e+02   6.2096602e+02
   9.0096079e+02   5.4422816e+02
   6.0737704e+02   6.7362883e+02
   5.6918616e+02   6.2258589e+02
   8.0811452e+02   6.6815995e+02
   7.2528226e+02   5.9341849e+02
   8.2602419e+02   4.3482077e+02
   9.3572097e+02   4.5669632e+02
