   7.0017457e+02   4.1952439e+02
   7.7053925e+02   4.4098780e+02
   5.9967506e+02   4.8586585e+02
   6.2575192e+02   5.1123171e+02
   6.2196656e+02   5.4722897e+02
   6.5910368e+02   5.4722897e+02
   2.2345169e+02   2.7644667e+02
   5.4653177e+02   5.0159091e+02
   4.8618395e+02   4.4585885e+02
   5.7951775e+02   4.5200000e+02
   6.1065347e+02   3.8580990e+02
   6.7028430e+02   6.0423285e+02
   7.3938278e+02   6.4514776e+02
   7.2367381e+02   5.0622736e+02
   8.0347969e+02   5.3573629e+02
   7.6881723e+02   6.6741262e+02
   8.4539414e+02   6.3243312e+02
   9.2903583e+02   7.0415726e+02
   8.3861238e+02   8.4760554e+02
   9.4900315e+02   5.5444379e+02
   9.7978705e+02   5.3767857e+02
   9.3686702e+02   6.2096602e+02
   9.2828630e+02   6.4004023e+02
   8.9081315e+02   6.1660247e+02
   8.6755245e+02   5.8612664e+02
   5.9782932e+02   6.6815995e+02
   5.5725150e+02   7.2831770e+02
   5.7634695e+02   6.1893996e+02
   5.2860834e+02   6.6998291e+02
   8.1259194e+02   6.8638957e+02
   8.5512742e+02   7.2831770e+02
   7.2304355e+02   5.9159553e+02
   8.2602419e+02   4.3117485e+02
   7.9244355e+02   4.9497853e+02
   1.0521339e+03   4.4393558e+02
   9.2900484e+02   4.4758151e+02
