   6.0804013e+02   5.3750935e+02
   6.5551787e+02   3.8798062e+02
   7.2434317e+02   4.5634080e+02
   7.7439748e+02   4.3425121e+02
   5.5107728e+02   4.5979187e+02
   5.0603544e+02   4.6178230e+02
   5.8663664e+02   4.7969617e+02
   6.1745474e+02   4.6377273e+02
   5.6049831e+02   5.8233521e+02
   5.6049831e+02   5.2001311e+02
   6.7284907e+02   4.3432022e+02
   6.6114587e+02   4.8106180e+02
   1.7651449e+02   2.9863333e+02
   1.4075282e+02   2.8754000e+02
   4.6865209e+02   4.6083582e+02
   3.7242898e+02   3.8540926e+02
   5.2085814e+02   4.2517461e+02
   5.2298124e+02   3.7659756e+02
   6.1355220e+02   3.6489024e+02
   5.9317374e+02   3.4928049e+02
   5.1544002e+02   5.3199749e+02
   5.2000205e+02   5.0064070e+02
   4.1735620e+02   4.2329397e+02
   3.8770296e+02   4.4001759e+02
   5.6562243e+02   4.1702261e+02
   5.8843262e+02   4.0238945e+02
   7.3174704e+02   6.8419463e+02
   7.2955604e+02   7.1948209e+02
   6.6988628e+02   5.0734119e+02
   7.0554216e+02   5.3413107e+02
   7.9608791e+02   5.7048058e+02
   8.1811182e+02   4.9280487e+02
   6.5625240e+02   5.7111524e+02
   6.4073163e+02   6.0167539e+02
   7.0059744e+02   5.9594536e+02
   6.9172843e+02   6.3605556e+02
   7.1091599e+02   8.0379412e+02
   7.9837540e+02   6.3698840e+02
   8.4778641e+02   6.3488951e+02
   8.9686995e+02   7.2023832e+02
   9.3050485e+02   6.9885514e+02
   7.2752097e+02   6.0999555e+02
   7.6355184e+02   6.4092105e+02
   8.3086288e+02   8.8375359e+02
   8.6800000e+02   8.6583971e+02
   7.9140468e+02   8.9370574e+02
   7.9140468e+02   9.3152392e+02
   9.1602352e+02   5.4462879e+02
   9.6739129e+02   5.6826515e+02
   1.0231504e+03   5.4519274e+02
   9.9685833e+02   5.1807914e+02
   9.2722571e+02   6.1155991e+02
   9.3199957e+02   6.5175329e+02
   8.9619561e+02   6.4081551e+02
   8.5800473e+02   6.8821253e+02
   9.1290413e+02   5.8248072e+02
   8.6516552e+02   5.6242813e+02
   5.6202537e+02   6.9550438e+02
   4.9996518e+02   6.5357625e+02
   4.8086973e+02   7.4468868e+02
   5.3099527e+02   7.5253774e+02
   5.1428676e+02   6.1714151e+02
   4.6335323e+02   6.6269106e+02
   8.1259194e+02   6.9368142e+02
   7.7229516e+02   7.4107844e+02
   8.5736613e+02   7.6113103e+02
   8.9990161e+02   8.0123620e+02
   8.3050161e+02   4.0747634e+02
   8.6408226e+02   4.2570596e+02
   7.5662419e+02   5.3143777e+02
   7.8125000e+02   4.9315557e+02
   1.0789984e+03   3.6919413e+02
   9.3124355e+02   4.7857187e+02
   9.3795968e+02   4.2388300e+02
   1.0588500e+03   4.9315557e+02
   1.0789984e+03   4.6034224e+02
