   6.8990778e+02   5.1493580e+02
   7.5649504e+02   4.0567510e+02
   5.3616861e+02   4.3904823e+02
   6.0400332e+02   4.9495087e+02
   6.8931229e+02   4.1880443e+02
   7.0185889e+02   6.5414251e+02
   8.0787919e+02   4.9871229e+02
   8.1128422e+02   5.7048058e+02
   8.9174799e+02   6.4116019e+02
   9.3616071e+02   5.3379400e+02
   8.6410737e+02   5.6219811e+02
   5.9066853e+02   6.4446144e+02
   5.6441230e+02   5.6971998e+02
   8.0363710e+02   6.4993032e+02
   7.2752097e+02   5.7701183e+02
   8.2378548e+02   4.2752892e+02
   9.1333387e+02   4.5487336e+02
