   6.9450000e+02   5.3314591e+02
   7.4960670e+02   4.0162840e+02
   4.6913780e+02   4.3110172e+02
   6.0861462e+02   4.8292775e+02
   6.8239535e+02   4.2681985e+02
   6.9053752e+02   6.3806522e+02
   8.0071840e+02   5.0258566e+02
   8.2692995e+02   5.9269417e+02
   9.6550644e+02   6.8558738e+02
   9.5119243e+02   5.6387262e+02
   9.8628315e+02   5.3953571e+02
   8.7851940e+02   6.0683010e+02
   9.0320493e+02   5.4018932e+02
   6.0976397e+02   6.7362883e+02
   5.5725150e+02   6.2805478e+02
   8.0363710e+02   6.6086810e+02
   7.2975968e+02   5.9341849e+02
   8.2378548e+02   4.3846670e+02
   9.2452742e+02   4.6216521e+02
