   5.6885696e+02   4.6635366e+02
   5.9967506e+02   5.0537805e+02
   5.8715050e+02   5.4722897e+02
   6.4053512e+02   5.5500467e+02
   6.7914340e+02   4.4038372e+02
   6.6260553e+02   3.9604264e+02
   7.3136509e+02   4.4806219e+02
   7.7206471e+02   4.3826278e+02
   1.5416345e+02   3.0418000e+02
   5.3053610e+02   5.0171094e+02
   5.0950899e+02   4.2591045e+02
   4.7558340e+02   4.6487440e+02
   4.5266020e+02   4.4500812e+02
   6.2300041e+02   4.3470715e+02
   5.5944522e+02   4.3661366e+02
   5.7279527e+02   4.1171951e+02
   5.9543801e+02   3.8050000e+02
   8.2733594e+02   5.5539603e+02
   6.7315457e+02   6.2044291e+02
   7.0196810e+02   6.1963841e+02
   7.3612904e+02   6.5282799e+02
   7.3174704e+02   7.0183836e+02
   7.1911372e+02   4.9100611e+02
   7.1879276e+02   5.3816990e+02
   7.4261582e+02   6.0050000e+02
   7.6525856e+02   6.2120588e+02
   7.5620147e+02   7.2285294e+02
   8.0511327e+02   6.2859284e+02
   8.3655663e+02   6.5797730e+02
   8.9462763e+02   7.0468692e+02
   9.3947415e+02   6.9496729e+02
   8.6126214e+02   8.3867352e+02
   8.1117565e+02   8.3414312e+02
   9.5994953e+02   5.4878649e+02
   1.0253414e+03   5.3938268e+02
   1.0034313e+03   5.0645903e+02
   9.2789046e+02   6.2702427e+02
   9.1696493e+02   6.6027011e+02
   8.8360900e+02   6.4324474e+02
   8.7232631e+02   5.9706442e+02
   5.8589467e+02   6.9185846e+02
   5.4054299e+02   7.3196363e+02
   5.6679923e+02   6.1711700e+02
   5.0473904e+02   6.5539921e+02
   8.0811452e+02   7.1737993e+02
   8.6408226e+02   7.4837029e+02
   8.3945645e+02   4.2388300e+02
   8.1035323e+02   5.0773926e+02
   1.0566113e+03   4.6763409e+02
   1.0700435e+03   3.8742375e+02
   9.3348226e+02   4.7857187e+02
   9.3348226e+02   4.3664373e+02
