   5.3803886e+02   4.5854878e+02
   5.9019257e+02   5.0342683e+02
   5.7554515e+02   5.4528505e+02
   6.2892977e+02   5.3945327e+02
   6.5079277e+02   4.5852326e+02
   6.3898000e+02   3.9604264e+02
   7.1732125e+02   4.5220149e+02
   7.6273361e+02   4.3826278e+02
   1.2287198e+02   3.0048222e+02
   5.2598154e+02   4.9358594e+02
   5.0042968e+02   4.4143284e+02
   4.2973699e+02   4.4103486e+02
   4.0452147e+02   4.0527555e+02
   5.8668316e+02   4.4042667e+02
   5.4128659e+02   4.3280064e+02
   5.2298124e+02   3.9415854e+02
   5.7279527e+02   3.7659756e+02
   6.6439748e+02   5.7888249e+02
   6.9129939e+02   6.1582539e+02
   7.4051105e+02   6.7831338e+02
   7.2079203e+02   6.9595712e+02
   7.0413146e+02   4.9645113e+02
   7.0775060e+02   5.4220874e+02
   7.9167104e+02   5.6644175e+02
   8.3141534e+02   5.4437511e+02
   7.3808728e+02   7.3226471e+02
   8.0286731e+02   6.1809839e+02
   8.4329450e+02   6.4118618e+02
   8.9462763e+02   7.1246262e+02
   9.3050485e+02   7.1635047e+02
   8.4554045e+02   8.5956849e+02
   7.9796709e+02   8.6120632e+02
   7.2975968e+02   6.0588081e+02
   7.5890970e+02   6.3694019e+02
   9.6651735e+02   5.4878649e+02
   1.0056223e+03   5.6068622e+02
   9.9904933e+02   5.1614246e+02
   9.2340218e+02   6.2096602e+02
   9.0790783e+02   6.5843103e+02
   8.7640484e+02   6.5466285e+02
   8.7710017e+02   5.9706442e+02
   5.7396002e+02   6.7362883e+02
   5.3338220e+02   6.5722217e+02
   5.2144755e+02   7.2114151e+02
   5.6202537e+02   7.4076415e+02
   5.6441230e+02   6.1517925e+02
   5.3099527e+02   5.8966981e+02
   5.0141129e+02   6.2440885e+02
   7.8348871e+02   6.7362883e+02
   7.8348871e+02   7.2831770e+02
   8.5960484e+02   7.2102585e+02
   8.6855968e+02   7.6842287e+02
   8.3274032e+02   4.2752892e+02
   7.8572742e+02   5.1320815e+02
   1.0566113e+03   4.8950964e+02
   1.0610887e+03   3.9471560e+02
   9.3124355e+02   4.8586372e+02
   9.3572097e+02   4.3482077e+02
