   6.8761166e+02   5.3112257e+02
   7.6338337e+02   4.1579183e+02
   4.9225187e+02   4.3706160e+02
   6.1322591e+02   4.8493160e+02
   7.0314618e+02   4.1680058e+02
   6.9733034e+02   6.4409420e+02
   8.0310533e+02   4.9677561e+02
   8.3140016e+02   5.8865534e+02
   9.5433092e+02   6.7549029e+02
   9.4900315e+02   5.6010109e+02
   9.8628315e+02   5.3767857e+02
   8.7403112e+02   5.8865534e+02
   8.9647251e+02   5.4624757e+02
   6.1215090e+02   6.6998291e+02
   5.5725150e+02   6.2805478e+02
   8.0811452e+02   6.5722217e+02
   7.2975968e+02   5.8612664e+02
   8.3274032e+02   4.4211262e+02
   9.1333387e+02   4.6216521e+02
