   5.5463322e+02   4.6245122e+02
   5.9967506e+02   5.0537805e+02
   5.7554515e+02   5.4334112e+02
   6.3357191e+02   5.4917290e+02
   6.5079277e+02   4.4441473e+02
   6.5079277e+02   3.9604264e+02
   7.2200253e+02   4.5220149e+02
   7.6040084e+02   4.4026856e+02
   1.3628261e+02   3.0418000e+02
   5.3053610e+02   4.9358594e+02
   4.9815985e+02   4.4143284e+02
   4.3661396e+02   4.4302149e+02
   4.2286003e+02   4.2514183e+02
   5.9576247e+02   4.2326810e+02
   5.4128659e+02   4.2326810e+02
   5.4788825e+02   3.9610976e+02
   5.6826672e+02   3.7464634e+02
   6.6001893e+02   5.9273597e+02
   6.9770061e+02   6.2154491e+02
   7.3832005e+02   6.5478841e+02
   7.2955604e+02   6.9007587e+02
   6.9771049e+02   4.9282112e+02
   7.0112530e+02   5.3009223e+02
   8.0271321e+02   5.7048058e+02
   8.2698083e+02   5.3482507e+02
   7.4714437e+02   7.2285294e+02
   8.0286731e+02   6.1809839e+02
   8.3206472e+02   6.5168063e+02
   8.9238530e+02   6.9107944e+02
   9.4844346e+02   6.9107944e+02
   8.5227832e+02   8.4817123e+02
   8.0016852e+02   8.4380855e+02
   7.3423710e+02   5.7502028e+02
   7.5426756e+02   6.1305502e+02
   9.5557098e+02   5.4312919e+02
   1.0253414e+03   5.3744600e+02
   1.0012403e+03   5.0645903e+02
   9.2789046e+02   6.2096602e+02
   9.1470065e+02   6.6210920e+02
   8.7880623e+02   6.5275984e+02
   8.7710017e+02   5.9706442e+02
   6.0021625e+02   6.9550438e+02
   5.5247764e+02   7.3560955e+02
   5.6679923e+02   6.1347108e+02
   4.9996518e+02   6.4446144e+02
   8.1706935e+02   6.9185846e+02
   8.7975323e+02   7.2831770e+02
   8.7079839e+02   7.6113103e+02
   8.3497903e+02   4.2570596e+02
   7.9468226e+02   5.0956223e+02
   1.0678048e+03   4.6763409e+02
   1.0722823e+03   3.9836152e+02
   9.3348226e+02   4.8039483e+02
   9.5363065e+02   4.4211262e+02
