   7.0244440e+02   4.1952439e+02
   7.6372976e+02   4.3708537e+02
   5.8545132e+02   4.8001220e+02
   6.2575192e+02   5.1123171e+02
   6.2196656e+02   5.4722897e+02
   6.5910368e+02   5.4722897e+02
   1.8545491e+02   2.8014444e+02
   5.4188963e+02   4.9561962e+02
   4.6761538e+02   4.3988756e+02
   6.0767667e+02   4.5200000e+02
   6.1745184e+02   3.8965819e+02
   6.8789572e+02   6.1755398e+02
   7.4162692e+02   6.5466285e+02
   7.3040622e+02   5.0622736e+02
   8.0347969e+02   5.4163422e+02
   7.6881723e+02   6.6741262e+02
   8.3635179e+02   6.3243312e+02
   9.2677524e+02   6.9111651e+02
   8.9060586e+02   8.1500366e+02
   8.7252117e+02   8.3021787e+02
   9.4681388e+02   5.5255802e+02
   9.8411778e+02   5.3582143e+02
   9.3462288e+02   6.1894660e+02
   9.2149347e+02   6.4555747e+02
   8.9081315e+02   6.1660247e+02
   8.6755245e+02   5.8612664e+02
   5.9544239e+02   6.6815995e+02
   5.6202537e+02   7.3014067e+02
   5.7157309e+02   6.1893996e+02
   5.2383448e+02   6.6815995e+02
   8.1035323e+02   6.9550438e+02
   8.5960484e+02   7.1555697e+02
   7.3423710e+02   5.9524145e+02
   8.2602419e+02   4.2388300e+02
   8.0139839e+02   4.9497853e+02
   1.0566113e+03   4.4211262e+02
   9.2676613e+02   4.4940447e+02
