   7.0368445e+02   4.9267899e+02
   7.6108726e+02   4.0162840e+02
   5.5234846e+02   4.0924881e+02
   6.1322591e+02   4.8693545e+02
   6.9392359e+02   4.2080829e+02
   6.9959462e+02   5.9988164e+02
   8.1742691e+02   4.8709218e+02
   8.2692995e+02   5.5230583e+02
   8.7610225e+02   6.1086893e+02
   9.5869318e+02   5.2970354e+02
   8.7300481e+02   5.2687736e+02
   6.0260318e+02   6.6815995e+02
   6.0499011e+02   6.0617923e+02
   7.9468226e+02   6.1711700e+02
   7.3423710e+02   5.5513628e+02
   8.1483065e+02   4.0747634e+02
   9.1333387e+02   4.2206004e+02
