   7.1286890e+02   4.7446887e+02
   7.6567949e+02   4.0567510e+02
   5.6852831e+02   3.9732904e+02
   6.3397674e+02   4.8292775e+02
   7.0545183e+02   4.1078902e+02
   6.9053752e+02   5.6571739e+02
   8.0310533e+02   4.7547207e+02
   8.3587037e+02   5.5028641e+02
   8.7833736e+02   6.0481068e+02
   9.7221266e+02   5.3379400e+02
   8.7745353e+02   5.2687736e+02
   6.0737704e+02   6.4810736e+02
   6.0737704e+02   5.9159553e+02
   8.0139839e+02   6.5539921e+02
   7.6557903e+02   5.5331332e+02
   8.2602419e+02   4.1659115e+02
   9.1557258e+02   4.2752892e+02
