   6.3601685e+02   4.5382057e+02
   6.7166372e+02   5.4538038e+02
   7.3876165e+02   4.0586585e+02
   7.9323753e+02   4.4489024e+02
   3.5979308e+02   3.8738000e+02
   5.8831104e+02   5.1353349e+02
   5.6742140e+02   4.2794498e+02
   6.6868766e+02   4.3800000e+02
   6.8996776e+02   3.6656846e+02
   6.9670143e+02   6.1565096e+02
   7.4387106e+02   6.3182662e+02
   7.4611520e+02   4.9861528e+02
   8.0998594e+02   5.3573629e+02
   7.8893317e+02   6.3106311e+02
   8.5443648e+02   6.2156583e+02
   9.4712052e+02   6.9763689e+02
   9.3129642e+02   7.6718757e+02
   9.6213880e+02   5.4878649e+02
   9.6246412e+02   5.1539286e+02
   9.4135530e+02   6.3914078e+02
   8.8300768e+02   5.7250000e+02
   6.0260318e+02   6.6633699e+02
   5.7396002e+02   7.3196363e+02
   5.9305546e+02   6.1893996e+02
   5.4770378e+02   6.3352366e+02
   8.0811452e+02   6.7180587e+02
   8.4169516e+02   7.1191104e+02
   7.4543065e+02   5.8794961e+02
   8.4169516e+02   4.3299781e+02
   8.3497903e+02   4.8768668e+02
   1.0454177e+03   4.5305039e+02
   9.6482419e+02   4.4940447e+02
