   6.9220389e+02   4.9267899e+02
   7.5879115e+02   3.9758171e+02
   5.5003705e+02   4.1123543e+02
   6.1783721e+02   4.9094316e+02
   6.7778405e+02   4.1680058e+02
   6.9959462e+02   5.9988164e+02
   8.1742691e+02   4.8709218e+02
   8.2692995e+02   5.5028641e+02
   8.7610225e+02   6.1086893e+02
   9.5869318e+02   5.2765831e+02
   8.7300481e+02   5.2687736e+02
   6.0499011e+02   6.5539921e+02
   6.0737704e+02   6.0435627e+02
   7.9468226e+02   6.1893996e+02
   7.3423710e+02   5.6060517e+02
   8.1483065e+02   4.0747634e+02
   9.1109516e+02   4.2752892e+02
