   5.4040948e+02   4.7610976e+02
   5.8545132e+02   4.9367073e+02
   5.7554515e+02   5.6083645e+02
   6.3357191e+02   5.4528505e+02
   6.5788043e+02   4.6053876e+02
   6.4134255e+02   4.0007364e+02
   7.3136509e+02   4.6254975e+02
   7.7206471e+02   4.3625699e+02
   9.8285829e+01   3.1342444e+02
   5.2370427e+02   5.2811719e+02
   4.8227105e+02   4.5889552e+02
   4.2286003e+02   4.3706160e+02
   3.9764451e+02   4.0130229e+02
   5.8668316e+02   4.2517461e+02
   5.3220728e+02   4.3089413e+02
   5.0939560e+02   3.7464634e+02
   5.6600245e+02   3.7269512e+02
   6.6877603e+02   5.7888249e+02
   6.8703190e+02   6.2917094e+02
   7.2955604e+02   6.7243214e+02
   7.2955604e+02   7.0183836e+02
   6.9128951e+02   5.0189616e+02
   7.1216746e+02   5.4018932e+02
   8.0050477e+02   5.5432524e+02
   8.3363259e+02   5.3482507e+02
   7.2676591e+02   7.3791176e+02
   8.0062136e+02   6.2439506e+02
   8.3880259e+02   6.4538396e+02
   8.9238530e+02   7.2023832e+02
   9.3498950e+02   7.1829439e+02
   8.4778641e+02   8.5766895e+02
   7.8916138e+02   8.7087175e+02
   7.3199839e+02   6.0382344e+02
   7.5890970e+02   6.4291148e+02
   9.3528643e+02   5.4462879e+02
   9.6311064e+02   5.7220455e+02
   1.0056223e+03   5.6455959e+02
   9.9247632e+02   5.1614246e+02
   9.2340218e+02   6.2702427e+02
   9.1017210e+02   6.6210920e+02
   8.7400346e+02   6.5846889e+02
   8.7471324e+02   6.0435627e+02
   5.8589467e+02   6.8456661e+02
   5.1667369e+02   6.6269106e+02
   5.2383448e+02   7.2899057e+02
   5.6202537e+02   7.5842453e+02
   5.6918616e+02   6.1125472e+02
   5.3338220e+02   6.0733019e+02
   4.9469516e+02   6.2440885e+02
   7.9244355e+02   6.7909772e+02
   7.7901129e+02   7.2649474e+02
   8.5288871e+02   7.3925548e+02
   9.0214032e+02   7.8300657e+02
   8.3050161e+02   4.2752892e+02
   7.9244355e+02   5.0591630e+02
   1.0610887e+03   4.7857187e+02
   1.0722823e+03   3.9653856e+02
   9.3124355e+02   4.7857187e+02
   9.4019839e+02   4.3664373e+02
