   7.1286890e+02   4.6839883e+02
   7.6108726e+02   4.1174514e+02
   5.6621690e+02   3.8938252e+02
   6.2014286e+02   4.8292775e+02
   7.0545183e+02   4.1078902e+02
   6.9959462e+02   5.4763043e+02
   8.0787919e+02   4.7547207e+02
   8.4034058e+02   5.4826699e+02
   8.7833736e+02   6.0481068e+02
   9.7221266e+02   5.2970354e+02
   8.8190224e+02   5.3080189e+02
   6.2647248e+02   5.9341849e+02
   6.0260318e+02   6.0435627e+02
   8.0363710e+02   6.6086810e+02
   7.7229516e+02   5.6425110e+02
   8.1930806e+02   4.1659115e+02
   8.9766290e+02   4.4028966e+02
