   6.0804013e+02   5.3750935e+02
   6.6024298e+02   4.0007364e+02
   6.2716723e+02   3.7387209e+02
   7.2668381e+02   4.5634080e+02
   7.7673025e+02   4.3425121e+02
   5.4870666e+02   4.6377273e+02
   5.0840606e+02   4.6178230e+02
   5.8426601e+02   4.7372488e+02
   6.1745474e+02   4.6377273e+02
   5.5347639e+02   5.8817790e+02
   5.6049831e+02   5.2196067e+02
   6.7518971e+02   4.3042509e+02
   6.6114587e+02   4.7911423e+02
   1.7528097e+02   3.0658531e+02
   1.4112182e+02   3.0264218e+02
   4.6184260e+02   4.6277612e+02
   3.7242898e+02   3.8540926e+02
   5.2085814e+02   4.2517461e+02
   5.2977406e+02   3.7854878e+02
   5.0859696e+02   5.3199749e+02
   5.1772104e+02   5.0064070e+02
   4.2419926e+02   4.2747487e+02
   3.9454601e+02   4.4001759e+02
   5.6562243e+02   4.2329397e+02
   5.9983772e+02   4.0029899e+02
   6.0211873e+02   3.4176633e+02
   5.7930855e+02   3.5430905e+02
   7.2079203e+02   6.8615504e+02
   7.2955604e+02   7.2536334e+02
   6.7202660e+02   5.0915620e+02
   7.0554216e+02   5.3615049e+02
   7.9387947e+02   5.7451942e+02
   8.1811182e+02   4.9853489e+02
   6.5846965e+02   5.7493526e+02
   6.3851438e+02   6.1313545e+02
   6.9616294e+02   5.9021534e+02
   6.9172843e+02   6.3605556e+02
   6.9280179e+02   7.9626471e+02
   8.0062136e+02   6.4118618e+02
   8.5227832e+02   6.3698840e+02
   9.0359693e+02   7.2023832e+02
   9.3498950e+02   7.0663084e+02
   7.2975968e+02   6.0999555e+02
   7.6355184e+02   6.4092105e+02
   8.2389967e+02   8.7778230e+02
   8.6800000e+02   8.6583971e+02
   7.7979933e+02   8.8176316e+02
   7.9140468e+02   9.2157177e+02
   9.1602352e+02   5.4856818e+02
   9.6739129e+02   5.6826515e+02
   1.0253414e+03   5.4325605e+02
   9.9685833e+02   5.1614246e+02
   9.2961264e+02   6.1731106e+02
   9.3438650e+02   6.4810736e+02
   8.9380868e+02   6.5175329e+02
   8.6516552e+02   6.8638957e+02
   9.1290413e+02   5.8612664e+02
   8.6277859e+02   5.6060517e+02
   5.5247764e+02   7.0644216e+02
   4.9280439e+02   6.4628440e+02
   4.7370894e+02   7.5057547e+02
   5.3338220e+02   7.5450000e+02
   5.0951290e+02   6.1517925e+02
   4.6111452e+02   6.6269106e+02
   8.1259194e+02   6.9368142e+02
   7.7453387e+02   7.5019325e+02
   8.6408226e+02   7.5930806e+02
   9.1333387e+02   8.0305916e+02
   8.3050161e+02   4.0747634e+02
   8.6855968e+02   4.2935188e+02
   7.5662419e+02   5.2779185e+02
   7.8125000e+02   4.9315557e+02
   1.0789984e+03   3.6919413e+02
   9.3348226e+02   4.8586372e+02
   9.3795968e+02   4.2388300e+02
   1.0655661e+03   4.8768668e+02
   1.0834758e+03   4.5487336e+02
