   6.8531555e+02   5.2909922e+02
   7.6338337e+02   4.0769844e+02
   5.1074313e+02   4.4898138e+02
   6.1092027e+02   4.9294701e+02
   6.9392359e+02   4.1880443e+02
   6.9959462e+02   6.4610386e+02
   8.1503998e+02   5.0258566e+02
   8.1575443e+02   5.7048058e+02
   9.2303945e+02   6.5933495e+02
   9.4292045e+02   5.3174877e+02
   9.6770617e+02   5.1947738e+02
   8.5832215e+02   5.7855825e+02
   8.8300768e+02   5.4624757e+02
   6.0260318e+02   6.5357625e+02
   5.7157309e+02   5.9706442e+02
   8.0139839e+02   6.5904514e+02
   7.2752097e+02   5.7518887e+02
   8.2378548e+02   4.3482077e+02
   9.1781129e+02   4.4940447e+02
