   7.0244440e+02   3.9025610e+02
   7.5692028e+02   4.3513415e+02
   5.8308070e+02   4.7806098e+02
   6.1152818e+02   5.0732927e+02
   6.1964548e+02   5.4528505e+02
   6.5678261e+02   5.5111682e+02
   1.5192834e+02   2.8938889e+02
   5.4421070e+02   4.9960048e+02
   4.6761538e+02   4.3988756e+02
   6.1706298e+02   4.6000000e+02
   6.1971796e+02   3.9927891e+02
   6.8129144e+02   6.1184492e+02
   7.3713864e+02   6.7559607e+02
   7.2142967e+02   5.1003339e+02
   8.0347969e+02   5.4360019e+02
   7.7552254e+02   6.7347087e+02
   8.2278827e+02   6.3895350e+02
   8.5669707e+02   6.4330042e+02
   9.2677524e+02   6.9111651e+02
   8.7473786e+02   8.2537671e+02
   8.3539136e+02   8.7087175e+02
   9.5338170e+02   5.5821532e+02
   9.9061388e+02   5.3767857e+02
   9.2789046e+02   6.1894660e+02
   9.2149347e+02   6.4923563e+02
   8.8601038e+02   6.1850549e+02
   8.6516552e+02   5.8612664e+02
   5.9066853e+02   6.6998291e+02
   5.5486457e+02   7.3196363e+02
   5.6202537e+02   6.1347108e+02
   5.0951290e+02   6.6998291e+02
   8.1483065e+02   7.0644216e+02
   8.5736613e+02   7.1555697e+02
   7.3647581e+02   6.0435627e+02
   8.2602419e+02   4.2570596e+02
   8.0139839e+02   4.9497853e+02
   1.0543726e+03   4.5487336e+02
   9.3795968e+02   4.5851928e+02
