   5.9875585e+02   5.4139720e+02
   7.2668381e+02   4.5634080e+02
   7.8139580e+02   4.3826278e+02
   5.4633604e+02   4.5979187e+02
   5.0840606e+02   4.6178230e+02
   5.8189539e+02   4.7372488e+02
   6.1745474e+02   4.6377273e+02
   5.5347639e+02   5.8817790e+02
   5.6049831e+02   5.2001311e+02
   6.7518971e+02   4.3042509e+02
   6.5646459e+02   4.7911423e+02
   6.4944266e+02   4.0315918e+02
   6.3773946e+02   3.7589326e+02
   1.7755824e+02   3.1250000e+02
   1.4567637e+02   3.0658531e+02
   4.6184260e+02   4.6665672e+02
   4.0452147e+02   3.6951624e+02
   5.1858831e+02   4.2136159e+02
   5.3203834e+02   3.7659756e+02
   5.0631594e+02   5.3408794e+02
   5.1544002e+02   5.0064070e+02
   4.1963722e+02   4.2747487e+02
   3.9226500e+02   4.4210804e+02
   5.6790345e+02   4.2120352e+02
   5.9755670e+02   4.0029899e+02
   5.9299466e+02   3.3758543e+02
   5.7018447e+02   3.5639950e+02
   7.2736504e+02   6.9203629e+02
   7.3393804e+02   7.3320500e+02
   6.7202660e+02   5.0915620e+02
   7.0554216e+02   5.3615049e+02
   7.9387947e+02   5.7451942e+02
   8.1811182e+02   4.9853489e+02
   6.5846965e+02   5.8639532e+02
   6.3851438e+02   6.1313545e+02
   7.0503195e+02   5.9785537e+02
   6.9172843e+02   6.3987557e+02
   6.9506607e+02   8.0567647e+02
   8.0062136e+02   6.4118618e+02
   8.5227832e+02   6.3698840e+02
   9.0359693e+02   7.2023832e+02
   9.3498950e+02   7.0663084e+02
   7.3199839e+02   6.0999555e+02
   7.6355184e+02   6.4092105e+02
   8.2389967e+02   8.7778230e+02
   8.7032107e+02   8.6384928e+02
   7.7979933e+02   8.8972488e+02
   7.9140468e+02   9.2157177e+02
   9.1602352e+02   5.4856818e+02
   9.6739129e+02   5.6826515e+02
   1.0253414e+03   5.4325605e+02
   9.9685833e+02   5.1614246e+02
   9.2483878e+02   6.1922811e+02
   9.3438650e+02   6.4993032e+02
   9.0096948e+02   6.5175329e+02
   8.6516552e+02   6.8821253e+02
   9.1290413e+02   5.8612664e+02
   8.6277859e+02   5.6242813e+02
   5.5247764e+02   7.0644216e+02
   4.9996518e+02   6.4263848e+02
   4.7370894e+02   7.5057547e+02
   5.3099527e+02   7.5646226e+02
   5.0951290e+02   6.1517925e+02
   4.6111452e+02   6.6269106e+02
   8.1259194e+02   6.9368142e+02
   7.7453387e+02   7.5019325e+02
   8.6855968e+02   7.5930806e+02
   9.1557258e+02   8.0305916e+02
   8.3050161e+02   4.0747634e+02
   8.7751452e+02   4.4028966e+02
   7.5662419e+02   5.2779185e+02
   7.8125000e+02   4.8586372e+02
   1.0789984e+03   3.7101709e+02
   9.3795968e+02   4.8950964e+02
   9.3795968e+02   4.2388300e+02
   1.0655661e+03   4.8768668e+02
   1.0879532e+03   4.5305039e+02
