   7.2434946e+02   4.6232879e+02
   7.5419892e+02   4.1376848e+02
   5.7083972e+02   3.8540926e+02
   6.2705980e+02   4.8092389e+02
   7.0084053e+02   4.1279287e+02
   7.0412316e+02   5.0542754e+02
   8.0787919e+02   4.7547207e+02
   8.4034058e+02   5.4826699e+02
   8.7833736e+02   5.9875243e+02
   9.7221266e+02   5.3379400e+02
   8.8190224e+02   5.2883962e+02
   6.0737704e+02   5.9888738e+02
   5.8112081e+02   6.0982515e+02
   8.0363710e+02   6.4628440e+02
   7.9020484e+02   5.8248072e+02
   8.0811452e+02   4.0929930e+02
   8.8199194e+02   4.3299781e+02
