   6.5384029e+02   4.5780144e+02
   6.6943579e+02   5.5135167e+02
   7.4557114e+02   4.0001220e+02
   7.8869787e+02   4.4098780e+02
   3.7320370e+02   4.7058000e+02
   5.9759532e+02   5.1353349e+02
   5.7902676e+02   4.3192584e+02
   6.9215342e+02   4.5000000e+02
   6.9223388e+02   3.6464431e+02
   6.9009715e+02   6.2326304e+02
   7.1918553e+02   6.1660247e+02
   7.5509175e+02   5.0432434e+02
   8.1649219e+02   5.2197448e+02
   7.9116828e+02   6.0481068e+02
   8.7026059e+02   6.3025967e+02
   9.5164169e+02   6.7590230e+02
   9.3807818e+02   7.5414681e+02
   9.5776025e+02   5.5067226e+02
   9.6462949e+02   5.1539286e+02
   9.3911116e+02   6.2702427e+02
   8.7627526e+02   5.5028641e+02
   6.1931169e+02   6.8092068e+02
   5.9544239e+02   7.0279623e+02
   5.5009071e+02   6.0071034e+02
   5.4531685e+02   6.3716959e+02
   7.9244355e+02   6.6086810e+02
   8.2378548e+02   6.9185846e+02
   7.3199839e+02   5.8065776e+02
   8.3274032e+02   4.2935188e+02
   8.2378548e+02   4.7674890e+02
   1.0252694e+03   4.4393558e+02
   9.5586935e+02   4.4758151e+02
