   7.0062681e+02   5.1751435e+02
   6.7611958e+02   5.4936124e+02
   7.5465045e+02   4.0391463e+02
   7.8869787e+02   4.1757317e+02
   4.6913780e+02   4.7083429e+02
   6.9853488e+02   4.2080829e+02
   7.0314618e+02   3.9676204e+02
   6.3009030e+02   5.1751435e+02
   5.9991639e+02   4.5780144e+02
   6.8827325e+02   6.5816184e+02
   7.8426556e+02   4.9671226e+02
   8.3817969e+02   5.1411059e+02
   8.1351932e+02   5.7855825e+02
   8.6121824e+02   6.3243312e+02
   9.4033876e+02   6.6286155e+02
   9.6520521e+02   6.9328997e+02
   9.6432808e+02   5.5821532e+02
   9.9494462e+02   5.4696429e+02
   9.0320493e+02   6.2298544e+02
   8.9647251e+02   5.5432524e+02
   6.0021625e+02   6.9185846e+02
   5.6918616e+02   6.2987774e+02
   8.0811452e+02   6.6815995e+02
   7.2080484e+02   5.8430368e+02
   8.1930806e+02   4.5851928e+02
   9.7601774e+02   5.0956223e+02
   9.5586935e+02   4.8768668e+02
