   7.1966189e+02   4.5427114e+02
   7.5477150e+02   4.5220149e+02
   7.8139580e+02   4.3826278e+02
   5.4159479e+02   4.5382057e+02
   5.0840606e+02   4.6178230e+02
   5.7715414e+02   4.6974402e+02
   6.1745474e+02   4.5979187e+02
   5.5347639e+02   5.8817790e+02
   5.6752024e+02   5.2001311e+02
   6.0262985e+02   5.1417041e+02
   6.0965177e+02   5.4922659e+02
   6.7518971e+02   4.3237266e+02
   6.5646459e+02   4.7911423e+02
   6.4944266e+02   4.0315918e+02
   6.4008010e+02   3.6615543e+02
   1.6617186e+02   3.1644313e+02
   1.3428999e+02   3.2038626e+02
   4.6184260e+02   4.6665672e+02
   5.1858831e+02   4.1945509e+02
   5.2524551e+02   3.6684146e+02
   5.0631594e+02   5.3199749e+02
   5.1544002e+02   4.9855025e+02
   4.2648028e+02   4.2538442e+02
   3.9454601e+02   4.4001759e+02
   4.2419926e+02   3.8775628e+02
   3.8998398e+02   3.7521357e+02
   5.6562243e+02   4.1284171e+02
   5.9071364e+02   3.9402764e+02
   6.0896179e+02   3.2713317e+02
   5.7702753e+02   3.5221859e+02
   7.2736504e+02   6.9399670e+02
   7.2079203e+02   7.3320500e+02
   6.7202660e+02   5.0915620e+02
   7.0333373e+02   5.4422816e+02
   7.9829634e+02   5.6846117e+02
   8.2032907e+02   4.9662489e+02
   6.5181789e+02   5.9021534e+02
   5.9860383e+02   6.1886547e+02
   7.0503195e+02   5.9594536e+02
   6.8285942e+02   6.3987557e+02
   6.9280179e+02   8.0379412e+02
   8.0062136e+02   6.4118618e+02
   8.5227832e+02   6.3698840e+02
   9.0135460e+02   7.1246262e+02
   9.3723183e+02   7.0274299e+02
   7.3647581e+02   6.1822502e+02
   7.6123077e+02   6.4490191e+02
   8.1693645e+02   8.8773445e+02
   8.6103679e+02   8.6384928e+02
   7.7979933e+02   8.9171531e+02
   7.7747826e+02   9.4147608e+02
   9.2458481e+02   5.4068939e+02
   9.6739129e+02   5.6826515e+02
   1.0253414e+03   5.4519274e+02
   9.9466732e+02   5.1420577e+02
   9.2245185e+02   6.1539401e+02
   9.3438650e+02   6.4810736e+02
   9.0096948e+02   6.5175329e+02
   8.6993938e+02   6.8821253e+02
   9.1290413e+02   5.8612664e+02
   8.6755245e+02   5.6242813e+02
   5.5725150e+02   7.0644216e+02
   5.0712597e+02   6.4263848e+02
   4.8564359e+02   7.4468868e+02
   5.3815606e+02   7.5253774e+02
   5.1667369e+02   6.1125472e+02
   4.6783065e+02   6.5722217e+02
   8.1259194e+02   6.9185846e+02
   7.7453387e+02   7.4837029e+02
   8.6408226e+02   7.5930806e+02
   9.1557258e+02   8.0305916e+02
   8.3274032e+02   4.1112226e+02
   8.7527581e+02   4.3664373e+02
   7.5662419e+02   5.3326074e+02
   7.8125000e+02   4.8586372e+02
   1.0789984e+03   3.7101709e+02
   9.3795968e+02   4.8950964e+02
   9.3795968e+02   4.2388300e+02
   1.0700435e+03   4.8221779e+02
   1.0901919e+03   4.4940447e+02
