   6.0804013e+02   5.3362150e+02
   6.4843021e+02   3.9402713e+02
   7.3370573e+02   4.5427114e+02
   7.7906303e+02   4.3224542e+02
   5.5107728e+02   4.5581100e+02
   5.1551793e+02   4.6377273e+02
   5.8663664e+02   4.8168660e+02
   6.1745474e+02   4.5780144e+02
   5.6283895e+02   5.7844007e+02
   5.5581703e+02   5.2975094e+02
   6.7050843e+02   4.4600562e+02
   6.5412395e+02   4.8106180e+02
   1.4298792e+02   3.0972667e+02
   5.0776333e+02   5.2202344e+02
   4.7773140e+02   4.6665672e+02
   3.8847523e+02   4.3110172e+02
   3.7242898e+02   3.8739589e+02
   5.8441333e+02   4.1373556e+02
   5.1858831e+02   4.2136159e+02
   5.2298124e+02   3.7854878e+02
   5.8638091e+02   3.6293902e+02
   6.5345110e+02   5.8284063e+02
   6.8489816e+02   6.3489047e+02
   7.3393804e+02   6.8419463e+02
   7.2736504e+02   7.3124458e+02
   6.8058790e+02   5.0189616e+02
   7.0995903e+02   5.3009223e+02
   7.9829634e+02   5.7048058e+02
   8.2254633e+02   5.0617493e+02
   7.0638744e+02   7.9626471e+02
   8.0286731e+02   6.4328507e+02
   8.4778641e+02   6.3279062e+02
   8.9462763e+02   7.1829439e+02
   9.3274717e+02   7.0663084e+02
   8.4778641e+02   8.6906621e+02
   8.0016852e+02   9.0373420e+02
   7.3871452e+02   6.1616766e+02
   7.6819398e+02   6.4490191e+02
   9.1602352e+02   5.3675000e+02
   9.6097032e+02   5.7811364e+02
   1.0187684e+03   5.5487616e+02
   9.9685833e+02   5.1807914e+02
   9.3013460e+02   6.1288835e+02
   9.2006492e+02   6.5722217e+02
   8.8903482e+02   6.4993032e+02
   8.6277859e+02   6.8821253e+02
   9.1051720e+02   5.8430368e+02
   8.7471324e+02   5.5695925e+02
   5.5486457e+02   6.9185846e+02
   5.0473904e+02   6.5722217e+02
   4.9519132e+02   7.1721698e+02
   5.3338220e+02   7.4272642e+02
   5.1906062e+02   6.1321698e+02
   4.7006935e+02   6.4810736e+02
   8.0139839e+02   6.9185846e+02
   7.7453387e+02   7.3378659e+02
   8.5736613e+02   7.5930806e+02
   9.0885645e+02   7.9941323e+02
   8.3050161e+02   4.0747634e+02
   8.5736613e+02   4.3117485e+02
   7.5214677e+02   5.2232296e+02
   7.8572742e+02   4.9497853e+02
   1.0633274e+03   4.6763409e+02
   1.0812371e+03   3.7648598e+02
   9.3572097e+02   4.7674890e+02
   9.4691452e+02   4.1841411e+02
