   6.8057544e+02   4.9761005e+02
   6.6052408e+02   5.4139952e+02
   7.4557114e+02   4.1171951e+02
   7.8415822e+02   4.1952439e+02
   4.5366747e+02   4.5948667e+02
   6.0455853e+02   5.1154306e+02
   5.7438462e+02   4.4784928e+02
   7.0857946e+02   4.4000000e+02
   7.1036286e+02   3.5502359e+02
   6.8789572e+02   6.2136002e+02
   7.3265036e+02   6.1469945e+02
   7.5958003e+02   5.1574245e+02
   8.3167344e+02   5.1804253e+02
   8.0234380e+02   5.8259709e+02
   8.7478176e+02   6.3243312e+02
   9.4938111e+02   6.7372884e+02
   9.4938111e+02   7.3675914e+02
   9.5776025e+02   5.4878649e+02
   9.9494462e+02   5.3210714e+02
   9.4584357e+02   6.3308252e+02
   8.8300768e+02   5.5028641e+02
   6.1215090e+02   6.8821253e+02
   5.7157309e+02   6.2258589e+02
   7.9915968e+02   6.2987774e+02
   8.1035323e+02   6.9185846e+02
   7.3423710e+02   5.6971998e+02
   8.1930806e+02   4.2752892e+02
   8.1930806e+02   4.6763409e+02
   9.7154032e+02   4.6216521e+02
   9.4243710e+02   4.4758151e+02
