   6.2196656e+02   5.2390187e+02
   6.6969319e+02   4.6456977e+02
   6.5551787e+02   4.0208915e+02
   7.2902445e+02   4.6461940e+02
   7.8839412e+02   4.3826278e+02
   5.5818915e+02   4.6178230e+02
   5.2500043e+02   4.6178230e+02
   5.7478352e+02   4.9761005e+02
   6.0797225e+02   4.6178230e+02
   5.7454216e+02   5.7064981e+02
   5.7454216e+02   5.3754120e+02
   1.3404750e+02   3.0972667e+02
   5.1914971e+02   5.2405469e+02
   4.8000123e+02   4.6277612e+02
   4.0222915e+02   4.3706160e+02
   3.8618291e+02   3.9136915e+02
   5.9349264e+02   4.2708112e+02
   5.2539779e+02   4.2136159e+02
   5.2298124e+02   3.8440244e+02
   5.8185237e+02   3.6489024e+02
   6.6658675e+02   5.7294529e+02
   6.9556687e+02   6.2726444e+02
   7.3612904e+02   6.8027380e+02
   7.3174704e+02   7.1556126e+02
   6.8700887e+02   5.0008115e+02
   7.1216746e+02   5.3009223e+02
   8.0933850e+02   5.5432524e+02
   8.3141534e+02   5.1381497e+02
   7.1544454e+02   7.6238235e+02
   8.0286731e+02   6.3698840e+02
   8.4329450e+02   6.3488951e+02
   8.8117367e+02   7.1051869e+02
   9.2153554e+02   7.1051869e+02
   8.4554045e+02   8.6336758e+02
   7.8916138e+02   8.8440335e+02
   7.3871452e+02   6.0176607e+02
   7.6819398e+02   6.4490191e+02
   9.2030416e+02   5.3871970e+02
   9.6525096e+02   5.7811364e+02
   1.0165773e+03   5.6262291e+02
   9.9904933e+02   5.1807914e+02
   9.3462288e+02   6.1692718e+02
   9.1017210e+02   6.5107471e+02
   8.7471324e+02   6.4081551e+02
   8.5084394e+02   6.9368142e+02
   9.0574334e+02   5.9341849e+02
   8.6993938e+02   5.6607406e+02
   5.8589467e+02   6.9732734e+02
   5.0235211e+02   6.6633699e+02
   5.0473904e+02   7.1721698e+02
   5.4054299e+02   7.5646226e+02
   5.2860834e+02   6.1321698e+02
   4.8350161e+02   6.2987774e+02
   7.9468226e+02   6.8274365e+02
   7.6781774e+02   7.3378659e+02
   8.4841129e+02   7.5201621e+02
   9.0437903e+02   7.9394435e+02
   8.3497903e+02   4.1476819e+02
   8.5512742e+02   4.3482077e+02
   7.6110161e+02   5.1503111e+02
   7.9020484e+02   4.8768668e+02
   1.0543726e+03   4.6945706e+02
   1.0722823e+03   3.8013190e+02
   9.3348226e+02   4.8039483e+02
   9.5586935e+02   4.3664373e+02
