   7.2894169e+02   4.4816537e+02
   7.4731059e+02   4.0972179e+02
   5.7546253e+02   3.8342264e+02
   6.3167110e+02   4.7491233e+02
   7.0084053e+02   4.0277360e+02
   7.0412316e+02   5.0542754e+02
   7.8878375e+02   4.7740875e+02
   8.4034058e+02   5.4826699e+02
   8.7610225e+02   5.9875243e+02
   9.7221266e+02   5.4197493e+02
   8.9524840e+02   5.3276415e+02
   5.9544239e+02   5.9888738e+02
   5.9066853e+02   6.1893996e+02
   7.9692097e+02   6.3170070e+02
   8.1259194e+02   5.8248072e+02
   8.1035323e+02   4.1112226e+02
   8.7975323e+02   4.2206004e+02
