   6.1500334e+02   5.3556542e+02
   6.4843021e+02   3.9402713e+02
   7.3370573e+02   4.5634080e+02
   7.7906303e+02   4.3224542e+02
   5.5107728e+02   4.5780144e+02
   5.1551793e+02   4.6178230e+02
   5.8900726e+02   4.8367703e+02
   6.1982536e+02   4.6377273e+02
   5.6283895e+02   5.7844007e+02
   5.5347639e+02   5.2585581e+02
   6.6816779e+02   4.4795318e+02
   6.5880523e+02   4.7521910e+02
   1.3851771e+02   3.1157556e+02
   5.0776333e+02   5.2202344e+02
   4.7546157e+02   4.6471642e+02
   3.8847523e+02   4.3110172e+02
   3.7242898e+02   3.8739589e+02
   5.8441333e+02   4.1373556e+02
   5.1858831e+02   4.2136159e+02
   5.2524551e+02   3.8245122e+02
   5.7958809e+02   3.6293902e+02
   6.5564038e+02   5.8086156e+02
   6.8276441e+02   6.3489047e+02
   7.4270205e+02   6.8419463e+02
   7.2517403e+02   7.2732375e+02
   6.8058790e+02   5.0189616e+02
   7.0995903e+02   5.3211165e+02
   8.0050477e+02   5.6442233e+02
   8.2032907e+02   5.0617493e+02
   7.0185889e+02   7.9061765e+02
   8.0062136e+02   6.3908729e+02
   8.4778641e+02   6.3279062e+02
   8.9462763e+02   7.1829439e+02
   9.3274717e+02   7.0663084e+02
   8.4778641e+02   8.6906621e+02
   8.0016852e+02   9.0953346e+02
   7.3423710e+02   6.0176607e+02
   7.6819398e+02   6.4291148e+02
   9.1174287e+02   5.3478030e+02
   9.6097032e+02   5.7811364e+02
   1.0187684e+03   5.6068622e+02
   9.9685833e+02   5.2001583e+02
   9.2789046e+02   6.1692718e+02
   9.2006492e+02   6.5539921e+02
   8.9142175e+02   6.4628440e+02
   8.6277859e+02   6.8821253e+02
   9.1051720e+02   5.8430368e+02
   8.7232631e+02   5.6060517e+02
   5.6679923e+02   6.9185846e+02
   5.0235211e+02   6.5539921e+02
   4.9996518e+02   7.1721698e+02
   5.4292992e+02   7.4861321e+02
   5.1906062e+02   6.1321698e+02
   4.7454677e+02   6.4446144e+02
   7.9468226e+02   6.8638957e+02
   7.7453387e+02   7.3378659e+02
   8.5512742e+02   7.5930806e+02
   9.0885645e+02   7.9941323e+02
   8.3050161e+02   4.0747634e+02
   8.5512742e+02   4.3299781e+02
   7.5214677e+02   5.1685408e+02
   7.8125000e+02   4.8768668e+02
   1.0610887e+03   4.7128002e+02
   1.0812371e+03   3.7648598e+02
   9.3572097e+02   4.7674890e+02
   9.4467581e+02   4.2570596e+02
