   7.1286890e+02   4.7042218e+02
   7.6567949e+02   4.0567510e+02
   5.6390550e+02   3.8938252e+02
   6.2244850e+02   4.8693545e+02
   7.0545183e+02   4.1078902e+02
   6.9733034e+02   5.5164976e+02
   8.0787919e+02   4.7547207e+02
   8.3587037e+02   5.5028641e+02
   8.7833736e+02   6.0481068e+02
   9.7221266e+02   5.3379400e+02
   8.7522917e+02   5.3276415e+02
   6.1692476e+02   6.3352366e+02
   6.0499011e+02   5.9341849e+02
   8.0139839e+02   6.5539921e+02
   7.6557903e+02   5.5331332e+02
   8.2602419e+02   4.1659115e+02
   9.0214032e+02   4.3482077e+02
