   5.7322408e+02   5.6278037e+02
   6.2660870e+02   5.4334112e+02
   6.5551787e+02   4.6255426e+02
   6.4134255e+02   4.0208915e+02
   7.2902445e+02   4.6254975e+02
   7.7206471e+02   4.3625699e+02
   5.5344791e+02   4.6974402e+02
   5.1551793e+02   4.7571531e+02
   5.7241289e+02   5.1154306e+02
   5.9848975e+02   4.9761005e+02
   1.1393156e+02   3.1527333e+02
   5.1914971e+02   5.1796094e+02
   4.8454088e+02   4.5889552e+02
   4.0452147e+02   4.2911509e+02
   3.8159827e+02   3.8739589e+02
   5.9349264e+02   4.3470715e+02
   5.2993745e+02   4.3280064e+02
   5.2298124e+02   3.7854878e+02
   5.8185237e+02   3.7269512e+02
   6.6001893e+02   5.7294529e+02
   6.9556687e+02   6.2726444e+02
   7.3174704e+02   6.8027380e+02
   7.2955604e+02   7.0968002e+02
   6.9557016e+02   4.9645113e+02
   7.1658433e+02   5.3413107e+02
   8.0492164e+02   5.6038350e+02
   8.3584984e+02   5.4246511e+02
   7.2450163e+02   7.4544118e+02
   7.9837540e+02   6.3908729e+02
   8.4554045e+02   6.3698840e+02
   8.9014297e+02   7.1635047e+02
   9.3050485e+02   7.1440654e+02
   8.4329450e+02   8.5956849e+02
   7.7375139e+02   8.8826952e+02
   7.3871452e+02   6.0588081e+02
   7.6587291e+02   6.4888278e+02
   9.2886546e+02   5.3478030e+02
   9.6097032e+02   5.7417424e+02
   1.0100043e+03   5.6068622e+02
   1.0034313e+03   5.1614246e+02
   9.3911116e+02   6.1490777e+02
   9.1470065e+02   6.5475287e+02
   8.8187403e+02   6.4810736e+02
   8.6039166e+02   6.9550438e+02
   9.0335641e+02   6.0071034e+02
   8.6755245e+02   5.8794961e+02
   5.9066853e+02   6.9915031e+02
   5.1189983e+02   6.5357625e+02
   5.1667369e+02   7.2702830e+02
   5.5009071e+02   7.4861321e+02
   5.9544239e+02   5.2099057e+02
   5.3099527e+02   6.1517925e+02
   4.8574032e+02   6.2258589e+02
   8.0811452e+02   6.7909772e+02
   7.7677258e+02   7.2649474e+02
   8.4841129e+02   7.5019325e+02
   9.0661774e+02   7.8665250e+02
   8.2378548e+02   4.2570596e+02
   8.4617258e+02   4.3299781e+02
   7.6334032e+02   5.1867704e+02
   7.9020484e+02   4.9862445e+02
   1.0588500e+03   4.6945706e+02
   1.0789984e+03   3.7830894e+02
   9.3348226e+02   4.7674890e+02
   9.4915323e+02   4.3664373e+02
