   6.1819342e+02   4.4983971e+02
   6.5384029e+02   5.3542823e+02
   7.2968234e+02   4.1562195e+02
   7.8869787e+02   4.4879268e+02
   3.9108454e+02   3.4670444e+02
   5.8831104e+02   5.2149522e+02
   5.6045819e+02   4.5780144e+02
   6.5695478e+02   4.4200000e+02
   6.7410490e+02   3.7234089e+02
   6.9890285e+02   6.1755398e+02
   7.3713864e+02   6.3563266e+02
   7.5060348e+02   5.0242132e+02
   8.0347969e+02   5.3966824e+02
   7.8222786e+02   6.4116019e+02
   8.4087296e+02   6.2591275e+02
   9.5164169e+02   6.9981034e+02
   9.1999349e+02   7.8674869e+02
   9.6213880e+02   5.4878649e+02
   9.5380265e+02   5.1910714e+02
   9.3237874e+02   6.5529612e+02
   8.9647251e+02   5.8057767e+02
   6.0976397e+02   6.7545180e+02
   5.7873388e+02   7.2649474e+02
   5.8589467e+02   6.2258589e+02
   5.3815606e+02   6.4446144e+02
   8.0587581e+02   6.8274365e+02
   8.4841129e+02   7.1555697e+02
   7.4543065e+02   5.8977257e+02
   8.3945645e+02   4.3117485e+02
   8.1035323e+02   4.9133260e+02
   1.0476565e+03   4.4940447e+02
   9.6258548e+02   4.4211262e+02
