   7.1746112e+02   4.7244553e+02
   7.6338337e+02   4.0769844e+02
   5.6390550e+02   3.8938252e+02
   6.2014286e+02   4.8292775e+02
   7.0545183e+02   4.1078902e+02
   7.0185889e+02   5.5164976e+02
   8.0787919e+02   4.7547207e+02
   8.3587037e+02   5.5028641e+02
   8.7833736e+02   6.0481068e+02
   9.7221266e+02   5.2970354e+02
   8.7522917e+02   5.3276415e+02
   6.1692476e+02   6.2805478e+02
   6.0260318e+02   5.8794961e+02
   8.0139839e+02   6.6086810e+02
   7.6557903e+02   5.5331332e+02
   8.1930806e+02   4.1659115e+02
   9.0214032e+02   4.3846670e+02
