   6.0482584e+02   4.4784928e+02
   6.4938443e+02   5.3542823e+02
   7.2514268e+02   4.1562195e+02
   7.8415822e+02   4.5269512e+02
   3.8661433e+02   3.3930889e+02
   5.8831104e+02   5.2149522e+02
   5.6045819e+02   4.6178230e+02
   6.6164793e+02   4.5600000e+02
   6.6504041e+02   3.8196161e+02
   6.9890285e+02   6.1755398e+02
   7.3938278e+02   6.2992360e+02
   7.4162692e+02   5.0051830e+02
   8.0347969e+02   5.3966824e+02
   7.8222786e+02   6.4116019e+02
   8.4087296e+02   6.2808621e+02
   9.5164169e+02   6.9981034e+02
   9.1095114e+02   7.9761599e+02
   9.6651735e+02   5.5067226e+02
   9.5380265e+02   5.1910714e+02
   9.3686702e+02   6.5933495e+02
   9.0993735e+02   5.9471359e+02
   8.7403112e+02   5.7048058e+02
   6.0976397e+02   6.6998291e+02
   5.8112081e+02   7.1737993e+02
   5.8589467e+02   6.2440885e+02
   5.3815606e+02   6.4446144e+02
   8.0811452e+02   6.8456661e+02
   8.5065000e+02   7.2102585e+02
   7.4543065e+02   5.9524145e+02
   8.3945645e+02   4.3117485e+02
   8.0363710e+02   4.9315557e+02
   1.0476565e+03   4.4940447e+02
   9.5586935e+02   4.4211262e+02
