   6.9839888e+02   5.1353349e+02
   6.7389165e+02   5.4737081e+02
   7.5465045e+02   4.0781707e+02
   7.7734873e+02   4.2732927e+02
   4.5758077e+02   4.5295463e+02
   6.3241137e+02   5.1552392e+02
   5.8598997e+02   4.0804067e+02
   7.0388631e+02   4.4600000e+02
   7.1036286e+02   3.7811332e+02
   6.9733034e+02   6.6218116e+02
   7.6182417e+02   5.0242132e+02
   8.3601094e+02   5.1411059e+02
   8.1128422e+02   5.8259709e+02
   8.5443648e+02   6.1721891e+02
   9.4485993e+02   6.6068809e+02
   9.5616287e+02   7.0633072e+02
   9.6213880e+02   5.6387262e+02
   9.9494462e+02   5.4139286e+02
   9.1891390e+02   6.2298544e+02
   8.8749596e+02   5.5230583e+02
   5.9782932e+02   7.0097327e+02
   5.6202537e+02   6.1529404e+02
   8.0811452e+02   6.6269106e+02
   7.2528226e+02   5.8430368e+02
   8.1706935e+02   4.5669632e+02
   9.7154032e+02   4.9133260e+02
   9.4019839e+02   4.6216521e+02
