   6.9450000e+02   5.1493580e+02
   6.8990778e+02   5.3516926e+02
   7.5190281e+02   4.0769844e+02
   4.6913780e+02   4.5494126e+02
   6.0861462e+02   4.9294701e+02
   7.0775748e+02   4.3082755e+02
   6.8827325e+02   6.4409420e+02
   7.7684910e+02   5.0645903e+02
   8.1026612e+02   5.1226909e+02
   9.4986071e+02   6.7750971e+02
   8.2022464e+02   5.8461650e+02
   8.6347883e+02   6.2808621e+02
   9.6213880e+02   5.6198685e+02
   9.8844852e+02   5.3767857e+02
   8.9422838e+02   6.2500485e+02
   9.0096079e+02   5.4422816e+02
   6.0737704e+02   6.7362883e+02
   5.6918616e+02   6.2258589e+02
   8.0811452e+02   6.6633699e+02
   7.2975968e+02   5.9159553e+02
   8.2826290e+02   4.3482077e+02
   9.2900484e+02   4.4575855e+02
