   5.7833945e+02   4.6830488e+02
   6.0204569e+02   5.0928049e+02
   5.9643478e+02   5.4334112e+02
   6.5214047e+02   5.4722897e+02
   6.8150596e+02   4.3635271e+02
   6.6024298e+02   3.9402713e+02
   7.4306830e+02   4.4392289e+02
   7.7673025e+02   4.3425121e+02
   1.5416345e+02   3.1897111e+02
   5.2825882e+02   4.9967969e+02
   5.1858831e+02   4.6083582e+02
   4.8016804e+02   4.5494126e+02
   4.4119860e+02   4.3904823e+02
   6.2527024e+02   4.4805270e+02
   5.5036590e+02   4.3089413e+02
   5.7053100e+02   4.0781707e+02
   5.8864519e+02   3.8635366e+02
   7.3938278e+02   6.7369305e+02
   7.1020897e+02   4.9290622e+02
   7.1020897e+02   5.2335453e+02
   8.0998594e+02   5.4163422e+02
   6.7096530e+02   6.2638011e+02
   7.0196810e+02   6.2154491e+02
   7.4488010e+02   6.0050000e+02
   7.6073002e+02   7.1908824e+02
   8.0960518e+02   6.2859284e+02
   8.4554045e+02   6.5168063e+02
   9.0135460e+02   7.0663084e+02
   9.3947415e+02   6.9691121e+02
   8.5227832e+02   8.3867352e+02
   8.1557851e+02   8.4380855e+02
   9.6213880e+02   5.5444379e+02
   1.0187684e+03   5.4519274e+02
   9.9904933e+02   5.1033240e+02
   9.3013460e+02   6.2904369e+02
   9.1696493e+02   6.6394828e+02
   8.9081315e+02   6.3943870e+02
   8.7232631e+02   5.9341849e+02
   5.8350774e+02   6.9550438e+02
   5.4054299e+02   7.2649474e+02
   5.6679923e+02   6.1711700e+02
   5.1428676e+02   6.5539921e+02
   8.1930806e+02   6.9915031e+02
   8.6184355e+02   7.4837029e+02
   8.3945645e+02   4.3117485e+02
   8.1930806e+02   5.0044741e+02
   9.3572097e+02   4.6034224e+02
   1.0566113e+03   4.7492594e+02
   1.0700435e+03   3.9653856e+02
