   6.2933307e+02   4.5979187e+02
   6.6720787e+02   5.3940909e+02
   7.3649182e+02   4.1367073e+02
   7.9323753e+02   4.4489024e+02
   3.6873349e+02   3.5225111e+02
   5.8831104e+02   5.2149522e+02
   5.6974247e+02   4.4784928e+02
   6.6634108e+02   4.4200000e+02
   6.7637102e+02   3.6849260e+02
   7.0110428e+02   6.1755398e+02
   7.3713864e+02   6.3563266e+02
   7.5060348e+02   5.0242132e+02
   8.0347969e+02   5.3966824e+02
   7.8446296e+02   6.3712136e+02
   8.4765472e+02   6.2156583e+02
   9.5164169e+02   6.9981034e+02
   9.1773290e+02   7.8457524e+02
   9.6213880e+02   5.4878649e+02
   9.5596802e+02   5.1725000e+02
   9.3237874e+02   6.5327670e+02
   8.8076354e+02   5.8663592e+02
   6.0737704e+02   6.8092068e+02
   5.7634695e+02   7.2649474e+02
   5.9066853e+02   6.2440885e+02
   5.4531685e+02   6.3716959e+02
   8.1035323e+02   6.7545180e+02
   8.4169516e+02   7.1555697e+02
   7.4543065e+02   5.8977257e+02
   8.4393387e+02   4.3117485e+02
   8.3497903e+02   4.8768668e+02
   1.0431790e+03   4.5122743e+02
   9.6258548e+02   4.4393558e+02
