   6.9220389e+02   4.9267899e+02
   7.5190281e+02   3.9758171e+02
   5.5003705e+02   4.1322206e+02
   6.2244850e+02   4.9695472e+02
   6.8239535e+02   4.1680058e+02
   6.9733034e+02   6.2801691e+02
   8.0787919e+02   4.8515549e+02
   8.1575443e+02   5.5432524e+02
   8.7833736e+02   6.1086893e+02
   9.5869318e+02   5.2765831e+02
   8.5965865e+02   5.2687736e+02
   5.9066853e+02   6.5539921e+02
   6.0260318e+02   5.9341849e+02
   7.9468226e+02   6.1893996e+02
   7.2528226e+02   5.6789702e+02
   8.1483065e+02   4.0747634e+02
   9.0885645e+02   4.4575855e+02
