   6.9450000e+02   5.2707588e+02
   7.5190281e+02   4.0769844e+02
   4.7144921e+02   4.4500812e+02
   6.0861462e+02   4.8292775e+02
   6.8700664e+02   4.3082755e+02
   6.9053752e+02   6.3806522e+02
   7.9594454e+02   5.0645903e+02
   8.3810548e+02   5.9269417e+02
   8.6045652e+02   6.1894660e+02
   9.5656602e+02   6.8962621e+02
   9.5994953e+02   5.6764415e+02
   9.8844852e+02   5.3953571e+02
   8.9422838e+02   6.2096602e+02
   9.0320493e+02   5.4018932e+02
   6.0737704e+02   6.7362883e+02
   5.5963844e+02   6.2805478e+02
   8.0811452e+02   6.6633699e+02
   7.3199839e+02   5.8977257e+02
   8.2154677e+02   4.2935188e+02
   9.3348226e+02   4.5669632e+02
