   7.0062681e+02   5.1751435e+02
   6.7389165e+02   5.4737081e+02
   7.5238062e+02   4.0586585e+02
   7.8188839e+02   4.1757317e+02
   4.7376062e+02   4.6686103e+02
   7.0545183e+02   4.0277360e+02
   6.2312709e+02   5.1950478e+02
   5.9759532e+02   4.5183014e+02
   6.8827325e+02   6.5816184e+02
   7.8650970e+02   4.9671226e+02
   8.3817969e+02   5.1411059e+02
   8.2022464e+02   5.8461650e+02
   8.7478176e+02   6.4112696e+02
   9.4259935e+02   6.6068809e+02
   9.6520521e+02   6.9546343e+02
   9.6213880e+02   5.6010109e+02
   9.9061388e+02   5.3953571e+02
   8.9198424e+02   6.1692718e+02
   8.9647251e+02   5.5432524e+02
   6.0021625e+02   6.9185846e+02
   5.6918616e+02   6.2987774e+02
   8.0811452e+02   6.6815995e+02
   7.2080484e+02   5.8430368e+02
   8.1706935e+02   4.4211262e+02
   9.7377903e+02   5.0591630e+02
