   6.8072333e+02   5.1695914e+02
   7.6338337e+02   4.0769844e+02
   5.3385720e+02   4.4103486e+02
   6.1092027e+02   4.9495087e+02
   6.8931229e+02   4.1880443e+02
   7.0185889e+02   6.5414251e+02
   8.1026612e+02   4.9871229e+02
   8.1128422e+02   5.7048058e+02
   9.0515862e+02   6.5125728e+02
   9.4517370e+02   5.3583923e+02
   8.6188301e+02   5.7593396e+02
   8.7522917e+02   5.5827358e+02
   5.9066853e+02   6.4446144e+02
   5.7634695e+02   5.8612664e+02
   8.0587581e+02   6.6633699e+02
   7.2752097e+02   5.7701183e+02
   8.2378548e+02   4.2752892e+02
   9.1333387e+02   4.5669632e+02
