   5.4278010e+02   4.8001220e+02
   5.8545132e+02   5.0342683e+02
   5.7786622e+02   5.6472430e+02
   6.1964548e+02   5.3945327e+02
   6.5788043e+02   4.6053876e+02
   6.4134255e+02   4.0208915e+02
   7.2902445e+02   4.6461940e+02
   7.7206471e+02   4.3625699e+02
   1.0722625e+02   3.0972667e+02
   5.1914971e+02   5.2202344e+02
   4.8681071e+02   4.6083582e+02
   4.2056771e+02   4.3110172e+02
   3.8159827e+02   3.8540926e+02
   5.8668316e+02   4.2517461e+02
   5.3447711e+02   4.2898763e+02
   5.1165987e+02   3.7269512e+02
   5.7732382e+02   3.7074390e+02
   6.6877603e+02   5.7888249e+02
   6.9343313e+02   6.3679698e+02
   7.3174704e+02   6.8027380e+02
   7.2736504e+02   7.0968002e+02
   6.9128951e+02   4.9826614e+02
   7.1216746e+02   5.4018932e+02
   8.0271321e+02   5.5836408e+02
   8.3584984e+02   5.4246511e+02
   7.3582300e+02   7.4920588e+02
   7.9388350e+02   6.3488951e+02
   8.3880259e+02   6.4118618e+02
   8.8565832e+02   7.1635047e+02
   9.3274717e+02   7.1635047e+02
   8.4329450e+02   8.6336758e+02
   7.8035567e+02   8.8053717e+02
   7.3871452e+02   6.0588081e+02
   7.6123077e+02   6.4490191e+02
   9.2886546e+02   5.3675000e+02
   9.6311064e+02   5.7220455e+02
   1.0034313e+03   5.6068622e+02
   9.9247632e+02   5.1614246e+02
   9.2564632e+02   6.2298544e+02
   9.1243638e+02   6.6027011e+02
   8.8187403e+02   6.6086810e+02
   8.5084394e+02   6.9915031e+02
   9.0335641e+02   6.0071034e+02
   8.6277859e+02   5.9159553e+02
   5.8589467e+02   6.8456661e+02
   5.1428676e+02   6.6269106e+02
   5.1667369e+02   7.2702830e+02
   5.6679923e+02   7.5253774e+02
   5.9544239e+02   5.8574528e+02
   5.2860834e+02   6.1125472e+02
   4.8797903e+02   6.2258589e+02
   7.9468226e+02   6.8274365e+02
   7.6334032e+02   7.2649474e+02
   8.5288871e+02   7.5019325e+02
   9.0661774e+02   7.9394435e+02
   8.3050161e+02   4.3482077e+02
   7.9244355e+02   5.0591630e+02
   1.0588500e+03   4.6763409e+02
   1.0745210e+03   3.8013190e+02
   9.3348226e+02   4.8768668e+02
   9.4691452e+02   4.3846670e+02
