   5.4278010e+02   4.8001220e+02
   5.8071008e+02   5.1318293e+02
   6.0678693e+02   4.9952439e+02
   5.7090301e+02   5.6472430e+02
   6.1964548e+02   5.3945327e+02
   6.5788043e+02   4.6053876e+02
   6.4134255e+02   4.0208915e+02
   7.2902445e+02   4.6461940e+02
   7.7206471e+02   4.3625699e+02
   1.0946135e+02   3.1527333e+02
   5.1914971e+02   5.2202344e+02
   4.8681071e+02   4.6083582e+02
   4.0681379e+02   4.3308835e+02
   3.8159827e+02   3.8540926e+02
   5.8668316e+02   4.2517461e+02
   5.3447711e+02   4.3089413e+02
   5.1165987e+02   3.7269512e+02
   5.7732382e+02   3.7269512e+02
   6.6877603e+02   5.7888249e+02
   6.9343313e+02   6.3679698e+02
   7.3174704e+02   6.8027380e+02
   7.2517403e+02   7.1360085e+02
   6.9128951e+02   4.9826614e+02
   7.1216746e+02   5.4018932e+02
   8.0050477e+02   5.5634466e+02
   8.3584984e+02   5.4246511e+02
   7.3355873e+02   7.4732353e+02
   7.9837540e+02   6.3908729e+02
   8.4329450e+02   6.3698840e+02
   8.9014297e+02   7.1440654e+02
   9.3274717e+02   7.1635047e+02
   8.4329450e+02   8.6336758e+02
   7.8035567e+02   8.8053717e+02
   7.3871452e+02   6.0588081e+02
   7.6123077e+02   6.4490191e+02
   9.3100578e+02   5.3871970e+02
   9.6311064e+02   5.7220455e+02
   1.0056223e+03   5.5874953e+02
   9.9247632e+02   5.1614246e+02
   9.2564632e+02   6.2298544e+02
   9.1470065e+02   6.5475287e+02
   8.8187403e+02   6.5175329e+02
   8.5084394e+02   6.9915031e+02
   9.0335641e+02   6.0071034e+02
   8.6277859e+02   5.9159553e+02
   5.8589467e+02   6.8638957e+02
   5.1189983e+02   6.5722217e+02
   5.1667369e+02   7.2702830e+02
   5.6202537e+02   7.5450000e+02
   5.9782932e+02   5.7397170e+02
   5.2622141e+02   6.0929245e+02
   4.8126290e+02   6.2440885e+02
   8.0139839e+02   6.8456661e+02
   7.7453387e+02   7.2649474e+02
   8.5288871e+02   7.5019325e+02
   9.0885645e+02   7.9029842e+02
   8.3050161e+02   4.3482077e+02
   7.8796613e+02   5.0591630e+02
   1.0588500e+03   4.6945706e+02
   1.0745210e+03   3.8013190e+02
   9.3348226e+02   4.8221779e+02
   9.4691452e+02   4.3846670e+02
