   5.4278010e+02   4.5854878e+02
   5.8545132e+02   5.0342683e+02
   5.7786622e+02   5.4528505e+02
   6.3125084e+02   5.3945327e+02
   6.5315532e+02   4.7464729e+02
   6.3898000e+02   3.9604264e+02
   7.1732125e+02   4.5220149e+02
   7.6506639e+02   4.3826278e+02
   1.1393156e+02   3.0048222e+02
   5.2142699e+02   4.9764844e+02
   4.9589002e+02   4.5501493e+02
   4.2973699e+02   4.4103486e+02
   4.0910611e+02   4.0924881e+02
   5.8668316e+02   4.4042667e+02
   5.2766762e+02   4.3089413e+02
   5.2071697e+02   3.9220732e+02
   5.7732382e+02   3.7854878e+02
   6.6220820e+02   5.8086156e+02
   6.9343313e+02   6.1391888e+02
   7.3174704e+02   6.7635297e+02
   7.2079203e+02   7.0379877e+02
   7.0413146e+02   4.9645113e+02
   7.1658433e+02   5.4220874e+02
   8.0050477e+02   5.6240291e+02
   8.3584984e+02   5.3864509e+02
   7.3355873e+02   7.3414706e+02
   8.0286731e+02   6.1809839e+02
   8.4329450e+02   6.4118618e+02
   8.9238530e+02   7.1051869e+02
   9.3947415e+02   7.0663084e+02
   8.5677023e+02   8.5956849e+02
   7.9136281e+02   8.6507249e+02
   7.2975968e+02   5.9559397e+02
   7.5426756e+02   6.3694019e+02
   9.5240902e+02   5.3871970e+02
   9.7381226e+02   5.6432576e+02
   1.0078133e+03   5.6262291e+02
   9.9904933e+02   5.1614246e+02
   9.1891390e+02   6.1692718e+02
   9.0790783e+02   6.5843103e+02
   8.6679931e+02   6.5656587e+02
   8.7948710e+02   5.9524145e+02
   5.7634695e+02   6.7362883e+02
   5.3815606e+02   6.6998291e+02
   5.2144755e+02   7.2506604e+02
   5.6441230e+02   7.4272642e+02
   5.6918616e+02   6.2302830e+02
   5.3815606e+02   5.9948113e+02
   5.1036613e+02   6.2440885e+02
   7.8348871e+02   6.7727476e+02
   7.8348871e+02   7.3378659e+02
   8.5960484e+02   7.2102585e+02
   8.8870806e+02   7.7389176e+02
   8.3274032e+02   4.2570596e+02
   7.9020484e+02   5.1138519e+02
   1.0633274e+03   4.8586372e+02
   1.0610887e+03   3.9471560e+02
   9.2676613e+02   4.8950964e+02
   9.3795968e+02   4.4028966e+02
