   6.9450000e+02   5.2302918e+02
   7.5190281e+02   4.0769844e+02
   4.6913780e+02   4.5295463e+02
   6.0400332e+02   4.8292775e+02
   6.9622924e+02   4.3683911e+02
   6.9053752e+02   6.3806522e+02
   7.9355761e+02   5.1033240e+02
   9.5656602e+02   6.9164563e+02
   8.2022464e+02   5.8461650e+02
   8.6347883e+02   6.2808621e+02
   9.6213880e+02   5.6198685e+02
   9.8628315e+02   5.3767857e+02
   8.9647251e+02   6.2298544e+02
   9.0096079e+02   5.4422816e+02
   6.0737704e+02   6.7362883e+02
   5.6918616e+02   6.2258589e+02
   8.0811452e+02   6.6633699e+02
   7.2975968e+02   5.9159553e+02
   8.2602419e+02   4.2935188e+02
   9.2900484e+02   4.4940447e+02
