   6.9171509e+02   5.2149522e+02
   6.7166372e+02   5.5533254e+02
   7.4557114e+02   4.1171951e+02
   7.7961856e+02   4.1757317e+02
   4.6931320e+02   4.3914889e+02
   6.2080602e+02   5.1353349e+02
   5.8598997e+02   4.3789713e+02
   7.0857946e+02   4.4400000e+02
   7.0809673e+02   3.5117530e+02
   6.9450000e+02   6.2136002e+02
   7.0572070e+02   6.0137832e+02
   7.6182417e+02   5.1003339e+02
   8.3384219e+02   5.2394045e+02
   8.0681401e+02   5.8461650e+02
   8.7930293e+02   6.3025967e+02
   9.4485993e+02   6.6286155e+02
   9.4712052e+02   7.2154493e+02
   9.5119243e+02   5.5067226e+02
   9.8844852e+02   5.3767857e+02
   9.2564632e+02   6.2500485e+02
   8.8749596e+02   5.5230583e+02
   6.0737704e+02   6.9003550e+02
   5.6202537e+02   6.2440885e+02
   7.9468226e+02   6.4263848e+02
   8.0811452e+02   6.8821253e+02
   7.3423710e+02   5.6242813e+02
   8.1035323e+02   4.6398817e+02
   9.6706290e+02   4.8039483e+02
   9.4019839e+02   4.4940447e+02
