   7.0017457e+02   4.1952439e+02
   7.6372976e+02   4.3708537e+02
   5.9967506e+02   4.8586585e+02
   6.2575192e+02   5.1123171e+02
   6.2196656e+02   5.4722897e+02
   6.5910368e+02   5.4722897e+02
   2.1004106e+02   2.8014444e+02
   5.4653177e+02   5.0159091e+02
   4.7922074e+02   4.3988756e+02
   5.9359721e+02   4.5000000e+02
   6.1065347e+02   3.8580990e+02
   6.8789572e+02   6.2136002e+02
   7.3938278e+02   6.4514776e+02
   7.3040622e+02   5.1003339e+02
   8.0347969e+02   5.3573629e+02
   7.6881723e+02   6.6741262e+02
   8.4539414e+02   6.3025967e+02
   9.3355700e+02   6.9546343e+02
   8.7478176e+02   8.1717712e+02
   9.4681388e+02   5.5255802e+02
   9.8411778e+02   5.3582143e+02
   9.3462288e+02   6.1894660e+02
   9.2149347e+02   6.4371839e+02
   8.9081315e+02   6.1660247e+02
   8.6755245e+02   5.8612664e+02
   5.9544239e+02   6.6815995e+02
   5.5963844e+02   7.3014067e+02
   5.7634695e+02   6.1893996e+02
   5.2622141e+02   6.6815995e+02
   8.1035323e+02   6.9003550e+02
   8.6408226e+02   7.1555697e+02
   7.3199839e+02   5.9341849e+02
   8.2602419e+02   4.2388300e+02
   8.0139839e+02   4.9497853e+02
   1.0521339e+03   4.4393558e+02
   9.2900484e+02   4.4758151e+02
