   6.4047271e+02   4.5979187e+02
   6.6943579e+02   5.4538038e+02
   7.3195217e+02   4.1757317e+02
   7.9323753e+02   4.4489024e+02
   3.5755797e+02   3.5594889e+02
   5.8831104e+02   5.2149522e+02
   5.6974247e+02   4.3391627e+02
   6.6868766e+02   4.3800000e+02
   6.8770163e+02   3.6272017e+02
   7.0330571e+02   6.1755398e+02
   7.4387106e+02   6.3563266e+02
   7.5060348e+02   5.0242132e+02
   8.0998594e+02   5.3573629e+02
   7.8669807e+02   6.3510194e+02
   8.5443648e+02   6.2156583e+02
   9.4712052e+02   6.9763689e+02
   9.2903583e+02   7.7153448e+02
   9.6213880e+02   5.4878649e+02
   9.6029875e+02   5.1725000e+02
   9.3462288e+02   6.4116019e+02
   8.8300768e+02   5.7451942e+02
   6.0737704e+02   6.7545180e+02
   5.7396002e+02   7.3196363e+02
   5.9066853e+02   6.2440885e+02
   5.4770378e+02   6.3352366e+02
   8.1259194e+02   6.7362883e+02
   8.4169516e+02   7.1191104e+02
   7.4543065e+02   5.8977257e+02
   8.4617258e+02   4.3299781e+02
   8.3497903e+02   4.8768668e+02
   1.0409403e+03   4.4940447e+02
   9.6482419e+02   4.4940447e+02
