   5.4752135e+02   4.5854878e+02
   5.9967506e+02   5.0537805e+02
   5.7554515e+02   5.4334112e+02
   6.4053512e+02   5.4334112e+02
   6.5079277e+02   4.4441473e+02
   6.5079277e+02   3.9604264e+02
   7.1263997e+02   4.5634080e+02
   7.6040084e+02   4.4628592e+02
   1.2510709e+02   2.9863333e+02
   5.3053610e+02   4.9358594e+02
   5.0042968e+02   4.3949254e+02
   4.3202931e+02   4.4699475e+02
   4.0910611e+02   4.1918195e+02
   5.9122281e+02   4.2517461e+02
   5.4582625e+02   4.2136159e+02
   5.3430261e+02   3.8635366e+02
   5.7505954e+02   3.7659756e+02
   6.6439748e+02   5.9075690e+02
   6.9770061e+02   6.2154491e+02
   7.4270205e+02   6.5674882e+02
   7.2955604e+02   6.9595712e+02
   6.9771049e+02   4.9282112e+02
   7.0112530e+02   5.3009223e+02
   8.0271321e+02   5.7048058e+02
   8.2698083e+02   5.3100505e+02
   7.4488010e+02   7.2473529e+02
   8.1185113e+02   6.1809839e+02
   8.3206472e+02   6.4748285e+02
   8.9462763e+02   6.9302336e+02
   9.4844346e+02   6.9107944e+02
   8.5677023e+02   8.5007078e+02
   7.9136281e+02   8.4767472e+02
   7.3199839e+02   5.7502028e+02
   7.5890970e+02   6.1703589e+02
   9.5557098e+02   5.4312919e+02
   1.0275324e+03   5.2969926e+02
   1.0012403e+03   5.0645903e+02
   9.2789046e+02   6.2096602e+02
   9.1470065e+02   6.6210920e+02
   8.7400346e+02   6.5275984e+02
   8.7948710e+02   5.9888738e+02
   6.0260318e+02   6.9915031e+02
   5.4292992e+02   7.3560955e+02
   5.7396002e+02   5.9706442e+02
   5.0473904e+02   6.4263848e+02
   7.7005645e+02   6.6269106e+02
   7.9468226e+02   7.1008808e+02
   8.7975323e+02   7.2649474e+02
   8.5960484e+02   7.5201621e+02
   8.3721774e+02   4.2935188e+02
   7.9692097e+02   5.1138519e+02
   1.0722823e+03   4.7128002e+02
   1.0767597e+03   3.9653856e+02
   9.3348226e+02   4.8039483e+02
   9.5363065e+02   4.4211262e+02
