   5.6917897e+02   4.4784928e+02
   6.1819342e+02   5.3741866e+02
   7.0471423e+02   4.1952439e+02
   7.7734873e+02   4.4684146e+02
   2.7038889e+02   2.3577111e+02
   5.6742140e+02   5.0159091e+02
   4.8386288e+02   4.5382057e+02
   6.4052874e+02   4.6000000e+02
   6.3784694e+02   3.7811332e+02
   6.8349286e+02   6.0803888e+02
   7.3265036e+02   6.3182662e+02
   7.3938278e+02   5.1574245e+02
   8.0347969e+02   5.3770227e+02
   7.7328744e+02   6.6337379e+02
   8.3183062e+02   6.2156583e+02
   9.3807818e+02   7.0850418e+02
   8.8608469e+02   8.0630982e+02
   9.6432808e+02   5.5444379e+02
   9.6462949e+02   5.2096429e+02
   9.2564632e+02   6.5529612e+02
   8.9321453e+02   6.1660247e+02
   8.6755245e+02   5.8794961e+02
   6.0260318e+02   6.7362883e+02
   5.7396002e+02   7.2102585e+02
   5.8350774e+02   6.1711700e+02
   5.3099527e+02   6.6815995e+02
   8.1259194e+02   6.9003550e+02
   8.4393387e+02   7.2831770e+02
   7.3871452e+02   5.9159553e+02
   8.3497903e+02   4.2752892e+02
   8.1035323e+02   4.9497853e+02
   1.0409403e+03   4.4393558e+02
   9.3124355e+02   4.4393558e+02
