   6.9394302e+02   5.1353349e+02
   6.7389165e+02   5.4737081e+02
   7.5692028e+02   4.1171951e+02
   7.8188839e+02   4.3123171e+02
   4.5526936e+02   4.5692789e+02
   6.3241137e+02   5.1552392e+02
   5.9295318e+02   4.0605024e+02
   6.9450000e+02   4.5000000e+02
   7.1036286e+02   3.8773404e+02
   6.9733034e+02   6.6017150e+02
   7.6182417e+02   5.0242132e+02
   8.3167344e+02   5.2000851e+02
   8.1128422e+02   5.8259709e+02
   8.5443648e+02   6.1721891e+02
   9.4485993e+02   6.6068809e+02
   9.5842345e+02   6.9111651e+02
   9.6213880e+02   5.6387262e+02
   9.9494462e+02   5.4139286e+02
   9.1891390e+02   6.2298544e+02
   8.8749596e+02   5.5230583e+02
   5.9782932e+02   7.0097327e+02
   5.7634695e+02   6.2440885e+02
   8.0587581e+02   6.6269106e+02
   7.2080484e+02   5.8430368e+02
   8.1259194e+02   4.5487336e+02
   9.7154032e+02   4.9497853e+02
   9.4019839e+02   4.6398817e+02
