   6.6720787e+02   4.6178230e+02
   6.6943579e+02   5.5135167e+02
   7.4557114e+02   4.1171951e+02
   7.8642805e+02   4.3903659e+02
   3.7990902e+02   4.7058000e+02
   5.9991639e+02   5.0955263e+02
   5.8134783e+02   4.3988756e+02
   6.9919315e+02   4.4400000e+02
   6.9223388e+02   3.6272017e+02
   6.9009715e+02   6.2326304e+02
   7.3040622e+02   6.1660247e+02
   7.6406831e+02   5.0432434e+02
   8.1649219e+02   5.2197448e+02
   7.9563849e+02   6.0279126e+02
   8.7704235e+02   6.3460658e+02
   9.5164169e+02   6.7590230e+02
   9.3807818e+02   7.5414681e+02
   9.5776025e+02   5.4878649e+02
   9.7545632e+02   5.2467857e+02
   9.3911116e+02   6.2702427e+02
   8.7627526e+02   5.5028641e+02
   6.2169862e+02   6.7909772e+02
   5.9305546e+02   6.9915031e+02
   5.5009071e+02   6.0071034e+02
   5.4531685e+02   6.3899255e+02
   7.9692097e+02   6.6269106e+02
   8.2602419e+02   6.9732734e+02
   7.3423710e+02   5.7701183e+02
   8.3274032e+02   4.2935188e+02
   8.2378548e+02   4.7674890e+02
   1.0140758e+03   4.5851928e+02
   9.5586935e+02   4.4758151e+02
