   6.0339799e+02   5.3945327e+02
   5.6858194e+02   5.5694860e+02
   7.3838702e+02   4.5427114e+02
   7.8139580e+02   4.3826278e+02
   5.4159479e+02   4.5382057e+02
   5.0840606e+02   4.6178230e+02
   5.7715414e+02   4.7173445e+02
   6.1745474e+02   4.5979187e+02
   5.5347639e+02   5.8817790e+02
   5.6049831e+02   5.2001311e+02
   6.7518971e+02   4.3042509e+02
   6.5646459e+02   4.7911423e+02
   6.4944266e+02   4.0315918e+02
   6.3773946e+02   3.7199813e+02
   1.7528097e+02   3.0658531e+02
   1.4339910e+02   3.1841469e+02
   4.6184260e+02   4.6665672e+02
   4.1369075e+02   3.7944938e+02
   3.9535219e+02   3.6752961e+02
   5.1858831e+02   4.2136159e+02
   5.2977406e+02   3.6489024e+02
   5.0859696e+02   5.2990704e+02
   5.1544002e+02   4.9855025e+02
   4.1963722e+02   4.2329397e+02
   3.9454601e+02   4.4001759e+02
   5.6790345e+02   4.1284171e+02
   5.9983772e+02   4.0029899e+02
   6.0211873e+02   3.3967588e+02
   5.7018447e+02   3.5430905e+02
   7.2736504e+02   6.9203629e+02
   7.2736504e+02   7.3516541e+02
   6.7416692e+02   5.0915620e+02
   7.0333373e+02   5.4422816e+02
   7.9829634e+02   5.7250000e+02
   8.2476358e+02   4.9662489e+02
   6.5403514e+02   5.8830533e+02
   5.9638658e+02   6.2077548e+02
   7.0503195e+02   5.9594536e+02
   6.8285942e+02   6.3987557e+02
   6.9506607e+02   8.0567647e+02
   8.0062136e+02   6.4118618e+02
   8.5227832e+02   6.3698840e+02
   9.0359693e+02   7.2023832e+02
   9.3498950e+02   7.0663084e+02
   7.3647581e+02   6.1822502e+02
   7.6123077e+02   6.3893062e+02
   8.2389967e+02   8.7778230e+02
   8.5871572e+02   8.5986842e+02
   7.7979933e+02   8.8972488e+02
   7.8444147e+02   9.3152392e+02
   9.2458481e+02   5.4068939e+02
   9.6739129e+02   5.6826515e+02
   1.0253414e+03   5.4519274e+02
   9.9466732e+02   5.1420577e+02
   9.2245185e+02   6.1731106e+02
   9.3438650e+02   6.4993032e+02
   8.9858255e+02   6.5539921e+02
   8.6755245e+02   6.8821253e+02
   9.1290413e+02   5.8612664e+02
   8.6755245e+02   5.6242813e+02
   5.5486457e+02   7.0644216e+02
   5.0712597e+02   6.3352366e+02
   4.7609587e+02   7.4665094e+02
   5.3576913e+02   7.5450000e+02
   5.1906062e+02   6.0536792e+02
   4.7006935e+02   6.5904514e+02
   8.1259194e+02   6.9368142e+02
   7.7453387e+02   7.5019325e+02
   8.6408226e+02   7.5930806e+02
   9.1557258e+02   8.0305916e+02
   8.3274032e+02   4.1112226e+02
   8.7527581e+02   4.3846670e+02
   7.5662419e+02   5.2779185e+02
   7.8125000e+02   4.8586372e+02
   1.0789984e+03   3.7101709e+02
   9.3795968e+02   4.8950964e+02
   9.3795968e+02   4.2388300e+02
   1.0655661e+03   4.8768668e+02
   1.0879532e+03   4.4940447e+02
