   5.8477448e+02   4.4386842e+02
   6.3824478e+02   5.3542823e+02
   7.1379354e+02   4.1367073e+02
   7.7734873e+02   4.4684146e+02
   3.6649839e+02   2.4686444e+02
   5.7438462e+02   5.0955263e+02
   5.3724749e+02   4.5780144e+02
   6.4052874e+02   4.4800000e+02
   6.5597592e+02   3.8388575e+02
   6.8789572e+02   6.1945700e+02
   7.3713864e+02   6.3372964e+02
   7.2591795e+02   5.0813038e+02
   8.0347969e+02   5.3770227e+02
   7.7999275e+02   6.4519903e+02
   8.4991531e+02   6.2808621e+02
   9.5164169e+02   7.0415726e+02
   8.9060586e+02   7.9978945e+02
   9.6651735e+02   5.5067226e+02
   9.6029875e+02   5.1539286e+02
   9.3462288e+02   6.5529612e+02
   9.1002422e+02   6.1660247e+02
   8.7232631e+02   5.8430368e+02
   6.0260318e+02   6.7180587e+02
   5.7634695e+02   7.1373401e+02
   5.8350774e+02   6.1711700e+02
   5.3576913e+02   6.5539921e+02
   8.1035323e+02   6.8456661e+02
   8.4169516e+02   7.2102585e+02
   7.4095323e+02   5.9159553e+02
   8.3721774e+02   4.2935188e+02
   8.0139839e+02   4.9315557e+02
   1.0476565e+03   4.4211262e+02
   9.5363065e+02   4.4940447e+02
