   5.4040948e+02   4.7610976e+02
   5.8545132e+02   4.9367073e+02
   5.7786622e+02   5.6472430e+02
   6.3357191e+02   5.4528505e+02
   6.5788043e+02   4.6053876e+02
   6.4134255e+02   4.0208915e+02
   7.3136509e+02   4.6254975e+02
   7.7206471e+02   4.3625699e+02
   1.0052093e+02   3.1342444e+02
   5.2370427e+02   5.2608594e+02
   4.8227105e+02   4.6083582e+02
   4.2286003e+02   4.3706160e+02
   3.9764451e+02   4.0130229e+02
   5.8668316e+02   4.2517461e+02
   5.3674693e+02   4.2898763e+02
   5.0939560e+02   3.7464634e+02
   5.7505954e+02   3.6489024e+02
   6.6877603e+02   5.7888249e+02
   6.8916564e+02   6.3679698e+02
   7.2955604e+02   6.7243214e+02
   7.2955604e+02   7.0183836e+02
   6.9128951e+02   5.0189616e+02
   7.1216746e+02   5.4018932e+02
   8.0271321e+02   5.5230583e+02
   8.3584984e+02   5.4246511e+02
   7.2676591e+02   7.3791176e+02
   7.9163754e+02   6.2649395e+02
   8.3655663e+02   6.4328507e+02
   8.9238530e+02   7.2023832e+02
   9.3498950e+02   7.1829439e+02
   8.4778641e+02   8.5766895e+02
   7.8916138e+02   8.7087175e+02
   7.3199839e+02   6.0382344e+02
   7.5658863e+02   6.3494976e+02
   9.3528643e+02   5.4462879e+02
   9.6311064e+02   5.7220455e+02
   1.0056223e+03   5.6262291e+02
   9.9247632e+02   5.1614246e+02
   9.3462288e+02   6.2096602e+02
   9.1243638e+02   6.6394828e+02
   8.7160208e+02   6.6988701e+02
   8.9619561e+02   5.9888738e+02
   8.6277859e+02   5.9524145e+02
   5.8589467e+02   6.8456661e+02
   5.1667369e+02   6.6633699e+02
   5.1906062e+02   7.3487736e+02
   5.6441230e+02   7.5057547e+02
   5.7634695e+02   6.0929245e+02
   5.3099527e+02   6.1125472e+02
   4.9021774e+02   6.2987774e+02
   7.8796613e+02   6.8092068e+02
   7.8125000e+02   7.3014067e+02
   8.5288871e+02   7.3925548e+02
   9.0214032e+02   7.8665250e+02
   8.3050161e+02   4.2752892e+02
   7.9244355e+02   5.0591630e+02
   1.0610887e+03   4.7857187e+02
   1.0722823e+03   3.9289264e+02
   9.2900484e+02   4.8221779e+02
   9.4019839e+02   4.3664373e+02
