   5.5463322e+02   4.6245122e+02
   5.9967506e+02   5.0537805e+02
   5.7554515e+02   5.4334112e+02
   6.3821405e+02   5.4722897e+02
   6.5079277e+02   4.4441473e+02
   6.5079277e+02   3.9604264e+02
   7.1732125e+02   4.5220149e+02
   7.6040084e+02   4.4428014e+02
   1.2510709e+02   2.9863333e+02
   5.3053610e+02   4.9358594e+02
   4.9815985e+02   4.4337313e+02
   4.3202931e+02   4.4500812e+02
   4.0910611e+02   4.1719532e+02
   5.9576247e+02   4.2326810e+02
   5.4582625e+02   4.2136159e+02
   5.4109543e+02   3.8830488e+02
   5.6826672e+02   3.7464634e+02
   6.6439748e+02   5.9075690e+02
   6.9770061e+02   6.2154491e+02
   7.4270205e+02   6.5674882e+02
   7.2955604e+02   6.9007587e+02
   6.9771049e+02   4.9282112e+02
   7.0112530e+02   5.3009223e+02
   8.0271321e+02   5.7048058e+02
   8.2698083e+02   5.2909504e+02
   7.4714437e+02   7.2473529e+02
   8.1185113e+02   6.1809839e+02
   8.3206472e+02   6.5168063e+02
   8.9462763e+02   6.9302336e+02
   9.4844346e+02   6.9107944e+02
   8.5227832e+02   8.4817123e+02
   8.0016852e+02   8.4380855e+02
   7.3199839e+02   5.7502028e+02
   7.5658863e+02   6.1504545e+02
   9.5557098e+02   5.4312919e+02
   1.0275324e+03   5.2969926e+02
   1.0012403e+03   5.0645903e+02
   9.2789046e+02   6.2096602e+02
   9.1470065e+02   6.6210920e+02
   8.7880623e+02   6.5275984e+02
   8.7948710e+02   5.9888738e+02
   6.0260318e+02   6.9732734e+02
   5.4531685e+02   7.3560955e+02
   5.6918616e+02   5.9706442e+02
   5.0473904e+02   6.4263848e+02
   8.1930806e+02   6.9368142e+02
   7.9244355e+02   7.0826512e+02
   8.7975323e+02   7.2831770e+02
   8.7303710e+02   7.5930806e+02
   8.3497903e+02   4.2935188e+02
   7.9692097e+02   5.1138519e+02
   1.0722823e+03   4.7128002e+02
   1.0767597e+03   4.0018449e+02
   9.3348226e+02   4.8039483e+02
   9.5363065e+02   4.4211262e+02
