   6.2196656e+02   5.2778972e+02
   6.6969319e+02   4.5650775e+02
   6.5551787e+02   4.0208915e+02
   7.3370573e+02   4.5634080e+02
   7.7673025e+02   4.3224542e+02
   5.5107728e+02   4.5979187e+02
   5.1788856e+02   4.6178230e+02
   5.7952477e+02   4.8566746e+02
   6.1034287e+02   4.7173445e+02
   5.6517960e+02   5.8233521e+02
   5.4879511e+02   5.3169850e+02
   1.4745813e+02   3.0972667e+02
   5.0776333e+02   5.1999219e+02
   4.7773140e+02   4.5695522e+02
   4.0222915e+02   4.3110172e+02
   3.8618291e+02   3.8739589e+02
   5.9576247e+02   4.1564207e+02
   5.2539779e+02   4.2136159e+02
   5.2977406e+02   3.8050000e+02
   5.9770228e+02   3.6098780e+02
   6.6439748e+02   5.7492436e+02
   6.9129939e+02   6.4060999e+02
   7.4270205e+02   6.7831338e+02
   7.2736504e+02   7.2732375e+02
   6.7844757e+02   4.9463613e+02
   7.0775060e+02   5.3211165e+02
   8.0271321e+02   5.5836408e+02
   8.2476358e+02   5.0617493e+02
   7.0412316e+02   7.7555882e+02
   8.0286731e+02   6.3698840e+02
   8.4329450e+02   6.3488951e+02
   8.9014297e+02   7.1246262e+02
   9.2153554e+02   7.0857477e+02
   8.4554045e+02   8.6526712e+02
   7.8695995e+02   8.9986803e+02
   7.3423710e+02   5.9970870e+02
   7.6819398e+02   6.4092105e+02
   9.1174287e+02   5.3871970e+02
   9.5882999e+02   5.6826515e+02
   1.0078133e+03   5.6068622e+02
   9.9247632e+02   5.2001583e+02
   9.2789046e+02   6.1692718e+02
   9.1470065e+02   6.5107471e+02
   8.7948710e+02   6.4628440e+02
   8.5561780e+02   6.9732734e+02
   9.0813027e+02   5.8977257e+02
   8.6516552e+02   5.6242813e+02
   5.7396002e+02   6.9185846e+02
   5.0712597e+02   6.5904514e+02
   4.9519132e+02   7.1329245e+02
   5.4054299e+02   7.4468868e+02
   5.1906062e+02   6.1517925e+02
   4.7454677e+02   6.3534663e+02
   7.9020484e+02   6.8638957e+02
   7.6781774e+02   7.3196363e+02
   8.5065000e+02   7.5566214e+02
   9.0661774e+02   7.9941323e+02
   8.3274032e+02   4.1112226e+02
   8.5288871e+02   4.3299781e+02
   7.5214677e+02   5.1320815e+02
   7.8572742e+02   4.8950964e+02
   1.0543726e+03   4.6945706e+02
   1.0767597e+03   3.7648598e+02
   9.3348226e+02   4.7492594e+02
   9.5363065e+02   4.3482077e+02
