   6.8057544e+02   4.9362919e+02
   6.6497994e+02   5.4338995e+02
   7.4557114e+02   4.1171951e+02
   7.8415822e+02   4.1952439e+02
   4.5143237e+02   4.6503333e+02
   6.0455853e+02   5.1154306e+02
   5.7670569e+02   4.4784928e+02
   7.0623288e+02   4.4000000e+02
   7.1036286e+02   3.5502359e+02
   6.8569429e+02   6.2136002e+02
   7.3040622e+02   6.1660247e+02
   7.5733589e+02   5.1954849e+02
   8.3167344e+02   5.1804253e+02
   7.8669807e+02   5.8259709e+02
   8.7478176e+02   6.3243312e+02
   9.4938111e+02   6.7372884e+02
   9.4938111e+02   7.3675914e+02
   9.6213880e+02   5.5821532e+02
   9.9277925e+02   5.2839286e+02
   9.5257599e+02   6.3106311e+02
   8.7627526e+02   5.4826699e+02
   6.0499011e+02   6.9003550e+02
   5.7634695e+02   6.2805478e+02
   7.9692097e+02   6.3716959e+02
   8.1259194e+02   6.9185846e+02
   7.2975968e+02   5.7701183e+02
   8.1930806e+02   4.3117485e+02
   8.1930806e+02   4.6763409e+02
   9.8273387e+02   4.6763409e+02
   9.5139194e+02   4.4758151e+02
