   7.1975724e+02   4.6637549e+02
   7.5419892e+02   4.1376848e+02
   5.6621690e+02   3.8143601e+02
   6.1553156e+02   4.8693545e+02
   7.0084053e+02   4.1279287e+02
   7.0412316e+02   5.3356280e+02
   8.0787919e+02   4.7547207e+02
   8.4034058e+02   5.4826699e+02
   8.7833736e+02   5.9673301e+02
   9.7221266e+02   5.2970354e+02
   8.8190224e+02   5.2883962e+02
   6.1453783e+02   6.0071034e+02
   5.8589467e+02   6.0800219e+02
   8.0363710e+02   6.6086810e+02
   7.7901129e+02   5.7701183e+02
   8.1930806e+02   4.1659115e+02
   8.9542419e+02   4.3846670e+02
