   6.1036120e+02   5.3362150e+02
   6.4843021e+02   3.9402713e+02
   7.2902445e+02   4.5634080e+02
   7.7906303e+02   4.3224542e+02
   5.5107728e+02   4.5581100e+02
   5.1788856e+02   4.6178230e+02
   5.8426601e+02   4.8168660e+02
   6.1745474e+02   4.5780144e+02
   5.6283895e+02   5.7844007e+02
   5.5581703e+02   5.2975094e+02
   6.7050843e+02   4.4600562e+02
   6.5412395e+02   4.8106180e+02
   1.3404750e+02   3.0602889e+02
   5.0776333e+02   5.2202344e+02
   4.6638226e+02   4.6277612e+02
   3.7930595e+02   4.3110172e+02
   3.7013666e+02   3.8739589e+02
   5.8441333e+02   4.1373556e+02
   5.1858831e+02   4.1945509e+02
   5.2298124e+02   3.7659756e+02
   5.8185237e+02   3.5318293e+02
   6.5345110e+02   5.8086156e+02
   6.8489816e+02   6.3489047e+02
   7.3612904e+02   6.8615504e+02
   7.2736504e+02   7.3124458e+02
   6.8058790e+02   5.0189616e+02
   7.0995903e+02   5.3009223e+02
   8.0050477e+02   5.6644175e+02
   8.2476358e+02   4.9853489e+02
   7.0638744e+02   7.9626471e+02
   8.0286731e+02   6.4118618e+02
   8.4778641e+02   6.3279062e+02
   9.0135460e+02   7.3190187e+02
   9.3050485e+02   7.0274299e+02
   8.5452427e+02   8.6906621e+02
   7.8916138e+02   9.0760037e+02
   7.3871452e+02   6.1616766e+02
   7.6819398e+02   6.4490191e+02
   9.1602352e+02   5.3675000e+02
   9.6311064e+02   5.7811364e+02
   1.0209594e+03   5.5100279e+02
   9.9904933e+02   5.1807914e+02
   9.2564632e+02   6.1086893e+02
   9.2006492e+02   6.5722217e+02
   8.8664789e+02   6.4810736e+02
   8.6277859e+02   6.9003550e+02
   9.1051720e+02   5.8430368e+02
   8.6993938e+02   5.5695925e+02
   5.5725150e+02   6.9185846e+02
   5.0951290e+02   6.5722217e+02
   4.9041745e+02   7.1721698e+02
   5.2383448e+02   7.4468868e+02
   5.1906062e+02   6.1321698e+02
   4.6559194e+02   6.5539921e+02
   8.0587581e+02   6.9368142e+02
   7.7453387e+02   7.3378659e+02
   8.6184355e+02   7.6477695e+02
   9.0885645e+02   7.9941323e+02
   8.3050161e+02   4.0747634e+02
   8.5736613e+02   4.3117485e+02
   7.5662419e+02   5.2779185e+02
   7.8348871e+02   4.9315557e+02
   1.0633274e+03   4.6763409e+02
   1.0812371e+03   3.7648598e+02
   9.3572097e+02   4.7674890e+02
   9.4691452e+02   4.1841411e+02
