   7.3353391e+02   4.4209533e+02
   7.4271836e+02   4.0567510e+02
   5.7777394e+02   3.8342264e+02
   6.3628239e+02   4.7090462e+02
   7.0084053e+02   4.0277360e+02
   7.0412316e+02   5.0743720e+02
   7.9594454e+02   4.7547207e+02
   8.4704589e+02   5.4826699e+02
   8.7610225e+02   5.9471359e+02
   9.7221266e+02   5.4197493e+02
   8.9524840e+02   5.3276415e+02
   5.9305546e+02   6.0800219e+02
   7.9468226e+02   6.2805478e+02
   8.1259194e+02   5.7883479e+02
   8.1035323e+02   4.1294522e+02
   8.8199194e+02   4.2206004e+02
