   5.3803886e+02   4.6830488e+02
   5.8545132e+02   4.9367073e+02
   5.7786622e+02   5.4722897e+02
   6.3357191e+02   5.3945327e+02
   6.5315532e+02   4.7464729e+02
   6.4134255e+02   3.9604264e+02
   7.1966189e+02   4.6048010e+02
   7.6739916e+02   4.3826278e+02
   1.1169646e+02   2.9863333e+02
   5.2142699e+02   5.1389844e+02
   4.8681071e+02   4.6665672e+02
   4.2056771e+02   4.3904823e+02
   4.1827539e+02   4.0527555e+02
   5.7987367e+02   4.3280064e+02
   5.2539779e+02   4.3089413e+02
   5.1165987e+02   3.7464634e+02
   5.7732382e+02   3.7464634e+02
   6.5782965e+02   5.8481970e+02
   6.9343313e+02   6.1582539e+02
   7.3612904e+02   6.8027380e+02
   7.2298303e+02   7.0575919e+02
   7.0199113e+02   4.9826614e+02
   7.1437589e+02   5.4018932e+02
   8.0050477e+02   5.5836408e+02
   8.3584984e+02   5.3673508e+02
   7.2903018e+02   7.3791176e+02
   8.0511327e+02   6.2229617e+02
   8.3880259e+02   6.4118618e+02
   8.9238530e+02   7.1051869e+02
   9.3274717e+02   7.1246262e+02
   8.4778641e+02   8.5766895e+02
   7.8475852e+02   8.5927323e+02
   7.3199839e+02   5.9765134e+02
   7.5658863e+02   6.3694019e+02
   9.5240902e+02   5.3871970e+02
   9.6525096e+02   5.6629545e+02
   1.0034313e+03   5.6068622e+02
   9.9904933e+02   5.1614246e+02
   9.2340218e+02   6.2096602e+02
   9.0790783e+02   6.5843103e+02
   8.6679931e+02   6.5656587e+02
   8.7948710e+02   5.9341849e+02
   5.7157309e+02   6.7180587e+02
   5.3338220e+02   6.6086810e+02
   5.2383448e+02   7.1917925e+02
   5.6202537e+02   7.4468868e+02
   5.6441230e+02   6.2499057e+02
   5.3815606e+02   6.0340566e+02
   5.0141129e+02   6.3170070e+02
   7.8348871e+02   6.7362883e+02
   7.8125000e+02   7.3196363e+02
   8.5512742e+02   7.2102585e+02
   8.8870806e+02   7.7389176e+02
   8.3050161e+02   4.2570596e+02
   7.9020484e+02   5.0591630e+02
   1.0700435e+03   4.7857187e+02
   1.0700435e+03   3.9471560e+02
   9.2900484e+02   4.9133260e+02
   9.4691452e+02   4.3846670e+02
