   5.8477448e+02   4.4386842e+02
   6.3824478e+02   5.3542823e+02
   7.1379354e+02   4.1757317e+02
   7.7734873e+02   4.4684146e+02
   3.3744203e+02   2.2467778e+02
   5.7438462e+02   5.0955263e+02
   5.3492642e+02   4.5979187e+02
   6.4052874e+02   4.4800000e+02
   6.4464531e+02   3.8003747e+02
   6.8349286e+02   6.1184492e+02
   7.3713864e+02   6.3372964e+02
   7.2591795e+02   5.0813038e+02
   8.0347969e+02   5.3966824e+02
   7.7999275e+02   6.5125728e+02
   8.4991531e+02   6.2808621e+02
   9.3807818e+02   7.0850418e+02
   8.9060586e+02   7.9978945e+02
   9.6432808e+02   5.5444379e+02
   9.6462949e+02   5.1910714e+02
   9.3013460e+02   6.5125728e+02
   9.1002422e+02   6.1660247e+02
   8.7471324e+02   5.8612664e+02
   6.0260318e+02   6.7180587e+02
   5.7873388e+02   7.1555697e+02
   5.8350774e+02   6.1711700e+02
   5.3338220e+02   6.5904514e+02
   8.1035323e+02   6.8456661e+02
   8.4393387e+02   7.2649474e+02
   7.3423710e+02   5.8794961e+02
   8.3721774e+02   4.2935188e+02
   7.9692097e+02   5.0409334e+02
   1.0409403e+03   4.3846670e+02
   9.5363065e+02   4.4940447e+02
