   7.0827667e+02   4.9065564e+02
   7.6797560e+02   4.0567510e+02
   5.5928268e+02   3.9534241e+02
   6.1553156e+02   4.8092389e+02
   6.9853488e+02   4.2080829e+02
   6.7921615e+02   5.7777536e+02
   8.1026612e+02   4.8128212e+02
   8.2692995e+02   5.5230583e+02
   8.7386715e+02   6.0481068e+02
   9.6319968e+02   5.3788446e+02
   8.8190224e+02   5.2295283e+02
   6.0737704e+02   6.4810736e+02
   5.9066853e+02   6.0617923e+02
   7.9692097e+02   6.4628440e+02
   7.6110161e+02   5.4237555e+02
   8.2154677e+02   4.1112226e+02
   9.1557258e+02   4.2935188e+02
