   5.3092699e+02   4.5854878e+02
   5.9967506e+02   5.0147561e+02
   5.7554515e+02   5.4528505e+02
   6.2660870e+02   5.3556542e+02
   6.5315532e+02   4.5046124e+02
   6.3898000e+02   3.9805814e+02
   7.1029933e+02   4.5220149e+02
   7.5806807e+02   4.4026856e+02
   1.1616667e+02   2.9493556e+02
   5.3281337e+02   4.9358594e+02
   4.8908054e+02   4.4531343e+02
   4.2973699e+02   4.3904823e+02
   4.1139843e+02   4.0924881e+02
   5.8895298e+02   4.4042667e+02
   5.3220728e+02   4.2898763e+02
   5.2071697e+02   3.8635366e+02
   5.7279527e+02   3.7659756e+02
   6.6439748e+02   5.7888249e+02
   6.9129939e+02   6.1582539e+02
   7.4051105e+02   6.7635297e+02
   7.2079203e+02   7.0183836e+02
   7.0413146e+02   4.9645113e+02
   7.0554216e+02   5.4018932e+02
   7.9167104e+02   5.6240291e+02
   8.3141534e+02   5.3864509e+02
   7.3808728e+02   7.3226471e+02
   8.0511327e+02   6.1390061e+02
   8.3431068e+02   6.4748285e+02
   8.9462763e+02   7.0079907e+02
   9.3498950e+02   7.0663084e+02
   8.4554045e+02   8.5766895e+02
   7.9796709e+02   8.5347398e+02
   7.3423710e+02   6.0588081e+02
   7.5658863e+02   6.3295933e+02
   9.7089590e+02   5.5632956e+02
   1.0209594e+03   5.5100279e+02
   1.0012403e+03   5.1226909e+02
   9.2340218e+02   6.2096602e+02
   9.1922920e+02   6.6210920e+02
   8.7400346e+02   6.5656587e+02
   8.8187403e+02   5.9706442e+02
   5.9066853e+02   6.8821253e+02
   5.6918616e+02   6.6086810e+02
   5.2144755e+02   7.2114151e+02
   5.6441230e+02   7.4468868e+02
   5.6441230e+02   6.2499057e+02
   5.3815606e+02   5.9359434e+02
   5.2379839e+02   6.7362883e+02
   5.1036613e+02   6.3352366e+02
   7.8125000e+02   6.7545180e+02
   7.8572742e+02   7.3560955e+02
   8.5960484e+02   7.2102585e+02
   8.5736613e+02   7.6113103e+02
   8.2602419e+02   4.2935188e+02
   7.8796613e+02   5.1138519e+02
   1.0633274e+03   4.8950964e+02
   1.0678048e+03   4.0383041e+02
   9.3124355e+02   4.8586372e+02
   9.4691452e+02   4.3664373e+02
