   5.3803886e+02   4.5854878e+02
   5.9019257e+02   5.0342683e+02
   5.7554515e+02   5.4528505e+02
   6.2660870e+02   5.3556542e+02
   6.5315532e+02   4.5046124e+02
   6.3898000e+02   3.9604264e+02
   7.1029933e+02   4.5220149e+02
   7.5806807e+02   4.4026856e+02
   1.1616667e+02   2.9493556e+02
   5.3281337e+02   4.9358594e+02
   4.9362020e+02   4.3755224e+02
   4.2973699e+02   4.3904823e+02
   4.1139843e+02   4.0726218e+02
   5.8668316e+02   4.4042667e+02
   5.2993745e+02   4.3089413e+02
   5.2071697e+02   3.8830488e+02
   5.7279527e+02   3.7659756e+02
   6.6439748e+02   5.7888249e+02
   6.9129939e+02   6.1582539e+02
   7.4051105e+02   6.7831338e+02
   7.2079203e+02   7.0183836e+02
   7.0413146e+02   4.9645113e+02
   7.0554216e+02   5.4018932e+02
   7.9167104e+02   5.6240291e+02
   8.2919808e+02   5.4055510e+02
   7.3582300e+02   7.3414706e+02
   8.0511327e+02   6.1390061e+02
   8.3431068e+02   6.4748285e+02
   8.9238530e+02   7.0468692e+02
   9.2826252e+02   7.2023832e+02
   8.4554045e+02   8.5766895e+02
   7.9796709e+02   8.5347398e+02
   7.3199839e+02   6.0999555e+02
   7.5890970e+02   6.3494976e+02
   9.7308517e+02   5.5444379e+02
   1.0209594e+03   5.5100279e+02
   9.9685833e+02   5.1033240e+02
   9.2340218e+02   6.2096602e+02
   9.1243638e+02   6.6394828e+02
   8.7400346e+02   6.5656587e+02
   8.7710017e+02   5.9706442e+02
   5.9066853e+02   6.8821253e+02
   5.6918616e+02   6.5904514e+02
   5.2144755e+02   7.2114151e+02
   5.6441230e+02   7.3683962e+02
   5.6202537e+02   6.2302830e+02
   5.3815606e+02   5.9359434e+02
   5.2603710e+02   6.7545180e+02
   5.1036613e+02   6.2623181e+02
   7.8125000e+02   6.7727476e+02
   7.7901129e+02   7.3743252e+02
   8.5960484e+02   7.2102585e+02
   8.6184355e+02   7.7024584e+02
   8.2826290e+02   4.2935188e+02
   7.8796613e+02   5.1138519e+02
   1.0588500e+03   4.8950964e+02
   1.0633274e+03   3.9836152e+02
   9.3348226e+02   4.8950964e+02
   9.4467581e+02   4.3664373e+02
