   7.3583002e+02   4.3197860e+02
   7.4271836e+02   4.0365175e+02
   5.7777394e+02   3.8342264e+02
   6.3628239e+02   4.6489306e+02
   7.0084053e+02   4.0277360e+02
   7.0412316e+02   5.0743720e+02
   7.9594454e+02   4.7547207e+02
   8.5151610e+02   5.4624757e+02
   8.7610225e+02   5.9471359e+02
   9.7221266e+02   5.4197493e+02
   9.0414583e+02   5.3080189e+02
   5.9066853e+02   6.1711700e+02
   7.8125000e+02   6.1529404e+02
   8.1259194e+02   5.7883479e+02
   8.1035323e+02   4.1294522e+02
   8.7527581e+02   4.2023707e+02
