   6.9679611e+02   5.0684241e+02
   7.5190281e+02   3.9353502e+02
   5.4541424e+02   4.2116858e+02
   6.1322591e+02   4.9294701e+02
   6.8239535e+02   4.1680058e+02
   6.9280179e+02   6.5816184e+02
   8.1026612e+02   4.8902886e+02
   8.1798953e+02   5.5634466e+02
   8.7386715e+02   6.1692718e+02
   9.4517370e+02   5.2970354e+02
   8.6633173e+02   5.2491509e+02
   6.0260318e+02   6.2258589e+02
   5.7157309e+02   5.6242813e+02
   8.0139839e+02   6.3716959e+02
   7.2304355e+02   5.7336591e+02
   8.2378548e+02   4.1294522e+02
   9.2005000e+02   4.5305039e+02
