   6.0036998e+02   4.5183014e+02
   6.4715650e+02   5.3542823e+02
   7.1606337e+02   4.1171951e+02
   7.7734873e+02   4.4684146e+02
   3.8214412e+02   3.0787778e+02
   5.8134783e+02   5.1552392e+02
   5.4421070e+02   4.6576316e+02
   6.5695478e+02   4.5800000e+02
   6.5597592e+02   3.8196161e+02
   6.8349286e+02   6.1565096e+02
   7.3713864e+02   6.3372964e+02
   7.2591795e+02   5.0622736e+02
   8.0347969e+02   5.3573629e+02
   7.8669807e+02   6.4519903e+02
   8.4765472e+02   6.2591275e+02
   9.5164169e+02   6.9981034e+02
   9.0190879e+02   7.9978945e+02
   9.6651735e+02   5.5067226e+02
   9.6029875e+02   5.1539286e+02
   9.4135530e+02   6.5731553e+02
   9.0522145e+02   6.0708737e+02
   8.7232631e+02   5.8430368e+02
   6.0260318e+02   6.6815995e+02
   5.8112081e+02   7.1373401e+02
   5.8589467e+02   6.2258589e+02
   5.3815606e+02   6.4993032e+02
   8.1035323e+02   6.8638957e+02
   8.4169516e+02   7.1920289e+02
   7.4095323e+02   5.9524145e+02
   8.4169516e+02   4.3117485e+02
   8.0139839e+02   4.9315557e+02
   1.0498952e+03   4.4758151e+02
   9.5363065e+02   4.4758151e+02
