   6.4715650e+02   4.5581100e+02
   6.6497994e+02   5.5135167e+02
   7.4557114e+02   4.0001220e+02
   7.8869787e+02   4.4879268e+02
   3.7320370e+02   4.7058000e+02
   5.8831104e+02   5.1353349e+02
   5.6742140e+02   4.2794498e+02
   6.8276712e+02   4.4400000e+02
   6.8996776e+02   3.7426503e+02
   6.9229857e+02   6.2516606e+02
   7.3040622e+02   6.2802059e+02
   7.5284762e+02   5.0242132e+02
   8.1432344e+02   5.2394045e+02
   7.8669807e+02   6.1490777e+02
   8.6121824e+02   6.2156583e+02
   9.3807818e+02   6.7372884e+02
   9.3807818e+02   7.5414681e+02
   9.5994953e+02   5.5067226e+02
   9.6679485e+02   5.2096429e+02
   9.4135530e+02   6.2702427e+02
   8.7627526e+02   5.5028641e+02
   6.0260318e+02   6.7909772e+02
   5.8112081e+02   7.2102585e+02
   5.9066853e+02   6.0800219e+02
   5.4531685e+02   6.0617923e+02
   7.9915968e+02   6.6998291e+02
   8.3050161e+02   6.9185846e+02
   7.2975968e+02   5.8612664e+02
   8.3274032e+02   4.2570596e+02
   8.3274032e+02   4.7492594e+02
   1.0297468e+03   4.5669632e+02
   9.6034677e+02   4.5487336e+02
