   6.9450000e+02   5.2707588e+02
   7.5190281e+02   4.0769844e+02
   4.6913780e+02   4.5096800e+02
   6.0861462e+02   4.8292775e+02
   6.9622924e+02   4.3683911e+02
   6.9053752e+02   6.3806522e+02
   7.8878375e+02   5.0645903e+02
   9.5656602e+02   6.8962621e+02
   8.2245974e+02   5.8057767e+02
   8.6347883e+02   6.2808621e+02
   9.5994953e+02   5.6764415e+02
   9.8628315e+02   5.3767857e+02
   8.9422838e+02   6.2298544e+02
   9.0096079e+02   5.4422816e+02
   6.0737704e+02   6.7362883e+02
   5.5963844e+02   6.2805478e+02
   8.0811452e+02   6.6633699e+02
   7.3199839e+02   5.8977257e+02
   8.2602419e+02   4.2935188e+02
   9.3348226e+02   4.5487336e+02
