   6.2196656e+02   5.2778972e+02
   6.6969319e+02   4.5650775e+02
   6.5551787e+02   4.0208915e+02
   7.3370573e+02   4.6048010e+02
   7.8372857e+02   4.3425121e+02
   5.5107728e+02   4.6377273e+02
   5.2262980e+02   4.6576316e+02
   5.7715414e+02   4.8964833e+02
   6.1271349e+02   4.7173445e+02
   5.6283895e+02   5.8038764e+02
   5.6517960e+02   5.3169850e+02
   1.4075282e+02   3.1157556e+02
   5.1687244e+02   5.2405469e+02
   4.8000123e+02   4.6083582e+02
   4.0222915e+02   4.3110172e+02
   3.8618291e+02   3.8739589e+02
   5.9349264e+02   4.1945509e+02
   5.2539779e+02   4.2136159e+02
   5.2298124e+02   3.8050000e+02
   5.9317374e+02   3.5903659e+02
   6.6658675e+02   5.7096622e+02
   6.9343313e+02   6.3298396e+02
   7.4051105e+02   6.7439255e+02
   7.2736504e+02   7.2732375e+02
   6.8700887e+02   4.9463613e+02
   7.1216746e+02   5.3009223e+02
   8.0492164e+02   5.5836408e+02
   8.2476358e+02   5.0617493e+02
   7.1318026e+02   7.6802941e+02
   8.0286731e+02   6.3698840e+02
   8.4329450e+02   6.3488951e+02
   8.9686995e+02   7.1635047e+02
   9.2153554e+02   7.0857477e+02
   8.4554045e+02   8.6336758e+02
   7.8695995e+02   8.9986803e+02
   7.3871452e+02   6.0176607e+02
   7.6819398e+02   6.4490191e+02
   9.1174287e+02   5.3871970e+02
   9.5882999e+02   5.6826515e+02
   1.0121953e+03   5.6068622e+02
   9.9028532e+02   5.1614246e+02
   9.3237874e+02   6.1692718e+02
   9.1243638e+02   6.5291379e+02
   8.7948710e+02   6.4081551e+02
   8.5084394e+02   6.9368142e+02
   9.0813027e+02   5.8977257e+02
   8.6277859e+02   5.6425110e+02
   5.7634695e+02   6.9185846e+02
   5.0712597e+02   6.6086810e+02
   4.9519132e+02   7.1329245e+02
   5.3338220e+02   7.5253774e+02
   5.2383448e+02   6.1321698e+02
   4.7902419e+02   6.2987774e+02
   7.8796613e+02   6.8638957e+02
   7.6781774e+02   7.3014067e+02
   8.5065000e+02   7.5566214e+02
   9.0661774e+02   7.9394435e+02
   8.3274032e+02   4.1112226e+02
   8.5288871e+02   4.3299781e+02
   7.5214677e+02   5.1320815e+02
   7.9020484e+02   4.8950964e+02
   1.0543726e+03   4.6945706e+02
   1.0767597e+03   3.7648598e+02
   9.3795968e+02   4.8039483e+02
   9.5363065e+02   4.3482077e+02
