   6.7166372e+02   4.6377273e+02
   6.7166372e+02   5.4936124e+02
   7.4557114e+02   4.1171951e+02
   7.8415822e+02   4.3318293e+02
   3.9108454e+02   4.6873111e+02
   5.9991639e+02   5.0955263e+02
   5.8134783e+02   4.3988756e+02
   6.9684658e+02   4.3600000e+02
   6.9223388e+02   3.6272017e+02
   6.9009715e+02   6.2516606e+02
   7.3040622e+02   6.1850549e+02
   7.6406831e+02   5.0432434e+02
   8.1649219e+02   5.2197448e+02
   7.9787359e+02   6.0279126e+02
   8.7704235e+02   6.3460658e+02
   9.5164169e+02   6.7590230e+02
   9.3807818e+02   7.5414681e+02
   9.5776025e+02   5.5444379e+02
   9.7545632e+02   5.2467857e+02
   9.3911116e+02   6.2702427e+02
   8.7627526e+02   5.5028641e+02
   6.0737704e+02   6.8821253e+02
   5.4531685e+02   6.0617923e+02
   5.5009071e+02   6.3534663e+02
   8.0139839e+02   6.5539921e+02
   8.2602419e+02   7.0644216e+02
   7.3423710e+02   5.7518887e+02
   8.3274032e+02   4.2935188e+02
   8.3050161e+02   4.7857187e+02
   1.0118371e+03   4.6216521e+02
   9.5586935e+02   4.4758151e+02
