   6.8531555e+02   5.2302918e+02
   7.6338337e+02   4.0769844e+02
   5.2461157e+02   4.5295463e+02
   6.1092027e+02   4.9495087e+02
   6.8931229e+02   4.1880443e+02
   7.0185889e+02   6.5414251e+02
   8.1503998e+02   5.0258566e+02
   8.1575443e+02   5.7048058e+02
   9.0515862e+02   6.5327670e+02
   9.4968019e+02   5.3379400e+02
   8.5832215e+02   5.7855825e+02
   8.7851940e+02   5.5230583e+02
   5.9305546e+02   6.5175329e+02
   5.8589467e+02   6.0253330e+02
   8.0811452e+02   6.5722217e+02
   7.2752097e+02   5.7518887e+02
   8.2602419e+02   4.2935188e+02
   9.0885645e+02   4.5305039e+02
