   6.8761166e+02   5.3112257e+02
   7.7027171e+02   4.1376848e+02
   4.9918609e+02   4.4500812e+02
   6.1322591e+02   4.8493160e+02
   6.9853488e+02   4.1078902e+02
   7.0185889e+02   6.5012319e+02
   8.1503998e+02   4.9677561e+02
   8.1351932e+02   5.7855825e+02
   9.5209581e+02   6.7145146e+02
   9.4462461e+02   5.4501496e+02
   9.7545632e+02   5.2467857e+02
   8.6056629e+02   5.8663592e+02
   8.9198424e+02   5.5028641e+02
   6.0260318e+02   6.6451402e+02
   5.7157309e+02   6.1711700e+02
   8.0587581e+02   6.5904514e+02
   7.2752097e+02   5.7883479e+02
   8.2378548e+02   4.4028966e+02
   9.2005000e+02   4.5851928e+02
