   6.1268227e+02   5.3750935e+02
   6.5315532e+02   3.9201163e+02
   7.2902445e+02   4.5634080e+02
   7.7906303e+02   4.3224542e+02
   5.5107728e+02   4.5581100e+02
   5.1551793e+02   4.5979187e+02
   5.8426601e+02   4.8168660e+02
   6.1745474e+02   4.5979187e+02
   5.6283895e+02   5.7844007e+02
   5.5581703e+02   5.2780337e+02
   6.7050843e+02   4.4016292e+02
   6.5412395e+02   4.8106180e+02
   1.3851771e+02   3.0787778e+02
   5.0776333e+02   5.2202344e+02
   4.6638226e+02   4.6471642e+02
   3.6325970e+02   4.3308835e+02
   3.7013666e+02   3.8739589e+02
   5.8441333e+02   4.0610953e+02
   5.1858831e+02   4.1945509e+02
   5.2071697e+02   3.7464634e+02
   5.7958809e+02   3.5708537e+02
   6.5126183e+02   5.8086156e+02
   6.8489816e+02   6.3489047e+02
   7.3832005e+02   6.8811546e+02
   7.2736504e+02   7.3124458e+02
   6.7844757e+02   5.0552618e+02
   7.0995903e+02   5.3009223e+02
   8.0050477e+02   5.6644175e+02
   8.2476358e+02   4.9471488e+02
   7.0865171e+02   7.9814706e+02
   7.9837540e+02   6.3908729e+02
   8.4554045e+02   6.3698840e+02
   9.0135460e+02   7.2412617e+02
   9.3050485e+02   7.0274299e+02
   8.4104854e+02   8.7096575e+02
   8.7024595e+02   8.7476484e+02
   7.9136281e+02   9.0760037e+02
   7.3871452e+02   6.1616766e+02
   7.6819398e+02   6.4490191e+02
   9.1602352e+02   5.3675000e+02
   9.6525096e+02   5.7220455e+02
   1.0275324e+03   5.4325605e+02
   9.9904933e+02   5.1807914e+02
   9.2340218e+02   6.1490777e+02
   9.2006492e+02   6.5722217e+02
   8.8664789e+02   6.4810736e+02
   8.6277859e+02   6.9003550e+02
   9.1051720e+02   5.8430368e+02
   8.6993938e+02   5.5695925e+02
   5.5963844e+02   6.9368142e+02
   5.0712597e+02   6.5539921e+02
   4.8803052e+02   7.2310377e+02
   5.1906062e+02   7.4665094e+02
   5.1428676e+02   6.1714151e+02
   4.6783065e+02   6.5175329e+02
   8.0811452e+02   6.9550438e+02
   7.7453387e+02   7.3378659e+02
   8.6184355e+02   7.6477695e+02
   9.1333387e+02   8.1035101e+02
   8.3050161e+02   4.0747634e+02
   8.5960484e+02   4.3299781e+02
   7.5662419e+02   5.2779185e+02
   7.8348871e+02   4.9315557e+02
   1.0633274e+03   4.6216521e+02
   1.0812371e+03   3.7648598e+02
   9.3572097e+02   4.7674890e+02
   9.4691452e+02   4.1841411e+02
