   7.5692028e+02   4.3513415e+02
   5.8071008e+02   4.8001220e+02
   6.1389880e+02   5.0732927e+02
   6.1500334e+02   5.4139720e+02
   6.5678261e+02   5.5111682e+02
   6.9568128e+02   4.1821318e+02
   6.7914340e+02   3.8394961e+02
   1.1840177e+02   3.3746000e+02
   5.4653177e+02   4.9561962e+02
   4.6065217e+02   4.3988756e+02
   5.7951775e+02   4.4400000e+02
   5.4901226e+02   4.2600000e+02
   6.1291959e+02   3.9735476e+02
   6.5487431e+02   5.8900869e+02
   6.9229857e+02   6.1184492e+02
   7.2591795e+02   6.8701418e+02
   7.1694139e+02   5.1193641e+02
   8.0347969e+02   5.4360019e+02
   7.7552254e+02   6.7952913e+02
   7.7105233e+02   7.0376214e+02
   9.1773290e+02   6.9111651e+02
   8.1634304e+02   6.3069173e+02
   8.4778641e+02   6.4328507e+02
   8.6126214e+02   8.4627169e+02
   8.1557851e+02   8.7860409e+02
   9.5557098e+02   5.5444379e+02
   9.9494462e+02   5.4325000e+02
   9.3237874e+02   6.2096602e+02
   9.1243638e+02   6.5107471e+02
   8.8601038e+02   6.2611757e+02
   8.7232631e+02   5.8612664e+02
   5.9066853e+02   6.7727476e+02
   5.4770378e+02   7.2649474e+02
   5.7157309e+02   6.2076293e+02
   5.1428676e+02   6.5904514e+02
   8.0811452e+02   7.0279623e+02
   8.5736613e+02   7.3196363e+02
   7.4095323e+02   6.0617923e+02
   8.3274032e+02   4.3117485e+02
   7.9915968e+02   5.0227038e+02
   1.0678048e+03   4.3846670e+02
   9.3348226e+02   4.5851928e+02
