   5.5937447e+02   4.6830488e+02
   5.9967506e+02   5.0537805e+02
   5.8250836e+02   5.4722897e+02
   6.3357191e+02   5.4917290e+02
   6.6260553e+02   4.4441473e+02
   6.6260553e+02   3.9604264e+02
   7.2668381e+02   4.4806219e+02
   7.6040084e+02   4.4026856e+02
   1.3404750e+02   3.0972667e+02
   5.3281337e+02   4.9967969e+02
   4.9589002e+02   4.2397015e+02
   4.5495252e+02   4.4500812e+02
   4.4119860e+02   4.2116858e+02
   6.0484178e+02   4.2326810e+02
   5.5036590e+02   4.3089413e+02
   5.6147390e+02   4.0586585e+02
   5.6826672e+02   3.7464634e+02
   6.6877603e+02   5.9471503e+02
   6.9770061e+02   6.2154491e+02
   7.3832005e+02   6.5478841e+02
   7.3174704e+02   7.0379877e+02
   6.9342984e+02   4.9100611e+02
   7.0995903e+02   5.2807282e+02
   7.9387947e+02   5.7250000e+02
   8.2476358e+02   5.3482507e+02
   7.4940865e+02   7.2473529e+02
   8.0286731e+02   6.2649395e+02
   8.3655663e+02   6.5797730e+02
   8.9462763e+02   7.0274299e+02
   9.4171648e+02   6.9691121e+02
   8.5227832e+02   8.5007078e+02
   8.0677280e+02   8.4187546e+02
   7.1632742e+02   5.6884817e+02
   7.4266221e+02   6.1106459e+02
   9.6213880e+02   5.4124343e+02
   1.0275324e+03   5.4325605e+02
   9.9904933e+02   5.0452235e+02
   9.2789046e+02   6.2702427e+02
   9.1470065e+02   6.6210920e+02
   8.8360900e+02   6.4324474e+02
   8.6993938e+02   5.9706442e+02
   6.0499011e+02   6.9732734e+02
   5.4770378e+02   7.3014067e+02
   5.7396002e+02   6.2440885e+02
   4.9996518e+02   6.4446144e+02
   7.9468226e+02   7.0826512e+02
   8.6855968e+02   7.4472436e+02
   8.7527581e+02   7.7206880e+02
   8.3721774e+02   4.2935188e+02
   7.9468226e+02   5.1503111e+02
   1.0610887e+03   4.6945706e+02
   1.0767597e+03   4.0018449e+02
   9.3348226e+02   4.8039483e+02
   9.4691452e+02   4.3664373e+02
