   5.9145827e+02   4.4784928e+02
   6.4270064e+02   5.3542823e+02
   7.1606337e+02   4.1171951e+02
   7.7734873e+02   4.4684146e+02
   3.9778986e+02   2.8754000e+02
   5.7438462e+02   5.1154306e+02
   5.3724749e+02   4.5780144e+02
   6.4991505e+02   4.5400000e+02
   6.5597592e+02   3.8196161e+02
   6.9229857e+02   6.2516606e+02
   7.3713864e+02   6.3372964e+02
   7.2591795e+02   5.0813038e+02
   8.0347969e+02   5.3573629e+02
   7.9116828e+02   6.4116019e+02
   8.4765472e+02   6.2591275e+02
   9.5164169e+02   7.0415726e+02
   8.9512704e+02   7.9978945e+02
   9.6651735e+02   5.5067226e+02
   9.6029875e+02   5.1539286e+02
   9.3462288e+02   6.5933495e+02
   9.1002422e+02   6.2231153e+02
   8.7232631e+02   5.8430368e+02
   6.0260318e+02   6.7180587e+02
   5.8112081e+02   7.1373401e+02
   5.8589467e+02   6.2258589e+02
   5.3576913e+02   6.4993032e+02
   8.1035323e+02   6.8638957e+02
   8.4169516e+02   7.2102585e+02
   7.4095323e+02   5.9524145e+02
   8.3721774e+02   4.2935188e+02
   8.0139839e+02   4.9315557e+02
   1.0476565e+03   4.4211262e+02
   9.5586935e+02   4.4940447e+02
