   6.0482584e+02   4.4983971e+02
   6.4715650e+02   5.3741866e+02
   7.2060303e+02   4.0976829e+02
   7.7734873e+02   4.4684146e+02
   4.0002496e+02   3.4300667e+02
   5.8598997e+02   5.1552392e+02
   5.5581605e+02   4.6775359e+02
   6.5930135e+02   4.6000000e+02
   6.6504041e+02   3.8196161e+02
   6.9229857e+02   6.1184492e+02
   7.3938278e+02   6.2992360e+02
   7.3489450e+02   4.9480924e+02
   8.0347969e+02   5.3573629e+02
   7.8446296e+02   6.4317961e+02
   8.4765472e+02   6.2591275e+02
   9.5164169e+02   6.9981034e+02
   9.0869055e+02   7.9978945e+02
   9.6651735e+02   5.5067226e+02
   9.6029875e+02   5.1539286e+02
   9.4359943e+02   6.5529612e+02
   9.0522145e+02   6.0328134e+02
   8.7232631e+02   5.8430368e+02
   6.1215090e+02   6.7362883e+02
   5.9066853e+02   7.1191104e+02
   5.8589467e+02   6.2258589e+02
   5.4054299e+02   6.5175329e+02
   8.1035323e+02   6.8638957e+02
   8.4617258e+02   7.1737993e+02
   7.4766935e+02   5.9524145e+02
   8.4169516e+02   4.3117485e+02
   8.0139839e+02   4.9315557e+02
   1.0476565e+03   4.4758151e+02
   9.5586935e+02   4.4211262e+02
