   6.8057544e+02   4.8964833e+02
   6.6720787e+02   5.4737081e+02
   7.4557114e+02   4.1171951e+02
   7.8642805e+02   4.3123171e+02
   4.4025684e+02   4.6873111e+02
   6.0687960e+02   5.0955263e+02
   5.8134783e+02   4.3988756e+02
   7.0388631e+02   4.4000000e+02
   7.0356449e+02   3.6079602e+02
   6.8349286e+02   6.2516606e+02
   7.3040622e+02   6.1850549e+02
   7.6182417e+02   5.1193641e+02
   8.3167344e+02   5.1804253e+02
   7.9563849e+02   5.8663592e+02
   8.7930293e+02   6.3678004e+02
   9.4938111e+02   6.7372884e+02
   9.4938111e+02   7.3675914e+02
   9.6213880e+02   5.5444379e+02
   9.9061388e+02   5.2653571e+02
   9.3911116e+02   6.2702427e+02
   8.7627526e+02   5.4826699e+02
   6.0499011e+02   6.9185846e+02
   5.7634695e+02   6.2805478e+02
   7.9915968e+02   6.4263848e+02
   8.1483065e+02   6.9003550e+02
   7.2752097e+02   5.7883479e+02
   8.2154677e+02   4.3664373e+02
   8.1483065e+02   4.7310298e+02
   1.0028823e+03   4.6763409e+02
   9.5586935e+02   4.4758151e+02
