   5.8947157e+02   5.5306075e+02
   6.2660870e+02   5.3945327e+02
   6.6733064e+02   4.6658527e+02
   6.5551787e+02   4.0208915e+02
   7.2902445e+02   4.6254975e+02
   7.7673025e+02   4.3625699e+02
   5.5818915e+02   4.5979187e+02
   5.2500043e+02   4.6178230e+02
   5.6767165e+02   5.1154306e+02
   6.0323100e+02   4.9761005e+02
   1.3404750e+02   3.0972667e+02
   5.1914971e+02   5.1796094e+02
   4.7773140e+02   4.5889552e+02
   4.0452147e+02   4.2911509e+02
   3.8159827e+02   3.8739589e+02
   5.9349264e+02   4.3470715e+02
   5.2539779e+02   4.2517461e+02
   5.2298124e+02   3.7854878e+02
   5.7732382e+02   3.7074390e+02
   6.6658675e+02   5.7294529e+02
   6.9556687e+02   6.2726444e+02
   7.3393804e+02   6.7635297e+02
   7.2955604e+02   7.0968002e+02
   6.9128951e+02   5.0008115e+02
   7.0995903e+02   5.3413107e+02
   8.0492164e+02   5.5634466e+02
   8.2919808e+02   5.2909504e+02
   7.2450163e+02   7.5108824e+02
   8.0286731e+02   6.3698840e+02
   8.5003236e+02   6.3698840e+02
   8.8565832e+02   7.1635047e+02
   9.2153554e+02   7.1635047e+02
   8.3880259e+02   8.7286530e+02
   7.7375139e+02   8.9020260e+02
   7.3871452e+02   6.0588081e+02
   7.6819398e+02   6.4291148e+02
   9.2886546e+02   5.4068939e+02
   9.6311064e+02   5.7811364e+02
   1.0121953e+03   5.6068622e+02
   9.9685833e+02   5.1807914e+02
   9.3462288e+02   6.1894660e+02
   9.1243638e+02   6.4923563e+02
   8.8187403e+02   6.4081551e+02
   8.5561780e+02   6.9368142e+02
   9.0096948e+02   5.9706442e+02
   8.6993938e+02   5.7518887e+02
   5.8350774e+02   7.0279623e+02
   5.0235211e+02   6.6451402e+02
   5.0473904e+02   7.2310377e+02
   5.4770378e+02   7.5253774e+02
   5.3099527e+02   6.2499057e+02
   4.7678548e+02   6.2076293e+02
   7.8796613e+02   6.8092068e+02
   7.7005645e+02   7.2649474e+02
   8.4617258e+02   7.5201621e+02
   9.0661774e+02   7.9759027e+02
   8.3050161e+02   4.1112226e+02
   8.4617258e+02   4.4028966e+02
   7.6334032e+02   5.1867704e+02
   7.9020484e+02   4.8950964e+02
   1.0588500e+03   4.7128002e+02
   1.0722823e+03   3.8013190e+02
   9.3348226e+02   4.8404075e+02
   9.4915323e+02   4.3482077e+02
