   7.4330131e+02   4.3513415e+02
   5.8071008e+02   4.8001220e+02
   6.1389880e+02   5.0732927e+02
   6.1500334e+02   5.4139720e+02
   6.5678261e+02   5.5111682e+02
   6.9095617e+02   4.2829070e+02
   6.7441830e+02   3.9201163e+02
   1.1169646e+02   3.4855333e+02
   5.4653177e+02   4.9561962e+02
   4.6993645e+02   4.4187799e+02
   6.0612122e+02   3.9927891e+02
   6.0938144e+02   4.4614620e+02
   5.4128659e+02   4.1945509e+02
   7.2591795e+02   6.8701418e+02
   7.1245311e+02   5.1003339e+02
   8.0347969e+02   5.4360019e+02
   6.6439748e+02   5.9867317e+02
   6.9556687e+02   6.2154491e+02
   9.1773290e+02   6.8894305e+02
   7.3355873e+02   6.6826471e+02
   7.6299429e+02   7.0779412e+02
   8.1185113e+02   6.3069173e+02
   8.3880259e+02   6.4538396e+02
   8.6350809e+02   8.3867352e+02
   8.0677280e+02   8.9406877e+02
   9.4900315e+02   5.5444379e+02
   9.9494462e+02   5.4325000e+02
   9.3686702e+02   6.2500485e+02
   9.1017210e+02   6.5843103e+02
   8.8601038e+02   6.3372964e+02
   8.7710017e+02   5.9341849e+02
   5.9066853e+02   6.7727476e+02
   5.4054299e+02   7.2467178e+02
   5.7157309e+02   6.2076293e+02
   5.1906062e+02   6.5722217e+02
   8.0587581e+02   7.0644216e+02
   8.5288871e+02   7.4654733e+02
   7.4543065e+02   6.0800219e+02
   8.3497903e+02   4.3482077e+02
   8.0363710e+02   5.0227038e+02
   1.0678048e+03   4.5669632e+02
   1.0745210e+03   4.2388300e+02
   9.3124355e+02   4.5669632e+02
