   5.7359821e+02   4.6830488e+02
   5.9967506e+02   5.0537805e+02
   5.9643478e+02   5.4334112e+02
   6.5214047e+02   5.4722897e+02
   6.8150596e+02   4.4643023e+02
   6.6024298e+02   3.9604264e+02
   7.3838702e+02   4.5013184e+02
   7.7439748e+02   4.3826278e+02
   1.6086876e+02   3.1157556e+02
   5.2598154e+02   4.9967969e+02
   5.0950899e+02   4.5113433e+02
   4.7099876e+02   4.5494126e+02
   4.4349092e+02   4.3706160e+02
   6.2527024e+02   4.4805270e+02
   5.4582625e+02   4.3470715e+02
   5.7279527e+02   4.1171951e+02
   5.8864519e+02   3.8635366e+02
   7.3713864e+02   6.7940210e+02
   8.0998594e+02   5.4163422e+02
   6.7753312e+02   6.3429638e+02
   7.0196810e+02   6.1963841e+02
   7.2125405e+02   4.9100611e+02
   7.2100119e+02   5.3009223e+02
   7.4488010e+02   5.9861765e+02
   7.6073002e+02   7.1908824e+02
   8.1185113e+02   6.2439506e+02
   8.4554045e+02   6.5168063e+02
   9.0135460e+02   7.0468692e+02
   9.3947415e+02   6.9691121e+02
   8.5227832e+02   8.4437215e+02
   8.2218279e+02   8.3221004e+02
   9.6213880e+02   5.5067226e+02
   1.0275324e+03   5.4325605e+02
   9.9904933e+02   5.1033240e+02
   9.3013460e+02   6.2904369e+02
   9.1696493e+02   6.6394828e+02
   8.8601038e+02   6.3753568e+02
   8.7232631e+02   5.9341849e+02
   5.8350774e+02   6.9550438e+02
   5.4054299e+02   7.2649474e+02
   5.6918616e+02   6.1164812e+02
   5.1428676e+02   6.5539921e+02
   8.1706935e+02   7.0097327e+02
   8.6184355e+02   7.4472436e+02
   8.3721774e+02   4.2935188e+02
   8.1706935e+02   4.9862445e+02
   9.3348226e+02   4.5851928e+02
   1.0566113e+03   4.7492594e+02
   1.0722823e+03   3.8013190e+02
