   6.2196656e+02   5.2778972e+02
   6.6969319e+02   4.5650775e+02
   6.5551787e+02   4.0208915e+02
   7.3370573e+02   4.6048010e+02
   7.8372857e+02   4.3425121e+02
   5.5107728e+02   4.6377273e+02
   5.2262980e+02   4.6576316e+02
   5.7715414e+02   4.9163876e+02
   6.1271349e+02   4.7173445e+02
   5.6986088e+02   5.7649251e+02
   5.6517960e+02   5.2975094e+02
   1.4075282e+02   3.1157556e+02
   5.1687244e+02   5.2405469e+02
   4.8000123e+02   4.6083582e+02
   4.0222915e+02   4.3110172e+02
   3.8618291e+02   3.8938252e+02
   5.9122281e+02   4.2326810e+02
   5.2539779e+02   4.2136159e+02
   5.2524551e+02   3.7854878e+02
   5.9317374e+02   3.6879268e+02
   6.6658675e+02   5.7096622e+02
   6.9343313e+02   6.3298396e+02
   7.4051105e+02   6.7439255e+02
   7.3174704e+02   7.1556126e+02
   6.8700887e+02   4.9463613e+02
   7.1216746e+02   5.3009223e+02
   8.0492164e+02   5.6038350e+02
   8.2919808e+02   5.0617493e+02
   7.1544454e+02   7.6238235e+02
   8.0286731e+02   6.3698840e+02
   8.4329450e+02   6.3488951e+02
   8.8117367e+02   7.1051869e+02
   9.2153554e+02   7.0857477e+02
   8.4554045e+02   8.6336758e+02
   7.8475852e+02   8.8826952e+02
   7.3871452e+02   6.0176607e+02
   7.6819398e+02   6.4490191e+02
   9.2030416e+02   5.3871970e+02
   9.5882999e+02   5.6826515e+02
   1.0121953e+03   5.6068622e+02
   9.9685833e+02   5.1614246e+02
   9.3462288e+02   6.1692718e+02
   9.1017210e+02   6.4739655e+02
   8.7948710e+02   6.4081551e+02
   8.5084394e+02   6.9368142e+02
   9.0813027e+02   5.8977257e+02
   8.7232631e+02   5.6425110e+02
   5.8350774e+02   6.9185846e+02
   5.0712597e+02   6.6633699e+02
   5.0235211e+02   7.1525472e+02
   5.4054299e+02   7.5450000e+02
   5.2622141e+02   6.1321698e+02
   4.8350161e+02   6.2805478e+02
   7.8796613e+02   6.8638957e+02
   7.6781774e+02   7.3014067e+02
   8.5065000e+02   7.5566214e+02
   9.0437903e+02   7.9394435e+02
   8.3274032e+02   4.1476819e+02
   8.5288871e+02   4.3299781e+02
   7.6110161e+02   5.1503111e+02
   7.9020484e+02   4.8950964e+02
   1.0543726e+03   4.6945706e+02
   1.0745210e+03   3.7830894e+02
   9.3795968e+02   4.8039483e+02
   9.5810806e+02   4.3482077e+02
