   6.1268227e+02   5.3750935e+02
   6.5315532e+02   3.9201163e+02
   7.2902445e+02   4.5634080e+02
   7.8139580e+02   4.3625699e+02
   5.5107728e+02   4.5581100e+02
   5.1551793e+02   4.5581100e+02
   5.8663664e+02   4.8168660e+02
   6.1982536e+02   4.6377273e+02
   5.6283895e+02   5.7844007e+02
   5.5581703e+02   5.2001311e+02
   6.7284907e+02   4.3432022e+02
   6.5412395e+02   4.8106180e+02
   1.2957729e+02   3.0602889e+02
   5.1004061e+02   5.0577344e+02
   4.6638226e+02   4.6471642e+02
   3.7242898e+02   4.3706160e+02
   3.7013666e+02   3.8739589e+02
   5.8441333e+02   4.0801604e+02
   5.1858831e+02   4.1945509e+02
   5.2298124e+02   3.7269512e+02
   5.8864519e+02   3.5708537e+02
   6.5345110e+02   5.9471503e+02
   6.8703190e+02   6.3489047e+02
   7.3832005e+02   6.8811546e+02
   7.2736504e+02   7.3124458e+02
   6.8272822e+02   5.0915620e+02
   7.0995903e+02   5.3211165e+02
   8.0050477e+02   5.6644175e+02
   8.2476358e+02   4.9662489e+02
   7.1091599e+02   8.0191176e+02
   7.9837540e+02   6.3908729e+02
   8.4554045e+02   6.3698840e+02
   8.9686995e+02   7.2023832e+02
   9.3050485e+02   7.0274299e+02
   7.8916138e+02   9.0566729e+02
   7.3871452e+02   6.1616766e+02
   7.6819398e+02   6.4490191e+02
   8.4478930e+02   8.7579187e+02
   8.7032107e+02   8.7181100e+02
   9.1602352e+02   5.3675000e+02
   9.6525096e+02   5.7220455e+02
   1.0275324e+03   5.4325605e+02
   9.9904933e+02   5.1807914e+02
   9.2340218e+02   6.1490777e+02
   9.2483878e+02   6.5357625e+02
   8.8664789e+02   6.4810736e+02
   8.6277859e+02   6.9003550e+02
   9.1051720e+02   5.8430368e+02
   8.7471324e+02   5.6789702e+02
   5.5963844e+02   6.9368142e+02
   5.0712597e+02   6.5175329e+02
   4.8803052e+02   7.2310377e+02
   5.2860834e+02   7.4468868e+02
   5.0712597e+02   6.1714151e+02
   4.6783065e+02   6.5357625e+02
   8.1035323e+02   6.9915031e+02
   7.7453387e+02   7.3378659e+02
   8.5736613e+02   7.6295399e+02
   9.1333387e+02   8.1035101e+02
   8.3050161e+02   4.0747634e+02
   8.5960484e+02   4.3299781e+02
   7.5662419e+02   5.2779185e+02
   7.8348871e+02   4.9315557e+02
   1.0633274e+03   4.6216521e+02
   1.0789984e+03   3.6919413e+02
   9.3572097e+02   4.7674890e+02
   9.4915323e+02   4.2752892e+02
