   6.8503130e+02   5.0159091e+02
   6.6720787e+02   5.4338995e+02
   7.4557114e+02   4.1171951e+02
   7.8188839e+02   4.1952439e+02
   4.5813768e+02   4.6318444e+02
   6.1384281e+02   5.1353349e+02
   5.7902676e+02   4.4784928e+02
   7.0857946e+02   4.4000000e+02
   7.1036286e+02   3.5502359e+02
   6.8789572e+02   6.2516606e+02
   7.2367381e+02   6.0708737e+02
   7.5509175e+02   5.0813038e+02
   8.3384219e+02   5.2394045e+02
   8.0457890e+02   5.8259709e+02
   8.7478176e+02   6.3243312e+02
   9.4938111e+02   6.7372884e+02
   9.4938111e+02   7.3458568e+02
   9.5557098e+02   5.5632956e+02
   9.9494462e+02   5.3210714e+02
   9.3911116e+02   6.2904369e+02
   8.8300768e+02   5.5028641e+02
   6.1215090e+02   6.9003550e+02
   5.6918616e+02   6.2440885e+02
   7.9915968e+02   6.2805478e+02
   8.1035323e+02   6.9003550e+02
   7.3647581e+02   5.5878221e+02
   8.0811452e+02   4.2752892e+02
   8.2826290e+02   4.5305039e+02
   9.7154032e+02   4.6216521e+02
   9.4019839e+02   4.5122743e+02
