   5.4278010e+02   4.5854878e+02
   5.9019257e+02   5.0342683e+02
   5.7554515e+02   5.4528505e+02
   6.2892977e+02   5.3945327e+02
   6.5079277e+02   4.5852326e+02
   6.3898000e+02   3.9604264e+02
   7.1732125e+02   4.5220149e+02
   7.6273361e+02   4.3425121e+02
   1.1169646e+02   2.9123778e+02
   5.2598154e+02   4.9358594e+02
   4.9815985e+02   4.4725373e+02
   4.2973699e+02   4.4103486e+02
   4.0910611e+02   4.0924881e+02
   5.8668316e+02   4.4042667e+02
   5.3674693e+02   4.3280064e+02
   5.2298124e+02   3.9415854e+02
   5.7279527e+02   3.7659756e+02
   6.6220820e+02   5.8086156e+02
   6.9129939e+02   6.1582539e+02
   7.4051105e+02   6.7831338e+02
   7.1860103e+02   6.9791753e+02
   7.0413146e+02   4.9645113e+02
   7.0554216e+02   5.3816990e+02
   7.9167104e+02   5.6644175e+02
   8.3141534e+02   5.3864509e+02
   7.3808728e+02   7.3226471e+02
   8.0286731e+02   6.1809839e+02
   8.4329450e+02   6.4118618e+02
   8.9462763e+02   7.1246262e+02
   9.3050485e+02   7.1635047e+02
   8.4554045e+02   8.5956849e+02
   7.9796709e+02   8.6120632e+02
   7.2975968e+02   6.0588081e+02
   7.5890970e+02   6.3694019e+02
   9.6651735e+02   5.4878649e+02
   1.0056223e+03   5.5874953e+02
   9.9685833e+02   5.1420577e+02
   9.1891390e+02   6.1692718e+02
   9.0790783e+02   6.5843103e+02
   8.6679931e+02   6.5466285e+02
   8.7710017e+02   5.9706442e+02
   5.7396002e+02   6.7362883e+02
   5.3815606e+02   6.6633699e+02
   5.2144755e+02   7.2114151e+02
   5.6202537e+02   7.4665094e+02
   5.6202537e+02   6.2302830e+02
   5.2860834e+02   5.9948113e+02
   5.0365000e+02   6.2987774e+02
   7.8348871e+02   6.7180587e+02
   7.8348871e+02   7.3196363e+02
   8.5960484e+02   7.2102585e+02
   8.7751452e+02   7.6477695e+02
   8.3497903e+02   4.2935188e+02
   7.8572742e+02   5.1320815e+02
   1.0566113e+03   4.8950964e+02
   1.0610887e+03   3.9471560e+02
   9.3124355e+02   4.8950964e+02
   9.3348226e+02   4.4211262e+02
