   6.8531555e+02   5.3314591e+02
   7.6567949e+02   4.1579183e+02
   5.0843172e+02   4.4699475e+02
   6.1322591e+02   4.8493160e+02
   6.9392359e+02   4.1680058e+02
   6.9733034e+02   6.5012319e+02
   8.1503998e+02   5.0258566e+02
   8.1575443e+02   5.7048058e+02
   9.4315539e+02   6.6741262e+02
   9.4462461e+02   5.4501496e+02
   9.6679485e+02   5.1725000e+02
   8.5832215e+02   5.7855825e+02
   8.9198424e+02   5.5028641e+02
   6.0737704e+02   6.5357625e+02
   5.7157309e+02   5.9706442e+02
   8.0363710e+02   6.5722217e+02
   7.2752097e+02   5.7336591e+02
   8.2378548e+02   4.3846670e+02
   9.2005000e+02   4.5487336e+02
