  -2.2413580e+01  -2.7327771e+01
   3.0529842e+01   5.5334780e+01
   6.5657428e+01  -3.9303309e+01
  -8.0776015e+00  -4.1464233e+01
  -2.7195740e+00  -5.7192496e+01
  -2.9747335e+01   1.1290621e+01
  -8.6096060e+00  -1.0271320e+01
   2.1687689e+01   3.9125519e+01
   4.0065305e+01   4.9365541e+00
   1.2696599e+01  -4.3359090e+01
  -3.7447842e+01  -8.1429109e+00
  -7.0190955e+01  -4.2600167e+01
   5.1885196e+01   4.3975157e+01
   5.7023131e+01  -1.2937302e+01
   2.2618485e+01  -4.3936121e+01
  -3.9228162e+01   1.4396668e+01
   8.0811572e+01   1.7466384e+01
   3.3638855e+01   2.8744243e+01
   4.2336373e+01   2.3824744e+01
   4.1506445e+01  -5.9093454e+00
   7.0860087e+01   4.2770817e-01
   9.4946633e+00   7.8583021e+01
  -5.3787118e+01   3.8359353e+01
   2.6496117e+01  -6.3130723e+01
   2.7162548e+01  -1.8161635e+01
  -3.2884892e+01  -7.7162170e+01
   2.1151809e+01  -3.4063177e+01
  -5.3292932e+01   2.8387105e+01
  -6.5672711e+01   2.7034692e+01
  -6.8082055e+01  -6.8439861e+00
   4.0251697e+00  -3.8514662e+01
  -2.7099245e+01  -1.8464873e+01
   2.1310168e+01  -7.6465659e+01
  -3.2400116e+01  -2.6897799e+01
  -3.0089527e+01  -4.6622714e+01
  -1.0901949e+00   4.4243462e+01
   2.4439366e+01  -7.3326189e+00
   2.1633468e+00   5.8191555e+01
   1.6565846e+01  -1.2070868e+00
  -3.8288551e+01   3.9550417e+01
  -1.3992625e+01   5.9151853e+01
   3.8248979e+01  -3.1992392e+01
   3.6893955e+01  -4.7526966e+01
   2.6385574e+01  -5.3153393e+01
   1.7277112e+01  -5.7267485e+01
  -1.2255068e+01  -5.4236504e+01
  -6.0174141e+01   1.0069424e+01
  -6.4471819e+01  -1.6160654e+01
  -5.5596913e+01   2.4735993e-01
  -4.6443553e+01  -3.7588863e+00
   1.5575336e+00  -8.6828044e+01
  -3.3261939e+00  -2.2481765e+01
   7.3408940e+00  -6.2341196e+01
   5.6554494e+01   1.4853789e+01
   8.4347595e+00   2.2568305e+01
  -3.9924745e+01  -6.9466181e+01
   5.5643873e+01   3.4708859e+01
  -5.1474210e+01  -2.1962638e+01
  -8.4967456e+00   3.7536395e+01
  -3.3472038e+00   7.4270234e+01
  -2.4752680e+01   7.4254671e+01
   6.7256139e+00   1.2735017e+01
   8.5155397e+01  -1.6861565e+01
   3.9832502e+01   7.0408698e+01
   5.4793108e+01  -2.3122370e+01
  -2.3519780e+01   2.6551295e+01
  -2.7515593e+01   4.4522249e+01
   1.7241370e+01   5.0897726e+01
   3.6500471e+01   3.8321408e+01
   5.0026692e+01   5.5644957e+01
  -1.7343567e-01  -3.6118265e+00
   4.8169454e+01  -3.0825432e+01
   5.1447521e+01  -4.6754378e+01
   3.6797563e+01  -7.9157741e+01
  -2.1312924e+01  -7.3463962e+01
   2.9082435e+01  -2.7974474e+01
   8.9978856e+00  -1.9360422e+01
  -4.5503748e+01   2.2146762e+01
  -2.0983714e+01  -6.3472538e+01
  -7.5322064e+01   2.4424915e+01
  -1.7952089e+01  -1.4519925e+01
  -2.7453657e+01  -8.4798919e+00
  -6.8941862e+01   3.6476179e+01
  -7.1830240e+01  -2.2926100e+01
  -3.5373274e+01   2.0144375e+00
  -5.0858572e+01   1.3703487e+01
  -4.5967830e+01  -1.3677468e+01
  -1.7172410e+01  -4.5587401e+01
  -5.5690581e+01  -1.1390436e+01
  -1.1007416e+01  -6.4125930e+01
  -1.3450629e+01  -8.3223671e+01
  -1.7605318e-01  -4.7553259e+01
  -3.8081438e+01   2.8843154e+01
   3.5413942e+01  -5.7413530e+01
   6.3717661e+01   7.4258579e+00
   8.7377927e+00  -7.2236203e+01
  -1.4583161e+00  -6.7086794e+01
  -4.4540890e+01   5.9887826e+00
  -3.2925318e+01  -5.6337056e+01
   8.5358894e+00  -5.2428913e+01
  -2.2694368e+01  -3.7325498e+01
   3.0113524e+01   8.1218132e+00
   2.0602893e+01   1.1194474e+01
   4.6936402e+01   1.2164329e+01
  -5.5632036e+00   6.4523165e+01
   5.7172594e+01   2.4830457e+01
  -2.3268737e+01   6.2877945e+01
   4.5655854e+01   3.4313668e+01
  -5.9983584e+01  -4.4323673e+01
  -6.0821623e+01  -2.5459669e+01
   4.3481369e+00   3.4150907e+01
   2.4494699e+01   7.2680064e+01
   6.1304289e+01  -3.1843768e+00
   4.8095405e+00   6.7978817e+01
   7.6005627e+01  -8.1460004e+00
  -2.1429679e+01   5.2468905e+01
   6.7006610e+01  -2.2469509e+01
  -2.0097509e+01   3.6994173e+01
  -3.7508748e+01   4.9516265e+01
   7.1596946e+01   1.3582487e+01
  -4.2537281e+01  -2.6802714e+01
  -3.1840361e+01   5.7742128e+01
   1.3820830e+01   3.0963223e+01
   7.3213253e+00   4.9644943e+01
  -6.2806606e+00   5.2788940e+01
   1.1875242e+01   6.0570852e+01
   4.1255805e+01   6.0447261e+01
  -1.8242879e+01  -4.5872814e+00
  -3.9561159e+00   2.8632760e+01
  -9.4358991e+00   6.2868879e-02
   3.1373512e+01  -3.9198025e+01
   4.2146052e+01  -2.2814851e+01
   4.7116787e+01  -1.4164955e+01
   5.7932778e+01  -3.2957397e+01
   4.3807829e+01  -4.0303079e+01
   3.4178665e+01  -6.9512515e+01
  -4.4639849e+01  -7.8284036e+01
  -3.0110215e+01  -6.7555225e+01
  -2.9744935e+01   3.4364679e+01
   1.7765122e+01  -2.4676835e+01
  -5.8642384e+01   1.9946654e+01
  -6.2157899e+01   4.3818428e+01
   5.4077083e+00  -2.8640066e+01
  -6.9736196e+01   1.5611327e+01
  -7.8653679e+01   3.4100778e+01
  -8.1598772e+01  -2.0792707e+01
  -2.5392891e+01   2.3289808e+00
  -6.7362245e+01   3.1240218e+00
  -6.1248916e-02  -7.6971611e+01
  -7.6549717e+01  -1.2161377e+01
  -3.1821868e+01   2.1057472e+01
   4.2687800e+01  -6.4262639e+01
  -3.8195950e+00  -3.2423389e+01
   9.3925512e-01  -1.3494453e+01
   7.8739950e+01   6.5845293e+00
   1.7402239e+01  -6.7262546e+01
  -2.3018783e+01  -5.3689025e+01
  -1.3267064e+01  -2.3285879e+01
  -4.2324624e+01  -5.9759119e+01
   1.8285661e+01   2.0915965e+01
  -9.6034283e+00  -7.4004369e+01
  -1.2357669e+01   7.8606610e+01
  -1.3701643e+01  -3.3219561e+01
   3.2525907e+01  -1.5690831e+00
   1.7783032e+01  -1.4700928e+01
   3.6493572e+01  -1.4569197e+01
   9.7416867e+00  -8.7576893e+00
  -3.3555988e+01   6.7591403e+01
   2.8263824e+01   2.0305858e+01
  -1.5441607e+01   6.9095738e+01
   6.1977858e+01   4.2442461e+01
   6.6870549e+01   2.2394316e+01
  -7.3410569e+01  -3.2798677e+01
   2.9453968e+01   4.5404859e+01
  -6.3663862e+01  -3.5031452e+01
   7.4403749e+00   2.8019855e+00
   3.7240130e+01   1.5217355e+01
  -1.3907939e+01   2.9141209e+01
   3.1238586e+01   6.5301187e+01
   2.1773162e+01   6.1993721e+01
   1.4827928e+01   7.0124369e+01
   5.1417891e+01  -4.6575230e+00
  -1.3808941e+01   4.6000056e+01
   8.5908037e+01  -6.7835310e+00
   7.8077165e+01  -2.3925462e+01
  -4.6530954e+01   4.5224041e+01
   6.6998879e+01  -1.2471083e+01
  -4.6465408e+01   5.5221783e+01
  -5.2281102e+01  -3.1900181e+01
  -3.7073715e+01  -1.8122637e+01
  -3.2538931e+01  -3.6803044e+01
   1.1837354e+01   4.0749319e+01
   2.3671340e+01   2.9332690e+01
   5.9374536e+01   5.2095377e+01
   3.9405311e+01   5.0540965e+01
  -1.8449703e+00   6.5543136e+00
   5.4018125e+01   4.9967203e+00
  -9.2755654e-01   1.9130058e+01
