   5.7742790e+01  -1.1126325e+01
   4.3634707e+01  -5.1158786e+01
  -4.1198337e+01   6.8191830e+01
  -9.7936389e+01   5.7839018e+00
  -8.2141274e+01   8.0390760e+01
   6.2910504e+00  -8.4125621e+01
   5.7820375e+01  -9.1571676e+01
   5.3615302e+01  -5.0536555e+01
  -1.1566188e+01  -6.7385828e+01
   7.9258444e+01  -6.5018348e+01
  -3.0009540e+01   4.2321374e+01
  -9.1526174e+01  -1.4652043e+01
  -4.1508424e+01   3.4179632e+01
   4.8570692e+01  -3.2360960e+01
   3.6469546e+01  -8.9103486e+01
  -8.8500713e+01   2.3754289e+01
  -5.5884672e+01   5.3088340e+01
  -6.1526335e+01   3.4078661e+01
  -9.9738312e+01   8.8175856e+01
  -4.8845899e+01  -1.9225062e+01
  -6.5776703e+01  -1.2068756e+00
  -7.8062792e+01   3.5584868e+01
  -3.6022571e+01   2.0714200e+01
   4.5129389e+01  -8.0298924e+01
   2.9470823e+01  -9.7396029e+01
   2.5753083e+01  -2.0200449e+01
   6.1397215e+00  -1.6233111e+01
   3.3861412e+01  -4.0186296e+01
   2.3908500e+01  -3.9217053e+01
   8.7337958e+00  -3.7456312e+01
   7.5441025e+01  -4.7699623e+01
   1.6146548e+01  -6.4186597e+01
   3.5285370e+01  -6.9195940e+01
   5.0965332e+00  -6.6982043e+01
   4.8040052e+01  -7.0719944e+01
   4.2078811e+01  -6.1857741e+01
  -2.1723064e+01   5.6786097e+01
  -9.6554633e+01   5.5331791e+01
  -7.4908485e+01  -5.2823447e+00
  -8.1113509e+01  -2.5096266e+01
  -4.0699638e+01  -6.5720239e+00
  -1.5279006e+01   2.8997242e+01
  -6.2621009e+01   7.9810128e+01
  -8.3549159e+01   6.2205084e+01
  -6.8771444e+01   8.3334724e+00
   7.9277465e+01  -2.6618286e+01
  -5.3024153e+01   1.6001172e+01
  -6.8414074e+01   2.6247412e+01
   3.9808191e+01  -6.6862336e+00
   3.7174714e+01  -1.9327109e+01
   1.6318848e+01  -1.6884547e+01
  -1.5589624e+01  -5.2448329e+01
   2.3729414e+01  -4.9215429e+01
  -8.9774864e+00  -3.2899137e+01
   2.5769369e+01  -8.8106291e+01
   6.4887700e+01  -7.8545172e+01
  -4.9941653e+01   6.1144703e+01
  -3.9859711e+01   4.4042309e+01
  -4.3120697e+01   7.8005069e+01
  -2.1071257e+01   4.6805179e+01
  -7.8004382e+01   4.2263511e+00
  -6.6636242e+01  -2.5569789e+01
  -3.1657881e+01   3.2458392e+01
  -8.9113213e+01   9.1835942e+01
  -8.1742674e+01  -1.2582560e+01
  -4.6113711e+01   1.8355576e+00
  -8.8321534e+01  -4.6865531e+00
  -3.4319365e+01   3.7629234e+00
  -7.3613059e+01  -1.8405720e+01
   6.9466460e+01  -2.8554253e+01
  -9.7827145e+01   7.3632774e+01
  -9.3217601e+01   6.4758565e+01
  -4.5124663e+01   2.4856646e+01
   5.9668232e+01  -3.0552936e+01
   6.1377510e+01  -5.6841128e+01
  -5.2683803e+01   8.0928192e+01
  -6.4624468e+01  -1.1139824e+01
   4.3814156e+01  -4.1157284e+01
   6.4174526e+01  -4.2113779e+01
  -9.7546669e+01   3.6331978e+01
  -5.1482892e+01   3.3467032e+01
  -6.9289345e+01   4.0381728e+01
   3.5122594e+01  -7.9194615e+01
   2.5178060e+01  -7.8123790e+01
   3.8738589e+01  -2.9204067e+01
  -5.9949193e+01   4.3952831e+01
   3.3682296e+01  -5.0184691e+01
   4.6641526e+01  -2.2548819e+01
   2.3241784e+01  -5.1585436e+00
   7.5912838e-01  -3.0619164e+01
   1.2693582e+01  -7.5648133e+00
   5.1989384e+01  -6.0523367e+01
  -1.8662382e+01  -3.8505398e+01
   1.5229446e+01  -7.7111329e+01
   4.6407275e+01  -9.0217733e+01
   5.7879520e+01  -6.8604598e+01
   8.8000505e+01  -6.0162811e+01
   1.5498729e+01  -9.7178629e+01
   6.7871822e+01  -6.8996893e+01
   5.4895550e+01  -7.8149017e+01
   5.4687231e+00  -5.6985753e+01
  -9.3345706e+00  -7.7133639e+01
  -3.0092039e+01   6.4081999e+01
  -5.0761576e+01   7.1114687e+01
  -2.1861942e+01   3.6524315e+01
  -3.8441838e+01   5.8579708e+01
  -3.0660086e+01   5.2299834e+01
  -5.8845477e+01  -1.9300603e+01
  -2.5959650e+01   2.4241134e+01
   7.3209287e+01  -3.7827399e+01
   7.1771156e+01  -1.8823457e+01
  -9.4850771e+01   1.6029374e+01
  -9.8159523e+01   2.6343722e+01
  -7.4546404e+01   1.6496561e+01
  -7.8673609e+01   2.5604323e+01
  -2.9948416e+01   1.2757077e+01
   5.6529802e+01  -2.1058187e+01
  -3.9234666e+01  -1.6464121e+01
  -5.3857599e+01  -1.0497815e+01
  -9.1103236e+01  -2.4643093e+01
  -7.8755836e+01   7.0981319e+01
  -8.4373552e+01   1.4645769e+01
  -5.8319361e+01   8.9188929e+01
   7.4633563e+01  -9.5011616e+01
  -6.8089772e+01   9.1319362e+01
   6.7256308e+01  -8.8260608e+01
  -4.3265274e+01   1.3819099e+01
  -9.0406666e+01   4.3413562e+01
  -5.7698241e+01   2.4841153e+01
   1.5085228e+01  -5.4243082e+01
   5.4296017e+01  -4.0559765e+01
   3.9389385e+01  -9.8669654e+01
   2.8824045e+01  -3.0508592e+01
  -7.6847199e+01   5.4783341e+01
   1.7607095e+01  -3.1452262e+01
   4.7855393e+01  -1.2622772e+01
  -8.7889857e+01   3.3735485e+01
   3.1015329e+01  -1.1449170e+01
  -8.7947806e+01   5.3064264e+00
   9.4484470e+00  -2.5669857e+01
  -8.0184374e+01   4.5356773e+01
  -6.4150810e+01   1.7201737e+01
   2.3126149e+00  -6.9944337e+00
  -3.6674015e+00  -2.1491103e+01
  -7.2316998e+01   8.2256790e+01
  -9.2042815e+01   8.1790042e+01
   1.2769027e+00  -4.4119250e+01
  -9.6677107e+00  -4.2875288e+01
  -5.1387126e+00  -5.1790902e+01
  -8.6886224e+01   5.2778407e+01
  -2.6271783e+01  -4.4993620e+01
  -6.7915445e+01   5.0286343e+01
   4.9323313e+01  -9.9817288e+01
  -4.5948330e+01   5.1973897e+01
   8.3160078e+01  -4.0733384e+01
   7.1079287e+01  -5.9264994e+01
   2.5338302e+01  -6.8125075e+01
   3.0833648e+01  -5.9770368e+01
   5.3659909e+00  -9.4083188e+01
   8.5004424e+01  -5.0622188e+01
   5.9072560e-01  -7.5909399e+01
  -3.3832835e+00  -6.1637800e+01
  -3.6337688e+00  -8.5349528e+01
   1.5812034e+01  -8.7183538e+01
  -5.5790398e+01  -6.8639128e-01
