  -7.5194181e+01   4.5512850e+00
  -8.6528053e+01   2.3670221e+01
  -3.5323290e+00  -4.3061798e+01
   3.8452402e+01  -8.0106179e+01
  -5.0386031e+01   6.2111301e+01
  -8.5944635e+01  -2.2125254e+01
   7.1124180e+00  -2.3393481e+01
  -2.1524292e+01  -3.3970429e+01
   1.5688068e+01  -8.0648472e+01
   4.6581354e+01  -9.5646882e+01
  -7.0010078e+01  -3.2627882e+01
  -6.4838719e+01   2.7001262e+01
   2.5760220e+01  -3.8966138e+01
  -6.7421167e+01   1.0772299e+01
  -8.7515812e+01   4.6327256e+01
  -2.2199251e+01  -6.5435559e+01
   7.0098761e+01  -1.8416490e+01
  -1.5355261e+01   6.0107666e+01
   9.2095412e+01  -3.7235246e+01
  -3.1095707e+01   9.9781223e+01
  -4.2366002e+01   2.3099395e+01
   1.9708541e+01   6.4460505e+01
  -8.0730443e+01   6.6832018e+01
  -8.4949085e+01  -4.7557805e+01
  -5.7783669e+01   7.7618955e+00
   6.0798032e+01  -6.4657286e+01
   4.9359429e+01  -3.3996097e+01
   1.6079602e+01  -4.1346940e+01
   4.4771728e+01   3.7746073e+01
  -1.9028213e+01  -5.6247590e+01
  -2.8707779e+01  -7.2808505e+01
  -1.3713372e+01   7.5621026e+01
  -4.1859489e+01   6.7320534e+01
  -2.9720502e+01   6.6299679e+01
   1.3461775e+00   2.6244912e+01
   9.9630141e+01  -3.0685674e+01
  -5.8321965e+00   5.5302264e+01
  -2.0749059e+01  -1.2989688e+00
  -3.2389939e+01  -1.8107403e+01
   3.5846353e+00   5.2435238e+01
  -4.7732118e+01  -2.2323151e+01
   3.8717363e+01  -5.3490030e+01
   5.6499405e+01  -9.4594245e+01
  -4.0646797e+01   4.1000667e+01
   2.1834347e+01  -2.9893447e+01
   3.1879705e+01  -3.1028544e+01
   6.7771488e+01  -8.8685135e+01
  -9.6946854e+01   4.9327354e+01
   4.5337243e+01  -2.5361792e+00
   3.0118221e+01   3.8031769e+00
  -1.5657642e+01  -9.6634333e+00
   1.0503709e+01   1.0553384e+00
  -9.8895068e+01   5.9115142e+01
  -7.7177404e+01   2.6359054e+01
  -7.2470982e-01  -5.3048698e+01
  -2.8735236e+01  -5.1419398e+01
   3.9774437e+01  -6.3397296e+01
   9.5597164e+01  -7.9710406e+01
  -2.8373264e+01  -2.6991370e+01
   6.1278546e+01   1.3976870e+00
   7.3558266e+00  -5.9544373e+01
  -4.5392102e+01  -8.5343852e+01
   8.4176029e+01  -4.3307709e+01
  -4.2788585e+01  -5.0087848e+00
   8.3888269e+01   1.9672025e+01
   1.6570834e+01   2.3362176e+01
   6.2675928e+01   1.8086312e+01
  -1.6189028e+01   3.1835437e+01
   7.1314831e+01  -3.9249925e+00
   1.8728565e+01   4.2962816e+01
  -4.8669949e+01   8.3229707e+01
  -3.2981825e+01  -6.0855954e+00
  -7.1102211e+01  -6.0520441e+01
   7.0777150e+01  -3.7400032e+01
  -6.5358750e+01   1.7981153e+00
  -6.9273760e+01   5.1280754e+01
  -2.6089900e+01   7.8481936e+01
   6.7314154e+01  -2.8020080e+01
   9.1687251e+01  -9.3989379e+01
   4.5383010e+00   8.1230307e+01
   1.6863203e+00   9.8969030e+01
  -4.1619800e+01  -1.4820183e+01
  -9.4679663e+01  -1.4232491e+01
   4.4920812e+01  -4.5622662e+01
  -8.7521566e+01  -3.2006291e+01
  -5.9873153e+01   1.7487219e+01
  -7.8956620e+01   1.6879462e+01
  -7.5697836e+01  -5.1352846e+01
  -8.0434635e+01   9.4913782e+01
   3.6003604e+01   2.4066484e+01
  -6.7946647e+01   8.0403720e+01
   7.0119661e+01  -6.8222624e+01
   8.0359141e+01  -6.5014306e+01
   2.1237782e+01  -1.2796699e+01
   4.5737098e+01   1.6894695e+01
   3.2132273e+01  -7.0326607e+00
   1.0748910e+01  -1.1256071e+01
   2.7367197e+00  -4.9645190e+00
  -9.8117750e+01   7.7371815e+00
   3.3707642e+01  -4.4904508e+01
  -8.8697479e+00  -7.1290850e+01
   3.0465664e+01  -5.9759942e+01
   7.5285381e+01  -9.8646332e+01
  -4.2719767e+01  -7.5720965e+01
  -2.5352165e+01  -9.6765542e+01
   5.4880219e+00  -8.3009926e+01
   9.7440856e+01   1.9241243e+01
  -1.4680018e+01   9.3248858e+01
   5.3773379e+01   2.2530502e+01
  -3.7407982e+01   5.0002615e+01
   2.8541887e+01   3.2593523e+01
   6.0000088e+01  -1.8057083e+01
   8.9566277e+00   3.2208912e+01
  -4.9079131e+01   4.4459896e+01
  -5.4365969e+01  -5.6704771e+01
  -3.1854006e+01   1.4624754e+01
   4.3248488e+01  -1.2247098e+01
  -4.6530927e+01   5.3389866e+01
  -3.7160760e+01   9.2023817e+01
  -1.0127194e+01   3.9085887e+01
  -2.9117860e+01   4.4512465e+01
  -2.5109172e+01  -1.1597758e+01
  -2.8401760e+01  -4.1234623e+01
  -3.9047682e+01  -2.5297585e+01
   1.0099156e+01   6.1851265e+01
  -5.6172893e+01  -2.0376140e+01
   4.7694985e+00   7.1060732e+01
  -9.5449456e+01  -2.5150298e+01
  -9.7907566e+00   8.4598537e+01
   4.1941824e+01  -2.7316491e+01
  -8.3751158e+01  -1.0037397e+00
  -9.5910423e+01   2.8724293e+01
  -8.4985118e+01   3.3373596e+01
  -9.6947563e+01   7.7873127e+01
  -7.7622897e+01   3.9355925e+01
  -8.4207807e+01   8.8433098e+00
  -9.0432445e+01   9.5015633e+01
  -8.6638588e+01   7.4783614e+01
   1.2117034e+01  -3.2128716e+01
   2.6573713e+01  -2.1161310e+01
  -4.6006371e+01   3.2668672e+01
   4.9363921e+01  -8.0897234e+01
  -8.8936794e+01   5.9980179e+01
  -7.0899783e+01  -4.2582859e+01
   4.5195656e+01   2.7546744e+01
  -7.6397750e+01  -2.4946107e+01
  -9.4807189e+01  -4.5882603e+01
  -7.6344779e+01   8.5800890e+01
  -9.4632145e+01   6.8157499e+01
   2.6280244e+01   2.2967906e+01
   6.0814382e+01  -3.6606867e+01
   5.6894212e+01  -2.7473470e+01
   6.4806029e+01  -4.5719310e+01
   5.0840149e+01  -6.4571419e+01
  -1.0891118e+01  -5.7260490e-01
   7.9030466e+01   2.2445762e+00
   9.3526393e+00  -4.9863427e+01
   2.3010207e+01  -4.8547136e+01
  -7.5070937e+00  -3.2615648e+01
  -5.1536282e+01   2.3156542e+01
  -1.0363570e+01  -5.0358102e+01
  -7.9402275e+01   5.7306540e+01
  -2.7216758e+01   5.8880263e+00
   3.3217196e+01  -7.1589265e+01
  -1.1651752e+00  -6.4599412e+01
  -2.0038783e+00   3.8094152e+00
  -3.7497397e+01  -6.7238341e+01
  -2.0224880e+01  -4.6676645e+01
  -1.7805816e+01  -8.4448472e+01
   5.2701316e+01  -9.2524919e+00
   9.9576156e+01  -5.9521448e+01
   6.5118837e+01  -5.5675290e+01
   8.4516824e+01  -5.3298614e+01
   8.9925890e+01  -6.2138434e+01
   2.8950506e+01  -8.3131340e+01
  -5.1144758e+01   4.3095261e-01
  -4.4190768e+01   7.3316915e+00
  -5.0509988e+01   1.4096447e+01
  -5.1647279e+01  -9.3954733e+00
  -6.5489415e+01  -7.0064016e+00
   9.6445558e+00  -6.9239842e+01
  -3.6046754e+01  -9.0783317e+01
  -6.0936271e+01  -7.4995031e+01
   9.4220362e+01  -5.0861103e+01
  -5.1655646e+01  -7.1251007e+01
  -5.4494387e+00  -8.7842951e+01
  -1.0105678e+01  -6.0418350e+01
   3.8321933e+01  -9.0065516e+01
   8.5992369e+01  -4.7626257e+00
   7.2340900e+01   2.0311619e+01
   6.7329810e+01   9.3191170e+00
   2.8828215e+01  -9.3110373e+01
   2.5768707e+01   5.0033606e+01
   8.9269603e+01  -1.4111735e+01
   8.8171295e+01  -2.7940173e+01
  -2.4103801e+01   2.5415316e+01
  -5.9857875e+01  -6.5055649e+01
  -7.3420917e-02   1.3516116e+01
   1.8695401e+01   3.3034465e+01
  -3.4865584e+01   7.4003876e+01
   6.9945782e+00   4.1928376e+01
  -6.4870202e+01   4.3661993e+01
   7.7538103e+01  -1.1735146e+01
   6.2570372e+01  -8.4872264e+00
  -4.9810652e+01   7.1834462e+01
  -8.4780219e+00   6.7126117e+01
   4.9484223e+01  -2.0772080e+01
   3.9848920e+01  -3.7049266e+01
  -3.3850105e+01   5.8634169e+01
  -7.6691006e+01  -1.4936680e+01
  -1.2327062e+01   4.8056315e+01
  -6.9841445e+01   1.9690451e+01
  -4.7631298e+01   9.3176930e+01
  -8.5906396e+01  -1.2019080e+01
  -2.0913778e+01  -2.0529231e+01
  -5.1341868e+01  -3.1477394e+01
  -3.5055871e+01  -3.4047251e+01
   2.7619965e-01   6.2391642e+01
  -7.4606815e+01  -5.2614530e+00
   1.4352644e+01   8.2941444e+01
   1.4478611e+01   7.2958484e+01
  -3.8624435e+00   7.5941717e+01
  -5.6491314e+01   5.2679850e+01
   1.6660508e+01  -2.1460596e+01
  -7.7999044e+01   4.8160687e+01
  -1.1463937e+00   8.9425723e+01
  -6.0731509e+01  -4.4178814e+01
   6.5244645e+01  -7.7301946e+01
   4.3512001e+01   7.2045353e+00
   5.3486210e+01   3.2974957e+01
   2.6534176e+01   1.3141781e+01
   2.2978725e+01  -3.2329662e+00
   3.6230327e+01  -1.9185053e+01
  -2.4599948e+01   9.2090385e+01
  -6.8036349e+01  -1.9672871e+01
   5.4866771e+01  -4.4639095e+01
   3.6304205e+01   1.4068035e+01
   5.5429725e+01   1.1282888e+01
  -9.9111382e+01  -5.4908538e+01
  -8.1064675e+01  -5.9801361e+01
  -5.9300462e+01   8.5080052e+01
  -7.6702364e+01   7.5826851e+01
  -8.0163288e+01  -3.8777543e+01
   5.6019889e+01  -7.3433062e+01
   8.0139029e+01  -3.3894289e+01
   9.6039976e+01  -2.1387767e+01
   2.3690690e+01  -7.4669237e+01
   1.9989523e+01   5.9342307e+00
   4.8609452e+01  -5.4872904e+01
   4.4465364e+01  -7.2196666e+01
   6.1530864e+00  -4.0621273e+01
   2.1570998e+00  -3.1738582e+01
  -3.7123482e+00  -2.3587372e+01
  -6.0579008e+00  -9.2729612e+00
   1.6566047e+00  -1.5255571e+01
  -9.1749739e+01   1.5360066e+01
  -9.3507833e+01   3.8416325e+01
   2.1893963e+01  -6.4888693e+01
   1.6821162e+01  -5.6361969e+01
   1.1632298e+01   1.0768644e+01
  -9.3000530e+01  -4.7127005e+00
  -4.6420636e+01  -6.2733413e+01
  -7.0427789e+01   9.4671950e+01
  -3.4245989e+01  -8.1004026e+01
  -3.6561747e+01  -5.7370224e+01
  -8.9963295e+01   8.5027036e+01
  -1.3695675e+01  -9.3528358e+01
   7.4747680e+01  -4.6573519e+01
   7.5064984e+01  -5.6554434e+01
   9.6248748e+01  -6.9853373e+01
  -5.7549351e+01   9.4076647e+01
  -9.6664108e+01  -3.6056914e+01
  -4.4929691e+01  -9.5340094e+01
  -1.8309539e+01  -7.4531653e+01
  -5.5147672e+01  -8.3148316e+01
   6.3684263e-01  -7.4348170e+01
   6.5611889e+01  -9.8537663e+01
   5.8555384e+01  -8.4814724e+01
   1.2448490e+01  -9.0116547e+01
   2.9391413e+00  -9.3286453e+01
   9.9165467e+01  -1.0873939e+01
   9.0429345e+01   1.2114361e+01
   9.2901895e+01   2.4344115e+00
   8.8533942e+01   2.8498709e+01
   7.7587687e+01   1.1968507e+01
  -8.7192772e-01   3.5843749e+01
  -2.0373784e+01   5.1879801e+01
   1.6930665e+01   5.4643239e+01
   1.9649177e+01  -9.7007996e+01
  -7.9150240e+00   2.7070598e+01
  -3.3260092e+01   2.4476586e+01
   7.7727443e+00   1.9419133e+01
  -6.3859880e+01  -5.3660979e+01
  -2.5535279e+01   3.4874216e+01
  -2.0847218e+01   6.9190658e+01
   3.2783384e+01   4.1548973e+01
   6.1953138e+01   2.7941741e+01
  -3.6054896e+01   2.9977973e+00
  -3.8863677e+01   8.2506700e+01
  -1.3622107e+01  -3.9885515e+01
  -5.6864959e+01   7.6920303e+01
   8.3167239e+01  -9.4356696e+01
  -6.0526891e+01  -1.3386507e+01
  -5.6762401e+01   4.0663593e+01
  -5.6679869e+01   3.0422487e+01
  -7.0986519e+01   3.3570259e+01
  -2.7895039e+01   5.3703125e+01
   9.6511925e+01  -8.8986483e+01
  -1.7293177e+01   2.8862827e+01
  -1.1556168e+01   5.1128479e+01
