   2.9966818e+01   5.4688687e+01
   7.9575443e+01  -3.6042443e+01
  -3.3128653e+01   1.9563951e+01
   2.9825874e+01   3.8697405e+01
  -4.2242835e+01  -4.7354534e+00
  -8.6073357e+01  -5.1125982e+01
   8.6431126e+01   2.5428734e+01
   4.4207639e+01   5.7206521e+00
   1.1544909e+01   7.7994100e+01
  -5.7098524e+01   3.9931389e+01
  -3.6076033e+01  -8.8130391e+01
  -6.4213144e+01   3.0959554e+01
  -6.8895722e+01  -6.1445857e+00
   2.1579722e+01  -8.8362661e+01
  -2.7743840e+01  -2.5080546e+01
  -3.0737934e+01  -4.8835786e+01
   2.8462962e+01  -1.0736275e+01
   1.6701631e+01  -1.5563688e+01
  -3.5478581e+01   4.8534899e+01
   2.9051876e+01  -6.5727706e+01
  -5.9267962e+01  -8.0909333e+00
  -5.1892796e+01  -1.6561215e+00
   7.0789172e+00  -6.8929330e+01
  -4.2415389e+01  -6.9796495e+01
   5.3359434e+01   2.3829738e+01
  -5.7328112e+01  -1.7526456e+01
  -2.5873240e+00   6.9186996e+01
  -3.3936899e+01   9.0484460e+01
   9.8972456e+00   1.5236028e+01
   9.2474365e+01  -2.1036786e+01
   5.0413392e+01   7.4940591e+01
   5.8831454e+01  -2.8843780e+01
  -2.6030555e+01   2.5698703e+01
   4.4388697e+01   4.0766925e+01
   4.7441196e+01   6.1945273e+01
   4.3230101e+01  -5.2053875e+01
   3.1459290e+01  -8.6558024e+01
   3.2261584e+01  -3.5108947e+01
  -3.9940502e+01   1.3018483e+01
  -9.1995977e+01   2.2211841e+01
  -7.4878054e+01   3.4531971e+01
  -5.3199485e+00  -6.1397372e+01
  -2.1127597e+01  -9.0226309e+01
   1.2240658e-01  -4.0804716e+01
  -4.4445826e+01   3.1064290e+01
  -4.4622333e+01   4.7642182e+00
  -3.3603188e+01  -5.8403995e+01
   1.3065382e+01  -5.4759984e+01
   3.8350544e+01   1.4996468e+01
   4.7820547e+01   1.5952294e+01
  -2.0446665e+01   6.8796039e+01
  -5.9606770e+01  -4.3512359e+01
   2.0840341e+01   8.1619513e+01
   6.5210330e+01  -6.2018280e+00
   7.7402326e+01  -6.4351176e+00
  -1.8974864e+01   4.6014646e+01
   6.5648752e+01  -2.1730552e+01
  -3.9128742e+01   5.7781132e+01
  -4.5883707e+01  -1.9875191e+01
   1.2289827e+01   3.1759278e+01
   1.1968170e+01   5.2174551e+01
  -3.5321487e+00   5.8704312e+01
  -1.8705534e+01  -7.8467981e+00
   6.2258608e+00   2.4193503e+01
  -4.9832938e+00  -9.5883004e+00
   3.6291195e+01  -2.1373855e+01
   5.0901807e+01  -3.4776233e+01
  -4.4781514e+01  -8.3335408e+01
  -6.3881318e+01   2.1006445e+01
  -6.1112593e+01   4.9068461e+01
   8.6424487e+00  -3.5621319e+01
  -7.2537148e+01   1.4924548e+01
  -9.0467314e+01  -2.8564402e+01
  -2.9144031e+01  -6.0300816e+00
  -7.1367205e+01   3.9179608e+00
   5.6777292e+00  -7.8647162e+01
  -8.6310630e+01  -1.0384457e+01
   5.0539651e+01  -5.8843004e+01
   7.9550046e+01   2.7380522e+00
  -2.2694493e+01  -6.5590700e+01
  -1.8508582e+01  -2.2940069e+01
  -5.6053269e+01  -6.7028995e+01
  -2.7082390e+00   9.1645286e+01
  -1.0755422e+01  -2.8945486e+01
   7.6870255e+00  -1.1236119e+01
  -4.3012229e+01   8.6288330e+01
  -1.1415413e+01   6.4665855e+01
   6.2483054e+01   4.3832879e+01
   6.0278694e+01   1.6996351e+01
  -8.2365626e+01  -3.8839555e+01
   1.6537331e+01   8.1430535e+00
  -1.7271810e+01   2.8549148e+01
   2.5751678e+01   6.3945184e+01
   7.9403705e+00   6.8179134e+01
   8.6969703e+01  -3.6298495e+00
   8.5126157e+01  -2.7752471e+01
  -4.5276987e+01   5.0062266e+01
   7.1321277e+01  -1.3863134e+01
  -4.8041690e+01   6.3886119e+01
  -5.8320236e+01  -3.4089698e+01
  -3.6396421e+01  -1.2662729e+01
  -3.4704341e+01  -3.2238376e+01
   9.4450203e+00   4.2967636e+01
   2.1641102e+01   3.3392644e+01
   5.9356654e+01   5.3256025e+01
   3.6606564e+01   4.6885303e+01
  -3.4689349e+00   4.7787968e+00
   5.2986885e+01   2.1234040e-01
  -3.3963687e+00   2.3106105e+01
   5.9882634e+01  -4.1039241e+01
   3.9203851e+01  -4.2318156e+01
   4.2788523e+01  -8.2292424e+01
   5.7171215e+01  -5.0982496e+01
   3.3387988e+01  -5.0559226e+01
   4.9499329e+01  -2.4995786e+01
  -5.9696485e+01  -7.9698583e+01
  -2.7693632e+01  -8.2742365e+01
  -7.7759406e+01   4.4028436e+01
  -1.3312475e+01  -6.8958910e+01
  -2.5071781e+01  -3.4393565e+01
  -7.2984833e+01   2.4847278e+01
  -6.7002063e+01   4.0603383e+01
  -5.4287885e+01   3.0350068e+01
  -5.4575319e+01   1.7710204e+01
  -8.1634345e+01   1.0933252e+01
  -2.5346516e+01  -1.5260160e+01
  -5.4065633e+01   7.8725403e+00
  -8.3893121e+01  -2.0818906e+01
  -7.6729335e+01  -1.3897946e+01
  -6.1707812e+01   1.4040413e+00
  -4.9790461e+01  -1.1108767e+01
  -5.3190439e+01  -2.6149788e+01
  -3.4998627e+01   2.0624158e+00
   4.8955012e+01  -7.4422337e+01
   1.4095866e+00  -2.8701606e+01
  -6.3417061e+01   1.1108071e+01
  -9.3240475e-01  -9.4258601e+01
  -5.1984683e+00  -5.1380135e+01
   3.6630461e+00   3.5689897e+01
  -7.8563355e+01  -4.0970935e+00
   1.2934441e+01  -4.4779992e+01
  -2.2642843e+01   1.2618515e+00
  -4.5358295e+01   2.1261491e+01
  -1.4731641e+01  -4.9366804e+01
   8.9027345e+01   6.0269423e+00
  -1.8957922e+01   8.1113241e+01
   8.7278906e+01   1.5694397e+01
  -1.4204643e+00   7.8869040e+01
  -4.3422439e+01  -5.9902886e+01
   2.4493568e+01  -7.6730688e+01
  -1.1469414e+01  -8.7941818e+01
   4.3518209e+00  -5.9534249e+01
  -5.4771640e+00  -7.5007037e+01
   4.5298822e+01  -5.3588650e+00
   2.4245740e+01   2.2285374e+00
  -3.8789716e+01   6.7675061e+01
  -2.9837914e+01   7.2097702e+01
   4.7395661e+01   3.1430749e+01
  -7.2408560e+01  -3.8228686e+01
  -6.2746301e+01  -5.5494631e+01
   7.0547221e+01   4.9298672e+01
   7.7509548e+01   2.0711627e+01
   3.6698797e+01   8.7142101e+01
  -4.7052407e+00   3.2368758e+01
  -1.7545599e+01   5.7108554e+01
  -1.1403172e+01   7.4599418e+01
   5.3239551e+00   8.5764805e+01
   6.2325430e+01   3.0797854e+00
   1.7659821e+01   7.0123566e+01
  -2.2463220e+01   3.7280984e+01
  -2.6833108e+01   5.3084142e+01
   2.6810075e+01   7.3720912e+01
  -5.3484452e+01   5.5502363e+01
   8.3590324e+01  -1.4133893e+01
   9.3287182e+01  -1.1148542e+01
  -6.3273414e+01  -2.5509604e+01
  -3.4851001e+00   4.2882273e+01
  -4.4259110e+01  -3.0048880e+01
   2.3800735e+00   5.0826851e+01
   2.0652245e+01   5.5554974e+01
   6.6735834e+01   6.2478973e+01
   1.9192926e+01   4.4188337e+01
   5.6988142e+01   6.2919961e+01
   4.5963603e+01   5.2067848e+01
  -3.7394485e+01   3.8881654e+01
  -1.1060652e+01  -1.5263773e+00
   5.4874192e+01   9.4532267e+00
   2.0639383e+00  -3.0891762e+00
   6.2137270e+00   6.1424642e+00
  -3.0261237e+01   6.2249499e+01
   5.2999236e-02   1.3993044e+01
  -7.8637817e+01  -2.9315387e+01
  -3.6213174e+01  -7.7583289e+01
  -8.4714611e+01   3.6125929e+01
  -4.7223242e+01   4.0451420e+01
   2.6499208e+01  -2.6938000e+01
   6.9771451e+01  -3.9599342e+01
   5.6548859e+01  -1.7925586e+01
   6.8082650e+01  -4.9406431e+01
   4.9601604e+01  -4.4520898e+01
   3.4381489e+01  -7.6994330e+01
   5.1524602e+01  -8.7092097e+01
   2.6590322e+01  -4.3335900e+01
   4.0955279e+01  -3.0182427e+01
   4.7020896e+01  -1.5401425e+01
  -5.0695654e+01  -7.5369487e+01
   2.2342352e+01  -5.8349779e+01
  -5.4913893e+01  -8.8487888e+01
  -3.1918836e+01  -9.7192679e+01
   7.1323371e+01  -2.9817900e+01
  -3.2299798e+01  -6.8312769e+01
  -2.0988855e+01  -7.5382889e+01
  -7.0859320e+01   5.1210894e+01
  -1.4887947e+01  -5.9225791e+01
  -8.2109650e+01   2.0903029e+01
  -8.4049519e+01   5.1758909e+01
  -9.3545763e+01  -1.8260787e+01
  -2.4005012e+01  -5.5784998e+01
  -8.6300327e+01   2.1348294e+00
  -9.6179000e+00  -3.8798726e+01
   5.5922360e+01  -6.7256462e+01
  -9.0664573e+01   4.4151651e+01
  -3.4882852e+01   2.9380972e+01
   3.7064343e+01  -5.9815799e+01
   4.0495425e+01  -6.9142656e+01
  -9.4557246e+01   3.4442394e+01
   1.0980784e+01  -9.0503784e+01
  -2.9494685e+01   1.0302910e+01
   2.7798763e+01   2.5663734e+01
  -9.5879594e+00   8.4426230e+01
   7.9082726e+00  -2.1145503e+01
  -6.7121141e+01  -1.6308873e+01
   1.5221607e+01  -2.7839049e+01
   1.9410471e+01   1.8162210e+01
   1.1593636e+01  -1.9787546e+00
  -2.2484577e+01  -4.3655503e+01
   1.8985858e+01  -3.6980330e+01
   6.9306066e+01   9.6366061e+00
  -5.3068559e+01  -5.7579366e+01
   4.4612191e+00  -4.9718034e+01
   9.8839823e+01   4.3298521e+00
   9.6549487e+01   1.8664364e+01
  -6.5803986e+01  -6.4974411e+01
  -1.4261848e+01  -9.7518913e+01
   3.7990725e+01  -1.1622616e+01
   1.5359400e+01  -8.0582405e+01
  -2.2586485e+00  -8.4413173e+01
   1.9981984e+01  -6.3614315e+00
  -3.6785812e+01  -2.2498638e+01
  -1.2456511e+01  -1.5548655e+01
  -3.8155669e+01   7.7594434e+01
  -2.8877609e+01   8.1927891e+01
   1.6907443e+01  -7.0305505e+01
   7.7187221e+01  -2.1786822e+01
  -2.3265942e+01   9.0163155e+01
  -7.6333393e+01  -5.2063871e+01
  -6.8162463e+01  -4.7176002e+01
   5.5174248e+01   3.7446363e+01
   3.7549190e+01   3.2436362e+01
   7.5458688e+01   5.7819422e+01
   6.1171249e+01   2.9580183e+01
   6.7862185e+01   2.2178376e+01
   4.1814708e+01   6.9866697e+01
   3.1448051e+01   8.4373313e+00
   3.5787833e+01   7.7417190e+01
   7.8579291e+01   1.1776615e+01
   3.3433751e+01  -1.5907383e+00
  -1.2768530e+01   3.6745052e+01
   1.2511034e+01   9.2309472e+01
   3.8505017e+01   5.8530442e+01
  -1.9132729e+01   4.9647395e+01
