  -7.3909501e+01   1.6963483e+00
  -8.9488762e+01   2.5421719e+01
  -3.2564403e+00  -4.4888709e+01
  -5.0311647e+01   6.7775881e+01
  -8.6040521e+01  -2.3004377e+01
   6.3471332e+00  -2.7111490e+01
  -1.8514362e+01  -3.3664468e+01
   1.3876209e+01  -8.2986196e+01
   4.7127941e+01  -9.8915337e+01
  -6.2580987e+01   2.8134609e+01
  -7.1974666e+01   1.1871478e+01
   6.7334058e+01  -2.6203719e+01
  -1.9642528e+01   6.1375493e+01
   9.4351669e+01  -4.1526303e+01
   2.7769201e+01   6.5473196e+01
  -8.7842540e+01  -4.9004939e+01
   4.6285226e+01  -3.0074672e+01
   4.8364965e+01   4.1568831e+01
  -2.0722940e+01  -5.7858103e+01
  -2.8282297e+01  -7.6410989e+01
  -1.2945404e+01   7.8103632e+01
  -4.0399126e+01   6.8759890e+01
  -2.8701637e+01   6.6328095e+01
   1.7563728e+00   2.7200455e+01
  -2.6418543e+00   6.1195610e+01
  -2.6629775e+01  -6.0069071e-01
  -3.8026651e+01  -2.3257730e+01
   6.4295260e+00   5.7037235e+01
  -4.3876532e+01  -1.5365926e+01
   4.0047597e+01  -5.4631433e+01
   5.6620587e+01  -9.6144020e+01
   2.7854518e+01  -3.3884890e+01
   6.5420381e+01  -9.1600264e+01
   4.1355927e+01  -1.3684756e+00
   3.2264834e+01   2.7258656e+00
   5.8540847e+00   1.2890858e+00
  -3.1807886e+01  -5.2101316e+01
   3.6744357e+01  -6.3933998e+01
   9.4922344e+01  -8.1481757e+01
   6.0870373e+01   3.7861115e+00
   4.9533967e+00  -5.5013213e+01
  -4.5649016e+01  -8.6171479e+01
   8.4500645e+01  -4.3167986e+01
  -4.0918039e+01  -5.9441776e+00
   8.4263337e+01   2.0476676e+01
   1.6018517e+01   2.5845843e+01
   6.4028594e+01   1.7923395e+01
  -1.9013130e+01   3.9250650e+01
   2.1251383e+01   4.3840240e+01
  -7.0721046e+01  -6.7709211e+01
   7.4453392e+01  -3.5457607e+01
  -6.3866915e+01   6.1260758e+00
  -7.2923315e+01   5.2352135e+01
  -2.4288945e+01   8.0352570e+01
   9.3972460e+01  -9.7388288e+01
   3.9571114e+00   8.0814151e+01
  -9.7779117e+01  -1.4996432e+01
  -7.7928314e+01  -5.0078139e+01
  -7.0769119e+01   7.8838720e+01
   7.1983767e+01  -6.3742608e+01
   8.0249845e+01  -6.6305333e+01
   2.0980544e+01  -1.2295521e+01
   4.6609435e+01   1.6046475e+01
   3.3444020e+01  -7.5163023e+00
   1.1134110e+01  -1.2090888e+01
   3.0837700e+01  -5.1267894e+01
  -8.9676466e+00  -7.4538632e+01
   2.7442185e+01  -6.0557433e+01
  -4.4118993e+01  -7.6414811e+01
   4.3877501e+00  -8.5241038e+01
   9.7657160e+01   1.9454132e+01
   5.3221045e+01   2.3323915e+01
  -3.5772684e+01   4.9774314e+01
   3.1364769e+01   3.1225386e+01
   6.3639077e+01  -1.6381637e+01
   9.5498038e+00   3.3320089e+01
  -4.5638222e+01   4.9069017e+01
  -5.2191841e+01  -5.8163201e+01
  -3.4348901e+01   1.7517052e+01
   4.6755768e+01  -9.7820637e+00
  -3.6745798e+01   9.1560751e+01
  -9.5541281e+00   3.6586643e+01
  -2.7391591e+01   4.4488106e+01
  -1.4981903e+01  -1.0675696e+01
  -2.9838612e+01  -4.0878550e+01
  -5.9049020e+01  -2.4853492e+01
  -8.1792171e+01   3.4429134e+01
  -8.1922113e+01   9.0197471e+00
  -9.1773622e+01   9.3314359e+01
   2.3514592e+01  -2.4949568e+01
   4.6335291e+01  -8.7875802e+01
  -7.8004907e+01  -2.8906201e+01
  -9.6955821e+01  -4.4895693e+01
  -7.8326194e+01   8.8967152e+01
  -9.9980411e+01   6.6177116e+01
   5.5520773e+01  -3.3716679e+01
   6.5244464e+01  -4.7232073e+01
   4.7681177e+01  -6.0887878e+01
  -7.2151950e+00  -4.0465983e+00
   1.7108400e+01  -4.0324336e+01
  -9.1592598e+00  -3.2289049e+01
  -4.5039493e+01   2.5548735e+01
  -7.9580010e+01   5.9764203e+01
  -2.9111101e+01   9.0409054e+00
  -3.6186840e+01  -7.0405974e+01
  -2.0136455e+01  -8.4327212e+01
   6.6480006e+01  -5.6649949e+01
   8.6777555e+01  -5.1984258e+01
   3.3003932e+01  -8.6016327e+01
  -4.7052404e+01   1.5792164e+01
  -5.1835014e+01  -6.7599891e+00
   1.0217487e+01  -7.3820145e+01
  -3.5886158e+01  -9.2348215e+01
  -6.2890606e+01  -7.5705194e+01
   9.6631963e+01  -5.1065056e+01
  -5.3444321e+01  -7.2833472e+01
  -5.3232434e+00  -8.6988495e+01
  -1.2214774e+01  -6.3088780e+01
   3.8554572e+01  -9.4079822e+01
   8.5199689e+01  -1.3681900e+00
   7.3788586e+01   2.0088657e+01
   7.0748646e+01   1.0645349e+01
   2.8892240e+01  -9.6415429e+01
   2.7897269e+01   5.1567949e+01
   9.1927463e+01  -8.7497884e+00
   8.7761660e+01  -2.4665074e+01
  -2.6449412e+01   2.3614245e+01
  -5.9876838e+01  -6.5096789e+01
  -3.7130024e-02   1.4432380e+01
   2.1768867e+01   3.3917285e+01
  -3.2928025e+01   7.5363843e+01
   8.1520922e+00   4.3137767e+01
  -6.9679347e+01   4.1843221e+01
   8.3169539e+01  -1.3556884e+01
   6.3415515e+01  -6.4361072e+00
  -4.9102792e+01   7.7623519e+01
  -1.1078981e+01   6.7086451e+01
   4.8103011e+01  -2.0290647e+01
   3.7730866e+01  -3.5126841e+01
  -3.6106339e+01   5.9769687e+01
  -7.6956830e+01  -1.8759099e+01
  -1.0064686e+01   4.6300241e+01
  -7.4796334e+01   2.3155609e+01
  -4.6499447e+01   8.9903058e+01
  -8.7990162e+01  -1.3228026e+01
  -2.4173792e+01  -2.0821568e+01
  -5.3607630e+01  -3.2905144e+01
  -3.6703602e+01  -3.2829577e+01
   4.3553367e+00   6.8295648e+01
  -7.8984756e+01  -9.0086015e+00
   2.2810709e+01   8.3829647e+01
   1.2529044e+01   7.5742003e+01
  -3.8448519e+00   7.3988344e+01
  -5.4368204e+01   4.4480966e+01
   1.4296824e+01  -2.1273413e+01
  -7.9132541e+01   4.4692910e+01
   4.3767999e+00   9.0803009e+01
  -5.9740545e+01  -4.2385500e+01
   6.5114933e+01  -8.1669974e+01
   4.8344301e+01   5.7669454e+00
   5.3885699e+01   3.3277843e+01
   2.5492180e+01   2.3178766e+01
   2.4362483e+01  -2.9954729e+00
   3.9198326e+01  -1.5878684e+01
  -2.6931259e+01   8.9954809e+01
  -6.8964962e+01  -2.4703045e+01
   5.6215450e+01  -4.3555408e+01
   3.9191155e+01   9.6204523e+00
   5.5830742e+01   1.2326205e+01
  -7.9582084e+01  -6.3078388e+01
  -5.5928198e+01   8.7231947e+01
  -8.0753853e+01   7.9405172e+01
  -8.4059048e+01  -3.9599837e+01
   4.9683680e+01  -7.8606577e+01
   8.4349744e+01  -3.3754820e+01
   2.0037722e+01  -7.5174085e+01
   1.8731122e+01   5.6751148e+00
   4.8592490e+01  -4.9827862e+01
   4.4337586e+01  -7.0253005e+01
   5.8736443e+00  -4.0904902e+01
  -1.4337653e-01  -3.4240599e+01
  -4.4962107e+00  -2.3666899e+01
  -5.7185631e+00  -1.3847351e+01
   3.3122902e+00  -1.7753578e+01
  -9.3100390e+01   1.5576293e+01
  -9.8215857e+01   3.8241764e+01
   1.8860014e+01  -6.5469603e+01
   1.4981414e+01  -5.6633755e+01
   9.9552577e+00   1.0212756e+01
  -4.5829431e+01  -6.6698524e+01
  -3.6159087e+01  -8.2395286e+01
  -4.0040449e+01  -5.8961425e+01
  -8.9821699e+01   8.3525140e+01
   7.4871057e+01  -4.5284641e+01
   7.6671671e+01  -5.4964383e+01
  -4.5240404e+01  -9.6093289e+01
  -1.8698066e+01  -7.4443008e+01
  -5.5177014e+01  -8.3144229e+01
   6.5608142e-01  -7.6077720e+01
   5.6204991e+01  -8.6156794e+01
   1.1528322e+01  -9.2667876e+01
   1.7461658e+00  -9.4802787e+01
   9.0594783e+01   1.2390342e+01
   9.4294093e+01   3.1057150e+00
   8.8959248e+01   2.9303834e+01
   8.0698483e+01   1.1136656e+01
   3.1496997e-01   3.7052348e+01
  -1.9120326e+01   5.0034988e+01
   2.0690936e+01   5.8470643e+01
   1.9262358e+01  -9.8975810e+01
  -8.0232594e+00   2.7056091e+01
  -3.5399919e+01   2.7969357e+01
   8.2635754e+00   1.9845801e+01
  -6.1628165e+01  -5.4861832e+01
  -2.7120427e+01   3.3528186e+01
  -2.0136275e+01   7.1299795e+01
   3.1075156e+01   4.2096570e+01
   6.2065694e+01   2.7630536e+01
  -3.7139745e+01   3.2158824e+00
  -4.0231219e+01   8.2145161e+01
  -1.2630814e+01  -4.1652215e+01
  -5.9025728e+01   7.8378414e+01
   8.4433718e+01  -9.4463964e+01
  -6.3681993e+01  -1.6136050e+01
  -6.0952361e+01   3.7382185e+01
  -5.2484410e+01   3.2140992e+01
  -7.2023564e+01   3.2273055e+01
  -2.7438074e+01   5.5210325e+01
  -1.7888273e+01   2.9002160e+01
  -1.1203098e+01   5.6142158e+01
  -9.2001889e+01   5.6494479e+00
  -1.4421501e+01  -2.2891650e+01
  -9.5857033e+01  -2.4788079e+01
  -6.4135810e+01  -3.3443367e+01
  -3.3779894e+01  -1.4395230e+01
  -3.5548211e+01   3.8798162e+01
  -2.7451795e+01  -3.0150900e+01
  -4.7911494e+01  -2.4694818e+01
  -4.5454041e+01   3.9131748e+01
  -5.4517393e+01   2.2381797e+01
   1.2992796e+01   8.5727888e+01
  -8.2529695e+01   1.8648275e+01
  -5.3699785e+01  -1.6527159e+01
   1.4268340e+01   5.0914498e+01
   1.4029063e+01   6.5877616e+01
   3.8322603e+01  -4.4895528e+01
   2.9529649e+01  -1.7149812e+01
   4.6952274e+01  -4.0010673e+01
  -7.1264238e+01  -5.7529974e+01
   5.8338614e+01   4.2243396e+01
  -8.6541637e+01   5.2635926e+01
  -2.2175740e+01   9.8726105e+01
  -6.8320283e+01  -4.7438243e+01
   3.9576870e+01   3.6857899e+01
  -1.6378510e+01   8.9081494e+01
   1.5585981e+01  -3.0895687e+01
   7.4536797e+01  -9.5540673e+01
  -5.3108617e+00   8.4451478e+01
   2.2326587e+01   7.3845767e+01
   3.6578103e+01  -2.5368346e+01
  -6.3318286e+01   4.9726868e+01
  -9.7533298e+01   7.7182596e+01
   7.3497507e+01  -1.7482764e+01
   5.7328340e+01  -2.4003929e+01
   6.4722715e+01  -3.7427889e+01
   5.3508734e+01  -2.7385279e+00
  -7.9234008e+01   6.9664811e+01
  -8.4193448e+01  -5.6491789e-01
  -5.1333858e+00   9.4417788e+01
  -8.9307216e+01   7.1117442e+01
   7.5106180e+01  -7.7443406e+00
  -5.4516560e+01   5.4351904e+01
  -1.3291540e+00   5.0852477e+01
  -9.7703917e+01  -5.4700710e+01
   7.0286293e+01   8.0338038e-01
  -7.4245775e+01  -3.9396966e+01
  -6.6240608e+01   8.7743894e+01
  -4.5838356e+01   5.8978590e+01
  -8.8688909e+01  -5.8967575e+01
   7.7934628e+01  -2.6250264e+01
   8.6196549e+00  -6.4134995e+01
   4.1253270e+01   2.4678406e+01
   2.6858972e+01   1.1128813e+01
   3.3922379e+01   1.8016484e+01
   9.5025585e+01  -3.1641852e+01
  -1.6661164e+01  -8.7517086e-01
  -2.4800312e+01  -1.0370195e+01
   9.5166625e+01  -1.8176094e+01
   6.7496617e+01  -7.2035078e+01
   5.6883820e+01  -6.4588747e+01
   5.7095785e+01  -5.4638917e+01
   5.8288043e+01  -7.4391742e+01
   1.8059294e+01   1.6061502e+01
  -9.8975360e+01   2.8276833e+01
  -9.6323019e+01   5.4667779e+01
  -9.3248797e+01  -4.7326733e+00
   2.1349559e+01  -4.9111499e+01
  -2.5374527e+01  -9.2826628e+01
  -1.2899636e+01  -5.1649431e+01
  -3.1691323e+00   4.9860071e+00
   1.4565125e+01  -3.1336791e+00
   2.1658194e+00  -7.8517768e+00
   2.3471123e+01  -8.4444833e+01
   2.9978698e+01  -7.5574497e+01
   3.9923024e+01  -7.9138942e+01
  -7.1819097e+01   9.6455262e+01
  -2.2693554e+01  -4.8044835e+01
  -6.1237733e+01  -3.4673581e+00
  -5.4327845e+01   8.9846197e+00
  -2.8065387e+00  -6.6707431e+01
  -4.5172280e+00  -5.6891241e+01
  -1.3848827e+01  -9.2084883e+01
  -8.2859904e+01   9.7840722e+01
  -4.7036762e+01   1.9666519e+00
  -8.8705789e+01   4.2268766e+01
  -3.0730590e+01  -6.2047111e+01
   9.6775238e+01  -7.1664362e+01
   9.4120674e+01  -6.0455540e+01
  -5.6679288e+01   9.6873480e+01
   8.4976022e+01  -6.0380198e+01
   1.1384531e+01  -4.8000539e+01
  -6.6699167e+01   1.9966310e+01
  -9.2812315e+01  -3.6044714e+01
