   5.7742549e+01  -1.1126361e+01
   4.3633978e+01  -5.1158060e+01
  -4.1197383e+01   6.8174569e+01
  -9.7935170e+01   5.7838438e+00
  -8.2139019e+01   8.0387051e+01
   6.2910238e+00  -8.4125652e+01
   5.7820375e+01  -9.1571676e+01
   5.3614174e+01  -5.0536995e+01
  -1.1564588e+01  -6.7385270e+01
   7.9257540e+01  -6.5018505e+01
  -3.0022362e+01   4.2319974e+01
  -9.1524097e+01  -1.4651790e+01
  -4.1500099e+01   3.4200719e+01
   4.8571275e+01  -3.2361190e+01
   3.6469546e+01  -8.9103486e+01
  -8.8488015e+01   2.3759248e+01
  -5.5889010e+01   5.3094970e+01
  -6.1515083e+01   3.4102986e+01
  -9.9735608e+01   8.8173612e+01
  -4.8853516e+01  -1.9223028e+01
  -6.5783196e+01  -1.1875962e+00
  -7.8044542e+01   3.5581521e+01
  -3.6025743e+01   2.0711184e+01
   4.5129389e+01  -8.0298924e+01
   2.9470822e+01  -9.7395907e+01
   2.5753083e+01  -2.0200449e+01
   6.1398874e+00  -1.6233701e+01
   3.3861065e+01  -4.0186337e+01
   2.3908213e+01  -3.9217578e+01
   8.7337958e+00  -3.7456312e+01
   7.5441058e+01  -4.7699634e+01
   1.6146733e+01  -6.4185855e+01
   3.5285370e+01  -6.9195940e+01
   5.0965316e+00  -6.6982046e+01
   4.8040052e+01  -7.0719944e+01
   4.2078811e+01  -6.1857741e+01
  -2.1737170e+01   5.6779018e+01
  -9.6543273e+01   5.5329524e+01
  -7.4905735e+01  -5.2821005e+00
  -8.1113518e+01  -2.5096265e+01
  -4.0700561e+01  -6.5717800e+00
  -1.5306970e+01   2.8994987e+01
  -6.2620171e+01   7.9809836e+01
  -8.3547584e+01   6.2199949e+01
  -6.8784142e+01   8.3432620e+00
   7.9277465e+01  -2.6618286e+01
  -5.3028321e+01   1.6033339e+01
  -6.8413265e+01   2.6245698e+01
   3.9808383e+01  -6.6864691e+00
   3.7174989e+01  -1.9327041e+01
   1.6318848e+01  -1.6884547e+01
  -1.5589624e+01  -5.2448329e+01
   2.3729744e+01  -4.9215607e+01
  -8.9770926e+00  -3.2899125e+01
   2.5769342e+01  -8.8106201e+01
   6.4887700e+01  -7.8545172e+01
  -4.9941653e+01   6.1144703e+01
  -3.9862532e+01   4.4060438e+01
  -4.3127397e+01   7.7983887e+01
  -2.1083194e+01   4.6799194e+01
  -7.8004168e+01   4.2256918e+00
  -6.6631250e+01  -2.5564717e+01
  -3.1655488e+01   3.2456441e+01
  -8.9113213e+01   9.1835942e+01
  -8.1741206e+01  -1.2580521e+01
  -4.6120660e+01   1.8316611e+00
  -8.8321397e+01  -4.6829163e+00
  -3.4319365e+01   3.7629234e+00
  -7.3613215e+01  -1.8405785e+01
   6.9466463e+01  -2.8554259e+01
  -9.7824359e+01   7.3632491e+01
  -9.3214033e+01   6.4758982e+01
  -4.5115594e+01   2.4880026e+01
   5.9668233e+01  -3.0552929e+01
   6.1377490e+01  -5.6839542e+01
  -5.2683592e+01   8.0925702e+01
  -6.4614398e+01  -1.1113767e+01
   4.3813780e+01  -4.1156954e+01
   6.4174111e+01  -4.2113539e+01
  -9.7525579e+01   3.6326317e+01
  -5.1472110e+01   3.3467813e+01
  -6.9286952e+01   4.0389671e+01
   3.5122594e+01  -7.9194615e+01
   2.5178071e+01  -7.8123727e+01
   3.8738314e+01  -2.9204084e+01
  -5.9956425e+01   4.3973153e+01
   3.3682054e+01  -5.0184723e+01
   4.6641540e+01  -2.2549344e+01
   2.3241922e+01  -5.1586550e+00
   7.5940586e-01  -3.0618872e+01
   1.2693582e+01  -7.5648133e+00
   5.1989384e+01  -6.0523367e+01
  -1.8662382e+01  -3.8505398e+01
   1.5229452e+01  -7.7111329e+01
   4.6407275e+01  -9.0217733e+01
   5.7879520e+01  -6.8604598e+01
   8.7999591e+01  -6.0163187e+01
   1.5498730e+01  -9.7178617e+01
   6.7871822e+01  -6.8996893e+01
   5.4895550e+01  -7.8149017e+01
   5.4701040e+00  -5.6986053e+01
  -9.3345262e+00  -7.7133377e+01
  -3.0117197e+01   6.4065412e+01
  -5.0754981e+01   7.1113547e+01
  -2.1880207e+01   3.6524911e+01
  -3.8462047e+01   5.8560902e+01
  -3.0673675e+01   5.2295013e+01
  -5.8851702e+01  -1.9282754e+01
  -2.5953788e+01   2.4245190e+01
   7.3209004e+01  -3.7827519e+01
   7.1771154e+01  -1.8823463e+01
  -9.4842404e+01   1.6039547e+01
  -9.8147754e+01   2.6340572e+01
  -7.4545416e+01   1.6506898e+01
  -7.8663967e+01   2.5609841e+01
  -2.9948416e+01   1.2757077e+01
   5.6529731e+01  -2.1058204e+01
  -3.9242331e+01  -1.6464713e+01
  -5.3857876e+01  -1.0496411e+01
  -9.1103235e+01  -2.4642909e+01
  -7.8757472e+01   7.0976879e+01
  -8.4369977e+01   1.4647365e+01
  -5.8318850e+01   8.9186218e+01
   7.4633563e+01  -9.5011616e+01
  -6.8088931e+01   9.1317452e+01
   6.7256308e+01  -8.8260608e+01
  -4.3276735e+01   1.3825408e+01
  -9.0406020e+01   4.3411089e+01
  -5.7720612e+01   2.4859327e+01
   1.5085794e+01  -5.4242401e+01
   5.4295531e+01  -4.0560490e+01
   3.9389362e+01  -9.8669651e+01
   2.8823894e+01  -3.0509305e+01
  -7.6854373e+01   5.4771341e+01
   1.7607005e+01  -3.1452998e+01
   4.7855266e+01  -1.2623377e+01
  -8.7868532e+01   3.3738664e+01
   3.1015455e+01  -1.1449263e+01
  -8.7946549e+01   5.3096678e+00
   9.4489554e+00  -2.5670160e+01
  -8.0185366e+01   4.5344354e+01
  -6.4147938e+01   1.7201204e+01
   2.3128794e+00  -6.9950724e+00
  -3.6674015e+00  -2.1491103e+01
  -7.2315792e+01   8.2254881e+01
  -9.2039471e+01   8.1789067e+01
   1.2769027e+00  -4.4119250e+01
  -9.6676883e+00  -4.2875240e+01
  -5.1387295e+00  -5.1790869e+01
  -8.6877224e+01   5.2771644e+01
  -2.6271783e+01  -4.4993620e+01
  -6.7915606e+01   5.0289195e+01
   4.9323286e+01  -9.9817285e+01
  -4.5968184e+01   5.1966844e+01
   8.3160078e+01  -4.0733384e+01
   7.1078376e+01  -5.9265619e+01
   2.5338141e+01  -6.8125047e+01
   3.0833565e+01  -5.9770427e+01
   5.3659909e+00  -9.4083188e+01
   8.5004426e+01  -5.0622290e+01
   5.9073517e-01  -7.5909408e+01
  -3.3818817e+00  -6.1637327e+01
  -3.6338154e+00  -8.5349290e+01
   1.5812008e+01  -8.7183527e+01
  -5.5797463e+01  -6.8647569e-01
