   1.2590000e+03
   1.2310000e+03
   1.2730000e+03
   1.2290000e+03
   1.2550000e+03
   1.2750000e+03
   1.2350000e+03
   1.2710000e+03
   1.2690000e+03
   1.2070000e+03
   1.2670000e+03
   1.2410000e+03
   1.2430000e+03
   1.2470000e+03
   1.2030000e+03
   1.2630000e+03
   1.2170000e+03
   1.2250000e+03
   1.2810000e+03
   1.2830000e+03
   1.2450000e+03
   1.2390000e+03
   1.1940000e+03
   1.2490000e+03
   1.2510000e+03
   1.2060000e+03
   1.2530000e+03
   1.2570000e+03
   1.2610000e+03
   1.2160000e+03
   1.2650000e+03
   1.2200000e+03
   1.2220000e+03
   1.2260000e+03
   1.2280000e+03
   1.2790000e+03
   1.2770000e+03
   1.2870000e+03
   1.2850000e+03
   1.2380000e+03
   1.2400000e+03
   1.2420000e+03
   1.2440000e+03
   1.2480000e+03
   1.2500000e+03
   1.2520000e+03
   1.2540000e+03
   1.2560000e+03
   1.2580000e+03
   1.2600000e+03
   1.2620000e+03
   1.2640000e+03
   1.2680000e+03
   1.2740000e+03
   1.2760000e+03
   1.2780000e+03
   1.2800000e+03
   1.2820000e+03
   1.2840000e+03
   1.2860000e+03
