   4.0296762e+01   1.1616760e+01
   3.1160928e+01  -1.2914125e+01
  -2.7580211e+01  -2.1798996e+01
  -5.5964864e-02   2.2814113e+01
   4.1958428e+00  -3.2660605e+01
   1.0138133e+01   1.0175021e+01
   2.5057241e+00  -2.3295650e+01
  -1.5194015e+01  -2.1728078e+01
   2.7006283e+01  -3.2490324e+00
   5.9784460e+00   1.3332520e+00
   2.9196887e+01   4.2291336e+01
  -3.7625079e+01   9.8285565e+00
   9.5039307e+00   2.0022168e+01
  -1.1026549e+01   2.8464152e+01
   4.0958047e+01  -2.6756385e+01
  -5.5373756e+00  -1.7717489e+01
  -1.7996428e+01  -4.2385431e+01
  -1.9704624e+00  -5.0827053e+01
  -2.7818843e+01  -3.7475272e+01
  -2.8119058e+01   6.7288830e+00
  -3.9495695e+01  -1.0913781e+01
  -1.5716341e+01  -9.1921905e-01
   4.1621604e+00   4.0549855e+01
   3.3811408e+01   4.0631837e+00
  -2.1026352e+01   2.8526962e+01
   1.3857502e+01   3.8101397e+01
   2.2872289e+01  -3.1879058e+01
  -4.4579928e+01   2.0615225e+00
   6.0596379e+00  -4.2143746e+01
  -1.9507768e+01  -1.2701941e+01
  -3.5371129e+01  -1.8082857e+00
  -1.2782163e+01  -3.4519684e+01
  -2.9559672e+01  -1.2009706e+01
  -3.5165528e+01  -2.8312542e+01
   4.6211386e+01   2.0080243e+01
  -2.5458571e+01  -2.9073989e+00
   1.7328511e+01  -1.2358206e+00
   7.7735024e+00   3.0114388e+01
  -6.0927698e+00   4.1713245e+01
   4.6554337e+01  -4.8993350e+00
  -3.7708981e+00   3.5668868e+00
   2.6573174e+01   2.3272522e+01
  -1.5506935e+01   3.7833596e+01
   1.7097261e+01   2.6426700e+01
   3.2653829e+01   3.1298862e+01
  -1.9324956e+00   3.2625139e+01
   2.5689274e+01  -4.1323140e+01
   2.5334724e+01  -1.9168213e+01
   4.0269604e+01  -1.6789369e+01
   1.3379218e+01  -2.9329316e+01
   8.0148586e+00  -1.6111312e+01
  -5.9182801e+00  -2.7801127e+01
  -8.9352190e+00  -4.4237300e+01
  -4.8714635e+01  -7.0435200e+00
  -4.6889175e+01   1.3592196e+01
  -2.9772301e+01   1.6603674e+01
   7.8745795e+00  -5.1821715e+01
   1.5553549e+01  -3.8912088e+01
  -2.1526230e+01  -2.9734374e+01
   5.0059765e+01   9.5023590e+00
  -1.0183942e+01  -9.0684202e+00
   3.6236231e+01   2.0743509e+01
  -4.1627768e+01  -2.0681750e+01
   2.2669916e+01   6.9557990e+00
   1.9390244e+01   1.6332835e+01
   3.6782233e+01  -5.3079253e+00
  -1.1671991e+01   5.0009735e+01
  -5.2797007e-01  -6.3686583e+00
   5.4750276e+01   6.7765470e-01
   1.0186106e+01   4.8530443e+01
  -3.0995661e+01   2.9309823e+01
   4.7697349e-02   1.2809090e+01
   2.3135458e+01   3.4355531e+01
   1.0001367e+01  -7.3203959e+00
   1.9882864e+01   4.6087228e+01
   3.1346913e+01  -2.6830475e+01
   2.7342030e+01  -5.1106525e+01
   1.5931388e+01  -2.0171533e+01
  -2.5475425e+01  -4.7367672e+01
   2.3425018e+01  -2.2477854e+01
