  -8.9240353e+01   2.7724431e+01
  -2.3668527e+00  -4.5239807e+01
  -5.0354453e+01   6.8125466e+01
   6.0374002e+00  -2.7647559e+01
  -1.9048324e+01  -3.6708277e+01
   1.2496544e+01  -8.2816702e+01
  -6.3203138e+01   2.7588869e+01
   6.7590379e+01  -2.5790099e+01
  -1.5739681e+01   6.4454318e+01
   9.4278448e+01  -4.1416479e+01
   3.0369254e+01   6.6682190e+01
  -9.0033254e+01  -4.9291321e+01
   4.6424250e+01   4.4763091e+01
  -2.0015048e+01  -5.7784738e+01
  -2.6073727e+01  -7.9331391e+01
  -1.0496522e+01   7.2972121e+01
   2.8540908e+00   2.7824507e+01
  -2.6013368e+00   6.2096657e+01
  -2.6257644e+01  -1.5053683e+00
  -3.6853887e+01  -2.2584090e+01
   6.8257627e+00   5.8551540e+01
  -4.3703037e+01  -1.5204132e+01
   4.0378618e+01  -5.6055734e+01
   5.7990755e+01  -9.8384107e+01
   2.5006148e+01  -3.4758684e+01
   6.5207329e+01  -9.1533612e+01
   4.0476896e+01   1.2874505e-02
   3.1060572e+01   2.6871002e+00
   5.7620978e+00   8.2796699e-01
  -3.0831637e+01  -5.0049858e+01
   3.6432315e+01  -6.5205754e+01
   9.4926114e+01  -8.1486982e+01
   6.1474347e+01   3.2178147e+00
   5.6117318e+00  -5.5912991e+01
  -4.3006142e+01  -6.0035510e+00
   8.8481655e+01   1.4798386e+01
   1.6228408e+01   2.6152708e+01
   6.4944690e+01   1.2389321e+01
  -1.8380394e+01   3.9389268e+01
  -7.1026783e+01  -6.7760019e+01
   7.4708486e+01  -3.5641161e+01
  -6.4927664e+01   6.5196307e+00
  -7.3097225e+01   5.2266564e+01
  -2.1953668e+01   8.2827481e+01
   9.6623005e+01  -9.8858690e+01
   4.5444689e+00   8.0163107e+01
  -8.0349997e+01  -5.1076867e+01
  -7.0835986e+01   7.8807169e+01
   7.1984518e+01  -6.3306427e+01
   8.1779580e+01  -6.5116780e+01
   1.9917634e+01  -1.3565702e+01
   4.5654938e+01   1.6297506e+01
   3.4241483e+01  -7.9363358e+00
   1.0602822e+01  -1.1620489e+01
   3.1272300e+01  -5.2026731e+01
  -7.0106533e+00  -7.4256489e+01
   2.7325388e+01  -6.1102611e+01
   2.7569044e+00  -8.4997330e+01
   3.1527758e+01   3.0179160e+01
   6.3945974e+01  -1.6047429e+01
  -4.5947018e+01   4.9229157e+01
  -5.4421484e+01  -5.6463758e+01
  -3.8890895e+01   1.9457130e+01
   4.6147122e+01  -7.4265051e+00
  -3.4679713e+01   9.7643502e+01
  -9.1557872e+00   3.6193443e+01
  -2.7234396e+01   4.3465511e+01
  -1.5227855e+01  -1.0781376e+01
  -5.8586871e+01  -2.4020378e+01
  -8.1792171e+01   3.4429134e+01
  -8.4603219e+01   8.4370965e+00
  -9.1809254e+01   9.3412697e+01
   2.3170888e+01  -2.5056062e+01
   4.9301144e+01  -9.3628475e+01
  -7.7800480e+01  -2.9623105e+01
  -9.8538413e+01  -4.4161432e+01
  -7.8258302e+01   8.9202947e+01
  -9.9980411e+01   6.6177116e+01
   5.5090110e+01  -3.3309394e+01
   4.9156269e+01  -6.0794380e+01
  -7.5004020e+00  -4.5817058e+00
   1.7874601e+01  -4.0625865e+01
  -1.1749175e+01  -3.1157753e+01
  -4.5886930e+01   2.6314855e+01
  -7.9791519e+01   5.9686583e+01
  -2.9848865e+01   7.3977256e+00
  -3.2410553e+01  -7.1926692e+01
  -1.9972652e+01  -8.7095997e+01
   6.6362237e+01  -5.5114282e+01
   8.7294915e+01  -4.8570065e+01
   3.2203198e+01  -8.4808731e+01
  -4.7719975e+01   1.5280133e+01
  -5.2652183e+01  -5.9940496e+00
  -3.3761022e+01  -9.7974180e+01
  -7.2170675e+01  -7.7741654e+01
   9.7376672e+01  -5.1289671e+01
  -7.2978386e+00  -8.6114310e+01
  -1.1547125e+01  -6.3083777e+01
   8.2662474e+01  -1.9126582e+00
   7.8884200e+01   1.7493023e+01
   2.6968320e+01  -9.5060685e+01
   3.1333841e+01   5.5401861e+01
   9.2511010e+01  -1.1380177e+01
  -2.5091433e+01   2.4893055e+01
  -3.6712379e-03   1.4331849e+01
  -3.3398760e+01   7.1937851e+01
   1.0466071e+01   3.7997941e+01
  -7.0537577e+01   4.2616790e+01
   8.3098273e+01  -1.4661260e+01
  -5.0800816e+01   7.7996330e+01
   4.1092653e+01  -3.5823347e+01
  -3.6119983e+01   6.0326388e+01
  -9.3109386e+00   4.6059647e+01
  -7.4228726e+01   2.3026706e+01
  -4.7480607e+01   9.1888718e+01
  -2.3856052e+01  -2.0267336e+01
  -5.0259800e+01  -3.1543656e+01
  -3.7627392e+01  -3.3298270e+01
  -7.9442478e+01  -1.0835944e+01
   2.1818815e+01   8.7539343e+01
   1.3200326e+01   7.5481301e+01
  -5.4773348e+01   4.4301397e+01
  -8.0142758e+01   4.5131293e+01
   5.0616493e+00   9.1765328e+01
  -5.9741235e+01  -4.2666850e+01
   6.5084743e+01  -8.1621776e+01
   4.8116550e+01   6.4350905e+00
   4.8887228e+01   3.2936146e+01
   2.5533257e+01   2.2257283e+01
   2.4731385e+01  -4.9032224e+00
   4.3364813e+01  -1.5316446e+01
  -2.7561733e+01   9.0936686e+01
  -7.0277531e+01  -2.2938245e+01
   5.6617017e+01  -4.3809974e+01
   3.8362350e+01   9.5254644e+00
  -8.0397099e+01  -6.3919750e+01
  -5.6654420e+01   8.8372775e+01
  -8.0824088e+01   7.9539821e+01
  -8.4973556e+01  -4.0201506e+01
   4.9289461e+01  -7.9443489e+01
   8.5355512e+01  -3.3873018e+01
   2.0228079e+01  -7.6548739e+01
   1.9434572e+01   6.2024558e+00
   4.7797403e+01  -4.9549406e+01
   4.5696677e+01  -7.0081473e+01
   6.3122824e+00  -3.9750608e+01
  -1.8003713e+00  -3.3940859e+01
  -4.5315772e+00  -2.4371153e+01
  -6.1105043e+00  -1.4532033e+01
   3.1646846e+00  -1.8101577e+01
  -9.3269307e+01   1.8624035e+01
  -9.8826990e+01   3.8185935e+01
   1.9102445e+01  -6.6700331e+01
   1.5426417e+01  -5.7478115e+01
   1.0032933e+01   9.8132388e+00
  -5.3346153e+01  -7.4032821e+01
  -3.7025892e+01  -8.0794271e+01
  -3.7161165e+01  -5.7730329e+01
  -8.9968908e+01   8.3583833e+01
   7.5965372e+01  -4.5531106e+01
   7.7882920e+01  -5.5309023e+01
  -1.6289169e+01  -7.7775926e+01
  -5.8454315e+01  -8.9113360e+01
   2.9340698e+00  -7.4996851e+01
   5.6402091e+01  -8.6548221e+01
   1.5799340e+01  -9.3801490e+01
  -3.6489235e+00  -9.5424710e+01
   8.9952113e+01   4.9220952e+00
   8.9993570e+01   3.4560829e+01
   7.9435897e+01   7.5358529e+00
   5.6356750e-01   3.7532934e+01
  -1.8582377e+01   4.9258001e+01
   2.2626979e+01   6.0301403e+01
  -6.9911690e+00   2.6588901e+01
  -3.5867451e+01   2.8896750e+01
   8.5460818e+00   1.9674256e+01
  -6.3370335e+01  -6.1433820e+01
  -2.7383118e+01   3.4003384e+01
  -2.0280819e+01   7.3339160e+01
   2.8437407e+01   3.9619040e+01
   5.9709800e+01   2.2137042e+01
  -3.9910614e+01   9.1103229e+00
  -4.1332624e+01   7.9660360e+01
  -1.1373139e+01  -4.1203737e+01
  -6.0464949e+01   7.9220245e+01
   8.9700030e+01  -9.1649461e+01
  -6.3475426e+01  -1.5681779e+01
  -6.2062484e+01   3.7501529e+01
  -5.3551467e+01   3.2485244e+01
  -7.1768454e+01   3.2702936e+01
  -3.2762100e+01   5.1170656e+01
  -1.6509815e+01   2.9598623e+01
  -1.0643631e+01   5.5917858e+01
  -9.2203569e+01   2.5942377e+00
  -1.4029816e+01  -2.1456084e+01
  -9.5619707e+01  -2.5327597e+01
  -6.8449640e+01  -3.2560726e+01
  -3.4355840e+01  -1.3140227e+01
  -3.6232019e+01   3.8868311e+01
  -2.8085233e+01  -2.9983534e+01
  -4.6652907e+01  -2.3602040e+01
  -4.6193896e+01   3.9233160e+01
  -5.4939921e+01   2.2066996e+01
   1.2643886e+01   8.5582027e+01
  -8.3312319e+01   1.8921475e+01
  -5.3522944e+01  -1.5762522e+01
   1.5390566e+01   5.3426819e+01
   1.4113777e+01   6.5529142e+01
   3.8683226e+01  -4.5574139e+01
   2.8760101e+01  -1.6683947e+01
   4.8174897e+01  -3.9996593e+01
  -7.2658600e+01  -5.7638471e+01
   6.2544115e+01   4.5929212e+01
  -8.6797680e+01   5.2558657e+01
  -7.1145907e+01  -4.7823697e+01
   3.9794914e+01   3.6879406e+01
  -1.9100256e+01   9.2656450e+01
   1.5409603e+01  -3.0981099e+01
   7.1329858e+01  -9.9390985e+01
  -3.1615446e+00   8.6263284e+01
   2.2319142e+01   7.2106787e+01
   3.2256045e+01  -2.6445400e+01
  -6.3447547e+01   4.9648254e+01
  -9.7602693e+01   7.7124746e+01
   7.3678041e+01  -1.7859868e+01
   5.7776193e+01  -2.3841596e+01
   6.4759460e+01  -3.5377742e+01
   5.3469924e+01  -1.9713330e+00
  -7.9255250e+01   6.9667172e+01
  -8.2955032e+01  -1.5041885e+00
  -5.1194471e+00   9.6063918e+01
  -8.9307216e+01   7.1117442e+01
   7.4689996e+01  -7.9310276e+00
  -5.4586564e+01   5.4246203e+01
  -1.4198466e+00   5.2149953e+01
  -9.8251956e+01  -5.4919533e+01
   7.1192995e+01   1.4096891e+00
  -7.5329121e+01  -3.9211878e+01
  -6.6553327e+01   8.7810721e+01
  -4.5985820e+01   5.9227718e+01
  -8.9239246e+01  -5.9266270e+01
   7.8648665e+01  -2.6480631e+01
   8.6322983e+00  -6.5512929e+01
   4.0885089e+01   2.6742287e+01
   2.7570115e+01   1.1980204e+01
   3.4874159e+01   1.8786883e+01
   9.5052291e+01  -3.1446844e+01
  -1.6538425e+01  -8.6770864e-01
  -2.4958746e+01  -1.0985800e+01
   9.7393585e+01  -2.0098643e+01
   6.7264328e+01  -7.1969464e+01
   5.8593234e+01  -6.4077372e+01
   5.6514963e+01  -5.4100716e+01
   5.7548969e+01  -7.3994564e+01
   1.7815705e+01   1.6029470e+01
  -9.9618461e+01   2.8220530e+01
  -9.6549475e+01   5.4718709e+01
  -9.5282833e+01  -6.4936126e+00
   2.1653680e+01  -4.9758585e+01
  -2.3912125e+01  -9.6270838e+01
  -1.2745596e+01  -5.1017977e+01
  -3.4470263e+00   4.5060035e+00
   1.5035042e+01  -2.7155336e+00
   1.5480873e+00  -8.1911148e+00
   2.2315920e+01  -8.6257333e+01
   2.9781000e+01  -7.3838932e+01
   3.9010828e+01  -7.7358247e+01
  -7.1620669e+01   9.6681316e+01
  -2.1570178e+01  -4.6404055e+01
  -6.1839900e+01  -2.8668933e+00
  -5.5321239e+01   9.0100881e+00
  -1.6883522e+00  -6.5833329e+01
  -4.3000233e+00  -5.6212829e+01
  -1.3581517e+01  -9.4696448e+01
  -8.2942833e+01   9.8037153e+01
  -4.7665540e+01   2.6674646e+00
  -8.9637622e+01   4.2091853e+01
  -2.8592933e+01  -6.2765441e+01
   9.6776135e+01  -7.1659601e+01
   9.8561946e+01  -6.1724156e+01
  -5.6792323e+01   9.8366583e+01
   8.9143587e+01  -5.8388087e+01
   1.1755053e+01  -4.8148436e+01
  -6.5374721e+01   1.7831803e+01
  -9.3625650e+01  -3.5454220e+01
  -3.0179662e+01  -8.8391723e+01
  -4.0152341e+01  -9.0287737e+01
  -4.9493712e+01  -9.3849185e+01
  -6.2244900e+01  -7.8295855e+01
  -2.0168662e+01  -6.8140484e+01
  -5.0260451e+01  -8.3413734e+01
  -4.0747106e+01  -6.6958926e+01
   3.6911621e+01  -9.4789215e+01
   9.6791387e+01  -2.3597329e+00
   9.5812736e+01   2.5228415e+01
   8.5843334e+01   2.4642755e+01
   9.8572859e+01   1.1605927e+01
   2.4070368e+01   4.8549896e+01
   6.0374543e+01   3.1987816e+01
   5.4834631e+01  -1.2194835e+01
   6.9615970e+01   2.1073789e+01
   3.5747447e+01   4.6432162e+01
  -5.0168250e+01  -6.4890304e+01
  -6.2542363e+01  -5.1704712e+01
   6.2418667e+00  -9.6635896e+01
   7.3823908e+00   4.7494597e+01
  -2.9697861e+01   1.6710315e+01
  -3.5923649e+01   2.7536836e-02
  -3.1616032e+01   8.1551005e+01
  -2.5982490e+01   6.5792248e+01
  -1.2185459e+01   8.2293363e+01
  -8.3991532e+01  -2.1927009e+01
   8.0291857e+01  -9.4995093e+01
  -6.9935114e+01  -8.4000954e+00
  -9.8465968e+01   1.0179436e+01
  -9.2703402e+01  -1.5888582e+01
   4.2410267e+01  -8.6577198e+01
  -5.9196062e+01  -3.3418666e+01
  -2.4642394e+01   5.6602582e+01
  -7.5553979e+01   1.1978037e+01
  -3.8219226e+01   8.8734834e+01
   5.5043543e+01   4.0214144e+01
   3.7375279e+01  -2.0336670e+01
   3.3427114e+01  -3.4918958e+01
   2.6516473e+01   8.0123454e+01
  -1.2543173e+01   9.0917905e+01
  -2.3689152e+01  -3.6650295e+01
  -3.4090445e+01  -3.0830888e+01
  -2.4171844e+01  -2.7864609e+01
