  -2.4714591e+01  -2.7776074e+01
   3.4907042e+01   5.4104666e+01
   6.5232030e+01  -3.8970645e+01
  -7.9567120e+00  -4.0925527e+01
  -4.0243903e+00  -5.6177597e+01
  -2.9639358e+01   1.1039822e+01
  -9.5178903e+00  -9.6217412e+00
   1.1683891e+01   4.0502778e+01
   4.0469113e+01   7.5086995e+00
   1.2332942e+01  -4.2956076e+01
  -3.5909916e+01  -1.2381795e+01
  -6.8659250e+01  -4.1623307e+01
   5.1076353e+01   4.4058307e+01
   5.8475747e+01  -1.1620287e+01
   2.3814043e+01   5.5122760e+01
   2.2475468e+01  -4.3547942e+01
  -3.8332062e+01   1.5503899e+01
   7.8105528e+01   1.6455569e+01
   3.4403055e+01   2.8751939e+01
   3.8247823e+01   1.8224603e+01
   4.0772741e+01  -6.9849064e+00
   6.7952820e+01  -1.7205031e+00
   1.5055970e+01   6.9785363e+01
  -4.6813142e+01   3.9621081e+01
   1.0219961e+01   1.3902383e+01
   2.6286269e+01  -6.2700211e+01
   2.5720557e+01  -1.7352446e+01
  -3.2707510e+01  -7.6531949e+01
   2.1170844e+01  -3.3805772e+01
  -5.1337858e+01   3.0291783e+01
  -6.3562244e+01   2.5898163e+01
  -6.7044518e+01  -7.3363876e+00
   3.6959928e+00  -3.7966462e+01
  -2.8343828e+01  -1.8669764e+01
   2.1086157e+01  -7.5921352e+01
   5.0898158e+01   2.2869189e+01
  -3.3716483e+01  -3.3580891e+01
  -3.0279828e+01  -4.5244419e+01
  -5.7690451e+00   3.7758989e+01
   2.2253148e+01  -5.2067204e+00
   5.7089520e+00   5.2470410e+01
   1.0788854e+01   5.2439058e-01
  -3.7038587e+01   3.8356631e+01
   4.2073624e+01   4.7484776e+01
  -1.4095217e+01   5.5628752e+01
   3.7940622e+01  -3.1238380e+01
   3.6839915e+01  -4.7221419e+01
   2.5601045e+01  -5.2831184e+01
   1.6587132e+01  -5.6885575e+01
  -1.3596209e+01  -5.3612678e+01
  -6.0729028e+01   1.0939834e+01
  -6.4309952e+01  -1.6734231e+01
  -5.5452468e+01   1.8478748e-01
  -4.2529119e+01  -5.2337247e+00
   1.3915315e+00  -8.5813691e+01
  -3.6660430e+00  -2.2088654e+01
   6.9342365e+00  -6.1918113e+01
   5.7388369e+01   1.4303072e+01
   7.2339127e+00   2.3154554e+01
  -3.9164818e+01  -6.8908852e+01
   5.4842836e+01   3.3939723e+01
  -4.9736076e+01  -2.3222330e+01
  -1.0634567e+01   2.9283849e+01
  -3.2891243e+00   7.3042010e+01
  -2.4224433e+01   7.3728396e+01
   2.1415719e-01   1.5452327e+01
   8.0669043e+01  -1.6460277e+01
   3.3726461e+01   6.3898689e+01
   5.4733365e+01  -2.3174146e+01
  -2.0139449e+01   2.8628138e+01
  -3.8037916e+01  -2.1942251e+01
  -2.8551887e+01   4.3612793e+01
   2.1256139e+01   4.0469440e+01
   1.5311198e+01   4.9940551e+01
   1.9240120e+01   4.1101861e+00
   3.5310083e+01   4.0402614e+01
   5.0786031e+01   5.4063156e+01
   1.3663836e+00  -3.2947633e+00
   4.7742225e+01  -3.0272463e+01
   5.0657093e+01  -4.6074697e+01
   3.6689847e+01  -7.8792303e+01
  -2.1331142e+01  -7.2787954e+01
   2.9754155e+01  -2.6071487e+01
   9.5066348e+00  -1.9771971e+01
  -4.5297262e+01   2.2427101e+01
  -2.1730863e+01  -6.1303067e+01
  -7.3428675e+01   2.4747600e+01
  -1.9076399e+01  -1.2498599e+01
  -2.7513767e+01  -7.3264465e+00
  -6.6064551e+01   3.5509946e+01
  -7.1333871e+01  -2.2904366e+01
  -3.5934751e+01   2.9694980e+00
  -5.0883110e+01   1.2133638e+01
  -4.5588489e+01  -1.4520996e+01
  -1.7169151e+01  -4.4045032e+01
  -5.5832686e+01  -1.2108267e+01
  -1.2159006e+01  -6.3436949e+01
  -1.3027148e+01  -8.2135763e+01
  -3.2769207e-01  -4.7005352e+01
  -3.6372804e+01   2.6676437e+01
   3.4583649e+01  -5.6936334e+01
   6.4099547e+01   6.9884716e+00
   8.8256383e+00  -7.1813684e+01
  -2.2239943e+00  -6.5943161e+01
  -4.5886279e+01   3.8126700e+00
  -3.2794995e+01  -5.4926448e+01
   8.0773546e+00  -5.1998156e+01
  -2.4531391e+01  -3.7489404e+01
   3.1524655e+01   1.0891677e+01
   2.2251096e+01   1.3058872e+01
   4.9740559e+01   4.5102338e+00
  -3.6968735e+00   6.3066878e+01
   5.9514494e+01   2.6148923e+01
  -2.5279625e+01   6.0202433e+01
   4.5454116e+01   3.5561106e+01
  -5.8834504e+01  -4.1517403e+01
  -5.8967797e+01  -2.5339707e+01
   3.8334724e+00   3.3100018e+01
   2.3944652e+01   6.5382844e+01
   5.8066560e+01  -6.8236723e-01
   5.2791367e+00   6.7959229e+01
   7.4834440e+01  -8.5240478e+00
  -1.1213088e+01   4.6075380e+01
   6.7670816e+01  -1.5551026e+01
  -1.7503357e+01   3.8342863e+01
  -4.1597799e+01   4.8174975e+01
   6.8542271e+01   1.4784514e+01
  -4.3099181e+01  -3.0305500e+01
  -3.3659061e+01   5.4255801e+01
   1.3576063e+01   3.0739620e+01
   2.3785268e+00   4.3133792e+01
  -4.1989967e+00   5.3115618e+01
   1.2498101e+01   5.9757949e+01
   4.2897883e+01   6.0108131e+01
  -1.6831712e+01  -2.8274615e+00
  -2.1122561e+00   2.5067934e+01
  -7.6316937e+00   7.9003587e-01
   3.1430929e+01  -3.8816704e+01
   4.2032617e+01  -2.2114793e+01
   4.9024708e+01  -1.4968246e+01
   5.7259584e+01  -3.3008595e+01
   4.3193069e+01  -3.9549704e+01
   3.3693876e+01  -6.9292929e+01
  -4.4127212e+01  -7.7391967e+01
  -2.9533980e+01  -6.7113207e+01
  -2.8775866e+01   3.3072490e+01
   1.8430378e+01  -2.4292137e+01
  -5.5053798e+01   2.1009798e+01
  -5.6671214e+01   3.8717261e+01
   4.4312712e+00  -2.8133079e+01
  -6.9556807e+01   1.5547131e+01
  -7.5963500e+01   3.4407364e+01
  -8.0772101e+01  -2.0819476e+01
  -2.5285276e+01   2.2648056e+00
  -6.5753496e+01   2.4134701e+00
  -9.6629094e-02  -7.5983152e+01
  -7.5927573e+01  -1.1877641e+01
  -2.7559189e+01   2.2145722e+01
   4.1922774e+01  -6.3625026e+01
  -4.7957176e+00  -3.1752354e+01
  -9.8900726e-02  -1.3016824e+01
   7.6243487e+01   6.4866018e+00
   1.7252449e+01  -6.6740166e+01
  -2.3262085e+01  -5.1745595e+01
  -1.6578221e+01  -2.2091639e+01
  -4.1726159e+01  -5.9494443e+01
   1.6713421e+01   2.0850358e+01
  -9.4624351e+00  -7.2883581e+01
  -1.2206483e+01   7.7505981e+01
  -1.5527103e+01  -3.3330433e+01
   3.3850470e+01   2.0364726e-01
   1.7202291e+01  -1.3762453e+01
   3.5107404e+01  -1.5058162e+01
   9.9867708e+00  -8.1371720e+00
  -3.3299366e+01   6.6169255e+01
   2.8289996e+01   2.0899635e+01
  -1.7429992e+01   6.6391899e+01
   6.0596652e+01   4.1727539e+01
   6.7465023e+01   2.3082537e+01
  -7.1573652e+01  -3.2288299e+01
   2.8357962e+01   4.6808425e+01
  -6.2411231e+01  -3.3725032e+01
   4.7096470e+00   6.6648085e+00
