  -9.4443581e+01   2.6332639e+01
  -4.5326214e+01   8.0524561e+01
   4.2747793e+01   8.4389450e+01
  -6.8893298e+00   7.9110437e+01
  -1.2694814e+01   6.0908339e+01
  -2.0006381e+01  -2.2505443e+00
   3.4623425e+01   2.6298509e-01
  -3.1205740e+01  -5.6036045e+01
   1.4052505e+01  -6.2937898e+01
   1.1320216e+01   2.7401832e+01
  -1.7995647e+01   3.8746429e+01
  -6.8616312e+01   1.2832678e+01
  -7.6032899e+01   4.6296728e+01
   8.4376020e+01  -5.1146304e+01
   8.7299706e+01  -6.4853184e+01
   4.9281725e+01   1.5105406e+01
   1.8102875e+01  -1.2322170e+01
  -8.1306976e+00  -7.8066735e+01
  -5.1372784e+01  -5.8647081e+01
  -2.4355127e+01   4.6273766e+01
  -8.2063936e+01   3.8387689e+01
  -9.4985729e+01   1.1766986e+01
   2.7161477e+01  -1.9486415e+01
   5.3780896e+01  -4.3240938e+01
  -1.1633093e+00  -1.3364698e+01
   1.5991142e+01  -3.4625164e+01
  -9.1943871e+01   5.6306382e+01
  -2.6945556e+01   4.9085258e+00
   7.9398492e+01  -4.2631607e+01
   2.6030635e+01  -8.3239499e+01
  -4.9194558e+01   1.6151940e+01
  -6.3484657e+01  -8.3528733e+00
  -8.5413920e+01  -9.4725153e+01
   7.9857971e+01   2.0837915e+01
   3.4338902e+01   5.7904949e+01
   9.8070634e+01  -1.0447424e+01
  -3.4981720e+01   2.7320532e+01
   2.7142338e+01   3.9364614e+01
   5.1908775e+01  -3.3496666e+01
  -6.0311491e+00   5.3644129e+01
  -5.4338065e+01  -3.2554597e+01
  -3.7357800e+01  -2.1600017e+01
   2.2807552e+01   9.0966402e+01
  -5.2283215e+01   4.3958908e+01
  -7.8138597e+01  -4.9185764e+01
   5.7162855e+01  -9.0680156e+01
   3.1787019e+01   1.9888219e+01
   8.5876384e+01  -3.5101636e+01
   1.1320290e+01  -4.3426990e+01
  -4.8191933e+00  -3.1134523e+01
  -4.0612299e+01  -5.9366438e+01
  -8.2397110e+01   9.6710012e+01
  -1.1832848e+01  -8.7355371e+01
  -5.9048925e+01  -9.5804998e+01
   1.7711879e+00  -7.9415978e+01
  -2.4548135e+00  -9.2688211e+01
   9.2779232e+01   8.5330277e+00
   8.9351215e+01   3.9363785e+01
   8.6755571e+01  -1.1568560e+00
   1.5720675e+00   3.2656145e+01
  -6.3280388e+01  -6.2314117e+01
  -6.4590825e+01   9.2869111e+01
   9.6425789e+01  -9.8656761e+01
  -7.0460167e+01  -1.5351075e+01
  -5.1894261e+01   3.4082665e+01
  -7.4135951e+01   2.8614753e+01
  -8.6302968e+00   3.5545324e+01
  -4.5719460e+01  -1.6768857e+01
  -4.0203908e+01   3.5650798e+01
  -2.1524657e+01  -2.2461852e+01
  -5.4850852e+01  -1.3051145e+01
   3.6186702e+01  -4.4087163e+01
   7.4253604e+01   4.9974394e+01
  -7.7550773e+01  -3.2456274e+01
   4.5860189e+01   3.4276476e+01
   2.5151876e+01   6.9313833e+01
  -7.0875296e+01   3.7896879e+01
   7.1097515e+01  -2.1960981e+01
  -9.7873520e+01  -6.2400994e+00
  -5.6305683e+01   5.2917891e+01
  -1.6047919e-03   6.1254954e+01
   7.7566912e+01   3.3769193e+00
  -3.1016854e+01   6.5119722e+01
  -9.0274351e+01  -5.7204644e+01
  -5.8616513e-01  -3.7673792e+00
   6.9365287e+01  -6.0231309e+01
   1.8790506e+01   9.2286281e+00
   8.4850331e+00  -7.6439810e+00
   4.2040563e+01  -8.5675295e+01
  -1.9450471e+00  -5.6224122e+01
  -1.0465358e+01  -9.8674126e+01
  -5.5600593e+01  -2.3461968e+00
  -2.4958536e+01  -6.3825494e+01
   1.8648353e+01  -5.2648496e+01
  -6.6342310e+01   2.2538629e+01
  -3.8103813e+01  -9.8716198e+01
  -5.8125336e+01  -8.5053391e+01
  -4.8156527e+01  -8.5999400e+01
   8.9920086e+01   1.8900852e+01
   5.8126712e+01   1.9767479e+01
   5.8125697e+01  -8.6138197e+00
   6.8082836e+01   2.1690122e+01
   4.1211926e+01   4.3370863e+01
   1.7606557e+01   5.2815609e+01
  -2.9700519e+01   1.6911969e+01
  -3.6242610e+01  -4.9370076e-01
  -3.6028495e+01   8.4123344e+01
  -1.6233844e+01   7.4145626e+01
   3.9209747e+01  -9.7828456e+01
  -1.6863283e+01   5.2296682e+01
  -4.2873308e+01   9.1354419e+01
   3.9702762e+01  -8.3199709e+00
   3.9959070e+01  -3.4982686e+01
   3.3992754e+01   8.9117195e+01
  -1.6541512e+01  -4.4116982e+01
  -2.4849598e+01  -3.1808028e+01
  -1.1762794e+01  -2.4011851e+01
  -6.7581098e+01   8.3356898e+01
   4.3595712e+01   6.3027410e+01
   5.2563309e+01   5.1862716e+01
  -7.9663462e+01  -1.1905428e+01
  -2.5270017e+01   2.5658247e+01
  -8.1536234e+01   8.3322457e+01
   7.1137886e+01  -3.7211784e+01
  -8.0471355e+01  -5.8737979e+01
  -9.9360652e+01   9.7963045e+01
   4.7685542e+01   5.2474391e+00
   1.0633072e+01   7.2415228e+01
  -9.2710222e+01   6.8081062e+01
  -8.6763861e+01  -3.0921780e+01
  -3.4926748e+01   7.4250561e+01
  -7.6652415e+01  -7.3555762e+01
   1.5433504e+01   9.7349965e+01
   9.8233310e+01  -2.0404051e+01
   1.0314628e+01   1.7274787e+01
  -9.0978962e+01   1.0038838e+00
   2.1672962e+01   1.8780993e+01
   8.8276152e+00  -8.6486202e+01
   9.1878227e+00  -2.7463584e+01
   6.6308176e+01  -9.3426804e+01
   3.0909153e+01  -6.7130032e+01
  -7.7353559e+01   1.9202540e+01
   4.0348752e+01  -6.8580177e+01
   4.2287018e+00  -6.4022653e+01
   5.2591720e+01  -7.1415635e+01
  -7.1603152e+01  -2.7855049e+00
   4.7928684e+01  -9.3329711e+01
  -3.9797166e+01  -7.7539313e+01
   9.4026451e+01  -2.9411772e+01
   7.3422803e+01  -5.1375686e+01
   6.5413985e+01  -4.5756005e+01
   2.1197922e+00  -4.7166293e+01
  -1.1221086e+01  -5.9686692e+01
  -9.6313131e+01  -2.9003645e+01
  -2.0151035e+01  -1.2470027e+01
  -2.8702787e+01  -6.6275134e+00
  -7.0759046e+01  -8.1109524e+01
  -2.9264548e+01  -9.3068613e+01
  -6.7028568e+01  -9.0062998e+01
   8.8972382e+00  -1.7468204e+01
  -2.0482403e+01  -8.2339283e+01
   8.3260768e+01   1.1491350e+01
   6.7652548e+01   2.3359401e+00
   9.3078938e+01   4.8705600e+01
  -1.0390930e+01   4.5014656e+01
  -1.0646358e+00   4.1848566e+01
   6.2884803e+01   4.3830151e+01
   2.7006752e+01   8.2188849e+01
   2.4782129e+01   5.9440796e+01
   6.3567233e+01   1.1432705e+01
   7.3400834e+01   1.3207435e+01
  -2.7270535e+01   3.5325792e+01
  -3.3394903e+01   4.2984351e+01
   2.8025348e+01   2.9075452e+01
  -5.8286944e+01  -5.1752438e+01
  -4.2692535e+01   4.5118643e+01
  -1.8510486e+01   9.3923193e+01
  -5.9326653e+01  -4.0804098e+01
  -3.9557871e+01   1.8555498e+01
  -2.5602397e+01   7.7427486e+01
   8.4987205e+01  -9.7809558e+01
   3.8519088e+01  -1.8170677e+01
   6.6222928e+01   6.4619981e+01
  -8.5782695e+01   4.8437547e+01
  -9.1781003e+01   3.6093479e+01
  -8.4068841e+01   2.8620945e+01
  -6.6319151e+01   5.0090305e+01
  -7.7032851e+01  -2.2736082e+01
  -6.2920340e+01  -2.1582862e+01
   3.3474514e+00   5.0362903e+01
  -6.1825534e+01   3.1401324e+01
  -7.9428820e+00   6.9198462e+01
   1.6454306e+01   6.4566995e+01
  -4.6846543e+01  -7.0311975e+00
  -3.7656940e+01  -1.0985022e+01
   3.5976717e+01   3.4990041e+01
  -2.1263245e+01   6.5698920e+01
  -1.6105761e+01   2.9028833e+01
  -6.5753708e+01  -7.2359909e+01
  -8.8759967e+01  -2.1391829e+01
   3.5520113e+01   7.7611988e+01
  -6.1668267e+01   4.1323664e+01
  -4.6472845e+01   5.3977113e+01
  -5.4601252e+01   2.4547569e+01
   2.4266592e+01  -2.9056714e+01
  -5.3949880e+01   7.5139624e+01
  -3.1082915e+01  -3.9530689e+01
   6.1917701e+01  -1.7785737e+01
   6.9115071e+01  -1.0974099e+01
   4.4395520e+01  -2.6168127e+01
   6.3087701e+01  -2.7564256e+01
   3.4874054e+01   6.7769638e+01
  -9.1339126e+01   7.9155596e+01
  -4.5275754e+01  -2.8651736e+01
   5.3605534e+01   7.0015624e+01
   2.1275813e+01  -4.3047353e+01
   2.9343638e+01  -3.7267488e+01
  -7.2768894e+01  -6.4925695e+01
  -8.3812340e+01   7.2636087e+01
  -8.7840642e+01  -4.7541959e+01
   3.9787876e+01   2.5824082e+01
  -1.1256912e+00   8.8952303e+01
  -3.4253236e+01   5.3211659e+01
   8.5732823e+01  -2.3864011e+01
  -9.7789962e+01  -4.7221395e+01
  -1.5158064e+01  -3.4217699e+01
   6.9819688e+00   7.9053957e+00
  -1.9948504e+01  -5.5280755e+01
   1.2564440e+01   8.4140377e+01
   4.9715102e+01   2.5085051e+01
   4.8924711e+01  -4.6602175e+00
  -5.0241742e+01   6.2989641e+01
   8.8822014e+01  -1.4134660e+01
  -4.4953348e+01   2.6919017e+01
   2.5759695e+00   2.3314713e+01
   2.8682410e+01   1.0433989e+01
   9.1566645e+01  -4.4466234e+01
   6.5468135e+01  -8.3567168e+01
  -2.9222841e+01  -1.6353473e+01
   5.7055195e+01   6.0715024e+01
   9.5957788e+00  -7.3197048e+01
  -2.7528342e+01   9.7810878e+01
  -1.0541168e+01  -1.0233853e+01
   6.9593755e+01  -6.9646568e+01
  -8.9272360e+01  -8.3778583e+01
   2.2426511e+01  -3.3720177e+00
  -8.4311747e+01   6.2721438e+01
   8.8302644e+00  -5.4519128e+01
  -2.7391592e+01  -7.3452916e+01
   2.4669851e+01  -9.4077110e+01
   1.6601867e+01  -8.0258505e+01
   4.5783550e+01  -6.0801099e+01
   5.5470838e+01  -6.2303491e+01
  -3.8564905e+01  -8.8737393e+01
  -5.4070579e+01   7.4430081e+00
  -4.5476324e+01   2.7701306e+00
  -6.3496084e+01   4.2112275e+00
  -5.9155740e+01   1.5789983e+01
  -1.9307927e+01  -9.3999042e+01
  -3.5987533e+01   9.3308452e+00
   9.9775663e+01  -8.5030631e+01
  -2.5890831e+01  -4.7621392e+01
   3.3426682e+01  -8.9752501e+01
  -1.4661675e+01  -7.0174647e+01
  -9.5430085e+01   4.5830750e+01
   9.9476442e+01  -6.4023085e+01
  -5.0717653e+00  -6.7449633e+01
   9.3535867e+01  -7.2462525e+01
  -1.0455619e+01  -3.3303383e-01
   9.2764845e+01  -5.6511799e+01
  -8.7349281e+01   1.9202308e+01
   9.9049228e+01  -3.8014523e+01
  -8.9546799e+01  -1.1590601e+01
  -7.5045532e+01  -9.5936667e+01
  -4.9118929e+01  -9.5910777e+01
  -4.9990665e+01  -7.6260275e+01
  -3.0461649e+01  -8.2924581e+01
  -7.9404681e+01  -8.6732091e+01
  -3.6002130e+01  -6.8287380e+01
   9.9840688e+01   4.1339180e+01
   9.8279852e+01   3.1463971e+01
   9.9734802e+01   2.0735834e+01
   8.8649974e+01   2.8801705e+01
   6.1148286e+01   2.9273891e+01
   5.5307187e+01   3.7363802e+01
   1.8051866e+01   4.3107289e+01
   3.1575631e+01   4.8311305e+01
  -5.5115347e+01  -6.7833956e+01
  -7.0651840e+01  -5.5631571e+01
  -6.6588479e+01  -4.7058038e+01
  -1.0223040e+01   8.9035702e+01
   7.5357180e+00  -9.6383444e+01
   6.4887974e+01   5.3608465e+01
   7.5038096e+01   5.9931619e+01
   3.3976632e+01  -2.7016816e+01
  -2.6869608e+01   8.7864611e+01
  -4.0145343e+01   6.1510668e+01
  -9.1721700e+00   9.8938321e+01
  -5.3294532e+01  -2.2859114e+01
   9.1152357e+01  -9.0018374e+01
  -1.8037214e+01   8.3681674e+01
  -9.2511526e+01  -3.8808592e+01
  -7.5918245e+01   6.1361068e+00
  -8.1523967e+01  -2.1231306e+00
  -6.8249212e+01  -2.9776990e+01
  -7.6993312e+01   5.6086042e+01
   3.4456853e+01   9.9032775e+01
  -8.5340358e+01   9.2682230e+00
   4.8762647e+01  -1.4655814e+01
   5.9975999e+01  -5.3815214e+01
   5.3959458e+01  -2.3733571e+01
   4.3541479e+01   9.4320469e+01
   5.0137074e+01  -5.2184349e+01
   7.7551303e+01  -2.9583841e+01
  -9.7874535e+01  -1.7343124e+01
   6.1234131e+01  -3.6997463e+01
  -1.4572418e-01   1.4525027e+01
  -7.4574702e+01   9.0490440e+01
   1.9111723e+01   3.3311155e+01
   1.7531967e+01  -2.2152172e+01
   3.8613537e+01   9.4267721e+00
   1.3565551e+01   7.7067351e-01
   2.9889660e+01  -9.8307356e+00
  -3.5776449e+01  -3.1146436e+01
  -2.6975411e+00   5.5013106e+00
   5.1544818e+01   7.9764506e+01
  -5.7675191e+01   8.4404995e+01
   7.8015653e+01  -6.5228988e+00
   7.9168697e+01  -1.6366411e+01
   9.2697016e+00   5.8003673e+01
   4.4165997e+01   7.2974468e+01
  -5.4348481e+01   9.3819057e+01
  -9.8782309e+01   8.6530103e+01
   5.6923995e+01   1.2873586e+00
  -7.4612315e+01   7.6360623e+01
   9.6851390e+01  -5.6531349e-01
  -9.2810969e+01  -6.7213671e+01
  -4.4111593e+01   7.0661222e+01
   1.9042325e+01   7.6891273e+01
   1.3273666e+00   7.0885949e+01
   3.4268578e+00   8.0371279e+01
   4.0186648e+01  -5.2846746e+01
  -6.1930781e+00  -4.1696599e+01
   7.5855745e+01  -9.4363641e+01
  -8.9273374e+01   8.9473604e+01
   9.3157758e+00   3.8667260e+01
   2.1470856e+01  -6.9353237e+01
   3.1267574e+01  -5.7222983e+01
   4.2795734e+01   5.3106397e+01
   5.3167885e-01  -2.2870061e+01
   3.9262895e+00  -3.5927409e+01
  -6.6332082e+00   2.6207298e+01
   7.9182993e+01  -5.9443174e+01
   6.1578405e+01  -7.4632785e+01
   5.4365275e+01  -8.1273071e+01
  -7.3381052e+01  -4.0711540e+01
   4.4957896e+01  -7.6879013e+01
  -8.6207636e+01  -7.4441349e+01
   7.3831835e+00   9.2398631e+01
