   2.9062735e+01  -9.0007433e+00
  -1.9201717e+01  -2.4012760e+01
   3.1374229e+00  -2.2282724e+01
   3.4647905e+01   5.3266427e+01
   5.7567231e+01  -3.3103050e+01
  -6.0522435e+00  -3.8645068e+01
  -4.4121763e+00  -5.8351363e+01
  -2.7927718e+01   6.2840753e+00
  -1.2802100e+01  -6.1711770e+00
   1.2460554e+01   3.9546117e+01
   3.8226891e+01   6.7993902e+00
   8.9396587e+00  -4.1821830e+01
  -3.5124654e+01  -1.2142791e+01
  -6.7518440e+01  -3.1678020e+01
   5.0675395e+01   4.2918161e+01
   5.6516937e+01  -1.2809512e+01
   2.4884413e+01   5.1321644e+01
   3.6731186e+01   3.5319123e+01
   2.6667415e+01  -4.1277997e+01
  -1.3731232e+01  -3.2301021e+01
  -5.1367849e+01  -5.3580417e+00
  -3.3319021e+01   1.4436165e+01
   1.8404059e+01  -4.6889271e+01
   7.5765516e+01   1.3187340e+01
   3.3170593e+01   2.6035082e+01
   3.6205714e+01   1.6582789e+01
   2.4190426e+01   2.1656503e+01
   3.9145335e+01  -3.1870684e+00
  -2.3796581e+01   5.2062733e+01
   7.1865603e+00  -8.5834848e+00
   6.6463537e+01  -1.0197580e+00
   1.4096086e+01   6.8036261e+01
  -4.6009942e+01   3.9104262e+01
   9.2878442e+00   1.0680197e+01
   2.8704834e+01  -3.1532473e+01
   2.7611297e+01  -6.4974140e+01
   2.1617822e+01  -1.6673935e+01
  -3.4700937e+01  -7.2053727e+01
   2.0308156e+01  -2.6474366e+01
  -5.1863364e+01   3.1111083e+01
  -5.9102936e+01   2.4269674e+01
  -6.4035320e+01  -4.1127170e+00
   2.7850331e+00  -3.4119571e+01
  -2.7200272e+01  -1.8120978e+01
   1.8560594e+01  -6.9298857e+01
   5.2923352e+01   2.3626869e+01
  -3.2214128e+01  -3.4347953e+01
  -3.0063662e+01  -4.4075603e+01
  -6.0027194e+00   3.6492380e+01
   1.8610277e+01  -7.2410254e+00
  -1.3717234e+01   6.4108092e+01
   5.3982389e+00   5.0565222e+01
   1.0822454e+01   6.0337093e-01
  -3.0085686e+01   3.3527978e+01
   4.1233421e+01   4.5783580e+01
  -1.4109026e+01   5.4239239e+01
   3.8249589e+01  -3.4016449e+01
   4.0124225e+01  -2.4193431e+01
   3.5834142e+01  -4.5267376e+01
   2.7511884e+01  -5.1222016e+01
   1.5265718e+01  -5.9881891e+01
   1.7039465e+01  -3.6015735e+01
   1.0740768e+01  -2.8280908e+01
  -1.3981534e+01  -5.5664755e+01
  -3.9819913e+01   2.3054091e+01
  -6.2833322e+01   1.1640716e+01
  -6.9167658e+01  -1.2629535e+01
  -5.7396457e+01   3.2530750e+00
  -4.3092929e+01   1.3329823e+01
  -4.1436014e+01  -4.4711421e+00
  -4.8959335e+00  -2.7991147e+01
  -1.3870333e-01  -7.7815423e+01
  -2.2127182e+01  -5.0003899e+01
  -2.2194781e+00  -1.4365223e+01
  -1.0276307e+01  -1.9767858e+01
   5.2829584e+00  -6.0625588e+01
   5.6906894e+01   1.4460765e+01
   2.5435789e+01   3.2318514e+01
   4.2943046e+01   2.3906892e+01
   1.3221700e+01   2.0157002e+01
  -3.7571269e+01  -6.2474521e+01
   3.7325194e+01  -1.4600150e+01
   3.0180108e+01   8.7143365e-01
   5.6321305e+01   3.4850718e+01
   4.6540713e+01  -9.7852037e+00
  -4.9049222e+01  -2.4302333e+01
   4.7053208e+01   1.2769221e+01
  -1.1752788e+01   2.8591798e+01
  -5.2876194e+00   7.3248403e+01
  -2.1729809e+01   6.9994402e+01
   5.6539004e-02   1.4173400e+01
   8.0025384e+01  -1.5621931e+01
   1.7686256e+00   4.4019999e+00
   3.3356334e+01   6.3144099e+01
   4.8927045e+01  -1.9457463e+01
  -2.1513191e+01   2.8314434e+01
  -3.6249741e+01  -2.2044019e+01
  -2.8888621e+01   4.3410979e+01
   2.2022473e+01   4.1695019e+01
   1.5232407e+01   4.9020010e+01
   2.0470810e+01   2.4987991e+00
   3.1575963e+01   4.3809604e+01
   5.0099731e+01   5.2840732e+01
  -1.6648897e+00  -5.0000062e+00
   4.7778777e+01  -3.1183850e+01
   4.5072763e+01  -4.1265996e+01
   3.4744344e+01  -7.1982680e+01
  -2.4943991e+01  -6.9759762e+01
   3.0238433e+01  -2.1651454e+01
   1.1704930e+01  -1.7249754e+01
  -4.9561281e+01   2.1439563e+01
  -2.3887407e+01  -5.9826407e+01
  -6.8150863e+01   2.0087966e+01
  -1.8283429e+01  -1.4111532e+01
  -2.6127527e+01  -8.0524573e+00
  -6.7006654e+01   3.0368597e+01
  -7.1188573e+01  -2.2390425e+01
  -3.7672319e+01   4.7650292e+00
  -5.2918080e+01   1.2123215e+01
  -4.4444520e+01  -1.5508971e+01
  -1.4975462e+01  -4.3054724e+01
  -5.8081256e+01  -1.2711359e+01
  -1.3349512e+01  -6.5622859e+01
  -9.7930597e+00  -7.4957072e+01
  -9.9709853e-01  -4.7252082e+01
  -2.9990673e+01   2.3606825e+01
   3.4819036e+01  -5.8037942e+01
   6.5178049e+01   8.8537760e+00
   8.3803183e+00  -7.0102074e+01
  -1.5395939e+00  -6.7921776e+01
  -4.7480254e+01   3.7933706e+00
  -3.2125750e+01  -5.4087249e+01
   9.6234285e+00  -5.1682914e+01
  -2.2596710e+01  -3.6632130e+01
   2.8439616e+01   1.0563395e+01
   1.8894138e+01   1.2234180e+01
   4.7289227e+01   2.5648954e+00
  -3.7942720e+00   6.3292687e+01
   6.2312445e+01   2.7029327e+01
  -2.7458776e+01   6.1827090e+01
   4.6473241e+01   3.3253408e+01
  -5.8314803e+01  -3.8096861e+01
  -5.8217258e+01  -2.8106353e+01
   2.3201269e+00   3.1175150e+01
   2.3749477e+01   6.5678163e+01
   5.6635552e+01  -2.8112490e+00
   4.2155493e+00   6.9202741e+01
   7.3624593e+01  -7.9584430e+00
  -1.0929720e+01   4.4958716e+01
   6.6312293e+01  -1.4821710e+01
  -1.7095574e+01   3.7169888e+01
  -4.1351649e+01   4.7844930e+01
   6.7379526e+01   1.8549384e+01
  -4.1340696e+01  -3.0519352e+01
  -3.3555557e+01   5.3958943e+01
   1.2039011e+01   2.9802099e+01
   2.7404779e+00   4.1038839e+01
  -4.1725468e+00   5.3321344e+01
   1.1776893e+01   5.8334700e+01
   4.2559204e+01   5.9338354e+01
  -2.0436973e+01   5.3434578e-02
  -3.4031454e+00   2.3341180e+01
  -7.5331574e+00   1.7879094e+00
