  -2.2085428e+01  -2.7702961e+01
   3.3119347e+01   5.6625914e+01
   7.2911617e+01  -3.6454223e+01
  -8.3673506e+00  -3.9690416e+01
  -2.9982689e+01   1.4666251e+01
   2.6674598e+01   3.7847460e+01
  -4.0326341e+01  -5.1017787e+00
  -7.9179292e+01  -4.8870527e+01
   2.2683101e+01  -4.5735494e+01
   8.4030519e+01   2.3022950e+01
   3.3324670e+01   2.8413977e+01
   4.4328171e+01   2.5665446e+01
   4.1793375e+01   4.1404258e+00
   1.1471111e+01   7.8270224e+01
  -5.7292793e+01   4.1735781e+01
   2.7662778e+01  -2.0114090e+01
  -3.6920023e+01  -8.4547873e+01
   2.1240849e+01  -3.5840441e+01
  -6.2204485e+01   3.0481612e+01
  -6.7859911e+01  -5.1696640e+00
   3.5383767e+00  -3.9677875e+01
   1.6998709e+01  -7.9801189e+01
  -3.0685247e+01  -2.2569686e+01
  -3.1270359e+01  -5.1039516e+01
   2.7859437e+01  -1.0129252e+01
   1.8653530e+01  -6.2855478e+00
  -3.8931191e+01   4.9389819e+01
   3.8662293e+01  -3.3562612e+01
   2.6724834e+01  -5.7624176e+01
  -6.5224469e+01  -1.5730921e+01
  -5.8407510e+01  -8.4208084e+00
  -5.0237586e+01  -2.6707521e+00
   8.3021423e+00  -9.3421490e+01
  -6.4119087e+00  -2.2433035e+01
   1.2607388e+01  -7.0817803e+01
  -3.9092163e+01  -6.9189786e+01
   6.0339609e+01   3.0832205e+01
  -5.5484415e+01  -1.7981183e+01
  -1.2562828e+01   4.0686285e+01
  -3.0413677e+00   7.0278622e+01
  -2.9235014e+01   8.3148960e+01
   1.2040818e+01   1.2299688e+01
   8.7980155e+01  -2.1902009e+01
   4.4529088e+01   7.2370600e+01
   5.7487437e+01  -2.2726126e+01
  -2.6178643e+01   2.3984800e+01
   4.0814547e+01   3.5023305e+01
   4.7081089e+01   6.2704894e+01
   4.8263900e+01  -5.2606958e+01
   3.4289260e+01  -8.0372703e+01
  -1.8876202e+01  -7.0783843e+01
   2.9334508e+01  -2.9959363e+01
  -3.9946867e+01   1.3877470e+01
  -8.4357834e+01   1.9540851e+01
  -7.6883586e+01   3.7885393e+01
  -7.0744928e+01  -2.4064983e+01
  -1.1688315e+01  -5.9416474e+01
  -2.0614933e+01  -8.6004744e+01
   4.3431086e-03  -4.9032485e+01
  -4.2839053e+01   3.0501743e+01
   3.7334926e+01  -5.8510951e+01
  -4.3238782e+01   4.4543649e+00
  -3.3515361e+01  -6.0772273e+01
   9.4442619e+00  -5.2330487e+01
  -1.8292537e+01  -3.8489126e+01
   3.2026780e+01   9.9123745e+00
   2.2150756e+01   1.1917779e+01
   4.7647993e+01   1.5378725e+01
   5.3991356e+01   2.3107146e+01
  -2.1097259e+01   6.9226526e+01
  -5.9988084e+01  -4.4405198e+01
   2.1644452e+01   8.0484281e+01
   6.5542941e+01  -6.5542090e+00
   7.5580190e+01  -6.3886568e+00
  -2.0153301e+01   4.7193495e+01
   6.7260403e+01  -2.4843847e+01
  -3.7954834e+01   5.9327088e+01
  -4.1658086e+01  -2.0459264e+01
   1.3879182e+01   3.2187267e+01
   1.2049507e+01   5.1588547e+01
  -4.5925920e+00   5.8594935e+01
  -1.6995707e+01  -8.1898104e+00
   6.7308648e+00   2.4930103e+01
  -7.4233276e+00  -1.1009942e+01
   3.0761550e+01  -3.9844347e+01
   3.8903241e+01  -2.3569923e+01
   4.8619020e+01  -1.6335216e+01
   5.7759777e+01  -3.2860819e+01
   4.8532761e+01  -3.7384159e+01
   3.2874734e+01  -6.7561311e+01
  -4.4256423e+01  -7.7753007e+01
  -2.8799998e+01  -6.9579837e+01
  -3.0884868e+01   3.2791446e+01
   1.8358079e+01  -2.6267762e+01
  -6.5139089e+01   2.0925811e+01
  -6.2679097e+01   5.0158832e+01
   1.1162035e+01  -3.3206444e+01
  -7.4555426e+01   1.7568570e+01
  -8.6852000e+01   3.8669715e+01
  -9.0414987e+01  -2.4647432e+01
  -3.0369827e+01  -4.3449348e+00
  -7.1705995e+01   4.0583383e+00
   6.4375354e+00  -7.8684149e+01
  -8.5797984e+01  -1.0159093e+01
  -3.6127771e+01   2.3105448e+01
   4.6434939e+01  -6.2652573e+01
  -2.3355715e+00  -3.1584973e+01
   1.2242175e+00  -1.6002070e+01
   7.8142625e+01   3.7889375e+00
   2.1416391e+01  -6.6092554e+01
  -2.1681322e+01  -5.9790296e+01
  -1.6039528e+01  -1.9737996e+01
  -5.2902997e+01  -6.3245690e+01
   1.6097341e+01   2.1433716e+01
  -1.3359624e+01  -7.9122985e+01
  -8.7585118e+00   8.4675736e+01
  -1.2452478e+01  -3.0385207e+01
   3.5268704e+01  -3.4297294e+00
   1.8431236e+01  -1.6274743e+01
   3.7179137e+01  -1.3726278e+01
   9.8952796e+00  -1.1066691e+01
  -3.9002454e+01   7.9193563e+01
   2.8185986e+01   1.9854055e+01
  -1.1823667e+01   6.5494438e+01
   6.0489599e+01   4.0830187e+01
   6.3845741e+01   2.1427438e+01
  -7.7952961e+01  -3.8946597e+01
   2.8811524e+01   4.7606403e+01
  -6.7507530e+01  -3.3901279e+01
   1.6796971e+01   3.5108104e+00
   3.7988821e+01   1.7937368e+01
  -1.6106972e+01   2.8959098e+01
   3.6291986e+01   6.6107012e+01
   2.5901214e+01   6.3545675e+01
   8.7719549e+00   6.8359442e+01
   5.4555824e+01  -6.1967525e+00
  -1.0387869e+01   5.0445754e+01
   8.6367564e+01  -1.8986960e+00
   7.7588075e+01  -2.4332882e+01
  -4.8502340e+01   4.6499125e+01
   7.0337914e+01  -1.5329301e+01
  -4.7419756e+01   6.2550502e+01
  -5.6282794e+01  -3.5119095e+01
  -3.4612764e+01  -1.3380773e+01
  -3.1667983e+01  -3.2507492e+01
   9.6279111e+00   4.1887806e+01
   2.3169644e+01   2.8493886e+01
   5.9846239e+01   5.0808632e+01
   3.8377266e+01   4.4711541e+01
  -2.2681787e+00   6.0927132e+00
   5.1770223e+01   3.5006027e+00
  -3.1782477e+00   2.3232252e+01
   6.3887875e+01  -4.0763752e+01
   4.0532715e+01  -4.3383341e+01
   4.4234693e+01  -8.1410767e+01
   5.4881792e+01  -4.5110062e+01
   3.2732830e+01  -4.9637943e+01
   4.8361432e+01  -2.6813391e+01
  -5.3791999e+01  -8.0764710e+01
  -2.8255674e+01  -7.9559091e+01
  -7.2368651e+01   4.7687283e+01
  -9.0267800e+00  -6.9063222e+01
  -2.7753355e+01  -4.1694113e+01
  -7.1948454e+01   2.8249071e+01
  -6.6980681e+01   3.9264399e+01
  -8.1898091e+01   2.9233503e+01
  -5.2522434e+01   3.2951817e+01
  -5.5833644e+01   1.7272538e+01
  -8.0207999e+01   9.3206581e+00
  -2.4637859e+01  -1.4618981e+01
  -5.2664562e+01   7.7898181e+00
  -8.1918630e+01  -1.9375844e+01
  -7.4679130e+01  -1.2480891e+01
  -6.0611765e+01   1.7211051e+00
  -4.7319770e+01  -1.2229788e+01
  -5.0752525e+01  -2.6788386e+01
  -3.3269491e+01   5.2229262e+00
   4.2012498e+01  -7.1623654e+01
   5.2935974e+00  -2.5122282e+01
  -6.4461371e+01   1.0950052e+01
  -1.1010443e+00  -9.0021133e+01
  -9.9812717e+00  -4.9563285e+01
   3.1557646e+00   3.4266275e+01
  -7.8604876e+01  -3.2122382e+00
   1.3063230e+01  -4.3014833e+01
  -2.1713971e+01   6.0596006e-01
  -4.6672320e+01   2.1271371e+01
  -2.0706152e+01  -4.9681383e+01
   8.9369593e+01   7.6398589e+00
  -1.9236850e+01   8.2971645e+01
   8.1145571e+01   1.3327089e+01
   7.8988578e-03   7.9802381e+01
  -4.3474272e+01  -5.9921449e+01
   2.5810186e+01  -7.5073454e+01
  -1.1030263e+01  -8.8847880e+01
   7.6129891e+00  -6.2157239e+01
  -3.4299946e+00  -8.0296234e+01
   4.4594557e+01  -7.0242364e+00
   2.6588509e+01   1.5238275e+00
  -3.9436521e+01   6.9207424e+01
  -3.0270614e+01   7.3203259e+01
   5.0704753e+01   3.3576365e+01
  -6.9971408e+01  -4.4969953e+01
  -6.2126511e+01  -5.4172941e+01
   6.9686184e+01   4.9027208e+01
   7.3748156e+01   2.0052908e+01
   3.6818508e+01   7.8735773e+01
  -6.7019543e+00   3.2587318e+01
  -1.9121566e+01   5.8052450e+01
  -1.2637415e+01   7.5459421e+01
   6.8068708e+00   8.7135455e+01
   6.1736005e+01   2.6922600e+00
   1.8572062e+01   7.0348393e+01
  -2.1972292e+01   3.7315720e+01
  -2.8645702e+01   5.2471304e+01
   2.8493235e+01   7.3199512e+01
  -5.3887895e+01   5.4924507e+01
   8.0857844e+01  -1.4882559e+01
   9.0139228e+01  -1.1160042e+01
  -6.1003305e+01  -2.6309357e+01
  -2.7089876e+00   4.2361852e+01
  -4.1444295e+01  -3.0437610e+01
   2.0663216e+00   5.1142259e+01
   2.1600785e+01   5.4524199e+01
   6.6728437e+01   5.9202328e+01
   1.9256373e+01   4.4587918e+01
   5.6793081e+01   6.0330317e+01
   4.2689211e+01   5.3726497e+01
  -3.8351453e+01   3.9424268e+01
  -9.5122833e+00  -7.9786464e-01
   5.7053719e+01   1.1993553e+01
   1.2256950e+00  -6.0080270e+00
   6.9148061e+00   2.1981581e+00
  -2.8465373e+01   6.2469155e+01
   2.3991110e+00   1.4936255e+01
  -7.9407822e+01  -2.9054571e+01
