  -7.1952703e+01   9.4104975e+01
   5.6542632e+01  -1.7321123e+01
  -5.1578904e+01   1.6805755e+01
  -7.0049640e+01   3.8502615e+01
   9.3342588e+00  -5.0784346e+01
   4.3543484e+01  -5.0438937e+01
  -4.0293308e+01   6.5193522e+01
  -8.9984959e+01   7.3578762e+00
  -7.6030257e+01   7.5165305e+01
  -4.3428354e+01   8.0429615e+00
  -9.7464874e+01   7.2079798e-01
   6.7105790e+00  -8.1214551e+01
   6.4904069e+01  -9.0587517e+01
   5.5378121e+01  -4.6986152e+01
  -4.2080855e+00  -6.3862899e+01
   7.6428928e+01  -6.5431286e+01
  -3.4453646e+01   4.4365774e+01
  -9.1159871e+01  -1.4690637e+01
  -4.1176077e+01   3.6962478e+01
  -9.0654007e+01   1.9736982e+01
   5.2895620e+01  -3.6948433e+01
   4.3304394e+01  -3.0370216e+01
   3.7138776e+01  -8.6137888e+01
   1.8178901e+01  -2.6167589e+01
  -8.9702865e-01  -5.0353048e+01
  -8.8969992e+01   2.9594165e+01
  -5.4882543e+01   4.9414017e+01
  -8.1383552e+01   2.2214789e+00
  -6.0381944e+01   4.1061990e+01
  -9.5247156e+01   8.6306985e+01
  -5.3072365e+01  -1.5059124e+01
  -7.6418923e+01   8.5157748e+01
  -9.9048463e+01   1.1583142e+01
  -5.9843655e+01  -7.3143931e-01
  -7.9970232e+01   3.9760337e+01
  -4.1636903e+01   1.7881181e+01
  -6.2999468e+01   3.1410663e+01
   4.6623142e+01  -8.2968728e+01
   3.1602895e+01  -9.4465646e+01
   2.5815764e+01  -1.9711715e+01
   6.1549767e+00  -1.9786418e+01
   3.3583119e+01  -3.9345864e+01
   2.1630926e+01  -3.5552871e+01
   4.1058164e+00  -3.9801546e+01
   8.0694843e+01  -4.7350641e+01
   2.0159620e+01  -6.3797143e+01
   3.0784219e+01  -6.7295433e+01
   3.9042938e+00  -6.9710051e+01
   4.8198877e+01  -7.1058243e+01
   4.0496187e+01  -6.4681178e+01
  -2.7381886e+01   5.1436144e+01
  -4.1923184e+01   5.5327243e+01
  -8.8089996e+01   5.7460743e+01
  -7.4295269e+01  -4.8323313e+00
  -8.4142771e+01  -2.1919103e+01
  -4.5489263e+01  -8.5401854e+00
  -2.3483878e+01   2.8266415e+01
  -3.4094062e+01   2.4446660e+01
  -6.7506198e+01   8.0394110e+01
  -7.8092392e+01   5.7679532e+01
  -7.2600012e+01   1.6883448e+01
  -6.7881577e+01   8.0666279e+00
   7.5406847e+01  -2.4684481e+01
  -8.1232931e+01   2.3258732e+01
   6.9080435e+01  -4.7371779e+01
  -6.3366234e+01   2.0819779e+01
  -5.1340123e+01   3.6790527e+01
   7.4342259e+01  -9.3892082e+01
  -7.1903591e+01   2.6859164e+01
  -8.6035509e+01   8.2415257e+01
   4.1783271e+01  -1.1685649e+01
   3.5815764e+01  -1.9709902e+01
   2.4341882e+01  -4.5209708e+01
   1.6042435e+01  -1.6398435e+01
   9.7479762e+00  -3.1545274e+01
   1.3887357e+01  -4.1880361e+01
  -1.0878135e+01  -5.0967475e+01
   1.8924790e+01  -5.3616527e+01
   7.0690423e+01  -5.7241325e+01
  -5.8913187e+00  -3.9562196e+01
   2.2927371e+01  -8.9344749e+01
   2.8065390e+01  -5.7672211e+01
   6.5011704e+01  -8.0588158e+01
   1.3747666e+01  -7.1472928e+01
  -9.7833301e+01   6.7315706e+01
  -9.8187284e+01   3.3848484e+01
  -5.7933510e+01   9.0844293e+00
  -5.1316751e+01   5.8756658e+01
  -4.5488982e+01   4.5984599e+01
  -4.9799258e+01   6.8640844e+01
  -2.4738731e+01   4.1414719e+01
  -8.1929367e+01   1.3283020e+01
  -6.2218142e+01  -1.9103227e+01
  -3.1586455e+01   3.4127150e+01
  -8.7853535e+01   9.3553744e+01
  -8.1645228e+01  -1.1613047e+01
  -4.9911217e+01   4.2900071e-01
  -8.8904887e+01  -4.7302715e+00
  -3.3488661e+01   1.2084109e+01
  -7.4412964e+01  -1.8519157e+01
   6.8488305e+01  -3.1904853e+01
  -8.9677404e+01   7.3102010e+01
  -8.1771969e+01   6.6977954e+01
  -4.4392703e+01   2.7493950e+01
   5.9931820e+01  -2.6729279e+01
   6.0872544e+01  -5.5341469e+01
  -5.7594238e+01   8.1718138e+01
  -6.5267251e+01  -9.1329008e+00
   4.3523514e+01  -4.0436072e+01
   6.2456084e+01  -3.9880586e+01
  -8.9967894e+01   3.9544241e+01
  -5.4334697e+01   2.6418530e+01
  -7.4713989e+01   4.8267501e+01
   3.2948190e+01  -7.7058401e+01
   2.3400318e+01  -7.4085575e+01
   5.6159907e+01  -9.5439221e+01
   2.3256819e+01  -9.9973986e+01
   3.3172883e+01  -2.9354316e+01
  -6.4865324e+01   5.0000613e+01
   3.3603427e+01  -4.9345802e+01
   4.6114507e+01  -2.0773171e+01
   2.9683684e+01  -1.0490045e+01
   3.9047226e-01  -2.8018644e+01
   9.3584281e+00  -8.9604204e+00
   5.1430938e+01  -6.1223382e+01
  -9.3349014e+01   4.8955292e+01
  -1.5558545e+01  -4.2120465e+01
   1.6706046e+01  -8.1515630e+01
   4.6470199e+01  -9.2967528e+01
   5.8283623e+01  -6.8506267e+01
   8.2167352e+01  -5.7241632e+01
   1.3099417e+01  -9.1193755e+01
  -9.8768321e+01   5.7359518e+01
   6.8010308e+01  -7.0828206e+01
   5.5336365e+01  -7.8062043e+01
   4.9314595e+00  -5.9762948e+01
  -3.3529368e+00  -7.6589913e+01
