   4.0507984e+01   1.3416480e+01
   3.2601959e+01  -1.2337575e+01
  -2.0680163e+01  -1.9952407e+01
   3.4578046e+00   2.0642435e+01
   6.2941785e+00  -3.5094970e+01
   9.7690373e+00   1.1306251e+01
   5.4574553e+00  -2.5130038e+01
   2.5261127e+01  -5.5469802e+00
   6.0237813e+00   2.0340868e+00
   2.9264960e+01   4.5792491e+01
  -3.8618087e+01   1.1951097e+01
  -1.4526575e+01   2.9331652e+01
   4.2260557e+01  -2.7399112e+01
  -3.2980688e+00  -2.0298807e+01
  -1.5877644e+01  -4.1302767e+01
  -6.0596433e+00  -5.9619695e+01
  -2.5581555e+01  -3.8739791e+01
  -2.9100305e+01   8.8832269e+00
  -4.1865329e+01  -6.2744535e+00
  -1.4372755e+01  -9.8687970e-01
   4.7303306e+00   3.3928231e+01
   3.5700240e+01   4.6480374e+00
  -2.2002872e+01   3.5972810e+01
   2.3850087e+01  -3.5186469e+01
  -4.6127349e+01   4.9354793e+00
   6.9237164e+00  -4.5075134e+01
  -3.6591137e+01  -1.4770505e+01
  -4.8653445e+01  -3.0451724e+01
   4.6832508e+01   2.8130626e+01
  -2.5103164e+01  -2.8317136e-01
   1.6023242e+01   1.9302904e+00
  -5.9006022e+00   5.0180851e+01
   5.1766105e+01  -1.4372624e+01
   2.8167805e+01   2.3207226e+01
   1.4282711e+01   3.6886613e+01
   3.4800655e+01   3.2554896e+01
   2.7748674e+01  -4.4395215e+01
   2.2842346e+01  -1.5250046e+01
   4.2210511e+01  -1.7320609e+01
   1.5113284e+01  -3.0321463e+01
   5.7200126e+00  -1.5133486e+01
  -1.1959350e+01  -2.5297028e+01
  -1.1205592e+01  -5.0144256e+01
  -5.1476630e+01  -3.5134963e+00
  -4.8631075e+01   1.4616975e+01
  -3.0714128e+01   1.8752146e+01
   1.3020680e+01  -5.3001484e+01
   1.6386670e+01  -4.1842098e+01
  -2.0810073e+01  -2.9951563e+01
   5.7462943e+01   1.2815906e+01
  -7.9288919e+00  -1.1435655e+01
   3.8167570e+01   2.3138746e+01
  -4.3784511e+01  -2.1717111e+01
   3.0141542e+01   1.3403943e+01
   1.3457719e+01   2.0601067e+01
   3.9116196e+01  -4.7504328e+00
  -1.7708374e+01   5.0965251e+01
   7.4478387e-01  -6.4589780e+00
   6.5024926e+01  -1.1007142e-01
   1.6095961e+01   5.6558533e+01
  -3.2254109e+01   3.8061881e+01
  -2.3600113e-01   1.1349653e+01
   2.5605756e+01   3.6486030e+01
   1.1571158e+01  -7.0239789e+00
   1.9351231e+01   4.7103205e+01
   3.3422428e+01  -3.2293326e+01
   2.7631958e+01  -5.4394534e+01
   1.4246002e+01  -2.0359143e+01
  -2.3353333e+01  -5.4859440e+01
   2.3962583e+01  -2.5187102e+01
  -5.0483227e+00  -4.0594326e+01
   3.3534924e+01  -2.2293959e+01
  -4.1424002e+01   2.1549370e+01
  -5.7378877e+01   1.9462173e+01
  -5.8701089e+01  -1.0570701e+01
  -3.6516048e+01   2.1745210e+00
  -4.9058704e+01  -1.3221060e+01
  -1.7870358e+01  -1.0355272e+01
  -3.5104337e+00  -3.0713288e+01
  -1.2314199e+00  -5.0862512e+01
  -2.9957149e+01  -2.3685707e+01
  -2.7859791e+01  -9.8957152e+00
   7.4589494e+00  -6.1312149e+01
   4.5697806e+01   4.8686294e+00
  -5.3927638e+01  -2.1955674e+01
   4.9172922e+01   1.8408360e+01
  -3.3790098e+01  -3.2921967e+01
  -3.0226289e+01  -4.7595662e+01
  -5.3104803e+00   2.5450468e+01
   1.9704039e+01   1.2444558e+01
   2.5702336e+01   4.4432816e+00
  -1.0599704e+01   5.9007993e+01
   1.9652884e+01   2.8450901e+01
   5.5522790e+01   3.0059209e+00
  -5.2794895e+00   3.5450420e+01
   7.6645707e+00   5.1168596e+01
   4.9116175e+01  -4.7301209e+00
  -4.9019834e+00   2.2231794e+00
  -2.4016135e+01   2.6177568e+01
  -3.3964343e+01   2.8209212e+01
   1.4144247e+00   4.3362465e+01
   3.9156386e+01   4.7262081e+01
  -1.2350016e+01   4.2522029e+01
