   3.0272229e+01  -7.2875173e+00
  -1.9455882e+01  -1.9733726e+01
   6.9452033e+00   2.5715300e+01
   2.3625653e+00  -2.5237440e+01
   3.1307203e+01   5.2540696e+01
  -1.2988964e+01   3.6037273e+01
   5.5771833e+01  -3.2834614e+01
  -1.3622009e+01  -3.8852217e+01
  -8.3968177e+00  -6.0065140e+01
  -2.3496194e+01  -3.6249088e+01
  -2.8265019e+01   6.9971949e+00
  -4.2825703e+01  -8.8561240e+00
  -1.9842551e+01  -1.9680355e-01
   1.0027458e+01   3.5227776e+01
   3.9527381e+01   8.6311615e+00
  -2.2500968e+01   3.9123008e+01
   5.3530744e+00  -4.4570580e+01
  -3.6939114e+01  -1.6939866e+01
  -5.7927465e+01  -3.0235349e+01
   4.8165273e+01   3.6692274e+01
  -2.9136573e+01  -3.8872242e+00
  -6.8544281e+00   5.1531432e+01
   5.9130915e+01  -1.3622641e+01
   2.1924387e+01   4.9081997e+01
   3.7393208e+01   3.5791734e+01
   2.5016013e+01  -4.3241159e+01
   2.5670925e+01  -1.6301968e+01
   5.8975368e+00  -1.5920881e+01
  -1.6370003e+01  -2.9240410e+01
  -1.0959236e+01  -5.0400930e+01
  -5.0518087e+01  -2.4665309e+00
  -4.9288552e+01   1.6127507e+01
  -2.9219286e+01   2.0313837e+01
   1.8172026e+01  -5.6573300e+01
   1.5940075e+01  -4.6946333e+01
   6.7345990e+01   9.8539869e+00
   3.4968816e+01   2.2610248e+01
  -4.6314133e+01  -2.0419452e+01
   3.0810143e+01   1.3518413e+01
   2.5012516e+01   2.1665625e+01
   3.8224404e+01  -1.2718400e+00
  -2.2628436e+01   5.2359686e+01
   4.3829125e+00  -6.0662389e+00
   6.5538007e+01   1.8075997e-02
   1.5495051e+01   6.3086172e+01
  -3.9052654e+01   4.1035923e+01
   5.8766224e+00   1.2950896e+01
   2.6684295e+01  -3.3688614e+01
   2.6303785e+01  -6.1851740e+01
   1.5681696e+01  -1.7598756e+01
  -2.9917082e+01  -6.4274639e+01
   2.1679802e+01  -2.5391612e+01
  -4.4564431e+00  -4.2812660e+01
   3.1831484e+01  -2.4135126e+01
  -4.9527048e+01   2.6124661e+01
  -5.9293353e+01   2.3807187e+01
  -6.1164748e+01  -7.9029946e+00
  -4.5735079e+01   6.7801726e+00
  -5.2200830e+01  -1.2335617e+01
  -1.6866034e+01  -1.0076465e+01
   2.0973217e+00  -3.5199977e+01
  -1.1339622e+00  -5.2281382e+01
  -2.8914777e+01  -2.3640606e+01
  -2.7463256e+01  -1.3745861e+01
   1.2375591e+01  -6.4805229e+01
   4.7462976e+01   2.5193654e+00
  -5.8322188e+01  -2.0243142e+01
   5.1599815e+01   2.2021622e+01
  -3.3460064e+01  -3.5414511e+01
  -3.0001681e+01  -4.4797517e+01
   1.1856755e-01   3.3020052e+01
   2.0953785e+01   1.1877368e+01
   2.0347792e+01  -7.8936611e+00
  -1.2264979e+01   5.9941303e+01
   1.8732458e+01   2.9499425e+01
   5.7057386e+01   5.3111623e+00
  -4.7805621e+00   4.1748842e+01
   2.9185691e+00   5.3650047e+01
   5.4186988e+01  -4.8988617e+00
   8.5692874e+00   3.3202254e+00
  -2.8892187e+01   3.1431953e+01
  -3.8884398e+01   3.1037338e+01
   4.9924059e+00   4.3867503e+01
   3.8616836e+01   4.5716543e+01
  -1.5063450e+01   4.5819733e+01
   3.6406287e+01  -3.3024623e+01
   4.1723149e+01  -2.3021107e+01
   3.4722553e+01  -4.5080587e+01
   2.8447233e+01  -5.2444336e+01
   8.7812165e+00  -5.3804955e+01
   1.2539254e+01  -3.7648944e+01
   1.2013028e+01  -2.7725339e+01
  -1.8143586e+01  -5.7511324e+01
  -4.0637119e+01   2.1192138e+01
  -6.1710236e+01   1.4103648e+01
  -6.7286107e+01  -1.5810520e+01
  -5.5712069e+01   6.1022750e+00
  -3.6991746e+01   1.1880250e+01
  -3.8319692e+01   7.1116473e-02
  -6.4144001e+00  -2.9992474e+01
  -3.7882207e+00  -6.9009590e+01
  -2.0137705e+01  -4.6434864e+01
  -5.2825045e+00  -1.1400359e+01
  -9.4824263e+00  -2.0475607e+01
   2.8130640e+00  -6.1614333e+01
   5.8859791e+01   1.5145231e+01
   2.8620490e+01   3.0991916e+01
   4.3480277e+01   2.7857935e+01
   1.5148839e+01   2.0006227e+01
  -2.7687680e+01  -5.4526318e+01
   3.6905582e+01  -1.4552570e+01
   2.9466214e+01   3.5946712e+00
   5.6336552e+01   3.0827793e+01
   4.4945183e+01  -8.6662662e+00
  -4.7927618e+01  -3.0288475e+01
   4.8771905e+01   1.2431886e+01
  -8.0950441e+00   2.7316176e+01
  -3.7763787e+00   6.5227480e+01
  -2.1973471e+01   6.2338214e+01
  -1.2415549e+00   1.9974509e+01
   7.2225274e+01  -7.4153293e+00
  -1.3638768e+00   2.1029767e+00
   2.5128492e+01   6.0403487e+01
   4.9889714e+01  -1.7351182e+01
  -1.9380182e+01   2.8346219e+01
  -3.8552632e+01  -2.6808703e+01
  -3.0437430e+01   4.6113117e+01
   1.9069601e+01   3.9498185e+01
   1.2916402e+01   5.3424363e+01
   1.9392178e+01   2.0234447e+00
   2.8873185e+01   4.1631370e+01
   4.5422529e+01   5.3043365e+01
  -1.0152392e+01  -2.6661644e+00
   4.6103689e+01  -3.1660127e+01
   4.3489845e+01  -4.1054224e+01
   3.2157281e+01  -6.9542439e+01
