   9.3500000e+02
   7.8700000e+02
   1.0610000e+03
   7.2700000e+02
   8.1100000e+02
   1.0370000e+03
   6.5100000e+02
   8.8500000e+02
   8.8300000e+02
   8.8900000e+02
   8.0700000e+02
   1.0290000e+03
   8.9900000e+02
   1.0330000e+03
   1.0470000e+03
   6.8900000e+02
   8.9700000e+02
   8.6100000e+02
   9.2100000e+02
   7.8900000e+02
   6.1700000e+02
   7.8500000e+02
   8.2300000e+02
   1.0210000e+03
   8.2100000e+02
   6.9500000e+02
   6.6900000e+02
   8.7300000e+02
   1.0590000e+03
   9.4100000e+02
   9.6100000e+02
   8.1300000e+02
   9.7500000e+02
   7.4700000e+02
   1.0530000e+03
   1.0450000e+03
   8.0100000e+02
   7.9300000e+02
   8.0500000e+02
   6.4100000e+02
   8.5900000e+02
   6.4300000e+02
   8.2700000e+02
   6.6500000e+02
   6.9900000e+02
   6.7300000e+02
   8.3500000e+02
   1.0150000e+03
   8.5300000e+02
   7.2500000e+02
   1.0410000e+03
   8.6300000e+02
   7.5300000e+02
   7.3100000e+02
   1.0510000e+03
   9.0300000e+02
   1.0110000e+03
   1.0010000e+03
   1.0570000e+03
   7.6700000e+02
   9.9900000e+02
   7.9100000e+02
   7.9900000e+02
   1.0170000e+03
   8.4100000e+02
   8.0300000e+02
   8.0900000e+02
   8.1700000e+02
   6.2800000e+02
   6.3200000e+02
   9.9500000e+02
   8.3100000e+02
   1.0050000e+03
   6.4600000e+02
   6.4800000e+02
   8.5700000e+02
   6.5200000e+02
   8.5500000e+02
   6.6400000e+02
   9.0100000e+02
   6.6800000e+02
   6.7200000e+02
   8.6700000e+02
   1.0270000e+03
   1.0190000e+03
   9.0500000e+02
   6.8800000e+02
   6.9200000e+02
   8.8100000e+02
   6.9600000e+02
   8.8700000e+02
   7.0000000e+02
   9.2900000e+02
   1.0130000e+03
   1.0030000e+03
   9.2500000e+02
   7.2400000e+02
   9.3300000e+02
   1.0390000e+03
   7.3000000e+02
   1.0090000e+03
   1.0490000e+03
   7.3600000e+02
   1.0550000e+03
   1.0430000e+03
   9.7300000e+02
   9.6700000e+02
   7.5200000e+02
   7.5600000e+02
   1.0310000e+03
   1.0350000e+03
   1.0250000e+03
   1.0070000e+03
   7.7200000e+02
   1.0230000e+03
   7.8400000e+02
   7.8600000e+02
   7.8800000e+02
   7.9200000e+02
   7.9400000e+02
   7.9800000e+02
   8.0000000e+02
   8.0200000e+02
   8.0400000e+02
   8.0600000e+02
   8.0800000e+02
   8.1000000e+02
   8.1200000e+02
   8.1600000e+02
   8.2000000e+02
   8.2200000e+02
   8.2600000e+02
   8.3000000e+02
   9.8300000e+02
   8.4000000e+02
   8.4200000e+02
   8.4600000e+02
   8.5000000e+02
   8.5200000e+02
   8.5600000e+02
   8.5800000e+02
   8.6600000e+02
   8.7200000e+02
   8.8000000e+02
   8.8200000e+02
   8.8400000e+02
   8.8600000e+02
   8.8800000e+02
   8.9600000e+02
   8.9800000e+02
   9.0200000e+02
   9.1200000e+02
   9.2000000e+02
   9.2400000e+02
   9.2800000e+02
   9.3200000e+02
   9.3400000e+02
   9.3600000e+02
   9.4000000e+02
   9.5400000e+02
   9.6000000e+02
   9.6200000e+02
   9.6600000e+02
   9.7000000e+02
   9.7200000e+02
   9.7400000e+02
   9.8200000e+02
   9.8400000e+02
   9.8800000e+02
   9.9200000e+02
   9.9400000e+02
   9.9600000e+02
   9.9800000e+02
   1.0020000e+03
   1.0040000e+03
   1.0060000e+03
   1.0080000e+03
   1.0100000e+03
   1.0120000e+03
   1.0140000e+03
   1.0160000e+03
   1.0180000e+03
   1.0200000e+03
   1.0220000e+03
   1.0240000e+03
   1.0260000e+03
   1.0280000e+03
   1.0300000e+03
   1.0320000e+03
   1.0340000e+03
   1.0360000e+03
   1.0380000e+03
   1.0400000e+03
   1.0420000e+03
   1.0440000e+03
   1.0460000e+03
   1.0480000e+03
   1.0500000e+03
   1.0520000e+03
   1.0540000e+03
   1.0560000e+03
   1.0580000e+03
   1.0600000e+03
