   3.7103561e+01   1.1600540e+01
   2.3602002e+01  -1.3309645e+01
  -2.5817337e+01  -1.7958079e+01
   4.0682174e+00   2.7284818e+01
   3.7328837e+00  -2.9680659e+01
  -2.1781099e+00   6.2164760e+00
  -6.5574975e+00  -2.8154736e+00
   3.9142804e+00  -1.9682390e+01
  -1.3243183e+01  -1.8678988e+01
   2.3513916e+01  -3.3100587e+00
   3.5826171e+00  -1.9565794e+00
   2.0520830e+01   3.4075657e+01
   1.4928090e+01  -1.8285822e+01
  -1.9085606e+01  -1.0563241e+01
  -4.9629984e+00  -2.4285921e+01
  -3.5564174e+01   4.1317201e+00
   2.1402462e+01   1.8351913e+01
   1.3580449e+01  -2.1590761e+00
   1.6834022e-01   1.8076618e+01
   1.0716060e+01   1.7031380e+01
  -6.0005157e+00   2.6000387e+01
   1.3622660e+01  -2.8200126e+01
   2.3322654e+01  -2.3719787e+01
  -2.4296386e+00  -1.1923753e+01
  -6.6660733e+00  -3.4139799e+01
   2.1784811e+00  -3.9559065e+01
   8.3751039e+00  -1.0732664e+01
  -1.5270521e+01  -2.8471322e+01
  -2.5651039e+01   2.8165162e+00
  -2.8521357e+01  -7.2516942e+00
  -1.6379366e+01  -9.3642584e-01
   2.7219774e+01   1.0081128e+01
   1.7725720e+01   6.9412608e+00
   7.7407737e+00   7.4843348e+00
  -1.9450384e+00   3.5274858e+01
   3.2299011e+01   1.4671102e+00
  -1.2864231e+01   3.3272898e+01
   1.4034526e+01   2.6464656e+01
