   3.1122601e+01   5.3486087e+01
   7.8755752e+01  -3.8983500e+01
  -3.8553646e+01   1.9984226e+01
   3.2102723e+01   3.8919631e+01
  -8.8022565e+01  -5.1520626e+01
   8.7716383e+01   2.6663310e+01
   4.4053213e+01   5.6957438e+00
   8.4135320e+00   7.9721152e+01
  -3.6363901e+01  -8.8590760e+01
  -6.4165193e+01   3.0991346e+01
  -7.2894943e+01  -5.2666899e+00
   2.1696519e+01  -8.8635103e+01
  -2.6997136e+01  -2.8594333e+01
  -3.0814011e+01  -4.9852038e+01
   2.8550759e+01  -1.6273505e+01
   1.6639970e+01  -1.7272225e+01
  -3.3489974e+01   4.8893886e+01
   2.8983583e+01  -6.6310717e+01
  -6.3262552e+01  -7.9573052e+00
  -5.5436951e+01  -1.7282725e+00
   7.1180866e+00  -6.8958555e+01
  -4.2441306e+01  -7.0021242e+01
   5.3176331e+01   2.2969625e+01
  -5.9415844e+01  -1.7131042e+01
  -1.3677756e+00   7.1443651e+01
  -3.5073058e+01   9.2407258e+01
   1.1989700e+01   1.5303790e+01
   5.0433714e+01   7.4952708e+01
   5.8879398e+01  -2.9116314e+01
  -2.8487267e+01   2.0562664e+01
   4.6708652e+01   4.1098840e+01
   4.8398705e+01   6.1937650e+01
   4.3292266e+01  -5.2487451e+01
   3.1502848e+01  -8.6677435e+01
   3.2187076e+01  -3.5093672e+01
  -4.6547727e+01   1.3704886e+01
  -9.4672480e+01   2.2671070e+01
  -7.6233988e+01   3.4878677e+01
  -4.5286197e+00  -6.3387417e+01
  -2.1408765e+01  -9.0810530e+01
   7.1316615e-02  -4.0544120e+01
  -4.4263873e+01   3.2162539e+01
  -4.0669772e+01   5.6486179e+00
  -3.3300646e+01  -5.9529927e+01
   1.3570169e+01  -5.4817529e+01
   3.7042423e+01   1.6813411e+01
  -1.9849751e+01   7.2473043e+01
  -5.9985405e+01  -4.5648036e+01
   2.4784758e+01   8.6285715e+01
   6.8250787e+01  -1.2645265e+01
   7.7681918e+01  -8.6367501e+00
  -2.1694382e+01   4.5621269e+01
   6.6340570e+01  -2.2460347e+01
  -3.7016677e+01   5.8237614e+01
   1.2421821e+01   6.0316339e+01
  -6.7241106e+00   5.8656494e+01
  -1.7964859e+01  -1.1266580e+01
   1.3335590e+01   2.5207124e+01
  -7.7350658e-01  -1.5962711e+01
   3.6059145e+01  -2.2869248e+01
   5.0748105e+01  -3.4933217e+01
  -4.5089227e+01  -8.3629165e+01
  -6.6721991e+01   2.1373365e+01
  -6.6493513e+01   5.0094070e+01
   9.5385363e+00  -3.6159285e+01
  -7.4380387e+01   1.4950385e+01
  -9.0805490e+01  -2.9065535e+01
  -3.9539653e+01  -1.1062964e+01
  -7.5313337e+01   4.4848789e+00
   5.6378272e+00  -7.8846795e+01
  -8.8950876e+01  -1.0591187e+01
   5.0872602e+01  -5.9006397e+01
   8.0729291e+01   8.8736584e-01
  -2.2486564e+01  -6.6365797e+01
  -1.7326529e+01  -2.6092293e+01
  -5.6373327e+01  -6.7118679e+01
  -3.3337626e+00   9.4544722e+01
  -8.2910715e+00  -3.0370625e+01
   8.2950954e+00  -1.1769013e+01
  -4.3618047e+01   8.7212894e+01
  -1.0682362e+01   6.7822695e+01
   6.2946983e+01   4.3928733e+01
   6.0751027e+01   1.6447017e+01
  -8.6595987e+01  -3.8176214e+01
   1.8938897e+01   8.1164321e+00
  -1.6293807e+01   3.5012070e+01
   2.9114252e+01   6.4629537e+01
   9.2096727e+00   6.9766787e+01
   8.9606090e+01  -3.7169342e+00
   8.4717364e+01  -3.0954945e+01
  -4.3668572e+01   4.9613254e+01
  -5.0167976e+01   7.1582471e+01
  -5.7055323e+01  -3.6096437e+01
  -3.0377859e+01  -3.9864884e+01
   2.3291641e+01   3.2415752e+01
   5.7365599e+01   5.2225849e+01
   3.8418890e+01   4.6669358e+01
  -8.0224107e+00   7.2531610e-01
   5.2838091e+01   8.5220298e-02
   6.0083687e-01   2.6854859e+01
   5.8981734e+01  -4.0958721e+01
   3.9203851e+01  -4.2318156e+01
   4.2986761e+01  -8.2479065e+01
   5.7493086e+01  -5.1254563e+01
   3.3414349e+01  -5.0953488e+01
   4.9565290e+01  -2.4861457e+01
  -5.9855993e+01  -7.9774743e+01
  -2.7925187e+01  -8.3226080e+01
  -7.8970436e+01   4.4486737e+01
  -1.3009602e+01  -6.9940834e+01
  -1.9987557e+01  -3.5720092e+01
  -7.6065238e+01   2.4892982e+01
  -6.7823799e+01   4.0246389e+01
  -5.4232949e+01   3.1872698e+01
  -5.7319790e+01   1.7971569e+01
  -8.3317621e+01   1.0474037e+01
  -2.4335998e+01  -1.8965155e+01
  -5.4926233e+01   8.2568145e+00
  -8.6094182e+01  -2.0249135e+01
  -7.9242080e+01  -1.2978086e+01
  -6.5721189e+01   1.6756329e+00
  -4.6198622e+01  -1.9538889e+01
  -5.5441067e+01  -2.6255854e+01
  -3.4669846e+01  -2.3326261e+00
   4.9394009e+01  -7.4801431e+01
   1.6983169e+00  -2.9953188e+01
  -6.4971088e+01   1.1578236e+01
  -8.4990493e-01  -9.4830662e+01
  -3.4922889e+00  -5.3442215e+01
   7.9387749e+00   3.3619173e+01
  -8.2600296e+01  -2.8665903e+00
   1.4563784e+01  -4.4869142e+01
  -1.7805173e+01  -1.2751484e+00
  -4.8949452e+01   2.3383649e+01
  -1.2886556e+01  -5.0040939e+01
   8.9351934e+01   6.2797167e+00
  -1.9552208e+01   8.2458094e+01
   8.8592534e+01   1.6250639e+01
  -1.4220466e+00   8.1502560e+01
  -4.3284478e+01  -6.0057133e+01
   2.4538607e+01  -7.6694052e+01
  -1.1813357e+01  -8.7995789e+01
   4.6226194e+00  -5.9277848e+01
  -4.4933834e+00  -7.5180972e+01
   4.4522698e+01  -5.4667464e+00
   2.5475650e+01   5.5362233e-01
  -3.8072114e+01   6.8505111e+01
  -2.9700645e+01   7.4182621e+01
   4.7401951e+01   3.1127410e+01
  -7.6656942e+01  -3.7134053e+01
  -6.2924974e+01  -5.6484320e+01
   7.1225836e+01   4.9535005e+01
   7.9658350e+01   2.0741903e+01
   3.6772127e+01   8.8221287e+01
  -4.3371673e+00   3.6542075e+01
  -1.9134488e+01   6.2515757e+01
  -1.0707145e+01   7.7804659e+01
   5.0732740e+00   8.9137731e+01
   6.2088435e+01   3.8817737e+00
   1.9543626e+01   6.8237573e+01
  -2.9027571e+01   3.8842584e+01
  -2.5505166e+01   5.4852113e+01
   2.7446794e+01   7.4487814e+01
  -5.3323484e+01   5.5585241e+01
   8.3998244e+01  -1.6389090e+01
   9.3395859e+01  -1.2970875e+01
  -6.5719262e+01  -2.4877419e+01
  -3.4416719e+00   4.9228871e+01
  -4.6218875e+01  -3.0052685e+01
   5.8545291e+00   5.2806633e+01
   2.2020500e+01   5.7584484e+01
   7.0926646e+01   6.6566124e+01
   2.4275816e+01   4.5129501e+01
   5.7967928e+01   6.4836505e+01
   4.6844259e+01   5.2054828e+01
  -3.8871259e+01   4.0522320e+01
  -8.1761862e+00  -9.2547376e+00
   5.3039232e+01   1.0082530e+01
   2.3764857e+00  -3.3814881e+00
   9.2377554e+00   5.6988742e+00
  -2.9004399e+01   6.4213429e+01
   2.1412210e+00   1.6992776e+01
  -7.9165467e+01  -2.7456843e+01
  -3.6628013e+01  -7.8302115e+01
  -8.6151207e+01   3.6079787e+01
  -4.8845954e+01   4.1041147e+01
   2.6444613e+01  -2.6907108e+01
   6.8980586e+01  -4.1091396e+01
   5.7439653e+01  -1.7782216e+01
   6.7882015e+01  -5.1030805e+01
   4.9785058e+01  -4.4884638e+01
   3.4527544e+01  -7.7146437e+01
   5.1784007e+01  -8.7233678e+01
   2.6765772e+01  -4.3495976e+01
   4.1436554e+01  -3.1295334e+01
   4.7831747e+01  -1.5009468e+01
  -5.0840320e+01  -7.5448466e+01
   2.2920747e+01  -5.8358896e+01
  -5.4913893e+01  -8.8487888e+01
  -3.1782556e+01  -9.7479567e+01
   7.1014683e+01  -3.1300566e+01
  -3.2001392e+01  -6.9440187e+01
  -2.0791311e+01  -7.6219960e+01
  -7.5407338e+01   5.4299973e+01
  -1.3930594e+01  -5.9984936e+01
  -8.4954168e+01   2.0335071e+01
  -8.5039793e+01   5.4003432e+01
  -9.5805237e+01  -1.7873874e+01
  -2.3261751e+01  -5.6397932e+01
  -9.0387047e+01   3.4063146e+00
  -9.9580762e+00  -4.0230095e+01
   5.6195277e+01  -6.7470917e+01
  -8.8699916e+01   4.5718633e+01
  -3.4731889e+01   2.9220584e+01
   3.6970737e+01  -6.0294139e+01
   4.0935124e+01  -6.9470850e+01
  -9.6112114e+01   3.2595344e+01
   1.0980784e+01  -9.0503784e+01
  -3.2583199e+01   1.1480479e+01
   2.9405807e+01   2.4505029e+01
  -1.0709282e+01   8.7796707e+01
   7.3838653e+00  -2.1727686e+01
  -6.9615073e+01  -1.5671765e+01
   1.5726348e+01  -2.7223927e+01
   2.1488445e+01   1.8406928e+01
   1.3586966e+01  -3.2921763e+00
  -2.1805136e+01  -4.5540982e+01
   1.9787260e+01  -3.6347758e+01
   6.9125401e+01   1.0985940e+01
  -5.3000133e+01  -5.7697124e+01
   5.4495341e+00  -4.8974646e+01
   9.9146940e+01   4.2653745e+00
   9.8163600e+01   1.9147355e+01
  -6.6349499e+01  -6.5879249e+01
  -1.4212542e+01  -9.7753822e+01
   3.8021354e+01  -1.3063936e+01
   1.5437373e+01  -8.0836402e+01
  -2.2935653e+00  -8.4935731e+01
   2.1929102e+01  -8.7906903e+00
  -3.6224728e+01  -2.0494154e+01
  -1.0283461e+01  -1.9019472e+01
  -3.8720524e+01   7.8495299e+01
  -2.9401325e+01   8.4174284e+01
   1.7056493e+01  -7.0060224e+01
   7.6370665e+01  -2.2855872e+01
  -2.2777891e+01   9.1916741e+01
  -7.7260777e+01  -5.6602938e+01
  -6.9438099e+01  -4.8897508e+01
   5.5795946e+01   3.6941998e+01
   3.7429408e+01   3.0463656e+01
   7.6585135e+01   5.7976789e+01
   6.1403208e+01   2.8666039e+01
   6.9661930e+01   2.0982382e+01
   4.1919606e+01   6.9678978e+01
   3.1787764e+01   8.3066650e+00
   3.6722044e+01   7.8221796e+01
   7.9121507e+01   1.0756773e+01
   3.5135935e+01  -2.0227321e+00
  -1.1857105e+01   4.3919115e+01
   1.4113123e+01   9.3409624e+01
   3.8559507e+01   6.0165251e+01
  -1.5189969e+01   5.3334999e+01
  -4.6070746e+01   6.2464394e+01
   1.8349540e+01   7.8632577e+01
  -2.4773247e+01   2.9806072e+01
  -5.7261467e+01   4.6397366e+01
  -6.6950953e+01  -3.4791055e+01
  -4.5527430e+01  -3.0590969e+00
  -2.7821562e+01  -9.6020598e+00
  -9.3252757e+00   2.7875797e+01
   9.1192573e+01  -2.3334522e+01
  -5.1491340e+01  -1.1058299e+01
   6.0732561e+01  -6.0522498e+00
   6.9987725e+01  -2.2496990e+00
  -3.6414885e+01  -3.1901740e+01
   2.6018936e+00   6.2262147e+01
   6.5434122e+01   5.8184524e+01
   1.6107292e+01   3.9366502e+01
   4.3102434e+00   4.2927212e+01
   1.5209039e+01   4.9321384e+01
  -7.9211899e+01  -4.6796601e+01
  -2.6563919e+01   3.5162361e+00
  -6.0522582e-01   7.3966902e+00
  -9.6679641e+01   4.1962520e+01
