   4.0944107e+01   9.1752693e+00
   2.8639686e+01  -1.0217118e+01
  -2.5355662e+01  -2.2316708e+01
   7.4277476e-01   2.2612041e+01
   4.9795859e+00  -3.0396568e+01
   1.4190535e+00   1.2857801e+01
  -4.2927098e+00  -4.7042839e+00
   2.7008907e+00  -2.1009573e+01
  -1.5974635e+01  -2.2081474e+01
   2.4541305e+01  -1.2012583e+00
   4.6765055e+00  -7.9424381e-01
   2.3474673e+01   4.2026372e+01
  -3.7021492e+01   8.8368817e+00
   1.4685604e+01   1.6026454e+01
  -1.1493866e+01   2.8583921e+01
   3.0526666e+01  -2.5164264e+01
  -3.7260735e+00  -1.3844920e+01
  -1.8121785e+01  -4.3014399e+01
   7.5623801e-01  -4.6653274e+01
  -2.3423855e+01  -3.2106702e+01
  -2.8673423e+01   8.8412553e+00
  -3.6318728e+01  -9.7529529e+00
  -1.3123955e+01  -7.5849882e-01
   2.9067479e+01   1.0785309e+01
   1.9689604e+01   7.4287180e+00
   9.7757820e+00   7.5402967e+00
   5.2459016e+00   3.8810562e+01
   3.3943119e+01   2.0632215e+00
  -2.1491361e+01   2.8770422e+01
   1.6216946e+01   3.5183571e+01
   2.3181442e+01  -3.1793352e+01
   1.8661579e+01  -1.0683537e+01
  -2.6226557e+00  -3.5780024e+01
  -4.0758015e+01   1.3317822e+00
   8.0506271e+00  -3.9878113e+01
  -1.4298719e+01  -1.0670242e+01
  -3.1518596e+01  -7.6397434e-01
  -1.3425655e+01  -3.2018874e+01
  -2.6933726e+01  -1.2578898e+01
  -3.4953661e+01  -2.3271300e+01
   3.6249642e+01   1.8000616e+01
  -2.2346300e+01  -3.8439227e+00
   1.4588639e+01  -1.2184690e+00
   8.2365288e+00   2.9168519e+01
  -6.0733638e+00   4.1216477e+01
   4.3292985e+01  -1.4257587e+00
  -3.6149297e+00   4.6235725e+00
   2.6441688e+01   2.0428304e+01
  -1.5457610e+01   3.7764554e+01
   1.7679176e+01   2.5373979e+01
   2.6172253e+01   3.0544948e+01
  -2.1262767e+00   3.2076545e+01
   2.4399714e+01  -4.1625642e+01
   2.1581102e+01  -2.0372799e+01
   3.6020215e+01  -1.6870181e+01
   1.4200759e+01  -2.8075575e+01
   1.1949742e+01  -1.8397493e+01
  -6.6850333e+00  -2.3021948e+01
  -8.4759090e+00  -4.3188624e+01
  -4.5129295e+01  -5.4589650e+00
  -4.3460372e+01   1.2103071e+01
