  -7.2911999e+01   9.1351793e+01
   5.6725128e+01  -1.7795405e+01
   4.9898806e+01  -5.6295339e+01
  -5.2236825e+01   2.1450729e+01
  -6.9459512e+01   4.0528298e+01
   2.9456375e+01  -8.4995630e+01
   9.1997430e+00  -5.1957271e+01
   4.2253101e+01  -5.0555727e+01
  -4.0418112e+01   6.4511671e+01
  -8.8397677e+01   7.3045742e+00
  -7.6653717e+01   7.4386526e+01
  -4.4769777e+01   8.7445617e+00
  -7.7441336e+01   3.4050910e+01
  -9.6193987e+01   1.0617378e+00
   1.5462318e+01  -8.0383637e+01
   5.9485615e+01  -9.0599615e+01
   5.6411257e+01  -4.8773650e+01
   2.4493604e+00  -6.1805979e+01
   7.1923020e+01  -6.7571361e+01
  -3.4905168e+01   4.3816512e+01
  -9.0981567e+01  -1.4639030e+01
  -4.1569688e+01   3.6786816e+01
  -9.0010137e+01   2.1172733e+01
   5.4826656e+01  -3.8768597e+01
   4.3803311e+01  -2.7570128e+01
   3.6580690e+01  -7.8140997e+01
   1.8994994e+01  -2.4973480e+01
  -6.9424188e-01  -5.0510423e+01
   6.2490424e+01  -6.6148402e+01
   1.3392976e+01  -6.1034759e+01
   4.6048692e+01  -7.5596874e+01
  -8.8132553e+01   3.1030637e+01
  -5.6887669e+01   4.8935394e+01
  -8.1029167e+01   1.4467027e+00
  -6.6618414e+01   5.0042585e+01
  -9.3685256e+01   8.5387823e+01
  -5.2998876e+01  -1.4846321e+01
  -7.6911253e+01   8.3678750e+01
  -9.7499634e+01   1.0860585e+01
  -5.9251280e+01  -9.5821937e-01
  -7.6899281e+01   4.5542906e+01
  -4.3498953e+01   1.8287047e+01
  -6.3222811e+01   3.3524167e+01
   4.7670562e+01  -8.6709985e+01
   2.8308968e+01  -9.5227965e+01
   2.6276012e+01  -1.8120733e+01
   4.6830231e+00  -2.2917725e+01
   3.3490456e+01  -4.4591862e+01
   3.9104971e+01  -5.9018073e+01
   3.7462455e+01  -6.8360260e+01
   1.9835106e+01  -3.4931388e+01
   4.5863146e+00  -3.8846570e+01
   7.9653668e+01  -5.2605598e+01
  -9.5822707e+01   4.2940272e+01
   2.3096062e+01  -6.3956816e+01
   2.7554163e+01  -7.3924567e+01
   2.1835418e+00  -7.1891655e+01
   5.4870353e+01  -7.1651042e+01
   5.6067168e+01  -8.1347761e+01
   4.7049229e+01  -6.5661331e+01
  -2.8019653e+01   5.0794187e+01
  -4.2453519e+01   5.4793248e+01
  -8.4407592e+01   5.7904777e+01
  -7.4276191e+01  -4.4487784e+00
  -8.4154251e+01  -2.1906896e+01
  -4.6376773e+01  -7.6094025e+00
  -2.3679445e+01   2.8402034e+01
  -3.5692201e+01   2.4233293e+01
  -6.8321459e+01   7.9494208e+01
  -7.5460460e+01   5.4280286e+01
  -7.2516480e+01   1.7268456e+01
  -6.7794128e+01   8.5109789e+00
   7.3778871e+01  -2.6422599e+01
  -8.0517964e+01   2.4654601e+01
   6.7510547e+01  -4.8408362e+01
  -6.2714237e+01   2.3928987e+01
  -5.5231069e+01   3.9239208e+01
   6.9389862e+01  -9.0573874e+01
  -7.0937326e+01   2.7055530e+01
   5.1452107e+01  -9.6210407e+01
  -8.5427927e+01   8.0466114e+01
   4.2666990e+01  -1.7634929e+01
   3.4279367e+01  -2.4116152e+01
   2.3546871e+01  -4.4201353e+01
   1.3879177e+01  -1.6383480e+01
   1.0680454e+01  -3.0917968e+01
   1.3656713e+01  -4.3012338e+01
  -1.1856683e+01  -4.7419313e+01
   1.9986558e+01  -5.3530361e+01
  -9.5699793e+01   5.2937502e+01
   7.0978275e+01  -5.7167820e+01
  -5.3607032e+00  -3.9817954e+01
   2.0372553e+01  -8.9093791e+01
   2.9556743e+01  -5.6323534e+01
   6.4494486e+01  -7.5764181e+01
   1.2139184e+01  -7.0952929e+01
  -9.2919092e+01   6.2589896e+01
  -9.7869895e+01   3.3154952e+01
  -5.7789903e+01   8.2333438e+00
  -5.2042028e+01   5.7470813e+01
  -4.5934083e+01   4.5552523e+01
  -5.0060802e+01   6.7172380e+01
  -2.5398201e+01   4.0760092e+01
  -8.2175985e+01   1.4947670e+01
  -6.1958436e+01  -1.8985797e+01
  -3.2211923e+01   3.3511698e+01
  -8.7853535e+01   9.3553744e+01
  -8.1080914e+01  -1.0584743e+01
  -5.0422908e+01   1.1586166e+00
  -8.8684697e+01  -4.9395712e+00
  -3.5116220e+01   1.3202227e+01
  -7.4885283e+01  -1.8020020e+01
   6.7374953e+01  -3.3129460e+01
  -8.6904838e+01   7.1076400e+01
  -7.9408334e+01   6.5507916e+01
  -4.5109061e+01   2.7933636e+01
   6.0344546e+01  -2.6736004e+01
   6.1225979e+01  -5.6916586e+01
  -5.8974330e+01   8.1466441e+01
  -6.6131807e+01  -5.5032025e+00
  -6.7286964e+01   9.8481790e+01
   4.3411385e+01  -4.1756693e+01
   6.3354530e+01  -4.0881438e+01
   4.1714510e+01  -9.5789519e+01
  -8.3805717e+01   4.1248221e+01
  -5.8637798e+01   2.4142453e+01
