  -2.3549788e+01  -2.7317067e+01
   3.5331357e+01   5.3843746e+01
   6.5524895e+01  -3.9196298e+01
  -8.0601208e+00  -4.1181989e+01
  -3.7087930e+00  -5.6654956e+01
  -2.9814979e+01   1.0681227e+01
  -9.2819718e+00  -9.5922884e+00
   1.8526700e+01   3.9705759e+01
   4.0379163e+01   5.6353892e+00
   1.2398282e+01  -4.2985689e+01
  -3.5406592e+01  -9.0534034e+00
  -6.9822055e+01  -4.2164783e+01
   5.1359278e+01   4.3245205e+01
   5.6795025e+01  -1.2386224e+01
   2.2350050e+01  -4.3419474e+01
  -3.8648816e+01   1.4881994e+01
   7.9319243e+01   1.6832188e+01
   3.3414110e+01   2.9120081e+01
   4.1886082e+01   2.3835370e+01
   4.1626956e+01  -6.5021047e+00
   6.9692708e+01   1.0934609e+00
   9.6719899e+00   7.8300415e+01
  -5.1687158e+01   3.7566562e+01
   2.6465636e+01  -6.2688658e+01
   2.6636960e+01  -1.7682326e+01
  -3.2814361e+01  -7.6929528e+01
   2.1209200e+01  -3.3503994e+01
  -5.2478602e+01   2.8473972e+01
  -6.4356049e+01   2.6033307e+01
  -6.7651254e+01  -6.7867917e+00
   3.6775772e+00  -3.8132024e+01
  -2.6953449e+01  -1.7979384e+01
   2.1223640e+01  -7.6255291e+01
  -3.2552718e+01  -2.9282886e+01
  -2.9623078e+01  -4.6519953e+01
  -2.6656619e+00   4.2980808e+01
   2.2891045e+01  -5.5990925e+00
   3.3677973e+00   5.5378488e+01
   1.1958027e+01   3.1360142e-01
  -3.6271691e+01   3.9827832e+01
   4.2211596e+01   4.6737870e+01
  -1.3686086e+01   5.8531023e+01
   3.7975355e+01  -3.1719920e+01
   3.6758494e+01  -4.7301129e+01
   2.5967403e+01  -5.2705632e+01
   1.7001737e+01  -5.7055872e+01
  -1.3072255e+01  -5.3573392e+01
  -6.0715294e+01   1.1226217e+01
  -6.4293339e+01  -1.6121982e+01
  -5.5452468e+01   1.8478748e-01
  -4.3533816e+01  -4.3180570e+00
   1.4390042e+00  -8.6108565e+01
  -4.3427881e+00  -2.2016205e+01
   7.0260995e+00  -6.2016938e+01
   5.6367543e+01   1.5160642e+01
   7.3941360e+00   2.2656587e+01
  -3.9553893e+01  -6.9378035e+01
   5.5657977e+01   3.4553959e+01
  -5.0395627e+01  -2.1730180e+01
  -5.6083571e+00   3.3936352e+01
  -3.5599803e+00   7.3298986e+01
  -2.4752680e+01   7.4254671e+01
  -5.8723753e-02   1.5051767e+01
   8.5153682e+01  -1.6860922e+01
   3.8848228e+01   6.8338456e+01
   5.4793108e+01  -2.3122370e+01
  -2.2448158e+01   2.6859950e+01
  -2.7450188e+01   4.4588392e+01
   1.4917824e+01   5.0390776e+01
   3.6653493e+01   3.8468182e+01
   5.0351944e+01   5.5472627e+01
   1.0773031e+00  -3.3129396e+00
   4.8005200e+01  -3.0610555e+01
   5.1075984e+01  -4.6438205e+01
   3.6743015e+01  -7.8965602e+01
  -2.1296395e+01  -7.2811669e+01
   2.9044195e+01  -2.7314826e+01
   9.0746138e+00  -1.9355436e+01
  -4.5308061e+01   2.1990175e+01
  -2.1215686e+01  -6.2511048e+01
  -7.4182808e+01   2.4651087e+01
  -1.8479518e+01  -1.2975223e+01
  -2.6170059e+01  -7.1755962e+00
  -6.7994863e+01   3.5164911e+01
  -7.1693333e+01  -2.2832815e+01
  -3.5834729e+01   2.7436330e+00
  -5.0669846e+01   1.2690640e+01
  -4.5435674e+01  -1.3664323e+01
  -1.7265991e+01  -4.4691868e+01
  -5.5322132e+01  -1.1708820e+01
  -1.1344844e+01  -6.3317275e+01
  -1.3158869e+01  -8.2486812e+01
  -2.8488878e-01  -4.7296440e+01
  -3.6826356e+01   2.7148874e+01
   3.4909121e+01  -5.7116786e+01
   6.1717795e+01   6.8771569e+00
   8.7627270e+00  -7.1926087e+01
  -1.9112579e+00  -6.6449998e+01
  -4.5578641e+01   4.7573338e+00
  -3.2976051e+01  -5.5542534e+01
   8.3730259e+00  -5.2124724e+01
  -2.3295208e+01  -3.7157777e+01
   3.0331778e+01   7.8209526e+00
   2.1710362e+01   1.2242933e+01
   5.0261493e+01   7.2553631e+00
  -3.9612580e+00   6.3021043e+01
   5.7371485e+01   2.4951828e+01
  -2.3718757e+01   6.1062964e+01
   4.5744713e+01   3.4745502e+01
  -5.9915472e+01  -4.3518634e+01
  -5.9692634e+01  -2.4907834e+01
   3.4211355e+00   3.3511569e+01
   2.5237696e+01   7.1085009e+01
   6.0697047e+01  -3.1976321e+00
   4.8050863e+00   6.7934241e+01
   7.4892894e+01  -7.2874117e+00
  -1.8718783e+01   4.9912628e+01
   6.6993594e+01  -2.2054931e+01
  -1.9900420e+01   3.6654628e+01
  -3.8093266e+01   4.9508824e+01
   7.0115914e+01   1.2862667e+01
  -4.1348635e+01  -2.6571014e+01
  -3.1848488e+01   5.6257914e+01
   1.1662802e+01   3.1381939e+01
   5.6283759e+00   4.6835012e+01
  -5.9505059e+00   5.2328629e+01
   1.1435024e+01   6.0558645e+01
   4.2958260e+01   5.9824271e+01
  -1.6864732e+01  -3.1628023e+00
  -2.3996613e+00   2.4571345e+01
  -7.8265016e+00   8.9270444e-01
   3.1244336e+01  -3.8979195e+01
   4.1905119e+01  -2.2727380e+01
   4.7328934e+01  -1.4586023e+01
   5.7701016e+01  -3.2982807e+01
   4.3518081e+01  -3.9949102e+01
   3.3889372e+01  -6.9383222e+01
  -4.4505065e+01  -7.8039661e+01
  -2.9796735e+01  -6.7423260e+01
  -2.9208233e+01   3.3493064e+01
   1.8305425e+01  -2.3959676e+01
  -5.6700956e+01   2.0063910e+01
  -6.0454197e+01   4.1401663e+01
   4.4358027e+00  -2.8178496e+01
  -6.9736196e+01   1.5611327e+01
  -7.7815978e+01   3.4226307e+01
  -8.1452997e+01  -2.0670307e+01
  -2.4942601e+01   2.4271166e+00
  -6.6063614e+01   2.9807035e+00
  -2.3081291e-01  -7.6270237e+01
  -7.6155199e+01  -1.2007617e+01
  -2.9637848e+01   2.0374083e+01
   4.2249316e+01  -6.3882529e+01
  -4.7971893e+00  -3.1868599e+01
  -6.2727791e-02  -1.3148184e+01
   7.7949109e+01   6.6449457e+00
   1.7452546e+01  -6.7010848e+01
  -2.2816188e+01  -5.2936551e+01
  -1.5431261e+01  -2.2287971e+01
  -4.1918329e+01  -5.9686292e+01
   1.7105046e+01   2.0391202e+01
  -9.7083495e+00  -7.3124564e+01
  -1.2521764e+01   7.7661213e+01
  -1.4621672e+01  -3.2883447e+01
   3.2992936e+01  -1.6772950e+00
   1.7515955e+01  -1.4021384e+01
   3.6053183e+01  -1.4697896e+01
   8.9952494e+00  -9.1860952e+00
  -3.3301210e+01   6.6170627e+01
   2.8178292e+01   2.0672400e+01
  -1.6925038e+01   6.8010933e+01
   6.1746194e+01   4.2392428e+01
   6.6979939e+01   2.2338345e+01
  -7.3132325e+01  -3.2723960e+01
   2.9913529e+01   4.5605579e+01
  -6.3255685e+01  -3.4142841e+01
   3.9262638e+00   6.1225885e+00
   3.7074495e+01   1.5104374e+01
  -1.3195166e+01   2.8742727e+01
   3.0762280e+01   6.2606570e+01
   2.1018356e+01   6.2045235e+01
   1.4902425e+01   6.9874447e+01
   5.0772952e+01  -2.7093601e+00
  -1.2165582e+01   4.2554859e+01
   8.4688853e+01  -6.8759328e+00
   7.8078789e+01  -2.3923841e+01
  -4.5190524e+01   4.3793567e+01
   6.6485560e+01  -1.2151241e+01
  -4.6465825e+01   5.5071185e+01
  -4.9628371e+01  -3.1142327e+01
  -3.6702624e+01  -1.8386404e+01
  -3.2499629e+01  -3.8011381e+01
   1.0176143e+01   4.0388127e+01
   1.9542856e+01   2.9217722e+01
   5.7310027e+01   5.0845724e+01
