  -7.4338046e+01   2.6777703e+01
  -7.3408466e+01   8.3056949e+01
   6.0697911e+01  -2.9470229e+01
   4.6552056e+01  -5.1742302e+01
  -7.1100454e+01   1.7349393e+01
  -9.2374005e+01   1.9380911e+01
  -5.4116506e+01   2.2798576e+01
  -6.2609230e+01   4.2718516e+01
  -9.8745626e+01   5.4929748e+01
   2.8430065e+01  -8.6305558e+01
   1.7514235e+01  -4.9384291e+01
   3.8230122e+01  -4.6265316e+01
  -4.8204555e+01   5.2416939e+01
  -8.5105563e+01   9.3506046e+00
  -7.9839483e+01   6.5991671e+01
  -5.5380419e+01   6.0018225e+00
  -7.6459074e+01   3.6520197e+01
  -9.3007952e+01  -2.8034308e-01
  -9.9752936e+01   2.6688566e+01
   2.0160944e+01  -8.0686766e+01
   2.7830345e+01  -3.3294230e+01
   6.1594414e+01  -8.8319625e+01
   5.5694269e+01  -5.5662031e+01
   7.8423532e+00  -5.2351992e+01
   2.7451603e+00  -6.2818986e+01
   6.7976423e+01  -7.1116445e+01
   3.8198537e+01  -3.6189310e+01
  -4.1192661e+01   4.5291024e+01
  -8.4448329e+01  -9.2543001e+00
  -8.0319986e+01   5.6070056e+01
  -8.8974039e+01   6.9455537e+01
  -6.0756859e+01   1.4852040e+01
  -6.3972585e+01   2.4301417e+01
  -5.7032462e+01   3.4106402e+01
  -3.9090963e+01   3.5515929e+01
  -8.1004163e+01   1.8404993e+01
   6.3217605e+01  -3.9139738e+01
   4.2523993e+01  -9.7051003e+01
   3.9531800e+01  -2.6282612e+01
   3.6264673e+01  -7.8276392e+01
   1.8226404e+01  -2.5239370e+01
  -1.0274267e+00  -4.7760116e+01
   6.2517838e+01  -6.2846326e+01
   1.4726758e+01  -5.9573771e+01
   4.7810377e+01  -7.3869963e+01
   1.8832600e+01  -6.8659204e+01
  -8.5566008e+01   4.0215414e+01
  -8.4219304e+01   2.7763943e+01
  -5.1079942e+01   4.2129952e+01
  -5.8167414e+01   5.1654400e+01
  -7.5125274e+01   8.2349572e+00
  -8.0855650e+01   6.6999167e-02
  -8.9737207e+01   5.9414947e+01
  -6.8835936e+01   5.0519839e+01
  -8.9906212e+01   7.9805980e+01
  -5.5442420e+01  -3.9980621e+00
  -8.0610579e+01   7.6119454e+01
  -9.5088074e+01   9.5866773e+00
  -6.5381351e+01   5.9918376e+00
  -7.7889981e+01   4.6430314e+01
  -4.4308737e+01   2.0913352e+01
  -4.7727815e+01   3.0485855e+01
  -6.6979497e+01   3.3766996e+01
   5.0969188e+01  -3.1781968e+01
   4.6972113e+01  -4.0947484e+01
   5.5724566e+01  -4.5717682e+01
   3.8276300e+01  -8.8025555e+01
   4.8235865e+01  -8.8835255e+01
   3.1771025e+01  -9.5801323e+01
   2.9922496e+01  -2.3515926e+01
   1.1920109e+01  -3.2998869e+01
   2.8723167e+01  -4.3252987e+01
   3.9489786e+01  -5.8795377e+01
   3.9226350e+01  -6.8761545e+01
   1.9443877e+01  -3.9572864e+01
   4.0213112e+00  -3.9128758e+01
   6.9663777e+01  -5.5869509e+01
  -9.1870182e+01   4.7785247e+01
   2.4840555e+01  -6.0584886e+01
   2.7380416e+01  -7.3767906e+01
   9.0356380e+00  -7.0587420e+01
   5.8015358e+01  -7.1768870e+01
   5.4629647e+01  -8.1162267e+01
   5.0740821e+01  -6.4325617e+01
  -9.8098708e+01   7.3207896e+01
  -9.2408211e+01   3.3218402e+01
  -9.8911619e+01   4.0691404e+01
