  -9.6538319e+01   2.3019189e+01
  -4.7320490e+01   8.2615483e+01
   4.5668325e+01   8.6120948e+01
  -7.3961224e+00   8.2076426e+01
  -1.0322797e+01   6.2648686e+01
  -2.7442465e+01  -7.4269643e+00
   3.4603365e+01   4.7637331e-01
  -3.0777589e+01  -5.9967218e+01
   9.6591895e+00  -6.4905633e+01
   1.5040517e+01   2.5983635e+01
  -7.0176422e+01   1.1931573e+01
  -7.6600072e+01   4.5891488e+01
   8.5354977e+01  -4.9169354e+01
   8.3869590e+01  -6.5509701e+01
   4.7303360e+01   1.5201758e+01
   2.0862921e+01  -1.0963124e+01
  -6.9979397e+00  -7.7052982e+01
  -5.0906897e+01  -5.8784112e+01
  -2.3352288e+01   4.6722349e+01
  -8.1459821e+01   3.7104036e+01
  -9.5738859e+01   1.2598017e+01
   2.8139937e+01  -1.9040354e+01
   5.1891420e+01  -4.2007393e+01
   6.5346141e-01  -1.2541880e+01
   1.6417203e+01  -3.5271823e+01
  -9.8198066e+01   5.5441570e+01
  -2.3726561e+01   1.8413357e+00
   2.8034015e+01  -8.4757100e+01
  -5.1617906e+01   1.6467817e+01
  -6.4438114e+01  -8.2560193e+00
  -8.5854934e+01  -9.5388513e+01
   8.0514670e+01   2.1057514e+01
   9.9833326e+01  -1.1006886e+01
  -3.5442893e+01   2.7463980e+01
   2.8090904e+01   4.0559391e+01
   5.1738392e+01  -3.2017569e+01
  -5.5464963e+00   5.3940532e+01
  -5.5213763e+01  -3.3182060e+01
  -3.6818880e+01  -2.2554872e+01
   2.1819357e+01   9.8000064e+01
  -5.2409526e+01   4.4054060e+01
  -7.9180646e+01  -4.8917464e+01
   5.7201901e+01  -9.8853696e+01
   3.2087912e+01   1.8615663e+01
  -3.0898590e+00  -3.1203416e+01
  -4.0722813e+01  -5.9356908e+01
  -8.1741446e+01   9.7576879e+01
   1.6110086e+00  -8.2048800e+01
   1.5043452e+00  -9.4633956e+01
   9.7165013e+01   4.3943681e+01
   1.6278105e+00   3.4561292e+01
  -6.3892243e+01  -6.1247355e+01
  -6.4100583e+01   9.3100097e+01
   9.6510722e+01  -9.8655577e+01
  -7.1507257e+01  -1.5096437e+01
  -5.5703323e+01   3.4998913e+01
  -7.6222727e+01   2.8589941e+01
  -4.6187600e+01  -1.9454190e+01
  -3.6498792e+01   3.6912722e+01
  -1.9073431e+01  -2.3336448e+01
  -5.5847009e+01  -1.3301744e+01
   3.7191652e+01  -4.5031318e+01
   7.4248564e+01   4.9978746e+01
  -7.8194789e+01  -3.1565839e+01
   4.5979806e+01   3.4325825e+01
   2.6857651e+01   6.9963469e+01
  -7.1546840e+01   3.7422682e+01
   7.1316187e+01  -2.2349837e+01
  -5.6773618e+01   5.2671347e+01
  -1.6585205e-01   6.2232788e+01
   7.5712261e+01   3.7799150e+00
  -3.1601729e+01   6.6768685e+01
  -9.1502386e+01  -5.7440577e+01
   3.5604877e+00  -2.8708373e+00
   6.6925395e+01  -5.8888335e+01
   1.8449737e+01   9.6395092e+00
   1.1018757e+01  -9.4543779e+00
   4.0124930e+01  -8.5700461e+01
  -8.3251481e-02  -5.8338912e+01
  -5.6282230e+01  -2.8190760e+00
  -2.2514438e+01  -6.5457649e+01
   2.0013306e+01  -5.6702827e+01
  -6.8753744e+01   2.1974018e+01
  -6.0039752e+01  -8.1115779e+01
  -4.8872885e+01  -8.5887007e+01
   9.2500108e+01   1.7660366e+01
   5.7283358e+01   1.4705945e+01
   5.9438100e+01  -7.6147141e+00
   4.1148172e+01   4.3271373e+01
   1.7759323e+01   5.4335321e+01
  -2.9345662e+01   1.7618415e+01
  -3.7259843e+01  -2.8043872e+00
  -3.7717069e+01   8.5386512e+01
  -1.7635198e+01   7.4609505e+01
  -1.3453969e+01   4.7723292e+01
  -4.4130120e+01   9.2962265e+01
   4.0482821e+01  -7.6058906e+00
   4.2161843e+01  -3.5185293e+01
   3.5319125e+01   9.0921536e+01
  -1.3071655e+01  -4.1200550e+01
  -2.2079372e+01  -3.5278088e+01
  -8.9828411e+00  -2.2072339e+01
  -6.7686465e+01   8.3522931e+01
   4.5165514e+01   6.2829082e+01
   5.3831064e+01   5.1261493e+01
  -8.0909777e+01  -1.1926612e+01
  -2.5606847e+01   2.5019473e+01
  -8.0983222e+01   8.4221241e+01
   7.1415195e+01  -3.6362794e+01
  -8.1919431e+01  -6.0248473e+01
  -9.9360652e+01   9.7963045e+01
   4.7518836e+01   5.2051066e+00
   1.1562826e+01   7.2361353e+01
  -8.8127727e+01  -3.0551483e+01
  -3.5563048e+01   7.5759862e+01
  -7.8017229e+01  -7.4946429e+01
   9.8230429e+01  -2.0867689e+01
   1.0838581e+01   1.6932068e+01
  -9.3029864e+01   9.0300564e-01
   2.2106749e+01   1.8939254e+01
   9.3093481e+00  -8.8383368e+01
   1.0632280e+01  -2.6964099e+01
   6.7382647e+01  -9.5038719e+01
   2.9468173e+01  -6.6823592e+01
  -7.7847256e+01   1.8239641e+01
   3.9446386e+01  -6.7248689e+01
   5.1768987e+01  -7.0557892e+01
  -7.3420859e+01  -4.0048635e+00
   6.5973613e+01  -4.5198770e+01
   5.8326867e+00  -4.5634957e+01
  -9.9015362e+00  -6.0134837e+01
  -7.0019041e+01  -8.0918707e+01
  -3.0143403e+01  -9.2705530e+01
  -6.8468717e+01  -9.0792450e+01
   9.7424191e+01   5.3935359e+01
   6.3289825e+01   4.4371065e+01
   2.8577094e+01   8.1517113e+01
   6.5264637e+01   8.7050337e+00
  -3.2833017e+01   4.4867287e+01
   2.8235905e+01   2.8224398e+01
  -5.8258692e+01  -5.2009952e+01
  -4.2815603e+01   4.6021473e+01
  -5.9675058e+01  -4.1994987e+01
  -4.3389834e+01   2.1656903e+01
  -2.6322043e+01   7.9398905e+01
   8.6512445e+01  -9.8841152e+01
   3.8216554e+01  -1.7384034e+01
   6.6437566e+01   6.4827507e+01
  -8.6519826e+01   4.5699916e+01
  -9.1428910e+01   3.6956614e+01
  -8.6214941e+01   2.8337873e+01
  -6.7704123e+01   5.0322484e+01
  -7.8907115e+01  -2.1681595e+01
  -6.5201705e+01  -2.2759121e+01
   4.8140954e+00   5.1180381e+01
  -6.4404131e+01   3.0726068e+01
  -8.0705640e+00   7.2219117e+01
   1.8226289e+01   6.4930251e+01
  -4.6547506e+01  -9.7941598e+00
  -3.7033920e+01  -1.2659995e+01
   3.6013947e+01   3.4494665e+01
  -2.1791893e+01   6.5643623e+01
  -8.2317236e+00   3.5084864e+01
  -6.4709870e+01  -7.2284194e+01
  -8.8786742e+01  -2.0439472e+01
   3.7717330e+01   8.1215439e+01
  -6.2638383e+01   4.1884208e+01
  -4.7067452e+01   5.4959728e+01
  -5.6252914e+01   2.5103671e+01
   2.4320711e+01  -2.9134958e+01
  -5.4552487e+01   7.5722088e+01
  -3.0687800e+01  -4.0216475e+01
   6.2478572e+01  -1.7137081e+01
   6.9592276e+01  -1.0115367e+01
   4.4391339e+01  -2.5251628e+01
   6.2582587e+01  -2.7147801e+01
   3.4815547e+01   6.2183428e+01
  -9.0801443e+01   8.1820540e+01
  -4.6123580e+01  -2.9288200e+01
   5.5741322e+01   7.0248437e+01
   2.4241331e+01  -4.2267660e+01
   3.2243521e+01  -3.6360478e+01
  -7.2803527e+01  -6.6446587e+01
  -8.4447277e+01   7.4145395e+01
  -8.9096874e+01  -4.7740068e+01
   3.9622896e+01   2.5174027e+01
   4.8371681e-02   8.8680114e+01
  -3.6759692e+01   5.3663822e+01
   8.6453096e+01  -2.1437973e+01
  -9.9091695e+01  -4.7783508e+01
  -1.3015383e+01  -3.1218086e+01
   8.2015673e+00   7.3054052e+00
  -1.8987367e+01  -5.5982359e+01
   1.3741123e+01   8.5583892e+01
   4.9616466e+01   2.5028627e+01
   4.9951343e+01  -4.4920271e+00
  -5.0158379e+01   6.4406093e+01
   8.9608765e+01  -1.1952697e+01
  -4.7857355e+01   2.9623778e+01
   5.1076679e+00   2.5246538e+01
   2.8446878e+01   9.3053191e+00
   9.0622988e+01  -4.0682862e+01
   6.5042438e+01  -8.1115605e+01
  -2.8298192e+01  -1.7403628e+01
   5.7451752e+01   6.0482800e+01
   8.4613798e+00  -7.4793198e+01
  -2.8469593e+01   9.9110992e+01
  -9.3248343e+00  -1.2079017e+01
   7.0992154e+01  -6.8012950e+01
  -8.9793145e+01  -8.4698991e+01
   2.4778631e+01  -1.3616387e+00
  -9.0163266e+01   6.5329923e+01
   9.3078890e+00  -5.4967189e+01
  -2.6882646e+01  -7.4444567e+01
   1.6184527e+01  -8.1125845e+01
   4.7599382e+01  -6.1478093e+01
   5.7554991e+01  -6.2402942e+01
  -3.9774106e+01  -9.0021745e+01
  -5.5178058e+01   7.0858453e+00
  -4.6825712e+01  -2.4078384e-01
  -6.4443907e+01   3.4529175e+00
  -6.1193550e+01   1.5675946e+01
  -1.9023739e+01  -9.2834983e+01
  -4.5497544e+01   9.0778816e+00
  -3.0890341e+01  -5.0083145e+01
   3.8970444e+01  -9.5630835e+01
  -1.3428640e+01  -6.9472905e+01
  -9.6475186e+01   4.5594740e+01
  -2.9118453e+00  -6.7926516e+01
   9.4777119e+01  -7.7423903e+01
  -1.5926739e+01  -4.1156723e+00
  -8.7698496e+01   1.8469178e+01
  -9.0792289e+01  -1.0652866e+01
  -5.1356880e+01  -7.6215982e+01
  -3.3236652e+01  -8.2456533e+01
  -7.9785596e+01  -8.5284264e+01
  -3.5184293e+01  -6.8880871e+01
   8.8253787e+01   2.7302824e+01
   6.0035432e+01   3.4372187e+01
   5.2989381e+01   4.1386344e+01
   1.8881085e+01   4.4425693e+01
   3.2708728e+01   4.9411838e+01
  -5.6005887e+01  -6.7376733e+01
  -7.2685546e+01  -5.6503449e+01
  -6.7452390e+01  -4.8098278e+01
  -1.0155945e+01   9.1634893e+01
   6.5185875e+01   5.4182604e+01
   7.5152727e+01   5.9935761e+01
   3.4532789e+01  -2.6675834e+01
  -2.8483564e+01   8.9126042e+01
  -4.0550177e+01   6.2661411e+01
  -5.5301211e+01  -2.3256388e+01
   9.1185097e+01  -8.9994679e+01
  -1.7166779e+01   8.4513605e+01
  -9.3682639e+01  -3.8860611e+01
  -7.7260895e+01   5.1684341e+00
  -8.3634990e+01  -2.3898667e+00
  -6.8143039e+01  -3.2280891e+01
  -7.6827340e+01   5.5801466e+01
  -8.6608515e+01   8.5493715e+00
   4.7896224e+01  -1.4284424e+01
   5.9210414e+01  -5.2544444e+01
   5.3899666e+01  -2.2254208e+01
   4.4232836e+01   9.5795917e+01
   4.9267488e+01  -5.1634517e+01
   7.8498568e+01  -2.9300758e+01
  -9.9805312e+01  -1.6409157e+01
   6.0463124e+01  -3.6887956e+01
   2.5466857e-01   1.6567425e+01
  -7.3941236e+01   9.1321433e+01
   2.0152355e+01   3.4523738e+01
   1.8296997e+01  -2.0609980e+01
   3.8539515e+01   9.7140797e+00
   1.4870190e+01  -1.2358551e-01
   3.0698884e+01  -9.4017583e+00
  -3.6765683e+01  -3.2458164e+01
  -1.7690103e+00   6.8363392e+00
   5.3709668e+01   8.0554825e+01
  -5.7828899e+01   8.5128375e+01
   7.9394877e+01  -5.4893422e+00
   7.8485875e+01  -1.5420702e+01
   9.5424898e+00   5.9993500e+01
   4.6451515e+01   7.3704147e+01
  -5.4020743e+01   9.4354129e+01
  -9.9426662e+01   8.6851677e+01
   5.7287825e+01   2.2863890e+00
  -7.4717714e+01   7.6424002e+01
   9.7274715e+01  -1.3577595e+00
  -9.4230809e+01  -6.7055624e+01
  -4.5025972e+01   7.2888233e+01
   1.9959730e+01   7.7313430e+01
   1.7203664e+00   7.1821515e+01
   5.6775582e+00   8.0592456e+01
   3.9760863e+01  -5.4687600e+01
  -3.0941750e+00  -4.1192174e+01
   7.7379015e+01  -9.4769240e+01
  -8.9875751e+01   9.1766638e+01
   1.0263693e+01   3.9439240e+01
   1.9479096e+01  -6.6738594e+01
   3.0006906e+01  -5.6842074e+01
   4.3974552e+01   5.2862657e+01
   1.7152820e+00  -2.2467958e+01
   5.8078561e+00  -3.5677268e+01
  -4.9176552e+00   2.5116213e+01
   7.6905910e+01  -5.8342349e+01
   6.1698441e+01  -7.1693542e+01
   5.3250644e+01  -8.0444702e+01
  -7.3845182e+01  -4.0483423e+01
   4.3611470e+01  -7.6333787e+01
  -8.7999207e+01  -7.4865624e+01
   8.7963574e+00   9.4175846e+01
   4.8983003e+01  -9.0340803e+01
   1.7179755e+01  -9.4527333e+01
  -9.7038253e+01   7.3986641e+01
  -6.4358124e+00  -5.0617014e+01
   5.8891894e+01  -8.8998247e+01
   2.4404583e+01  -7.5440811e+01
  -8.0152149e+01   6.5167724e+01
  -3.8051015e+01  -9.9870444e+01
   2.9013217e+01  -9.4708183e+01
   1.5672212e+01  -4.7310682e+01
  -2.1624970e+01  -4.6342358e+01
  -2.8161253e+01  -2.7391926e+01
   9.8043219e+01  -4.7380390e+01
  -8.8198925e+01   5.5536286e+01
  -9.7049585e+01  -2.6040291e+01
  -1.9215168e+01  -1.3418806e+01
  -6.3166182e+00  -1.9923661e+00
   9.3669179e+01  -6.7485968e+01
  -3.2623345e+01   5.8727587e+00
   9.2197827e+01  -5.6449692e+01
   7.5398325e+01  -4.8463559e+01
  -9.9828409e+01  -6.4107175e+00
   9.0163514e+01  -3.0707542e+01
  -4.1388344e+01  -7.6680504e+01
  -7.6043620e+01  -9.7318395e+01
  -9.5772248e+01  -9.4107885e+01
  -5.8470558e+01  -9.0980303e+01
  -4.9612246e+01  -9.5853048e+01
  -1.9831351e+01   9.4105821e+01
  -4.6020362e+01  -6.7792935e+01
   8.3467093e+01   1.0514711e+01
  -1.2087623e+01  -8.5642022e+01
  -8.4891184e+00  -9.4968008e+01
  -2.3329169e+01  -8.3787154e+01
   9.3050897e+01   7.6850073e+00
   8.6263096e+01   4.9036947e+01
   8.9843220e+01   3.7151991e+01
   9.7892094e+01   2.9877219e+01
  -3.7646971e+01   1.4155319e+01
  -1.5790055e+01   2.8870955e+01
   5.9592675e+01   2.4414943e+01
  -4.1601610e+00   4.4125373e+01
  -1.8019465e+01   5.6471866e+01
   7.3950513e+01   1.3595281e+01
  -2.7777381e+01   5.7644408e+01
  -1.8720491e+00   9.8411764e+01
   3.6753393e+01   7.1679794e+01
   2.2656807e+01   8.8575900e+01
  -4.3943641e+01   3.6633497e+01
  -2.4969697e+01   3.2716437e+01
