  -9.0762153e+01   2.6142062e+01
  -5.0255599e+01   6.7650015e+01
  -1.7091924e+01  -4.1169041e+01
  -1.4308928e+01   6.7334627e+01
   4.0807912e+01   7.7700871e+01
   4.8357399e+01   4.4375349e+01
  -1.9036793e+01  -5.9797837e+01
  -4.3081882e+00   7.7595025e+01
  -8.5535017e+00   5.9289640e+01
  -2.1608026e+01   1.0325004e+00
   6.6907063e+01  -9.8947178e+01
   3.6355636e+01  -1.4880218e-01
   7.0858088e+00   4.5377018e+00
  -3.1496284e+01  -5.1471230e+01
   9.6302172e+01  -8.4859717e+01
   6.4755285e+01  -3.6864143e+00
   1.5673273e+01  -6.2608987e+01
  -4.3017085e+01  -5.4009292e+00
   8.8725427e+01   1.5437717e+01
   1.4230448e+01   3.2139455e+01
  -1.6275564e+01   3.7952445e+01
  -6.7716835e+01   1.0166667e+01
  -7.6173440e+01   5.5688350e+01
   8.1563536e+01  -5.4948438e+01
   8.4641921e+01  -6.5736320e+01
   4.6262923e+01   1.6826065e+01
   1.3048655e+01  -9.4271851e+00
   2.3747619e+01  -5.6436538e+01
  -7.0236459e+00  -7.4139705e+01
   2.2977150e+01  -6.9074859e+01
  -5.3184052e+01  -5.9334201e+01
   4.5168491e+01  -7.8806819e+00
  -2.1995562e+01   4.5593889e+01
  -1.2213305e+01  -1.5415176e+01
  -7.8591834e+01   3.8618357e+01
  -8.7824284e+01   1.1266838e+01
   2.6887011e+01  -2.0192762e+01
  -8.1751835e+01  -2.9695994e+01
   4.8265871e+01  -5.3801338e+01
  -5.3024995e+00  -7.9640364e+00
   1.4305435e+01  -3.5354177e+01
  -8.8072123e+01   5.5058423e+01
  -2.8808529e+01   7.3567415e+00
   7.4835949e+01  -4.5070902e+01
   3.0916174e+01  -8.5984972e+01
  -4.8649427e+01   1.4444975e+01
  -5.7704216e+01  -6.3459442e+00
  -3.5537195e+01  -9.9594447e+01
  -7.7525960e+01  -9.0299115e+01
  -1.5990802e+01  -6.9729764e+01
   8.0440315e+01   2.1029970e+01
   3.4898095e+01   5.5625655e+01
   9.1382603e+01  -9.9893025e+00
  -3.7368728e+01   2.7671860e+01
   8.3652159e+00   1.6042054e+01
  -3.5482960e+01   7.7064889e+01
   1.9433533e+01   4.0392553e+01
  -4.9469571e+01   8.5842262e+01
   5.1922971e+01  -2.9229041e+01
  -8.3622776e+00   4.9379286e+01
  -7.3217661e+01   2.2047425e+01
  -4.7559485e+01   9.6178101e+01
  -5.5680655e+01  -3.2038652e+01
  -3.9703140e+01  -2.7718556e+01
  -7.6821357e+01  -1.5509220e+01
   2.3511474e+01   8.9413168e+01
   4.6373697e+00   6.9960679e+01
  -5.1061691e+01   4.1394863e+01
  -8.9618066e+01   4.4869491e+01
   1.8180307e+00   9.8923431e+01
  -6.5883305e+01  -4.5618929e+01
   6.4849493e+01  -7.8833207e+01
   2.6695351e+01   2.4551254e+01
   2.2980877e+01  -1.0243786e+01
   4.8494437e+01  -1.9744362e+01
  -2.7638360e+01   9.5822844e+01
   3.9725569e+01   9.1613920e+00
  -8.5850107e+01  -6.2843093e+01
  -9.3109330e+01  -4.4452757e+01
   8.3239810e+01  -3.8819411e+01
   1.7713047e+01  -7.7457687e+01
   4.7975934e+01  -7.0266656e+01
   1.0406320e+01  -4.4138038e+01
  -8.8018707e+00  -3.4129212e+01
  -2.6537411e+00  -1.7602435e+01
  -5.5731332e+01  -7.3718686e+01
  -3.7500293e+01  -8.0644915e+01
  -3.8514665e+01  -5.8506659e+01
  -8.5907171e+01   8.5474409e+01
  -1.3105028e+01  -8.2050757e+01
  -5.7496503e+01  -9.1727568e+01
   2.5128577e+00  -7.7124829e+01
   5.7396203e+01  -9.5890187e+01
   1.0722007e+01  -9.5630568e+01
  -2.6317657e+00  -9.2810954e+01
   9.3424009e+01   6.4282576e+00
   9.0600759e+01   3.5568223e+01
   8.6451410e+01  -1.2977844e+00
  -1.8746124e+00   2.1147405e+01
   6.9125915e+00   2.5678932e+01
  -6.2536461e+01  -6.2541880e+01
   2.9288778e+01   4.1320514e+01
   5.4870346e+01   2.1443525e+01
  -4.1141194e+01   8.4323443e+00
  -5.8941481e+01   8.5283997e+01
   9.5704839e+01  -9.4840839e+01
  -6.7068569e+01  -1.6164195e+01
  -5.3336254e+01   3.1792673e+01
  -6.9407972e+01   3.5428848e+01
  -3.0395743e+01   5.3263492e+01
  -1.0106213e+01   3.0341761e+01
  -3.7967826e+01  -1.9542195e+01
  -3.8856913e+01   3.7287848e+01
  -2.5409667e+01  -2.3704275e+01
  -4.9345065e+01  -2.1453797e+01
   1.4891744e+01   8.4425635e+01
  -9.5518553e+01   1.7514427e+01
   4.1411487e+01  -4.6999584e+01
   4.8208201e+01  -3.8890791e+01
   6.7648269e+01   4.8059218e+01
  -9.8389671e+01   4.8591645e+01
  -7.3772291e+01  -4.4102514e+01
   4.7760196e+01   3.4714231e+01
   2.3849971e+01   6.8235717e+01
  -7.1469446e+01   4.5175594e+01
   7.2780555e+01  -2.3175273e+01
   7.4413908e+01  -3.4133777e+01
   5.4994406e+01  -2.1320132e+00
  -8.9201071e+01   6.9010916e+01
  -8.8455395e+01  -6.3449085e+00
  -9.8307348e+01   6.7320767e+01
  -5.4847772e+01   5.2878745e+01
   1.1532919e+00   6.0753479e+01
   7.5167084e+01  -1.0321182e+00
  -3.8087382e+01   5.8904577e+01
  -9.0718587e+01  -5.4140935e+01
   8.1831776e+01  -2.7225420e+01
   1.0229047e+01  -7.0843449e+01
   2.9873911e+01   8.3698257e+00
   3.7100658e+01   1.7870096e+01
  -1.2075151e+01  -7.0172022e-01
  -2.5850273e+01  -1.4517253e+01
   6.9046832e+01  -6.9762869e+01
   5.3541285e+01  -6.2036668e+01
   5.8102340e+01  -5.3192395e+01
   5.4919267e+01  -8.0053009e+01
   1.5706844e+01   9.5570064e+00
   2.0221163e+01  -4.6957450e+01
  -1.2116812e+01  -5.2491907e+01
  -2.6914672e+00   1.8430393e+00
   1.6529817e+01  -2.0886137e-01
   4.2362802e+00  -5.0893410e+00
   1.9479877e+01  -8.7268800e+01
   2.9898176e+01  -7.6118826e+01
   4.0855034e+01  -7.9901494e+01
  -7.2715504e+01   9.8633566e+01
  -2.1658859e+01  -5.0229581e+01
  -6.2950218e+01   1.7434806e+00
  -5.6942418e+01   9.4402089e+00
  -4.4522214e-01  -6.6688866e+01
  -2.6335691e+00  -5.5135283e+01
  -1.4491562e+01  -9.4569547e+01
  -4.9563903e+01   1.9781318e+00
  -9.7686523e+01   3.4549938e+01
  -2.8912259e+01  -6.1164208e+01
   9.1524496e+01  -5.5795112e+01
   1.3530498e+01  -5.3267949e+01
  -6.3822914e+01   1.8852461e+01
  -2.6016484e+01  -9.6342232e+01
  -4.0282474e+01  -9.0256511e+01
  -4.8460551e+01  -9.6011356e+01
  -6.2881260e+01  -8.1153428e+01
  -2.5919051e+01  -7.0689889e+01
  -5.0016332e+01  -8.4377732e+01
  -4.5884000e+01  -7.5331808e+01
   8.9282045e+01   2.5664584e+01
   2.3375920e+01   4.9318212e+01
   6.1386575e+01   2.8842614e+01
   5.4296475e+01  -1.1843003e+01
   6.8397942e+01   2.1612254e+01
   3.8511605e+01   4.6558819e+01
  -4.5554010e+01  -6.5470986e+01
  -6.8777503e+01  -5.4911453e+01
   1.3091174e+01   4.7387755e+01
  -3.0032837e+01   1.6651329e+01
  -3.5644532e+01   6.2082585e-01
  -3.0534706e+01   8.6358558e+01
  -2.7286858e+01   7.1991174e+01
  -1.3805268e+01   7.7142702e+01
  -9.4012580e+01  -2.4175382e+01
  -6.8601541e+01  -6.3192833e+00
  -9.9288545e+01  -1.6037836e+01
   4.0131641e+01  -8.9827537e+01
  -6.5221096e+01  -3.2125122e+01
  -2.0575568e+01   5.4824781e+01
  -7.7425715e+01   1.1787588e+01
  -4.0041652e+01   8.7863043e+01
   5.7657737e+01   4.8266742e+01
   3.5554997e+01  -1.0469004e+01
   3.9825825e+01  -3.5255503e+01
   3.3421955e+01   8.8085396e+01
  -7.8244628e+00   9.6560463e+01
  -2.7355744e+01  -4.2319064e+01
  -2.6832601e+01  -3.2735964e+01
  -1.7851817e+01  -3.0964058e+01
  -6.6557754e+01   7.9740127e+01
   1.6282884e+01   9.6350191e+01
   5.6343808e+01  -4.3592370e+01
   1.7086906e+01  -1.8435644e+01
   4.2507570e+01   6.0857304e+01
   4.7683779e+01   5.3646170e+01
  -7.8549824e+01  -5.9890945e+00
  -2.7952285e+01   2.5819909e+01
   2.6433870e+01  -9.1514735e-01
  -4.5341844e+01   7.6888540e+01
  -7.5904246e+01   7.9405111e+01
   6.5762568e+01  -4.1195184e+01
  -7.8950394e+01  -5.3172795e+01
  -9.7621695e+01   9.1669977e+01
  -6.7928547e+01   8.9508690e+01
   4.6114879e+01   1.9795953e+00
   1.2861373e+01   7.4709544e+01
   5.4478466e+01   7.6799216e+00
  -8.2075442e+01   6.3150283e+01
  -8.5234831e+01  -3.8315838e+01
  -4.0333440e+01   6.8392288e+01
  -7.9992578e+01  -7.1150958e+01
   7.7501626e+00   9.1053587e+01
  -9.8472337e+01   5.8114567e+01
  -9.4832447e+01  -6.6477449e+01
   1.6146758e+01   2.2389740e+01
   9.3634133e+01  -2.2070787e+01
   9.2783570e+01  -4.1780602e+01
  -2.7794291e-01   1.1338702e+01
  -8.3605733e+01   2.4100166e+00
   2.3340114e+01   1.5665947e+01
   9.9921550e+00  -8.3760752e+01
   8.0735953e-01  -3.6148183e+01
   2.5342422e+00  -2.6357925e+01
   6.4528394e+01  -8.8826252e+01
   3.1001102e+01  -6.3405393e+01
   6.3496460e+01  -6.1490535e+01
  -8.3076891e+01   1.9864974e+01
   6.0723041e+00   3.7880071e+01
   3.4784804e+01  -5.4430777e+01
   4.1668538e+01  -6.1217942e+01
   2.9176684e+01  -4.7129438e+01
   6.2024715e+00  -5.9440255e+01
  -9.5482164e+01   7.5857672e+01
   5.8326070e+01  -7.0689610e+01
   3.8020303e+01  -7.0401374e+01
  -7.3620233e+01   2.4323856e+00
   5.0265010e+01  -8.8888253e+01
  -3.6146422e+01  -6.8712150e+01
   9.4173445e+01  -7.5091084e+01
   9.0621176e+01  -3.1833982e+01
   7.3447768e+01  -6.0778633e+01
   6.7990412e+01  -5.2404073e+01
   8.7844188e-01  -4.6025281e+01
  -9.4070398e+00  -6.2294516e+01
   9.5088732e+01  -6.5135823e+01
  -9.2695317e+01  -3.3556015e+01
   9.9679402e+01  -5.0010016e+01
  -1.8594921e+01  -8.0977864e+00
  -2.8149465e+01  -5.3032696e+00
  -7.5681935e+01  -8.0470345e+01
  -3.0044881e+01  -8.7223703e+01
  -6.7538138e+01  -8.9954733e+01
   7.2037701e+00  -1.7525985e+01
  -2.2925894e+01  -8.0220243e+01
   8.2295900e+01   7.7835801e+00
   6.7418908e+01   5.9281933e+00
   9.4911416e+01   4.4586255e+01
   9.8570275e+01   2.1979497e+01
   9.7995717e+01  -2.4655312e+00
  -6.4909686e+00   3.9620539e+01
  -9.2112581e-01   3.1128382e+01
   5.8229962e+01   3.8296920e+01
   2.1943296e+01   7.7778467e+01
   2.5806276e+01   5.8757543e+01
   6.1810187e+01   1.4274692e+01
   7.4034867e+01   1.3385138e+01
  -2.5933913e+01   3.5444506e+01
  -3.1413303e+01   4.3543716e+01
   2.4519010e+01   3.2662329e+01
  -5.8525124e+01  -5.1242721e+01
  -4.0259551e+01   4.7844995e+01
   2.9543090e+01  -9.5852166e+01
  -1.1738094e+01   8.6975491e+01
   2.0096163e+01  -9.9101957e+01
  -5.8965049e+01  -4.0304093e+01
  -3.9679307e+01   1.8211651e+01
  -2.2799870e+01   8.0614294e+01
  -9.3569063e+01   3.1294954e+00
   8.5761774e+01  -9.3867380e+01
   7.5789935e+01  -9.4392047e+01
  -9.8405196e+01  -6.1995820e+00
   4.3597954e+01  -9.9179377e+01
   3.8336138e+01  -1.9519111e+01
   6.4543611e+01   5.7548238e+01
  -8.0816292e+01   4.7906715e+01
  -8.7796472e+01   3.5388283e+01
  -8.0111155e+01   2.9119850e+01
  -6.3712753e+01   5.0264673e+01
  -7.2035992e+01  -2.4956334e+01
  -5.9428192e+01  -2.3354359e+01
   1.3716138e+00   4.7078196e+01
  -6.2627931e+01   2.8464307e+01
  -4.9008095e+00   6.8968579e+01
   9.8945011e+00   5.6446881e+01
  -4.9908018e+01  -1.1991673e+01
  -3.5238475e+01  -1.1176629e+01
  -1.7740551e+01   9.6406915e+01
   3.8005102e+01   3.6647925e+01
   2.9643750e+01   9.7295204e+01
  -2.3202348e+01   6.3658833e+01
  -3.7462761e+01   9.7454670e+01
  -1.9059235e+01   2.8393059e+01
  -6.6041427e+01  -7.1760747e+01
  -8.5025734e+01  -2.0528385e+01
   3.1362964e+01   7.8389011e+01
  -6.1027526e+01   4.0799664e+01
  -4.7466027e+01   5.8406651e+01
  -5.4584740e+01   2.2074433e+01
   2.1896370e+01  -2.8599065e+01
  -5.5131986e+01   7.6157435e+01
  -3.4941821e+01  -3.5058419e+01
   6.2955109e+01  -1.6590835e+01
   7.2526024e+01  -1.3215040e+01
   4.2557009e+01  -2.7416863e+01
   6.4703265e+01  -3.1311954e+01
   3.3665832e+01   6.8652236e+01
  -6.2234096e+01   9.7327095e+01
  -8.3680225e+01   7.5471373e+01
  -8.6320968e+01   9.5196715e+01
  -4.7408425e+01  -3.0696434e+01
   4.3665827e+01   6.9237456e+01
   2.3799338e+01  -3.8065113e+01
   3.4004476e+01  -4.0481415e+01
  -7.6198355e+01  -6.1686503e+01
  -9.5200434e+01   8.3797876e+01
  -7.4886821e+01   7.2897226e+01
  -8.1755631e+01  -4.5263262e+01
   3.2101279e+01   2.2703295e+01
  -3.4544981e+00   8.3256251e+01
  -4.8078075e+01   9.3102911e+01
