  -9.4265027e+01   2.6160283e+01
  -4.9231719e+01   7.4234037e+01
  -9.2775118e+00  -4.2455757e+01
  -1.3777059e+01   7.1322969e+01
   4.3590522e+01   8.1301952e+01
   5.1433573e+01   4.5911727e+01
  -3.2663040e+00   7.8612759e+01
  -1.1204729e+01   6.1735175e+01
  -1.9358904e+01  -2.9589882e+00
   3.6079832e+01  -5.5755705e-03
  -3.0027498e+01  -5.2735411e+01
   6.5680006e+01  -5.6689238e+00
   1.5549657e+01  -6.5265471e+01
   1.3366467e+01   3.1592625e+01
  -1.7466768e+01   3.8464246e+01
  -6.9750459e+01   1.2361387e+01
  -7.4611975e+01   5.3486315e+01
   8.2482348e+01  -4.9927979e+01
   8.3650574e+01  -6.3926084e+01
   4.8847693e+01   1.4176275e+01
   1.6397028e+01  -1.3637648e+01
   2.3452373e+01  -5.9162985e+01
  -7.4505818e+00  -7.8148720e+01
   2.3643759e+01  -7.1132364e+01
  -5.2795450e+01  -5.7130085e+01
  -2.3635476e+01   4.6209687e+01
  -8.1702047e+01   3.9110434e+01
  -9.0735837e+01   9.7646043e+00
   2.6876736e+01  -1.9670531e+01
  -8.1632301e+01  -2.9491706e+01
   5.0043712e+01  -4.8620643e+01
  -2.0510627e+00  -1.4054014e+01
   1.5549074e+01  -3.3749262e+01
  -8.9835686e+01   5.6683005e+01
  -2.6338288e+01   4.1809617e+00
   7.6512577e+01  -4.1911449e+01
   2.7708524e+01  -8.1420349e+01
  -4.8909728e+01   1.5914317e+01
  -6.0582017e+01  -1.0791971e+01
  -8.5090941e+01  -9.4304811e+01
   7.9358940e+01   2.0659215e+01
   3.4828559e+01   5.6488023e+01
   9.4469781e+01  -7.2930000e+00
  -3.5021759e+01   2.7558900e+01
   1.0254405e+01   1.2305794e+01
  -3.3405393e+01   7.6872788e+01
   2.6394612e+01   3.9987740e+01
  -5.0473586e+01   8.7154969e+01
   5.3962342e+01  -2.9802041e+01
  -5.8094502e+00   5.3518708e+01
  -5.5305408e+01  -3.1680855e+01
  -3.5735142e+01  -2.4594261e+01
  -7.8723632e+01  -1.7449944e+01
   2.6338260e+01   8.9104726e+01
   6.0403200e+00   6.9450954e+01
  -5.3128869e+01   4.3603526e+01
  -6.8955436e+01  -4.3971605e+01
   5.9853481e+01  -8.8256619e+01
   3.0016843e+01   2.1164659e+01
   2.5539982e+01  -9.5828647e+00
   5.1618464e+01  -1.8825549e+01
  -8.4502459e+01  -6.4511496e+01
   8.3824645e+01  -3.5040467e+01
   1.1793560e+01  -4.3010823e+01
  -5.3355305e+00  -3.3267420e+01
  -1.6754957e+00  -2.4002239e+01
  -3.8258021e+01  -5.8395811e+01
  -8.5697286e+01   8.8416954e+01
  -1.1989853e+01  -8.7058161e+01
  -5.9338834e+01  -9.4987321e+01
   2.3604218e+00  -8.0070369e+01
   1.0317568e+01  -9.7650770e+01
  -2.4548264e+00  -9.2688221e+01
   9.1584949e+01   8.1162310e+00
   8.9351215e+01   3.9363785e+01
   8.6380939e+01  -1.4250119e+00
   3.5046305e+00   3.0571442e+01
   9.9255899e+00   2.2257925e+01
  -6.3471480e+01  -6.2141285e+01
  -4.4150405e+01   7.0885252e+00
  -6.0398235e+01   8.8344407e+01
   9.6378974e+01  -9.6441653e+01
  -6.8802313e+01  -1.6372174e+01
  -5.2330752e+01   3.3664825e+01
  -7.1964586e+01   3.3411675e+01
  -2.6209621e+01   5.5792383e+01
  -7.0833393e+00   3.3455616e+01
  -4.3483873e+01  -1.8408924e+01
  -3.9928491e+01   3.6204393e+01
  -2.1393048e+01  -2.2804589e+01
  -5.2687333e+01  -2.2166272e+01
   1.5226663e+01   8.4501985e+01
  -9.9432393e+01   1.6890502e+01
   4.0445213e+01  -4.5817654e+01
   4.8124696e+01  -3.7951994e+01
   6.9481300e+01   4.8947901e+01
  -7.5750355e+01  -3.7200880e+01
   4.4710214e+01   3.3133869e+01
   2.3893428e+01   6.9397244e+01
  -7.2672261e+01   4.3383651e+01
   7.2627014e+01  -2.2326591e+01
   7.4245775e+01  -3.2179124e+01
  -9.8815581e+01   6.7954468e+01
  -9.4908889e+01  -5.8703934e+00
  -5.5749358e+01   5.3218169e+01
   1.5328567e+00   6.0661497e+01
   7.6512166e+01  -2.9641278e+00
  -3.2516527e+01   6.3514231e+01
  -8.9212940e+01  -5.5680261e+01
  -9.2377486e-01  -4.1607912e+00
   7.3708041e+01  -6.2882276e+01
   5.2180476e+01  -8.1220104e+01
   1.7949332e+01   6.0595074e+00
   8.1895982e+00  -7.9481947e+00
   4.2191783e+01  -8.0833872e+01
  -1.6040143e+00  -5.5973307e+01
  -1.0465400e+01  -9.8674087e+01
  -5.5102232e+01  -2.4776973e+00
  -2.6006567e+01  -6.1883542e+01
   1.7703033e+01  -5.1021114e+01
  -6.7494706e+01   2.2083876e+01
  -3.8241290e+01  -9.7406552e+01
  -5.8127740e+01  -8.5057942e+01
  -4.8372012e+01  -8.2662856e+01
   8.9061992e+01   1.8300998e+01
   5.8149810e+01   2.0230002e+01
   5.6896228e+01  -1.0376811e+01
   6.8390569e+01   2.1534708e+01
   4.1808198e+01   4.7458151e+01
   1.3943285e+01   5.1349855e+01
  -2.9369291e+01   1.8238991e+01
  -3.5774311e+01   8.6689616e-04
  -3.2045216e+01   8.6778003e+01
  -2.3993179e+01   7.3570141e+01
  -1.2891217e+01   8.1237740e+01
  -9.8265776e+01  -2.2218403e+01
  -6.9260822e+01  -5.8810103e+00
   4.1470578e+01  -9.5827313e+01
  -6.6332999e+01  -3.3414137e+01
  -1.6316245e+01   5.3059229e+01
  -8.0324425e+01   1.0482162e+01
  -4.0943912e+01   9.1321959e+01
   5.9387969e+01   5.1735289e+01
   3.5529383e+01  -9.9564666e+00
   3.8901253e+01  -3.4102393e+01
   3.6374545e+01   8.8965908e+01
  -8.4087266e+00   9.7698646e+01
  -1.9200705e+01  -4.3565706e+01
  -2.4855613e+01  -3.2146468e+01
  -1.1632531e+01  -2.4958345e+01
  -6.8122578e+01   7.9670831e+01
   5.7349844e+01  -4.1797606e+01
   1.6660903e+01  -2.3583050e+01
   4.1801694e+01   6.3327401e+01
   4.7745736e+01   5.5351285e+01
  -7.9221266e+01  -6.5654725e+00
  -2.5139970e+01   2.7141641e+01
   2.6161112e+01   4.0395605e-01
  -4.2292680e+01   8.1418648e+01
  -7.7731350e+01   8.2385984e+01
   6.6945634e+01  -3.9005382e+01
  -7.9221641e+01  -5.6017119e+01
  -9.9596893e+01   9.6892943e+01
  -7.0336399e+01   8.9428237e+01
   4.4517436e+01   5.2279284e+00
   1.4977389e+01   7.3819919e+01
   5.4983854e+01   6.2876267e+00
  -8.8901559e+01   6.6638071e+01
  -8.6698346e+01  -3.8182707e+01
  -4.0351088e+01   6.9685984e+01
  -7.8729125e+01  -7.2846426e+01
   1.1094058e+01   9.3596775e+01
  -9.9747531e+01   5.7998485e+01
  -9.4404454e+01  -6.6753599e+01
   1.9774120e+01   2.4019488e+01
   9.7661960e+01  -1.9713859e+01
   8.4656474e-01   1.5479444e+01
  -8.5190736e+01   1.4491056e+00
   2.2800221e+01   1.4571632e+01
   8.7290413e+00  -8.7778393e+01
   3.8950891e+00  -3.6963869e+01
   7.5872838e+00  -2.7738504e+01
   6.9538981e+01  -9.0750213e+01
   3.1744943e+01  -6.4701146e+01
   6.4240072e+01  -5.9674317e+01
  -7.7240538e+01   1.9984307e+01
   8.3343552e+00   4.2756897e+01
   3.6347545e+01  -5.4990968e+01
   4.1530694e+01  -6.6708535e+01
   2.7643699e+01  -5.0091423e+01
   5.9511488e+00  -6.2502158e+01
   5.6820994e+01  -7.2366245e+01
   3.4674183e+01  -7.4249787e+01
  -7.3560901e+01   3.1284829e+00
   5.0243556e+01  -9.1029014e+01
  -3.9740161e+01  -7.7398638e+01
   9.3104527e+01  -2.8614971e+01
   7.2938002e+01  -5.2911967e+01
   6.3466350e+01  -4.9706216e+01
  -4.4108264e-04  -4.6131275e+01
  -1.1310540e+01  -5.8328422e+01
  -9.4125042e+01  -3.1487475e+01
  -2.0625929e+01  -1.2864950e+01
  -2.8524762e+01  -6.7667887e+00
  -7.1545810e+01  -7.9840844e+01
  -2.9226946e+01  -9.3071991e+01
  -6.7359730e+01  -8.8893649e+01
   7.1922043e+00  -1.7819392e+01
  -2.1115449e+01  -8.2493780e+01
   8.1618279e+01   7.3601113e+00
   6.9092077e+01   3.6951289e+00
   9.3084288e+01   4.8699759e+01
  -9.7558961e+00   4.4497466e+01
  -7.9238919e-01   4.0646399e+01
   6.1899347e+01   4.2160383e+01
   2.3809269e+01   7.9401554e+01
   2.5370631e+01   5.9532161e+01
   6.3314415e+01   1.1780413e+01
   7.3235341e+01   1.2785065e+01
  -2.7240272e+01   3.6833505e+01
  -3.3469934e+01   4.4543970e+01
   2.7256707e+01   3.0496565e+01
  -5.8789346e+01  -4.9848420e+01
  -4.3364504e+01   4.5558361e+01
  -1.5660227e+01   9.0820648e+01
  -5.9548534e+01  -4.0425465e+01
  -3.9333669e+01   1.8597113e+01
  -2.2628393e+01   8.3452294e+01
   8.6646067e+01  -9.3448592e+01
   7.7313224e+01  -9.7039978e+01
   3.6869915e+01  -1.9841665e+01
   6.6310352e+01   5.8837142e+01
  -8.3512948e+01   4.8939920e+01
  -9.1272729e+01   3.6227065e+01
  -8.1270213e+01   2.9127633e+01
  -6.5230292e+01   5.0040062e+01
  -7.2423405e+01  -2.5637725e+01
  -6.2466067e+01  -2.4218800e+01
   3.7594446e+00   5.1196532e+01
  -6.2251665e+01   3.0542059e+01
  -4.1272020e+00   6.8741625e+01
   1.1892115e+01   6.1137229e+01
  -5.0669360e+01  -1.1535369e+01
  -3.7919305e+01  -1.0134072e+01
   3.5486152e+01   3.6466332e+01
   3.0440069e+01   9.8225202e+01
  -2.0825877e+01   6.4146853e+01
  -1.5538226e+01   2.8836890e+01
  -6.6323522e+01  -7.1480629e+01
  -8.8312893e+01  -2.2278110e+01
   3.3796731e+01   7.9317508e+01
  -6.2596394e+01   4.0465331e+01
  -4.5964759e+01   5.5179348e+01
  -5.4751697e+01   2.3981908e+01
   2.4637424e+01  -2.9583844e+01
  -5.8199557e+01   7.8596404e+01
  -3.4499647e+01  -3.4394074e+01
   6.3870350e+01  -1.7519156e+01
   7.3099028e+01  -1.2351911e+01
   4.4717018e+01  -2.6011520e+01
   6.3952119e+01  -2.9438149e+01
   3.3853895e+01   6.9339887e+01
  -6.2261465e+01   9.8165453e+01
  -8.6586749e+01   7.7748175e+01
  -8.6671084e+01   9.8366531e+01
  -4.5506496e+01  -2.9969763e+01
   4.6765059e+01   7.1861069e+01
   2.1702275e+01  -4.1615234e+01
   3.1668936e+01  -4.0960123e+01
  -7.3574753e+01  -6.4277174e+01
  -9.5667886e+01   8.7698402e+01
  -7.8058991e+01   7.2379888e+01
  -8.0609575e+01  -4.6114334e+01
   3.9042964e+01   2.5075249e+01
  -4.5533275e+00   8.8482996e+01
  -4.9125631e+01   9.7062946e+01
  -3.6048267e+01   5.4167094e+01
   8.4189532e+01  -2.4084755e+01
  -9.2581555e+01  -4.6266861e+01
  -1.5198015e+01  -3.4414584e+01
  -1.3592016e+00   5.7852213e+00
  -2.0065923e+01  -5.3518724e+01
   6.6726914e+00   7.9381631e+01
   4.8984877e+01   2.4135892e+01
   5.0579825e+01  -2.6777085e+00
  -5.0024106e+01   6.4283771e+01
   8.7759224e+01  -1.4743594e+01
  -4.5137307e+01   2.6732920e+01
  -3.9986286e+00   2.4098353e+01
  -9.8974054e+01  -5.7841191e+01
   3.1221358e+01   9.0192563e+00
   9.1109086e+01  -4.4869004e+01
   6.5003323e+01  -7.9684673e+01
   2.0430190e+01   9.7172470e+01
  -2.9854590e+01  -1.6614965e+01
   1.5080600e+00   9.6418055e+01
   5.5880890e+01   6.1049271e+01
   9.8967793e+00  -7.3504686e+01
   5.8489939e+01  -9.8163199e+01
  -2.7180738e+01   9.5523166e+01
  -1.1118978e+01  -9.9262804e+00
   6.6483125e+01  -6.9794827e+01
  -8.8527477e+01  -7.4844392e+01
  -9.7033359e+01   7.7793426e+01
   1.7137797e+01  -3.7480003e+00
  -7.9754178e+01   6.2295516e+01
   7.8024395e+00  -5.2367470e+01
  -2.7735790e+01  -7.3758522e+01
   2.6497813e+01  -9.2880705e+01
   1.6269129e+01  -8.1210004e+01
   4.5951993e+01  -5.7741341e+01
   5.4682703e+01  -6.2601716e+01
  -3.9973049e+01  -8.7607317e+01
  -5.4122653e+01   7.4301364e+00
  -4.5162672e+01  -3.2356270e+00
  -6.3650477e+01   4.4437496e+00
  -6.0008892e+01   1.5484079e+01
  -1.9263191e+01  -9.3920313e+01
  -3.4571704e+01   9.8350233e+00
   9.4385225e+01  -8.6642510e+01
  -2.9149623e+01  -4.2796723e+01
  -7.5385166e+01   9.8059183e+01
   3.5231874e+01  -8.8012298e+01
   9.8300602e+01  -7.7441120e+01
  -1.3478122e+01  -7.0170906e+01
  -9.3187848e+01   4.6417328e+01
   9.9475303e+01  -6.4023954e+01
  -4.4086112e+00  -6.5564076e+01
   9.1524205e+01  -7.0088332e+01
  -9.8849306e+00  -3.5750267e-02
   9.0157984e+01  -5.6334083e+01
  -8.7186050e+01   1.9106439e+01
   9.7804775e+01  -3.7441504e+01
  -8.7336425e+01  -1.2377923e+01
  -7.4714575e+01  -9.5661436e+01
  -4.9405123e+01  -9.2337894e+01
  -5.1885355e+01  -7.4120063e+01
  -3.1064008e+01  -8.3221900e+01
  -7.8939531e+01  -8.6463615e+01
  -3.5997316e+01  -6.8128852e+01
   9.9831035e+01   4.1318607e+01
   9.8168876e+01   3.1457713e+01
   9.8803711e+01   2.0529181e+01
   8.8578255e+01   2.8625755e+01
   6.1074187e+01   2.9657672e+01
   5.3907989e+01   3.6371948e+01
   1.7245708e+01   4.0665351e+01
   3.2187860e+01   4.7242774e+01
  -5.4486399e+01  -6.5631803e+01
  -6.7292107e+01  -5.3407035e+01
