   2.1370000e+03
   2.3830000e+03
   2.3850000e+03
   2.1910000e+03
   2.2490000e+03
   2.3570000e+03
   2.1350000e+03
   2.1930000e+03
   2.4490000e+03
   2.4750000e+03
   2.3230000e+03
   2.1650000e+03
   2.1310000e+03
   2.4530000e+03
   2.4610000e+03
   2.2850000e+03
   2.1730000e+03
   2.2710000e+03
   2.0950000e+03
   2.4670000e+03
   2.1250000e+03
   2.4230000e+03
   2.1430000e+03
   2.4550000e+03
   2.4510000e+03
   2.4030000e+03
   2.1870000e+03
   2.2390000e+03
   2.4690000e+03
   2.2790000e+03
   2.4870000e+03
   2.3150000e+03
   2.3590000e+03
   2.3030000e+03
   2.3550000e+03
   2.4130000e+03
   2.1010000e+03
   2.3290000e+03
   2.3710000e+03
   2.3990000e+03
   2.4250000e+03
   2.5070000e+03
   2.4430000e+03
   2.3470000e+03
   2.4050000e+03
   2.4210000e+03
   2.2090000e+03
   2.2330000e+03
   2.2250000e+03
   2.2410000e+03
   2.1450000e+03
   2.3430000e+03
   2.4850000e+03
   2.5390000e+03
   2.2150000e+03
   2.2830000e+03
   2.3370000e+03
   2.2930000e+03
   2.3350000e+03
   2.3090000e+03
   2.3050000e+03
   2.1210000e+03
   2.1070000e+03
   2.2990000e+03
   2.3390000e+03
   2.1530000e+03
   2.4710000e+03
   2.1590000e+03
   2.3630000e+03
   2.1570000e+03
   2.3130000e+03
   2.3690000e+03
   2.3950000e+03
   2.2510000e+03
   2.5290000e+03
   2.3510000e+03
   2.4070000e+03
   2.1810000e+03
   2.3810000e+03
   2.4150000e+03
   2.4570000e+03
   2.2210000e+03
   2.2290000e+03
   2.2270000e+03
   2.4450000e+03
   2.2370000e+03
   2.4170000e+03
   2.3870000e+03
   2.4770000e+03
   2.4810000e+03
   2.2610000e+03
   2.5010000e+03
   2.3650000e+03
   2.4910000e+03
   2.5170000e+03
   2.5210000e+03
   2.5230000e+03
   2.5130000e+03
   2.2950000e+03
   2.2970000e+03
   2.3110000e+03
   2.3070000e+03
   2.3250000e+03
   2.4470000e+03
   2.3170000e+03
   2.1080000e+03
   2.1120000e+03
   2.3530000e+03
   2.5090000e+03
   2.3270000e+03
   2.4370000e+03
   2.3610000e+03
   2.3490000e+03
   2.5150000e+03
   2.1340000e+03
   2.3910000e+03
   2.1380000e+03
   2.3330000e+03
   2.4390000e+03
   2.1440000e+03
   2.1460000e+03
   2.3450000e+03
   2.1520000e+03
   2.3750000e+03
   2.1560000e+03
   2.3790000e+03
   2.3730000e+03
   2.3670000e+03
   2.5050000e+03
   2.1720000e+03
   2.1760000e+03
   2.4410000e+03
   2.4270000e+03
   2.5110000e+03
   2.3930000e+03
   2.1900000e+03
   2.1920000e+03
   2.4190000e+03
   2.1980000e+03
   2.4830000e+03
   2.2060000e+03
   2.4330000e+03
   2.4290000e+03
   2.2120000e+03
   2.2140000e+03
   2.4950000e+03
   2.4970000e+03
   2.2240000e+03
   2.2260000e+03
   2.2280000e+03
   2.2300000e+03
   2.2320000e+03
   2.2340000e+03
   2.2360000e+03
   2.2380000e+03
   2.4790000e+03
   2.4650000e+03
   2.4630000e+03
   2.2480000e+03
   2.2500000e+03
   2.2520000e+03
   2.5330000e+03
   2.2600000e+03
   2.5030000e+03
   2.2700000e+03
   2.5270000e+03
   2.5250000e+03
   2.2760000e+03
   2.2780000e+03
   2.2820000e+03
   2.2840000e+03
   2.2860000e+03
   2.5370000e+03
   2.2920000e+03
   2.2940000e+03
   2.2960000e+03
   2.2980000e+03
   2.3000000e+03
   2.3020000e+03
   2.3040000e+03
   2.3060000e+03
   2.3080000e+03
   2.3100000e+03
   2.3120000e+03
   2.3140000e+03
   2.3160000e+03
   2.3180000e+03
   2.3220000e+03
   2.3240000e+03
   2.3260000e+03
   2.3280000e+03
   2.3300000e+03
   2.3320000e+03
   2.3340000e+03
   2.3360000e+03
   2.3380000e+03
   2.3420000e+03
   2.3440000e+03
   2.3460000e+03
   2.3480000e+03
   2.3500000e+03
   2.3520000e+03
   2.3560000e+03
   2.3580000e+03
   2.3600000e+03
   2.3620000e+03
   2.3640000e+03
   2.3680000e+03
   2.3700000e+03
   2.3720000e+03
   2.3740000e+03
   2.3760000e+03
   2.3780000e+03
   2.3800000e+03
   2.3820000e+03
   2.3840000e+03
   2.3860000e+03
   2.3880000e+03
   2.3900000e+03
   2.3920000e+03
   2.3960000e+03
   2.3980000e+03
   2.4000000e+03
   2.4040000e+03
   2.4060000e+03
   2.4080000e+03
   2.4120000e+03
   2.4140000e+03
   2.4160000e+03
   2.4180000e+03
   2.4200000e+03
   2.4220000e+03
   2.4240000e+03
   2.4260000e+03
   2.4280000e+03
   2.4300000e+03
   2.4320000e+03
   2.4340000e+03
   2.4360000e+03
   2.4380000e+03
   2.4400000e+03
   2.4420000e+03
   2.4440000e+03
   2.4460000e+03
   2.4480000e+03
   2.4500000e+03
   2.4520000e+03
   2.4540000e+03
   2.4600000e+03
   2.4620000e+03
   2.4660000e+03
   2.4680000e+03
   2.4700000e+03
   2.4740000e+03
   2.4760000e+03
   2.4780000e+03
   2.4800000e+03
   2.4820000e+03
   2.4840000e+03
   2.4860000e+03
   2.4880000e+03
   2.4900000e+03
   2.4920000e+03
   2.4940000e+03
   2.4960000e+03
   2.5000000e+03
   2.5040000e+03
   2.5060000e+03
   2.5080000e+03
   2.5100000e+03
   2.5120000e+03
   2.5140000e+03
   2.5160000e+03
   2.5180000e+03
   2.5200000e+03
   2.5220000e+03
   2.5240000e+03
   2.5260000e+03
   2.5280000e+03
   2.5320000e+03
   2.5340000e+03
