  -7.3987768e+01   1.1924606e+00
  -8.9788554e+01   2.6313855e+01
  -2.6229232e+00  -4.5128191e+01
  -5.0419391e+01   6.8512935e+01
  -8.6378620e+01  -2.3172232e+01
   6.3244624e+00  -2.7336096e+01
  -2.0322401e+01  -3.6003564e+01
   1.2944051e+01  -8.3431406e+01
   4.7359213e+01  -9.9884464e+01
  -6.2694419e+01   2.7648881e+01
  -7.2582982e+01   1.1090613e+01
   6.7762244e+01  -2.5449877e+01
  -1.9688237e+01   6.1641724e+01
   9.4250550e+01  -4.1432677e+01
   2.8468620e+01   6.5865305e+01
  -8.7993416e+01  -4.9182002e+01
   4.5894434e+01  -2.9174667e+01
   4.8247242e+01   4.2221422e+01
  -2.0347495e+01  -5.7725775e+01
  -2.7263299e+01  -7.6762762e+01
  -1.2766809e+01   7.8646496e+01
  -4.0432676e+01   6.8984621e+01
  -2.8434222e+01   6.6478730e+01
   2.3383702e+00   2.7652820e+01
  -2.3427033e+00   6.1505873e+01
  -2.7099961e+01   2.9330574e-01
  -3.8112693e+01  -2.2708217e+01
   6.9781962e+00   5.7897451e+01
  -4.4472224e+01  -1.4996949e+01
   4.0377135e+01  -5.5885509e+01
   5.6733133e+01  -9.6425924e+01
   2.7719311e+01  -3.4537215e+01
   6.5816464e+01  -9.2267676e+01
   4.1858935e+01  -1.4698833e+00
   3.2572349e+01   2.2225327e+00
   5.8306503e+00   1.0202798e+00
  -3.0840567e+01  -5.0171121e+01
   3.6322771e+01  -6.5021132e+01
   9.4926114e+01  -8.1486982e+01
   6.1496073e+01   4.4792891e+00
   5.7014009e+00  -5.5872944e+01
  -4.0971286e+01  -5.6266507e+00
   8.4264580e+01   2.0482591e+01
   1.6262259e+01   2.6021382e+01
   6.4178595e+01   1.8234216e+01
  -1.9016862e+01   3.9328022e+01
   2.1411358e+01   4.4124313e+01
  -7.0929444e+01  -6.7674807e+01
   7.4882551e+01  -3.5545025e+01
  -6.3922586e+01   6.0901835e+00
  -7.3033835e+01   5.2277041e+01
  -2.4241971e+01   8.0604741e+01
   9.4290500e+01  -9.7491266e+01
   4.0822784e+00   8.0828230e+01
  -9.7821639e+01  -1.4992553e+01
  -7.8044649e+01  -5.0172988e+01
  -7.0778006e+01   7.8842494e+01
   7.1225114e+01  -6.3389946e+01
   8.1064416e+01  -6.5042851e+01
   2.0677748e+01  -1.2994236e+01
   4.6502955e+01   1.6251007e+01
   3.4055312e+01  -7.6949565e+00
   1.0794483e+01  -1.1642745e+01
   3.1379963e+01  -5.1653596e+01
  -7.6361000e+00  -7.4321029e+01
   2.7291760e+01  -6.0749861e+01
   3.2499881e+00  -8.4950516e+01
   9.6588864e+01   2.2175196e+01
   5.2677220e+01   2.4011062e+01
  -3.5832788e+01   5.0016462e+01
   3.1606160e+01   3.1147102e+01
   6.3604266e+01  -1.5868686e+01
   1.0127334e+01   3.3909585e+01
  -4.5771414e+01   4.9505754e+01
  -5.2295648e+01  -5.8106213e+01
  -3.5130668e+01   1.8191894e+01
   4.7528967e+01  -9.7433300e+00
  -3.6490292e+01   9.1910253e+01
  -9.3778975e+00   3.6825084e+01
  -2.7513737e+01   4.4532638e+01
  -1.5544521e+01  -1.0702676e+01
  -2.9769229e+01  -4.0206733e+01
  -5.9490351e+01  -2.4650916e+01
  -8.1792171e+01   3.4429134e+01
  -8.2267066e+01   8.6129189e+00
  -9.1807225e+01   9.3406890e+01
   2.4051229e+01  -2.5237504e+01
   4.8288490e+01  -8.9711959e+01
  -7.8451771e+01  -2.9267220e+01
  -9.7043846e+01  -4.4931285e+01
  -7.8263541e+01   8.9186992e+01
  -9.9980411e+01   6.6177116e+01
   5.5036479e+01  -3.3575384e+01
   6.5873012e+01  -4.4953263e+01
   4.8707742e+01  -6.1335927e+01
  -7.8168345e+00  -4.3737377e+00
   1.8246099e+01  -4.0344952e+01
  -1.1452571e+01  -3.1415291e+01
  -4.5201583e+01   2.5493078e+01
  -7.9769816e+01   5.9663338e+01
  -2.9449071e+01   9.9857246e+00
  -3.5206823e+01  -7.0560483e+01
  -1.9979552e+01  -8.6946641e+01
   6.5989179e+01  -5.4924962e+01
   8.7366523e+01  -4.8798561e+01
   3.1614969e+01  -8.4876202e+01
  -4.6740814e+01   1.5613111e+01
  -5.1787858e+01  -6.4139369e+00
  -3.3824679e+01  -9.7714755e+01
  -7.0464182e+01  -7.7662417e+01
   9.7376672e+01  -5.1289671e+01
  -6.4793783e+00  -8.6760710e+01
  -1.1650515e+01  -6.2815857e+01
   8.3354392e+01  -1.7724690e+00
   7.4271099e+01   2.0020478e+01
   7.0690216e+01   1.0687032e+01
   2.8215689e+01  -9.6169384e+01
   2.8108166e+01   5.1548398e+01
   9.2070584e+01  -9.0277815e+00
   8.7820498e+01  -2.3658632e+01
  -2.6558298e+01   2.3560473e+01
  -6.1526234e+01  -6.4285308e+01
  -3.6712379e-03   1.4331849e+01
   2.2071101e+01   3.4151803e+01
  -3.2815673e+01   7.5461747e+01
   8.3313839e+00   4.3740081e+01
  -7.0331115e+01   4.2514480e+01
   8.3698318e+01  -1.4221301e+01
   6.3285601e+01  -5.8969033e+00
  -4.9020109e+01   7.8411460e+01
  -1.0980823e+01   6.7020956e+01
   4.8923376e+01  -1.9645565e+01
   3.7710825e+01  -3.4920152e+01
  -3.6039252e+01   6.0004289e+01
  -7.7400617e+01  -1.8775388e+01
  -9.3692812e+00   4.6796431e+01
  -7.4575740e+01   2.3024204e+01
  -4.6335682e+01   9.0165275e+01
  -8.7983056e+01  -1.3203052e+01
  -2.4196007e+01  -1.9438161e+01
  -5.3747808e+01  -3.2822746e+01
  -3.6626784e+01  -3.2575934e+01
   4.5719164e+00   6.8721262e+01
  -7.8380756e+01  -8.8281977e+00
   2.2817730e+01   8.3892680e+01
   1.2690199e+01   7.5747300e+01
  -3.8804079e+00   7.4062533e+01
  -5.4280011e+01   4.4298597e+01
   1.4569289e+01  -2.0867614e+01
  -7.9979818e+01   4.5084312e+01
   4.3754031e+00   9.0823866e+01
  -5.9757107e+01  -4.2323736e+01
   6.5423503e+01  -8.2084626e+01
   4.8386977e+01   6.0873783e+00
   5.3804719e+01   3.3918576e+01
   2.5787603e+01   2.3016126e+01
   2.4831538e+01  -3.9532209e+00
   3.9686411e+01  -1.5918638e+01
  -2.6621596e+01   9.0310657e+01
  -6.9477145e+01  -2.4865021e+01
   5.5983602e+01  -4.3522142e+01
   3.9066751e+01   9.7001447e+00
   5.5848979e+01   1.2726536e+01
  -7.9754070e+01  -6.2977851e+01
  -5.6165869e+01   8.8337067e+01
  -8.0819844e+01   7.9521357e+01
  -8.4076217e+01  -3.9823640e+01
   4.8870453e+01  -7.9577521e+01
   8.4952293e+01  -3.3421280e+01
   2.0246612e+01  -7.6612006e+01
   1.9470758e+01   6.2787386e+00
   4.7687601e+01  -4.9085196e+01
   4.4732167e+01  -7.0429530e+01
   6.1477579e+00  -3.9818942e+01
  -1.5934088e+00  -3.3529153e+01
  -4.7492357e+00  -2.4070694e+01
  -6.2330240e+00  -1.4229580e+01
   3.0591087e+00  -1.7894737e+01
  -9.3105019e+01   1.5619309e+01
  -9.8719910e+01   3.8204969e+01
   1.9270924e+01  -6.6690414e+01
   1.5509695e+01  -5.7474320e+01
   1.0198084e+01   9.9795521e+00
  -5.2989639e+01  -6.9478673e+01
  -3.6785124e+01  -8.0400606e+01
  -3.7397786e+01  -5.7890609e+01
  -8.9958369e+01   8.3579634e+01
   7.5854183e+01  -4.5479055e+01
   7.7127969e+01  -5.5373727e+01
  -1.7141918e+01  -7.7385581e+01
  -5.7861714e+01  -8.8542810e+01
   2.3357115e+00  -7.4999711e+01
   5.7055001e+01  -8.6319183e+01
   1.1251397e+01  -9.3468429e+01
   1.3342255e+00  -9.4748368e+01
   9.0467766e+01   1.2484911e+01
   9.7285000e+01   5.3757554e+00
   8.8962672e+01   2.9310271e+01
   8.0639774e+01   1.1092146e+01
   5.7187506e-01   3.7475532e+01
  -1.8939454e+01   4.9677440e+01
   2.1317570e+01   5.8887877e+01
   1.8929366e+01  -9.9869020e+01
  -7.6127595e+00   2.7025938e+01
  -3.5575604e+01   2.8171187e+01
   8.4617301e+00   1.9789918e+01
  -6.1538011e+01  -5.4288996e+01
  -2.7156650e+01   3.3542250e+01
  -1.9867073e+01   7.1622949e+01
   3.1190129e+01   4.2034436e+01
   6.1809696e+01   2.7929349e+01
  -3.7166631e+01   3.6203026e+00
  -3.9901949e+01   8.2511628e+01
  -1.1875778e+01  -4.1345525e+01
  -5.9013190e+01   7.8752460e+01
   8.4831486e+01  -9.4252948e+01
  -6.4386379e+01  -1.5813961e+01
  -6.1651119e+01   3.7575170e+01
  -5.2722386e+01   3.2081612e+01
  -7.1785745e+01   3.2624614e+01
  -2.7288077e+01   5.5170617e+01
  -1.7888273e+01   2.9002160e+01
  -1.1058342e+01   5.6631125e+01
  -9.2071447e+01   5.6732345e+00
  -1.4517361e+01  -2.1916019e+01
  -9.6232207e+01  -2.4866176e+01
  -6.4297901e+01  -3.3417344e+01
  -3.4630463e+01  -1.3352856e+01
  -3.5686412e+01   3.8771880e+01
  -2.7347989e+01  -2.8907697e+01
  -4.7921318e+01  -2.4687762e+01
  -4.5677647e+01   3.9178731e+01
  -5.4524692e+01   2.1889696e+01
   1.2991286e+01   8.5747448e+01
  -8.3508983e+01   1.8533189e+01
  -5.4396319e+01  -1.6061532e+01
   1.4634320e+01   5.1472291e+01
   1.4149220e+01   6.5855888e+01
   3.8635834e+01  -4.4858978e+01
   2.9782846e+01  -1.7058450e+01
   4.6778351e+01  -3.9132448e+01
  -7.1249449e+01  -5.7509375e+01
   5.8582725e+01   4.2690162e+01
  -8.6712714e+01   5.2469713e+01
  -2.1953045e+01   9.9150662e+01
  -6.8520719e+01  -4.7133888e+01
   3.9776641e+01   3.6908875e+01
  -1.6378510e+01   8.9081494e+01
   1.5712632e+01  -3.0743181e+01
   7.5019732e+01  -9.6161502e+01
  -5.0202447e+00   8.4956297e+01
   2.2515131e+01   7.3897777e+01
   3.5811357e+01  -2.5119152e+01
  -6.3379528e+01   4.9689574e+01
  -9.7598610e+01   7.7128197e+01
   7.3490020e+01  -1.7279074e+01
   5.7876716e+01  -2.4027989e+01
   6.4908529e+01  -3.5019841e+01
   5.4025226e+01  -2.1609707e+00
  -7.9261866e+01   6.9646701e+01
  -8.4700206e+01  -1.0829598e+00
  -5.1311760e+00   9.4951698e+01
  -8.9307216e+01   7.1117442e+01
   7.6071346e+01  -7.7373865e+00
  -5.4518003e+01   5.4291321e+01
  -3.4824319e-01   5.1095349e+01
  -9.8072145e+01  -5.4966307e+01
   7.0760393e+01   7.1691497e-01
  -7.4123817e+01  -3.8852238e+01
  -6.6236589e+01   8.7751789e+01
  -4.6017233e+01   5.9538728e+01
  -8.8982671e+01  -5.9132604e+01
   7.8136104e+01  -2.6107246e+01
   8.6088014e+00  -6.5435594e+01
   4.2156461e+01   2.5513009e+01
   2.8028391e+01   1.1409557e+01
   3.4814665e+01   1.8738046e+01
   9.5038618e+01  -3.1463778e+01
  -1.7167200e+01  -8.3969743e-01
  -2.5431019e+01  -9.5324778e+00
   9.5974383e+01  -1.7905888e+01
   6.7078205e+01  -7.2368164e+01
   5.8226820e+01  -6.4342350e+01
   5.6025515e+01  -5.4579859e+01
   5.7295813e+01  -7.4284889e+01
   1.8049886e+01   1.6174105e+01
  -9.9599724e+01   2.8244803e+01
  -9.6457942e+01   5.4698050e+01
  -9.3897480e+01  -5.0048651e+00
   2.1668790e+01  -4.9670923e+01
  -2.3960520e+01  -9.6106275e+01
  -1.2824373e+01  -5.1233518e+01
  -3.4059911e+00   4.5679084e+00
   1.5022659e+01  -2.6465912e+00
   1.5164318e+00  -7.9659849e+00
   2.2144664e+01  -8.6566792e+01
   2.9957095e+01  -7.4203690e+01
   3.9000900e+01  -7.8474682e+01
  -7.1630918e+01   9.6669761e+01
  -2.1576934e+01  -4.6410399e+01
  -6.1377488e+01  -3.5803664e+00
  -5.4422530e+01   9.2112196e+00
  -2.1403973e+00  -6.5972994e+01
  -4.2103831e+00  -5.6194369e+01
  -1.3104078e+01  -9.4201020e+01
  -8.2938223e+01   9.8026387e+01
  -4.7092041e+01   2.4108756e+00
  -8.9521189e+01   4.2116441e+01
  -2.8829069e+01  -6.2913579e+01
   9.6776135e+01  -7.1659601e+01
   9.8325770e+01  -6.1645891e+01
  -5.6789902e+01   9.8316969e+01
   8.8775290e+01  -5.8694931e+01
   1.1836290e+01  -4.8011339e+01
  -6.5398928e+01   1.8034675e+01
  -9.3188278e+01  -3.5704468e+01
  -2.9946007e+01  -8.7685548e+01
  -3.9989631e+01  -8.9851633e+01
  -4.9197846e+01  -9.3730649e+01
  -6.0542720e+01  -7.6260488e+01
  -2.0217173e+01  -6.7905055e+01
  -5.1603479e+01  -8.0742672e+01
  -4.3826922e+01  -6.5517647e+01
   3.8891819e+01  -9.1236244e+01
   9.1430601e+01   1.2320944e-01
