  -9.3694243e+01   2.5610644e+01
  -4.9208459e+01   7.4004761e+01
  -9.4653003e+00  -4.2354645e+01
  -1.3957275e+01   7.1095364e+01
   4.3550574e+01   8.1061091e+01
   4.9525636e+01   4.4312760e+01
  -3.2738513e+00   7.8370951e+01
  -1.1080348e+01   6.1511376e+01
  -1.9361319e+01  -3.1209509e+00
   3.6041696e+01   1.8218029e-01
  -2.9970052e+01  -5.2408858e+01
   6.5493469e+01  -5.2047968e+00
   1.5500887e+01  -6.5112026e+01
   1.3741477e+01   3.2358819e+01
  -1.7021994e+01   3.8642924e+01
  -6.9736507e+01   1.2371029e+01
  -7.4504090e+01   5.3400541e+01
   8.2448977e+01  -4.9882729e+01
   8.3614199e+01  -6.3933802e+01
   4.8749091e+01   1.4481194e+01
   1.5986334e+01  -1.3054261e+01
   2.3314327e+01  -5.8906965e+01
  -7.4068170e+00  -7.8158048e+01
   2.3534678e+01  -7.1052414e+01
  -5.2974852e+01  -5.7703770e+01
   4.5194010e+01  -1.0511538e+01
  -2.3550676e+01   4.6084497e+01
  -8.1479033e+01   3.9158019e+01
  -9.0232496e+01   9.7700047e+00
   2.6958538e+01  -1.9670806e+01
  -8.1116399e+01  -2.9454805e+01
   5.0046508e+01  -4.8629382e+01
  -2.5844776e+00  -1.4077530e+01
   1.5255808e+01  -3.3760093e+01
  -8.9811843e+01   5.6653519e+01
  -2.6258578e+01   4.0902772e+00
   7.6479434e+01  -4.1867617e+01
   2.7776254e+01  -8.1349856e+01
  -4.8892521e+01   1.6232963e+01
  -6.0427013e+01  -1.0175999e+01
  -8.5045780e+01  -9.4247416e+01
   7.8609748e+01   2.0664931e+01
   3.4721796e+01   5.5482137e+01
   9.4264290e+01  -7.1417289e+00
  -3.4869526e+01   2.7485424e+01
   1.0338277e+01   1.2385875e+01
  -3.3367214e+01   7.6831678e+01
   2.0461905e+01   4.0319063e+01
  -5.0414021e+01   8.7060754e+01
   5.3939952e+01  -2.9783172e+01
  -5.5890152e+00   5.3205415e+01
  -5.5411865e+01  -3.1843907e+01
  -3.6026724e+01  -2.4655639e+01
  -7.8136569e+01  -1.7297635e+01
   2.6298286e+01   8.9023119e+01
   6.0306960e+00   6.9011081e+01
  -5.3060972e+01   4.3700192e+01
  -6.8613793e+01  -4.5262506e+01
   5.9858080e+01  -8.8244386e+01
   2.9856647e+01   2.2900138e+01
   2.5337927e+01  -9.7921155e+00
   5.1337259e+01  -1.8384454e+01
  -8.4504677e+01  -6.4381328e+01
   8.3787065e+01  -3.5046054e+01
   1.1428026e+01  -4.2989127e+01
  -5.5229179e+00  -3.3186836e+01
  -1.8036110e+00  -2.3975166e+01
  -3.8019801e+01  -5.8226636e+01
  -8.5593510e+01   8.8328987e+01
  -1.1988537e+01  -8.7045551e+01
  -5.9337550e+01  -9.4977048e+01
   2.4207602e+00  -7.9990350e+01
   1.0314594e+01  -9.7632385e+01
  -2.4549676e+00  -9.2688327e+01
   9.1140271e+01   8.0874862e+00
   8.9349859e+01   3.9363373e+01
   8.6257794e+01  -1.1609780e+00
   4.0142884e+00   3.0121438e+01
   1.0339793e+01   2.2377933e+01
  -6.1943429e+01  -6.2122117e+01
   3.0259859e+01   4.2108169e+01
   5.7299438e+01   1.9902792e+01
  -4.4065486e+01   7.3841880e+00
  -6.0337185e+01   8.8231763e+01
   9.6378049e+01  -9.6437100e+01
  -6.8227123e+01  -1.6249854e+01
  -5.2371592e+01   3.3756293e+01
  -7.1974204e+01   3.3562635e+01
  -2.6240075e+01   5.5581880e+01
  -6.6674379e+00   3.3839208e+01
  -4.3520047e+01  -1.8389250e+01
  -3.9790056e+01   3.6141414e+01
  -2.1544454e+01  -2.2912563e+01
  -5.2561574e+01  -2.2298197e+01
   1.5112282e+01   8.4311708e+01
  -9.9432393e+01   1.6890502e+01
   4.0459446e+01  -4.5814639e+01
   4.8137113e+01  -3.7955399e+01
   6.9102430e+01   4.8790566e+01
  -7.5197183e+01  -3.7694654e+01
   4.8318289e+01   3.4408362e+01
   2.4137492e+01   6.9395147e+01
  -7.2534998e+01   4.3534674e+01
   7.2653001e+01  -2.2173028e+01
   7.4112471e+01  -3.2054699e+01
  -9.8811110e+01   6.7970141e+01
  -9.4614704e+01  -6.1180018e+00
  -5.5634188e+01   5.3320802e+01
   1.7422198e+00   5.9982133e+01
   7.6439569e+01  -2.9745025e+00
  -3.2542251e+01   6.3295169e+01
  -8.9145088e+01  -5.5529171e+01
  -1.3690371e+00  -4.1995270e+00
   7.3682064e+01  -6.2885650e+01
   5.2100873e+01  -8.1163016e+01
   1.8531947e+01   6.7180268e+00
   7.6434470e+00  -7.8109033e+00
   4.2117441e+01  -8.0730072e+01
  -1.5773129e+00  -5.5712721e+01
  -1.0465989e+01  -9.8673586e+01
  -5.4656150e+01  -2.1245595e+00
  -2.6120998e+01  -6.1615613e+01
   1.7698943e+01  -5.0691702e+01
  -6.7416070e+01   2.2179969e+01
  -3.8240318e+01  -9.7396142e+01
  -5.8064555e+01  -8.5060086e+01
  -4.8616818e+01  -8.1900616e+01
   8.8192108e+01   1.8975911e+01
   2.3851826e+01   4.9725864e+01
   6.1257032e+01   2.9032088e+01
   5.6934972e+01  -1.0183204e+01
   6.8288177e+01   2.1597629e+01
   3.9494718e+01   4.6715445e+01
  -4.5719602e+01  -6.4567141e+01
  -6.9202365e+01  -5.5246151e+01
   1.3990543e+01   5.1156001e+01
  -2.9337972e+01   1.8281026e+01
  -3.5776602e+01   5.3449523e-02
  -3.1942904e+01   8.6728463e+01
  -2.4106500e+01   7.3157616e+01
  -1.2893922e+01   8.1019662e+01
  -9.7929548e+01  -2.2222314e+01
  -6.9342404e+01  -6.1315784e+00
   4.1487887e+01  -9.5809016e+01
  -6.6157503e+01  -3.3446330e+01
  -1.6408058e+01   5.3063600e+01
  -7.9897522e+01   1.0492467e+01
  -4.0926186e+01   9.1095495e+01
   5.9128062e+01   4.8126312e+01
   3.5266924e+01  -9.7651569e+00
   3.8989592e+01  -3.3947355e+01
   3.6292000e+01   8.8709104e+01
  -8.3861797e+00   9.7631319e+01
  -1.9362761e+01  -4.3381557e+01
  -2.5044952e+01  -3.2219872e+01
  -1.1757478e+01  -2.4919268e+01
  -6.7976639e+01   7.9700786e+01
   5.7345443e+01  -4.1812509e+01
   1.6447500e+01  -2.2980167e+01
   4.1740095e+01   6.2597707e+01
   4.6505170e+01   5.3827973e+01
  -7.9121849e+01  -6.2150652e+00
  -2.4912712e+01   2.7073156e+01
   2.6054212e+01   1.5723808e-01
  -4.2321794e+01   8.1209586e+01
  -7.7584662e+01   8.2368711e+01
   6.6915457e+01  -3.8983451e+01
  -7.9164104e+01  -5.5932305e+01
  -9.9579926e+01   9.6853750e+01
  -7.0257785e+01   8.9442268e+01
   4.4520741e+01   5.4418299e+00
   1.4995646e+01   7.3410026e+01
   5.5052085e+01   6.7344271e+00
  -8.8904383e+01   6.6607820e+01
  -8.6373690e+01  -3.7870351e+01
  -4.0263368e+01   6.9597548e+01
  -7.8698584e+01  -7.2812624e+01
   1.1096925e+01   9.3455904e+01
  -9.9714436e+01   5.8012291e+01
  -9.4398730e+01  -6.6761444e+01
   2.0060355e+01   2.4686897e+01
   9.7661412e+01  -1.9714930e+01
   8.7961315e-01   1.5548707e+01
  -8.5113053e+01   1.4937790e+00
   2.3448848e+01   1.5318793e+01
   8.7103565e+00  -8.7762664e+01
   3.7513478e+00  -3.6699631e+01
   7.5211365e+00  -2.7523358e+01
   6.9538956e+01  -9.0750158e+01
   3.1457385e+01  -6.4638727e+01
   6.4215369e+01  -5.9677472e+01
  -7.6957057e+01   2.0084128e+01
   1.0637863e+01   4.1811080e+01
   3.6306774e+01  -5.4910683e+01
   4.1254397e+01  -6.6564241e+01
   2.7655187e+01  -4.9907926e+01
   5.9437554e+00  -6.2253043e+01
   5.6809517e+01  -7.2350555e+01
   3.4651315e+01  -7.4094588e+01
  -7.3319232e+01   2.9960630e+00
   5.0243858e+01  -9.0984841e+01
  -3.9863378e+01  -7.7159896e+01
   9.3105313e+01  -2.8616458e+01
   7.2929406e+01  -5.2921347e+01
   6.3467657e+01  -4.9708954e+01
  -1.3015358e-01  -4.5861398e+01
  -1.1275252e+01  -5.8015129e+01
  -9.4090671e+01  -3.1516989e+01
  -2.0841962e+01  -1.2991993e+01
  -2.8509871e+01  -6.6697880e+00
  -7.1443544e+01  -7.9688356e+01
  -2.9223401e+01  -9.3072648e+01
  -6.7313972e+01  -8.8788105e+01
   6.6905105e+00  -1.7671492e+01
  -2.1135461e+01  -8.2495268e+01
   8.1318659e+01   7.5904274e+00
   6.9210562e+01   3.9005967e+00
   9.3136853e+01   4.8641440e+01
  -8.4424732e+00   4.3670628e+01
   8.9187848e-01   4.0184030e+01
   5.7512702e+01   3.8278167e+01
   2.3777117e+01   7.9360825e+01
   2.5597893e+01   5.9539655e+01
   6.3354588e+01   1.2121087e+01
   7.3069587e+01   1.2858459e+01
  -2.6940583e+01   3.6746133e+01
  -3.3377161e+01   4.4313928e+01
   2.6484329e+01   3.2353757e+01
  -6.0239256e+01  -5.0861103e+01
  -4.3264247e+01   4.5475847e+01
  -1.5540325e+01   9.0650833e+01
  -5.9534113e+01  -4.0919095e+01
  -3.9267762e+01   1.8555801e+01
  -2.2672533e+01   8.3026589e+01
   8.6646033e+01  -9.3448605e+01
   7.7313165e+01  -9.7039890e+01
   3.6954216e+01  -1.9604829e+01
   6.5753448e+01   5.8211616e+01
  -8.3450725e+01   4.8951208e+01
  -9.1039483e+01   3.6296810e+01
  -8.1199867e+01   2.9175302e+01
  -6.5051145e+01   5.0069388e+01
  -7.2092002e+01  -2.5406133e+01
  -6.2247585e+01  -2.4262094e+01
   3.7737838e+00   4.9730487e+01
  -6.2395028e+01   3.0660279e+01
  -3.9158608e+00   6.8416945e+01
   1.1711752e+01   6.0833905e+01
  -5.0775263e+01  -1.1768202e+01
  -3.7557699e+01  -1.0535643e+01
   3.8645989e+01   3.6783547e+01
   3.0400219e+01   9.8136675e+01
  -2.0754131e+01   6.3807458e+01
  -1.5208950e+01   2.8919385e+01
  -6.6332667e+01  -7.1101678e+01
  -8.7953410e+01  -2.2237636e+01
   3.3762243e+01   7.9037849e+01
  -6.2503752e+01   4.0519212e+01
  -4.5861693e+01   5.5082975e+01
  -5.4919264e+01   2.4116769e+01
   2.4187515e+01  -2.9280447e+01
  -5.8084234e+01   7.8502544e+01
  -3.4688987e+01  -3.4285172e+01
   6.3830393e+01  -1.7460329e+01
   7.2600728e+01  -1.2192282e+01
   4.4756492e+01  -2.5838019e+01
   6.3931225e+01  -2.9440377e+01
   3.4120864e+01   6.9051412e+01
  -6.2237856e+01   9.8042236e+01
  -8.6475399e+01   7.7805898e+01
  -8.6660786e+01   9.8266220e+01
  -4.5586859e+01  -2.9984686e+01
   4.6348864e+01   7.1463728e+01
   2.1839782e+01  -4.1233488e+01
   3.1801129e+01  -4.0831891e+01
  -7.3587922e+01  -6.4225127e+01
  -9.5566380e+01   8.7697332e+01
  -7.8058971e+01   7.2379877e+01
  -8.0662252e+01  -4.6059930e+01
   3.8930600e+01   2.6850241e+01
  -4.4575866e+00   8.8289890e+01
  -4.9013717e+01   9.6961044e+01
  -3.6020595e+01   5.3920681e+01
   8.4191106e+01  -2.4085443e+01
  -9.2123323e+01  -4.6000955e+01
  -1.5360799e+01  -3.4248703e+01
  -1.2249566e+00   5.7874469e+00
  -2.0056328e+01  -5.3328909e+01
   6.6859927e+00   7.8967397e+01
   4.8532433e+01   2.4457376e+01
   5.0840073e+01  -2.2888037e+00
  -5.0045303e+01   6.4088961e+01
   8.7759188e+01  -1.4743688e+01
  -4.5256139e+01   2.6711245e+01
  -4.0395740e+00   2.4222568e+01
  -9.8874088e+01  -5.7818505e+01
   3.1033564e+01   8.8239762e+00
   9.1096889e+01  -4.4871196e+01
   6.5004873e+01  -7.9678828e+01
   2.0405939e+01   9.7097728e+01
  -2.9899067e+01  -1.6941764e+01
   1.5199051e+00   9.6301360e+01
   5.5779949e+01   5.7540402e+01
   9.9498500e+00  -7.3417898e+01
   5.8492079e+01  -9.8147672e+01
  -2.7180738e+01   9.5523166e+01
  -1.1512372e+01  -9.8014102e+00
   6.6469454e+01  -6.9794009e+01
  -8.8489424e+01  -7.4827569e+01
  -9.7032484e+01   7.7808448e+01
   1.6232229e+01  -2.9215676e+00
  -7.9754178e+01   6.2295516e+01
   7.8327409e+00  -5.2320957e+01
  -2.7919607e+01  -7.3632027e+01
   2.6519637e+01  -9.2868529e+01
   1.6243944e+01  -8.1186862e+01
   4.5919407e+01  -5.7727363e+01
   5.4653174e+01  -6.2590637e+01
  -4.0203613e+01  -8.7406193e+01
  -5.4010712e+01   7.7421144e+00
  -4.4878368e+01  -3.8021153e+00
  -6.3465476e+01   4.5824062e+00
  -6.0084441e+01   1.5565891e+01
  -1.9258862e+01  -9.3910759e+01
  -3.4423600e+01   9.8365500e+00
   9.4390280e+01  -8.6637303e+01
  -2.9253523e+01  -4.2520679e+01
  -7.5370512e+01   9.8034348e+01
   3.5249510e+01  -8.7994343e+01
   9.8269969e+01  -7.7422107e+01
  -1.3457547e+01  -7.0198056e+01
  -9.3127051e+01   4.6433108e+01
   9.9469189e+01  -6.4028602e+01
  -4.5299998e+00  -6.5377680e+01
   9.1500474e+01  -7.0068498e+01
  -1.0076788e+01   1.0245695e-03
   9.0094001e+01  -5.6322098e+01
  -8.6604314e+01   1.8786041e+01
   9.7793745e+01  -3.7448425e+01
  -8.6850590e+01  -1.2369978e+01
  -7.4630326e+01  -9.5583065e+01
  -4.9362223e+01  -9.1867470e+01
  -5.1908132e+01  -7.2407485e+01
  -3.1106991e+01  -8.3251702e+01
  -7.8850738e+01  -8.6400463e+01
  -3.6114094e+01  -6.7950461e+01
   9.9746285e+01   4.1202729e+01
   9.7795794e+01   3.1514498e+01
   9.7954636e+01   2.0368683e+01
   8.8458625e+01   2.8834605e+01
  -9.9539361e+01   6.5657437e+00
