   5.8456759e+01  -1.1698105e+01
  -4.2283498e+01   6.7029875e+01
  -9.9791613e+01   5.8001248e+00
  -8.3435131e+01   8.1305486e+01
   4.1077701e+00  -8.3288968e+01
   5.7589716e+01  -9.4409452e+01
   5.7043383e+01  -5.1380557e+01
  -1.3627955e+01  -6.6927417e+01
   8.0862291e+01  -6.5031634e+01
  -9.9464327e+01  -1.2762222e+01
  -3.9640615e+01   3.9399597e+01
   5.0271994e+01  -3.2859827e+01
  -8.9592097e+01   2.2379637e+01
  -5.6663772e+01   5.2530687e+01
  -4.7408274e+01  -1.7267598e+01
  -7.2350234e+01  -1.0731237e+00
  -7.9522030e+01   3.6621172e+01
  -3.8656363e+01   2.1631216e+01
   4.0974737e+01  -8.1300094e+01
   2.3398042e+01  -1.9744475e+01
   4.1291888e+00  -1.6934087e+01
   3.0954057e+01  -4.1546760e+01
   9.7916479e+00  -3.7156396e+01
   7.6687050e+01  -4.8163384e+01
   1.1934286e+01  -6.8401717e+01
   3.5810842e+01  -7.2736967e+01
   1.9489364e+00  -6.7992855e+01
   4.1649694e+01  -5.3568628e+01
  -2.2816556e+01   6.2816432e+01
  -9.8345247e+01   5.3697055e+01
  -8.4808759e+01  -2.3745789e+01
  -4.3600528e+01  -8.0214212e+00
  -1.2949594e+01   2.8859105e+01
  -6.1474074e+01   7.9579707e+01
  -8.6780015e+01   6.1272475e+01
  -6.1929793e+01   4.6707398e+00
   8.0780792e+01  -2.1516875e+01
  -4.8553534e+01   1.8563657e+01
  -7.0495961e+01   2.8511877e+01
   3.8479504e+01  -3.9416431e+00
  -1.3700796e+01  -5.3579791e+01
   1.8294615e+01  -4.5043288e+01
  -1.0046489e+01  -3.4081521e+01
   3.2123924e+01  -8.5949978e+01
   5.9436844e+01  -8.4582171e+01
  -5.0585817e+01   6.0848936e+01
  -4.2532438e+01   7.7026491e+01
  -1.6868734e+01   4.3727573e+01
  -8.0178257e+01   5.1493744e+00
  -6.2738419e+01  -2.9770293e+01
  -2.9650646e+01   3.9835420e+01
  -8.5892310e+01   9.0998900e+01
  -7.8900764e+01  -1.5677611e+01
  -4.3486890e+01   1.9772094e+00
  -2.4594318e+01   8.2351607e-01
   7.0867898e+01  -2.6170083e+01
  -9.6521351e+01   6.3529229e+01
  -5.1607353e+01   8.1230723e+01
  -9.9345716e+01   3.5666996e+01
  -4.9593120e+01   4.0365693e+01
  -7.0339818e+01   4.0581774e+01
   4.1015734e+01  -2.8321687e+01
  -6.0745007e+01   4.3402849e+01
   2.4057066e+01  -5.9946659e+00
  -9.2722094e-02  -3.3149269e+01
   1.4057379e+01  -5.9993623e+00
  -1.8968564e+01  -3.8595077e+01
   1.6550863e+01  -7.7271773e+01
   4.8516772e+01  -9.8889261e+01
   9.4086471e+01  -5.7839282e+01
   6.2574161e+01  -6.2433975e+01
   5.0814879e+01  -7.9531194e+01
  -1.2900226e+01  -7.9621277e+01
  -2.5428319e+01   7.2469332e+01
  -5.1356782e+01   7.1233898e+01
  -2.1092425e+01   3.4663396e+01
  -4.0102496e+01   5.7270990e+01
  -3.1188164e+01   5.1913682e+01
  -6.2910317e+01  -1.9219156e+01
  -2.5256251e+01   2.5571550e+01
   7.3781252e+01  -3.8597317e+01
   7.7433528e+01  -1.2093911e+01
  -9.6646758e+01   1.5292605e+01
  -9.9034562e+01   2.5672022e+01
  -7.7914183e+01   1.6947133e+01
  -8.0321459e+01   2.6652820e+01
  -3.2420489e+01   7.0480353e+00
   6.0424126e+01  -2.1963221e+01
  -3.7480755e+01  -1.5929897e+01
  -5.5938682e+01  -1.2050102e+01
  -9.1404787e+01  -3.1261928e+01
  -7.9638914e+01   6.8269953e+01
  -8.6979830e+01   1.2727329e+01
  -5.1557080e+01   9.1235239e+01
   7.8503669e+01  -9.4925180e+01
  -7.4327796e+01   9.4390878e+01
   6.7093946e+01  -9.9242001e+01
  -4.1258517e+01   1.1725320e+01
  -9.1509077e+01   4.1877914e+01
  -5.6930155e+01   2.4023560e+01
   9.3138025e+00  -4.9433903e+01
   5.6680006e+01  -4.0556247e+01
   3.1557634e+01  -3.1565177e+01
  -7.7194927e+01   5.6265943e+01
   1.7222037e+01  -2.7607558e+01
   4.8766364e+01  -9.2295511e+00
  -8.8556542e+01   3.2325037e+01
   3.2233740e+01  -1.1750796e+01
  -9.0126073e+01   3.2355169e+00
   7.2963465e+00  -2.6416675e+01
  -7.9820419e+01   4.6616692e+01
  -6.8089008e+01   1.8806128e+01
  -5.0684959e+00  -2.9483113e+00
  -6.0728444e+00  -2.4156422e+01
  -6.9619197e+01   8.5569178e+01
  -9.3384158e+01   8.2314078e+01
   1.6701454e+00  -4.2989273e+01
  -1.0598683e+01  -4.4065544e+01
  -3.7744539e+00  -5.1372416e+01
  -8.8581325e+01   5.1437900e+01
  -2.5481478e+01  -4.8108440e+01
  -6.7983986e+01   5.0300202e+01
  -4.6985549e+01   5.0018547e+01
   8.3714716e+01  -4.1050187e+01
   6.7018589e+01  -5.0708041e+01
   2.6541926e+01  -7.6489895e+01
   2.9579165e+01  -6.1241568e+01
   6.1376400e+00  -9.3580017e+01
   9.0592033e+01  -4.8310614e+01
  -3.2586400e+00  -7.6526178e+01
  -5.4126607e+00  -6.1231941e+01
  -5.4381440e+00  -8.6283646e+01
   1.3475547e+01  -8.6786797e+01
  -5.3523624e+01  -2.3460268e+00
  -3.2741262e+01   6.4038432e+01
   6.8014478e+01  -1.5452726e+01
  -8.7257466e+00   3.7923184e+01
  -2.0072254e+01   5.3200462e+01
   8.3796505e+01  -3.1050968e+01
  -4.2486356e+01   8.7026172e+01
  -7.2056021e+01  -2.6139652e+01
  -4.4569359e+01   3.0502712e+01
  -3.4202585e+01   3.0584644e+01
   5.8967591e+01  -1.6762866e+00
  -2.9937143e+01   1.6734770e+01
  -9.4630219e+01   9.5861918e+01
  -5.4143461e+01  -2.4659063e+01
  -3.4663355e+01  -2.7278624e+00
  -1.2830406e+01   6.2293502e+01
  -6.3259695e+01  -5.2392451e+00
  -7.0945331e+01   8.9973524e+00
  -8.1096157e+01  -5.9215853e+00
  -2.7907518e+01  -1.8819748e+01
   4.8460798e+01  -4.6250315e+01
  -8.9437966e+01  -1.2831302e+01
  -4.2715227e+01  -2.6097566e+01
   6.4737132e+01  -3.4332691e+01
  -8.9208651e+01   7.1171529e+01
  -6.1553610e+01   9.1479297e+01
   6.4397328e+01  -7.5899543e+01
  -9.4546171e+01  -2.1469217e+01
  -7.4425657e+01   7.6801597e+01
   4.7453410e+01  -8.8946998e+01
   2.2960910e+01  -8.9950194e+01
   4.1904258e+01  -3.8407201e+01
   3.3203785e+01  -2.1702941e+01
  -7.9835308e+01  -3.2423162e+01
  -5.1817581e+01   7.5072180e+00
   7.0757409e+01  -6.8182910e+01
   4.1445932e+01  -1.6041499e+01
   2.8591510e+01  -9.8214084e+01
   3.8470415e+01  -9.6662899e+01
   2.2611752e+01  -3.6027701e+01
   4.6181339e+01   2.4362721e+00
   2.0106911e+01   3.1919303e+00
   1.6508300e+01  -5.7541334e+01
   2.5228303e+01  -5.2243572e+01
  -5.9172242e+01   1.4281050e+01
   4.1015974e+00  -6.9357624e+00
  -5.4381994e+00  -1.4026351e+01
   8.1712121e+00   2.1979002e+00
  -9.9487669e+01   7.3078918e+01
   1.4125063e+01  -1.6001484e+01
   5.0464569e+01  -2.2861681e+01
   5.0937614e+01  -6.0779414e+01
  -5.7313878e+01   3.4012657e+01
  -1.6716576e+01  -2.6632293e+01
  -2.2787802e+01  -5.7754275e+01
  -2.8967258e+01  -3.8672942e+01
   3.9357585e+01  -6.3298251e+01
   4.5955300e+01  -7.0801053e+01
   9.6641678e+01  -4.0352969e+01
   8.3565389e+01  -5.5415587e+01
   7.3316936e+01  -5.8473244e+01
   1.5623789e+01  -9.6743756e+01
   2.1898528e+01  -6.7635624e+01
   9.0861614e+01  -6.7305025e+01
   6.8242204e+01  -8.9310794e+01
   6.5968700e+00  -5.9056030e+01
  -2.0975954e+01  -7.3707510e+01
  -3.5392323e+00  -9.6100674e+01
