  -9.3040485e+01   2.4881104e+01
  -4.9220073e+01   7.3765844e+01
  -9.7741768e+00  -4.2446516e+01
  -1.4297413e+01   7.0977683e+01
   4.3489788e+01   8.0996504e+01
   4.9416402e+01   4.4253681e+01
  -3.2934971e+00   7.8258137e+01
  -1.1134604e+01   6.1510725e+01
  -1.9368425e+01  -3.2531394e+00
   3.6015464e+01   1.5717011e-01
  -2.9846491e+01  -5.2015723e+01
   6.5345540e+01  -4.8145514e+00
   1.5461768e+01  -6.5003001e+01
   8.9048721e+01   1.5702637e+01
   1.3932956e+01   3.2358126e+01
  -1.6988778e+01   3.8591318e+01
  -6.9713321e+01   1.2436553e+01
  -7.4566961e+01   5.3472026e+01
   8.2322264e+01  -4.9807895e+01
   8.3462644e+01  -6.3984101e+01
   4.8661032e+01   1.4455884e+01
   1.5499968e+01  -1.2355915e+01
   2.3243953e+01  -5.8744587e+01
  -7.3912254e+00  -7.8170243e+01
   2.3463628e+01  -7.0999674e+01
  -5.3217979e+01  -5.7546071e+01
   4.4808659e+01  -1.0436437e+01
  -2.3486042e+01   4.6000555e+01
  -8.1157004e+01   3.9162695e+01
  -9.2489834e+01   8.8074804e+00
   2.7033934e+01  -1.9712253e+01
  -8.0791573e+01  -2.9164728e+01
   4.9937255e+01  -4.8577803e+01
  -2.8767495e+00  -1.4105140e+01
   1.4862814e+01  -3.3644725e+01
  -8.9714696e+01   5.6535116e+01
  -2.6185314e+01   4.0094958e+00
   7.6328777e+01  -4.1851324e+01
   2.7866718e+01  -8.1261012e+01
  -4.8864347e+01   1.6267157e+01
  -6.0331732e+01  -9.7500264e+00
  -8.4901701e+01  -9.4066161e+01
   8.0443025e+01   2.1022237e+01
   3.4708828e+01   5.5377302e+01
   9.4179461e+01  -7.0785736e+00
  -3.4992243e+01   2.7386517e+01
   1.0401915e+01   1.2338030e+01
  -3.3346096e+01   7.6792806e+01
   2.0249873e+01   4.0422346e+01
  -5.0360191e+01   8.6966058e+01
   5.3876295e+01  -2.9715101e+01
  -5.7784762e+00   5.3156231e+01
  -5.5452921e+01  -3.1771898e+01
  -3.6744559e+01  -2.4815747e+01
  -7.7666736e+01  -1.7112500e+01
   2.6261137e+01   8.8938438e+01
   6.0309403e+00   6.8803007e+01
  -5.2995120e+01   4.3734467e+01
  -6.8545310e+01  -4.5312047e+01
   5.9886323e+01  -8.8134915e+01
   2.9906889e+01   2.2646350e+01
   2.5029856e+01  -9.9201184e+00
   5.1054012e+01  -1.8210002e+01
  -8.4480042e+01  -6.4302484e+01
   8.3700555e+01  -3.5125880e+01
   1.1257328e+01  -4.2923355e+01
  -5.6555872e+00  -3.3199299e+01
  -1.9136957e+00  -2.3969163e+01
  -3.7676566e+01  -5.7803078e+01
  -8.5497015e+01   8.8246813e+01
  -1.1993743e+01  -8.7038621e+01
  -5.9344513e+01  -9.4922983e+01
   2.4392178e+00  -7.9962320e+01
   1.0312584e+01  -9.7620056e+01
  -2.4576867e+00  -9.2690356e+01
   9.3304869e+01   6.5998173e+00
   9.0593305e+01   3.5614486e+01
   8.6148725e+01  -1.1286046e+00
   4.0865276e+00   3.0051127e+01
   1.0433510e+01   2.2330274e+01
  -6.1911724e+01  -6.2344927e+01
   3.0067756e+01   4.2010958e+01
   5.7155449e+01   1.9915924e+01
  -4.3953620e+01   7.5445706e+00
  -6.0282178e+01   8.8130068e+01
   9.6372036e+01  -9.6407172e+01
  -6.7802060e+01  -1.6108918e+01
  -5.2482927e+01   3.3767426e+01
  -7.1813138e+01   3.3758852e+01
  -2.6346975e+01   5.5378599e+01
  -6.9471696e+00   3.3758202e+01
  -4.3539445e+01  -1.8056505e+01
  -3.9668748e+01   3.6132772e+01
  -2.1451807e+01  -2.2938439e+01
  -5.2312213e+01  -2.2369227e+01
   1.5024185e+01   8.4157242e+01
  -9.9084626e+01   1.6254295e+01
   4.0399624e+01  -4.5744870e+01
   4.8296404e+01  -3.8020663e+01
   6.9066539e+01   4.8774152e+01
  -7.5063526e+01  -3.7792723e+01
   4.8122219e+01   3.4365947e+01
   2.4139180e+01   6.9346228e+01
  -7.2387712e+01   4.3713137e+01
   7.2646358e+01  -2.2179866e+01
   7.3917191e+01  -3.2081067e+01
  -9.8803665e+01   6.7985233e+01
  -9.4236104e+01  -6.2860298e+00
  -5.5564399e+01   5.3373252e+01
   1.5739175e+00   5.9872548e+01
   7.6293833e+01  -2.7456183e+00
  -3.2573693e+01   6.3138438e+01
  -8.9144644e+01  -5.5348561e+01
  -1.9159054e+00  -4.2208338e+00
   7.3629639e+01  -6.2930118e+01
   5.2059251e+01  -8.1037306e+01
   1.8622009e+01   6.7032384e+00
   6.8573698e+00  -7.8266700e+00
   4.2090855e+01  -8.0668371e+01
  -1.6794095e+00  -5.5497873e+01
  -1.0474034e+01  -9.8665719e+01
  -5.4200781e+01  -2.0382458e+00
  -2.6240662e+01  -6.1318516e+01
   1.7561148e+01  -5.0592825e+01
  -6.7557820e+01   2.2192867e+01
  -3.8226079e+01  -9.7389322e+01
  -5.7754012e+01  -8.5026419e+01
  -4.8429346e+01  -8.1726717e+01
   8.9294127e+01   2.5699388e+01
   2.3832060e+01   4.9748423e+01
   6.1271507e+01   2.8989977e+01
   5.6960642e+01  -1.0198585e+01
   6.8323932e+01   2.1569939e+01
   3.9468203e+01   4.6621757e+01
  -4.6045526e+01  -6.4252993e+01
  -6.8964841e+01  -5.5292943e+01
   1.3946726e+01   5.0891806e+01
  -2.9329934e+01   1.8286912e+01
  -3.6032176e+01   2.3673445e-01
  -3.1849776e+01   8.6677254e+01
  -2.4227091e+01   7.2823302e+01
  -1.2914379e+01   8.0826189e+01
  -9.7569382e+01  -2.2218164e+01
  -6.9264889e+01  -6.1234785e+00
   4.1584577e+01  -9.5728322e+01
  -6.6085189e+01  -3.3318552e+01
  -1.6460099e+01   5.3077152e+01
  -7.9546020e+01   1.0427617e+01
  -4.0922817e+01   9.0842046e+01
   5.9101304e+01   4.7987353e+01
   3.4905594e+01  -9.7354891e+00
   3.9180680e+01  -3.4090426e+01
   3.6254861e+01   8.8649829e+01
  -8.3613792e+00   9.7551221e+01
  -1.9670581e+01  -4.3223830e+01
  -2.5177204e+01  -3.2149427e+01
  -1.1755628e+01  -2.5001257e+01
  -6.7836980e+01   7.9728601e+01
   5.7358386e+01  -4.1987151e+01
   1.6588712e+01  -2.2205599e+01
   4.1681914e+01   6.2530813e+01
   4.6422417e+01   5.3767468e+01
  -7.9000309e+01  -5.5148030e+00
  -2.5062086e+01   2.7061763e+01
   2.6026005e+01   2.5098097e-03
  -4.2375333e+01   8.0976523e+01
  -7.7433762e+01   8.2383723e+01
   6.6799649e+01  -3.9051271e+01
  -7.9164320e+01  -5.5842077e+01
  -9.9561188e+01   9.6811518e+01
  -7.0185941e+01   8.9454583e+01
   4.4495958e+01   5.3973906e+00
   1.4965307e+01   7.3228699e+01
   5.4974537e+01   6.7082800e+00
  -8.8917080e+01   6.6486512e+01
  -8.6004460e+01  -3.7555211e+01
  -4.0206685e+01   6.9527991e+01
  -7.8629966e+01  -7.2728698e+01
   1.1095336e+01   9.3329498e+01
  -9.9586390e+01   5.8019030e+01
  -9.4385990e+01  -6.6775055e+01
   2.0152630e+01   2.4636619e+01
   9.7654612e+01  -1.9728243e+01
   9.9486918e-01   1.5646689e+01
  -8.5131606e+01   2.1913552e+00
   2.3393734e+01   1.5256291e+01
   8.6995717e+00  -8.7753871e+01
   3.6811567e+00  -3.6527717e+01
   7.3675111e+00  -2.7345841e+01
   6.9538173e+01  -9.0749318e+01
   3.1288996e+01  -6.4597868e+01
   6.4221950e+01  -5.9635401e+01
  -7.7261026e+01   2.0061534e+01
   1.0416300e+01   4.1641985e+01
   3.6289925e+01  -5.4853441e+01
   4.1113971e+01  -6.6356386e+01
   2.7660758e+01  -4.9781251e+01
   5.9093469e+00  -6.2060203e+01
   5.6929173e+01  -7.2370375e+01
   3.4687040e+01  -7.3978030e+01
  -7.3160593e+01   2.9305847e+00
   5.0286283e+01  -9.0848141e+01
  -4.0335549e+01  -7.6174886e+01
   9.3114417e+01  -2.8633978e+01
   7.2947119e+01  -5.3030610e+01
   6.3617069e+01  -4.9681660e+01
  -3.3434499e-01  -4.5623797e+01
  -1.1363159e+01  -5.7588650e+01
  -9.4002866e+01  -3.1585166e+01
  -2.1297016e+01  -1.2992216e+01
  -2.8545043e+01  -6.1486119e+00
  -7.1404746e+01  -7.9624935e+01
  -2.9211903e+01  -9.3076191e+01
  -6.7038424e+01  -8.8560201e+01
   6.4612374e+00  -1.7602092e+01
  -2.1139913e+01  -8.2495608e+01
   8.2472411e+01   8.1698106e+00
   6.9292891e+01   4.3398917e+00
   9.4930050e+01   4.4625105e+01
   9.8591100e+01   2.1971221e+01
  -8.4410718e+00   4.3613696e+01
   7.6106124e-01   3.9822636e+01
   5.7344319e+01   3.8162754e+01
   2.3721820e+01   7.9291061e+01
   2.5640630e+01   5.9526631e+01
   6.3849946e+01   1.2630840e+01
   7.3852938e+01   1.3238291e+01
  -2.6877641e+01   3.6708761e+01
  -3.3313481e+01   4.4231256e+01
   2.6315616e+01   3.2501088e+01
  -6.0174441e+01  -5.0633320e+01
  -4.3188462e+01   4.5411338e+01
  -1.5406769e+01   9.0473152e+01
  -5.9520949e+01  -4.0789721e+01
  -3.9255021e+01   1.8438680e+01
  -2.2715849e+01   8.2670211e+01
  -9.9768174e+01   1.9771587e+00
   8.6645679e+01  -9.3448741e+01
   7.7312393e+01  -9.7038844e+01
   3.7017639e+01  -1.9471779e+01
   6.5678370e+01   5.8179323e+01
  -8.3390710e+01   4.8846694e+01
  -9.0694235e+01   3.6377681e+01
  -8.0940316e+01   2.9260514e+01
  -6.4890731e+01   5.0089960e+01
  -7.1802894e+01  -2.5174084e+01
  -6.1979895e+01  -2.4214473e+01
   3.4724150e+00   4.9409154e+01
  -6.2337401e+01   3.0639127e+01
  -3.9073130e+00   6.8315687e+01
   1.1546851e+01   6.0523057e+01
  -5.0993864e+01  -1.1938219e+01
  -3.7055409e+01  -1.0796944e+01
   3.8457298e+01   3.6734791e+01
   3.0360577e+01   9.8048585e+01
  -2.0848681e+01   6.3512144e+01
  -1.5424717e+01   2.8876455e+01
  -6.6475958e+01  -7.1100858e+01
  -8.7612962e+01  -2.1978684e+01
   3.3701316e+01   7.8988666e+01
  -6.2423259e+01   4.0517843e+01
  -4.5833395e+01   5.4968490e+01
  -5.4910315e+01   2.4090396e+01
   2.3752214e+01  -2.9145028e+01
  -5.7978883e+01   7.8422438e+01
  -3.4842242e+01  -3.4166295e+01
   6.3838200e+01  -1.7454670e+01
   7.2642837e+01  -1.2187924e+01
   4.4683734e+01  -2.5836322e+01
   6.3861149e+01  -2.9506857e+01
   3.4107413e+01   6.9011617e+01
  -6.2215734e+01   9.7929180e+01
  -8.6456851e+01   7.7815401e+01
  -8.6650018e+01   9.8169915e+01
  -4.5628292e+01  -2.9992227e+01
   4.6274951e+01   7.1397912e+01
   2.1946064e+01  -4.0506265e+01
   3.1827880e+01  -4.0717740e+01
  -7.3604440e+01  -6.4115722e+01
  -9.5468285e+01   8.7693036e+01
  -7.8042776e+01   7.2406567e+01
  -8.0758122e+01  -4.6012940e+01
   3.8803895e+01   2.6843190e+01
  -4.4017800e+00   8.8181483e+01
  -4.8892974e+01   9.6856888e+01
  -3.6074314e+01   5.3776390e+01
   8.4210315e+01  -2.4093729e+01
  -9.1700409e+01  -4.5702091e+01
  -1.5495247e+01  -3.4228697e+01
  -1.1951729e+00   5.9019938e+00
  -2.0108132e+01  -5.3133928e+01
   6.6501582e+00   7.8755184e+01
   4.8365090e+01   2.4420673e+01
   5.0722893e+01  -2.4024498e+00
  -5.0072917e+01   6.3889479e+01
   8.7758741e+01  -1.4744903e+01
  -4.5261558e+01   2.6709780e+01
  -4.0482364e+00   2.4238429e+01
  -9.8831932e+01  -5.7820574e+01
   3.0955509e+01   8.7502457e+00
   9.0958649e+01  -4.4893903e+01
   6.5016569e+01  -7.9622995e+01
   2.0382167e+01   9.7019425e+01
  -2.9941775e+01  -1.7753556e+01
   1.5386566e+00   9.6218696e+01
   5.5719735e+01   5.7390474e+01
   9.9655201e+00  -7.3382422e+01
   5.8510576e+01  -9.8014199e+01
  -2.7182380e+01   9.5520073e+01
  -1.1880142e+01  -9.8846696e+00
   6.6529752e+01  -6.9805281e+01
  -8.8402078e+01  -7.4781090e+01
  -9.7031476e+01   7.7822126e+01
   1.4945432e+01  -2.3694967e+00
  -7.9754178e+01   6.2295516e+01
   7.7117941e+00  -5.2232302e+01
  -2.8740483e+01  -7.3043016e+01
   2.6555010e+01  -9.2848766e+01
   1.6235350e+01  -8.1181442e+01
   4.6049583e+01  -5.7721508e+01
   5.4718386e+01  -6.2652068e+01
  -4.0199464e+01  -8.7404115e+01
  -5.3920501e+01   7.8062530e+00
  -4.4634437e+01  -4.4323289e+00
  -6.3369528e+01   4.7079731e+00
  -6.0133088e+01   1.5568866e+01
  -1.9257689e+01  -9.3898117e+01
  -3.4268390e+01   9.8490972e+00
   9.4421381e+01  -8.6605732e+01
  -2.9480667e+01  -4.2250453e+01
  -7.5356554e+01   9.8011074e+01
   3.5278449e+01  -8.7972644e+01
   9.8094110e+01  -7.7319198e+01
  -1.3443333e+01  -7.0216732e+01
  -9.3088301e+01   4.6442898e+01
   9.9432303e+01  -6.4056106e+01
  -4.8151751e+00  -6.5057835e+01
   9.1379053e+01  -6.9968425e+01
  -1.0352698e+01  -2.9120956e-02
  -9.9766981e+01   3.2239158e+01
   8.9854374e+01  -5.6334937e+01
  -8.6893614e+01   1.7077049e+01
   9.7666006e+01  -3.7525783e+01
  -8.6281680e+01  -1.2170132e+01
  -7.4351013e+01  -9.5324907e+01
  -4.9343328e+01  -9.1639473e+01
  -5.1847614e+01  -7.2347017e+01
  -3.1105792e+01  -8.3258836e+01
  -7.8693813e+01  -8.6307380e+01
  -3.6594549e+01  -6.7215522e+01
