   3.0527148e+01   5.3492116e+01
   7.8750594e+01  -3.8974667e+01
  -3.8199705e+01   2.0482075e+01
   3.1917578e+01   3.9180525e+01
  -8.7324053e+01  -5.1132434e+01
   8.7639757e+01   2.6607717e+01
   4.4167541e+01   5.7500678e+00
   8.2460025e+00   7.8386373e+01
  -3.6222906e+01  -8.8468650e+01
  -6.4306687e+01   3.1547537e+01
  -7.1786531e+01  -5.6823125e+00
   2.1712571e+01  -8.8621113e+01
  -2.7444707e+01  -2.6946690e+01
  -3.0697681e+01  -4.9211203e+01
   2.8377889e+01  -1.5051838e+01
   1.6590209e+01  -1.7269315e+01
  -3.3737136e+01   4.7858939e+01
   2.8960732e+01  -6.6197968e+01
  -6.2299251e+01  -7.9836096e+00
  -5.5691573e+01  -8.9427938e-01
   7.1302102e+00  -6.8950969e+01
  -4.2472985e+01  -6.9950520e+01
   5.3108757e+01   2.3420131e+01
  -5.8139251e+01  -1.6750803e+01
  -2.0228336e+00   7.0496149e+01
  -3.4657683e+01   9.1742803e+01
   1.1531085e+01   1.5041208e+01
   5.0433714e+01   7.4952708e+01
   5.8702414e+01  -2.9217313e+01
  -2.8258776e+01   2.0929694e+01
   4.5894706e+01   4.1194500e+01
   4.8087347e+01   6.1883289e+01
   4.3199328e+01  -5.2350779e+01
   3.1505461e+01  -8.6600464e+01
   3.2271208e+01  -3.5080443e+01
  -4.5590642e+01   1.3839335e+01
  -9.3428684e+01   2.2421141e+01
  -7.5421339e+01   3.4805096e+01
  -4.7734470e+00  -6.2590932e+01
  -2.1431742e+01  -9.0740084e+01
   8.8243979e-02  -4.0571268e+01
  -4.4177755e+01   3.1532228e+01
  -3.9951364e+01   6.0987923e+00
  -3.3250748e+01  -5.8813595e+01
   1.3493354e+01  -5.4661432e+01
   3.6996418e+01   1.6739123e+01
  -1.9883498e+01   7.1242546e+01
  -5.9993364e+01  -4.4640852e+01
   2.4735509e+01   8.6227567e+01
   6.7988931e+01  -1.2647130e+01
   7.7979796e+01  -8.2590994e+00
  -2.1784398e+01   4.5398937e+01
   6.6131253e+01  -2.2458092e+01
  -3.6795181e+01   5.7291821e+01
   1.1809057e+01   5.8653133e+01
  -6.5933661e+00   5.7749290e+01
  -1.8474996e+01  -1.0308569e+01
   1.1041694e+01   2.4832776e+01
  -1.5631000e+00  -1.3720542e+01
   3.5499393e+01  -2.2623270e+01
   5.0427585e+01  -3.4827651e+01
  -4.4913394e+01  -8.3532916e+01
  -6.5416286e+01   2.1674222e+01
  -6.4692625e+01   5.0171042e+01
   9.1930309e+00  -3.5906421e+01
  -7.3426321e+01   1.5056692e+01
  -9.0644155e+01  -2.8772667e+01
  -3.9578451e+01  -9.9579132e+00
  -7.5051758e+01   4.6156975e+00
   5.6620339e+00  -7.8839559e+01
  -8.8223838e+01  -1.0486820e+01
   5.0715934e+01  -5.8932160e+01
   8.0688062e+01   1.2801709e+00
  -2.2638895e+01  -6.6104848e+01
  -1.7345762e+01  -2.5732486e+01
  -5.6355090e+01  -6.7142281e+01
  -3.2344027e+00   9.3445153e+01
  -8.3798856e+00  -3.0065604e+01
   8.0617395e+00  -1.1706868e+01
  -4.3392636e+01   8.6877471e+01
  -1.1105215e+01   6.6491084e+01
   6.2805062e+01   4.3728836e+01
   6.0497808e+01   1.6723507e+01
  -8.5156979e+01  -3.8021796e+01
   1.8383623e+01   8.0214920e+00
  -1.6291576e+01   3.3897722e+01
   2.8470651e+01   6.4387210e+01
   9.4372915e+00   6.8543570e+01
   8.9355171e+01  -3.6099712e+00
   8.4718996e+01  -3.0954243e+01
  -4.3676933e+01   4.9599142e+01
  -4.9848720e+01   7.0892037e+01
  -5.6291241e+01  -3.5383032e+01
  -3.1183902e+01  -3.9060262e+01
   2.2854485e+01   3.2660903e+01
   5.7416703e+01   5.2147918e+01
   3.7986069e+01   4.7086171e+01
  -7.3369100e+00   1.2792759e+00
   5.2572102e+01  -9.2663907e-02
   2.8800659e-01   2.6159622e+01
   5.8964896e+01  -4.0995889e+01
   3.9203851e+01  -4.2318156e+01
   4.2979670e+01  -8.2460816e+01
   5.7443608e+01  -5.1213567e+01
   3.3344365e+01  -5.0753381e+01
   4.9565284e+01  -2.4869284e+01
  -5.9836043e+01  -7.9765200e+01
  -2.7823570e+01  -8.3060753e+01
  -7.8821793e+01   4.4161810e+01
  -1.3098448e+01  -6.9637173e+01
  -2.1573107e+01  -3.4737615e+01
  -7.4648603e+01   2.4969467e+01
  -6.7632884e+01   4.0861094e+01
  -5.4374958e+01   3.0822150e+01
  -5.6380520e+01   1.8054194e+01
  -8.2815451e+01   1.0896999e+01
  -2.3807300e+01  -1.8160526e+01
  -5.3891183e+01   8.6096759e+00
  -8.5504662e+01  -2.0081188e+01
  -7.8546259e+01  -1.2971702e+01
  -6.5363651e+01   1.9307752e+00
  -4.6620239e+01  -1.8583352e+01
  -5.4688989e+01  -2.5739607e+01
  -3.4185520e+01  -1.6573769e+00
   4.9219072e+01  -7.4646561e+01
   1.5511290e+00  -2.9499742e+01
  -6.4020703e+01   1.1775226e+01
  -8.6501662e-01  -9.4728004e+01
  -4.2461785e+00  -5.2621180e+01
   6.2496793e+00   3.3374913e+01
  -8.1336822e+01  -3.2933143e+00
   1.3952393e+01  -4.4687181e+01
  -1.7725563e+01  -6.1942578e-01
  -4.8159173e+01   2.3054414e+01
  -1.3743593e+01  -4.9813445e+01
   8.9353997e+01   6.3779405e+00
  -1.9295019e+01   8.1602032e+01
   8.8375089e+01   1.6305662e+01
  -1.6813451e+00   8.0388218e+01
  -4.3149742e+01  -5.9982812e+01
   2.4567190e+01  -7.6692787e+01
  -1.1818105e+01  -8.7996466e+01
   4.6386064e+00  -5.9269549e+01
  -4.7856293e+00  -7.5158272e+01
   4.3924103e+01  -4.9350178e+00
   2.4989877e+01   7.6336436e-01
  -3.7997630e+01   6.8193891e+01
  -2.9595414e+01   7.3557720e+01
   4.7024631e+01   3.1304839e+01
  -7.5294104e+01  -3.6879460e+01
  -6.2757155e+01  -5.6437958e+01
   7.0977509e+01   4.9459717e+01
   7.9506448e+01   2.0807667e+01
   3.6770768e+01   8.8137350e+01
  -4.3999072e+00   3.6408150e+01
  -1.9457257e+01   6.1276179e+01
  -1.0813314e+01   7.6350935e+01
   4.9777965e+00   8.7785976e+01
   6.2183950e+01   3.9708704e+00
   1.9333637e+01   6.8371602e+01
  -2.9002289e+01   3.8866966e+01
  -2.6271849e+01   5.4192333e+01
   2.7283146e+01   7.4361013e+01
  -5.3306568e+01   5.5677993e+01
   8.3877604e+01  -1.6266465e+01
   9.3243265e+01  -1.2795082e+01
  -6.4533629e+01  -2.4315068e+01
  -4.5088471e+00   4.8172393e+01
  -4.6039584e+01  -3.0098813e+01
   4.4957919e+00   5.2132830e+01
   2.1485113e+01   5.7266710e+01
   7.0926646e+01   6.6566124e+01
   2.2910292e+01   4.3312971e+01
   5.7675406e+01   6.4655201e+01
   4.6682248e+01   5.1986976e+01
  -3.8713216e+01   3.9511050e+01
  -9.2831734e+00  -7.9289134e+00
   5.3326921e+01   9.8197166e+00
   2.3764857e+00  -3.3814881e+00
   8.7328306e+00   5.6312663e+00
  -2.9134013e+01   6.3660474e+01
   1.9768202e+00   1.6955953e+01
  -7.9372502e+01  -2.7865880e+01
  -3.6348502e+01  -7.7849263e+01
  -8.5261263e+01   3.6144453e+01
  -4.8479792e+01   4.0155860e+01
   2.6477760e+01  -2.6929756e+01
   6.8956120e+01  -4.0982101e+01
   5.7323213e+01  -1.7809221e+01
   6.7895288e+01  -5.0908331e+01
   4.9725522e+01  -4.4794739e+01
   3.4554429e+01  -7.7078903e+01
   5.1769818e+01  -8.7225996e+01
   2.6665309e+01  -4.3359572e+01
   4.1292306e+01  -3.0768854e+01
   4.7773740e+01  -1.5033895e+01
  -5.0811726e+01  -7.5462664e+01
   2.2767692e+01  -5.8356064e+01
  -5.4913893e+01  -8.8487888e+01
  -3.1804332e+01  -9.7436101e+01
   7.0907232e+01  -3.1207512e+01
  -3.2285139e+01  -6.8729688e+01
  -2.0839552e+01  -7.5932325e+01
  -7.4166570e+01   5.2985616e+01
  -1.4331716e+01  -5.9754169e+01
  -8.3613980e+01   2.0825855e+01
  -8.4503326e+01   5.2371093e+01
  -9.5219295e+01  -1.7903745e+01
  -2.3613376e+01  -5.6170996e+01
  -8.8982266e+01   3.0447149e+00
  -9.9115224e+00  -3.9935849e+01
   5.6075475e+01  -6.7369075e+01
  -9.0851503e+01   4.4415434e+01
  -3.4609243e+01   2.9762200e+01
   3.6873183e+01  -6.0089187e+01
   4.0793795e+01  -6.9272415e+01
  -9.5069717e+01   3.4351548e+01
   1.0980784e+01  -9.0503784e+01
  -3.2362703e+01   1.2168219e+01
   2.8704217e+01   2.4550973e+01
  -1.0145928e+01   8.6258428e+01
   7.5441938e+00  -2.1580263e+01
  -6.8896008e+01  -1.5405713e+01
   1.5732894e+01  -2.7223314e+01
   2.0731291e+01   1.8618990e+01
   1.2842795e+01  -3.1452748e+00
  -2.2053133e+01  -4.4523306e+01
   1.9520408e+01  -3.6420545e+01
   6.9128777e+01   1.1138687e+01
  -5.2870121e+01  -5.7769464e+01
   5.0977656e+00  -4.9246237e+01
   9.9126596e+01   4.2696639e+00
   9.7956775e+01   1.9086037e+01
  -6.6311574e+01  -6.5777385e+01
  -1.4262234e+01  -9.7705728e+01
   3.8057745e+01  -1.2964647e+01
   1.5461137e+01  -8.0817453e+01
  -2.3318827e+00  -8.4842019e+01
   2.1121826e+01  -8.3835125e+00
  -3.6676275e+01  -1.9501701e+01
  -1.1087086e+01  -1.7953864e+01
  -3.8569177e+01   7.8138189e+01
  -2.9110425e+01   8.3463035e+01
   1.7064108e+01  -7.0085108e+01
   7.6398491e+01  -2.2873451e+01
  -2.2665410e+01   9.1073530e+01
  -7.7364926e+01  -5.5964105e+01
  -6.9101650e+01  -4.8728367e+01
   5.5073906e+01   3.7434661e+01
   3.7067207e+01   3.0666126e+01
   7.6473246e+01   5.7803821e+01
   6.1062890e+01   2.9473446e+01
   6.9434045e+01   2.1105867e+01
   4.1889773e+01   6.9728483e+01
   3.1721459e+01   8.2435474e+00
   3.6509752e+01   7.8149341e+01
   7.9104081e+01   1.0997809e+01
   3.4482555e+01  -1.9282339e+00
  -1.2354948e+01   4.2625007e+01
   1.3448796e+01   9.3038549e+01
   3.8384401e+01   5.9598450e+01
  -1.4873070e+01   5.2411408e+01
  -4.5620698e+01   6.1862868e+01
   1.8238706e+01   7.8627694e+01
  -2.4899573e+01   2.9947356e+01
  -5.5893890e+01   4.6167385e+01
  -6.5943961e+01  -3.4085619e+01
  -4.5806559e+01  -1.6476600e+00
  -2.8248006e+01  -9.3553484e+00
  -9.0893898e+00   2.7616853e+01
   9.1037702e+01  -2.3207192e+01
  -5.1236880e+01  -9.7796570e+00
   6.0634759e+01  -5.9143404e+00
   6.9952749e+01  -2.3243504e+00
  -3.6374799e+01  -3.0587183e+01
   2.3840641e+00   6.1694440e+01
   6.5351961e+01   5.8255292e+01
   1.4377590e+01   3.8518679e+01
   3.4970311e+00   4.2507589e+01
   1.3961980e+01   4.8460064e+01
  -7.8737905e+01  -4.6112682e+01
  -2.6348396e+01   4.3045806e+00
  -6.9971635e-01   7.9417508e+00
