  -7.3993213e+01   1.1537651e+00
  -8.9792033e+01   2.6325891e+01
  -2.5923696e+00  -4.5140798e+01
  -5.0421766e+01   6.8528467e+01
  -8.6476546e+01  -2.3180641e+01
   6.2006480e+00  -2.7399795e+01
  -2.0440849e+01  -3.6187809e+01
   1.2531322e+01  -8.2773105e+01
  -6.2727929e+01   2.7580114e+01
  -7.2611674e+01   1.1057037e+01
   6.7655310e+01  -2.5883817e+01
  -1.9687032e+01   6.1689835e+01
   9.4257202e+01  -4.1428863e+01
   2.8975331e+01   6.6295486e+01
  -8.8474560e+01  -4.9181906e+01
   4.7603364e+01   4.3563323e+01
  -2.0242231e+01  -5.7848779e+01
  -2.6731831e+01  -7.7353645e+01
  -1.2749014e+01   7.8700909e+01
  -4.0435143e+01   6.9019804e+01
  -2.8435294e+01   6.6519209e+01
   2.4043838e+00   2.7560897e+01
  -2.5361216e+00   6.1781462e+01
  -2.7160192e+01   3.8486793e-01
  -3.8092058e+01  -2.2715924e+01
   6.8587110e+00   5.8501151e+01
  -4.4551581e+01  -1.5016123e+01
   4.0435009e+01  -5.6020687e+01
   5.6732277e+01  -9.6804741e+01
   2.7655508e+01  -3.4624204e+01
   6.5816334e+01  -9.2259133e+01
   4.0997965e+01  -4.6852319e-01
   3.1693549e+01   2.3465771e+00
   5.8082901e+00   1.0104686e+00
  -3.0868456e+01  -5.0182562e+01
   3.6340994e+01  -6.5141087e+01
   9.4926114e+01  -8.1486982e+01
   6.1476620e+01   4.4690592e+00
   5.7140994e+00  -5.5948901e+01
  -4.1024216e+01  -5.5817147e+00
   8.7389084e+01   1.4677452e+01
   1.6205906e+01   2.6103560e+01
   6.4577231e+01   1.3631936e+01
  -1.9143775e+01   3.9366952e+01
  -7.0947130e+01  -6.7691862e+01
   7.4748926e+01  -3.5609922e+01
  -6.3929249e+01   6.0899737e+00
  -7.3057657e+01   5.2267103e+01
  -2.4254930e+01   8.0659356e+01
   9.4294987e+01  -9.7492804e+01
   4.0929165e+00   8.0829160e+01
  -9.7821639e+01  -1.4992553e+01
  -7.8814074e+01  -5.0101036e+01
  -7.0778006e+01   7.8842494e+01
   7.1691083e+01  -6.3408568e+01
   8.1520164e+01  -6.5084649e+01
   2.0423750e+01  -1.3244629e+01
   4.5701076e+01   1.5983515e+01
   3.4163704e+01  -7.7886486e+00
   1.0663406e+01  -1.1567099e+01
   3.1360111e+01  -5.1863656e+01
  -7.5424847e+00  -7.4315533e+01
   2.7266406e+01  -6.0952292e+01
   2.7836391e+00  -8.4975977e+01
   5.0331531e+01   2.4587940e+01
  -3.5849139e+01   5.0054049e+01
   3.1912760e+01   3.0212754e+01
   6.3625307e+01  -1.5798857e+01
  -4.5797015e+01   4.9425077e+01
  -5.4590527e+01  -5.5775673e+01
  -3.5270565e+01   1.8249991e+01
   4.5266474e+01  -9.1563338e+00
  -3.6506207e+01   9.1939387e+01
  -9.7414772e+00   3.6716455e+01
  -2.7563146e+01   4.4554238e+01
  -1.5630153e+01  -1.0809519e+01
  -2.9769229e+01  -4.0206733e+01
  -5.9505655e+01  -2.4556377e+01
  -8.1792171e+01   3.4429134e+01
  -8.2307179e+01   8.6190044e+00
  -9.1808678e+01   9.3410993e+01
   2.3935252e+01  -2.5356210e+01
   4.7509145e+01  -9.0586041e+01
  -7.8525957e+01  -2.9149360e+01
  -9.7312410e+01  -4.4806237e+01
  -7.8260009e+01   8.9197679e+01
  -9.9980411e+01   6.6177116e+01
   5.4937580e+01  -3.3508854e+01
   6.5957468e+01  -4.5240854e+01
   4.8970190e+01  -6.1200152e+01
  -7.9355721e+00  -4.4490325e+00
   1.8257809e+01  -4.0397643e+01
  -1.1724771e+01  -3.1299947e+01
  -4.5243964e+01   2.5482825e+01
  -7.9778990e+01   5.9670302e+01
  -2.9483582e+01   1.0102416e+01
  -3.4090761e+01  -7.1192651e+01
  -1.9963671e+01  -8.7065189e+01
   6.6088210e+01  -5.5188839e+01
   8.7333853e+01  -4.8641398e+01
   3.1794873e+01  -8.4594793e+01
  -4.6730053e+01   1.5595218e+01
  -5.1777481e+01  -6.3538393e+00
  -3.3811011e+01  -9.7843085e+01
  -7.1071804e+01  -7.7737496e+01
   9.7376672e+01  -5.1289671e+01
  -7.1807113e+00  -8.6380935e+01
  -1.1644038e+01  -6.2936399e+01
   8.2402396e+01  -1.5251541e+00
   7.7985424e+01   1.7652934e+01
   2.8126935e+01  -9.4711565e+01
   3.0998941e+01   5.5216610e+01
   9.2195569e+01  -1.1407527e+01
  -2.6564016e+01   2.3550416e+01
  -3.6712379e-03   1.4331849e+01
  -3.2819585e+01   7.5500008e+01
   9.3902682e+00   3.9371644e+01
  -7.0375863e+01   4.2511105e+01
   8.2808959e+01  -1.4744988e+01
   6.3294948e+01  -5.7199990e+00
  -4.9030751e+01   7.8430410e+01
  -1.1014665e+01   6.7041633e+01
   3.7631864e+01  -3.5184581e+01
  -3.6044194e+01   6.0039352e+01
  -7.7641327e+01  -1.8619641e+01
  -9.5649710e+00   4.6657068e+01
  -7.4568659e+01   2.3007078e+01
  -4.6351854e+01   9.0190389e+01
  -8.7983056e+01  -1.3203052e+01
  -2.4220597e+01  -1.9386317e+01
  -5.3494622e+01  -3.2520811e+01
  -3.6580454e+01  -3.2590884e+01
   4.6035093e+00   6.8785628e+01
  -7.8341781e+01  -8.7213475e+00
   2.2818797e+01   8.3903912e+01
   1.2701392e+01   7.5746877e+01
  -3.8868594e+00   7.4068524e+01
  -5.4353704e+01   4.4275079e+01
   1.4178794e+01  -2.0946710e+01
  -8.0030285e+01   4.5099087e+01
   4.3754336e+00   9.0824936e+01
  -5.9170317e+01  -4.0424530e+01
   6.5194684e+01  -8.1975126e+01
   4.8055597e+01   6.1642572e+00
   5.0919680e+01   3.4361272e+01
   2.5571659e+01   2.2648029e+01
   2.4740735e+01  -4.4166259e+00
   3.9404754e+01  -1.6910420e+01
  -2.6631580e+01   9.0368760e+01
  -6.9652112e+01  -2.4335519e+01
   5.5997501e+01  -4.3525898e+01
   3.8517496e+01   9.3981334e+00
   5.5019980e+01   1.2883060e+01
  -8.0138522e+01  -6.3429549e+01
  -5.6179236e+01   8.8344141e+01
  -8.0822614e+01   7.9532106e+01
  -8.4198186e+01  -3.9879806e+01
   4.9034114e+01  -7.9907261e+01
   8.5159597e+01  -3.3642901e+01
   2.0487111e+01  -7.6711052e+01
   1.9513752e+01   6.2732988e+00
   4.7664534e+01  -4.9122295e+01
   4.5086394e+01  -7.0349427e+01
   6.2210685e+00  -3.9723518e+01
  -1.7581372e+00  -3.3710092e+01
  -4.7441868e+00  -2.4176960e+01
  -6.2847317e+00  -1.4309872e+01
   3.0239025e+00  -1.7931485e+01
  -9.3105678e+01   1.5625696e+01
  -9.8772175e+01   3.8196576e+01
   1.9261707e+01  -6.6898051e+01
   1.5537569e+01  -5.7671003e+01
   1.0242393e+01   9.9343267e+00
  -5.3103256e+01  -7.2006360e+01
  -3.6908163e+01  -8.0667476e+01
  -3.7316438e+01  -5.7824165e+01
  -8.9965406e+01   8.3582426e+01
   7.5949381e+01  -4.5530875e+01
   7.7637682e+01  -5.5380996e+01
  -1.6915836e+01  -7.7540982e+01
  -5.8009729e+01  -8.8713270e+01
   2.4096858e+00  -7.4974483e+01
   5.6613788e+01  -8.6810553e+01
   1.5525826e+01  -9.2735589e+01
  -2.8686765e+00  -9.5244414e+01
   8.9855753e+01   5.0912480e+00
   8.9993570e+01   3.4560829e+01
   7.9497505e+01   7.9285423e+00
  -7.3662860e-02   3.7168538e+01
  -1.8987152e+01   4.9674028e+01
   2.2030352e+01   5.9638290e+01
  -7.5608423e+00   2.7006517e+01
  -3.5641886e+01   2.8236664e+01
   8.5181487e+00   1.9733634e+01
  -6.3079205e+01  -5.9814274e+01
  -2.7184035e+01   3.3521893e+01
  -1.9866253e+01   7.1680772e+01
   2.8482050e+01   3.9327762e+01
   5.9707803e+01   2.2798432e+01
  -3.7144874e+01   3.6354050e+00
  -3.9915546e+01   8.2539588e+01
  -1.1814602e+01  -4.1273811e+01
  -5.9024754e+01   7.8758097e+01
   8.4835459e+01  -9.4249761e+01
  -6.4492144e+01  -1.5807750e+01
  -6.1715322e+01   3.7521378e+01
  -5.2742142e+01   3.2096725e+01
  -7.1784177e+01   3.2611207e+01
  -2.7281641e+01   5.5192385e+01
  -1.7888273e+01   2.9002160e+01
  -1.1081960e+01   5.6619025e+01
  -9.2086601e+01   5.6813670e+00
  -1.4492735e+01  -2.1697077e+01
  -9.6292313e+01  -2.4876496e+01
  -6.5034523e+01  -3.2859459e+01
  -3.4709600e+01  -1.3329818e+01
  -3.5697420e+01   3.8759431e+01
  -2.7288619e+01  -2.8902583e+01
  -4.7878651e+01  -2.4443457e+01
  -4.5684528e+01   3.9180266e+01
  -5.4548750e+01   2.1829988e+01
   1.2990552e+01   8.5747586e+01
  -8.3515867e+01   1.8542219e+01
  -5.4491301e+01  -1.5951895e+01
   1.5603919e+01   5.2905923e+01
   1.4163918e+01   6.5854093e+01
   3.8588644e+01  -4.5041845e+01
   2.9524625e+01  -1.7118711e+01
   4.6747493e+01  -3.9188167e+01
  -7.2348042e+01  -5.7417931e+01
   5.8660051e+01   4.2828635e+01
  -8.6750394e+01   5.2501855e+01
  -2.1930592e+01   9.9192999e+01
  -6.9804526e+01  -4.6608324e+01
   3.9854934e+01   3.6854990e+01
  -1.6378510e+01   8.9081494e+01
   1.5583951e+01  -3.0808713e+01
   7.5021025e+01  -9.6167285e+01
  -4.9907064e+00   8.5006273e+01
   2.2525024e+01   7.3913794e+01
   3.5009909e+01  -2.5683812e+01
  -6.3400994e+01   4.9673965e+01
  -9.7601505e+01   7.7125752e+01
   7.3331798e+01  -1.7737599e+01
   5.7854305e+01  -2.3959163e+01
   6.4735792e+01  -3.5378282e+01
   5.3955402e+01  -1.9072730e+00
  -7.9259071e+01   6.9655871e+01
  -8.4730552e+01  -1.0739019e+00
  -5.1318367e+00   9.5004092e+01
  -8.9307216e+01   7.1117442e+01
   7.4816864e+01  -7.9313690e+00
  -5.4525533e+01   5.4272676e+01
  -1.2519004e+00   5.1692478e+01
  -9.8143243e+01  -5.4933520e+01
   7.0888431e+01   1.2237019e+00
  -7.4400739e+01  -3.8083597e+01
  -6.6236589e+01   8.7751789e+01
  -4.6029841e+01   5.9545388e+01
  -8.9100585e+01  -5.9135055e+01
   7.8388194e+01  -2.6308367e+01
   8.6321679e+00  -6.5512501e+01
   4.0862827e+01   2.6400937e+01
   2.7957072e+01   1.1480907e+01
   3.4736108e+01   1.8654056e+01
   9.5038887e+01  -3.1460362e+01
  -1.7241198e+01  -8.2999809e-01
  -2.5513177e+01  -9.4687465e+00
   9.7324389e+01  -1.9979365e+01
   6.7009933e+01  -7.2191062e+01
   5.8469590e+01  -6.4310434e+01
   5.6167829e+01  -5.4299251e+01
   5.7234147e+01  -7.4228506e+01
   1.8029212e+01   1.6176647e+01
  -9.9608355e+01   2.8231900e+01
  -9.6502930e+01   5.4708285e+01
  -9.3917407e+01  -5.0133664e+00
   2.1624316e+01  -4.9775430e+01
  -2.3945781e+01  -9.6239538e+01
  -1.2865475e+01  -5.1182767e+01
  -3.4724218e+00   4.4743434e+00
   1.5019855e+01  -2.6141161e+00
   1.4011578e+00  -7.9421502e+00
   2.2379446e+01  -8.6317179e+01
   3.0130431e+01  -7.4092863e+01
   3.9226296e+01  -7.8298614e+01
  -7.1623641e+01   9.6677966e+01
  -2.1630432e+01  -4.6353914e+01
  -6.1383629e+01  -3.5802506e+00
  -5.4431641e+01   9.2174227e+00
  -2.0788211e+00  -6.5967593e+01
  -4.2539900e+00  -5.6215210e+01
  -1.3257471e+01  -9.4479903e+01
  -8.2941472e+01   9.8034022e+01
  -4.7070368e+01   2.4531917e+00
  -8.9569881e+01   4.2107272e+01
  -2.8768818e+01  -6.2886903e+01
   9.6776135e+01  -7.1659601e+01
   9.8482300e+01  -6.1696587e+01
  -5.6790415e+01   9.8325240e+01
   8.9015926e+01  -5.8492125e+01
   1.1790204e+01  -4.8018608e+01
  -6.5359497e+01   1.7937422e+01
  -9.3249826e+01  -3.5671435e+01
  -2.9929113e+01  -8.7805301e+01
  -4.0077586e+01  -9.0079334e+01
  -4.9337440e+01  -9.3788187e+01
  -6.1263233e+01  -7.7138175e+01
  -2.0224950e+01  -6.8055574e+01
  -5.1301214e+01  -8.1458163e+01
  -4.2107058e+01  -6.6490823e+01
   3.7812789e+01  -9.2433881e+01
   9.6430044e+01  -2.3770487e+00
   9.5519671e+01   2.5207911e+01
   8.5582275e+01   2.4438802e+01
   9.8572859e+01   1.1605927e+01
   2.3895333e+01   4.7908913e+01
   6.0417979e+01   3.2689360e+01
   5.4625992e+01  -1.1861422e+01
   6.9224995e+01   2.1657114e+01
   3.5582082e+01   4.6338244e+01
  -5.0556591e+01  -6.3235787e+01
  -6.1045879e+01  -4.9679578e+01
   6.6824527e+00  -9.5880025e+01
   7.5766533e+00   4.8616267e+01
