  -6.7092793e+01   2.4050167e+01
   2.7266140e+01  -4.4502107e+01
  -9.7690396e+01   3.0604780e+01
   3.6465623e+01  -6.8225766e+01
  -7.2184833e+01   4.1653968e+01
  -8.2740910e+01   6.9619810e+01
   5.4045996e+01  -4.0723983e+01
   4.2164439e+01  -5.6837015e+01
  -9.9128144e+01   4.5713864e+01
  -7.4015594e+01   1.6839772e+01
  -8.1252609e+01   3.7444372e+01
  -9.3183293e+01   2.0117983e+01
   2.7325990e+01  -6.4168827e+01
   5.1315633e+01  -6.3215252e+01
  -9.2628444e+01   6.8131123e+01
  -5.9054956e+01   4.1320734e+01
  -7.5753232e+01   2.9087618e+01
  -5.7849149e+01   2.7933043e+01
  -6.6503429e+01   5.0034678e+01
  -8.9940328e+01   5.5470822e+01
  -8.3205449e+01   2.0780334e+01
   3.5584070e+01  -7.9033349e+01
   1.7837654e+01  -4.1170287e+01
   3.7261006e+01  -4.4902077e+01
   2.9111858e+01  -5.4329959e+01
   4.5297533e+01  -7.2915047e+01
  -5.6595987e+01   5.1387373e+01
  -8.0952383e+01   9.6401658e+00
  -8.5561194e+01   4.6481707e+01
  -7.9232344e+01   6.0264581e+01
  -6.4293895e+01   1.4453068e+01
  -6.5821045e+01   3.3960370e+01
  -7.6482668e+01   5.0665198e+01
  -9.0924698e+01   1.0373224e+01
  -9.1927887e+01   3.8775131e+01
  -8.7632513e+01   2.9745700e+01
  -9.9979231e+01   5.6113627e+01
   4.6885320e+01  -4.7732004e+01
   2.6853329e+01  -7.4157536e+01
   3.1915429e+01  -3.5648821e+01
   4.4828855e+01  -8.2903941e+01
   5.4801308e+01  -5.3842416e+01
   1.0037380e+01  -4.7427673e+01
   1.9271117e+01  -5.1408057e+01
   1.7381861e+01  -6.5221828e+01
   5.5285973e+01  -7.2438913e+01
   4.3815511e+01  -3.7349696e+01
