   5.8457552e+01  -1.1698307e+01
  -4.2283467e+01   6.7030159e+01
  -9.9791941e+01   5.7992630e+00
  -8.3435131e+01   8.1305486e+01
   4.1053907e+00  -8.3288089e+01
   5.7588982e+01  -9.4413347e+01
   5.7035822e+01  -5.1384375e+01
  -1.3637637e+01  -6.6932144e+01
   8.0861233e+01  -6.5025909e+01
  -9.9464327e+01  -1.2762221e+01
  -3.9639361e+01   3.9398967e+01
   5.0271994e+01  -3.2859827e+01
  -8.9592086e+01   2.2378348e+01
  -5.6660778e+01   5.2532035e+01
  -4.7406850e+01  -1.7269309e+01
  -7.2350939e+01  -1.0726470e+00
  -7.9522859e+01   3.6620720e+01
  -3.8656367e+01   2.1631218e+01
   4.0974207e+01  -8.1298416e+01
   2.3400667e+01  -1.9736494e+01
   4.1272436e+00  -1.6930367e+01
   3.0953980e+01  -4.1548025e+01
   9.7963821e+00  -3.7152997e+01
   7.6682004e+01  -4.8156035e+01
   1.1932555e+01  -6.8403844e+01
   3.5810532e+01  -7.2734820e+01
   1.9422526e+00  -6.7994736e+01
   4.1644481e+01  -5.3555538e+01
  -2.2815510e+01   6.2816761e+01
  -9.8345354e+01   5.3696475e+01
  -8.4808765e+01  -2.3745806e+01
  -4.3600328e+01  -8.0222378e+00
  -1.2948390e+01   2.8859010e+01
  -6.1474074e+01   7.9579707e+01
  -8.6783020e+01   6.1274095e+01
  -6.1932158e+01   4.6661818e+00
   8.0780571e+01  -2.1516061e+01
  -4.8552265e+01   1.8564239e+01
  -7.0495195e+01   2.8513656e+01
   3.8480073e+01  -3.9405038e+00
  -1.3700796e+01  -5.3579791e+01
   1.8285046e+01  -4.5039070e+01
  -1.0052356e+01  -3.4079535e+01
   3.2123050e+01  -8.5951335e+01
   5.9447947e+01  -8.4587784e+01
  -5.0585817e+01   6.0848936e+01
  -4.2532493e+01   7.7026983e+01
  -1.6868613e+01   4.3727495e+01
  -8.0178993e+01   5.1499590e+00
  -6.2738732e+01  -2.9770674e+01
  -2.9649087e+01   3.9836819e+01
  -8.5892310e+01   9.0998900e+01
  -7.8900724e+01  -1.5677658e+01
  -4.3484599e+01   1.9769259e+00
  -2.4592608e+01   8.2215610e-01
   7.0867898e+01  -2.6170083e+01
  -9.6525209e+01   6.3529412e+01
  -5.1607359e+01   8.1230967e+01
  -9.9348813e+01   3.5665806e+01
  -4.9592424e+01   4.0364807e+01
  -7.0340659e+01   4.0581246e+01
   4.1023172e+01  -2.8319135e+01
  -6.0748034e+01   4.3405923e+01
   2.4057068e+01  -5.9937809e+00
  -9.6948430e-02  -3.3142654e+01
   1.4057144e+01  -5.9991891e+00
  -1.8974295e+01  -3.8595428e+01
   1.6552845e+01  -7.7272386e+01
   4.8517492e+01  -9.8895969e+01
   9.4086471e+01  -5.7839282e+01
   6.2574161e+01  -6.2433975e+01
   5.0817820e+01  -7.9538991e+01
  -1.2900226e+01  -7.9621277e+01
  -2.5428333e+01   7.2469384e+01
  -5.1356851e+01   7.1234114e+01
  -2.1091663e+01   3.4662971e+01
  -4.0099378e+01   5.7271687e+01
  -3.1188164e+01   5.1913682e+01
  -6.2910560e+01  -1.9219405e+01
  -2.5256286e+01   2.5571451e+01
   7.3781746e+01  -3.8586264e+01
   7.7433196e+01  -1.2092975e+01
  -9.6647840e+01   1.5292100e+01
  -9.9034533e+01   2.5670791e+01
  -7.7914855e+01   1.6946022e+01
  -8.0320397e+01   2.6652322e+01
  -3.2418512e+01   7.0473954e+00
   6.0424126e+01  -2.1963221e+01
  -3.7480469e+01  -1.5930859e+01
  -5.5937561e+01  -1.2051630e+01
  -9.1404800e+01  -3.1261943e+01
  -7.9638987e+01   6.8270736e+01
  -8.6980483e+01   1.2725506e+01
  -5.1555520e+01   9.1235969e+01
   7.8503669e+01  -9.4925180e+01
  -7.4328858e+01   9.4392869e+01
   6.7092029e+01  -9.9258487e+01
  -4.1256638e+01   1.1725470e+01
  -9.1511959e+01   4.1877156e+01
  -5.6931073e+01   2.4022261e+01
   9.3072901e+00  -4.9441901e+01
   5.6685915e+01  -4.0552157e+01
   3.1565510e+01  -3.1566788e+01
  -7.7194927e+01   5.6265943e+01
   1.7227323e+01  -2.7603087e+01
   4.8767656e+01  -9.2274087e+00
  -8.8556054e+01   3.2324330e+01
   3.2234162e+01  -1.1749909e+01
  -9.0126723e+01   3.2334244e+00
   7.2990517e+00  -2.6413424e+01
  -7.9819711e+01   4.6616395e+01
  -6.8089720e+01   1.8807339e+01
  -5.0714149e+00  -2.9470427e+00
  -6.0728444e+00  -2.4156422e+01
  -6.9618252e+01   8.5571954e+01
  -9.3384158e+01   8.2314078e+01
   1.6726737e+00  -4.2984084e+01
  -1.0602429e+01  -4.4064244e+01
  -3.7741687e+00  -5.1369493e+01
  -8.8580796e+01   5.1437476e+01
  -2.5481478e+01  -4.8108440e+01
  -6.7990317e+01   5.0301161e+01
  -4.6982318e+01   5.0017850e+01
   8.3717571e+01  -4.1049806e+01
   6.7012231e+01  -5.0703161e+01
   2.6547164e+01  -7.6501711e+01
   2.9576632e+01  -6.1236851e+01
   6.1362432e+00  -9.3580792e+01
   9.0608364e+01  -4.8298344e+01
  -3.2662930e+00  -7.6530402e+01
  -5.4224830e+00  -6.1231579e+01
  -5.4422860e+00  -8.6290328e+01
   1.3473452e+01  -8.6786377e+01
  -5.3523791e+01  -2.3469892e+00
  -3.2740075e+01   6.4041981e+01
   6.8014478e+01  -1.5452726e+01
  -8.7253008e+00   3.7923508e+01
  -2.0072269e+01   5.3200412e+01
   8.3797079e+01  -3.1050192e+01
  -4.2484600e+01   8.7026814e+01
  -7.2056175e+01  -2.6139539e+01
  -4.4569359e+01   3.0502712e+01
  -3.4202585e+01   3.0584644e+01
   5.8967591e+01  -1.6762866e+00
  -2.9937208e+01   1.6734661e+01
  -9.4630219e+01   9.5861918e+01
  -5.4143636e+01  -2.4659512e+01
  -3.4661197e+01  -2.7290132e+00
  -1.2829257e+01   6.2293442e+01
  -6.3262845e+01  -5.2445704e+00
  -7.0945490e+01   8.9974288e+00
  -8.1096570e+01  -5.9217265e+00
  -2.7906920e+01  -1.8819929e+01
   4.8461019e+01  -4.6239529e+01
  -8.9437966e+01  -1.2831302e+01
  -4.2714084e+01  -2.6099716e+01
   6.4732644e+01  -3.4330577e+01
  -8.9208971e+01   7.1171626e+01
  -6.1552355e+01   9.1482722e+01
   6.4397611e+01  -7.5898730e+01
  -9.4546174e+01  -2.1469217e+01
  -7.4424307e+01   7.6802970e+01
   4.7447946e+01  -8.8953565e+01
   2.2958801e+01  -8.9952587e+01
   4.1904258e+01  -3.8407201e+01
   3.3205373e+01  -2.1702471e+01
  -7.9835352e+01  -3.2423197e+01
  -5.1816650e+01   7.5061816e+00
   7.0757997e+01  -6.8182196e+01
   4.1447948e+01  -1.6040623e+01
   2.8591872e+01  -9.8215029e+01
   3.8470669e+01  -9.6662859e+01
   2.2615734e+01  -3.6026466e+01
   4.6182352e+01   2.4371106e+00
   2.0106549e+01   3.1927719e+00
   1.6508300e+01  -5.7541334e+01
   2.5231372e+01  -5.2231516e+01
  -5.9174508e+01   1.4277913e+01
   4.1006976e+00  -6.9307757e+00
  -5.4413902e+00  -1.4025382e+01
   8.1731445e+00   2.2022354e+00
  -9.9488109e+01   7.3080335e+01
   1.4124486e+01  -1.6001251e+01
   5.0464569e+01  -2.2861681e+01
   5.0937614e+01  -6.0779414e+01
  -5.7316328e+01   3.4013916e+01
  -1.6720665e+01  -2.6627724e+01
  -2.2787802e+01  -5.7754275e+01
  -2.8973772e+01  -3.8672993e+01
   3.9361804e+01  -6.3290646e+01
   4.5966604e+01  -7.0796570e+01
   9.6655515e+01  -4.0334758e+01
   8.3572182e+01  -5.5402376e+01
   7.3310688e+01  -5.8470007e+01
   1.5621716e+01  -9.6747041e+01
   2.1902475e+01  -6.7646304e+01
   9.0861614e+01  -6.7305025e+01
   6.8252599e+01  -8.9326606e+01
   6.5939522e+00  -5.9066371e+01
  -2.0984620e+01  -7.3715508e+01
  -3.5392751e+00  -9.6107366e+01
