  -7.0360866e+01   9.7083188e+01
   5.6870416e+01  -1.1416865e+01
   9.1831191e+00  -5.0869028e+01
   4.3683206e+01  -5.0736361e+01
  -4.1026964e+01   6.4733549e+01
  -9.2108161e+01   5.0634599e+00
  -7.6688507e+01   7.7720960e+01
  -4.4149172e+01   4.5640138e+00
  -9.9176610e+01  -1.8620309e+00
   6.4798116e+00  -8.1213472e+01
   5.8702194e+01  -9.1469575e+01
   5.3852181e+01  -4.9634302e+01
  -4.2503168e+00  -6.3838425e+01
   7.7185741e+01  -6.5292543e+01
  -3.4959870e+01   4.2811198e+01
  -9.0061991e+01  -1.3449106e+01
  -4.2351542e+01   3.6755255e+01
   4.9162158e+01  -3.2444698e+01
   3.6898512e+01  -8.6262892e+01
  -8.9702865e-01  -5.0353048e+01
  -8.6674449e+01   3.0240248e+01
  -5.5028337e+01   4.9521608e+01
  -6.0271347e+01   4.1363611e+01
  -9.5636499e+01   8.4060287e+01
  -4.8951222e+01  -1.9025339e+01
  -7.9429831e+01   8.9110240e+01
  -6.2510632e+01  -4.6259779e-01
  -7.7373222e+01   4.0909057e+01
  -3.6859071e+01   2.0023625e+01
  -6.3605136e+01   3.2359619e+01
   4.6203149e+01  -8.2802225e+01
   2.9003629e+01  -9.4335294e+01
   2.5555335e+01  -1.9686542e+01
   6.1549767e+00  -1.9786418e+01
   3.3563969e+01  -4.0936650e+01
   2.3680978e+01  -3.8897066e+01
   3.8928960e+00  -3.9915262e+01
   8.0665596e+01  -4.7178519e+01
   2.1293710e+01  -6.5778141e+01
   3.0909692e+01  -6.7423486e+01
   3.7971594e+00  -6.9713498e+01
   4.7982374e+01  -7.0779644e+01
   4.0343228e+01  -6.4455552e+01
  -2.2964824e+01   5.6036496e+01
  -8.9237174e+01   5.5305742e+01
  -7.2723831e+01  -4.2462910e+00
  -8.1110995e+01  -2.5058883e+01
  -4.2819110e+01  -4.7609937e+00
  -1.7065335e+01   2.8947242e+01
  -6.5076104e+01   7.9545299e+01
  -8.1466332e+01   5.9680369e+01
  -6.7386802e+01   1.2820164e+01
   7.9266665e+01  -2.6620428e+01
  -6.0272665e+01   1.8529417e+01
  -6.8659952e+01   2.3862514e+01
  -8.5818098e+01   8.1730826e+01
   4.0045230e+01  -9.0763221e+00
   3.6171246e+01  -1.8628135e+01
   1.6042435e+01  -1.6398435e+01
   8.5638542e+00  -3.1255471e+01
   1.3494306e+01  -4.1872615e+01
  -1.0878135e+01  -5.0967475e+01
   2.0030844e+01  -4.8962515e+01
   7.0943360e+01  -5.7260901e+01
  -5.9680906e+00  -3.9551877e+01
   2.2033328e+01  -8.8535805e+01
   2.7954640e+01  -5.7964814e+01
   6.4521145e+01  -7.8103935e+01
   1.3460778e+01  -7.1775155e+01
  -9.9103986e+01   6.7402600e+01
  -5.7929216e+01   8.9897062e+00
  -5.1443025e+01   5.8594299e+01
  -4.6143581e+01   4.5499313e+01
  -4.4856068e+01   7.6685705e+01
  -2.2159084e+01   4.6066390e+01
  -7.8694251e+01   4.2345290e+00
  -6.6560154e+01  -2.4621007e+01
  -3.3278432e+01   3.2858835e+01
  -8.8967170e+01   9.1437712e+01
  -8.0482874e+01  -1.0540603e+01
  -5.2736813e+01   1.6356456e-01
  -8.7707527e+01  -3.7848079e+00
  -3.4232050e+01   7.1125422e+00
  -7.4005395e+01  -1.8032977e+01
   6.9466523e+01  -2.8578840e+01
  -9.2471408e+01   7.4638096e+01
  -8.9264567e+01   6.5333955e+01
  -4.1486476e+01   2.7296710e+01
   5.9643389e+01  -3.0379952e+01
   6.1201208e+01  -5.5898354e+01
  -5.4467810e+01   7.9450862e+01
  -6.4676738e+01  -1.0176779e+01
   4.3362070e+01  -4.0748221e+01
   6.3366662e+01  -4.1499564e+01
  -9.6893652e+01   3.8705965e+01
  -4.9704727e+01   3.1146079e+01
  -7.3751424e+01   4.7103964e+01
   3.3169038e+01  -7.7086371e+01
   2.3659935e+01  -7.4877919e+01
   5.3179833e+01  -9.9475092e+01
   3.6289742e+01  -2.6980083e+01
  -6.4833545e+01   5.0110689e+01
   3.3816096e+01  -5.0300781e+01
   4.5492160e+01  -2.1998411e+01
   2.7642465e+01  -8.8255349e+00
  -1.7393455e-01  -2.7799503e+01
   9.3584281e+00  -8.9604204e+00
   5.1396518e+01  -6.1186371e+01
  -9.5635020e+01   4.8493692e+01
  -1.5585156e+01  -4.2127549e+01
   1.6234331e+01  -8.1159225e+01
   4.6093297e+01  -9.2603243e+01
   5.8155105e+01  -6.8528941e+01
   8.2495995e+01  -5.6960978e+01
   1.2653075e+01  -9.1308687e+01
  -9.9794181e+01   5.7525898e+01
   6.8089119e+01  -6.9004507e+01
   5.4750731e+01  -7.7990412e+01
   4.8941199e+00  -5.9819598e+01
  -3.3811628e+00  -7.6616934e+01
  -3.1117372e+01   6.3393832e+01
  -5.0375180e+01   6.8405413e+01
  -2.3911287e+01   3.6229175e+01
  -4.2319916e+01   5.4564577e+01
  -3.2169980e+01   5.2241012e+01
  -5.8886127e+01  -1.8306147e+01
  -2.6476469e+01   2.5587366e+01
   7.2319375e+01  -3.8134714e+01
   7.1762380e+01  -1.8860524e+01
  -9.0854743e+01   1.9996481e+01
  -9.5906916e+01   2.8628020e+01
  -7.6401312e+01   1.6163548e+01
  -7.5779148e+01   2.9908151e+01
  -2.9325140e+01   1.5595204e+01
   5.5473693e+01  -2.1307894e+01
  -4.0321052e+01  -1.4102437e+01
  -5.4211872e+01  -9.5717227e+00
  -9.9473209e+01  -1.6794308e+01
  -9.0964192e+01  -2.3376113e+01
  -7.9591398e+01   6.8601954e+01
  -8.5126108e+01   1.1890875e+01
  -5.9967453e+01   8.7875347e+01
   7.4156222e+01  -9.4549354e+01
  -7.0000286e+01   8.7409394e+01
   6.7301830e+01  -8.7481283e+01
  -4.3687880e+01   1.3749848e+01
  -8.8009951e+01   4.2533347e+01
  -5.6531001e+01   2.6227414e+01
   1.6899296e+01  -5.7769318e+01
   5.4104070e+01  -4.0246162e+01
   3.7727822e+01  -9.7197508e+01
   2.9797611e+01  -3.2396009e+01
  -7.4617982e+01   5.4826415e+01
   1.7371728e+01  -3.2533502e+01
   4.6438883e+01  -1.3323331e+01
  -8.1690978e+01   3.6274548e+01
   3.2382596e+01  -1.2583867e+01
