   2.9244503e+01  -8.4769784e+00
  -1.8419416e+01  -2.3149294e+01
   1.9093413e+00  -2.0948823e+01
   3.3713081e+01   5.2289190e+01
   5.7428484e+01  -3.3076962e+01
  -6.4068492e+00  -3.8472764e+01
  -4.9057023e+00  -5.8370151e+01
  -2.6255757e+01   4.0270045e+00
  -1.7700043e+01  -1.1069871e+00
   1.2493997e+01   3.8647520e+01
   3.7863614e+01   7.0294844e+00
   8.4300980e+00  -4.1484542e+01
  -3.4479502e+01  -1.1814167e+01
  -6.6746565e+01  -3.1209249e+01
   5.0209102e+01   4.2618275e+01
   5.6520478e+01  -1.2773829e+01
   2.3871172e+01   5.0850537e+01
   3.6370460e+01   3.5474651e+01
   2.6695860e+01  -4.1133337e+01
  -1.3709498e+01  -3.1836765e+01
  -5.0911451e+01  -4.7876501e+00
  -3.0799524e+01   1.2896389e+01
   1.8489176e+01  -4.6829804e+01
   7.4996796e+01   1.3675868e+01
   3.3466368e+01   2.6116945e+01
   3.4638404e+01   1.6376173e+01
   2.4501771e+01   2.1805025e+01
   3.8471590e+01  -2.9380478e+00
  -2.3028251e+01   5.2581757e+01
   5.9464264e+00  -7.1384188e+00
   6.6604308e+01  -4.9502913e-01
   1.4320561e+01   6.7472826e+01
  -4.5971277e+01   3.9322100e+01
   6.6312498e+00   1.1127109e+01
   2.8334292e+01  -3.1293643e+01
   2.7611297e+01  -6.4974140e+01
   2.0861135e+01  -1.6619302e+01
  -3.4726588e+01  -7.1965550e+01
   1.9664743e+01  -2.6427641e+01
  -5.1062781e+01   3.1028453e+01
  -5.8657722e+01   2.4687711e+01
  -6.3742984e+01  -3.9800754e+00
   2.3512352e+00  -3.3804314e+01
  -2.6871678e+01  -1.8129562e+01
   1.8429602e+01  -6.8943102e+01
   5.3025763e+01   2.3709361e+01
  -3.1717621e+01  -3.4868671e+01
  -3.0116052e+01  -4.4372621e+01
  -5.6971151e+00   3.5646524e+01
   1.9293154e+01  -6.9499548e+00
  -1.3577212e+01   6.1999862e+01
   5.1176200e+00   5.0612499e+01
   1.0021826e+01   1.8640510e+00
  -2.9983677e+01   3.2808461e+01
   4.0509247e+01   4.4977829e+01
  -1.3586788e+01   5.2389118e+01
   3.7950568e+01  -3.3890669e+01
   4.0165145e+01  -2.4143426e+01
   3.5803263e+01  -4.5253634e+01
   2.7543493e+01  -5.1088495e+01
   1.4799363e+01  -5.9669008e+01
   1.6626359e+01  -3.5883844e+01
   9.7527136e+00  -2.7207161e+01
  -1.4251170e+01  -5.5435819e+01
  -3.9518181e+01   2.2797522e+01
  -6.2203720e+01   1.1779764e+01
  -6.8937708e+01  -1.2472090e+01
  -5.6884455e+01   3.2137011e+00
  -4.2029465e+01   1.3113423e+01
  -4.0938503e+01  -4.3087189e+00
  -5.1784473e+00  -2.7589366e+01
  -1.6755690e-01  -7.7604060e+01
  -2.2149820e+01  -4.9803330e+01
  -2.9579833e+00  -1.1422108e+01
  -9.5636015e+00  -1.8741107e+01
   4.8401873e+00  -6.0003764e+01
   5.6947311e+01   1.4554181e+01
   2.5905176e+01   3.2443549e+01
   4.3148449e+01   2.4085680e+01
   1.3437959e+01   2.0800769e+01
  -3.7427386e+01  -6.2378077e+01
   3.7135796e+01  -1.4605144e+01
   2.9629063e+01   1.4877366e+00
   5.5718988e+01   3.4604621e+01
   4.5904248e+01  -9.5260334e+00
  -4.8061334e+01  -2.5930526e+01
   4.7116109e+01   1.2780266e+01
  -1.0701042e+01   2.7950825e+01
  -5.2733968e+00   7.3149168e+01
  -2.0807901e+01   6.8611979e+01
  -5.6957350e-01   1.7755829e+01
   7.9738607e+01  -1.5281065e+01
  -3.3833225e-01   3.8262600e+00
   3.2830339e+01   6.2051638e+01
   4.8773084e+01  -1.9078271e+01
  -2.1196726e+01   2.7574799e+01
  -3.6051045e+01  -2.1878143e+01
  -2.8962428e+01   4.2756154e+01
   2.1390696e+01   4.1196985e+01
   1.4451457e+01   4.8195737e+01
   1.9908030e+01   2.7658091e+00
   3.0596147e+01   4.3152916e+01
   4.9209043e+01   5.2304421e+01
  -7.8595620e+00  -2.7471292e+00
   4.7594044e+01  -3.1301456e+01
   4.4888671e+01  -4.1073174e+01
   3.4744344e+01  -7.1982680e+01
  -2.4916928e+01  -6.9507338e+01
   2.9553108e+01  -2.1387435e+01
   1.0982848e+01  -1.7210130e+01
  -4.9265519e+01   2.1340380e+01
  -2.3880111e+01  -5.9597599e+01
  -6.7550870e+01   2.0221871e+01
  -1.6546081e+01  -1.1656477e+01
  -2.5532667e+01  -7.3293767e+00
  -6.6911036e+01   3.0298959e+01
  -7.1046880e+01  -2.2212435e+01
  -3.6305461e+01   4.6025641e+00
  -5.2239359e+01   1.1971114e+01
  -4.3972831e+01  -1.5841402e+01
  -1.5501993e+01  -4.2431826e+01
  -5.7611149e+01  -1.2194291e+01
  -1.3291554e+01  -6.5308036e+01
  -9.8991246e+00  -7.4671441e+01
  -1.1950047e+00  -4.6922455e+01
  -2.9693048e+01   2.2739156e+01
   3.4772349e+01  -5.7993869e+01
   6.5369291e+01   9.2316736e+00
   8.3513651e+00  -7.0013769e+01
  -1.4907499e+00  -6.7721335e+01
  -4.6268304e+01   4.0587953e+00
  -3.2137177e+01  -5.4009921e+01
   9.5259544e+00  -5.1254421e+01
  -2.2420341e+01  -3.5452463e+01
   2.6362034e+01   1.0903149e+01
   1.6503675e+01   1.1756652e+01
   4.6835469e+01   2.7359436e+00
  -3.8599683e+00   6.3296518e+01
   6.2159806e+01   2.7472047e+01
  -2.7672326e+01   6.1413998e+01
   4.5939327e+01   3.3642422e+01
  -5.8280630e+01  -3.8026848e+01
  -5.7491672e+01  -2.7984030e+01
  -1.0041310e-01   2.7556589e+01
   2.3795869e+01   6.5455863e+01
   5.6925305e+01  -2.7959265e+00
   4.6040112e+00   6.8151400e+01
   7.3327941e+01  -7.7058212e+00
  -1.0322120e+01   4.3665392e+01
   6.6301732e+01  -1.4817856e+01
  -1.6710404e+01   3.6220372e+01
  -4.0496327e+01   4.7306975e+01
   6.6617578e+01   1.8925513e+01
  -4.0065804e+01  -3.0922464e+01
  -3.2607440e+01   5.2823701e+01
   9.5183996e+00   2.9501754e+01
   3.3513188e+00   3.7265065e+01
  -4.0391787e+00   5.3465972e+01
   1.2098948e+01   5.7778917e+01
   4.2063297e+01   5.8952997e+01
