   1.5210000e+03
   1.5130000e+03
   1.4190000e+03
   1.4210000e+03
   1.4490000e+03
   1.5230000e+03
   1.4770000e+03
   1.4830000e+03
   1.5070000e+03
   1.4690000e+03
   1.4850000e+03
   1.5670000e+03
   1.5410000e+03
   1.5150000e+03
   1.5830000e+03
   1.5790000e+03
   1.4750000e+03
   1.4970000e+03
   1.5110000e+03
   1.4090000e+03
   1.5250000e+03
   1.4350000e+03
   1.5370000e+03
   1.4410000e+03
   1.4470000e+03
   1.4150000e+03
   1.4730000e+03
   1.3930000e+03
   1.5470000e+03
   1.4910000e+03
   1.4870000e+03
   1.4310000e+03
   1.4810000e+03
   1.5190000e+03
   1.5290000e+03
   1.5010000e+03
   1.4270000e+03
   1.5690000e+03
   1.5430000e+03
   1.5530000e+03
   1.5550000e+03
   1.5490000e+03
   1.4450000e+03
   1.4550000e+03
   1.5730000e+03
   1.4590000e+03
   1.5390000e+03
   1.5850000e+03
   1.5710000e+03
   1.5590000e+03
   1.4790000e+03
   1.3840000e+03
   1.5090000e+03
   1.4930000e+03
   1.5030000e+03
   1.4950000e+03
   1.4890000e+03
   1.4020000e+03
   1.5170000e+03
   1.5330000e+03
   1.4080000e+03
   1.4100000e+03
   1.5050000e+03
   1.4140000e+03
   1.4160000e+03
   1.5310000e+03
   1.4200000e+03
   1.5350000e+03
   1.4260000e+03
   1.4300000e+03
   1.5510000e+03
   1.5450000e+03
   1.4380000e+03
   1.5570000e+03
   1.4420000e+03
   1.4440000e+03
   1.5650000e+03
   1.4480000e+03
   1.4520000e+03
   1.4540000e+03
   1.5750000e+03
   1.4580000e+03
   1.5810000e+03
   1.4620000e+03
   1.5770000e+03
   1.5870000e+03
   1.4680000e+03
   1.4720000e+03
   1.4740000e+03
   1.4760000e+03
   1.4780000e+03
   1.4820000e+03
   1.4860000e+03
   1.4880000e+03
   1.4900000e+03
   1.4920000e+03
   1.4940000e+03
   1.4960000e+03
   1.5000000e+03
   1.5020000e+03
   1.5040000e+03
   1.5060000e+03
   1.5080000e+03
   1.5100000e+03
   1.5120000e+03
   1.5140000e+03
   1.5160000e+03
   1.5180000e+03
   1.5220000e+03
   1.5240000e+03
   1.5260000e+03
   1.5280000e+03
   1.5300000e+03
   1.5320000e+03
   1.5360000e+03
   1.5380000e+03
   1.5400000e+03
   1.5420000e+03
   1.5440000e+03
   1.5460000e+03
   1.5480000e+03
   1.5500000e+03
   1.5520000e+03
   1.5540000e+03
   1.5560000e+03
   1.5580000e+03
   1.5600000e+03
   1.5640000e+03
   1.5660000e+03
   1.5680000e+03
   1.5700000e+03
   1.5720000e+03
   1.5740000e+03
   1.5760000e+03
   1.5780000e+03
   1.5800000e+03
   1.5820000e+03
   1.5840000e+03
   1.5860000e+03
