  -2.2088972e+01  -2.7705283e+01
   3.3130594e+01   5.6640319e+01
   7.2911635e+01  -3.6454214e+01
  -8.2818650e+00  -3.9700604e+01
  -2.9982268e+01   1.4684308e+01
   2.6690964e+01   3.7855602e+01
  -4.0343062e+01  -5.1089281e+00
  -7.9180294e+01  -4.8875990e+01
   2.2697747e+01  -4.5754414e+01
   8.4030519e+01   2.3022950e+01
   3.3323742e+01   2.8474430e+01
   4.4333086e+01   2.5670831e+01
   4.1805280e+01   4.1831553e+00
   1.1471111e+01   7.8270224e+01
  -5.6206875e+01   4.1945873e+01
   2.7656256e+01  -2.0117541e+01
  -3.7143865e+01  -8.6144299e+01
   2.1246733e+01  -3.5859221e+01
  -6.2174665e+01   3.0361209e+01
  -6.7878625e+01  -5.1765814e+00
   3.5390895e+00  -3.9677789e+01
   1.6996697e+01  -7.9805152e+01
  -3.0711655e+01  -2.2542773e+01
  -3.1236750e+01  -5.0962593e+01
   2.7903853e+01  -1.0127490e+01
   1.8684234e+01  -6.2899221e+00
  -3.8428617e+01   4.9462258e+01
   3.8660237e+01  -3.3579440e+01
   2.6719121e+01  -5.7622321e+01
  -6.5251943e+01  -1.5728642e+01
  -5.8423515e+01  -8.4236400e+00
  -5.0263673e+01  -2.6496643e+00
   8.7133184e+00  -9.3575960e+01
  -6.4250832e+00  -2.2413336e+01
   1.2611336e+01  -7.0818119e+01
  -4.1502650e+01  -6.8776264e+01
   6.0355569e+01   3.0828909e+01
  -5.5515017e+01  -1.7988107e+01
  -1.2565129e+01   4.0692123e+01
  -3.0413677e+00   7.0278622e+01
  -2.9236942e+01   8.3154091e+01
   1.2028313e+01   1.2295183e+01
   8.7980155e+01  -2.1902009e+01
   4.4533024e+01   7.2388521e+01
   5.7489753e+01  -2.2723802e+01
  -2.6150834e+01   2.4022392e+01
   4.0854001e+01   3.5044323e+01
   4.7091348e+01   6.2722959e+01
   4.8263881e+01  -5.2606981e+01
   3.4294344e+01  -8.0378870e+01
  -1.8434350e+01  -7.0754504e+01
   2.9335292e+01  -2.9968289e+01
  -3.9945753e+01   1.3881523e+01
  -8.4460332e+01   1.9192236e+01
  -7.4637065e+01   3.7130521e+01
  -7.0768509e+01  -2.4068032e+01
  -1.1688337e+01  -5.9416805e+01
  -2.0265184e+01  -8.7558319e+01
   1.4931207e-03  -4.9031101e+01
  -4.2771112e+01   3.0509715e+01
   3.7338438e+01  -5.8538966e+01
  -4.3231540e+01   4.4525609e+00
  -3.3670418e+01  -6.0648320e+01
   9.4351399e+00  -5.2347547e+01
  -1.8210026e+01  -3.8539530e+01
   3.2026684e+01   9.9151897e+00
   2.2148735e+01   1.1958459e+01
   4.7675612e+01   1.5361574e+01
   5.3997591e+01   2.3108910e+01
  -2.1094308e+01   6.9250684e+01
  -5.9989120e+01  -4.4417861e+01
   2.1636196e+01   8.0493050e+01
   6.5543359e+01  -6.5559856e+00
   7.5580190e+01  -6.3886568e+00
  -2.0157576e+01   4.7199019e+01
   6.7262018e+01  -2.4845246e+01
  -3.7947926e+01   5.9406877e+01
  -4.1693076e+01  -2.0445020e+01
   1.3858814e+01   3.2195355e+01
   1.2048141e+01   5.1583926e+01
  -4.5915671e+00   5.8601504e+01
  -1.6990104e+01  -8.1995327e+00
   6.7216433e+00   2.4913987e+01
  -7.4188933e+00  -1.1041641e+01
   3.0772986e+01  -3.9857779e+01
   3.8904771e+01  -2.3584965e+01
   4.8619020e+01  -1.6335216e+01
   5.7759777e+01  -3.2860819e+01
   4.8537908e+01  -3.7380106e+01
   3.2874734e+01  -6.7561311e+01
  -4.5231247e+01  -7.8393641e+01
  -2.8286298e+01  -6.9067058e+01
  -3.0903424e+01   3.2814834e+01
   1.8375693e+01  -2.6281111e+01
  -6.4985812e+01   2.0759615e+01
  -6.2685763e+01   5.0169126e+01
   1.1182086e+01  -3.3224796e+01
  -7.4564691e+01   1.7566053e+01
  -9.3717094e+01   3.9470622e+01
  -9.0424947e+01  -2.4653613e+01
  -3.0384890e+01  -4.3313097e+00
  -7.1740413e+01   4.0425468e+00
   6.4899014e+00  -7.8721664e+01
  -8.5799218e+01  -1.0159384e+01
  -3.6094374e+01   2.3096594e+01
   4.6449295e+01  -6.2659086e+01
  -2.3473147e+00  -3.1593900e+01
   1.2440316e+00  -1.6015764e+01
   7.8141366e+01   3.7866671e+00
   2.1424395e+01  -6.6100265e+01
  -2.1681358e+01  -5.9790298e+01
  -1.6056794e+01  -1.9729856e+01
  -5.4255900e+01  -6.3842931e+01
   1.6093688e+01   2.1429041e+01
  -1.3328773e+01  -7.9350588e+01
  -8.7560538e+00   8.4681574e+01
  -1.2451931e+01  -3.0377792e+01
   3.5307444e+01  -3.4139170e+00
   1.8421608e+01  -1.6283773e+01
   3.7225724e+01  -1.3730686e+01
   9.9037309e+00  -1.1046728e+01
  -3.9000118e+01   7.9245410e+01
   2.8214333e+01   1.9888869e+01
  -1.1827273e+01   6.5499504e+01
   6.0490063e+01   4.0829481e+01
   6.3853146e+01   2.1425422e+01
  -7.7955443e+01  -3.8951614e+01
   2.8810659e+01   4.7623734e+01
  -6.7526241e+01  -3.3923140e+01
   1.6817201e+01   3.5192695e+00
   3.8013383e+01   1.7923543e+01
  -1.6106972e+01   2.8959098e+01
   3.6297835e+01   6.6124508e+01
   2.5911951e+01   6.3560199e+01
   8.7711613e+00   6.8359281e+01
   5.4596469e+01  -6.1933853e+00
  -1.0386953e+01   5.0451855e+01
   8.6367154e+01  -1.8997917e+00
   7.7588075e+01  -2.4332882e+01
  -4.7923502e+01   4.6940769e+01
   7.0339489e+01  -1.5330623e+01
  -4.7432394e+01   6.2561829e+01
  -5.6292825e+01  -3.5128889e+01
  -3.4649890e+01  -1.3359808e+01
  -3.1692713e+01  -3.2477226e+01
   9.6301910e+00   4.1881432e+01
   2.3152807e+01   2.8507962e+01
   5.9846888e+01   5.0808664e+01
   3.8378827e+01   4.4727585e+01
  -2.2737292e+00   6.0730614e+00
   5.1780591e+01   3.5001072e+00
  -3.1796682e+00   2.3234536e+01
   6.3887893e+01  -4.0763743e+01
   4.0551653e+01  -4.3397243e+01
   4.4240440e+01  -8.1411365e+01
   5.4881868e+01  -4.5110169e+01
   3.2753689e+01  -4.9654265e+01
   4.8366867e+01  -2.6818611e+01
  -5.4864039e+01  -8.1068282e+01
  -2.6175878e+01  -7.9637441e+01
  -7.2374393e+01   4.7693283e+01
  -8.5942381e+00  -6.8985394e+01
  -2.7706123e+01  -4.1627315e+01
  -7.1951908e+01   2.7698921e+01
  -6.5514406e+01   3.9812746e+01
  -8.1858703e+01   2.8845749e+01
  -5.2476725e+01   3.2749930e+01
  -5.5725437e+01   1.7219331e+01
  -8.0227515e+01   9.3235110e+00
  -2.4663734e+01  -1.4593375e+01
  -5.2661487e+01   7.7352295e+00
  -8.1930288e+01  -1.9380557e+01
  -7.4705400e+01  -1.2473383e+01
  -6.0583424e+01   1.6476693e+00
  -4.7361390e+01  -1.2215891e+01
  -5.0778968e+01  -2.6789560e+01
  -3.3267333e+01   5.2411518e+00
   4.2012498e+01  -7.1623654e+01
   5.2969268e+00  -2.5148270e+01
  -6.4437460e+01   1.0842788e+01
  -5.7343279e-01  -8.9960629e+01
  -9.9841540e+00  -4.9563109e+01
   3.1604057e+00   3.4256964e+01
  -7.8607504e+01  -3.2151030e+00
   1.3075661e+01  -4.3038018e+01
  -2.1710656e+01   5.9985226e-01
  -4.6636288e+01   2.1300925e+01
  -2.0706152e+01  -4.9681383e+01
   8.9377863e+01   7.6361264e+00
  -1.9238662e+01   8.2976461e+01
   8.1152533e+01   1.3322383e+01
   7.8988577e-03   7.9802381e+01
  -4.5180910e+01  -5.9822599e+01
   2.5812014e+01  -7.5084504e+01
  -1.0474267e+01  -8.9132727e+01
   7.5889773e+00  -6.2172871e+01
  -3.3783682e+00  -8.0324545e+01
   4.4632839e+01  -7.0164475e+00
   2.6608567e+01   1.5119671e+00
  -3.9465777e+01   6.9266843e+01
  -3.0276705e+01   7.3208716e+01
   5.0741290e+01   3.3572572e+01
  -6.9973015e+01  -4.4974179e+01
  -6.2129139e+01  -5.4184941e+01
   6.9686932e+01   4.9027505e+01
   7.3757050e+01   2.0051877e+01
   3.6822518e+01   7.8754979e+01
  -6.7002755e+00   3.2593338e+01
  -1.9121566e+01   5.8052450e+01
  -1.2636988e+01   7.5465747e+01
   6.8068708e+00   8.7135455e+01
   6.1747412e+01   2.6952794e+00
   1.8570896e+01   7.0350369e+01
  -2.1977122e+01   3.7319430e+01
  -2.8653653e+01   5.2472442e+01
   2.8496438e+01   7.3218193e+01
  -5.3893409e+01   5.4933154e+01
   8.0857844e+01  -1.4882559e+01
   9.0139571e+01  -1.1160885e+01
  -6.1028242e+01  -2.6324433e+01
  -2.7063870e+00   4.2353023e+01
  -4.1470718e+01  -3.0428680e+01
   2.0615988e+00   5.1140150e+01
   2.1596148e+01   5.4542868e+01
   6.6735911e+01   5.9201478e+01
   1.9256922e+01   4.4588072e+01
   5.6800592e+01   6.0333126e+01
   4.2700908e+01   5.3741231e+01
  -3.8364833e+01   3.9468730e+01
  -9.5257946e+00  -8.1070327e-01
   5.7085290e+01   1.1982205e+01
   1.2216580e+00  -6.0194847e+00
   6.9241933e+00   2.1844296e+00
  -2.8438512e+01   6.2470133e+01
   2.3818473e+00   1.4924986e+01
  -7.9430754e+01  -2.9062062e+01
  -3.5439541e+01  -7.6374671e+01
  -8.4001696e+01   3.8945661e+01
