  -6.7086522e+01   2.4038335e+01
   2.7266092e+01  -4.4501750e+01
  -9.7694051e+01   3.0599598e+01
   3.6465700e+01  -6.8225716e+01
  -7.2187120e+01   4.1648527e+01
  -8.2749473e+01   6.9654522e+01
   5.4045996e+01  -4.0723983e+01
   4.2164439e+01  -5.6837015e+01
  -9.9129588e+01   4.5715257e+01
  -7.4018120e+01   1.6830535e+01
  -8.1260328e+01   3.7444169e+01
  -9.3184504e+01   2.0117903e+01
   2.7325528e+01  -6.4168961e+01
   5.1315633e+01  -6.3215252e+01
  -9.2632652e+01   6.8130482e+01
  -5.9045993e+01   4.1330506e+01
  -7.5753232e+01   2.9087618e+01
  -5.7827756e+01   2.7916854e+01
  -6.6503384e+01   5.0034543e+01
  -8.9941711e+01   5.5473662e+01
  -8.3206275e+01   2.0777396e+01
   3.5584143e+01  -7.9033389e+01
   1.7837408e+01  -4.1170096e+01
   3.7261006e+01  -4.4902077e+01
   2.9112203e+01  -5.4329866e+01
   4.5297919e+01  -7.2915268e+01
  -5.6595326e+01   5.1387463e+01
  -8.0957169e+01   9.6298911e+00
  -8.5563925e+01   4.6482836e+01
  -7.9241373e+01   6.0290092e+01
  -6.4289364e+01   1.4437525e+01
  -6.5798938e+01   3.3955045e+01
  -7.6486099e+01   5.0677222e+01
  -9.0929472e+01   1.0373577e+01
  -9.1932214e+01   3.8772795e+01
  -8.7637900e+01   2.9741803e+01
  -9.9979231e+01   5.6113627e+01
   4.6885320e+01  -4.7732004e+01
   2.6853241e+01  -7.4157802e+01
   3.1915646e+01  -3.5648409e+01
   4.4828840e+01  -8.2904260e+01
   5.4801308e+01  -5.3842416e+01
   1.0037290e+01  -4.7427745e+01
   1.9271117e+01  -5.1408057e+01
   1.7381118e+01  -6.5221907e+01
   5.5286566e+01  -7.2438885e+01
   4.3815511e+01  -3.7349696e+01
