  -7.3991224e+01   1.1679778e+00
  -8.9790825e+01   2.6321947e+01
  -2.6002001e+00  -4.5137538e+01
  -5.0421051e+01   6.8524425e+01
  -8.6391747e+01  -2.3176310e+01
   6.2535029e+00  -2.7373114e+01
  -2.0391722e+01  -3.6126616e+01
   1.2676564e+01  -8.3069647e+01
  -6.2714960e+01   2.7606712e+01
  -7.2601170e+01   1.1069411e+01
   6.7719311e+01  -2.5713914e+01
  -1.9676941e+01   6.1667611e+01
   9.4250550e+01  -4.1432677e+01
   2.8543160e+01   6.5915395e+01
  -8.8000507e+01  -4.9181202e+01
   4.5874724e+01  -2.9173989e+01
   4.8162086e+01   4.2372365e+01
  -2.0330272e+01  -5.7829077e+01
  -2.7263299e+01  -7.6762762e+01
  -1.2754482e+01   7.8681111e+01
  -4.0433951e+01   6.9002058e+01
  -2.8427356e+01   6.6499391e+01
   2.3800358e+00   2.7683650e+01
  -2.3149575e+00   6.1547904e+01
  -2.7122652e+01   3.5578033e-01
  -3.8152365e+01  -2.2708442e+01
   7.0009299e+00   5.7922499e+01
  -4.4526911e+01  -1.5002244e+01
   4.0415308e+01  -5.5949619e+01
   5.6730615e+01  -9.6735740e+01
   2.7690429e+01  -3.4565256e+01
   6.5816334e+01  -9.2259133e+01
   4.1883614e+01  -1.5616670e+00
   3.2605539e+01   2.1386689e+00
   5.8331076e+00   1.0166701e+00
  -3.0858294e+01  -5.0178365e+01
   3.6341511e+01  -6.5076832e+01
   9.4926114e+01  -8.1486982e+01
   6.1421398e+01   4.5184585e+00
   5.7179895e+00  -5.5920271e+01
  -4.1004929e+01  -5.5984912e+00
   8.7091859e+01   1.5210753e+01
   1.6262551e+01   2.6044477e+01
   6.3948768e+01   1.8343132e+01
  -1.9001592e+01   3.9317796e+01
   2.1418412e+01   4.4138482e+01
  -7.0942631e+01  -6.7687397e+01
   7.4782850e+01  -3.5620095e+01
  -6.3926618e+01   6.0900456e+00
  -7.3049695e+01   5.2270846e+01
  -2.4249854e+01   8.0635261e+01
   9.4294987e+01  -9.7492804e+01
   4.0902050e+00   8.0828501e+01
  -9.7821639e+01  -1.4992553e+01
  -7.8051113e+01  -5.0180110e+01
  -7.0778006e+01   7.8842494e+01
   7.1501298e+01  -6.3313636e+01
   8.1310980e+01  -6.5067129e+01
   2.0643676e+01  -1.3094433e+01
   4.6417894e+01   1.6343970e+01
   3.4080047e+01  -7.7664135e+00
   1.0774514e+01  -1.1586347e+01
   3.1382067e+01  -5.1750083e+01
  -7.6023597e+00  -7.4325388e+01
   2.7279529e+01  -6.0853426e+01
   2.8827145e+00  -8.4960482e+01
   5.2571551e+01   2.4153856e+01
  -3.5830422e+01   5.0031494e+01
   3.1621973e+01   3.1138718e+01
   6.3576830e+01  -1.5810041e+01
   1.0159494e+01   3.3958215e+01
  -4.5783061e+01   4.9458690e+01
  -5.2293099e+01  -5.8107648e+01
  -3.5222417e+01   1.8232567e+01
   4.7549159e+01  -9.7844495e+00
  -3.6499418e+01   9.1927884e+01
  -9.3410829e+00   3.6838753e+01
  -2.7512566e+01   4.4523207e+01
  -1.5587276e+01  -1.0739020e+01
  -2.9769229e+01  -4.0206733e+01
  -5.9509523e+01  -2.4651940e+01
  -8.1792171e+01   3.4429134e+01
  -8.2292780e+01   8.6137225e+00
  -9.1808207e+01   9.3409663e+01
   2.4021103e+01  -2.5264631e+01
   4.7326473e+01  -9.0388668e+01
  -7.8475637e+01  -2.9285944e+01
  -9.7050703e+01  -4.4928233e+01
  -7.8261156e+01   8.9194213e+01
  -9.9980411e+01   6.6177116e+01
   5.4973145e+01  -3.3544814e+01
   6.5915772e+01  -4.5060083e+01
   4.8896979e+01  -6.1193574e+01
  -7.8629619e+00  -4.4108216e+00
   1.8247152e+01  -4.0362203e+01
  -1.1621205e+01  -3.1339670e+01
  -4.5225611e+01   2.5487278e+01
  -7.9776574e+01   5.9668001e+01
  -2.9472111e+01   1.0062460e+01
  -3.5303405e+01  -7.0611746e+01
  -1.9976284e+01  -8.7032776e+01
   6.6065121e+01  -5.4997015e+01
   8.7354401e+01  -4.8717526e+01
   3.1309859e+01  -8.4622614e+01
  -4.6733910e+01   1.5602303e+01
  -5.1784917e+01  -6.3939459e+00
  -3.3827613e+01  -9.7781024e+01
  -7.0463575e+01  -7.7675256e+01
   9.7376672e+01  -5.1289671e+01
  -6.9533118e+00  -8.6673707e+01
  -1.1645880e+01  -6.2892355e+01
   8.2359024e+01  -8.1217900e-01
   7.3784974e+01   2.0051550e+01
   2.8218064e+01  -9.6168437e+01
   2.8125203e+01   5.1554686e+01
   9.1980206e+01  -1.1070719e+01
   8.7958636e+01  -2.3687474e+01
  -2.6560223e+01   2.3558131e+01
  -6.1547327e+01  -6.4268517e+01
  -3.6712379e-03   1.4331849e+01
   2.2092247e+01   3.4164359e+01
  -3.2817147e+01   7.5480177e+01
   8.3779297e+00   4.3792940e+01
  -7.0359656e+01   4.2510806e+01
   8.2821049e+01  -1.4684720e+01
   6.3282719e+01  -5.8263481e+00
  -4.9026428e+01   7.8425551e+01
  -1.0980944e+01   6.7020837e+01
   4.8952013e+01  -1.9668954e+01
   3.7679546e+01  -3.4917458e+01
  -3.6038388e+01   6.0022311e+01
  -7.7416906e+01  -1.8768465e+01
  -9.3486598e+00   4.6822931e+01
  -7.4570923e+01   2.3010978e+01
  -4.6344690e+01   9.0178826e+01
  -8.7983056e+01  -1.3203052e+01
  -2.4208528e+01  -1.9406930e+01
  -5.3758598e+01  -3.2826313e+01
  -3.6602114e+01  -3.2578795e+01
   4.5971778e+00   6.8768925e+01
  -7.8365194e+01  -8.8152610e+00
   2.2818252e+01   8.3897428e+01
   1.2699459e+01   7.5745252e+01
  -3.8838445e+00   7.4065759e+01
  -5.4322285e+01   4.4284166e+01
   1.4402062e+01  -2.0875586e+01
  -8.0012228e+01   4.5093286e+01
   4.3754188e+00   9.0824405e+01
  -5.9759144e+01  -4.2326175e+01
   6.5179853e+01  -8.1954350e+01
   4.8289373e+01   6.0713992e+00
   5.3720088e+01   3.4069495e+01
   2.5784229e+01   2.3020803e+01
   2.4852365e+01  -4.0617396e+00
   3.9705918e+01  -1.5980489e+01
  -2.6627029e+01   9.0344460e+01
  -6.9502244e+01  -2.4876490e+01
   5.5997501e+01  -4.3525898e+01
   3.8990782e+01   9.7444547e+00
   5.5720426e+01   1.2716268e+01
  -7.9759920e+01  -6.2972686e+01
  -5.6173725e+01   8.8341591e+01
  -8.0821712e+01   7.9528615e+01
  -8.4077727e+01  -3.9824365e+01
   4.8982998e+01  -7.9811386e+01
   8.5126570e+01  -3.3607150e+01
   2.0412608e+01  -7.6760264e+01
   1.9556724e+01   6.3222812e+00
   4.7649123e+01  -4.9065786e+01
   4.4995592e+01  -7.0366395e+01
   6.1923425e+00  -3.9759846e+01
  -1.6969756e+00  -3.3638369e+01
  -4.7361853e+00  -2.4128578e+01
  -6.2560280e+00  -1.4271317e+01
   3.0573958e+00  -1.7901557e+01
  -9.3105290e+01   1.5621923e+01
  -9.8754050e+01   3.8199524e+01
   1.9283254e+01  -6.6843778e+01
   1.5543583e+01  -5.7597520e+01
   1.0252687e+01   9.9642894e+00
  -5.3076487e+01  -6.9576469e+01
  -3.6820203e+01  -8.0479013e+01
  -3.7460967e+01  -5.7948898e+01
  -8.9963123e+01   8.3581520e+01
   7.5900280e+01  -4.5533403e+01
   7.7540025e+01  -5.5374569e+01
  -1.7088639e+01  -7.7471493e+01
  -5.7861714e+01  -8.8542810e+01
   2.3745481e+00  -7.4973753e+01
   5.6544798e+01  -8.6751321e+01
   1.1249415e+01  -9.3466717e+01
   1.3187881e+00  -9.4835352e+01
   8.9284382e+01   6.1919827e+00
   8.9993570e+01   3.4560829e+01
   7.9358827e+01   8.8825709e+00
   6.1709825e-01   3.7514619e+01
  -1.8934879e+01   4.9665821e+01
   2.1384827e+01   5.8941067e+01
   1.8929035e+01  -9.9871670e+01
  -7.5809718e+00   2.7020106e+01
  -3.5611380e+01   2.8219623e+01
   8.4777975e+00   1.9783382e+01
  -6.1527327e+01  -5.4270184e+01
  -2.7153648e+01   3.3540178e+01
  -1.9862193e+01   7.1655669e+01
   3.1194094e+01   4.2033822e+01
   6.1720667e+01   2.8079480e+01
  -3.7154621e+01   3.6299119e+00
  -3.9907788e+01   8.2527474e+01
  -1.1836193e+01  -4.1306302e+01
  -5.9020372e+01   7.8756077e+01
   8.4835458e+01  -9.4249762e+01
  -6.4456050e+01  -1.5812354e+01
  -6.1689710e+01   3.7542878e+01
  -5.2734006e+01   3.2090753e+01
  -7.1784627e+01   3.2614102e+01
  -2.7273803e+01   5.5181766e+01
  -1.7888273e+01   2.9002160e+01
  -1.1032620e+01   5.6666695e+01
  -9.2076095e+01   5.6751322e+00
  -1.4495691e+01  -2.1771511e+01
  -9.6246783e+01  -2.4868680e+01
  -6.4310484e+01  -3.3422887e+01
  -3.4681186e+01  -1.3341501e+01
  -3.5689334e+01   3.8767164e+01
  -2.7307445e+01  -2.8908887e+01
  -4.7951566e+01  -2.4686669e+01
  -4.5680650e+01   3.9179442e+01
  -5.4538922e+01   2.1853250e+01
   1.2990907e+01   8.5747520e+01
  -8.3514133e+01   1.8537892e+01
  -5.4462807e+01  -1.6026317e+01
   1.4687184e+01   5.1530606e+01
   1.4160715e+01   6.5853317e+01
   3.8581995e+01  -4.4864019e+01
   2.9784398e+01  -1.7095592e+01
   4.6735357e+01  -3.9128911e+01
  -7.1248820e+01  -5.7510053e+01
   5.8629079e+01   4.2774072e+01
  -8.6737170e+01   5.2489832e+01
  -2.1939703e+01   9.9175863e+01
  -6.8528219e+01  -4.7131011e+01
   3.9784025e+01   3.6914052e+01
  -1.6378510e+01   8.9081494e+01
   1.5660750e+01  -3.0750985e+01
   7.5021025e+01  -9.6167285e+01
  -5.0004816e+00   8.4989143e+01
   2.2526868e+01   7.3901959e+01
   3.5717654e+01  -2.5132789e+01
  -6.3393547e+01   4.9679460e+01
  -9.7600565e+01   7.7126546e+01
   7.3377633e+01  -1.7596062e+01
   5.7902691e+01  -2.4017378e+01
   6.4800278e+01  -3.5194772e+01
   5.3985155e+01  -2.1481451e+00
  -7.9259982e+01   6.9652874e+01
  -8.4710359e+01  -1.0880447e+00
  -5.1315958e+00   9.4986404e+01
  -8.9307216e+01   7.1117442e+01
   7.5352653e+01  -7.8497531e+00
  -5.4521927e+01   5.4279920e+01
  -3.1479773e-01   5.1105718e+01
  -9.8080669e+01  -5.4962398e+01
   7.0763685e+01   1.0090686e+00
  -7.4125930e+01  -3.8845078e+01
  -6.6236589e+01   8.7751789e+01
  -4.6023460e+01   5.9544723e+01
  -8.8991860e+01  -5.9131823e+01
   7.8311134e+01  -2.6285257e+01
   8.6239921e+00  -6.5485631e+01
   4.2232436e+01   2.5582829e+01
   2.8135197e+01   1.1440839e+01
   3.4857067e+01   1.8838562e+01
   9.5038618e+01  -3.1463778e+01
  -1.7196847e+01  -8.3762286e-01
  -2.5479674e+01  -9.4922816e+00
   9.7063463e+01  -1.9547393e+01
   6.7040399e+01  -7.2185937e+01
   5.8389006e+01  -6.4310897e+01
   5.6125990e+01  -5.4323254e+01
   5.7273057e+01  -7.4245391e+01
   1.8061450e+01   1.6208366e+01
  -9.9605599e+01   2.8236377e+01
  -9.6487052e+01   5.4704685e+01
  -9.3908647e+01  -5.0096267e+00
   2.1647967e+01  -4.9720595e+01
  -2.3955974e+01  -9.6200453e+01
  -1.2867943e+01  -5.1219500e+01
  -3.4318145e+00   4.5254107e+00
   1.5058599e+01  -2.5936024e+00
   1.4759553e+00  -7.9628566e+00
   2.1709273e+01  -8.7316180e+01
   3.0054492e+01  -7.4141918e+01
   3.9095930e+01  -7.8401737e+01
  -7.1626002e+01   9.6675305e+01
  -2.1611401e+01  -4.6374311e+01
  -6.1380778e+01  -3.5804062e+00
  -5.4427525e+01   9.2146041e+00
  -2.1048818e+00  -6.5975186e+01
  -4.2354815e+00  -5.6207184e+01
  -1.3252824e+01  -9.4431935e+01
  -8.2940418e+01   9.8031547e+01
  -4.7081959e+01   2.4296232e+00
  -8.9552890e+01   4.2110517e+01
  -2.8861760e+01  -6.2990487e+01
   9.6776135e+01  -7.1659601e+01
   9.8405300e+01  -6.1671075e+01
  -5.6790232e+01   9.8322265e+01
   8.8900042e+01  -5.8589549e+01
   1.1813120e+01  -4.8012227e+01
  -6.5374141e+01   1.7974222e+01
  -9.3189267e+01  -3.5703852e+01
  -2.9948494e+01  -8.7738741e+01
  -4.0027460e+01  -8.9940056e+01
  -4.9265278e+01  -9.3758791e+01
  -6.0542720e+01  -7.6260488e+01
  -2.0227545e+01  -6.7992924e+01
  -5.1603479e+01  -8.0742672e+01
  -4.3927004e+01  -6.5561739e+01
   3.7581620e+01  -9.2386895e+01
   9.4646265e+01  -1.7058089e+00
   9.4206388e+01   2.5082417e+01
   8.4469640e+01   2.3987408e+01
   9.8572859e+01   1.1605927e+01
