   3.1161567e+01   5.3487486e+01
   7.8758223e+01  -3.8984242e+01
  -3.8592099e+01   1.9893360e+01
   3.2147167e+01   3.8878470e+01
  -8.8070860e+01  -5.1546486e+01
   8.7719582e+01   2.6665661e+01
   4.4047880e+01   5.6931389e+00
   8.4396380e+00   7.9811672e+01
  -3.6369149e+01  -8.8593766e+01
  -6.3974239e+01   3.0679957e+01
  -7.2967645e+01  -5.3578008e+00
   2.1696869e+01  -8.8641653e+01
  -2.6977355e+01  -2.8639903e+01
  -3.0823992e+01  -4.9894561e+01
   2.8559259e+01  -1.6307918e+01
   1.6665964e+01  -1.7260953e+01
  -3.3466035e+01   4.9009216e+01
   2.8986301e+01  -6.6324167e+01
  -6.3264414e+01  -8.0879438e+00
  -5.5464344e+01  -1.7709618e+00
   7.1230335e+00  -6.8977413e+01
  -4.2439566e+01  -7.0025277e+01
   5.3177589e+01   2.2939784e+01
  -5.9421287e+01  -1.7270150e+01
  -1.2675950e+00   7.1492761e+01
  -3.5095930e+01   9.2443086e+01
   1.1999736e+01   1.5319804e+01
   5.0433714e+01   7.4952708e+01
   5.8891845e+01  -2.9110422e+01
  -2.8500778e+01   2.0536213e+01
   4.6767132e+01   4.1108281e+01
   4.8416795e+01   6.1938329e+01
   4.3307167e+01  -5.2500676e+01
   3.1503811e+01  -8.6686886e+01
   3.2179256e+01  -3.5095037e+01
  -4.6615274e+01   1.3666511e+01
  -9.5015705e+01   2.2427833e+01
  -7.4929232e+01   3.4342083e+01
  -4.5078107e+00  -6.3406568e+01
  -2.1415274e+01  -9.0821005e+01
   7.0727564e-02  -4.0543198e+01
  -4.4121307e+01   3.2148164e+01
  -4.0713919e+01   5.6046809e+00
  -3.3307111e+01  -5.9576893e+01
   1.3585044e+01  -5.4829244e+01
   3.7054375e+01   1.6832774e+01
  -1.9845220e+01   7.2583340e+01
  -5.9976952e+01  -4.5824801e+01
   2.4793527e+01   8.6296158e+01
   6.8257980e+01  -1.2637774e+01
   7.7680939e+01  -8.6396854e+00
  -2.1699467e+01   4.5626551e+01
   6.6354336e+01  -2.2454610e+01
  -3.7031669e+01   5.8344483e+01
   1.2466345e+01   6.0419688e+01
  -6.7297722e+00   5.8689113e+01
  -1.7943688e+01  -1.1322344e+01
   1.3391381e+01   2.5220453e+01
  -7.5302732e-01  -1.5969537e+01
   3.6093655e+01  -2.2879585e+01
   5.0766203e+01  -3.4937582e+01
  -4.5111753e+01  -8.3644450e+01
  -6.6843040e+01   2.1166269e+01
  -6.6500399e+01   5.0112854e+01
   9.5486915e+00  -3.6167329e+01
  -7.4378917e+01   1.4610420e+01
  -9.0882099e+01  -2.9139900e+01
  -3.9540842e+01  -1.1116101e+01
  -7.5325046e+01   4.4417267e+00
   5.6376559e+00  -7.8865112e+01
  -8.9005783e+01  -1.0579831e+01
   5.0892293e+01  -5.9015448e+01
   8.0729673e+01   8.8414033e-01
  -2.2473382e+01  -6.6377937e+01
  -1.7313793e+01  -2.6107745e+01
  -5.6373567e+01  -6.7118318e+01
  -3.3529232e+00   9.4619312e+01
  -8.2763754e+00  -3.0383437e+01
   8.3146397e+00  -1.1764362e+01
  -4.3627158e+01   8.7226051e+01
  -1.0597860e+01   6.7903572e+01
   6.2954920e+01   4.3939529e+01
   6.0763236e+01   1.6426390e+01
  -8.6716651e+01  -3.8228138e+01
   1.8963760e+01   8.1446367e+00
  -1.6208097e+01   3.5033153e+01
   2.9144656e+01   6.4628852e+01
   9.1399549e+00   6.9842040e+01
   8.9607578e+01  -3.7182085e+00
   8.4717838e+01  -3.0954194e+01
  -4.3668572e+01   4.9613254e+01
  -5.0198768e+01   7.1651003e+01
  -5.7162371e+01  -3.6237758e+01
  -3.0276741e+01  -3.9912973e+01
   2.3316350e+01   3.2397858e+01
   5.7362969e+01   5.2229752e+01
   3.8445373e+01   4.6644457e+01
  -8.0178467e+00   7.2726821e-01
   5.2839187e+01   8.6709622e-02
   6.7919925e-01   2.6893711e+01
   5.8984334e+01  -4.0954797e+01
   3.9203851e+01  -4.2318156e+01
   4.2990012e+01  -8.2482791e+01
   5.7499113e+01  -5.1259544e+01
   3.3425757e+01  -5.0978746e+01
   4.9565290e+01  -2.4861457e+01
  -5.9856751e+01  -7.9775107e+01
  -2.7927752e+01  -8.3232805e+01
  -7.8381271e+01   4.4715677e+01
  -1.3006068e+01  -6.9951459e+01
  -1.9948151e+01  -3.5749931e+01
  -7.6272063e+01   2.4446221e+01
  -6.6846719e+01   4.0193919e+01
  -5.4089802e+01   3.1959415e+01
  -5.7304992e+01   1.7992514e+01
  -8.3407790e+01   1.0327062e+01
  -2.4349816e+01  -1.8996081e+01
  -5.4997818e+01   8.2175098e+00
  -8.6180677e+01  -2.0320707e+01
  -7.9320471e+01  -1.3060730e+01
  -6.5757636e+01   1.5418999e+00
  -4.6169761e+01  -1.9584748e+01
  -5.5459283e+01  -2.6407790e+01
  -3.4690391e+01  -2.3725615e+00
   4.9417870e+01  -7.4822375e+01
   1.7130930e+00  -2.9955005e+01
  -6.4826111e+01   1.1430679e+01
  -8.4885196e-01  -9.4837858e+01
  -3.4808353e+00  -5.3459667e+01
   8.0304398e+00   3.3659702e+01
  -8.2648204e+01  -2.8611164e+00
   1.4576197e+01  -4.4879837e+01
  -1.7799079e+01  -1.3265621e+00
  -4.8907088e+01   2.3390688e+01
  -1.2875937e+01  -5.0046306e+01
   8.9351902e+01   6.2784796e+00
  -1.9549929e+01   8.2573197e+01
   8.8595730e+01   1.6249775e+01
  -1.4069333e+00   8.1547242e+01
  -4.3294105e+01  -6.0062002e+01
   2.4539051e+01  -7.6695517e+01
  -1.1822193e+01  -8.7998958e+01
   4.6382518e+00  -5.9293015e+01
  -4.4852032e+00  -7.5185042e+01
   4.4530984e+01  -5.4777819e+00
   2.5490031e+01   5.6997256e-01
  -3.8072114e+01   6.8505111e+01
  -2.9709076e+01   7.4221567e+01
   4.7448819e+01   3.1133406e+01
  -7.6780766e+01  -3.7145086e+01
  -6.2934764e+01  -5.6487992e+01
   7.1239556e+01   4.9538932e+01
   7.9662243e+01   2.0743046e+01
   3.6772152e+01   8.8227296e+01
  -4.3307714e+00   3.6553264e+01
  -1.9078462e+01   6.2622193e+01
  -1.0713916e+01   7.7895240e+01
   5.0621682e+00   8.9220234e+01
   6.2090284e+01   3.8829460e+00
   1.9543626e+01   6.8237573e+01
  -2.8982338e+01   3.8779768e+01
  -2.5413025e+01   5.4906026e+01
   2.7466272e+01   7.4486328e+01
  -5.3315456e+01   5.5594433e+01
   8.3999314e+01  -1.6390578e+01
   9.3396959e+01  -1.2972381e+01
  -6.5809656e+01  -2.4954671e+01
  -3.3725232e+00   4.9277300e+01
  -4.6169379e+01  -3.0048001e+01
   5.9474656e+00   5.2849902e+01
   2.2047577e+01   5.7585175e+01
   7.0926646e+01   6.6566124e+01
   2.4379323e+01   4.5168552e+01
   5.7984050e+01   6.4846426e+01
   4.6851898e+01   5.2059731e+01
  -3.8814074e+01   4.0589492e+01
  -8.1615710e+00  -9.2606821e+00
   5.3031872e+01   1.0084617e+01
   2.3764857e+00  -3.3814881e+00
   9.2673331e+00   5.7038753e+00
  -2.8965813e+01   6.4251673e+01
   2.1470480e+00   1.7010293e+01
  -7.9151795e+01  -2.7432024e+01
  -3.6642389e+01  -7.8329036e+01
  -8.4614558e+01   3.6786338e+01
  -4.8804944e+01   4.0986988e+01
   2.6442606e+01  -2.6904245e+01
   6.8983167e+01  -4.1092721e+01
   5.7439653e+01  -1.7782216e+01
   6.7881897e+01  -5.1031869e+01
   4.9791123e+01  -4.4889045e+01
   3.4527650e+01  -7.7155359e+01
   5.1788024e+01  -8.7235849e+01
   2.6781108e+01  -4.3512602e+01
   4.1441896e+01  -3.1327331e+01
   4.7831747e+01  -1.5009468e+01
  -5.0841192e+01  -7.5448538e+01
   2.2940358e+01  -5.8359288e+01
  -5.4913893e+01  -8.8487888e+01
  -3.1782429e+01  -9.7479814e+01
   7.1015941e+01  -3.1301545e+01
  -3.1977861e+01  -6.9485417e+01
  -2.0785788e+01  -7.6233981e+01
  -7.5557274e+01   5.4344378e+01
  -1.3906286e+01  -5.9992636e+01
  -8.5285768e+01   2.0145194e+01
  -8.5508289e+01   5.5312942e+01
  -9.5869906e+01  -1.7857758e+01
  -2.3240209e+01  -5.6408373e+01
  -9.0520487e+01   3.3039284e+00
  -9.9598073e+00  -4.0240285e+01
   5.6210265e+01  -6.7483462e+01
  -8.8789312e+01   4.5868676e+01
  -3.4628976e+01   2.9070790e+01
   3.6983750e+01  -6.0321062e+01
   4.0955516e+01  -6.9496127e+01
   1.0980784e+01  -9.0503784e+01
  -3.2600953e+01   1.1431076e+01
   2.9431225e+01   2.4486419e+01
  -1.0749593e+01   8.7891696e+01
   7.4090704e+00  -2.1736400e+01
  -6.9689868e+01  -1.5742186e+01
   1.5767110e+01  -2.7216747e+01
   2.1517341e+01   1.8377937e+01
   1.3621649e+01  -3.2927110e+00
  -2.1813053e+01  -4.5569547e+01
   1.9803113e+01  -3.6357863e+01
   6.9143350e+01   1.0971673e+01
  -5.3008265e+01  -5.7692291e+01
   5.4532320e+00  -4.8971004e+01
   9.9147162e+01   4.2653288e+00
   9.8166400e+01   1.9148203e+01
  -6.6351888e+01  -6.5885811e+01
  -1.4210544e+01  -9.7755748e+01
   3.8019350e+01  -1.3066838e+01
   1.5439632e+01  -8.0841532e+01
  -2.3010319e+00  -8.4944087e+01
   2.1972303e+01  -8.7879836e+00
  -3.6207527e+01  -2.0542945e+01
  -1.0266544e+01  -1.9029587e+01
  -3.8747499e+01   7.8497898e+01
  -2.9413263e+01   8.4215743e+01
   1.7064455e+01  -7.0053102e+01
   7.6370458e+01  -2.2855896e+01
  -2.2814010e+01   9.2022001e+01
  -7.7255720e+01  -5.6628053e+01
  -6.9479514e+01  -4.8927867e+01
   5.5841308e+01   3.6912573e+01
   3.7476741e+01   3.0420799e+01
   7.6591083e+01   5.7986168e+01
   6.1425301e+01   2.8618425e+01
   6.9665323e+01   2.0980837e+01
   4.1921877e+01   6.9675239e+01
   3.1804459e+01   8.3224834e+00
   3.6739524e+01   7.8227496e+01
   7.9140521e+01   1.0756855e+01
   3.5146985e+01  -2.0237467e+00
  -1.1838763e+01   4.3999433e+01
   1.4136530e+01   9.3420573e+01
   3.8569644e+01   6.0202208e+01
  -1.5217850e+01   5.3403015e+01
  -4.6110538e+01   6.2526872e+01
   1.8368270e+01   7.8633948e+01
  -2.4671859e+01   2.9758214e+01
  -5.7219457e+01   4.6388921e+01
  -6.7054361e+01  -3.4870268e+01
  -4.5557749e+01  -3.1308152e+00
  -2.7795132e+01  -9.6107185e+00
  -9.2641288e+00   2.7855312e+01
   9.1194630e+01  -2.3335109e+01
  -5.1527181e+01  -1.1142478e+01
   6.0732978e+01  -6.0520912e+00
   6.9988550e+01  -2.2501936e+00
  -3.6381006e+01  -3.2000162e+01
   2.6049994e+00   6.2273562e+01
   6.5438327e+01   5.8180771e+01
   1.6198503e+01   3.9419447e+01
   4.3782525e+00   4.2964900e+01
   1.5315463e+01   4.9378175e+01
  -7.9254788e+01  -4.6830715e+01
  -2.6570920e+01   3.4618867e+00
  -5.8283318e-01   7.3986953e+00
  -9.8188407e+01   4.2456870e+01
  -9.4008959e+01   3.3372316e+01
