   1.2590000e+03
   1.3190000e+03
   1.3350000e+03
   1.3530000e+03
   1.2690000e+03
   1.3290000e+03
   1.3130000e+03
   1.3630000e+03
   1.3450000e+03
   1.3570000e+03
   1.3510000e+03
   1.3850000e+03
   1.3070000e+03
   1.3910000e+03
   1.3170000e+03
   1.3330000e+03
   1.3870000e+03
   1.3670000e+03
   1.2790000e+03
   1.3430000e+03
   1.3750000e+03
   1.2850000e+03
   1.3690000e+03
   1.3710000e+03
   1.3370000e+03
   1.3830000e+03
   1.3950000e+03
   1.3270000e+03
   1.3150000e+03
   1.3230000e+03
   1.2580000e+03
   1.2600000e+03
   1.3310000e+03
   1.2680000e+03
   1.3390000e+03
   1.3410000e+03
   1.3470000e+03
   1.3550000e+03
   1.3490000e+03
   1.3590000e+03
   1.3610000e+03
   1.3650000e+03
   1.3730000e+03
   1.2940000e+03
   1.2980000e+03
   1.3000000e+03
   1.3020000e+03
   1.3040000e+03
   1.3060000e+03
   1.3930000e+03
   1.3100000e+03
   1.3120000e+03
   1.3140000e+03
   1.3970000e+03
   1.3180000e+03
   1.3890000e+03
   1.3220000e+03
   1.3260000e+03
   1.3280000e+03
   1.3300000e+03
   1.3320000e+03
   1.3340000e+03
   1.3360000e+03
   1.3380000e+03
   1.3400000e+03
   1.3420000e+03
   1.3440000e+03
   1.3460000e+03
   1.3480000e+03
   1.3500000e+03
   1.3520000e+03
   1.3540000e+03
   1.3560000e+03
   1.3580000e+03
   1.3600000e+03
   1.3620000e+03
   1.3640000e+03
   1.3660000e+03
   1.3680000e+03
   1.3700000e+03
   1.3720000e+03
   1.3740000e+03
   1.3760000e+03
   1.3780000e+03
   1.3800000e+03
   1.3820000e+03
   1.3840000e+03
   1.3860000e+03
   1.3900000e+03
   1.3920000e+03
   1.3940000e+03
   1.3960000e+03
