  -2.2071813e+01  -2.7704474e+01
   3.3094623e+01   5.6593543e+01
   7.2911584e+01  -3.6454239e+01
  -8.4070399e+00  -3.9685431e+01
  -2.9982240e+01   1.4634952e+01
   2.6640449e+01   3.7827783e+01
  -4.0296302e+01  -5.0873528e+00
  -7.9175698e+01  -4.8859638e+01
   2.2661742e+01  -4.5697597e+01
   8.4030519e+01   2.3022950e+01
   3.3322290e+01   2.8299927e+01
   4.4317946e+01   2.5656566e+01
   4.1769052e+01   4.0514166e+00
   1.1471111e+01   7.8270224e+01
  -5.7276787e+01   4.1706045e+01
   2.7677116e+01  -2.0108190e+01
  -3.6893925e+01  -8.4526140e+01
   2.1227736e+01  -3.5802168e+01
  -6.2171356e+01   3.0477012e+01
  -6.7832753e+01  -5.1820402e+00
   3.5394350e+00  -3.9676909e+01
   1.6999152e+01  -7.9788262e+01
  -3.0647719e+01  -2.2552686e+01
  -3.1248387e+01  -5.0987802e+01
   2.7775834e+01  -1.0137199e+01
   1.8607897e+01  -6.2692725e+00
  -3.8918959e+01   4.9328835e+01
   3.8665507e+01  -3.3528637e+01
   2.6741419e+01  -5.7615592e+01
  -6.5187572e+01  -1.5718395e+01
  -5.8378465e+01  -8.4066047e+00
  -5.0192926e+01  -2.6988508e+00
   8.2880542e+00  -9.3416399e+01
  -6.3682339e+00  -2.2422917e+01
   1.2621547e+01  -7.0798496e+01
  -3.9092897e+01  -6.9191004e+01
   6.0326895e+01   3.0832190e+01
  -5.5445092e+01  -1.7958231e+01
  -1.2558494e+01   4.0667781e+01
  -3.0414635e+00   7.0278663e+01
  -2.9231561e+01   8.3139629e+01
   1.2064153e+01   1.2305045e+01
   8.7980155e+01  -2.1902009e+01
   4.4521472e+01   7.2335455e+01
   5.7482723e+01  -2.2730870e+01
  -2.6211684e+01   2.3927941e+01
   4.0732849e+01   3.4982762e+01
   4.7061370e+01   6.2669575e+01
   4.8263934e+01  -5.2606920e+01
   3.4280807e+01  -8.0362174e+01
  -1.8898286e+01  -7.0791654e+01
   2.9332679e+01  -2.9939929e+01
  -3.9944404e+01   1.3858693e+01
  -8.4337021e+01   1.9539094e+01
  -7.6868749e+01   3.7890158e+01
  -7.0704998e+01  -2.4051514e+01
  -1.1688278e+01  -5.9415901e+01
  -2.0619586e+01  -8.5975204e+01
   9.0123654e-03  -4.9032434e+01
  -4.2820344e+01   3.0499585e+01
   3.7327064e+01  -5.8449294e+01
  -4.3243825e+01   4.4545907e+00
  -3.3474462e+01  -6.0714708e+01
   9.4585689e+00  -5.2301661e+01
  -1.8318792e+01  -3.8391503e+01
   3.2027268e+01   9.9079415e+00
   2.2152086e+01   1.1844772e+01
   4.7596322e+01   1.5414180e+01
   5.3979532e+01   2.3107760e+01
  -2.1100701e+01   6.9183899e+01
  -5.9986676e+01  -4.4388635e+01
   2.1660073e+01   8.0467617e+01
   6.5542019e+01  -6.5503598e+00
   7.5580190e+01  -6.3886568e+00
  -2.0141544e+01   4.7178332e+01
   6.7257115e+01  -2.4840851e+01
  -3.7960606e+01   5.9249575e+01
  -4.1606290e+01  -2.0476415e+01
   1.3914721e+01   3.2173106e+01
   1.2054317e+01   5.1594485e+01
  -4.5997088e+00   5.8577286e+01
  -1.6976946e+01  -8.1634298e+00
   6.7526244e+00   2.4961070e+01
  -7.4098954e+00  -1.0961961e+01
   3.0743110e+01  -3.9812559e+01
   3.8900091e+01  -2.3540291e+01
   4.8619020e+01  -1.6335216e+01
   5.7759777e+01  -3.2860819e+01
   4.8526123e+01  -3.7389387e+01
   3.2874734e+01  -6.7561311e+01
  -4.4253235e+01  -7.7756513e+01
  -2.8813607e+01  -6.9542159e+01
  -3.0854229e+01   3.2748516e+01
   1.8328976e+01  -2.6237301e+01
  -6.5119997e+01   2.0930478e+01
  -6.2660247e+01   5.0128434e+01
   1.1135614e+01  -3.3174393e+01
  -7.4533976e+01   1.7576104e+01
  -8.6836529e+01   3.8668502e+01
  -9.0396341e+01  -2.4635869e+01
  -3.0341249e+01  -4.3581052e+00
  -7.1691314e+01   4.0358342e+00
   6.4379418e+00  -7.8650405e+01
  -8.5796669e+01  -1.0161064e+01
  -3.6150849e+01   2.3083775e+01
   4.6403069e+01  -6.2637966e+01
  -2.3171451e+00  -3.1571580e+01
   1.2206405e+00  -1.5968036e+01
   7.8145148e+01   3.7934918e+00
   2.1425195e+01  -6.6071877e+01
  -2.1681260e+01  -5.9790294e+01
  -1.5999466e+01  -1.9751351e+01
  -5.2863619e+01  -6.3231827e+01
   1.6105814e+01   2.1436573e+01
  -1.3350335e+01  -7.9108505e+01
  -8.7629422e+00   8.4665203e+01
  -1.2427100e+01  -3.0340423e+01
   3.5192738e+01  -3.4646842e+00
   1.8455157e+01  -1.6251342e+01
   3.7090333e+01  -1.3718808e+01
   9.8946813e+00  -1.1084965e+01
  -3.9005939e+01   7.9108562e+01
   2.8132112e+01   1.9788462e+01
  -1.1817336e+01   6.5484709e+01
   6.0488402e+01   4.0829180e+01
   6.3830912e+01   2.1431453e+01
  -7.7946657e+01  -3.8936474e+01
   2.8812044e+01   4.7568009e+01
  -6.7493811e+01  -3.3885278e+01
   1.6761717e+01   3.4972191e+00
   3.7941994e+01   1.7964503e+01
  -1.6106972e+01   2.8959098e+01
   3.6278918e+01   6.6068046e+01
   2.5881800e+01   6.3517483e+01
   8.7739149e+00   6.8359840e+01
   5.4476258e+01  -6.2034001e+00
  -1.0388430e+01   5.0425127e+01
   8.6368392e+01  -1.8964852e+00
   7.7588075e+01  -2.4332882e+01
  -4.8505516e+01   4.6498942e+01
   7.0334477e+01  -1.5326408e+01
  -4.7401698e+01   6.2537325e+01
  -5.6272446e+01  -3.5108716e+01
  -3.4593864e+01  -1.3376986e+01
  -3.1671011e+01  -3.2476681e+01
   9.6221419e+00   4.1898104e+01
   2.3197493e+01   2.8464712e+01
   5.9844687e+01   5.0806834e+01
   3.8374630e+01   4.4680797e+01
  -2.2545737e+00   6.1355249e+00
   5.1748064e+01   3.5013046e+00
  -3.1754773e+00   2.3227222e+01
   6.3887844e+01  -4.0763767e+01
   4.0500301e+01  -4.3353206e+01
   4.4224629e+01  -8.1409711e+01
   5.4881682e+01  -4.5109901e+01
   3.2695267e+01  -4.9597846e+01
   4.8350455e+01  -2.6802739e+01
  -5.3790014e+01  -8.0764083e+01
  -2.8244322e+01  -7.9515133e+01
  -7.2352470e+01   4.7667973e+01
  -9.0506397e+00  -6.9067394e+01
  -2.7750538e+01  -4.1648685e+01
  -7.1916458e+01   2.8265605e+01
  -6.6964997e+01   3.9246642e+01
  -8.1866404e+01   2.9228767e+01
  -5.2494783e+01   3.2933759e+01
  -5.5810589e+01   1.7294778e+01
  -8.0175882e+01   9.3221636e+00
  -2.4583975e+01  -1.4622823e+01
  -5.2664725e+01   7.8053343e+00
  -8.1898540e+01  -1.9369594e+01
  -7.4649273e+01  -1.2489933e+01
  -6.0609501e+01   1.7334416e+00
  -4.7254636e+01  -1.2246441e+01
  -5.0746383e+01  -2.6777957e+01
  -3.3275001e+01   5.1957166e+00
   4.2012498e+01  -7.1623654e+01
   5.2879990e+00  -2.5081774e+01
  -6.4475146e+01   1.0954813e+01
  -1.1160779e+00  -9.0020634e+01
  -9.9763292e+00  -4.9563593e+01
   3.1460493e+00   3.4282328e+01
  -7.8605219e+01  -3.2125694e+00
   1.3043562e+01  -4.2976472e+01
  -2.1711381e+01   6.1337333e-01
  -4.6643643e+01   2.1271175e+01
  -2.0706152e+01  -4.9681383e+01
   8.9352996e+01   7.6473334e+00
  -1.9233566e+01   8.2962957e+01
   8.1131597e+01   1.3336505e+01
   7.9108914e-03   7.9802320e+01
  -4.3433793e+01  -5.9916661e+01
   2.5807706e+01  -7.5055881e+01
  -1.1042979e+01  -8.8838637e+01
   7.6453424e+00  -6.2129374e+01
  -3.4231516e+00  -8.0290676e+01
   4.4520226e+01  -7.0399482e+00
   2.6552165e+01   1.5468443e+00
  -3.9391451e+01   6.9125981e+01
  -3.0258203e+01   7.3193491e+01
   5.0626426e+01   3.3587618e+01
  -6.9967578e+01  -4.4961094e+01
  -6.2122755e+01  -5.4155774e+01
   6.9684758e+01   4.9026640e+01
   7.3730357e+01   2.0054992e+01
   3.6811338e+01   7.8698873e+01
  -6.7049221e+00   3.2572152e+01
  -1.9121566e+01   5.8052450e+01
  -1.2638147e+01   7.5447835e+01
   6.8068226e+00   8.7135403e+01
   6.1711458e+01   2.6856819e+00
   1.8574957e+01   7.0343474e+01
  -2.1964992e+01   3.7305874e+01
  -2.8623970e+01   5.2468417e+01
   2.8487153e+01   7.3164015e+01
  -5.3886719e+01   5.4926282e+01
   8.0857844e+01  -1.4882559e+01
   9.0138534e+01  -1.1158339e+01
  -6.0963098e+01  -2.6285916e+01
  -2.7142155e+00   4.2378283e+01
  -4.1448561e+01  -3.0443329e+01
   2.0765741e+00   5.1145993e+01
   2.1611956e+01   5.4487058e+01
   6.6713922e+01   5.9203970e+01
   1.9253342e+01   4.4587070e+01
   5.6778403e+01   6.0323535e+01
   4.2665132e+01   5.3698652e+01
  -3.8294972e+01   3.9387062e+01
  -9.4816981e+00  -7.6870767e-01
   5.6993668e+01   1.2015220e+01
   1.2434951e+00  -5.9799646e+00
   6.9006920e+00   2.2332305e+00
  -2.8501202e+01   6.2466394e+01
   2.4365898e+00   1.4963652e+01
  -7.9365665e+01  -2.9041061e+01
