   2.6170000e+03
   2.8650000e+03
   2.6930000e+03
   2.4750000e+03
   2.9390000e+03
   2.5950000e+03
   2.6950000e+03
   2.8150000e+03
   2.6850000e+03
   2.7710000e+03
   2.8250000e+03
   2.4510000e+03
   2.6010000e+03
   2.4690000e+03
   2.4870000e+03
   2.9070000e+03
   2.7890000e+03
   2.5610000e+03
   2.8710000e+03
   2.6710000e+03
   2.5070000e+03
   2.4430000e+03
   2.5870000e+03
   2.8890000e+03
   2.4850000e+03
   2.7270000e+03
   2.6250000e+03
   2.5830000e+03
   2.5710000e+03
   2.7950000e+03
   2.9330000e+03
   2.9270000e+03
   2.4710000e+03
   2.8470000e+03
   2.8690000e+03
   2.8570000e+03
   2.6890000e+03
   2.7630000e+03
   2.8930000e+03
   2.8950000e+03
   2.7110000e+03
   2.9130000e+03
   2.6450000e+03
   2.4450000e+03
   2.6870000e+03
   2.3870000e+03
   2.4770000e+03
   2.7290000e+03
   2.6910000e+03
   2.7370000e+03
   2.9310000e+03
   2.9470000e+03
   2.5210000e+03
   2.5230000e+03
   2.5130000e+03
   2.7810000e+03
   2.7170000e+03
   2.8090000e+03
   2.8350000e+03
   2.5570000e+03
   2.5090000e+03
   2.8790000e+03
   2.6750000e+03
   2.5150000e+03
   2.9030000e+03
   2.8050000e+03
   2.8190000e+03
   2.8970000e+03
   2.8310000e+03
   2.4270000e+03
   2.5110000e+03
   2.6650000e+03
   2.7250000e+03
   2.9370000e+03
   2.4950000e+03
   2.7410000e+03
   2.6290000e+03
   2.9490000e+03
   2.6470000e+03
   2.7010000e+03
   2.4790000e+03
   2.8730000e+03
   2.5330000e+03
   2.7070000e+03
   2.5250000e+03
   2.7150000e+03
   2.7590000e+03
   2.7750000e+03
   2.8910000e+03
   2.6610000e+03
   2.5910000e+03
   2.8070000e+03
   2.9090000e+03
   2.5730000e+03
   2.8590000e+03
   2.8010000e+03
   2.7970000e+03
   2.6490000e+03
   2.8490000e+03
   2.7850000e+03
   2.8530000e+03
   2.6070000e+03
   2.6130000e+03
   2.8210000e+03
   2.7050000e+03
   2.3860000e+03
   2.8270000e+03
   2.8390000e+03
   2.7310000e+03
   2.8750000e+03
   2.6730000e+03
   2.4160000e+03
   2.6530000e+03
   2.7490000e+03
   2.6690000e+03
   2.9210000e+03
   2.9110000e+03
   2.6570000e+03
   2.4420000e+03
   2.6990000e+03
   2.7090000e+03
   2.6970000e+03
   2.8610000e+03
   2.4600000e+03
   2.8830000e+03
   2.8110000e+03
   2.4740000e+03
   2.4760000e+03
   2.4780000e+03
   2.7230000e+03
   2.4840000e+03
   2.7550000e+03
   2.4900000e+03
   2.7350000e+03
   2.4940000e+03
   2.7390000e+03
   2.7450000e+03
   2.5040000e+03
   2.5060000e+03
   2.5080000e+03
   2.5100000e+03
   2.8670000e+03
   2.5140000e+03
   2.5160000e+03
   2.7530000e+03
   2.7570000e+03
   2.7510000e+03
   2.5240000e+03
   2.7670000e+03
   2.5320000e+03
   2.7690000e+03
   2.7790000e+03
   2.7830000e+03
   2.5480000e+03
   2.7930000e+03
   2.7910000e+03
   2.5580000e+03
   2.5600000e+03
   2.8030000e+03
   2.5640000e+03
   2.7990000e+03
   2.5680000e+03
   2.8130000e+03
   2.5720000e+03
   2.8230000e+03
   2.9230000e+03
   2.5780000e+03
   2.8170000e+03
   2.5840000e+03
   2.5860000e+03
   2.8770000e+03
   2.8290000e+03
   2.5940000e+03
   2.8370000e+03
   2.6000000e+03
   2.8510000e+03
   2.6040000e+03
   2.8410000e+03
   2.8450000e+03
   2.8550000e+03
   2.6140000e+03
   2.9170000e+03
   2.8630000e+03
   2.8990000e+03
   2.6240000e+03
   2.9250000e+03
   2.6280000e+03
   2.6300000e+03
   2.9190000e+03
   2.8870000e+03
   2.6360000e+03
   2.6380000e+03
   2.8810000e+03
   2.9510000e+03
   2.6460000e+03
   2.9010000e+03
   2.8850000e+03
   2.6520000e+03
   2.6560000e+03
   2.9530000e+03
   2.6600000e+03
   2.9410000e+03
   2.6660000e+03
   2.9150000e+03
   2.9350000e+03
   2.6720000e+03
   2.9450000e+03
   2.9430000e+03
   2.6840000e+03
   2.6860000e+03
   2.6880000e+03
   2.6900000e+03
   2.6920000e+03
   2.6940000e+03
   2.6960000e+03
   2.6980000e+03
   2.7000000e+03
   2.7020000e+03
   2.7040000e+03
   2.7060000e+03
   2.7080000e+03
   2.7160000e+03
   2.7180000e+03
   2.7220000e+03
   2.7240000e+03
   2.7260000e+03
   2.7280000e+03
   2.7300000e+03
   2.7320000e+03
   2.7380000e+03
   2.7400000e+03
   2.7440000e+03
   2.7460000e+03
   2.7480000e+03
   2.7520000e+03
   2.7540000e+03
   2.7560000e+03
   2.7580000e+03
   2.7600000e+03
   2.7620000e+03
   2.7640000e+03
   2.7660000e+03
   2.7720000e+03
   2.7740000e+03
   2.7780000e+03
   2.7800000e+03
   2.7820000e+03
   2.7840000e+03
   2.7880000e+03
   2.7900000e+03
   2.7920000e+03
   2.7940000e+03
   2.7960000e+03
   2.7980000e+03
   2.8000000e+03
   2.8020000e+03
   2.8040000e+03
   2.8060000e+03
   2.8080000e+03
   2.8100000e+03
   2.8120000e+03
   2.8140000e+03
   2.8160000e+03
   2.8180000e+03
   2.8200000e+03
   2.8220000e+03
   2.8240000e+03
   2.8260000e+03
   2.8280000e+03
   2.8320000e+03
   2.8340000e+03
   2.8360000e+03
   2.8380000e+03
   2.8400000e+03
   2.8420000e+03
   2.8440000e+03
   2.8460000e+03
   2.8480000e+03
   2.8500000e+03
   2.8520000e+03
   2.8540000e+03
   2.8560000e+03
   2.8580000e+03
   2.8600000e+03
   2.8620000e+03
   2.8640000e+03
   2.8660000e+03
   2.8680000e+03
   2.8700000e+03
   2.8720000e+03
   2.8740000e+03
   2.8760000e+03
   2.8780000e+03
   2.8800000e+03
   2.8820000e+03
   2.8840000e+03
   2.8860000e+03
   2.8880000e+03
   2.8900000e+03
   2.8920000e+03
   2.8940000e+03
   2.8960000e+03
   2.8980000e+03
   2.9000000e+03
   2.9020000e+03
   2.9040000e+03
   2.9060000e+03
   2.9080000e+03
   2.9100000e+03
   2.9120000e+03
   2.9140000e+03
   2.9160000e+03
   2.9180000e+03
   2.9200000e+03
   2.9220000e+03
   2.9240000e+03
   2.9260000e+03
   2.9280000e+03
   2.9300000e+03
   2.9340000e+03
   2.9360000e+03
   2.9380000e+03
   2.9400000e+03
   2.9440000e+03
   2.9460000e+03
   2.9480000e+03
   2.9500000e+03
   2.9520000e+03
