  -6.0131197e+01   4.2679665e+01
  -7.3945479e+01  -1.8963142e+00
  -8.6949177e+01   2.3801376e+01
   2.5242253e+01  -1.3055354e+01
   3.6360059e+01  -5.4417406e+01
  -2.6232660e+00   4.3706349e+01
  -7.4850592e+01   8.4635214e+00
   3.9560994e+01  -5.7883685e+00
  -3.9654993e+00  -4.1104742e+01
   3.9439211e+01  -7.8902024e+01
  -5.0509808e+01   6.1154641e+01
  -8.2690317e+01  -1.9385288e+01
  -2.2027041e+01  -9.7033582e+00
   3.6854580e+00  -2.4812188e+01
  -2.0826746e+01  -3.7136374e+01
   1.6489785e+01  -7.7690889e+01
   4.6659558e+01  -9.3893329e+01
  -1.8859161e+01  -8.4474780e+01
  -2.7084575e+01   8.8213342e+01
  -4.9651527e+01   9.3010075e+01
  -2.7988977e+01   4.5818373e+01
  -6.8393103e+01  -3.3385742e+01
   5.8571520e+01  -1.9684065e+01
  -6.2498004e+01   2.5995710e+01
   2.0959393e+01  -4.0250459e+01
  -9.7757673e+01   2.6529621e+01
  -6.8565248e+01   1.6230553e+01
  -4.1468221e+00  -1.8364970e+01
  -8.3885704e+01   4.5290525e+01
  -2.1895151e+00  -7.4744428e+01
  -1.9451827e+01  -6.4712248e+01
   7.2389196e+01  -1.9142172e+01
  -2.1515346e+01   5.4235329e+01
   8.8596066e+01  -3.4147460e+01
  -3.4347152e+01   9.5086928e+01
  -3.6935745e+01   2.7972758e+01
  -3.8862761e+01   1.4115708e+01
   1.2958526e+01   6.6102654e+01
  -7.9831183e+01   6.7244103e+01
  -8.2650758e+01  -4.3102119e+01
  -5.5036004e+01   7.3838124e+00
   6.0997588e+01  -6.3616774e+01
   4.7688572e+01  -2.8168478e+01
   1.3649673e+01  -3.3329220e+01
   4.9384716e+01   3.1646844e+01
   1.9464888e+01   1.3783206e+01
   2.7203123e+01  -5.0403622e+01
   8.5057635e+00  -5.5420436e+00
   9.5819898e+00   1.2264116e+01
   5.1885140e+01  -3.7259742e+01
  -6.6630442e+01   3.5095282e+01
  -2.0963056e+01  -5.4827845e+01
   9.7456147e+01  -4.2966893e+01
   2.3791586e+01  -7.0879147e+01
  -2.7533874e+01  -7.2953634e+01
  -1.5885988e+01   7.1068706e+01
   9.6286614e+01   3.2155642e+00
  -5.1757007e+01   7.2036872e+01
  -3.2987491e+01   6.5207690e+01
  -1.5483957e+00   2.0885144e+01
   8.0405795e+01  -2.8434033e+01
   5.4287021e+00   2.8040494e+01
   9.0872696e+01  -2.4341778e+01
  -5.8501451e+01  -3.8464881e+01
  -1.1850211e+01   5.6773240e+01
  -2.0956773e+01   2.3655382e-01
  -6.1112416e+00   7.3174921e+01
  -3.3876941e+01  -2.2052868e+01
  -8.0641026e+01  -9.3883193e+00
  -1.8458379e+00   5.3664778e+01
  -4.8600617e+01  -3.0438722e+01
  -5.7836162e+01   9.8755114e+01
   4.6280515e+01  -5.5439563e+01
   6.0804033e+01  -8.9044593e+01
  -3.7833970e+01   4.7498391e+01
   2.3248990e+01  -3.0535646e+01
   4.1952380e+01  -3.6490544e+01
   3.2049150e+01  -3.5245317e+01
   6.5021240e+01  -8.0003191e+01
  -9.3594607e+01   4.2655599e+01
   8.5750810e+01  -5.8538122e+01
   4.3285334e+01   4.8370972e+00
   2.3365591e+01   4.5804152e+00
  -1.2050872e+01  -9.1922857e+00
   1.3497723e+01   3.0906636e+00
  -9.7821390e+01   5.8853078e+01
  -7.3820566e+01   2.8157021e+01
  -4.9532993e+00  -5.1040947e+01
  -3.2429434e+01  -5.3179680e+01
   4.1000533e+01  -6.3894791e+01
   9.6064339e+01  -7.5066316e+01
  -2.6814782e+01  -2.9129508e+01
   6.3132386e+01  -1.4298462e+00
   8.7600401e+00  -5.8380246e+01
  -4.4089041e+01  -8.0982240e+01
   8.2785404e+01  -4.2282795e+01
  -4.1062853e+01  -6.8557451e+00
   8.2716406e+01   1.6990209e+01
  -1.1693235e+01   9.8800585e+01
   1.3068456e+01   2.1611438e+01
   6.5569070e+01   1.5705995e+01
  -1.5123870e+01   2.8994106e+01
   7.2523588e+01  -6.3525758e+00
   1.5161484e+01   4.0939147e+01
  -4.0942011e+01   5.8302805e+01
  -7.6296234e+01  -2.7073383e+01
  -4.3829432e+01   7.8122932e+01
  -3.0606229e+01  -2.3689830e+00
  -6.3765776e+01  -4.6966814e+01
   7.4011152e+01  -3.6073490e+01
  -3.3003682e+01   3.7166909e+01
  -1.5197791e+01  -2.8886546e+01
  -6.4027110e+01  -3.2437440e+00
  -6.5008769e+01   6.7075288e+00
  -6.6955223e+01   5.0128408e+01
  -2.3050833e+01   6.4098504e+01
  -2.6940298e+01   7.3298229e+01
   6.7825047e+01  -2.7985242e+01
   4.8798935e+01  -1.8230548e+01
  -3.1676116e+01  -1.2305499e+01
   8.9466359e+01  -9.4100157e+01
  -4.3192798e+00   6.3344952e+01
   5.0124452e+00   7.9395750e+01
  -7.2287084e+01  -1.4883898e+01
  -4.0420691e+00   8.9852552e+01
  -4.2367221e+01  -1.6769856e+01
  -9.0951401e+01  -1.3751431e+01
   3.3524156e+01  -9.7625399e+01
   4.7929803e+01  -7.3704743e+01
  -8.1208812e+01   8.4092320e+01
   4.6326729e+01  -4.5489247e+01
  -8.5869591e+01  -3.3634330e+01
  -5.8606667e+01   1.6791737e+01
  -7.8116373e+01   1.9133944e+01
   2.9703982e+01  -4.1107407e+00
   5.1973995e+01  -2.0187453e-02
  -7.6993742e+01  -5.1446875e+01
   5.2985084e+01  -8.2525000e+01
  -7.6448553e+01   9.3828344e+01
   5.0313330e+01   1.1956519e+01
   3.2014868e+01   1.9424203e+01
  -5.9122209e+01   7.8800400e+01
  -6.8643957e+01   8.7576357e+01
   1.4850013e+01  -6.6478808e+01
   6.8498679e+01  -7.0211392e+01
   7.8222835e+01  -6.5110980e+01
   1.5264483e+01  -1.3663335e+01
   3.3319748e+01   5.2108865e+00
   4.0627559e+01   1.4431468e+01
  -2.0994220e+00  -8.3721682e+00
   2.0269677e+01  -5.8112210e+01
   3.7549887e+00  -3.4771620e+01
   1.9724217e+01  -4.7248649e+00
   5.3646307e+00  -1.5000693e+01
   1.0493086e+00   1.1030227e+00
  -9.0641628e+01  -3.7579997e+00
  -9.3900025e+01   6.9859487e+00
   3.5920014e+01  -4.4451658e+01
   5.6231602e+01  -5.4880315e+01
  -2.9233366e+01  -6.2649844e+01
  -9.8270051e+00  -6.8294458e+01
   2.9559027e+01  -6.1704411e+01
   7.9593410e+01  -9.5687136e+01
  -1.1278758e+01  -9.1555377e+01
   8.0786446e+00  -9.2003064e+01
  -3.6796975e+01  -6.9187006e+01
  -2.4529986e+01  -9.2704521e+01
  -9.2492283e+00  -8.1777514e+01
  -2.8723030e+01  -8.2881254e+01
   6.6473185e+00  -7.9417098e+01
   1.7086204e+01  -8.7665997e+01
  -3.9244873e+00  -9.8907944e+01
   8.4531601e+01  -6.5730445e+00
   9.1288109e+01   1.1928297e+01
  -1.6578602e+01   9.0076198e+01
   8.2303499e+01  -1.8656377e+01
   2.3882024e+01  -9.4994281e+01
   9.8525908e+01  -3.3024377e+01
  -4.2602269e+00   3.0491624e+01
   5.6685534e+01   1.9659341e+01
  -3.1453721e+01   5.5197902e+01
   1.6425898e+01   3.1026611e+01
   6.8917762e+00   4.7939648e+01
   6.5042900e+01  -1.2435833e+01
   5.5977855e+00   3.8027823e+01
   9.1166447e+01  -1.4206559e+01
  -5.7175820e+01   5.2215451e+01
  -2.4773618e+01   2.6399359e+01
  -5.6853042e+01  -5.4192677e+01
  -2.9540441e+01   1.7630683e+01
  -9.8482331e+01   9.4568918e+01
  -3.4072931e+01   8.0297729e+01
  -4.2535685e+01   6.8173856e+01
  -2.0354668e+01   8.0818008e+01
  -5.8401564e+01  -2.8465790e+01
  -5.5645975e+01   3.3749405e+01
   9.5089529e+01  -8.5831082e+01
   3.9023869e+01  -1.6432926e+01
  -1.4195997e+01  -1.8948193e+01
  -4.7323320e+01   5.0605933e+01
  -4.1144933e+01   8.7753963e+01
  -1.0824484e+01   3.8007445e+01
  -1.8043604e+01   4.4884913e+01
  -2.3048342e+01   3.6237339e+01
  -2.4182041e+01  -1.9467164e+01
  -3.1611461e+01  -3.7993834e+01
  -3.8612213e+01  -3.0855891e+01
   7.1950278e+00   5.7932856e+01
  -5.1489910e+01  -2.0865290e+01
   3.5553722e+00   6.9503664e+01
  -9.1031221e+01  -2.5069428e+01
  -1.0450024e+01   8.2177901e+01
   3.7757809e+01  -2.7037220e+01
  -8.3019550e+01   2.7082495e+00
  -9.0307086e+01   3.3214606e+01
  -8.0578463e+01   3.5526223e+01
  -9.4134825e+01   8.0827467e+01
  -7.3382165e+01   4.2468645e+01
  -8.5494388e+01   1.2395944e+01
  -8.9698411e+01   8.9789511e+01
  -8.5846371e+01   7.5232690e+01
  -2.2419374e+01   9.8191159e+01
   1.6046863e+01  -2.3621643e+01
   2.8944277e+01  -2.2330714e+01
  -9.7222704e+01  -5.3529115e+01
  -4.5391853e+01   3.3344459e+01
   5.7870290e+01  -7.3074124e+01
  -8.7937786e+01   6.1324694e+01
  -7.2673871e+01  -4.2423155e+01
   4.7123030e+01   2.1940161e+01
  -6.7006131e+01  -2.3374458e+01
  -9.2521771e+01  -4.4702957e+01
  -9.5871412e+01  -3.5280654e+01
  -7.2122731e+01   7.8200997e+01
  -9.3936794e+01   6.9325745e+01
   2.2883703e+01   2.3408694e+01
  -6.7834828e+01   9.8907935e+01
   6.4127546e+01  -3.7248860e+01
   5.7951631e+01  -2.9469060e+01
   5.8040326e+01  -4.5105313e+01
   5.1023390e+01  -6.4216477e+01
  -8.9143590e+00   2.9420453e-01
   7.6650340e+01   2.3390541e+00
   7.6192194e+00  -4.3962248e+01
   1.6207982e+01  -4.9023087e+01
  -5.2152444e+00  -2.9353627e+01
  -5.0952142e+01   2.4925735e+01
  -1.5522808e+01  -4.5849627e+01
  -9.4336663e+01   1.7065705e+01
  -5.8718219e+01   8.8792046e+01
  -7.7028541e+01   5.2569214e+01
  -2.8473750e+01   7.4077272e+00
   3.3751311e+01  -7.0742714e+01
  -1.7678377e+00  -6.0502365e+01
  -3.1661629e-01   1.0982982e+01
  -4.0146663e+01  -5.9534936e+01
  -8.5173418e+01   9.8714636e+01
  -2.5542538e+01  -4.5941068e+01
  -1.7633228e+01  -7.4543797e+01
   5.5883234e+01  -9.7735355e+01
   5.5650815e+01  -9.2676043e+00
   9.7262608e+01  -6.2373034e+01
   7.0032678e+01  -5.9390169e+01
   7.7551603e+01  -5.2814877e+01
   8.8993567e+01  -6.7995935e+01
   2.9453814e+01  -8.3516207e+01
  -4.7569707e+01   7.3640382e-01
  -3.8175979e+01   4.1518837e+00
  -4.8770513e+01   1.5171045e+01
  -5.2079942e+01  -8.4933964e+00
  -6.2431106e+01  -1.3115340e+01
   4.9919782e+00  -6.7840719e+01
  -3.4714778e+01  -9.0884152e+01
  -5.5712717e+01  -7.5238416e+01
   8.9805511e+01  -4.9402580e+01
  -4.6610260e+01  -7.1100141e+01
  -1.5188719e+00  -8.9198298e+01
   6.9920601e+01  -9.3152264e+01
  -1.1648075e+01  -5.8463765e+01
  -1.7254743e+01  -9.9565254e+01
   3.8094310e+01  -8.8759472e+01
   9.7642983e+01  -6.6609506e+00
   8.6397221e+01   3.2510168e+00
   7.4400610e+01   1.1750426e+01
