  -6.7195349e+01   2.2548964e+01
   2.8001811e+01  -4.4044108e+01
  -9.1443154e+01   3.2343691e+01
   3.3590428e+01  -7.0006208e+01
  -7.2564889e+01   3.8979710e+01
  -8.1155680e+01   6.0317039e+01
   5.0120420e+01  -4.5206325e+01
   4.6169557e+01  -5.4392765e+01
  -9.0316005e+01   4.2305485e+01
  -7.8578367e+01   1.6562109e+01
  -8.2071628e+01   3.5831930e+01
  -8.0934348e+01   4.5766439e+01
  -9.1595283e+01   1.7573648e+01
   3.8775013e+01  -6.1455180e+01
   2.5933296e+01  -6.3574386e+01
   3.5050785e+01  -5.2174548e+01
   5.0973714e+01  -6.3163174e+01
  -9.0944085e+01   6.2363288e+01
  -6.6390639e+01   4.6846008e+01
  -7.5131430e+01   2.8632914e+01
  -6.4821918e+01   3.2651488e+01
  -7.4169650e+01   5.3129802e+01
  -8.8339832e+01   5.2486294e+01
  -9.9619603e+01   3.8100762e+01
  -8.4392360e+01   2.4698293e+01
   3.8517281e+01  -7.8708283e+01
   1.7733609e+01  -4.4939080e+01
   4.0208184e+01  -4.3607095e+01
   2.5087995e+01  -5.3610177e+01
   4.5442149e+01  -7.1493947e+01
  -9.7721736e+01   4.9025130e+01
  -9.8260822e+01   2.5028206e+01
