   5.8453555e+01  -1.1697291e+01
  -4.2283736e+01   6.7028822e+01
  -9.9790729e+01   5.8019670e+00
  -8.3435131e+01   8.1305486e+01
   4.1297525e+00  -8.3293776e+01
   5.7593256e+01  -9.4390316e+01
   5.7089282e+01  -5.1357215e+01
  -1.3580104e+01  -6.6904211e+01
   8.0868354e+01  -6.5064751e+01
  -9.9464325e+01  -1.2762225e+01
  -3.9645507e+01   3.9402066e+01
   5.0271994e+01  -3.2859827e+01
  -8.9591633e+01   2.2384985e+01
  -5.6673955e+01   5.2526672e+01
  -4.7412648e+01  -1.7261110e+01
  -7.2348276e+01  -1.0744201e+00
  -7.9521281e+01   3.6622257e+01
  -3.8656323e+01   2.1631195e+01
   4.0972625e+01  -8.1311380e+01
   2.3386960e+01  -1.9777758e+01
   4.1373601e+00  -1.6949979e+01
   3.0954334e+01  -4.1542053e+01
   9.7657479e+00  -3.7175024e+01
   7.6716140e+01  -4.8205685e+01
   1.1942716e+01  -6.8391180e+01
   3.5812230e+01  -7.2747354e+01
   1.9821244e+00  -6.7978396e+01
   4.1674331e+01  -5.3630451e+01
  -2.2820766e+01   6.2814893e+01
  -9.8344806e+01   5.3699422e+01
  -8.4808743e+01  -2.3745749e+01
  -4.3601730e+01  -8.0181121e+00
  -1.2954341e+01   2.8859465e+01
  -6.1474074e+01   7.9579707e+01
  -8.6767798e+01   6.1265948e+01
  -6.1920769e+01   4.6883691e+00
   8.0782597e+01  -2.1523598e+01
  -4.8558345e+01   1.8561209e+01
  -7.0498898e+01   2.8503385e+01
   3.8477233e+01  -3.9461702e+00
  -1.3700796e+01  -5.3579791e+01
   1.8339597e+01  -4.5066358e+01
  -1.0021055e+01  -3.4091375e+01
   3.2123025e+01  -8.5945029e+01
   5.9383324e+01  -8.4554919e+01
  -5.0585817e+01   6.0848936e+01
  -4.2532223e+01   7.7024610e+01
  -1.6869436e+01   4.3727855e+01
  -8.0176381e+01   5.1478827e+00
  -6.2736481e+01  -2.9767936e+01
  -2.9656752e+01   3.9829915e+01
  -8.5892310e+01   9.0998900e+01
  -7.8900856e+01  -1.5677490e+01
  -4.3497634e+01   1.9780497e+00
  -2.4601099e+01   8.2890735e-01
   7.0867898e+01  -2.6170083e+01
  -9.6505681e+01   6.3528484e+01
  -5.1607323e+01   8.1229563e+01
  -9.9333078e+01   3.5671715e+01
  -4.9595811e+01   4.0369138e+01
  -7.0339857e+01   4.0584444e+01
   4.0984887e+01  -2.8332237e+01
  -6.0729966e+01   4.3391788e+01
   2.4056995e+01  -5.9982095e+00
  -7.3535748e-02  -3.3181032e+01
   1.4058239e+01  -6.0000755e+00
  -1.8942920e+01  -3.8598198e+01
   1.6541258e+01  -7.7268577e+01
   4.8513472e+01  -9.8857989e+01
   9.4086471e+01  -5.7839282e+01
   6.2574161e+01  -6.2433975e+01
   5.0796929e+01  -7.9495117e+01
  -1.2899052e+01  -7.9622321e+01
  -2.5428196e+01   7.2468880e+01
  -5.1356537e+01   7.1232921e+01
  -2.1095419e+01   3.4665059e+01
  -4.0114607e+01   5.7268429e+01
  -3.1188164e+01   5.1913682e+01
  -6.2909220e+01  -1.9218026e+01
  -2.5256096e+01   2.5572040e+01
   7.3778482e+01  -3.8660800e+01
   7.7436413e+01  -1.2102034e+01
  -9.6642875e+01   1.5295235e+01
  -9.9034070e+01   2.5676967e+01
  -7.7910566e+01   1.6951767e+01
  -8.0325772e+01   2.6654668e+01
  -3.2428174e+01   7.0507618e+00
   6.0424125e+01  -2.1963221e+01
  -3.7482008e+01  -1.5925669e+01
  -5.5942568e+01  -1.2044465e+01
  -9.1404761e+01  -3.1261899e+01
  -7.9638614e+01   6.8266786e+01
  -8.6976088e+01   1.2735114e+01
  -5.1563464e+01   9.1232266e+01
   7.8503669e+01  -9.4925180e+01
  -7.4323465e+01   9.4382756e+01
   6.7102503e+01  -9.9166099e+01
  -4.1266298e+01   1.1724024e+01
  -9.1497554e+01   4.1881158e+01
  -5.6926241e+01   2.4028649e+01
   9.3420962e+00  -4.9400036e+01
   5.6653344e+01  -4.0574812e+01
   3.1524608e+01  -3.1559037e+01
  -7.7194916e+01   5.6265943e+01
   1.7199714e+01  -2.7626509e+01
   4.8761110e+01  -9.2382315e+00
  -8.8558133e+01   3.2328201e+01
   3.2232044e+01  -1.1754405e+01
  -9.0123247e+01   3.2448626e+00
   7.2841089e+00  -2.6431239e+01
  -7.9823334e+01   4.6617569e+01
  -6.8085488e+01   1.8800287e+01
  -5.0563697e+00  -2.9535970e+00
  -6.0728444e+00  -2.4156422e+01
  -6.9623055e+01   8.5557860e+01
  -9.3384158e+01   8.2314078e+01
   1.6556779e+00  -4.3015662e+01
  -1.0580444e+01  -4.4071879e+01
  -3.7776887e+00  -5.1386872e+01
  -8.8583317e+01   5.1439680e+01
  -2.5481478e+01  -4.8108440e+01
  -6.7957586e+01   5.0296057e+01
  -4.6997303e+01   5.0020913e+01
   8.3695165e+01  -4.1051820e+01
   6.7056384e+01  -5.0735139e+01
   2.6517206e+01  -7.6433686e+01
   2.9590658e+01  -6.1266973e+01
   6.1425769e+00  -9.3573865e+01
   9.0496717e+01  -4.8381592e+01
  -3.2092793e+00  -7.6508993e+01
  -5.3664364e+00  -6.1232141e+01
  -5.4181177e+00  -8.6256007e+01
   1.3486461e+01  -8.6789082e+01
  -5.3522985e+01  -2.3419264e+00
  -3.2745815e+01   6.4024546e+01
   6.8014478e+01  -1.5452726e+01
  -8.7277240e+00   3.7921981e+01
  -2.0072142e+01   5.3200586e+01
   8.3791629e+01  -3.1056642e+01
  -4.2493479e+01   8.7023684e+01
  -7.2055070e+01  -2.6140349e+01
  -4.4569359e+01   3.0502712e+01
  -3.4202586e+01   3.0584642e+01
   5.8967591e+01  -1.6762866e+00
  -2.9936777e+01   1.6735347e+01
  -9.4630219e+01   9.5861918e+01
  -5.4142390e+01  -2.4656294e+01
  -3.4673314e+01  -2.7225548e+00
  -1.2835086e+01   6.2293747e+01
  -6.3248055e+01  -5.2189001e+00
  -7.0944811e+01   8.9971035e+00
  -8.1095091e+01  -5.9212056e+00
  -2.7910152e+01  -1.8818952e+01
   4.8465545e+01  -4.6307099e+01
  -8.9437966e+01  -1.2831302e+01
  -4.2719255e+01  -2.6089989e+01
   6.4763084e+01  -3.4345022e+01
  -8.9207351e+01   7.1171134e+01
  -6.1558743e+01   9.1465336e+01
   6.4395941e+01  -7.5903412e+01
  -9.4546165e+01  -2.1469216e+01
  -7.4431137e+01   7.6795999e+01
   4.7478435e+01  -8.8917010e+01
   2.2965004e+01  -8.9932372e+01
   4.1904258e+01  -3.8407201e+01
   3.3197109e+01  -2.1705064e+01
  -7.9835035e+01  -3.2422941e+01
  -5.1821933e+01   7.5114117e+00
   7.0754630e+01  -6.8186281e+01
   4.1437659e+01  -1.6045125e+01
   2.8585274e+01  -9.8197212e+01
   3.8465675e+01  -9.6663638e+01
   2.2594213e+01  -3.6034413e+01
   4.6177339e+01   2.4329584e+00
   2.0108340e+01   3.1886082e+00
   1.6508300e+01  -5.7541334e+01
   2.5216883e+01  -5.2301643e+01
  -5.9162964e+01   1.4293298e+01
   4.1052439e+00  -6.9567591e+00
  -5.4247970e+00  -1.4030434e+01
   8.1631037e+00   2.1796727e+00
  -9.9485870e+01   7.3073141e+01
   1.4127391e+01  -1.6002428e+01
   5.0464569e+01  -2.2861681e+01
   5.0937614e+01  -6.0779414e+01
  -5.7304141e+01   3.4007668e+01
  -1.6698106e+01  -2.6652894e+01
  -2.2787802e+01  -5.7754275e+01
  -2.8938125e+01  -3.8672718e+01
   3.9337354e+01  -6.3333612e+01
   4.5902195e+01  -7.0820671e+01
   9.6561216e+01  -4.0458452e+01
   8.3524920e+01  -5.5491879e+01
   7.3352836e+01  -5.8491952e+01
   1.5634713e+01  -9.6731914e+01
   2.1878804e+01  -6.7585624e+01
   9.0861614e+01  -6.7305025e+01
   6.8193075e+01  -8.9237049e+01
   6.6090959e+00  -5.9012878e+01
  -2.0932791e+01  -7.3667765e+01
  -3.5391296e+00  -9.6074100e+01
