   4.0507975e+01   1.3416482e+01
   3.2601964e+01  -1.2337572e+01
  -2.0680162e+01  -1.9952409e+01
   3.4578133e+00   2.0642447e+01
   6.2941710e+00  -3.5094919e+01
   9.7690358e+00   1.1306212e+01
   5.4574124e+00  -2.5130006e+01
   2.5261117e+01  -5.5469927e+00
   6.0237879e+00   2.0340765e+00
   2.9264947e+01   4.5792390e+01
  -3.8618060e+01   1.1951094e+01
  -1.4526573e+01   2.9331633e+01
   4.2260557e+01  -2.7399112e+01
  -3.2980868e+00  -2.0298752e+01
  -1.5877641e+01  -4.1302773e+01
  -6.0596301e+00  -5.9619671e+01
  -2.5581549e+01  -3.8739780e+01
  -2.9100286e+01   8.8832060e+00
  -4.1865298e+01  -6.2744296e+00
  -1.4372758e+01  -9.8687925e-01
   4.7303353e+00   3.3928233e+01
   3.5700226e+01   4.6480442e+00
  -2.2002865e+01   3.5972795e+01
   2.3850084e+01  -3.5186462e+01
  -4.6127312e+01   4.9354773e+00
   6.9236980e+00  -4.5075072e+01
  -3.6591102e+01  -1.4770471e+01
  -4.8653320e+01  -3.0451704e+01
   4.6832497e+01   2.8130619e+01
  -2.5103216e+01  -2.8321847e-01
   1.6023242e+01   1.9302841e+00
  -5.9006022e+00   5.0180851e+01
   5.1766105e+01  -1.4372623e+01
   2.8167794e+01   2.3207217e+01
   1.4282726e+01   3.6886581e+01
   3.4800631e+01   3.2554889e+01
   2.7748668e+01  -4.4395208e+01
   2.2842310e+01  -1.5250047e+01
   4.2210510e+01  -1.7320609e+01
   1.5113287e+01  -3.0321447e+01
   5.7199847e+00  -1.5133466e+01
  -1.1959336e+01  -2.5297018e+01
  -1.1205571e+01  -5.0144252e+01
  -5.1476603e+01  -3.5134907e+00
  -4.8631071e+01   1.4616962e+01
  -3.0714102e+01   1.8752116e+01
   1.3020631e+01  -5.3001438e+01
   1.6386671e+01  -4.1842094e+01
  -2.0810049e+01  -2.9951565e+01
   5.7462941e+01   1.2815905e+01
  -7.9288697e+00  -1.1435594e+01
   3.8167558e+01   2.3138745e+01
  -4.3784442e+01  -2.1717081e+01
   3.0141513e+01   1.3403933e+01
   1.3457722e+01   2.0600998e+01
   3.9116189e+01  -4.7504216e+00
  -1.7708373e+01   5.0965249e+01
   7.4479515e-01  -6.4589525e+00
   6.5024905e+01  -1.1006460e-01
   1.6095961e+01   5.6558533e+01
  -3.2254115e+01   3.8061847e+01
  -2.3599854e-01   1.1349669e+01
   2.5605705e+01   3.6485954e+01
   1.1571150e+01  -7.0239783e+00
   1.9351231e+01   4.7103205e+01
   3.3422426e+01  -3.2293322e+01
   2.7631958e+01  -5.4394527e+01
   1.4245965e+01  -2.0359131e+01
  -2.3353340e+01  -5.4859432e+01
   2.3962580e+01  -2.5187096e+01
  -5.0483227e+00  -4.0594326e+01
   3.3534922e+01  -2.2293955e+01
  -4.1424000e+01   2.1549358e+01
  -5.7378869e+01   1.9462168e+01
  -5.8701038e+01  -1.0570716e+01
  -3.6516015e+01   2.1745195e+00
  -4.9058648e+01  -1.3221042e+01
  -1.7870315e+01  -1.0355287e+01
  -3.5104337e+00  -3.0713288e+01
  -1.2314001e+00  -5.0862494e+01
  -2.9957149e+01  -2.3685707e+01
  -2.7859726e+01  -9.8957873e+00
   7.4589558e+00  -6.1312139e+01
   4.5697788e+01   4.8686266e+00
  -5.3927531e+01  -2.1955674e+01
   4.9172916e+01   1.8408354e+01
  -3.3790098e+01  -3.2921966e+01
  -3.0226287e+01  -4.7595647e+01
  -5.3104754e+00   2.5450463e+01
   1.9704034e+01   1.2444540e+01
   2.5702330e+01   4.4432648e+00
  -1.0599704e+01   5.9007993e+01
   1.9652844e+01   2.8450837e+01
   5.5522770e+01   3.0059240e+00
  -5.2794922e+00   3.5450415e+01
   7.6645707e+00   5.1168596e+01
   4.9116168e+01  -4.7301219e+00
  -4.9019861e+00   2.2231785e+00
  -2.4016132e+01   2.6177554e+01
  -3.3964320e+01   2.8209175e+01
   1.4144247e+00   4.3362465e+01
   3.9156356e+01   4.7262076e+01
  -1.2350014e+01   4.2522028e+01
