   5.2489848e+01  -1.4242680e+01
   5.8579703e+01  -4.1252295e+01
   9.3085674e+01  -5.9045826e+01
  -3.6177690e+01   4.1156565e+01
   5.2245960e+01  -3.3717963e+01
  -6.2600006e+01   5.0236527e+01
  -5.4479780e+01  -9.5875957e+00
  -7.2360085e+01  -2.5153825e+00
  -8.2231460e+01   2.9849710e+01
   4.1058057e+01  -7.9709903e+01
   2.2470752e+01  -1.5372872e+01
   2.8763807e+00  -1.7327013e+01
   3.2291617e+01  -4.6899395e+01
   4.1873440e+00  -7.4863641e+01
   4.1464730e+01  -5.1228403e+01
  -1.9406744e+01   6.3186708e+01
  -8.5654909e+01  -2.4017414e+01
  -1.2182339e+01   2.8716025e+01
  -6.3721923e+01   2.3666307e+00
   8.8320246e+01  -1.4736562e+01
  -5.1095634e+01   1.6961168e+01
   3.4919954e+01  -4.0510980e+00
  -3.8782983e+00  -4.9490655e+01
   2.2616679e+01  -4.5032929e+01
  -9.3965938e+00  -3.2438532e+01
   3.2665859e+01  -8.5141707e+01
   5.5216533e+01  -8.9810106e+01
  -4.9580516e+01   5.8304508e+01
  -3.5619128e+01   8.1757531e+01
  -1.6645769e+01   4.7570521e+01
  -6.6887633e+01  -3.4228129e+01
  -2.6193212e+01   4.1713481e+01
  -8.5740425e+01   9.0515441e+01
  -8.1498540e+01  -1.5014765e+01
  -1.8776531e+01  -5.7835520e+00
  -9.8982404e+01   6.3081896e+01
   2.5199963e+01  -5.7100789e+00
   4.5615196e+00  -2.7132718e+01
   1.5712216e+01  -8.1137281e+00
  -1.9127267e+01  -3.4131018e+01
   1.3863034e+01  -7.5360574e+01
   5.1048383e+01  -9.8889849e+01
   5.8471824e+01  -6.2585556e+01
   5.1004050e+01  -8.0743176e+01
  -1.2661098e+01  -8.1218674e+01
  -2.5619848e+01   8.1808183e+01
  -5.4028067e+01   7.7343199e+01
  -2.3609069e+01   3.0652720e+01
  -3.3797799e+01   5.4460588e+01
  -6.6040786e+01  -2.1310998e+01
   7.1847667e+01  -3.8252948e+01
   7.8342103e+01  -1.4186228e+01
  -9.7912144e+01   1.9789831e+01
  -3.4247698e+01  -2.5092324e+00
   6.0635656e+01  -2.3160654e+01
  -3.6179907e+01  -1.2623079e+01
  -9.5017552e+01  -4.1041057e+01
  -8.4535322e+01   6.7558993e+01
  -8.2131165e+01   1.3656837e+01
  -5.5093927e+01   9.8691608e+01
   8.3642982e+01  -9.5555561e+01
  -7.4743166e+01   9.7406219e+01
  -4.1523347e+01   1.4723923e+01
  -9.7642550e+01   4.3147511e+01
  -5.9947287e+01   2.1123387e+01
   1.3535233e+01  -4.8601853e+01
  -8.1366064e+01   4.9411887e+01
   4.9881354e+01  -4.6225080e+00
  -9.4659669e+01   2.9222909e+01
  -8.8565321e+01   2.3333245e+00
  -6.9084369e+01   1.7337173e+01
  -2.9298101e+00  -4.6816731e+00
  -4.7005961e+00  -2.3654647e+01
  -6.6532469e+01   8.9902609e+01
  -9.5508202e+01   8.2360799e+01
  -9.8089192e+01   5.3126030e+01
  -2.3461019e+01  -5.3675961e+01
  -7.1822027e+01   4.6749602e+01
  -4.6344125e+01   4.1861309e+01
   8.2229491e+01  -3.6792869e+01
   6.3477334e+01  -4.9770393e+01
   2.8406854e+01  -7.6086945e+01
   2.9535233e+01  -6.3682109e+01
   5.0932849e+00  -9.4076778e+01
  -5.6587007e+00  -7.1819536e+01
  -1.3891290e+01  -6.1193982e+01
  -4.4877552e+00  -9.0678692e+01
   1.4944588e+01  -9.0504341e+01
  -2.9387705e+01   6.3352604e+01
   6.8873900e+01  -1.1025003e+01
  -6.5832470e+00   3.7287162e+01
  -2.3915381e+01   5.4314373e+01
   9.0718337e+01  -3.1571052e+01
  -3.6362630e+01   9.1723426e+01
  -7.5734171e+01  -2.3348136e+01
  -5.1201652e+01   2.6931514e+01
  -3.3485703e+01   2.9921709e+01
   5.7081425e+01   2.3100975e+00
  -2.9843495e+01   1.1751282e+01
  -9.8220797e+01   9.5159682e+01
  -5.1859909e+01  -2.7927285e+01
  -2.7416728e+01  -9.2929275e+00
  -6.0433785e+00   6.4392033e+01
  -6.3848729e+01  -7.5235128e+00
  -7.1960602e+01   7.8326681e+00
  -8.1928141e+01  -5.0693487e+00
  -2.4300768e+01  -2.4587052e+01
   4.9422429e+01  -4.5099397e+01
  -9.0554667e+01  -1.0896728e+01
  -4.3709513e+01  -2.2314331e+01
   6.3596977e+01  -3.2669391e+01
  -6.5031046e+01   9.9785468e+01
   5.6459402e+01  -7.2356461e+01
  -9.6080604e+01  -2.2209981e+01
  -7.3200928e+01   7.7881337e+01
   4.5228596e+01  -8.9846206e+01
   2.4909604e+01  -9.1464955e+01
   4.2526149e+01  -3.1541110e+01
   3.2272655e+01  -1.6827951e+01
  -8.5165993e+01  -3.8713721e+01
  -4.8092025e+01   7.5243888e+00
   6.7210902e+01  -6.6974250e+01
   4.1347732e+01  -2.0836449e+01
   1.4265775e+01  -2.8854281e+01
   4.9585164e+01   8.8984261e+00
   1.8957865e+01   8.3639271e+00
   1.7412010e+01  -5.9831041e+01
   2.5825795e+01  -5.4468044e+01
  -5.9243909e+01   1.1206467e+01
   6.0527716e+00  -7.9778199e+00
  -6.7566188e+00  -1.3879062e+01
   1.9276976e+00   4.0827914e+00
   1.2812802e+01  -1.7756262e+01
   5.0722725e+01  -2.3980378e+01
   4.8676901e+01  -6.1653752e+01
  -6.2614225e+01   3.0547297e+01
  -1.4508601e+01  -2.3921506e+01
  -2.3480234e+01  -6.3707692e+01
  -3.0180767e+01  -4.3203763e+01
   3.6700314e+01  -7.0619384e+01
   4.6589082e+01  -7.1392728e+01
   9.2460547e+01  -4.9139749e+01
   6.9766510e+01  -5.7426332e+01
   2.1324014e+01  -6.9019246e+01
   7.3643486e+01  -9.5455134e+01
   7.9436440e+00  -5.6601223e+01
  -2.5815692e+01  -7.5775004e+01
  -2.4275221e+01   7.1913650e+01
   8.2097664e+01  -4.8118551e+00
   7.0338414e+01  -2.0887107e+01
  -5.0337132e+01   6.8118145e+01
  -4.3850777e+01   7.5646115e+01
  -4.0418371e+01   6.2686698e+01
  -3.4644911e+01   7.1817503e+01
  -3.2538313e+00   2.4243320e+01
   7.5866722e+01  -2.9152188e+01
   2.2410041e+00   3.2597753e+01
   6.7053933e+01  -6.6113490e-01
   8.4333156e+01  -2.3889296e+01
  -9.8269575e+01  -3.4858411e-02
  -5.2882895e+01   4.9006182e+01
  -5.7170096e+01  -3.6287847e+01
  -1.2055282e+01   5.6419971e+01
  -1.6560917e+01   3.7656428e+01
  -2.7948156e+01   2.1569781e+01
  -4.5097451e+01   8.5531051e+01
  -2.5128571e+01   2.9335039e+00
  -1.3439940e+01   7.1176782e+01
  -3.3807515e+01  -2.2153225e+01
  -7.1819133e+01  -1.3194246e+01
  -1.9921820e+01  -1.5643886e+01
  -6.6731317e+00   4.7284981e+01
  -5.6403657e+01  -1.9166318e+01
  -7.9583004e+01   3.9595369e+01
  -9.2202277e+01   1.1609039e+01
  -8.8048309e+01   2.1717894e+01
  -7.2790681e+01   2.6589212e+01
  -4.5622608e+01   9.5498525e+01
  -3.8624823e+01  -3.0858808e+01
  -7.6224330e+01   8.7443827e+01
  -5.6538834e+01   8.8646518e+01
  -6.3529980e+01   8.0372952e+01
   5.4398406e+01  -5.3579510e+01
  -9.2192524e+01  -3.1483947e+01
   6.4584420e+01  -8.6394775e+01
  -4.2963304e+01   5.0979609e+01
  -7.6800884e+01  -3.3273626e+01
  -8.3186189e+01   7.7466967e+01
   2.3566382e+01  -2.5300968e+01
   3.1650027e+01  -3.6638427e+01
   4.0395785e+01  -4.1257954e+01
   3.3411697e+01  -2.6833041e+01
   6.5424575e+01  -7.6601337e+01
   3.5714143e+01  -9.4665222e+01
  -8.9325318e+01   3.7643020e+01
   4.2119997e+01  -1.0907515e+01
   7.6900387e+01  -6.5406601e+01
   4.1040886e+01   3.7696323e+00
  -1.5349770e-01  -3.5848680e+01
   2.1853634e+01  -3.5169420e+01
   2.7901078e+01   3.8946052e+00
  -7.8879762e+01   5.9312158e+01
  -9.3146294e+01   7.2643732e+01
  -1.1237386e+01  -2.0033174e-01
   1.1609748e+01   1.5819192e+00
  -2.0335915e+01  -4.3996210e+01
  -8.8600491e+01   5.6239403e+01
  -4.2942872e+01   3.3088308e+01
  -7.0027100e+01   3.6994808e+01
   4.6208002e+00  -4.4455639e+01
  -1.3629237e+01  -5.1253828e+01
  -4.1652188e+00  -5.9398226e+01
  -3.3423708e+01  -5.4538824e+01
   3.8915247e+01  -6.0861071e+01
  -5.4748890e+01   3.6573211e+01
  -2.8070723e+00  -8.1290970e+01
   7.1545333e+00  -8.4320673e+01
   6.3562948e+01  -9.6258614e+01
   8.6758799e+01  -6.6660714e+01
   9.8436118e+01  -3.7910865e+01
  -2.9008877e+01  -3.3330186e+01
   7.3163648e+01  -4.8090625e+01
   7.9638932e+01  -5.5974712e+01
   2.0758979e+01  -8.2422984e+01
   1.8950509e+01  -9.9622427e+01
  -4.1294508e+01   2.3906605e+01
   5.9623719e+01  -7.3272147e+00
   3.6760231e+00  -6.5311094e+01
   9.6878829e+01  -6.8282452e+01
  -3.2383934e+01  -6.8161623e+01
  -2.1870929e+01  -8.4963509e+01
   8.2902112e+01  -4.6652733e+01
  -4.5573642e+01  -1.2640971e+01
  -3.8248112e+01   6.0189364e+00
  -5.4185899e+01   5.8722769e-02
  -1.1426843e+01  -9.7484766e+01
