   5.1776704e+01  -1.4552590e+01
   5.9708224e+01  -4.1194573e+01
   9.3399100e+01  -5.9029161e+01
  -6.2227012e+01   4.8478554e+01
  -5.4952334e+01  -9.8278813e+00
  -7.6807907e+01   2.3911086e-01
  -8.2447272e+01   2.9638294e+01
   4.1041613e+01  -7.9938022e+01
   2.2796544e+01  -1.4986300e+01
   3.0582933e+00  -1.7058255e+01
   3.3256324e+01  -4.7745828e+01
   3.1607811e+00  -7.5088280e+01
   4.2647031e+01  -5.1186834e+01
  -8.5978036e+01  -2.4829822e+01
  -7.4159480e+00   2.8295445e+01
  -6.7742048e+01   4.0643462e+00
   9.1362427e+01  -1.1828462e+01
  -5.1036167e+01   1.7656478e+01
   3.6832709e+01  -3.2776549e+00
  -4.5257518e+00  -4.9020893e+01
   2.3752093e+01  -4.4650812e+01
  -2.9877112e+00  -3.3456825e+01
   3.2534795e+01  -8.5194830e+01
   5.5514920e+01  -8.9974620e+01
  -5.3028594e+01   5.6312441e+01
  -1.5328087e+01   4.9154739e+01
  -6.8106234e+01  -3.4083549e+01
  -8.5565650e+01   9.0359053e+01
  -8.2462329e+01  -1.5622415e+01
  -1.7988384e+01  -4.1178157e+00
  -9.8991411e+01   6.3202208e+01
   2.7181173e+01  -5.7432498e+00
   4.7211800e+00  -2.6936674e+01
   1.7265114e+01  -6.6694762e+00
  -2.2637246e+01  -3.5602768e+01
   1.3087266e+01  -7.4866378e+01
   5.1022630e+01  -9.8946388e+01
   5.8785773e+01  -6.2453337e+01
   5.1066584e+01  -8.0749653e+01
  -1.3771404e+01  -8.0746176e+01
  -2.6743794e+01   8.1133119e+01
  -5.5281226e+01   8.1399309e+01
  -2.5247080e+01   3.6509879e+01
  -3.4044907e+01   5.3759679e+01
  -6.3077854e+01  -2.4813664e+01
   7.8018821e+01  -1.4399353e+01
  -9.8329922e+01   1.9785944e+01
  -3.7377292e+01  -4.7815870e+00
   6.0377799e+01  -2.1669791e+01
  -3.6402805e+01  -1.4664108e+01
  -9.5242919e+01  -4.1646478e+01
  -8.4547069e+01   6.7531838e+01
  -8.2108915e+01   1.3627237e+01
  -5.5030721e+01   9.9810606e+01
   8.3642982e+01  -9.5555561e+01
  -7.4798250e+01   9.7391917e+01
  -4.2358075e+01   1.4372934e+01
  -9.8244562e+01   4.3238765e+01
  -6.0275113e+01   2.1346002e+01
   1.4873986e+01  -4.9238066e+01
  -8.2997595e+01   4.9455338e+01
   4.8862804e+01  -4.5866557e+00
  -9.4895580e+01   2.9142140e+01
  -8.8745449e+01   2.6039695e+00
  -6.9577662e+01   1.7654378e+01
  -2.2900475e+00  -6.3237256e+00
  -4.5691891e+00  -2.3765964e+01
  -6.6795714e+01   9.0216658e+01
  -9.5508202e+01   8.2360799e+01
  -9.8334873e+01   5.3226902e+01
  -2.3639000e+01  -5.4576071e+01
  -7.4005580e+01   4.5888141e+01
  -4.6176240e+01   4.2580321e+01
   8.1516189e+01  -3.7511143e+01
   6.3724300e+01  -5.0317171e+01
   2.8581027e+01  -7.5700994e+01
   2.9491344e+01  -6.3629697e+01
   4.9881228e+00  -9.4966362e+01
  -6.1701819e+00  -7.1538159e+01
  -1.3915556e+01  -6.2879440e+01
  -4.5657191e+00  -9.2046484e+01
   1.4212470e+01  -9.1115922e+01
  -2.7486788e+01   6.3828550e+01
   6.7153862e+01  -1.2341581e+01
  -6.4080523e+00   3.8030101e+01
  -2.2547876e+01   5.2823094e+01
   8.8998584e+01  -3.0983901e+01
  -3.6045838e+01   9.3516951e+01
  -3.4684783e+01   3.1317264e+01
   5.6371297e+01   1.8628812e+00
  -3.3858161e+01   1.3902183e+01
  -5.0840685e+01  -2.8056440e+01
  -5.0197218e+00   6.5760322e+01
  -6.3676577e+01  -8.1140457e+00
  -8.3419739e+01  -5.8122642e+00
  -2.4256333e+01  -2.5970043e+01
   5.0221952e+01  -4.4440873e+01
  -9.1206504e+01  -1.1250906e+01
  -4.4585155e+01  -2.0459626e+01
   5.6695445e+01  -7.2216602e+01
  -9.6080604e+01  -2.2209981e+01
  -7.3916632e+01   7.7521063e+01
   4.5557179e+01  -8.9090843e+01
   2.4206364e+01  -9.0766073e+01
   4.2876783e+01  -3.1422573e+01
   3.2675223e+01  -1.6484936e+01
  -8.5639021e+01  -3.9071684e+01
  -4.8378200e+01   7.1418482e+00
   6.7370945e+01  -6.7495930e+01
   4.1066414e+01  -2.1547243e+01
   1.4543874e+01  -2.8133471e+01
   5.0309290e+01   9.9405646e+00
   1.8919697e+01   8.3927077e+00
   1.7133297e+01  -5.9735870e+01
   2.5614971e+01  -5.4448175e+01
  -5.8541999e+01   1.2250093e+01
   7.4275886e+00  -8.0661170e+00
  -7.1794512e+00  -1.4746963e+01
   1.9248818e+00   4.0835200e+00
   1.3027098e+01  -1.7856463e+01
   5.1203101e+01  -2.5556464e+01
   4.8818315e+01  -6.1945800e+01
  -6.2680166e+01   3.0729412e+01
  -1.4544186e+01  -2.3244253e+01
  -2.3766124e+01  -6.4575214e+01
  -3.0040064e+01  -4.3867916e+01
   3.6929234e+01  -7.0261365e+01
   4.6761146e+01  -7.1730391e+01
   9.3749853e+01  -4.9046824e+01
   7.0191425e+01  -5.7907927e+01
   2.1065258e+01  -6.8924197e+01
   7.3643486e+01  -9.5455134e+01
   7.7666693e+00  -5.6256975e+01
  -2.5815965e+01  -7.5774357e+01
  -2.0809050e+01   7.2389324e+01
   8.3716072e+01  -5.6572687e+00
   7.0126599e+01  -2.1475097e+01
  -5.0744758e+01   6.5983472e+01
  -4.1085691e+01   7.7103220e+01
  -3.6424831e+01   6.3579644e+01
  -3.3539292e+01   7.2610540e+01
  -1.6482639e+00   2.0615869e+01
   7.6247862e+01  -2.8893743e+01
   2.9686525e+00   2.9626873e+01
   6.6264173e+01   8.6970212e-01
   8.3487529e+01  -2.2606706e+01
  -9.8672905e+01   3.7025533e+00
  -5.4244479e+01   4.6746354e+01
  -5.8475261e+01  -3.3665479e+01
  -1.0002688e+01   5.7268189e+01
  -1.6132029e+01   3.9750190e+01
  -2.8387323e+01   2.0022302e+01
  -4.5979019e+01   8.6168054e+01
  -2.3671321e+01   1.3204061e+00
  -1.2571281e+01   7.1810453e+01
  -3.3977476e+01  -2.4237275e+01
  -7.3493300e+01  -1.1979193e+01
  -2.2395106e+01  -1.6672433e+01
  -5.8110776e+00   4.7895863e+01
  -5.4893719e+01  -1.9287664e+01
  -8.0251521e+01   3.9171237e+01
  -9.2101591e+01   1.1991670e+01
  -8.8216094e+01   2.1539722e+01
  -7.2775604e+01   2.7127538e+01
  -4.5673316e+01   9.6190422e+01
  -4.1547150e+01  -3.0471194e+01
  -7.6199037e+01   8.7284418e+01
  -5.6981783e+01   9.0427405e+01
  -6.4720060e+01   8.0469448e+01
   5.4269200e+01  -5.3562890e+01
  -9.2970668e+01  -3.1912001e+01
   6.5124945e+01  -8.7221181e+01
  -4.3096268e+01   5.1378870e+01
  -7.7802974e+01  -3.3061903e+01
  -8.3752631e+01   7.7491670e+01
   2.3945157e+01  -2.4898296e+01
   3.1564058e+01  -3.7365677e+01
   4.0787759e+01  -4.1183653e+01
   3.3500252e+01  -2.7610429e+01
   6.5277747e+01  -7.7247984e+01
   3.7399752e+01  -9.4866467e+01
  -8.9939762e+01   3.7758741e+01
   4.2038047e+01  -1.1743886e+01
   7.7076088e+01  -6.5378344e+01
   4.1300820e+01   5.6304521e+00
   6.5461576e+00  -3.6734465e+01
   2.1902778e+01  -3.4848666e+01
   2.8035390e+01   4.2812437e+00
  -7.8874602e+01   5.9300335e+01
  -9.3146294e+01   7.2643732e+01
  -9.6632376e+00   9.3155817e-02
   1.1604894e+01   1.5740835e+00
  -2.0130330e+01  -4.5196539e+01
  -8.9166113e+01   5.7193895e+01
  -4.4231872e+01   3.3433845e+01
  -7.0318940e+01   3.6948248e+01
   5.1759066e+00  -4.6618114e+01
  -1.3751654e+01  -5.2872280e+01
  -4.6999874e+00  -5.9013942e+01
  -3.3636683e+01  -5.4791579e+01
   3.8948963e+01  -6.0468858e+01
  -5.4686657e+01   3.6668908e+01
  -3.8883305e+00  -8.2100040e+01
   6.7138515e+00  -8.4489195e+01
   6.3466775e+01  -9.7071927e+01
   8.7127815e+01  -6.6806939e+01
   9.9271293e+01  -3.9712483e+01
  -3.2468460e+01  -3.4207243e+01
   7.3503468e+01  -4.8200785e+01
   7.9988547e+01  -5.6015020e+01
   2.0488267e+01  -8.1524024e+01
  -4.1602110e+01   2.4103801e+01
   5.8613461e+01  -7.7209665e+00
   3.2021687e+00  -6.5122862e+01
   9.7020407e+01  -6.8346799e+01
  -3.2983848e+01  -6.8446543e+01
  -2.2652098e+01  -8.5319614e+01
   8.4011262e+01  -4.7061798e+01
  -4.5408650e+01  -1.0574013e+01
  -3.8524960e+01   5.0799561e+00
  -5.3748804e+01  -6.7104940e-01
  -1.2355408e+01  -9.8294437e+01
  -1.2978639e+01  -3.3110721e+01
   8.0139073e+01   3.6320559e+00
   2.8649117e+01  -9.9701420e+01
  -1.9196053e+01   8.7556748e+01
   9.8875419e+01  -2.9687614e+01
   8.0793804e+00   2.0214942e+01
   6.1078174e+01   1.0565815e+01
  -1.6729565e+01   3.0081883e+01
   7.3942044e+01  -5.3159661e+00
   3.4177149e+00   3.9615703e+01
  -4.4419926e+01   6.0364690e+01
   9.3150288e+01  -2.1576722e+01
  -7.2456000e+01  -2.1626377e+01
  -4.9844361e+01   7.4581571e+01
  -2.8928579e+01   7.2791531e+00
  -5.9905277e+01  -4.3353583e+01
   7.1420044e+01  -3.7232006e+01
  -2.5657700e+01   2.7626376e+01
  -9.4214668e+01   9.5164213e+01
  -9.9188930e+01  -5.9434150e+00
  -1.5096348e+01  -1.1368369e+01
  -7.0095513e+01  -3.6672173e+00
  -6.0298016e+01   4.2082711e+00
  -6.8885820e+01   5.1959893e+01
  -2.6243973e+01   5.7161272e+01
  -2.6465436e+01   7.1533793e+01
   6.0349206e+01  -2.6208220e+01
   4.8924485e+01  -2.2086917e+01
  -2.6325396e+01  -1.6642933e+00
