  -7.1671163e+01   9.2126706e+01
   5.9908516e+01  -2.3978293e+01
   4.9629356e+01  -5.5707768e+01
  -5.1254167e+01   2.0922514e+01
  -6.9340365e+01   4.0776415e+01
   2.9496560e+01  -8.4946604e+01
   9.2015501e+00  -5.1953820e+01
   4.2889237e+01  -4.8320913e+01
  -5.0016846e+01   6.1364868e+01
  -8.7357402e+01   8.8164533e+00
  -7.8222168e+01   7.2083381e+01
  -4.6638402e+01   7.5940586e+00
  -7.7540805e+01   3.4452816e+01
  -9.3116386e+01   6.4129217e-01
   1.5462458e+01  -8.0383562e+01
   5.9347572e+01  -9.0527434e+01
   5.9471379e+01  -5.3938300e+01
   2.4493604e+00  -6.1805979e+01
   7.1088591e+01  -6.7934076e+01
   3.7657476e+01  -3.5455327e+01
  -3.9214483e+01   4.4339942e+01
  -8.8802269e+01  -9.5506738e+00
  -8.5433753e+01   5.1749437e+01
  -9.1319465e+01   7.1629316e+01
  -5.9178705e+01   1.4378274e+01
  -3.8992993e+01   3.4342593e+01
  -8.7592268e+01   1.8813671e+01
   6.1465145e+01  -3.7054915e+01
   4.1554718e+01  -9.9246199e+01
   4.3810271e+01  -2.7572302e+01
   3.6726410e+01  -7.8038000e+01
   1.8995381e+01  -2.4976942e+01
  -6.9371930e-01  -5.0510500e+01
   6.2080531e+01  -6.3591897e+01
   1.3396542e+01  -6.1031322e+01
   4.6367518e+01  -7.5383086e+01
  -8.8410531e+01   2.9108560e+01
  -4.8423830e+01   4.0442896e+01
  -5.5763813e+01   5.3181546e+01
  -7.7391085e+01   7.9974524e+00
  -8.3083215e+01  -2.2441110e-01
  -9.9952678e+01   6.1835830e+01
  -6.5497835e+01   5.0008408e+01
  -9.1211697e+01   8.7268912e+01
  -5.5204716e+01  -1.3233775e+01
  -7.5568079e+01   8.2917252e+01
  -9.7215543e+01   1.0601754e+01
  -6.4413338e+01  -9.5018721e-01
  -7.8664294e+01   4.4389501e+01
  -4.2247118e+01   1.6578250e+01
  -4.8202294e+01   3.0445399e+01
  -6.1810012e+01   3.4197715e+01
   5.3091638e+01  -3.1294670e+01
   4.6938856e+01  -3.9177683e+01
   5.5229261e+01  -4.4882494e+01
   3.8231779e+01  -8.9814442e+01
   4.7726299e+01  -8.6675340e+01
   2.8308968e+01  -9.5227965e+01
   2.6275469e+01  -1.8121294e+01
   4.6835098e+00  -2.2918374e+01
   3.3608102e+01  -4.4598682e+01
   3.9423151e+01  -5.8203444e+01
   3.7620391e+01  -6.8078055e+01
   1.9838176e+01  -3.4941291e+01
   4.5951876e+00  -3.8852201e+01
   7.8538016e+01  -5.3098319e+01
  -9.5830489e+01   4.2963440e+01
   2.3096062e+01  -6.3956816e+01
   2.7601821e+01  -7.3946320e+01
   2.1837721e+00  -7.1891634e+01
   5.5486916e+01  -7.1110127e+01
   5.6024877e+01  -8.1095611e+01
   4.7261483e+01  -6.5423199e+01
  -2.9242274e+01   4.5083121e+01
  -4.5858411e+01   5.1813329e+01
  -9.9700561e+01  -6.8852096e+00
  -7.9959045e+01   6.2235373e+01
  -7.5808125e+01  -7.0853895e+00
  -8.0662132e+01  -1.5828307e+01
  -5.1461072e+01  -3.9611804e+00
  -9.8886994e+01   8.0852712e+01
  -2.8896723e+01   3.3336130e+01
  -3.6394111e+01   2.4686331e+01
  -6.5938419e+01   8.0221022e+01
  -7.4818721e+01   5.3657665e+01
  -7.3021176e+01   1.6992305e+01
  -6.7416658e+01   8.7098340e+00
   6.8160330e+01  -2.9626965e+01
  -7.9464656e+01   2.4639626e+01
   6.5699099e+01  -4.6114347e+01
  -6.0679522e+01   2.4263499e+01
  -5.7967530e+01   4.3428620e+01
   6.9347506e+01  -9.0560503e+01
  -7.0003070e+01   2.7881473e+01
   5.1049518e+01  -9.6107943e+01
  -8.5028349e+01   7.9409764e+01
   4.2667325e+01  -1.7637856e+01
   3.4279338e+01  -2.4116130e+01
   2.3616358e+01  -4.4199961e+01
   1.3879785e+01  -1.6384502e+01
   1.0682922e+01  -3.0918788e+01
   1.3686859e+01  -4.3016206e+01
  -1.1856290e+01  -4.7418853e+01
   2.0002391e+01  -5.3523948e+01
  -9.5361004e+01   5.2952389e+01
   6.9136256e+01  -5.6505101e+01
  -5.3579747e+00  -3.9818110e+01
   2.0392520e+01  -8.9083774e+01
   2.9599521e+01  -5.6333678e+01
   6.4448449e+01  -7.5547535e+01
   1.2139496e+01  -7.0951891e+01
  -8.9945966e+01   6.1724090e+01
  -9.7572292e+01   3.3116315e+01
  -5.6245667e+01   4.8192147e+00
