   5.4639937e+01  -1.1729134e+01
   6.0903143e+01  -4.1038946e+01
  -6.5090256e+01   4.4115346e+01
  -5.9497022e+01  -1.0211622e+01
  -7.6841503e+01   2.0669069e-01
  -8.2559929e+01   2.6724594e+01
   2.1520034e+01  -1.8135047e+01
   3.5874299e+01  -5.4539798e+01
  -5.1382979e+00   4.3012322e+01
  -6.9710835e+01   6.8965801e+00
   9.8446610e+01  -9.5507174e+00
   3.5930303e+01  -5.6033592e+00
  -7.0863635e+00  -4.6032508e+01
  -1.3904893e+00  -3.6638702e+01
   3.7814522e+01  -8.0454786e+01
   5.4232933e+01  -9.1673085e+01
  -5.1291387e+01   5.9342217e+01
  -8.6199673e+01   9.0472677e+01
  -8.1707899e+01  -1.8127995e+01
  -1.7635351e+01  -7.8916606e+00
  -3.8435068e-01  -2.3354207e+01
  -2.0643847e+01  -3.6637998e+01
   1.6642376e+01  -7.7099426e+01
   4.5453178e+01  -8.6916363e+01
  -1.8231735e+01  -7.8242238e+01
  -2.7908964e+01   8.6121891e+01
  -5.5986138e+01   8.6462031e+01
  -3.0785887e+01   4.5382517e+01
  -6.6566197e+01  -2.9393117e+01
  -3.6166581e+01  -3.8515853e+00
   6.0172543e+01  -1.9926335e+01
  -9.5978739e+01  -4.5999841e+01
  -8.6106981e+01   6.5505794e+01
  -8.1447354e+01   9.2295113e+00
  -4.6666307e+01   1.6377715e+01
  -6.0815180e+01   2.2968813e+01
   1.6997183e+01  -4.6741094e+01
  -8.6245732e+01   5.0859015e+01
  -9.3026402e+01   2.8468638e+01
  -9.5875211e+01  -3.1320707e+00
  -6.7753216e+01   1.6409662e+01
  -6.8851652e+00  -1.5734582e+01
  -6.7966092e+01   9.8425403e+01
  -9.5167056e+01   8.3072569e+01
  -9.8985796e+01   5.0294612e+01
  -2.2603286e+01  -5.5911849e+01
  -7.8578260e+01   4.4609041e+01
  -4.1867901e+01   4.0899970e+01
   6.6913175e+01  -4.9003850e+01
  -1.8594284e+00  -7.0004864e+01
  -1.9544669e+01  -6.5428997e+01
   1.3696467e+01  -9.6971451e+01
   7.1631882e+01  -1.8376434e+01
  -2.1303195e+01   5.1561677e+01
   8.7113726e+01  -3.3965168e+01
  -3.7005554e+01   9.0219389e+01
  -3.8847666e+01   3.1893420e+01
   5.6697510e+01   6.2257358e+00
  -3.7665886e+01   1.2427906e+01
   6.0726718e+00   6.3622804e+01
   5.6358737e+01  -7.1057776e+01
  -7.8381777e+01   7.1791281e+01
   3.0679584e+01  -1.5009954e+01
  -8.6202265e+01  -4.3897511e+01
  -5.1095159e+01   6.8742642e+00
   6.0007892e+01  -6.1747370e+01
   4.2351393e+01  -2.6172477e+01
   1.5201184e+01  -2.5793235e+01
   4.8601379e+01   2.3093667e+01
   1.8630239e+01   1.1890906e+01
   2.5973759e+01  -5.1148962e+01
   6.6462482e+00  -4.6782042e+00
   4.0592560e+00   9.9878377e+00
   5.3557774e+01  -3.4209208e+01
  -6.5849491e+01   3.4307860e+01
  -2.6398728e+01  -4.6690203e+01
   3.7207258e+01  -7.0479184e+01
   9.6109087e+01  -4.5954678e+01
   7.0001355e+01  -5.8482985e+01
   2.3140934e+01  -6.9544825e+01
   7.9815399e+01  -9.8355481e+01
   1.0276225e+01  -5.4145464e+01
  -2.6490923e+01  -7.2610879e+01
  -1.7276047e+01   6.9611089e+01
   9.1780081e+01  -2.1028187e+00
  -5.0896521e+01   6.9537911e+01
  -3.2939322e+01   6.4209082e+01
   8.5287504e-01   1.9082089e+01
   7.7758008e+01  -3.0517778e+01
   4.1527615e+00   2.8302048e+01
   9.0271182e+01  -2.4484477e+01
  -5.7888977e+01  -3.7339545e+01
  -1.3607603e+01   5.7260966e+01
  -2.2059976e+01   8.3742288e-01
  -8.0740073e+00   7.2794551e+01
  -3.4041693e+01  -2.1395263e+01
  -7.6749028e+01  -9.6372017e+00
  -3.8181688e+00   5.2944810e+01
  -8.5134769e+01   3.6295489e+01
  -8.8427534e+01   1.8640016e+01
  -4.4029910e+01  -2.9531174e+01
  -8.0987703e+01   9.9713334e+01
  -5.8495343e+01   9.5706757e+01
   4.5948261e+01  -5.2292920e+01
   6.3292250e+01  -8.7541354e+01
  -3.9508735e+01   4.9828536e+01
  -7.8551239e+01  -3.3516766e+01
  -8.8702418e+01   7.5443127e+01
   2.5005967e+01  -2.7383650e+01
   2.7424482e+01  -3.8018800e+01
   4.2771468e+01  -3.8941204e+01
   3.4136836e+01  -3.1002627e+01
   6.5155855e+01  -7.7771320e+01
   3.3364198e+01  -9.9642239e+01
  -9.2342206e+01   4.2949125e+01
   4.5178123e+01  -9.0512547e+00
   8.5905718e+01  -5.9954376e+01
   4.3003191e+01   6.0634554e+00
   9.3903806e+00  -4.0138098e+01
   1.8010466e+01  -3.5329210e+01
   2.3427435e+01   3.1840372e+00
  -7.8663384e+01   5.8755149e+01
  -9.5789304e+01   6.7973882e+01
  -1.1883089e+01  -5.2516625e-01
   1.2043721e+01   4.4485323e+00
  -1.7122309e+01  -4.5979125e+01
  -9.2912874e+01   5.8221404e+01
  -4.7546362e+01   2.7964640e+01
  -7.5437294e+01   3.5236547e+01
   2.7900289e+00  -4.7517305e+01
  -1.2618284e+01  -5.4569909e+01
  -2.7850827e+00  -5.5735121e+01
  -3.2858853e+01  -5.3526564e+01
   4.2756582e+01  -6.1754896e+01
  -5.1108478e+01   3.8782577e+01
  -1.4801197e+00  -8.5001254e+01
   8.4824716e+00  -8.4243012e+01
   9.0147217e+01  -6.8965891e+01
  -2.9894724e+01  -3.0188051e+01
   7.5886230e+01  -4.3749628e+01
   7.8516960e+01  -5.3309068e+01
   2.6085172e+01  -8.0918510e+01
  -3.8158532e+01   2.2275201e+01
   5.9588423e+01  -3.1496369e+00
   4.6052843e+00  -6.2384352e+01
  -4.5270359e+01  -7.5469162e+01
  -3.2383053e+01  -9.1441258e+01
   8.6120404e+01  -4.6492435e+01
  -4.4890223e+01  -8.3163977e+00
  -4.1947260e+01   3.8551889e+00
  -5.2817688e+01  -2.8511153e+00
  -1.4655567e+01  -9.9153895e+01
  -1.0997784e+01  -3.4191439e+01
   7.6393188e+01   6.3150527e+00
  -1.4631090e+01   9.7184555e+01
   1.0753920e+01   1.7950775e+01
   6.5281778e+01   1.1449143e+01
  -1.5262056e+01   2.8004745e+01
   7.2069881e+01  -4.3570711e+00
   1.2953606e+01   4.0146570e+01
  -4.1559587e+01   5.8909368e+01
  -7.4792408e+01  -2.4349296e+01
  -4.3974010e+01   7.6723259e+01
  -3.1075294e+01   4.9411172e+00
  -6.4360972e+01  -4.4948001e+01
   6.9569062e+01  -3.6150013e+01
  -3.0527715e+01   3.5875766e+01
  -1.2824848e+01  -2.4532821e+01
  -6.7188086e+01  -3.8283389e+00
  -6.0421027e+01   3.5059384e+00
  -7.1597574e+01   5.1611798e+01
  -2.3497278e+01   6.0889299e+01
  -2.6978299e+01   7.1444740e+01
   6.2310457e+01  -2.9494784e+01
   5.0328864e+01  -2.0638105e+01
  -2.7403750e+01  -7.9785536e+00
  -2.5431519e+01   9.5794617e+01
   8.8793559e+01  -9.4128275e+01
  -6.0134181e+00   6.2403904e+01
   3.2979707e+00   7.5043819e+01
  -6.8627106e+01  -1.5410019e+01
  -9.2141772e+00   8.2526713e+01
  -4.2109518e+01  -1.6982184e+01
  -8.9773193e+01  -1.3888651e+01
  -9.4455666e+01  -2.3807354e+01
   3.3934540e+01  -8.9659930e+01
   4.6942618e+01  -7.6411732e+01
  -8.1102921e+01   8.1907744e+01
   5.1394302e+01  -4.3952851e+01
  -9.0422701e+01  -3.4831771e+01
  -5.7842807e+01   1.3777884e+01
  -7.7389243e+01   1.8300228e+01
   2.6089218e+01  -6.3824853e+00
   4.9978792e+01  -8.8388336e-01
  -7.6252364e+01  -4.4896813e+01
   5.5696624e+01  -8.1152473e+01
   4.2964581e+01  -9.6615735e+01
  -7.6223957e+01   9.0930543e+01
   4.9845201e+01   1.3262273e+01
   2.7463589e+01   1.6484919e+01
  -6.1993609e+01   7.9340627e+01
  -6.6682047e+01   8.8058765e+01
   1.3556559e+01  -6.6765295e+01
  -9.9554155e+01   3.6043649e+01
   6.7731179e+01  -6.8166333e+01
   7.7394396e+01  -6.5228176e+01
   1.2762361e+01  -1.3793527e+01
   3.3324933e+01   4.0191350e+00
   4.0284473e+01   1.5981965e+01
  -3.4616243e+00  -6.2919716e+00
   1.9252801e+01  -5.8550912e+01
   6.4989735e+00  -3.0582070e+01
   1.6560119e+01  -4.2483688e+00
   2.9043522e+00  -1.3944096e+01
  -3.2761788e+00   3.6800383e+00
  -8.6723749e+01   7.6299458e-01
  -9.1919628e+01   9.2815237e+00
   3.4660266e+01  -4.4714733e+01
   5.7177656e+01  -5.2156241e+01
  -3.0759879e+01  -6.2941045e+01
  -9.6790616e+00  -6.3944243e+01
   3.0614209e+01  -6.2974692e+01
   7.1375219e+01  -9.3199332e+01
   9.8641154e+01  -7.4207943e+01
   9.5027092e+01  -5.5889784e+01
  -1.2712805e+01  -8.6752325e+01
   4.3702516e+00  -9.3352708e+01
  -3.6376267e+01  -7.1034542e+01
  -2.1516553e+01  -9.1495111e+01
  -8.2624904e+00  -7.7666006e+01
  -2.7014026e+01  -8.3008940e+01
   7.0641111e+00  -7.4361134e+01
   1.8091280e+01  -8.6969463e+01
  -5.7083620e+00  -9.4058631e+01
   8.1792939e+01  -2.1372461e+00
   8.6661703e+01   6.5911935e+00
  -1.7636971e+01   8.7863627e+01
   8.1041230e+01  -2.1094992e+01
   2.5010037e+01  -9.4161850e+01
   9.6889951e+01  -3.5989755e+01
  -5.6309504e+00   2.6388051e+01
   5.8286525e+01   1.8592608e+01
  -3.1442936e+01   5.4986753e+01
   1.4053311e+01   2.7376975e+01
   4.7233526e+00   4.7172304e+01
   6.4918717e+01  -1.1278932e+01
   3.2819580e+00   3.7906029e+01
   8.9577138e+01  -1.4187572e+01
   9.9976846e+01  -2.6469903e+01
  -5.8703659e+01   5.1539892e+01
  -2.4871217e+01   2.5183585e+01
  -5.7929833e+01  -5.2603386e+01
  -2.9555229e+01   1.7134238e+01
  -9.5833415e+01   9.3069612e+01
  -3.4145672e+01   7.8339747e+01
  -4.1346026e+01   6.8162380e+01
  -2.1039143e+01   7.8860027e+01
  -5.6916794e+01  -2.7418312e+01
  -9.8361627e+01   1.9776366e+01
  -5.6712583e+01   3.1307725e+01
   9.4814653e+01  -8.6209239e+01
   4.0006260e+01  -1.6877715e+01
  -1.8906681e+01  -1.6941796e+01
  -4.9193335e+01   4.9632549e+01
  -4.6576219e+01   8.5559688e+01
  -3.4749345e+01   9.9949960e+01
  -1.0361863e+01   3.5338888e+01
  -2.0695551e+01   4.2539437e+01
  -2.1650011e+01   3.3840730e+01
  -2.4492659e+01  -2.3843500e+01
  -3.1197717e+01  -3.9420552e+01
  -9.9021155e+01  -1.2682346e+01
  -3.7370094e+01  -3.3071140e+01
   5.7074497e+00   5.5713193e+01
  -4.8546867e+01  -2.2766838e+01
  -2.1032467e-01   6.8177534e+01
