   4.0394534e+01   1.2945035e+01
   1.0275699e+01   8.6192064e+01
  -3.6526153e+01  -8.7863687e+01
  -6.0249420e+01   2.6908511e+01
  -7.7178077e+01  -3.7358285e+00
  -4.4998991e+00   7.1012959e+01
   6.0894574e+01  -3.2848119e+01
   3.3724562e+01  -3.7988889e+01
  -7.4259418e+01   2.8604352e+01
  -1.0599514e+00  -6.3607229e+01
  -1.8175362e+01  -9.3852747e+01
   2.9772361e+00  -3.9843972e+01
  -2.3792844e+01   6.6636184e+01
   2.5274243e+01   8.6914723e+01
  -5.0926025e+00   5.1762992e+01
   1.3361699e+01   3.1225610e+01
   5.1056395e+01  -3.4560256e+01
  -4.2824349e+01  -8.0097780e+01
  -7.1608072e+01   1.1937110e+01
  -9.1804458e+01  -1.3115639e+01
  -5.7072902e+00   9.2728829e+01
  -1.3805007e+01   6.6143268e+01
   3.0736932e+01   6.5009135e+01
   8.4352766e+00   6.7526936e+01
   3.5017940e+01   4.4438603e+01
   5.3619215e+01   3.2322555e+00
   2.8817853e+01  -5.3018277e+01
  -1.9061325e+01  -6.7325862e+01
  -8.1059956e+01   8.5439510e+00
  -9.0881243e+01  -2.4446300e+01
  -6.3202622e+01   1.7354528e+01
  -7.8540368e-01  -9.5791514e+01
   2.3142383e+01  -7.5000458e+01
   1.8245037e+00  -5.4065229e+01
  -8.0630271e-01  -7.4351450e+01
   4.4495329e+01  -3.4982027e+00
   4.1803193e+00   9.3374201e+01
   1.7485598e+01   7.0408669e+01
   3.4075199e+01   7.8132417e+01
   2.3822707e+01   4.9119279e+01
  -8.6607117e+01   3.4277165e+01
   7.3417294e+01  -4.7077237e+01
   4.8383756e+01  -4.9454867e+01
   3.3597139e+01  -7.6130634e+01
   4.3266512e+01  -1.8005925e+01
  -5.9366625e+01  -8.7839195e+01
  -2.6149680e+01  -7.7385610e+01
  -9.5387456e+01   5.3132764e+01
   3.5702912e+01  -6.1960600e+01
   1.0407017e+01  -9.7327360e+01
   2.1834946e+01  -3.8930927e+01
  -7.0894295e-01  -8.5792810e+01
   1.6343232e+01  -6.7672153e+01
   1.5670743e+01   9.4241220e+01
  -9.5939393e+01   3.0744306e+01
  -7.7389685e+01   3.8099397e+01
  -8.0180457e+01   4.7697690e+01
  -6.6331392e+01   3.4846372e+01
  -8.6283565e+01  -3.3808137e+01
   8.4751578e+01  -2.2817198e+01
   4.4949797e+01   4.3273177e+01
  -2.1591852e+01   7.7067763e+01
   3.7292833e+01   3.4386272e+00
  -7.9065651e+01   1.8599281e+01
  -6.2793971e+01   7.1970979e+00
   6.9526523e+01  -3.7871951e+01
   3.8795748e+01  -5.2353753e+01
   4.5485024e+01  -5.9787027e+01
  -4.5168096e+00   6.1477560e+01
  -5.9842185e+00  -4.4283904e+01
   1.0051666e+01  -5.9903718e+01
  -5.2821933e+01  -8.0278838e+01
  -8.7334306e+01  -4.1703755e+00
   4.2957277e+01  -7.9650268e+01
  -6.7267386e+01  -5.0693227e+00
  -5.2678793e+01  -9.5273720e+01
  -2.8167392e+01  -9.3351311e+01
   3.7049568e+01  -1.0173544e+01
   5.4066496e+01  -1.6717042e+01
   5.3966162e+01  -6.7407954e+00
  -9.9096256e+00  -7.9180236e+01
   2.5638408e+01   3.9285499e+01
  -8.1417776e+01  -2.1214770e+01
  -4.0000133e+01  -9.7240528e+01
   2.7844943e+01  -8.4339969e+01
   6.1900598e+01  -2.2909504e+01
   2.8077752e+01  -2.9740968e+01
   4.3297329e+01  -4.0850969e+01
   5.6200309e+01  -4.3205500e+01
   3.8737272e+01   5.9415726e+01
  -1.8589746e+01  -8.3890320e+01
  -9.0278523e+01   1.2419260e+01
  -1.1757252e+01   7.7380192e+01
  -9.2763891e+00  -6.9213119e+01
  -8.9745087e+01   4.4787920e+01
   3.3980594e+00   7.6241467e+01
   9.1362832e+00  -8.7416389e+01
  -9.9720200e+01   4.4119190e+01
   1.2731157e+01   7.7668687e+01
   2.1412192e+01   6.2072797e+01
   2.5935620e+01   7.3561049e+01
   1.7003692e+01  -3.0229958e+01
  -1.6455242e+00  -7.7388525e+01
