  -6.0218334e+01   4.2776478e+01
  -7.3945479e+01  -1.8963142e+00
  -8.6463449e+01   2.3679541e+01
   2.4998750e+01  -1.3224509e+01
   3.6162303e+01  -5.4863888e+01
  -2.8698608e+00   4.3625138e+01
  -7.4648987e+01   8.6448995e+00
   3.9212763e+01  -5.7327549e+00
  -2.5394418e+00  -4.1728638e+01
   3.9513782e+01  -8.0345061e+01
  -5.0526010e+01   6.1124866e+01
  -8.2726780e+01  -1.9387004e+01
  -2.1520773e+01  -9.5977304e+00
   3.5905169e+00  -2.4665365e+01
  -2.0751564e+01  -3.6982587e+01
   1.6939102e+01  -7.7583437e+01
   4.3797184e+01  -8.9301420e+01
  -1.8460723e+01  -8.3984776e+01
  -2.7054456e+01   8.8173375e+01
  -4.9643277e+01   9.2979386e+01
  -2.8140272e+01   4.5936198e+01
  -6.8394502e+01  -3.3388697e+01
   5.9152621e+01  -1.9528894e+01
  -6.2428562e+01   2.5840325e+01
   2.0419479e+01  -4.0497325e+01
  -9.7704354e+01   2.6575010e+01
  -6.8181755e+01   1.6198540e+01
  -4.1736355e+00  -1.8367299e+01
  -8.3885704e+01   4.5290525e+01
  -1.8519717e+00  -7.4497595e+01
  -1.9553095e+01  -6.4349362e+01
   7.2761336e+01  -1.9107056e+01
  -2.1603211e+01   5.3919775e+01
   8.8473324e+01  -3.4049849e+01
  -3.4383277e+01   9.4971711e+01
  -3.6926978e+01   2.7992887e+01
   5.9616996e+01   8.3940022e+00
  -3.8895216e+01   1.4456407e+01
   1.2806682e+01   6.5919564e+01
  -7.9831183e+01   6.7244103e+01
  -8.2646035e+01  -4.3101111e+01
  -5.4922611e+01   7.4860015e+00
   6.0349133e+01  -6.3943637e+01
   4.7399061e+01  -2.8224457e+01
   1.3756346e+01  -3.3077608e+01
   4.9362912e+01   3.1535676e+01
   1.9400819e+01   1.3474733e+01
   2.7138198e+01  -5.0563441e+01
   7.8519002e+00  -5.4363621e+00
   9.5325691e+00   1.1961674e+01
   5.1767281e+01  -3.7245411e+01
  -6.6345146e+01   3.4950800e+01
  -2.1164090e+01  -5.4483793e+01
   9.7578073e+01  -4.3130379e+01
   2.4197134e+01  -7.0773099e+01
  -2.7621880e+01  -7.3004511e+01
  -1.6138291e+01   7.0797858e+01
   9.4323005e+01  -1.2102377e+00
  -5.1756424e+01   7.1984313e+01
  -3.3008214e+01   6.5242289e+01
  -1.4310781e+00   2.0978893e+01
   8.0345119e+01  -2.8227703e+01
   5.6175148e+00   2.7998605e+01
   9.0871359e+01  -2.4341814e+01
  -5.8475217e+01  -3.8418340e+01
  -1.2054208e+01   5.6840298e+01
  -2.1240981e+01   3.7930801e-01
  -6.2547612e+00   7.2943475e+01
  -3.3762381e+01  -2.1852440e+01
  -8.0506082e+01  -9.4784388e+00
  -1.9521909e+00   5.3518440e+01
  -4.8518052e+01  -3.0427328e+01
  -5.7826643e+01   9.8725598e+01
   4.6077869e+01  -5.5713745e+01
   6.0845428e+01  -8.8688026e+01
  -3.7910729e+01   4.7739300e+01
   2.3395291e+01  -3.0919331e+01
   4.1858023e+01  -3.6920349e+01
   3.2059331e+01  -3.5586988e+01
   6.5034071e+01  -7.9648633e+01
  -9.3486521e+01   4.2351681e+01
   8.5669784e+01  -5.8524487e+01
   4.3092803e+01   4.9065429e+00
   2.3204768e+01   4.2522518e+00
  -1.1607860e+01  -9.4927067e+00
   1.3327398e+01   2.8508675e+00
  -9.7821390e+01   5.8853078e+01
  -7.3686824e+01   2.8207607e+01
  -5.2071378e+00  -5.1139864e+01
  -3.2265795e+01  -5.2806146e+01
   4.0376445e+01  -6.4398064e+01
   9.5991302e+01  -7.4993488e+01
  -2.6886872e+01  -2.9097772e+01
   6.2988105e+01  -1.0099697e+00
   8.6996749e+00  -5.8554628e+01
  -4.4089041e+01  -8.0982240e+01
   8.2858449e+01  -4.2323869e+01
  -4.1254726e+01  -6.7993645e+00
   7.8007194e+01   1.3304120e+01
  -1.1748061e+01   9.8701098e+01
   1.2902663e+01   2.1248648e+01
   6.8024269e+01   1.3787175e+01
  -1.5269290e+01   2.8978509e+01
   7.2319483e+01  -4.6057629e+00
   1.4915224e+01   4.0510226e+01
  -4.0989048e+01   5.8228761e+01
  -7.6190242e+01  -2.6943739e+01
  -4.3837826e+01   7.8024225e+01
  -3.0838462e+01  -2.3331287e+00
  -6.3734355e+01  -4.6915705e+01
   7.3738532e+01  -3.5720141e+01
  -3.2885800e+01   3.7137121e+01
  -1.5324653e+01  -2.8781895e+01
  -6.4027433e+01  -3.2184004e+00
  -6.4858574e+01   6.7417137e+00
  -6.6962263e+01   5.0153341e+01
  -2.3143641e+01   6.3692003e+01
  -2.6670268e+01   7.2973458e+01
   6.7692579e+01  -2.7718233e+01
   4.9237030e+01  -1.8396126e+01
  -3.1096125e+01  -1.2281973e+01
   8.9330174e+01  -9.4075119e+01
  -4.3302634e+00   6.3177235e+01
   5.0024433e+00   7.9329912e+01
  -7.2241875e+01  -1.5078111e+01
  -4.1733237e+00   8.9693614e+01
  -4.2314724e+01  -1.6716051e+01
  -9.0846829e+01  -1.3567365e+01
   3.4681744e+01  -9.3350569e+01
   4.7362958e+01  -7.4212113e+01
  -8.1208812e+01   8.4092320e+01
   4.6515700e+01  -4.5746659e+01
  -8.5869511e+01  -3.3635031e+01
  -5.8354779e+01   1.6817535e+01
  -7.7655590e+01   1.9063846e+01
   2.9351584e+01  -4.2386978e+00
   5.1684790e+01  -1.5262666e-01
  -7.6993742e+01  -5.1446875e+01
   5.3043187e+01  -8.2446005e+01
  -7.6444877e+01   9.3825072e+01
   5.0267524e+01   1.1867416e+01
   3.1940639e+01   1.9337050e+01
  -5.9080624e+01   7.8780780e+01
  -6.8637729e+01   8.7577636e+01
   1.5255043e+01  -6.6502198e+01
   6.8243493e+01  -7.0178971e+01
   7.7980251e+01  -6.5140343e+01
   1.5047333e+01  -1.3811466e+01
   3.3131912e+01   5.0044949e+00
   4.0684779e+01   1.4597714e+01
  -1.8295708e+00  -8.1724270e+00
   2.1258296e+01  -5.8601163e+01
   4.0140105e+00  -3.4478774e+01
   1.9428614e+01  -4.9556205e+00
   5.2434371e+00  -1.5012114e+01
   5.1580007e-01   1.3976364e+00
  -9.0301140e+01  -3.6017233e+00
  -9.3574036e+01   7.1520196e+00
   3.5394299e+01  -4.4947748e+01
   5.6017000e+01  -5.4985687e+01
  -2.9173881e+01  -6.2171606e+01
  -9.6479831e+00  -6.8355370e+01
   3.0267495e+01  -6.2864280e+01
   7.9460891e+01  -9.5580025e+01
   9.9989845e+01  -5.2824057e+01
  -1.1326687e+01  -9.0989115e+01
   8.3295203e+00  -9.1754183e+01
  -3.6581938e+01  -6.8731877e+01
  -2.4110350e+01  -9.2148329e+01
  -8.9101475e+00  -8.1347128e+01
  -2.8372884e+01  -8.2950844e+01
   7.0657331e+00  -7.8916943e+01
   1.7390978e+01  -8.7549872e+01
  -3.9244644e+00  -9.8907858e+01
   8.4842319e+01  -4.3908967e+00
   8.7566010e+01   7.1852619e+00
  -1.6519446e+01   8.9922028e+01
   8.2738038e+01  -1.8524689e+01
   2.4746923e+01  -9.4296655e+01
   9.8460817e+01  -3.3179955e+01
  -5.0321082e+00   3.0165855e+01
   5.8323193e+01   1.8643023e+01
  -3.1451109e+01   5.5368987e+01
   1.6274237e+01   3.0623139e+01
   6.8283322e+00   4.7751153e+01
   6.5698455e+01  -1.2037375e+01
   5.2758479e+00   3.7911763e+01
   9.1030681e+01  -1.2945459e+01
  -5.7201152e+01   5.2240761e+01
  -2.4808489e+01   2.6084462e+01
  -5.6863431e+01  -5.4179131e+01
  -2.9538423e+01   1.7378562e+01
  -9.8482331e+01   9.4568918e+01
  -3.4008837e+01   7.9707303e+01
  -4.2571164e+01   6.8094526e+01
  -2.0398327e+01   8.0719567e+01
  -5.8242925e+01  -2.8434672e+01
  -5.5701958e+01   3.3875393e+01
   9.5053698e+01  -8.5883059e+01
   3.9427275e+01  -1.6508232e+01
  -1.4138842e+01  -1.9005255e+01
  -4.7422038e+01   5.0587699e+01
  -4.1185546e+01   8.7651168e+01
  -1.1045137e+01   3.7985553e+01
  -1.8288052e+01   4.4635229e+01
  -2.2974973e+01   3.5854191e+01
  -2.4086237e+01  -1.9486515e+01
  -3.1826902e+01  -3.7797334e+01
  -3.8596054e+01  -3.0520940e+01
   7.1065286e+00   5.7723084e+01
  -5.1400929e+01  -2.0856251e+01
   3.4467969e+00   6.9453950e+01
  -9.1030855e+01  -2.5070034e+01
  -1.0493461e+01   8.1960666e+01
   3.7468698e+01  -2.7163078e+01
  -8.2782875e+01   2.9284715e+00
  -9.0043509e+01   3.2983731e+01
  -8.0417212e+01   3.5585281e+01
  -9.4134825e+01   8.0827467e+01
  -7.3064792e+01   4.2300822e+01
  -8.5235845e+01   1.2617431e+01
  -8.9698411e+01   8.9789511e+01
  -8.5846371e+01   7.5232690e+01
  -2.2321620e+01   9.8054814e+01
   1.6724944e+01  -2.3567901e+01
   2.8667106e+01  -2.2473989e+01
  -9.7221463e+01  -5.3526785e+01
  -4.5391853e+01   3.3344459e+01
   5.7290059e+01  -7.3406435e+01
  -8.7937786e+01   6.1324694e+01
  -7.2669483e+01  -4.2428625e+01
   4.8059810e+01   2.1621016e+01
  -6.6839892e+01  -2.3450925e+01
  -9.2516649e+01  -4.4702737e+01
  -9.5870901e+01  -3.5282088e+01
  -7.2117781e+01   7.8203419e+01
  -9.3936794e+01   6.9325745e+01
   2.2686402e+01   2.2961414e+01
  -6.7824813e+01   9.8907439e+01
   6.3889631e+01  -3.7336474e+01
   5.7848163e+01  -2.9388291e+01
   5.7750817e+01  -4.5194214e+01
   5.0388632e+01  -6.4704986e+01
  -9.3938972e+00   1.4198595e-01
   7.8357064e+01   3.3220135e+00
   8.2411198e+00  -4.3524903e+01
   1.6664248e+01  -4.9748942e+01
  -5.3874026e+00  -2.8949558e+01
  -5.1059459e+01   2.5029278e+01
  -1.5600630e+01  -4.5848135e+01
  -9.4098966e+01   1.7246820e+01
  -9.9836643e+01  -6.2796208e-01
  -5.8710267e+01   8.8767469e+01
  -7.7028541e+01   5.2569214e+01
  -2.8439388e+01   7.3667687e+00
   3.4027355e+01  -7.2089102e+01
  -1.2909486e+00  -6.0298442e+01
  -3.2281264e-01   1.1194903e+01
  -3.9843712e+01  -5.9289036e+01
  -8.5168857e+01   9.8712082e+01
  -2.5582615e+01  -4.5557436e+01
  -1.7744593e+01  -7.4100064e+01
   5.2499088e+01  -9.4127428e+01
   5.6154273e+01  -9.0804503e+00
   9.7187080e+01  -6.2405780e+01
   6.9461659e+01  -5.9923754e+01
   7.7064918e+01  -5.3461921e+01
   8.8900436e+01  -6.7955296e+01
   3.0109244e+01  -8.3707782e+01
  -4.7346910e+01   1.0752469e+00
  -3.8018209e+01   4.5563864e+00
  -4.8664836e+01   1.5278416e+01
  -5.2079942e+01  -8.4933964e+00
  -6.2435525e+01  -1.3087971e+01
   5.5052052e+00  -6.7981666e+01
  -3.4604860e+01  -9.0743200e+01
  -5.5296575e+01  -7.5053737e+01
   8.9854062e+01  -4.9463107e+01
  -4.6181212e+01  -7.1093953e+01
  -1.3460560e+00  -8.9246064e+01
   6.9819162e+01  -9.3029316e+01
  -1.1538047e+01  -5.8620428e+01
  -1.7011278e+01  -9.9183968e+01
