  -7.2840289e+01   2.7797474e+01
   2.7371862e+01  -4.5454821e+01
  -9.9442949e+01   3.2817149e+01
   3.6645356e+01  -6.6497199e+01
  -7.9533554e+01   7.5963113e+01
   5.4003537e+01  -3.4926166e+01
   4.2030419e+01  -5.7124150e+01
  -9.9185165e+01   4.6088475e+01
  -7.2006892e+01   1.7840797e+01
  -8.1398756e+01   3.6154246e+01
  -9.1685140e+01   2.0212158e+01
   2.6959446e+01  -6.4107112e+01
   5.0525493e+01  -6.3424932e+01
  -9.7184735e+01   6.8744153e+01
  -5.9564681e+01   4.2395375e+01
  -5.3740185e+01   2.5454217e+01
  -6.6115479e+01   4.9948483e+01
  -9.2032751e+01   5.5453792e+01
   2.9923408e+01  -8.1988666e+01
   1.7990882e+01  -4.3002815e+01
   3.6982744e+01  -4.4577196e+01
   3.0271113e+01  -5.4848196e+01
   4.6948826e+01  -7.2600983e+01
  -5.5838243e+01   5.3123039e+01
  -8.1524097e+01   9.5832478e+00
  -8.6051273e+01   4.7449765e+01
  -8.3394494e+01   6.0442511e+01
  -5.8237927e+01   4.2732802e+00
  -6.9849508e+01   3.7312245e+01
  -7.6452931e+01   4.4694326e+01
  -9.0692177e+01   5.5914199e+00
  -9.1842607e+01   3.9312779e+01
  -8.8962463e+01   2.9758479e+01
   4.5981302e+01  -4.7739553e+01
   2.4463061e+01  -7.3668305e+01
   2.8077758e+01  -3.5540716e+01
   4.9909888e+01  -8.3284898e+01
   5.3309896e+01  -5.3538577e+01
   1.1176099e+01  -5.0118922e+01
   2.0437516e+01  -5.3425123e+01
   1.7063429e+01  -6.5262851e+01
   5.6833252e+01  -7.2712673e+01
   4.4537486e+01  -3.8028476e+01
  -4.9909339e+01   4.4992466e+01
  -8.2239085e+01  -3.9376363e-01
  -7.5523468e+01   5.4443337e+01
  -8.7238967e+01   6.9614137e+01
  -6.3421042e+01   1.2797353e+01
  -6.3359282e+01   2.2793965e+01
  -6.1128198e+01   3.2521707e+01
  -4.7404417e+01   3.3178388e+01
  -9.7939162e+01   1.2478297e+01
  -8.1741687e+01   1.9814576e+01
   5.6668496e+01  -4.4371107e+01
   4.0301322e+01  -8.6092774e+01
   3.7146006e+01  -3.1417914e+01
   3.7982659e+01  -7.6379473e+01
   1.6880242e+01  -3.3203022e+01
   2.5687694e+00  -4.5393518e+01
   6.0023067e+01  -6.0160662e+01
