  -7.5074051e+01   2.6881493e+01
  -7.3461014e+01   8.3006463e+01
   6.0776690e+01  -3.0065289e+01
   4.5698008e+01  -5.2343303e+01
  -7.1428566e+01   1.7612883e+01
  -9.2374005e+01   1.9380911e+01
   4.9749751e+01  -6.6433330e+01
  -5.4211059e+01   2.2851266e+01
  -6.2653663e+01   4.2701377e+01
  -9.8215036e+01   5.4544628e+01
   2.8619183e+01  -8.6315286e+01
   1.7526471e+01  -4.9328767e+01
   3.8175123e+01  -4.6420439e+01
  -4.8283973e+01   5.2369497e+01
  -8.5002981e+01   9.8020228e+00
  -7.9959501e+01   6.6086271e+01
  -5.5391252e+01   6.0018259e+00
  -7.6673335e+01   3.6689847e+01
  -9.3007952e+01  -2.8034308e-01
  -9.9613621e+01   3.9056558e+01
  -9.4982375e+01   3.0218981e+01
   2.0379356e+01  -8.0518058e+01
   2.7847490e+01  -3.3328843e+01
   5.8084202e+01  -8.4464433e+01
   5.3798419e+01  -5.7466372e+01
   7.9954618e+00  -5.2771017e+01
   4.4590119e+00  -6.4280791e+01
   6.7370893e+01  -7.2605381e+01
   3.9038538e+01  -3.6573406e+01
  -4.1224645e+01   4.5300629e+01
  -8.4397948e+01  -9.1248740e+00
  -8.0344458e+01   5.6141023e+01
  -8.9441135e+01   6.9516065e+01
  -6.0784423e+01   1.4888485e+01
  -6.4069588e+01   2.4324322e+01
  -5.7056493e+01   3.4105373e+01
  -3.9123834e+01   3.5529270e+01
  -8.1308561e+01   1.9067719e+01
   6.1673345e+01  -3.9996541e+01
   4.1786931e+01  -9.4975573e+01
   3.9462605e+01  -2.6647214e+01
   3.4730812e+01  -7.7544579e+01
   1.8163315e+01  -2.5321115e+01
  -4.7093720e-01  -4.7965926e+01
   6.1345900e+01  -6.3478239e+01
   1.4715030e+01  -5.9474860e+01
   5.1651515e+01  -7.6348477e+01
   1.9384888e+01  -7.0130979e+01
  -9.8898107e+01   7.4637595e+01
  -8.7795670e+01   3.7759914e+01
  -8.5199915e+01   2.8208026e+01
  -5.1082732e+01   4.2126198e+01
  -5.8235701e+01   5.1630449e+01
  -7.5103438e+01   8.3698456e+00
  -8.0749072e+01   1.6362426e-01
  -8.9654161e+01   5.9595298e+01
  -6.8889098e+01   5.0515672e+01
  -9.0052474e+01   7.9444339e+01
  -5.5442420e+01  -3.9980621e+00
  -8.0621366e+01   7.6038114e+01
  -9.4996595e+01   9.5864676e+00
  -6.5389515e+01   6.0158766e+00
  -7.8044089e+01   4.6506247e+01
  -4.4412169e+01   2.0933409e+01
  -4.7742170e+01   3.0467133e+01
  -6.7123379e+01   3.3800725e+01
   5.0946500e+01  -3.1898118e+01
   4.7794121e+01  -4.1380690e+01
   5.5458891e+01  -4.7738528e+01
   3.8682374e+01  -8.5808034e+01
   4.8449474e+01  -8.6877754e+01
   3.1769760e+01  -9.5797514e+01
   2.9956190e+01  -2.3570589e+01
   1.2274655e+01  -3.3379313e+01
   2.9034994e+01  -4.3226633e+01
   4.0239766e+01  -6.0621649e+01
   4.0899422e+01  -7.0421597e+01
   1.9930665e+01  -3.9634755e+01
   4.1160785e+00  -3.9102875e+01
   6.8616324e+01  -5.6855405e+01
  -9.2739220e+01   4.6301346e+01
   2.4072409e+01  -6.1098148e+01
   2.7030351e+01  -7.3731261e+01
   1.1404522e+01  -6.9010102e+01
   5.9215268e+01  -7.2842745e+01
