   1.1390000e+03
   1.1310000e+03
   1.0210000e+03
   1.0750000e+03
   1.1170000e+03
   1.0690000e+03
   1.1070000e+03
   1.1470000e+03
   1.1430000e+03
   1.0230000e+03
   1.1290000e+03
   1.0710000e+03
   1.1330000e+03
   1.1450000e+03
   1.1510000e+03
   1.1370000e+03
   1.0200000e+03
   1.0220000e+03
   1.0680000e+03
   1.0700000e+03
   1.0860000e+03
   1.0900000e+03
   1.1040000e+03
   1.1100000e+03
   1.1180000e+03
   1.1200000e+03
   1.1240000e+03
   1.1280000e+03
   1.1320000e+03
   1.1340000e+03
   1.1400000e+03
   1.1420000e+03
   1.1440000e+03
   1.1460000e+03
   1.1480000e+03
   1.1500000e+03
