   2.0650000e+03
   1.9650000e+03
   1.7230000e+03
   2.0490000e+03
   1.7470000e+03
   1.7970000e+03
   1.9130000e+03
   1.7770000e+03
   1.7650000e+03
   1.9450000e+03
   1.7930000e+03
   1.9770000e+03
   1.8390000e+03
   1.9790000e+03
   1.8770000e+03
   1.8430000e+03
   1.7630000e+03
   1.8030000e+03
   1.8990000e+03
   1.7670000e+03
   1.9070000e+03
   1.8270000e+03
   1.8190000e+03
   2.0310000e+03
   1.8250000e+03
   1.8470000e+03
   1.7950000e+03
   1.9690000e+03
   1.8910000e+03
   1.7430000e+03
   1.9390000e+03
   1.9150000e+03
   1.7490000e+03
   2.0210000e+03
   1.9350000e+03
   1.7290000e+03
   1.9270000e+03
   1.9870000e+03
   1.8210000e+03
   2.0030000e+03
   1.8350000e+03
   2.0190000e+03
   2.0590000e+03
   2.0370000e+03
   2.0690000e+03
   1.8070000e+03
   1.8590000e+03
   1.8790000e+03
   1.8830000e+03
   1.8930000e+03
   1.9190000e+03
   1.8950000e+03
   1.7570000e+03
   1.7790000e+03
   1.8850000e+03
   1.9090000e+03
   1.7530000e+03
   1.8410000e+03
   1.9310000e+03
   1.9670000e+03
   1.9750000e+03
   1.9470000e+03
   1.9530000e+03
   1.9330000e+03
   1.9930000e+03
   2.0630000e+03
   1.9950000e+03
   1.8450000e+03
   2.0290000e+03
   2.0110000e+03
   1.8090000e+03
   1.9490000e+03
   1.9110000e+03
   1.9510000e+03
   2.0150000e+03
   1.8330000e+03
   1.9570000e+03
   1.9890000e+03
   2.0230000e+03
   2.0350000e+03
   2.0270000e+03
   1.9710000e+03
   1.8610000e+03
   2.0550000e+03
   1.8690000e+03
   1.8570000e+03
   2.0670000e+03
   2.0430000e+03
   2.0330000e+03
   1.8810000e+03
   2.0450000e+03
   1.7280000e+03
   1.8970000e+03
   1.8870000e+03
   1.9030000e+03
   1.9170000e+03
   1.9010000e+03
   1.9250000e+03
   1.7440000e+03
   1.7460000e+03
   2.0250000e+03
   1.9050000e+03
   1.9210000e+03
   1.9230000e+03
   1.9430000e+03
   1.7600000e+03
   1.9290000e+03
   1.7640000e+03
   1.7660000e+03
   1.7680000e+03
   1.9370000e+03
   1.7720000e+03
   1.7740000e+03
   1.9550000e+03
   1.7780000e+03
   1.9590000e+03
   1.9850000e+03
   1.9610000e+03
   1.9630000e+03
   1.7920000e+03
   1.7940000e+03
   1.9810000e+03
   1.9830000e+03
   1.9730000e+03
   1.8040000e+03
   1.9990000e+03
   1.9970000e+03
   2.0070000e+03
   2.0010000e+03
   2.0090000e+03
   1.8220000e+03
   1.8240000e+03
   1.8260000e+03
   1.8280000e+03
   1.8320000e+03
   2.0170000e+03
   1.8380000e+03
   1.8400000e+03
   1.8420000e+03
   2.0410000e+03
   1.8460000e+03
   1.8480000e+03
   2.0530000e+03
   2.0390000e+03
   1.8580000e+03
   1.8620000e+03
   2.0570000e+03
   1.8680000e+03
   1.8720000e+03
   2.0470000e+03
   1.8760000e+03
   1.8780000e+03
   1.8820000e+03
   1.8840000e+03
   1.8860000e+03
   1.8900000e+03
   1.8920000e+03
   1.8940000e+03
   1.8960000e+03
   1.8980000e+03
   1.9000000e+03
   1.9020000e+03
   1.9040000e+03
   1.9060000e+03
   1.9100000e+03
   1.9120000e+03
   1.9140000e+03
   1.9160000e+03
   1.9180000e+03
   1.9200000e+03
   1.9240000e+03
   1.9260000e+03
   1.9280000e+03
   1.9300000e+03
   1.9340000e+03
   1.9360000e+03
   1.9380000e+03
   1.9420000e+03
   1.9440000e+03
   1.9460000e+03
   1.9480000e+03
   1.9500000e+03
   1.9520000e+03
   1.9540000e+03
   1.9560000e+03
   1.9580000e+03
   1.9620000e+03
   1.9640000e+03
   1.9660000e+03
   1.9680000e+03
   1.9700000e+03
   1.9720000e+03
   1.9740000e+03
   1.9760000e+03
   1.9780000e+03
   1.9800000e+03
   1.9820000e+03
   1.9840000e+03
   1.9900000e+03
   1.9940000e+03
   1.9960000e+03
   1.9980000e+03
   2.0000000e+03
   2.0020000e+03
   2.0060000e+03
   2.0080000e+03
   2.0100000e+03
   2.0120000e+03
   2.0140000e+03
   2.0160000e+03
   2.0180000e+03
   2.0220000e+03
   2.0240000e+03
   2.0260000e+03
   2.0280000e+03
   2.0300000e+03
   2.0320000e+03
   2.0340000e+03
   2.0380000e+03
   2.0400000e+03
   2.0420000e+03
   2.0440000e+03
   2.0460000e+03
   2.0480000e+03
   2.0500000e+03
   2.0520000e+03
   2.0540000e+03
   2.0560000e+03
   2.0580000e+03
   2.0600000e+03
   2.0620000e+03
   2.0640000e+03
   2.0660000e+03
