  -8.9247728e+01   2.8292607e+01
  -5.0089758e+01   6.3895364e+01
  -1.7274643e+01  -4.1198755e+01
  -6.5350197e+01   2.7918577e+01
   6.6374133e+01  -2.7395484e+01
  -1.4377357e+01   6.6828381e+01
   3.5674352e+01   7.3199071e+01
   4.8067510e+01   4.5463130e+01
  -1.9070033e+01  -5.9712549e+01
  -5.9763368e+00   7.2988663e+01
  -2.8175705e+00   6.3673998e+01
  -2.3516886e+01   1.7262755e+00
  -3.6966855e+01  -2.3296079e+01
   8.6074171e+00   6.1889250e+01
  -4.5450661e+01  -1.6273194e+01
   2.8342142e+01  -3.4662809e+01
   7.0143304e+01  -9.7086747e+01
   3.6389075e+01   1.2865049e-01
   7.2184060e+00   4.5510947e+00
  -3.1580812e+01  -5.1580690e+01
   9.5912901e+01  -8.5153201e+01
   6.3771518e+01  -3.1293548e+00
   1.5704286e+01  -6.2389834e+01
  -4.3710356e+01  -6.7328479e+00
   8.8515010e+01   1.5287150e+01
   1.3947317e+01   3.2260213e+01
  -1.8479629e+01   4.1433183e+01
  -7.0245087e+01  -7.1970524e+01
  -6.6177486e+01   7.9539833e+00
  -7.4960896e+01   5.3021396e+01
   9.7294851e+01  -9.9477064e+01
   4.3728939e+00   8.0607491e+01
  -7.6124711e+01   8.4783210e+01
   8.1590823e+01  -5.5004323e+01
   8.4641921e+01  -6.5736320e+01
   4.5855602e+01   1.7114301e+01
   1.3078073e+01  -9.4673015e+00
   2.3762519e+01  -5.6466541e+01
  -6.9852705e+00  -7.4090637e+01
   2.3200318e+01  -6.8702436e+01
   6.5796987e+01  -1.2836056e+01
  -4.7532089e+01   4.8229509e+01
  -5.4892504e+01  -6.0001946e+01
   4.5259825e+01  -8.4181141e+00
  -2.3245380e+01   4.9914094e+01
  -1.2647643e+01  -1.4350119e+01
  -6.1672665e+01  -2.4705893e+01
  -8.3227372e+01   3.6261388e+01
  -8.7876502e+01   1.0994951e+01
  -9.2655333e+01   9.7726204e+01
   2.3638840e+01  -2.6003780e+01
   4.7134533e+01  -9.8382153e+01
  -8.1799218e+01  -2.8875486e+01
   5.5757374e+01  -3.2652199e+01
   4.7783635e+01  -5.3559952e+01
  -5.1608055e+00  -7.8461884e+00
   1.8420852e+01  -3.5682258e+01
  -4.7982730e+01   2.6179415e+01
  -8.7678419e+01   5.4613037e+01
  -3.0875681e+01   7.7715762e+00
   7.4409929e+01  -4.4950878e+01
   3.1798402e+01  -8.5671587e+01
  -4.9598575e+01   1.5902194e+01
  -5.3599441e+01  -6.6379930e+00
  -3.5537195e+01  -9.9594447e+01
  -7.7466913e+01  -9.0005713e+01
  -1.5881180e+01  -6.9560880e+01
   8.0280419e+01   2.0995754e+01
   3.6113733e+01   5.5489694e+01
   9.1053147e+01  -9.7120732e+00
  -3.4709027e+01   2.8003634e+01
   8.5212492e+00   1.6299548e+01
  -3.3375319e+01   7.3877022e+01
   1.5854630e+01   4.1792797e+01
  -7.2756277e+01   4.3297408e+01
   8.4760554e+01  -1.7402449e+01
  -5.0303377e+01   8.5649904e+01
   4.6367466e+01  -2.9131972e+01
  -3.2405219e+01   6.4059630e+01
  -6.0908626e+00   4.8891208e+01
  -7.4307847e+01   2.3474550e+01
  -4.7669345e+01   9.5289377e+01
  -1.9581815e+01  -2.1455637e+01
  -5.3639899e+01  -3.1774898e+01
  -4.4176889e+01  -3.0017483e+01
  -8.0294230e+01  -1.6993962e+01
   2.4906634e+01   9.0908041e+01
   4.2311056e+00   7.0725293e+01
  -5.6871299e+01   4.4977989e+01
  -8.2297555e+01   4.6205381e+01
   1.1659219e+00   9.8178107e+01
  -6.4474383e+01  -4.3880299e+01
   6.4874158e+01  -7.8880338e+01
   5.0944378e+01   3.1232118e+01
   2.8080537e+01   2.4675784e+01
   2.2966657e+01  -9.6645907e+00
   4.8089664e+01  -1.9333845e+01
  -2.8694563e+01   9.1889152e+01
   3.9583752e+01   9.5721996e+00
  -8.3729455e+01  -6.1209729e+01
  -8.5048250e+01   8.0045363e+01
  -9.2690135e+01  -4.4300915e+01
   8.2856601e+01  -3.8500232e+01
   1.7974169e+01  -7.7185300e+01
   4.7699640e+01  -6.9905292e+01
   1.1598502e+01  -4.2937565e+01
  -9.0751791e+00  -3.3823100e+01
  -2.4517230e+00  -1.7440064e+01
  -5.5761723e+01  -7.3542018e+01
  -3.7950071e+01  -8.0513397e+01
  -3.8678309e+01  -5.8613995e+01
  -8.6381017e+01   8.9945503e+01
  -1.3186524e+01  -8.1920375e+01
  -5.7492215e+01  -9.1729629e+01
   2.5372291e+00  -7.7077108e+01
   5.7386112e+01  -9.5955423e+01
   1.0946957e+01  -9.5709722e+01
  -2.6317657e+00  -9.2810954e+01
   9.3427183e+01   6.4220576e+00
   9.0624179e+01   3.5412159e+01
   8.6362862e+01  -1.0331504e+00
  -2.1442527e+00   2.1471013e+01
   6.4911921e+00   2.6019553e+01
  -6.2434821e+01  -6.6142956e+01
   2.9574299e+01   4.1260805e+01
   5.4571967e+01   2.1604168e+01
  -4.1969243e+01   9.9803124e+00
  -7.5956896e+00  -4.3652393e+01
  -5.7518802e+01   7.7997441e+01
   8.9691272e+01  -9.2982042e+01
  -6.8206248e+01  -1.7265238e+01
  -6.4172428e+01   3.8207074e+01
  -5.6307884e+01   3.2079273e+01
  -7.3671968e+01   3.3402017e+01
  -3.2117713e+01   5.4289143e+01
  -1.4583630e+01   2.8994220e+01
  -1.0744422e+01   5.7613169e+01
  -9.6773197e+01   6.4542509e+00
  -9.9641020e+00  -2.3942225e+01
  -9.8673861e+01  -2.4610785e+01
  -7.2185591e+01  -2.6343517e+01
  -3.6202657e+01  -1.3371041e+01
  -3.9069053e+01   3.6728009e+01
  -2.7759580e+01  -2.7075805e+01
  -5.1902376e+01  -2.2992413e+01
  -4.8819418e+01   3.8489885e+01
  -5.7167299e+01   2.2205134e+01
   1.6779270e+01   8.5140661e+01
  -9.3605255e+01   1.9284521e+01
  -5.8061835e+01  -1.5454388e+01
   1.6676229e+01   5.6227250e+01
   1.7247814e+01   6.6820512e+01
   4.0758884e+01  -4.6455364e+01
   2.8909382e+01  -1.7560995e+01
   4.7384914e+01  -3.9035200e+01
  -7.3822362e+01  -6.2661602e+01
   6.7535643e+01   4.9035530e+01
  -9.5125290e+01   4.7712823e+01
  -7.2885752e+01  -4.5611043e+01
   4.2527845e+01   3.6744672e+01
   1.2998403e+01  -2.7294750e+01
  -1.4540685e+00   8.8595492e+01
   2.7126887e+01   6.8050971e+01
   3.4615208e+01  -2.5716799e+01
  -6.5430641e+01   5.0035586e+01
   7.3095786e+01  -2.0014697e+01
   5.7502459e+01  -2.2844132e+01
   7.4036531e+01  -3.3814049e+01
   5.3922246e+01  -3.4118454e+00
  -8.5309558e+01   7.0065422e+01
  -8.9018187e+01  -6.4486446e+00
  -9.4884433e+01   6.7201068e+01
   7.7178132e+01  -1.0897553e+01
  -5.4304919e+01   5.4861209e+01
   1.5890628e+00   5.4940517e+01
   7.5182517e+01  -1.1073127e+00
  -7.5037108e+01  -3.6108378e+01
  -6.2672241e+01   9.8788229e+01
  -4.2085594e+01   5.7913808e+01
  -9.0706840e+01  -5.4074801e+01
   8.0821619e+01  -2.6532764e+01
   1.0298004e+01  -7.0791425e+01
   4.2226207e+01   2.6404500e+01
   2.9863875e+01   8.7593486e+00
   3.5918212e+01   1.8712822e+01
   9.9809973e+01  -3.0623082e+01
  -1.2043665e+01  -6.6659653e-01
  -2.6409292e+01  -1.4297231e+01
   6.9019372e+01  -6.9780665e+01
   5.3470323e+01  -6.1784879e+01
   5.7749245e+01  -5.2791254e+01
   5.4941466e+01  -8.0035066e+01
   1.5811788e+01   9.6090331e+00
   2.1181358e+01  -4.5777774e+01
  -1.2169470e+01  -5.2499430e+01
  -2.5276968e+00   2.1742036e+00
   1.6509344e+01  -2.2706928e-01
   4.3193065e+00  -4.9858324e+00
   1.9444753e+01  -8.7054482e+01
   2.9477619e+01  -7.6208023e+01
   4.0213688e+01  -8.0466918e+01
  -7.2683550e+01   9.8599915e+01
  -2.1789262e+01  -5.0074463e+01
  -6.1656730e+01  -8.7570380e-01
  -5.6134779e+01   8.3473251e+00
  -3.8579079e-01  -6.6590227e+01
  -2.5051435e+00  -5.4753304e+01
  -1.4491562e+01  -9.4569547e+01
  -8.2648433e+01   9.9429723e+01
  -4.8100859e+01   2.3960159e+00
  -9.3076913e+01   3.7927004e+01
  -2.8956246e+01  -6.1176668e+01
   9.1547466e+01  -5.5932691e+01
   1.3913438e+01  -5.2625918e+01
  -6.6101162e+01   1.7875166e+01
  -9.9898956e+01  -3.7138357e+01
  -2.6223049e+01  -9.5887292e+01
  -4.0287017e+01  -9.0230151e+01
  -4.8450938e+01  -9.5999320e+01
  -6.3714749e+01  -7.9548364e+01
  -2.5806885e+01  -7.0620454e+01
  -4.9802293e+01  -8.3888689e+01
  -4.5911695e+01  -7.4740754e+01
   8.9033861e+01   2.5599936e+01
   2.2981951e+01   4.8616387e+01
   6.1554545e+01   2.8487308e+01
   5.5820935e+01  -1.3076480e+01
   6.8532314e+01   2.1535052e+01
   3.8243585e+01   4.5802692e+01
  -4.6571312e+01  -6.4946673e+01
  -6.7766497e+01  -5.4787508e+01
   9.5371983e+00   4.9273358e+01
  -3.0450736e+01   1.9381558e+01
  -3.8135455e+01   1.1949170e+00
  -2.7109452e+01   8.3710827e+01
  -2.3932889e+01   6.8900471e+01
  -1.4845120e+01   7.7324118e+01
  -8.8967504e+01  -2.1968901e+01
   8.0021241e+01  -9.5529498e+01
  -6.9108616e+01  -7.4404902e+00
  -9.5274511e+01  -1.4233483e+01
   4.0464653e+01  -9.0636446e+01
  -6.5639439e+01  -3.3661296e+01
  -2.3420410e+01   5.9583573e+01
  -7.6950267e+01   1.2000248e+01
  -3.8524377e+01   9.1328095e+01
   5.7687348e+01   4.7727955e+01
   3.8720283e+01  -1.5961167e+01
   3.8284226e+01  -3.4993592e+01
   3.1128007e+01   8.3088439e+01
  -1.1400703e+01   9.6226314e+01
  -2.7835811e+01  -4.0850483e+01
  -3.5040147e+01  -3.3818433e+01
  -1.8750596e+01  -3.1361890e+01
  -6.7289532e+01   8.0020243e+01
   1.6243958e+01   9.5861089e+01
   5.6530129e+01  -4.2912787e+01
   1.7429306e+01  -1.8336475e+01
   4.0476463e+01   6.4441640e+01
   4.6102835e+01   5.5592984e+01
  -7.9065481e+01  -7.0712634e+00
  -2.4694950e+01   2.5089714e+01
   2.6448033e+01  -4.4244198e-01
  -4.7759032e+01   7.6000662e+01
  -7.6367977e+01   7.4786169e+01
   6.4690025e+01  -3.7233257e+01
  -7.7943968e+01  -5.3399886e+01
  -9.6246950e+01   8.7093899e+01
  -6.7563131e+01   9.0012658e+01
   4.6100579e+01   2.3727086e+00
   1.3112228e+01   7.5872686e+01
   5.4968714e+01   6.9754171e+00
  -8.0348484e+01   6.1410046e+01
  -8.4535731e+01  -3.8651030e+01
  -4.1349154e+01   6.8402642e+01
  -8.0073738e+01  -7.0454249e+01
   8.2042327e+00   9.0099906e+01
  -9.7248585e+01   5.7486336e+01
  -9.2910866e+01  -6.5667421e+01
   1.6095400e+01   2.2659171e+01
   9.3626432e+01  -2.2089608e+01
   9.2467272e+01  -4.1680467e+01
   9.9897682e+01  -1.4236121e+01
  -2.1441451e-01   1.1765507e+01
  -8.3629916e+01   1.9611690e+00
   2.3332629e+01   1.6016627e+01
  -9.9237127e+01   2.8061663e+01
   9.9928825e+00  -8.3726875e+01
   6.5003378e-01  -3.6080957e+01
   2.7759781e+00  -2.6365188e+01
   6.4443187e+01  -8.8870608e+01
   3.1437321e+01  -6.3201146e+01
   6.3474708e+01  -6.1458676e+01
  -8.3645069e+01   2.0025985e+01
  -9.8523239e+01  -3.3868831e+00
   4.5141107e+00   3.5898137e+01
   3.3888562e+01  -5.3643153e+01
   4.1209223e+01  -6.1087069e+01
   3.1036598e+01  -4.4166858e+01
   6.3440651e+00  -5.9213997e+01
  -9.4789825e+01   7.7200632e+01
   5.8205821e+01  -7.0586853e+01
  -2.3577164e+01   9.9989649e+01
   3.7805014e+01  -7.0806462e+01
  -7.3677955e+01   1.3899637e+00
   5.0308342e+01  -8.8893104e+01
  -3.6874560e+01  -6.8447687e+01
   9.4242567e+01  -7.5293721e+01
   8.9836577e+01  -3.1342599e+01
   7.3455554e+01  -6.0819065e+01
   6.7724058e+01  -5.2379017e+01
   2.1077945e+00  -4.5935195e+01
  -9.2960395e+00  -6.2062784e+01
   9.4989188e+01  -6.5321681e+01
  -9.1570282e+01  -3.1615719e+01
   9.9630414e+01  -5.0045040e+01
  -1.9515318e+01  -7.2021165e+00
  -3.0603981e+01  -5.2311807e+00
  -7.5449057e+01  -8.0303825e+01
  -3.0398514e+01  -8.6875496e+01
  -6.7096056e+01  -8.8943903e+01
   7.4871242e+00  -1.7628553e+01
  -2.3012489e+01  -8.0186351e+01
   8.1994334e+01   7.7667080e+00
   6.7828228e+01   5.8145383e+00
   9.4843594e+01   4.4442686e+01
   9.8339259e+01   2.2069008e+01
   9.7966113e+01  -2.4882527e+00
  -8.9263227e+00   3.9563635e+01
  -4.2042288e+00   3.1057880e+01
   5.8440754e+01   3.7832746e+01
   2.2991687e+01   7.7292892e+01
   2.6476020e+01   5.7934084e+01
   6.1535690e+01   1.4470547e+01
   7.3986291e+01   1.3418093e+01
  -2.4828403e+01   3.4134492e+01
  -2.9590581e+01   4.2387952e+01
   2.3697105e+01   3.3448284e+01
  -5.8520863e+01  -5.1204523e+01
  -3.8193850e+01   4.6598874e+01
   2.9309428e+01  -9.5056847e+01
  -1.0928735e+01   8.6319996e+01
   2.0294945e+01  -9.8855942e+01
  -5.7936919e+01  -3.9088119e+01
  -3.6141761e+01   1.5496450e+01
  -2.4424618e+01   7.7120651e+01
