  -8.8905914e+01   2.8385894e+01
  -5.0157727e+01   6.3859530e+01
  -1.7620068e+01  -4.0750478e+01
  -6.4967307e+01   2.7964844e+01
   6.6270842e+01  -2.7002860e+01
  -1.4766978e+01   6.5940998e+01
   3.3771194e+01   7.1144121e+01
   4.8994452e+01   4.5459928e+01
  -1.8903699e+01  -5.9320360e+01
  -6.7128924e+00   7.1843517e+01
   1.0120141e+01   3.4415922e+01
  -1.8114910e+00   6.3155205e+01
  -2.4446500e+01   2.4546185e+00
  -3.7132484e+01  -2.3282218e+01
   7.7159396e+00   5.9923421e+01
  -4.5829914e+01  -1.5860874e+01
   2.8195336e+01  -3.4304759e+01
   7.0142728e+01  -9.7082739e+01
   3.6364427e+01   1.9961744e+00
   7.9120360e+00   3.9470354e+00
  -3.1492317e+01  -5.1313799e+01
   9.5911650e+01  -8.5152461e+01
   6.2758202e+01   1.4667065e-01
   1.5484300e+01  -6.2528291e+01
  -4.3145471e+01  -6.3057817e+00
   8.8045932e+01   1.5161578e+01
   1.9973512e+01   3.2942886e+01
   6.2606616e+01   1.3588220e+01
  -1.8139694e+01   4.0582562e+01
  -6.8461980e+01  -7.0601549e+01
  -6.5825067e+01   7.7650312e+00
  -7.4397539e+01   5.2971564e+01
  -1.8697986e+01   8.6874870e+01
   9.7294401e+01  -9.9476680e+01
   4.6700129e+00   7.9637587e+01
  -7.6124712e+01   8.4783202e+01
   8.1588119e+01  -5.5011788e+01
   8.4641921e+01  -6.5736320e+01
   4.8078230e+01   1.7817638e+01
   1.3168634e+01  -9.1354749e+00
   2.3545859e+01  -5.6629254e+01
  -6.8130961e+00  -7.4085206e+01
   2.3063317e+01  -6.8940751e+01
   3.4608486e+01   3.1993374e+01
   6.5221973e+01  -1.2717385e+01
  -4.5739270e+01   4.8562942e+01
  -5.5714063e+01  -5.5461935e+01
  -3.9029309e+01   2.0972648e+01
   4.5381735e+01  -8.5702543e+00
  -2.6186448e+01   4.6483086e+01
  -1.3486019e+01  -1.3886803e+01
  -6.1576954e+01  -2.6041598e+01
  -8.2665498e+01   3.6145296e+01
  -8.7685389e+01   1.1177971e+01
  -9.2596786e+01   9.7652777e+01
   2.3628784e+01  -2.5589017e+01
   4.7149189e+01  -9.8336958e+01
  -8.1274236e+01  -2.8663971e+01
   5.5766699e+01  -3.1794710e+01
   4.7551917e+01  -5.3556530e+01
  -5.3328182e+00  -8.3001762e+00
   1.8448829e+01  -3.6115855e+01
  -4.7727127e+01   2.5850239e+01
  -8.7423828e+01   5.4124267e+01
  -3.1290101e+01   9.5180861e+00
   7.4323171e+01  -4.5044822e+01
   3.1024866e+01  -8.7037806e+01
  -4.9494262e+01   1.6008194e+01
  -5.3066725e+01  -6.5352554e+00
  -3.5537135e+01  -9.9594417e+01
  -7.7052878e+01  -8.8428075e+01
  -1.5562300e+01  -6.9268763e+01
   7.6485016e+01   2.0367194e+01
   2.6253841e+01  -9.6058099e+01
   3.1993075e+01   5.4502453e+01
   8.9987597e+01  -8.7018297e+00
  -3.2376071e+01   2.8320983e+01
   9.0562898e+00   1.5994200e+01
  -3.2672114e+01   7.3031788e+01
   1.6323319e+01   4.2208808e+01
  -7.2048063e+01   4.3278911e+01
   8.4534630e+01  -1.7004545e+01
  -5.0061628e+01   8.5277516e+01
   4.6148617e+01  -2.9144852e+01
  -3.3198977e+01   6.1928871e+01
  -6.6411622e+00   4.8076015e+01
  -7.3950706e+01   2.3542239e+01
  -4.7581605e+01   9.4959011e+01
  -2.0158434e+01  -2.1160494e+01
  -5.4359716e+01  -3.3297929e+01
  -4.4380293e+01  -3.0060416e+01
  -8.0332565e+01  -1.6825063e+01
   2.4854247e+01   9.0202360e+01
   5.6751686e+00   6.9703386e+01
  -5.6526731e+01   4.4901370e+01
  -8.1602690e+01   4.6048114e+01
   1.1657006e+00   9.7340226e+01
  -5.9999014e+01  -4.4866540e+01
   6.4860876e+01  -7.8876669e+01
   5.0788110e+01   3.1996338e+01
   2.6889314e+01   2.5818110e+01
   2.3086903e+01  -9.1718964e+00
   4.8104734e+01  -1.9423784e+01
  -2.8470026e+01   9.0826900e+01
   4.0674819e+01   1.1371416e+01
  -8.3650703e+01  -6.1350667e+01
  -8.5103798e+01   7.9744193e+01
  -9.1939724e+01  -4.4157165e+01
   8.2595763e+01  -3.8214764e+01
   1.8722686e+01  -7.7891118e+01
   4.7450679e+01  -6.9513716e+01
   1.1376116e+01  -4.3051965e+01
  -9.0069590e+00  -3.3158171e+01
  -2.5058254e+00  -1.7826573e+01
  -5.5874419e+01  -7.3133009e+01
  -3.8831280e+01  -7.9879063e+01
  -3.8462890e+01  -5.8492760e+01
  -8.6390287e+01   8.9649530e+01
  -1.3425625e+01  -8.1554835e+01
  -5.7468228e+01  -9.1743639e+01
   2.7372747e+00  -7.7013110e+01
   5.7321056e+01  -9.5885182e+01
   1.6268929e+01  -9.6413312e+01
  -1.8844788e+00  -9.3413024e+01
   9.2849056e+01   6.6797439e+00
   9.0088822e+01   3.3232972e+01
   8.3660574e+01   3.0506200e+00
  -1.7367618e+01   5.0704198e+01
   2.4954289e+01   6.1588731e+01
  -3.7098883e+00   2.3930063e+01
  -4.0882012e+01   3.3121829e+01
   5.9992479e+00   2.5357205e+01
  -6.1117761e+01  -6.3847255e+01
  -2.7148179e+01   3.6634138e+01
  -1.8657722e+01   7.5137695e+01
   2.8204517e+01   3.9633789e+01
   5.7035003e+01   2.1705143e+01
  -4.0998831e+01   1.1268683e+01
  -3.8871074e+01   8.0871830e+01
  -7.9125675e+00  -4.3000509e+01
  -5.7154132e+01   7.7782961e+01
   8.9690843e+01  -9.2981735e+01
  -6.7296160e+01  -1.7700181e+01
  -6.3651634e+01   3.7874139e+01
  -5.5618172e+01   3.1977024e+01
  -7.3142625e+01   3.3453417e+01
  -3.4580188e+01   5.1711146e+01
  -1.3930395e+01   2.8520107e+01
  -9.8470780e+00   5.7297912e+01
  -9.6502867e+01   6.4911176e+00
  -1.0598726e+01  -2.3426310e+01
  -9.8467253e+01  -2.4686005e+01
  -7.1499332e+01  -2.6739539e+01
  -3.6202027e+01  -1.3406521e+01
  -3.5713037e+01   4.1782118e+01
  -2.7952427e+01  -2.7127006e+01
  -5.1950465e+01  -2.3633060e+01
  -4.8646129e+01   3.9059096e+01
  -5.7047029e+01   2.2156658e+01
   1.6268631e+01   8.5094103e+01
  -9.3324517e+01   1.9429640e+01
  -5.7589110e+01  -1.5412282e+01
   1.6863581e+01   5.5715566e+01
   1.5830683e+01   6.5649564e+01
   4.0485700e+01  -4.6542279e+01
   2.8938152e+01  -1.7183160e+01
   4.7077944e+01  -3.9069601e+01
  -7.2652447e+01  -6.1525065e+01
   6.4325605e+01   4.7513720e+01
  -9.5094291e+01   4.7592510e+01
  -7.0364551e+01  -4.5643597e+01
   4.2676786e+01   3.7765522e+01
   1.3252715e+01  -2.7602897e+01
  -2.3720694e+00   8.6724670e+01
   2.3802004e+01   7.1615469e+01
   3.4453493e+01  -2.5514000e+01
  -6.4874686e+01   5.0080535e+01
   7.2892291e+01  -1.9722440e+01
   5.7726975e+01  -2.2058179e+01
   7.3848563e+01  -3.3446420e+01
   5.3567801e+01  -2.9676521e+00
  -8.5025606e+01   6.9767673e+01
  -8.8762679e+01  -6.3982709e+00
  -9.4679292e+01   6.7191875e+01
   7.6860532e+01  -1.0770426e+01
  -5.3778990e+01   5.4506929e+01
   3.1053899e-01   5.3457593e+01
   7.4796400e+01  -1.3022806e+00
  -7.4048281e+01  -3.6376811e+01
  -6.2672241e+01   9.8788229e+01
  -4.2300835e+01   5.7899261e+01
  -9.0476658e+01  -5.4046503e+01
   8.0562982e+01  -2.6102025e+01
   1.1058545e+01  -7.1483789e+01
   4.2685706e+01   2.6174652e+01
   3.0865517e+01   1.0310053e+01
   3.4892352e+01   1.9717244e+01
   9.9787318e+01  -3.0624680e+01
  -1.1495813e+01  -5.3506331e-01
  -2.6300210e+01  -1.3587794e+01
   6.9021343e+01  -6.9785549e+01
   5.3486769e+01  -6.1567042e+01
   5.7478602e+01  -5.2424468e+01
   5.4926286e+01  -8.0010296e+01
   1.6467170e+01   9.5474114e+00
   2.1167814e+01  -4.5859397e+01
  -1.2126458e+01  -5.2004936e+01
  -2.0198429e+00   2.5583587e+00
   1.6982895e+01  -1.9751982e-01
   4.0828142e+00  -5.2856707e+00
   2.0967873e+01  -8.7596491e+01
   2.9424180e+01  -7.6627470e+01
   3.8769057e+01  -8.0715149e+01
  -7.2676662e+01   9.8574737e+01
  -2.1762392e+01  -4.9753354e+01
  -6.1436003e+01  -1.1675328e+00
  -5.5881215e+01   8.3611725e+00
  -4.3662953e-01  -6.6422528e+01
  -2.4913454e+00  -5.4285506e+01
  -1.4491562e+01  -9.4569547e+01
  -8.2639920e+01   9.9429003e+01
  -4.7807272e+01   2.5171649e+00
  -9.2455363e+01   3.7959312e+01
  -2.8759133e+01  -6.0844914e+01
   9.1544443e+01  -5.5933364e+01
   1.3908204e+01  -5.2684405e+01
  -6.5920480e+01   1.7691829e+01
  -9.9863030e+01  -3.7114960e+01
  -2.6609238e+01  -9.5089765e+01
  -4.0213399e+01  -9.0128629e+01
  -4.8373569e+01  -9.5894781e+01
  -6.3680659e+01  -7.9380877e+01
  -2.5491184e+01  -7.0220795e+01
  -4.9576252e+01  -8.3356088e+01
  -4.5881568e+01  -7.2814429e+01
   3.5628004e+01  -9.9491238e+01
   8.5509033e+01   2.4508881e+01
   2.3920128e+01   4.8649749e+01
   6.0661399e+01   3.0857218e+01
   5.5255742e+01  -1.2558993e+01
   6.6861036e+01   2.2494764e+01
   3.6495089e+01   4.5594360e+01
  -5.1132005e+01  -6.4327970e+01
  -6.5631044e+01  -5.4424105e+01
   6.5598062e+00  -9.8760588e+01
   9.2717770e+00   4.9231658e+01
  -2.9041656e+01   1.9108999e+01
  -3.7841763e+01   2.0219277e+00
  -2.6745706e+01   8.1001369e+01
  -2.4662752e+01   6.7108144e+01
  -1.0590212e+01   8.1041057e+01
  -8.8808795e+01  -2.2118893e+01
   8.0021061e+01  -9.5529335e+01
  -6.8849035e+01  -7.8424589e+00
  -9.4949130e+01  -1.4239156e+01
   4.0391853e+01  -9.0574579e+01
  -6.4046403e+01  -3.5724277e+01
  -2.4540973e+01   5.7139408e+01
  -7.6950267e+01   1.2000248e+01
  -3.8463657e+01   9.0860048e+01
   5.7473978e+01   4.0259410e+01
   3.8779194e+01  -1.5997609e+01
   3.8054913e+01  -3.4905051e+01
   2.7945009e+01   8.0697674e+01
  -1.0488127e+01   9.2552707e+01
  -2.7835811e+01  -4.0850483e+01
  -3.5127126e+01  -3.3828344e+01
  -1.8726065e+01  -3.0925594e+01
  -6.6898242e+01   7.9998732e+01
   1.5534299e+01   9.5055867e+01
   5.6383657e+01  -4.2528114e+01
   1.7179199e+01  -1.8151202e+01
   3.8288905e+01   6.2250269e+01
   4.3396975e+01   5.3690939e+01
  -7.8796243e+01  -6.9599883e+00
  -2.2647438e+01   2.6917872e+01
   2.6801315e+01   3.9850932e-02
  -4.7398551e+01   7.5653390e+01
  -7.6367968e+01   7.4786170e+01
   6.4447105e+01  -3.6742611e+01
  -7.7417383e+01  -5.2729971e+01
  -9.6244939e+01   8.7080230e+01
  -6.7575453e+01   8.9974457e+01
   4.6026637e+01   3.0998711e+00
   1.3836586e+01   7.5426582e+01
   5.4822190e+01   7.5553610e+00
  -8.0216060e+01   6.1042837e+01
  -9.9779063e+01  -5.0354615e+01
  -8.3844448e+01  -3.8313137e+01
  -4.1144186e+01   6.7893691e+01
  -7.8430020e+01  -6.9876093e+01
   7.2543905e+00   8.9409478e+01
  -9.6838694e+01   5.7434834e+01
  -9.2910866e+01  -6.5667421e+01
   1.5802321e+01   2.3367069e+01
   9.3256973e+01  -2.1926646e+01
   9.2467272e+01  -4.1680467e+01
   9.9564284e+01  -1.4170507e+01
  -1.3719388e-01   1.2325771e+01
  -8.3531406e+01   2.1066369e+00
   2.3262021e+01   1.6663314e+01
  -9.8884233e+01   2.8071317e+01
   1.0408006e+01  -8.3419637e+01
   6.6600098e-01  -3.5514498e+01
   3.3745110e+00  -2.6010570e+01
   6.4443458e+01  -8.8866536e+01
   3.1150539e+01  -6.3164962e+01
   6.3474092e+01  -6.1476454e+01
  -8.3302571e+01   2.0129123e+01
  -9.8276128e+01  -3.3452696e+00
   2.0620483e-01   3.3402367e+01
   3.3289141e+01  -5.3463447e+01
   4.0907639e+01  -6.1022221e+01
   3.0919002e+01  -4.3815791e+01
   6.2092527e+00  -5.9003732e+01
  -9.4791654e+01   7.7188049e+01
   5.7951521e+01  -7.0492306e+01
  -2.3772832e+01   9.9642360e+01
   3.7551823e+01  -7.0806744e+01
  -7.3571171e+01   1.5307780e+00
   5.0235845e+01  -8.8830126e+01
  -3.6888879e+01  -6.8364052e+01
   9.4242291e+01  -7.5293054e+01
   8.9813823e+01  -3.1308878e+01
   7.3448739e+01  -6.0817781e+01
   6.7465337e+01  -5.2313249e+01
   1.7472139e+00  -4.5357365e+01
  -9.1934183e+00  -6.1611312e+01
   9.4987789e+01  -6.5321287e+01
  -9.1409543e+01  -3.1774106e+01
   9.9627769e+01  -5.0046966e+01
  -1.9688791e+01  -6.1701792e+00
  -3.0966276e+01  -4.9626713e+00
  -7.3998572e+01  -7.8913007e+01
  -3.1057310e+01  -8.6145445e+01
  -6.7024787e+01  -8.8803374e+01
   7.3108587e+00  -1.6970366e+01
  -2.3265951e+01  -7.9923309e+01
   7.8429920e+01   1.1167422e+01
   6.9688712e+01   6.9693630e+00
   9.3951574e+01   4.2366760e+01
   9.5304318e+01   2.2953929e+01
   9.7376537e+01  -2.0540659e+00
  -1.0708004e+01   4.5624721e+01
  -9.3832977e+00   3.0064812e+01
