  -7.0515459e+01   2.9907795e+01
   2.4656980e+01  -4.8192532e+01
  -8.9841428e+01   3.4844770e+01
  -9.8081669e+01   5.0844779e+01
   3.5201824e+01  -7.0323970e+01
  -7.1273892e+01   3.9878991e+01
  -7.9111213e+01   5.4557241e+01
   4.4430615e+01  -4.6285567e+01
   4.6498979e+01  -5.6069323e+01
  -9.0083883e+01   4.4841830e+01
  -7.8665537e+01   2.4113297e+01
  -7.9844437e+01   3.4599450e+01
  -8.0086691e+01   4.4604934e+01
  -8.8650800e+01   2.4655951e+01
   3.7591147e+01  -6.0613608e+01
   2.8057072e+01  -5.7596753e+01
   3.5522783e+01  -5.0829852e+01
   4.7792258e+01  -6.5985417e+01
  -9.3468908e+01   5.9717345e+01
  -9.8641048e+01   2.5097460e+01
