  -9.1367102e+01   2.5512344e+01
  -4.8845769e+01   7.2209755e+01
  -1.0655132e+01  -4.3578424e+01
  -1.4808099e+01   6.8162328e+01
   4.2422507e+01   8.0217121e+01
   4.8917758e+01   4.3731803e+01
  -1.7106512e+01  -6.1473034e+01
  -3.1178582e+00   7.7106954e+01
  -9.8154435e+00   5.9845777e+01
  -2.1159839e+01   4.7890625e-01
   6.7061161e+01  -9.9825047e+01
   3.6039306e+01   1.9523250e-01
   7.5282041e+00   3.3037548e+00
  -3.0851301e+01  -4.9029051e+01
   9.6319295e+01  -8.4918555e+01
   6.4782019e+01  -4.0233442e+00
   1.5479550e+01  -6.3735527e+01
  -4.4513459e+01  -3.9051057e+00
   8.8976042e+01   1.5690918e+01
   1.5459932e+01   3.2814698e+01
  -1.6598871e+01   3.8419279e+01
  -6.8286670e+01   1.0341889e+01
  -7.5955919e+01   5.4947391e+01
   8.3251734e+01  -5.3118121e+01
   8.4641921e+01  -6.5736320e+01
   4.8041555e+01   1.4421422e+01
   1.4289771e+01  -1.0856278e+01
   2.3167365e+01  -5.7689939e+01
  -7.3082137e+00  -7.4690300e+01
   2.3363130e+01  -6.9522885e+01
  -5.2893799e+01  -5.9481194e+01
   4.4185872e+01  -1.0438823e+01
  -2.2813903e+01   4.5577771e+01
  -7.9290993e+01   3.8235258e+01
  -8.8381656e+01   1.0899429e+01
   2.7336906e+01  -1.9891866e+01
  -8.0825461e+01  -2.8595816e+01
   4.8026855e+01  -5.3378583e+01
  -2.9092697e+00  -1.0622870e+01
   1.4042689e+01  -3.4649421e+01
  -8.8365973e+01   5.5416587e+01
  -2.8569545e+01   7.1010223e+00
   7.5730977e+01  -4.5534968e+01
   3.0732858e+01  -8.6546886e+01
  -4.9135084e+01   1.4425642e+01
  -5.9074337e+01  -7.0932661e+00
  -3.5530971e+01  -9.9606014e+01
  -7.7713653e+01  -9.0956241e+01
  -1.6474743e+01  -7.1230681e+01
   8.0443025e+01   2.1022237e+01
   3.4277396e+01   5.4541664e+01
   9.3730076e+01  -7.0837264e+00
  -3.6140955e+01   2.6910956e+01
   1.0436348e+01   1.5350006e+01
  -3.3451362e+01   7.7484482e+01
   1.9245866e+01   4.1545473e+01
  -5.0292587e+01   8.6130177e+01
   5.3259624e+01  -2.9551169e+01
  -8.5909781e+00   5.0680627e+01
  -7.3283674e+01   2.1537067e+01
  -5.6500944e+01  -3.1282929e+01
  -3.7444104e+01  -2.6749897e+01
  -7.6920538e+01  -1.6023502e+01
   2.5641301e+01   8.7702896e+01
   5.1999450e+00   6.8697425e+01
  -5.1627832e+01   4.2208009e+01
  -9.1616514e+01   4.4292603e+01
  -6.7329748e+01  -4.6490214e+01
   6.1423315e+01  -8.3366027e+01
   2.8012129e+01   2.3664957e+01
   2.4207345e+01  -1.0472595e+01
   5.0176522e+01  -1.8435134e+01
  -8.4307644e+01  -6.3757428e+01
   8.1863152e+01  -3.7422460e+01
   1.7707795e+01  -7.7749162e+01
   4.7618939e+01  -7.0882596e+01
   9.4431269e+00  -4.3612827e+01
  -6.9231797e+00  -3.3730745e+01
  -2.8295972e+00  -2.0150781e+01
  -5.5853048e+01  -7.3694661e+01
  -3.7660814e+01  -8.1288046e+01
  -3.8915803e+01  -5.8606421e+01
  -8.5508439e+01   8.6738575e+01
  -1.2580504e+01  -8.3092864e+01
  -5.7604972e+01  -9.1758082e+01
   5.9108658e-01  -8.0690164e+01
   1.0666566e+01  -9.5609736e+01
  -2.6317657e+00  -9.2810954e+01
   9.3304869e+01   6.5998173e+00
   9.0597600e+01   3.5586509e+01
   8.5665159e+01  -1.1990590e+00
   2.2049006e+00   2.7211135e+01
   1.0185994e+01   2.4860266e+01
  -6.2038711e+01  -6.3403939e+01
   2.9795775e+01   4.2288551e+01
   5.5457702e+01   2.0957495e+01
  -4.1510608e+01   8.0492552e+00
  -6.0086762e+01   8.7127635e+01
   9.6180759e+01  -9.4911190e+01
  -6.7111914e+01  -1.5694054e+01
  -5.3648923e+01   3.2610574e+01
  -6.9837012e+01   3.5491046e+01
  -2.7320687e+01   5.4044397e+01
  -8.9056210e+00   3.2704835e+01
  -4.1446524e+01  -1.7968591e+01
  -3.8986192e+01   3.6215890e+01
  -2.1940450e+01  -2.1622738e+01
  -5.0409185e+01  -2.1464986e+01
   1.5054944e+01   8.3580922e+01
  -9.6258915e+01   1.6909949e+01
   4.1219628e+01  -4.6116121e+01
   4.9239752e+01  -3.8693714e+01
   6.8845698e+01   4.8654665e+01
  -7.4092102e+01  -3.9195852e+01
   4.7803931e+01   3.3873289e+01
   2.3988026e+01   6.8709506e+01
  -7.2601268e+01   4.5220477e+01
   7.2752186e+01  -2.2930065e+01
   7.3046707e+01  -3.2848344e+01
  -9.0301683e+01   6.7100133e+01
  -8.8907366e+01  -6.4096377e+00
  -5.4844495e+01   5.1559381e+01
   9.0755197e-01   5.9357807e+01
   7.5179096e+01  -1.0426215e+00
  -3.2845546e+01   6.2268577e+01
  -8.9041837e+01  -5.5235959e+01
  -1.1149080e+01  -1.3233194e-01
   7.2670024e+01  -6.3727756e+01
   5.2444468e+01  -7.9465158e+01
   1.6447742e+01   7.9027516e+00
   1.9007111e+01  -4.6155926e+01
  -1.1187242e+01  -5.3533226e+01
   1.6375943e+01  -1.5905117e+00
   5.5587912e+00  -6.4217298e+00
   1.9533780e+01  -8.7552204e+01
   3.0064796e+01  -7.6717603e+01
   4.1109788e+01  -8.0182710e+01
  -7.2945139e+01   9.9198411e+01
  -1.9425186e+01  -4.8366090e+01
  -6.3246126e+01   1.8588139e+00
  -5.8117048e+01   1.0311443e+01
   4.4186865e-01  -6.8687941e+01
  -1.6708539e+00  -5.5433319e+01
  -1.4491562e+01  -9.4569547e+01
  -5.0841529e+01   3.5525842e+00
  -9.8394838e+01   3.4512459e+01
  -3.0825581e+01  -6.4177668e+01
   9.2561651e+01  -5.5710316e+01
   1.2784413e+01  -5.3613234e+01
  -6.3713640e+01   1.8922354e+01
  -2.5765725e+01  -9.6857477e+01
  -4.0263330e+01  -9.0830662e+01
  -4.8651371e+01  -9.6196276e+01
  -6.2643545e+01  -8.1421848e+01
  -2.6215176e+01  -7.2824769e+01
  -5.0269722e+01  -8.5001140e+01
  -4.6127591e+01  -7.5966139e+01
   8.9298701e+01   2.5676282e+01
   2.3625413e+01   5.0026366e+01
   6.1489420e+01   2.8660747e+01
   5.6084834e+01  -1.0532727e+01
   6.8366089e+01   2.1554302e+01
   3.9015578e+01   4.5811277e+01
  -4.5505305e+01  -6.6038527e+01
  -6.8897600e+01  -5.6206314e+01
   1.2887637e+01   4.9231316e+01
  -3.0058471e+01   1.6766027e+01
  -3.5632072e+01   2.2732819e-01
  -3.1242520e+01   8.6529125e+01
  -2.5694763e+01   7.1859919e+01
  -1.3169700e+01   7.7798005e+01
  -9.5498920e+01  -2.2687703e+01
  -6.8980536e+01  -6.1826931e+00
   3.9962836e+01  -9.0183621e+01
  -6.6348506e+01  -3.2920796e+01
  -1.7723572e+01   5.4116149e+01
  -7.8173001e+01   1.1174744e+01
  -4.0672298e+01   8.9273814e+01
   5.8984459e+01   4.7285387e+01
   3.4094979e+01  -9.4847968e+00
   4.0219032e+01  -3.4872409e+01
   3.5588757e+01   8.8081222e+01
  -7.9779193e+00   9.6346722e+01
  -2.5493138e+01  -4.0796983e+01
  -2.5221167e+01  -3.0877501e+01
  -1.2945198e+01  -2.5822764e+01
  -6.6881257e+01   7.9852918e+01
   5.7634494e+01  -4.3820793e+01
   1.7084050e+01  -1.9997761e+01
   4.1084270e+01   6.1837887e+01
   4.5526595e+01   5.3074203e+01
  -7.8922437e+01  -6.3562089e+00
  -2.6671267e+01   2.5917334e+01
   2.6212628e+01  -7.3960209e-01
  -4.2863082e+01   7.9731989e+01
  -7.6448319e+01   8.2620170e+01
   6.7013266e+01  -4.0710877e+01
  -7.8840370e+01  -5.5643891e+01
  -9.8572051e+01   9.4479087e+01
  -6.9597420e+01   8.9826339e+01
   4.4356849e+01   5.3714288e+00
   1.4586923e+01   7.1866854e+01
   5.4725474e+01   6.9988484e+00
  -8.1202050e+01   6.3395664e+01
  -8.5823296e+01  -3.7222876e+01
  -3.9258246e+01   6.9742072e+01
  -7.7267959e+01  -7.2919278e+01
   1.0304230e+01   9.1905723e+01
  -9.7492341e+01   5.9917055e+01
  -9.3759291e+01  -6.7176181e+01
   1.8861966e+01   2.3575531e+01
   9.7348074e+01  -2.0351316e+01
   9.8769378e+01  -4.3107579e+01
   7.0082368e-01   1.6788628e+01
  -8.3856027e+01   2.1855412e+00
   2.3137224e+01   1.4989965e+01
   1.0002861e+01  -8.4254049e+01
   2.5920627e+00  -3.6500305e+01
   4.0020995e+00  -2.6953044e+01
   6.8746852e+01  -8.9856580e+01
   3.1247390e+01  -6.3410663e+01
   6.3001698e+01  -6.1729136e+01
  -8.3517740e+01   1.9434668e+01
   9.0352587e+00   4.0267486e+01
   3.6460042e+01  -5.4890135e+01
   4.3086616e+01  -6.2150663e+01
   2.8295073e+01  -4.9424380e+01
   6.2583600e+00  -6.0884307e+01
  -9.9003521e+01   7.4616270e+01
   5.7232631e+01  -7.0354389e+01
   3.7885721e+01  -7.0714750e+01
  -7.3927578e+01   2.2597671e+00
   4.9791912e+01  -8.9039565e+01
  -3.7251094e+01  -7.1495701e+01
   9.4192931e+01  -7.5169085e+01
   9.1787481e+01  -3.3529682e+01
   7.4753690e+01  -5.6263340e+01
   6.7105171e+01  -5.0831021e+01
  -3.2205678e-01  -4.5788315e+01
  -7.6592842e+00  -6.3270726e+01
   9.5203427e+01  -6.5265894e+01
  -9.4683721e+01  -3.2640339e+01
  -2.0385164e+01  -9.7161638e+00
  -2.8411342e+01  -5.9440728e+00
  -7.4518100e+01  -8.1713460e+01
  -3.0354079e+01  -8.8016182e+01
  -6.7601256e+01  -9.0100793e+01
   7.1211092e+00  -1.7592840e+01
  -2.2452722e+01  -8.1967721e+01
   8.2376823e+01   8.2034033e+00
   6.7668771e+01   5.5157929e+00
   9.4919099e+01   4.4602307e+01
   9.8591100e+01   2.1971221e+01
  -7.2907035e+00   4.1792418e+01
   3.2847898e-01   3.6249425e+01
   5.7342106e+01   3.7561453e+01
   2.2932019e+01   7.8208251e+01
   2.5624568e+01   5.9341391e+01
   6.2132460e+01   1.3734109e+01
   7.3870383e+01   1.3328749e+01
  -2.6235586e+01   3.5886349e+01
  -3.2537503e+01   4.3800409e+01
   2.5360719e+01   3.3435176e+01
  -5.8596905e+01  -5.1346292e+01
  -4.2391134e+01   4.5306390e+01
   2.9607018e+01  -9.6420468e+01
  -1.4165704e+01   8.7647226e+01
   2.0006202e+01  -9.9168700e+01
  -5.9331266e+01  -4.0718094e+01
  -3.9889089e+01   1.7826093e+01
  -2.2540270e+01   8.1290909e+01
  -9.3926761e+01   2.6504423e+00
   8.6307870e+01  -9.3666809e+01
   7.6621023e+01  -9.5787901e+01
  -9.8890564e+01  -5.9979406e+00
   4.3698420e+01  -9.9446457e+01
   3.7200815e+01  -1.8848386e+01
   6.4628307e+01   5.7690455e+01
  -8.2298527e+01   4.7548237e+01
  -8.8466894e+01   3.4893381e+01
  -8.0249221e+01   2.8602903e+01
  -6.4328868e+01   5.0101670e+01
  -7.1721443e+01  -2.4528363e+01
  -6.0008546e+01  -2.2133123e+01
   1.2840952e+00   4.7201770e+01
  -6.2678772e+01   2.8711820e+01
  -4.5866370e+00   6.7670088e+01
   1.0865283e+01   5.8898373e+01
  -5.0384504e+01  -1.1720438e+01
  -3.6791005e+01  -9.7961229e+00
  -1.7262759e+01   9.7500371e+01
   3.8046733e+01   3.6069580e+01
   2.9853715e+01   9.7647904e+01
  -2.2877511e+01   6.2595343e+01
  -3.7870764e+01   9.8748993e+01
  -1.7608386e+01   2.8659611e+01
  -6.6607878e+01  -7.2257184e+01
  -8.5938149e+01  -2.0013973e+01
   3.2699195e+01   7.8492292e+01
  -6.1355291e+01   4.0586016e+01
  -4.5755813e+01   5.4523579e+01
  -5.4695208e+01   2.2689121e+01
   2.2023391e+01  -2.8223742e+01
  -5.7007723e+01   7.7676434e+01
  -3.3680329e+01  -3.5589519e+01
   6.3535054e+01  -1.7126511e+01
   7.2628848e+01  -1.2972123e+01
   4.3967345e+01  -2.5981462e+01
   6.3295463e+01  -3.0678783e+01
   3.3922447e+01   6.8631360e+01
  -6.2123436e+01   9.7476620e+01
  -8.5977271e+01   7.6977558e+01
  -8.6471154e+01   9.6636686e+01
  -4.6634096e+01  -3.0305731e+01
   4.5500717e+01   7.0740020e+01
   2.3599076e+01  -3.7654469e+01
   3.2783660e+01  -4.0882656e+01
  -7.4165994e+01  -6.4346205e+01
  -9.5365973e+01   8.5175583e+01
  -7.7706453e+01   7.2726291e+01
  -8.1292977e+01  -4.6077136e+01
   3.6954189e+01   2.6380314e+01
  -4.2623562e+00   8.6754174e+01
  -4.8297843e+01   9.5867801e+01
  -3.6512559e+01   5.3037033e+01
   8.6518414e+01  -2.5032942e+01
  -9.1274670e+01  -4.5595015e+01
  -1.6648680e+01  -3.5679774e+01
  -1.6853709e+00   7.1214837e+00
  -2.5077803e+01  -5.6446032e+01
   6.6243607e+00   7.8558515e+01
   4.6239738e+01   2.4107184e+01
   5.0337241e+01  -2.4858703e+00
  -5.0347994e+01   6.2778238e+01
   8.7776778e+01  -1.5115634e+01
  -4.5787715e+01   2.6702670e+01
  -5.6105998e+00   2.4381008e+01
  -9.8526210e+01  -5.8329645e+01
   3.0284861e+01   8.3235989e+00
   8.8882467e+01  -4.4477538e+01
   6.5060446e+01  -7.5594165e+01
   1.9449175e+01   9.5451761e+01
  -3.1474425e+01  -1.8844918e+01
   1.3376040e+00   9.4924732e+01
   5.4810346e+01   5.6285527e+01
   8.3800470e+00  -7.4425471e+01
   5.9098739e+01  -9.2472060e+01
  -2.5874131e+01   9.4021924e+01
  -1.1712217e+01  -9.5424686e+00
   7.0396748e+01  -7.0063929e+01
  -8.5337065e+01  -7.3297742e+01
  -9.3203991e+01   7.5984848e+01
