   5.3468703e+01  -1.1722944e+01
   6.1328659e+01  -4.0062005e+01
   9.9917537e+01  -6.3437587e+01
  -6.3594042e+01   4.5547911e+01
  -5.8185697e+01  -1.0518164e+01
  -7.6303857e+01   2.3293650e-01
  -8.2681168e+01   2.6561366e+01
   2.2042032e+01  -1.7308660e+01
   3.4552245e+01  -5.4041125e+01
  -5.7211440e+00   2.9020334e+01
  -6.9249587e+01   7.2011229e+00
   9.2223826e+01  -1.1586801e+01
   3.5523822e+01  -5.9885599e+00
  -6.0654488e+00  -4.7136191e+01
  -2.3633199e+00  -3.6056254e+01
   3.7429424e+01  -8.1048233e+01
   5.4414891e+01  -9.1183241e+01
  -5.2422214e+01   5.6912627e+01
  -1.1510335e+01   4.7578385e+01
  -6.8069348e+01  -3.7880263e+01
  -8.6319299e+01   9.0554087e+01
  -8.2105745e+01  -1.7607654e+01
  -1.7633396e+01  -9.2692111e+00
   3.6630478e-01  -2.2945494e+01
  -2.1808799e+01  -3.6766144e+01
   1.3229754e+01  -7.6628748e+01
   4.5330728e+01  -8.7080220e+01
  -1.4457050e+01  -7.6823984e+01
  -2.7120097e+01   8.4906486e+01
  -5.2383951e+01   8.3954972e+01
  -2.8662226e+01   4.0288577e+01
  -3.4260853e+01   5.1655379e+01
  -6.5499711e+01  -2.8273903e+01
   7.9633231e+01  -1.3382711e+01
  -9.9666537e+01   2.0738750e+01
  -3.6347234e+01  -2.9444689e+00
   6.1037405e+01  -1.8381282e+01
  -3.5438731e+01  -1.2952486e+01
  -9.5671760e+01  -4.5934681e+01
  -8.5993160e+01   6.5583612e+01
  -8.1258979e+01   9.6472381e+00
  -4.5294913e+01   1.5843857e+01
  -6.0059694e+01   2.4010059e+01
   1.4610118e+01  -4.9091362e+01
  -8.5259006e+01   5.0120789e+01
  -9.3097241e+01   2.8349190e+01
  -9.5377914e+01  -2.9785589e+00
  -6.7039473e+01   1.6872416e+01
  -6.7026022e+00  -1.5877831e+01
  -6.6833036e+01   9.7849667e+01
  -9.5115261e+01   8.5810274e+01
  -9.8404442e+01   4.9979256e+01
  -2.2833345e+01  -5.5728923e+01
  -7.7571026e+01   4.3838993e+01
  -4.2821650e+01   3.9806256e+01
   6.6164898e+01  -4.8765898e+01
  -5.9738078e+00  -7.3020926e+01
  -1.9240720e+01  -6.5050932e+01
  -4.8526693e+00  -9.3211264e+01
   1.4129551e+01  -9.1313589e+01
  -2.4245157e+01   6.6339776e+01
   6.9706914e+01  -1.2627643e+01
  -6.2647759e+00   3.8965811e+01
  -2.1495792e+01   4.7204121e+01
   8.9438184e+01  -3.0822766e+01
  -3.4697108e+01   9.1411697e+01
  -3.5484698e+01   3.3046602e+01
   5.7201367e+01   2.2568517e+00
  -3.5270069e+01   1.4188026e+01
  -5.0467431e+01  -2.8063020e+01
   3.5347250e+00   6.1705238e+01
  -2.2377038e+01  -2.6817438e+01
  -5.0302223e+01  -1.6624540e+01
   5.6593359e+01  -7.0439226e+01
  -7.8307310e+01   7.1918716e+01
   2.3162473e+01  -9.4721368e+01
   4.5051710e+01  -2.8902792e+01
   3.1699796e+01  -1.5219579e+01
  -8.5893260e+01  -4.3879557e+01
  -5.0606028e+01   7.2869571e+00
   6.0121647e+01  -6.1131864e+01
   3.9606231e+01  -2.0879837e+01
   1.5299044e+01  -2.6742103e+01
   5.0572347e+01   2.0403997e+01
   1.6116878e+01   1.3070477e+01
   2.4829692e+01  -5.1689774e+01
   8.1718619e+00  -4.9063490e+00
   3.0258895e+00   1.1264968e+01
   5.3748171e+01  -3.3578227e+01
  -6.1768701e+01   3.3804338e+01
  -2.8811950e+01  -4.3806481e+01
   3.6338416e+01  -7.1200758e+01
   9.6935797e+01  -4.5789055e+01
   6.9930094e+01  -5.7976269e+01
   2.2027806e+01  -7.0377435e+01
   8.0866795e+01  -9.6479733e+01
   7.7588158e+00  -5.7217090e+01
  -2.3870643e+01  -7.6916428e+01
  -1.9038663e+01   7.4851286e+01
   8.4824128e+01  -4.8600553e+00
   7.0123612e+01  -2.2565658e+01
  -5.0085765e+01   6.6595390e+01
  -3.8036779e+01   8.1175385e+01
  -3.3260873e+01   6.2049632e+01
  -3.8016581e+01   7.0778832e+01
  -1.3143045e+00   2.0139287e+01
   7.7663927e+01  -2.9110874e+01
   4.3224923e+00   2.9709783e+01
   6.7261802e+01   2.4533417e+00
   8.4580684e+01  -2.2023480e+01
  -5.3744019e+01   4.7119111e+01
  -5.7893717e+01  -3.4758356e+01
  -1.5167057e+01   5.6866538e+01
  -1.6244499e+01   3.8802242e+01
  -2.8160137e+01   2.1186697e+01
  -4.4586540e+01   9.0138050e+01
  -2.2072986e+01   8.9407322e-01
  -9.7487177e+00   7.1165308e+01
  -3.2105968e+01  -2.4419786e+01
  -7.6025985e+01  -9.7031907e+00
  -2.5630355e+01  -1.6952905e+01
  -1.5450777e+00   4.8199283e+01
  -5.9367047e+01  -2.0489693e+01
  -8.4011185e+01   3.6347447e+01
  -8.9280444e+01   1.9108696e+01
  -7.0361258e+01   2.6222459e+01
  -4.0779059e+01  -3.0675485e+01
  -8.0941227e+01   9.9625348e+01
  -5.7842451e+01   9.2303876e+01
  -7.1226568e+01   7.8922044e+01
   4.6501682e+01  -5.1637519e+01
  -9.9981604e+01  -3.2148255e+01
   6.3815210e+01  -8.6934439e+01
  -4.4073939e+01   4.9715473e+01
  -7.8380007e+01  -3.3400052e+01
  -8.8639509e+01   7.5613808e+01
   2.5388170e+01  -2.6693644e+01
   2.8701626e+01  -3.7388811e+01
   4.3511744e+01  -3.8498701e+01
   3.4935032e+01  -2.9661820e+01
   6.5119762e+01  -7.7124188e+01
   3.2324326e+01  -9.8339764e+01
  -9.1774855e+01   4.2540850e+01
   4.3543467e+01  -1.1833002e+01
   8.5354784e+01  -5.9803132e+01
   4.2736534e+01   5.8575842e+00
   9.9699264e+00  -4.0234156e+01
   1.8933339e+01  -3.6017260e+01
   2.3396698e+01   6.2391172e+00
  -7.8663384e+01   5.8755149e+01
  -9.5691409e+01   6.7991031e+01
  -1.2369934e+01  -7.6718555e-01
   1.0482595e+01   4.8170877e+00
  -1.9182542e+01  -4.6416264e+01
  -9.1894717e+01   5.7549263e+01
  -4.5704266e+01   3.0136035e+01
  -7.1422984e+01   3.6091603e+01
   3.8537590e+00  -4.8052854e+01
  -1.2956944e+01  -5.4347499e+01
  -2.4079735e+00  -5.6499862e+01
  -3.2391303e+01  -5.2897320e+01
   4.2063297e+01  -6.0578939e+01
  -5.2493302e+01   3.7314390e+01
  -3.1961598e+00  -8.2543288e+01
   6.3392261e+00  -8.3081630e+01
   8.9696531e+01  -6.8616302e+01
  -3.1499748e+01  -3.4299986e+01
   7.5034402e+01  -4.3725276e+01
   7.8447384e+01  -5.2888241e+01
   2.0293254e+01  -8.3649520e+01
  -3.8345835e+01   2.3536807e+01
   6.1908668e+01  -6.4942130e+00
   2.0897208e+00  -6.5433226e+01
  -3.8704494e+01  -7.2829630e+01
  -2.6940031e+01  -8.7038995e+01
   8.6300718e+01  -4.6573934e+01
  -4.4418897e+01  -8.6713449e+00
  -4.0810627e+01   5.9346566e+00
  -5.2207136e+01  -2.5317113e+00
  -1.3039601e+01  -9.8837713e+01
  -1.2174204e+01  -3.4197142e+01
   8.0409377e+01   4.2411436e+00
  -1.8051521e+01   8.9101954e+01
   9.9769256e+01  -2.9805274e+01
   8.9251752e+00   2.0220056e+01
   6.1570922e+01   1.1242264e+01
  -1.5694329e+01   2.8926946e+01
   7.4846948e+01  -4.0622471e+00
   3.7005464e+00   3.9688929e+01
  -4.2888116e+01   5.9641393e+01
   9.4505244e+01  -2.1319643e+01
  -7.4578666e+01  -2.4154493e+01
  -4.6535660e+01   7.5910091e+01
  -3.0869412e+01   5.3521403e+00
  -6.0104386e+01  -4.4509130e+01
   6.9988073e+01  -3.5306920e+01
  -2.5499467e+01   3.0809880e+01
  -9.4673551e+01   9.6237085e+01
  -1.5991021e+01  -1.9187492e+01
  -6.6961696e+01  -3.7004683e+00
  -5.9931595e+01   3.7347605e+00
  -7.1524950e+01   5.1592541e+01
  -2.5122695e+01   5.6410209e+01
  -2.9027724e+01   7.5107660e+01
   6.2454946e+01  -2.8884816e+01
   5.1570286e+01  -2.1477444e+01
  -2.7410120e+01  -7.2550455e+00
  -2.5636676e+01   9.5615304e+01
   8.9607663e+01  -9.1698267e+01
  -6.4543784e+00   6.1729244e+01
   2.4946332e-01   7.1196583e+01
  -6.8020764e+01  -1.5608797e+01
  -1.1573880e+01   8.1486604e+01
  -4.1076251e+01   9.9486411e+01
  -4.1377354e+01  -2.0835586e+01
  -9.1507021e+01  -1.4246821e+01
  -9.4455666e+01  -2.3807354e+01
   3.0712573e+01  -8.8334493e+01
   4.6791718e+01  -7.7001639e+01
  -8.0791581e+01   8.1806240e+01
   5.2007663e+01  -4.3340972e+01
  -9.0382632e+01  -3.4947629e+01
  -5.7440860e+01   1.4417700e+01
  -7.6824274e+01   1.8564675e+01
  -5.1072730e+01   9.9645295e+01
   2.5692261e+01  -7.4788180e+00
   4.7698781e+01  -2.7951667e+00
  -7.5911052e+01  -4.4038009e+01
   5.5911466e+01  -8.0947226e+01
   4.2114558e+01  -9.6533509e+01
  -7.6330991e+01   9.0755476e+01
   5.1581664e+01   1.0477987e+01
   2.6143306e+01   1.5845300e+01
  -6.1279368e+01   7.9513347e+01
  -6.6776409e+01   8.7855871e+01
   1.1986734e+01  -6.6837111e+01
  -9.9413268e+01   3.6100582e+01
   6.7552042e+01  -6.7607573e+01
   7.7145278e+01  -6.5298417e+01
  -9.9924103e+01   7.7046992e+01
   1.2538718e+01  -1.4719722e+01
   3.3016248e+01   3.6498491e+00
   4.1678084e+01   1.5791210e+01
  -4.0729766e+00  -6.1656741e+00
   1.7643244e+01  -5.8624208e+01
   6.2519984e+00  -3.0988446e+01
   1.7651513e+01  -1.9147182e+00
   2.8130812e+00  -1.3287012e+01
  -3.5461582e+00   3.8061096e+00
  -8.6228787e+01   9.9012657e-01
  -9.1591470e+01   9.4088737e+00
   3.5689419e+01  -4.4326833e+01
   5.6695107e+01  -5.1938773e+01
  -3.1698989e+01  -6.2342945e+01
  -9.3479393e+00  -6.3676394e+01
   3.0622943e+01  -6.3095253e+01
   7.1588759e+01  -9.3006073e+01
   9.8098432e+01  -7.3869650e+01
   9.4138752e+01  -5.5320060e+01
  -1.1335863e+01  -8.6630053e+01
   4.6076744e+00  -9.2120215e+01
  -2.9992661e+01  -7.1262841e+01
  -1.9152187e+01  -8.4764779e+01
