  -9.6382164e+01   2.2945607e+01
  -4.7238254e+01   8.2549251e+01
   4.3909942e+01   8.5146004e+01
  -6.6042624e+00   8.0980093e+01
  -1.0855162e+01   6.1511028e+01
  -2.7255631e+01  -7.1479707e+00
   3.4555250e+01   4.5332821e-01
  -3.0734384e+01  -5.9684000e+01
   9.7313286e+00  -6.4658799e+01
   1.5079849e+01   2.6054893e+01
  -1.8210620e+01   3.8507459e+01
  -6.9262716e+01   1.2099268e+01
  -7.6110566e+01   4.5707052e+01
   8.5236362e+01  -4.9048139e+01
   8.3816181e+01  -6.5498301e+01
   4.9065726e+01   1.5297160e+01
   2.0858859e+01  -1.1070290e+01
  -7.0931783e+00  -7.6841975e+01
  -5.0943484e+01  -5.8764314e+01
  -2.3932811e+01   4.6629262e+01
  -8.1072563e+01   3.7006939e+01
  -9.5070041e+01   1.2815388e+01
   2.8199808e+01  -1.9204391e+01
   5.2069629e+01  -4.2074257e+01
   5.2750622e-01  -1.2840037e+01
   1.6417203e+01  -3.5271823e+01
  -9.8176306e+01   5.5379106e+01
  -2.4280304e+01   2.3071584e+00
   2.8028281e+01  -8.4748658e+01
  -5.1082765e+01   1.6233016e+01
  -6.3988193e+01  -7.9729515e+00
  -8.5850611e+01  -9.5389652e+01
   7.8294963e+01   2.0431269e+01
   3.5871796e+01   5.8583233e+01
   9.9610373e+01  -1.0650749e+01
  -3.6119863e+01   2.7651452e+01
   2.8281198e+01   4.0263668e+01
   5.1699633e+01  -3.2101448e+01
  -5.1242777e+00   5.3318174e+01
  -5.4628281e+01  -3.3040188e+01
  -3.7076700e+01  -2.2167306e+01
   2.2610106e+01   9.2187030e+01
  -5.2466549e+01   4.4213270e+01
  -7.9090421e+01  -4.8906927e+01
   5.7204114e+01  -9.8840812e+01
   3.2127935e+01   1.8875104e+01
  -3.3937209e+00  -3.1288182e+01
  -4.0637037e+01  -5.9304273e+01
  -8.1769072e+01   9.7549872e+01
   1.5602461e+00  -8.1666447e+01
   1.4839266e+00  -9.4624808e+01
   9.7108622e+01   4.3917908e+01
   1.2967022e+00   3.4454942e+01
  -6.3883319e+01  -6.1335930e+01
  -6.4102499e+01   9.3099751e+01
   9.6510722e+01  -9.8655577e+01
  -7.1138177e+01  -1.4729788e+01
  -5.4305117e+01   3.4857263e+01
  -7.5814769e+01   2.8342096e+01
  -4.6238509e+01  -1.8391508e+01
  -4.0053765e+01   3.6510531e+01
  -1.9148990e+01  -2.3176539e+01
  -5.5422856e+01  -1.3117908e+01
   3.7060019e+01  -4.4888468e+01
   7.4246332e+01   4.9981054e+01
  -7.8040327e+01  -3.1278020e+01
   4.6294161e+01   3.4688563e+01
   2.6690182e+01   6.9887585e+01
  -7.1163710e+01   3.7174442e+01
   7.1210221e+01  -2.2305186e+01
  -5.6639018e+01   5.2822774e+01
  -4.5562807e-01   6.2076132e+01
   7.5743499e+01   3.7215227e+00
  -3.0640539e+01   6.4699614e+01
  -9.1308402e+01  -5.7480129e+01
   3.0586665e+00  -3.1933010e+00
   6.6920862e+01  -5.8915360e+01
   1.8527034e+01   9.7984757e+00
   1.1063549e+01  -9.1682713e+00
   4.0157354e+01  -8.5654038e+01
   4.1158028e-02  -5.8408694e+01
  -5.5816915e+01  -2.6494255e+00
  -2.2644637e+01  -6.5291427e+01
   2.0115540e+01  -5.6704354e+01
  -6.7671202e+01   2.2651682e+01
  -5.9944339e+01  -8.0957932e+01
  -4.8843459e+01  -8.5724662e+01
   9.2503742e+01   1.7557564e+01
   5.8023195e+01   1.9738520e+01
   5.9289849e+01  -7.5638263e+00
   6.7746109e+01   2.1900674e+01
   4.1182272e+01   4.3263820e+01
   1.7428950e+01   5.4280864e+01
  -2.8782594e+01   1.7228902e+01
  -3.7275154e+01  -2.1076662e+00
  -3.7289797e+01   8.3429356e+01
  -1.8241686e+01   7.3173318e+01
  -1.7464742e+01   5.4101573e+01
  -4.3116752e+01   9.1654616e+01
   4.0446825e+01  -7.7696940e+00
   4.1880647e+01  -3.5217501e+01
   3.5315082e+01   9.0608167e+01
  -1.3017776e+01  -4.1181154e+01
  -2.2400697e+01  -3.4965005e+01
  -9.0552208e+00  -2.2167059e+01
  -6.7623719e+01   8.3508050e+01
   4.4889245e+01   6.2884093e+01
   5.3877572e+01   5.1042616e+01
  -8.0585535e+01  -1.1620565e+01
  -2.6670894e+01   2.6221505e+01
  -8.0982891e+01   8.4221575e+01
   7.1415195e+01  -3.6362794e+01
  -8.1654272e+01  -6.0008267e+01
  -9.9360652e+01   9.7963045e+01
   4.7562068e+01   5.4020608e+00
   1.1366357e+01   7.3009341e+01
  -8.8002635e+01  -3.0615871e+01
  -3.4935892e+01   7.3715990e+01
  -7.7880464e+01  -7.4828041e+01
   9.8276384e+01  -2.0561369e+01
   1.0924930e+01   1.6992560e+01
  -9.2464651e+01   6.9228611e-01
   2.2171699e+01   1.9089465e+01
   9.1066358e+00  -8.8156886e+01
   1.0653777e+01  -2.6937303e+01
   6.7382647e+01  -9.5038719e+01
   2.9463984e+01  -6.6832236e+01
  -7.6873402e+01   1.8427585e+01
   3.9429319e+01  -6.7208274e+01
   5.1755279e+01  -7.0504995e+01
  -7.2951243e+01  -3.6613486e+00
   6.5943186e+01  -4.5104654e+01
   5.9435590e+00  -4.5421105e+01
  -9.9425615e+00  -6.0295728e+01
  -6.9918542e+01  -8.0846768e+01
  -3.0204547e+01  -9.2688422e+01
  -6.8493290e+01  -9.0739372e+01
   9.7423386e+01   5.3907466e+01
  -1.1719747e+01   4.5933527e+01
   6.3293941e+01   4.4373986e+01
   2.8021104e+01   8.3785767e+01
   2.5922556e+01   5.9542567e+01
   6.2179849e+01   1.0715731e+01
   7.1878383e+01   1.2844269e+01
  -2.7698511e+01   3.5761380e+01
  -3.3309469e+01   4.3671485e+01
   2.8367933e+01   2.8328300e+01
  -5.8280661e+01  -5.1970359e+01
  -4.2830713e+01   4.5806059e+01
  -5.9594907e+01  -4.1600460e+01
  -4.3248503e+01   2.1131273e+01
  -2.6411677e+01   7.8910549e+01
   8.6512445e+01  -9.8841152e+01
   3.8170237e+01  -1.7493287e+01
   6.6350391e+01   6.4751795e+01
  -8.6070770e+01   4.5629353e+01
  -9.1042713e+01   3.6958641e+01
  -8.5977074e+01   2.8336410e+01
  -6.7162129e+01   5.0163785e+01
  -7.8499957e+01  -2.1365115e+01
  -6.4885963e+01  -2.2472179e+01
   4.6842590e+00   5.1257448e+01
  -6.3269137e+01   3.1441315e+01
  -8.4697197e+00   7.1174582e+01
   1.7799199e+01   6.5366598e+01
  -4.6504153e+01  -8.6855936e+00
  -3.7093087e+01  -1.1961028e+01
   3.6322247e+01   3.4388767e+01
  -2.0740072e+01   6.3515015e+01
  -9.4116722e+00   3.3750687e+01
  -6.4769475e+01  -7.2203536e+01
  -8.8428028e+01  -2.0511355e+01
   3.6476876e+01   7.8474846e+01
  -6.2150600e+01   4.1520308e+01
  -4.6890449e+01   5.4634274e+01
  -5.5719401e+01   2.4969408e+01
   2.4320711e+01  -2.9134958e+01
  -5.4299448e+01   7.5493106e+01
  -3.0888452e+01  -3.9993103e+01
   6.2331528e+01  -1.7078408e+01
   6.9544855e+01  -1.0161636e+01
   4.4375838e+01  -2.5333012e+01
   6.2546681e+01  -2.7088442e+01
   3.6560972e+01   6.8501900e+01
  -9.0671684e+01   8.1706961e+01
  -4.5969066e+01  -2.8241548e+01
   5.4733956e+01   7.0101262e+01
   2.4095211e+01  -4.2213306e+01
   3.1979272e+01  -3.6318997e+01
  -7.2787360e+01  -6.6245884e+01
  -8.4428401e+01   7.3922033e+01
  -8.8984241e+01  -4.7764270e+01
   3.9910519e+01   2.5084553e+01
  -2.4950080e-01   8.9908520e+01
  -3.4280729e+01   5.3499306e+01
   8.6274683e+01  -2.1469380e+01
  -9.8967707e+01  -4.7783140e+01
  -1.3274066e+01  -3.1205907e+01
   8.2053878e+00   7.3960135e+00
  -1.8944190e+01  -5.5946189e+01
   1.3884599e+01   8.5211883e+01
   4.9859536e+01   2.5383627e+01
   4.9793064e+01  -4.4601500e+00
  -5.0078522e+01   6.3955440e+01
   8.9577501e+01  -1.2044519e+01
  -4.6676824e+01   2.9475273e+01
   5.1995445e+00   2.5228304e+01
   2.8529365e+01   9.5575320e+00
   9.0546144e+01  -4.0614302e+01
   6.5042336e+01  -8.1101052e+01
  -2.8540960e+01  -1.7022940e+01
   5.7292173e+01   6.0439431e+01
   8.4571493e+00  -7.4491040e+01
  -2.8423781e+01   9.8934097e+01
  -9.4270536e+00  -1.2183028e+01
   7.0971253e+01  -6.8035899e+01
  -8.9783099e+01  -8.4645895e+01
   2.4773993e+01  -1.5992664e+00
  -9.0128321e+01   6.5168511e+01
   9.2612657e+00  -5.4787093e+01
  -2.6876617e+01  -7.4335953e+01
   1.6044501e+01  -8.0964313e+01
   4.7569809e+01  -6.1444885e+01
   5.7526645e+01  -6.2343573e+01
  -3.9822971e+01  -8.9985594e+01
  -5.4604086e+01   7.1424760e+00
  -4.6740780e+01   8.9231097e-01
  -6.3923387e+01   3.6496425e+00
  -6.0468244e+01   1.5985125e+01
  -1.8832853e+01  -9.2636812e+01
  -4.3924305e+01   9.7384405e+00
  -3.0835047e+01  -4.9852359e+01
   3.8975199e+01  -9.5577587e+01
  -1.3736200e+01  -6.9524061e+01
  -9.6047941e+01   4.5612493e+01
  -2.9436598e+00  -6.7847328e+01
   9.4775398e+01  -7.7414160e+01
  -1.6511088e+01  -3.7232417e+00
  -8.6816782e+01   1.8400407e+01
  -9.0524567e+01  -1.0740729e+01
  -5.1259850e+01  -7.6085107e+01
  -3.3335995e+01  -8.2384369e+01
  -7.9785596e+01  -8.5284264e+01
  -3.5071747e+01  -6.8618813e+01
   8.6849322e+01   2.5803947e+01
   6.1000381e+01   2.9278936e+01
   5.5777218e+01   3.7799381e+01
   1.8670030e+01   4.4382617e+01
   3.2565024e+01   4.9217248e+01
  -5.6017086e+01  -6.7366559e+01
  -7.2423975e+01  -5.6289071e+01
  -6.7348538e+01  -4.7764612e+01
  -1.0225251e+01   9.0310086e+01
   6.5102684e+01   5.4200866e+01
   7.5118242e+01   5.9942970e+01
   3.4570170e+01  -2.6793264e+01
  -2.8968531e+01   8.8950525e+01
  -4.0227915e+01   6.1999141e+01
  -5.4961737e+01  -2.3094957e+01
   9.1185097e+01  -8.9994679e+01
  -1.7146449e+01   8.3101903e+01
  -9.3587825e+01  -3.8902160e+01
  -7.6540945e+01   5.6196812e+00
  -8.2867027e+01  -1.9588762e+00
  -6.8035712e+01  -3.1942683e+01
  -7.6669876e+01   5.5602587e+01
  -8.6091080e+01   8.3854290e+00
   4.8012447e+01  -1.4273240e+01
   5.9274694e+01  -5.2507953e+01
   5.3845093e+01  -2.2334032e+01
   4.4224059e+01   9.5137986e+01
   4.9346088e+01  -5.1642660e+01
   7.8414828e+01  -2.9220316e+01
  -9.9803246e+01  -1.6372273e+01
   6.0511823e+01  -3.6791869e+01
   2.4957138e-01   1.6488635e+01
  -7.3943580e+01   9.1324254e+01
   2.0185495e+01   3.4533098e+01
   1.8387614e+01  -2.0731388e+01
   3.8539516e+01   9.7140793e+00
   1.4940983e+01   4.2458932e-02
   3.0709089e+01  -9.5939438e+00
  -3.6883220e+01  -3.2135450e+01
  -1.7528874e+00   6.7894646e+00
   5.2572469e+01   8.0150973e+01
  -5.7720446e+01   8.4882844e+01
   7.9074871e+01  -5.5921945e+00
   7.8362843e+01  -1.5458430e+01
   9.3221669e+00   6.0108758e+01
   4.5279757e+01   7.3329923e+01
  -5.4083607e+01   9.4194904e+01
  -9.9286294e+01   8.6769515e+01
   5.7141344e+01   2.1870996e+00
  -7.4699086e+01   7.6442325e+01
   9.6933699e+01  -1.0156392e+00
  -9.4141573e+01  -6.7062156e+01
  -4.4810398e+01   7.2372380e+01
   2.0258091e+01   7.7520473e+01
   1.4722291e+00   7.1832305e+01
   4.7192624e+00   8.1250567e+01
   3.9794632e+01  -5.4488888e+01
  -3.0659600e+00  -4.1232363e+01
   7.7379015e+01  -9.4769240e+01
  -8.9854167e+01   9.1667743e+01
   1.0037107e+01   3.9317450e+01
   1.9491982e+01  -6.6708341e+01
   3.0102855e+01  -5.6856337e+01
   4.4044991e+01   5.2837417e+01
   1.6225568e+00  -2.2723954e+01
   5.6139381e+00  -3.5492894e+01
  -4.7422510e+00   2.5026144e+01
   7.6892333e+01  -5.8305426e+01
   6.1672149e+01  -7.1690857e+01
   5.3241937e+01  -8.0386719e+01
  -7.3984443e+01  -4.0343493e+01
   4.3605643e+01  -7.6280742e+01
  -8.7864739e+01  -7.4835922e+01
   8.9181746e+00   9.3885556e+01
   4.8992022e+01  -9.0338551e+01
   1.7065913e+01  -9.4438184e+01
  -9.7038253e+01   7.3986641e+01
  -6.2282448e+00  -5.0688018e+01
   5.8899065e+01  -8.8986979e+01
   2.4368363e+01  -7.5436132e+01
  -8.0131228e+01   6.4929847e+01
  -3.8059742e+01  -9.9821195e+01
   2.9013888e+01  -9.4699959e+01
   1.5707296e+01  -4.7333665e+01
  -2.1546480e+01  -4.6296631e+01
  -2.8357564e+01  -2.6981163e+01
   9.7958524e+01  -4.7303998e+01
  -8.8177431e+01   5.5375847e+01
  -9.6825053e+01  -2.5916914e+01
  -1.9340141e+01  -1.3235986e+01
  -6.8102233e+00  -1.7387886e+00
   9.3609629e+01  -6.7483545e+01
  -3.2959820e+01   6.6257636e+00
   9.2072714e+01  -5.6316710e+01
  -9.9881663e+01   3.2312387e+01
   7.5300191e+01  -4.8450124e+01
  -9.9513742e+01  -6.3802928e+00
   9.0019374e+01  -3.0677717e+01
  -4.1301740e+01  -7.6386584e+01
  -7.6035962e+01  -9.7302508e+01
  -9.5767852e+01  -9.4108453e+01
  -5.8493950e+01  -9.0840812e+01
  -4.9598468e+01  -9.5669464e+01
  -1.9842130e+01   9.3009789e+01
  -4.6052392e+01  -6.7603413e+01
   8.2203521e+01   1.1311030e+01
  -1.1935013e+01  -8.5467106e+01
  -8.5073941e+00  -9.4831598e+01
  -2.3440087e+01  -8.3721631e+01
   9.1428637e+01   7.5486777e+00
   8.6263096e+01   4.9036947e+01
   8.9849757e+01   3.7056956e+01
   9.6216555e+01   2.9353869e+01
  -3.6778135e+01   1.5283523e+01
  -1.7605692e+01   2.8663045e+01
