  -7.0522448e+01   2.9907213e+01
   2.4656980e+01  -4.8192532e+01
  -8.9841424e+01   3.4845280e+01
  -9.8080383e+01   5.0844005e+01
   3.5201824e+01  -7.0323970e+01
  -7.1276366e+01   3.9876326e+01
  -7.9111299e+01   5.4556359e+01
   4.4430615e+01  -4.6285567e+01
   4.6498979e+01  -5.6069323e+01
  -9.0082508e+01   4.4842170e+01
  -7.8670162e+01   2.4118651e+01
  -7.9844453e+01   3.4599450e+01
  -8.0086392e+01   4.4604380e+01
  -8.8648077e+01   2.4655719e+01
   3.7591147e+01  -6.0613608e+01
   2.8057072e+01  -5.7596753e+01
   3.5522783e+01  -5.0829852e+01
   4.7792258e+01  -6.5985417e+01
  -9.3468980e+01   5.9717208e+01
  -9.8632472e+01   2.5097081e+01
