   5.4397716e+01  -1.0875361e+01
  -6.0655447e+01   4.2261820e+01
  -5.7173290e+01  -1.2851171e+01
  -7.2569092e+01  -1.2271834e+00
  -8.3377951e+01   2.4927431e+01
   2.3172327e+01  -1.4218619e+01
   3.6028204e+01  -5.4599920e+01
  -3.4844268e+00   4.3540692e+01
  -7.0314797e+01   8.0837156e+00
   9.8859434e+01  -9.9136464e+00
   3.7269065e+01  -5.5592396e+00
  -6.5292781e+00  -4.7167153e+01
  -3.9072877e+00  -3.8039714e+01
   3.7719149e+01  -8.0375627e+01
   5.3960115e+01  -9.1644111e+01
  -5.0937282e+01   6.0040788e+01
  -8.2756165e+01   9.8367521e+01
  -8.1925994e+01  -1.8215635e+01
  -1.9206197e+01  -7.4626315e+00
  -3.5662069e-01  -2.1398116e+01
  -2.1204398e+01  -3.7301498e+01
   1.6817887e+01  -7.7262390e+01
   4.5418879e+01  -8.6602272e+01
  -1.8260691e+01  -7.8347381e+01
  -2.7623725e+01   8.7356758e+01
  -5.5656073e+01   8.7798057e+01
  -2.9171457e+01   4.6160100e+01
  -6.8760500e+01  -3.2997633e+01
  -3.5587724e+01  -4.8303576e+00
   6.0070225e+01  -2.0414672e+01
  -4.7327862e+01   1.5047434e+01
  -6.1540487e+01   2.2721821e+01
   1.9400524e+01  -4.2215319e+01
  -8.9493854e+01   5.1237484e+01
  -9.4686286e+01   2.6260795e+01
  -9.9766605e+01  -5.1577418e+00
  -6.6733182e+01   1.6631424e+01
  -6.7406318e+00  -1.5097574e+01
  -9.9966591e+01   4.9097070e+01
  -2.2322372e+01  -5.7308673e+01
  -8.0313301e+01   4.7299918e+01
   6.6964548e+01  -4.8712693e+01
  -1.9205807e+00  -7.0576262e+01
  -1.9239239e+01  -6.6734373e+01
   1.3696467e+01  -9.6971451e+01
   7.1881952e+01  -1.8704549e+01
  -2.1983931e+01   5.2488355e+01
   8.7573611e+01  -3.4382915e+01
  -3.6697999e+01   9.1079756e+01
  -3.6161279e+01   2.9259114e+01
   5.8574304e+01   6.5605580e+00
  -3.8282752e+01   1.1067472e+01
   1.1545651e+01   6.5135758e+01
  -7.9734654e+01   6.7462795e+01
  -8.2688638e+01  -4.2871569e+01
  -5.1386828e+01   6.0971817e+00
   6.2220757e+01  -6.3149405e+01
   4.6265298e+01  -2.8386532e+01
   1.4134311e+01  -3.1468498e+01
   4.9276321e+01   3.0734968e+01
   1.6639732e+01   1.1321511e+01
   2.6027546e+01  -5.1095165e+01
   7.7899550e+00  -5.2104507e+00
   4.9460194e+00   1.0490014e+01
   5.1782383e+01  -3.6471671e+01
  -6.5314801e+01   3.3415656e+01
  -2.5860886e+01  -4.8107400e+01
   3.6806557e+01  -7.0627693e+01
   9.6280701e+01  -4.5896455e+01
   7.0548657e+01  -5.8034303e+01
   2.3250018e+01  -6.9662493e+01
   8.0504498e+01  -9.9251350e+01
   9.3983171e+00  -5.6293247e+01
  -2.6800920e+01  -7.3206149e+01
  -1.7184371e+01   6.9812860e+01
   9.3621436e+01  -1.5140255e+00
  -5.1499148e+01   7.1195938e+01
  -3.3278610e+01   6.4811976e+01
  -4.2698534e-01   1.8747777e+01
   7.9259933e+01  -2.9036538e+01
   5.0465841e+00   2.7099420e+01
   9.0620168e+01  -2.4613425e+01
  -5.8029969e+01  -3.7609230e+01
  -1.3466210e+01   5.7018917e+01
  -2.2490349e+01   1.2728112e+00
  -7.2851670e+00   7.1566975e+01
  -3.3732943e+01  -2.2622637e+01
  -7.7096192e+01  -9.7729625e+00
  -2.8617309e+00   5.3035393e+01
  -4.6814705e+01  -3.0110464e+01
  -5.7709160e+01   9.7452214e+01
   4.6029467e+01  -5.3998052e+01
   6.3502239e+01  -8.9140206e+01
  -3.8711475e+01   4.8687318e+01
   2.3327234e+01  -3.2255180e+01
   4.1615115e+01  -3.6911955e+01
   3.2281028e+01  -3.5093758e+01
   6.5051837e+01  -7.9343857e+01
  -9.3045089e+01   4.2001631e+01
   8.6567059e+01  -6.0214306e+01
   4.2403515e+01   4.6433351e+00
   2.2761779e+01   3.6151135e+00
  -7.8616304e+01   5.7665327e+01
  -1.0258712e+01  -7.3495251e+00
   1.1577661e+01   3.2780110e+00
  -1.6272011e+01  -4.5721899e+01
  -9.7824260e+01   5.8840138e+01
  -7.4100489e+01   2.8696688e+01
   3.1566061e+00  -4.9134153e+01
  -1.2690577e+01  -5.4900750e+01
  -2.9533493e+00  -5.6482459e+01
  -3.3450186e+01  -5.4500191e+01
   4.2601731e+01  -6.2891259e+01
  -5.0714066e+01   4.1381722e+01
  -1.4676136e+00  -8.5061320e+01
   8.4988196e+00  -8.4371978e+01
   9.0413083e+01  -6.9258324e+01
  -2.7909876e+01  -3.0561402e+01
   7.6652213e+01  -4.4459584e+01
   7.9325968e+01  -5.3738957e+01
   2.6113218e+01  -8.0929640e+01
  -3.9340350e+01   2.0536308e+01
   6.0230799e+01  -3.0416970e+00
   4.1772860e+00  -6.3472891e+01
  -4.5609903e+01  -7.5632684e+01
  -3.2437822e+01  -9.1526722e+01
   8.6345079e+01  -4.6592864e+01
  -4.5167103e+01  -7.3010733e+00
  -4.2390956e+01   2.1962964e+00
  -5.4154637e+01  -3.3409697e+00
  -1.4655567e+01  -9.9153895e+01
  -1.2246228e+01  -3.4634961e+01
   7.6957910e+01   9.6373117e+00
  -1.1892779e+01   9.8473386e+01
   1.0339542e+01   1.8832436e+01
   6.6588521e+01   1.2331112e+01
  -1.4743326e+01   2.8613951e+01
   6.9622724e+01  -5.8610000e+00
   1.3213812e+01   3.9935233e+01
  -4.1097177e+01   5.8607792e+01
  -7.4813463e+01  -2.5079345e+01
  -4.4486952e+01   7.8207765e+01
  -3.1598299e+01   4.2028236e+00
  -6.3185099e+01  -4.6105687e+01
   7.2432461e+01  -3.5852360e+01
  -3.1440711e+01   3.7186979e+01
  -1.2211101e+01  -2.5008042e+01
  -6.3758954e+01  -5.4647026e+00
  -6.1117391e+01   4.1853753e+00
  -7.1071547e+01   5.1431189e+01
  -2.3653358e+01   6.2234396e+01
  -2.6912534e+01   7.2018016e+01
   6.7290890e+01  -2.7459503e+01
   5.0251148e+01  -1.9638906e+01
  -2.7985006e+01  -1.0811396e+01
  -3.1312402e+01   9.9371901e+01
   8.9048867e+01  -9.4098690e+01
  -5.2658910e+00   6.2259970e+01
   4.7712561e+00   7.8241536e+01
  -6.8445781e+01  -1.4619784e+01
  -5.5239310e+00   8.7959629e+01
  -4.1081033e+01  -1.6207835e+01
  -9.0496228e+01  -1.3104996e+01
  -9.9511962e+01  -2.2934228e+01
   3.3325909e+01  -8.9248253e+01
   4.6808161e+01  -7.6034783e+01
  -8.1137761e+01   8.4192020e+01
   4.7106723e+01  -4.4724667e+01
  -8.5980866e+01  -3.3462794e+01
  -5.7072525e+01   1.4107806e+01
  -7.6074669e+01   1.8440216e+01
   2.7365965e+01  -5.2316257e+00
   5.0443405e+01  -1.1624852e+00
  -7.6867562e+01  -5.1078846e+01
   5.5068043e+01  -8.1671504e+01
   4.6106721e+01  -9.7711421e+01
  -7.5091094e+01   9.1968582e+01
   4.9954387e+01   1.1078400e+01
   3.1885802e+01   1.8524085e+01
  -5.9478840e+01   7.8811665e+01
  -6.5554275e+01   8.8368612e+01
   1.3651272e+01  -6.6858560e+01
   6.9124918e+01  -6.9902998e+01
   7.7860705e+01  -6.5091789e+01
   1.3190198e+01  -1.3392145e+01
   3.2593475e+01   3.8011304e+00
   4.0752683e+01   1.4460130e+01
  -1.4652056e+00  -5.8698936e+00
   1.9882027e+01  -5.9159908e+01
   5.1055298e+00  -3.0776085e+01
   1.7525273e+01  -4.6813498e+00
   3.7132835e+00  -1.3756087e+01
  -2.3248042e+00   3.7937231e+00
  -9.1705371e+01   6.7815867e-01
  -9.3216517e+01   1.0526095e+01
   3.4573771e+01  -4.4757199e+01
   5.8419881e+01  -5.4268487e+01
  -3.0013601e+01  -6.3800174e+01
  -9.5922369e+00  -6.4300664e+01
   3.0541723e+01  -6.2895605e+01
   7.2318267e+01  -9.3625092e+01
   9.8917124e+01  -7.4376487e+01
   9.5456185e+01  -5.5829540e+01
  -1.2719211e+01  -8.6768089e+01
   4.3257362e+00  -9.3450499e+01
  -3.6601666e+01  -7.1314582e+01
  -2.1516653e+01  -9.1498642e+01
  -8.3552789e+00  -7.7846280e+01
  -2.7010734e+01  -8.3155470e+01
   7.2490176e+00  -7.4474390e+01
   1.8092198e+01  -8.7153671e+01
  -5.7286600e+00  -9.4101967e+01
   8.4179056e+01  -3.3050751e+00
   8.6774181e+01   6.8352881e+00
  -1.6384758e+01   8.8571839e+01
   8.1751416e+01  -1.9609610e+01
   2.4855130e+01  -9.4493869e+01
   9.7383749e+01  -3.5979968e+01
  -4.8821431e+00   2.7605489e+01
   5.8324847e+01   1.8617156e+01
  -3.1468940e+01   5.5463923e+01
   1.5065885e+01   2.7615820e+01
   5.8887574e+00   4.6682504e+01
   6.4068834e+01  -1.2502071e+01
   3.6735895e+00   3.6846231e+01
   8.9812839e+01  -1.3992420e+01
  -5.8071639e+01   5.1802954e+01
  -2.5045997e+01   2.5164373e+01
  -5.7031214e+01  -5.3957692e+01
  -2.9807215e+01   1.6374375e+01
  -9.8079615e+01   9.4369125e+01
  -3.4439582e+01   7.8615505e+01
  -4.2118851e+01   6.8594613e+01
  -2.1271140e+01   7.9893301e+01
  -5.6223026e+01  -2.7881422e+01
  -9.9928507e+01   1.7863823e+01
  -5.5354026e+01   3.3725817e+01
   9.4944054e+01  -8.6035757e+01
   4.0574007e+01  -1.6780134e+01
  -1.6239708e+01  -1.6465390e+01
  -4.8280700e+01   5.0622222e+01
  -4.5918713e+01   8.7979764e+01
  -1.0296593e+01   3.6943779e+01
  -1.7544544e+01   4.3654939e+01
  -2.2049131e+01   3.4844301e+01
  -2.3940098e+01  -2.1927495e+01
  -3.1031409e+01  -3.9812231e+01
  -3.7387363e+01  -3.2145439e+01
   6.3729177e+00   5.6633226e+01
  -5.0248261e+01  -1.9948531e+01
   2.2388021e+00   6.8634791e+01
  -8.9681530e+01  -2.4241026e+01
  -1.1509985e+01   8.0116454e+01
   3.6701024e+01  -2.6094338e+01
  -8.1882741e+01   2.0516572e+00
  -8.8102095e+01   3.3551249e+01
  -7.9111990e+01   3.7338746e+01
  -9.3291000e+01   8.1512391e+01
  -7.0486368e+01   4.1797955e+01
  -8.3388824e+01   1.1862922e+01
  -8.8885142e+01   9.0476458e+01
  -8.5530693e+01   7.5358663e+01
  -2.1743331e+01   9.6809015e+01
   1.7180211e+01  -2.2165328e+01
   2.7273100e+01  -2.3213588e+01
  -9.7220135e+01  -5.3524294e+01
   3.6206657e+01  -9.8789216e+01
  -4.5248324e+01   3.3096834e+01
   5.8221072e+01  -7.2157044e+01
  -8.7913142e+01   6.1019234e+01
  -7.2373281e+01  -4.2214302e+01
   4.8395475e+01   2.0854791e+01
  -6.5015430e+01  -2.3820376e+01
  -9.2518595e+01  -4.4702758e+01
  -9.5870037e+01  -3.5284515e+01
  -6.9614268e+01   7.9260011e+01
  -9.3532638e+01   6.9174483e+01
   2.2134004e+01   1.9302593e+01
  -6.7592023e+01   9.8402620e+01
   6.2923641e+01  -3.7277096e+01
   5.7546756e+01  -2.9157117e+01
   5.6934464e+01  -4.4815070e+01
   5.2456158e+01  -6.2230927e+01
  -1.1854552e+01   4.9453922e-01
   7.5596968e+01   4.5168690e-01
   4.8389520e+00  -4.0216650e+01
   1.5741692e+01  -5.0363186e+01
  -3.9099105e+00  -2.9066408e+01
  -5.6140489e+01   2.6154704e+01
