  -7.0802087e+01   2.9724651e+01
   2.4656980e+01  -4.8192533e+01
  -8.9844499e+01   3.5161288e+01
  -9.5709632e+01   5.3667399e+01
   3.5201825e+01  -7.0323966e+01
  -9.8796042e+01   3.0430235e+01
  -7.1384680e+01   3.9926179e+01
  -7.9117217e+01   5.4501022e+01
   4.4430615e+01  -4.6285568e+01
   4.6498975e+01  -5.6069324e+01
  -9.0485047e+01   4.5140752e+01
  -7.9230766e+01   2.4343445e+01
  -7.9859289e+01   3.4617601e+01
  -8.0499838e+01   4.4597065e+01
  -8.9880584e+01   2.5161353e+01
   3.7591146e+01  -6.0613608e+01
   2.8057074e+01  -5.7596753e+01
   3.5522783e+01  -5.0829854e+01
   4.7792258e+01  -6.5985417e+01
