  -6.7193398e+01   2.2548391e+01
   2.8001811e+01  -4.4044108e+01
  -9.1444569e+01   3.2331046e+01
   3.3590428e+01  -7.0006208e+01
  -7.3090625e+01   3.8454334e+01
  -8.1504227e+01   6.0886390e+01
   5.0120420e+01  -4.5206325e+01
   4.6169557e+01  -5.4392765e+01
  -9.0599621e+01   4.2239496e+01
  -7.6528279e+01   1.9108616e+01
  -8.1280053e+01   4.2940697e+01
  -9.1595243e+01   1.7573604e+01
   3.8775013e+01  -6.1455180e+01
   2.5933296e+01  -6.3574386e+01
   3.5050785e+01  -5.2174548e+01
   5.0973714e+01  -6.3163174e+01
  -9.1147882e+01   6.2405577e+01
  -6.4429803e+01   4.2676344e+01
  -7.5119681e+01   2.8701811e+01
  -6.4821918e+01   3.2651488e+01
  -7.4772168e+01   5.4329089e+01
  -8.8848375e+01   5.2771740e+01
  -9.9623382e+01   3.8099626e+01
  -8.4582246e+01   2.4869725e+01
   3.8517281e+01  -7.8708283e+01
   1.7733609e+01  -4.4939080e+01
   4.0208184e+01  -4.3607095e+01
   2.5087995e+01  -5.3610177e+01
   4.5442149e+01  -7.1493947e+01
  -9.7816136e+01   4.9014805e+01
  -9.8262335e+01   2.5026670e+01
  -6.6641389e+01   5.0873410e+01
  -8.1817080e+01   1.1680343e+01
  -8.0616754e+01   4.9671678e+01
