  -9.4172258e+01   2.6068925e+01
  -4.9213223e+01   7.4147394e+01
  -9.3442484e+00  -4.2409918e+01
  -1.3753415e+01   7.1155450e+01
   4.3588070e+01   8.1101739e+01
   4.9206867e+01   4.4591219e+01
  -3.2555824e+00   7.8450652e+01
  -1.1046849e+01   6.1508064e+01
  -1.9352919e+01  -3.0509758e+00
   3.6109523e+01   1.7521815e-01
  -2.9988432e+01  -5.2604309e+01
   6.5568882e+01  -5.5770112e+00
   1.5534289e+01  -6.5200529e+01
   1.3717080e+01   3.2369424e+01
  -1.7038620e+01   3.8672947e+01
  -6.9722358e+01   1.2409730e+01
  -7.4574207e+01   5.3455278e+01
   8.2466970e+01  -4.9900100e+01
   8.3636316e+01  -6.3927976e+01
   4.8644087e+01   1.4569765e+01
   1.6246822e+01  -1.3418560e+01
   2.3388152e+01  -5.9046626e+01
  -7.4290248e+00  -7.8153377e+01
   2.3601247e+01  -7.1101407e+01
  -5.2919755e+01  -5.7751340e+01
   4.5327925e+01  -1.0859953e+01
  -2.3572062e+01   4.6150359e+01
  -8.1625226e+01   3.9112623e+01
  -9.0629666e+01   9.7969286e+00
   2.6923078e+01  -1.9670930e+01
  -8.1330573e+01  -2.9640402e+01
   5.0048560e+01  -4.8632293e+01
  -2.2406127e+00  -1.4059132e+01
   1.5420699e+01  -3.3760939e+01
  -8.9820668e+01   5.6664494e+01
  -2.6295932e+01   4.1313456e+00
   7.6506874e+01  -4.1875829e+01
   2.7739100e+01  -8.1388698e+01
  -4.8908249e+01   1.6044034e+01
  -6.0474209e+01  -1.0627858e+01
  -8.5049645e+01  -9.4252312e+01
   7.9225831e+01   2.0643880e+01
   3.4727900e+01   5.5546095e+01
   9.4397846e+01  -7.2405946e+00
  -3.4801783e+01   2.7524371e+01
   1.0305981e+01   1.2428697e+01
  -3.3381546e+01   7.6851891e+01
   2.0593391e+01   4.0286375e+01
  -5.0449279e+01   8.7119032e+01
   5.3942082e+01  -2.9786523e+01
  -5.4597459e+00   5.3243600e+01
  -5.5392716e+01  -3.1893375e+01
  -3.5707393e+01  -2.4594573e+01
  -7.8507419e+01  -1.7346023e+01
   2.6320662e+01   8.9075879e+01
   6.0190639e+00   6.9142964e+01
  -5.3075685e+01   4.3643942e+01
  -6.8613793e+01  -4.5262506e+01
   5.9854419e+01  -8.8255854e+01
   2.9836066e+01   2.2860830e+01
   2.5464802e+01  -9.6873391e+00
   5.1519106e+01  -1.8697037e+01
  -8.4497657e+01  -6.4462979e+01
   8.3800712e+01  -3.5033292e+01
   1.1618646e+01  -4.3004944e+01
  -5.4140126e+00  -3.3226374e+01
  -1.7355852e+00  -2.3986283e+01
  -3.8140271e+01  -5.8328794e+01
  -8.5653964e+01   8.8380211e+01
  -1.1989232e+01  -8.7051889e+01
  -5.9338676e+01  -9.4986022e+01
   2.3896625e+00  -8.0031370e+01
   1.0316086e+01  -9.7641587e+01
  -2.4548959e+00  -9.2688273e+01
   9.1477108e+01   8.1083201e+00
   8.9351215e+01   3.9363785e+01
   8.6340519e+01  -1.3313139e+00
   3.9668642e+00   3.0195584e+01
   1.0261616e+01   2.2425325e+01
  -6.1937839e+01  -6.2114679e+01
   3.0378802e+01   4.2201865e+01
  -4.4082956e+01   7.2038689e+00
  -6.0374932e+01   8.8297080e+01
   9.6378725e+01  -9.6440432e+01
  -6.8588821e+01  -1.6331266e+01
  -5.2300772e+01   3.3703021e+01
  -7.1968069e+01   3.3462426e+01
  -2.6200638e+01   5.5712112e+01
  -6.5059923e+00   3.3931525e+01
  -4.3470576e+01  -1.8491642e+01
  -3.9851219e+01   3.6136439e+01
  -2.1466116e+01  -2.2885776e+01
  -5.2644614e+01  -2.2295200e+01
   1.5170581e+01   8.4411264e+01
  -9.9432393e+01   1.6890502e+01
   4.0453106e+01  -4.5819963e+01
   4.8123679e+01  -3.7951251e+01
   6.9167380e+01   4.8811890e+01
  -7.5244189e+01  -3.7679604e+01
   4.8372971e+01   3.4450840e+01
   2.4118670e+01   6.9428911e+01
  -7.2628973e+01   4.3435018e+01
   7.2621615e+01  -2.2289220e+01
   7.4216331e+01  -3.2148010e+01
  -9.8813801e+01   6.7960749e+01
  -9.4807684e+01  -5.9572484e+00
  -5.5708841e+01   5.3253185e+01
   1.8441260e+00   6.0058799e+01
   7.6479575e+01  -2.9693259e+00
  -3.2532446e+01   6.3408402e+01
  -8.9176008e+01  -5.5628767e+01
  -1.0586786e+00  -4.1720405e+00
   7.3694888e+01  -6.2880066e+01
   5.2145655e+01  -8.1195050e+01
   1.8430489e+01   6.6296750e+00
   8.0667331e+00  -7.8105732e+00
   4.2158824e+01  -8.0787625e+01
  -1.5867184e+00  -5.5866433e+01
  -1.0465693e+01  -9.8673839e+01
  -5.4933521e+01  -2.3758269e+00
  -2.6049586e+01  -6.1784310e+01
   1.7705427e+01  -5.0866211e+01
  -6.7395336e+01   2.2126674e+01
  -3.8241637e+01  -9.7396775e+01
  -5.8123938e+01  -8.5060293e+01
  -4.8631550e+01  -8.1934320e+01
   8.8922173e+01   1.8393326e+01
   2.3852976e+01   4.9735220e+01
   5.9293757e+01   2.5022691e+01
   5.6792041e+01  -1.0262099e+01
   6.8434581e+01   2.1525111e+01
   3.9522171e+01   4.6783996e+01
  -4.5780710e+01  -6.4742078e+01
  -6.9223865e+01  -5.5264852e+01
   1.4002030e+01   5.1318536e+01
  -2.9341831e+01   1.8317047e+01
  -3.5713744e+01   3.2108631e-02
  -3.2000122e+01   8.6754926e+01
  -2.4027204e+01   7.3377501e+01
  -1.2884011e+01   8.1107746e+01
  -9.8150442e+01  -2.2219931e+01
  -6.9222098e+01  -5.8901897e+00
   4.1475562e+01  -9.5821274e+01
  -6.6161753e+01  -3.3504082e+01
  -1.6360546e+01   5.3053896e+01
  -8.0167967e+01   1.0532800e+01
  -4.0930195e+01   9.1241826e+01
   5.9242803e+01   4.8562503e+01
   3.5419655e+01  -9.7857279e+00
   3.8927589e+01  -3.4042853e+01
   3.6314208e+01   8.8741951e+01
  -8.4033977e+00   9.7666534e+01
  -1.9261127e+01  -4.3489776e+01
  -2.4931792e+01  -3.2219760e+01
  -1.1687052e+01  -2.4942779e+01
  -6.8060780e+01   7.9683637e+01
   5.7344771e+01  -4.1800669e+01
   1.6566018e+01  -2.3364956e+01
   4.1747914e+01   6.2667814e+01
   4.6521452e+01   5.3971800e+01
  -7.9167362e+01  -6.5354387e+00
  -2.4822397e+01   2.7113481e+01
   2.6148496e+01   2.7936452e-01
  -4.2295351e+01   8.1344088e+01
  -7.7669919e+01   8.2378412e+01
   6.6933921e+01  -3.8993270e+01
  -7.9189312e+01  -5.5990313e+01
  -9.9590066e+01   9.6877052e+01
  -7.0306560e+01   8.9433573e+01
   4.4540828e+01   5.4878919e+00
   1.5002324e+01   7.3516072e+01
   5.4721134e+01   6.6594004e+00
  -8.8903128e+01   6.6621208e+01
  -8.6598626e+01  -3.8087324e+01
  -4.0310585e+01   6.9647678e+01
  -7.8721640e+01  -7.2834607e+01
   1.1095104e+01   9.3534225e+01
  -9.9729468e+01   5.8003438e+01
  -9.4402830e+01  -6.6755832e+01
   2.0011183e+01   2.4635441e+01
   9.7661928e+01  -1.9713922e+01
   8.2649447e-01   1.5562189e+01
  -8.5173202e+01   1.4364832e+00
   2.3414123e+01   1.5248664e+01
   8.7197226e+00  -8.7770629e+01
   3.8320782e+00  -3.6838112e+01
   7.5533485e+00  -2.7626594e+01
   6.9538981e+01  -9.0750213e+01
   3.1612082e+01  -6.4673667e+01
   6.4224840e+01  -5.9678584e+01
  -7.7105102e+01   2.0032596e+01
   1.0774992e+01   4.1899323e+01
   3.6335119e+01  -5.4951806e+01
   4.1401288e+01  -6.6651717e+01
   2.7652679e+01  -5.0016212e+01
   5.9523736e+00  -6.2401799e+01
   5.6807107e+01  -7.2353057e+01
   3.4664319e+01  -7.4180146e+01
  -7.3461194e+01   3.1401914e+00
   5.0241240e+01  -9.1009990e+01
  -3.9754782e+01  -7.7347317e+01
   9.3104565e+01  -2.8615044e+01
   7.2931452e+01  -5.2909885e+01
   6.3458592e+01  -4.9710159e+01
  -3.5621879e-02  -4.6018472e+01
  -1.1288244e+01  -5.8203126e+01
  -9.4116288e+01  -3.1495274e+01
  -2.0687231e+01  -1.2951880e+01
  -2.8514213e+01  -6.7703160e+00
  -7.1442431e+01  -7.9689059e+01
  -2.9225151e+01  -9.3072356e+01
  -6.7382730e+01  -8.8826407e+01
   7.0405207e+00  -1.7700952e+01
  -2.1135461e+01  -8.2495268e+01
   8.1511353e+01   7.4081417e+00
   6.9064043e+01   3.7347366e+00
   9.3084291e+01   4.8699756e+01
  -8.4576927e+00   4.3734066e+01
   9.6137127e-01   4.0452752e+01
   5.6842873e+01   3.9443390e+01
   2.3812505e+01   7.9405479e+01
   2.5578623e+01   5.9561209e+01
   6.3216545e+01   1.1855676e+01
   7.3135811e+01   1.2796517e+01
  -2.6979721e+01   3.6794482e+01
  -3.3397016e+01   4.4404041e+01
   2.6577975e+01   3.2300101e+01
  -6.0222280e+01  -5.0937482e+01
  -4.3291658e+01   4.5509464e+01
  -1.5599089e+01   9.0725754e+01
  -5.9534096e+01  -4.0979060e+01
  -3.9297925e+01   1.8613384e+01
  -2.2639108e+01   8.3264616e+01
   8.6646067e+01  -9.3448592e+01
   7.7313224e+01  -9.7039978e+01
   3.6920693e+01  -1.9663107e+01
   6.5780099e+01   5.8224825e+01
  -8.3484572e+01   4.8932329e+01
  -9.1197642e+01   3.6249606e+01
  -8.1221075e+01   2.9132231e+01
  -6.5177920e+01   5.0060520e+01
  -7.2257391e+01  -2.5589013e+01
  -6.2394628e+01  -2.4246649e+01
   3.9801648e+00   4.9966113e+01
  -6.2278675e+01   3.0633744e+01
  -3.9357092e+00   6.8490845e+01
   1.1837756e+01   6.1044391e+01
  -5.0611468e+01  -1.1613419e+01
  -3.7821396e+01  -1.0298061e+01
   3.8741875e+01   3.6827917e+01
   3.0424517e+01   9.8190650e+01
  -2.0700476e+01   6.3988167e+01
  -1.5068525e+01   2.8945914e+01
  -6.6296798e+01  -7.1115100e+01
  -8.8162397e+01  -2.2375465e+01
   3.3800644e+01   7.9065705e+01
  -6.2544562e+01   4.0523900e+01
  -4.5917730e+01   5.5131134e+01
  -5.4822785e+01   2.4047711e+01
   2.4458509e+01  -2.9468289e+01
  -5.8149493e+01   7.8557312e+01
  -3.4583236e+01  -3.4346394e+01
   6.3830393e+01  -1.7460329e+01
   7.2929179e+01  -1.2311387e+01
   4.4697938e+01  -2.5936640e+01
   6.3936032e+01  -2.9438722e+01
   3.4103715e+01   6.9077034e+01
  -6.2251748e+01   9.8114438e+01
  -8.6540434e+01   7.7772327e+01
  -8.6666918e+01   9.8324818e+01
  -4.5577618e+01  -2.9982907e+01
   4.6396926e+01   7.1507499e+01
   2.1760984e+01  -4.1474064e+01
   3.1729661e+01  -4.0917485e+01
  -7.3577470e+01  -6.4263042e+01
  -9.5625777e+01   8.7698185e+01
  -7.8058991e+01   7.2379888e+01
  -8.0630726e+01  -4.6101510e+01
   3.8951833e+01   2.6859007e+01
  -4.4984443e+00   8.8365387e+01
  -4.9082707e+01   9.7024398e+01
  -3.6020453e+01   5.4033134e+01
   8.4189624e+01  -2.4084795e+01
  -9.2426546e+01  -4.6182702e+01
  -1.5257480e+01  -3.4350797e+01
  -1.2727133e+00   5.8038815e+00
  -2.0049191e+01  -5.3439699e+01
   6.7106283e+00   7.9104528e+01
   4.8647213e+01   2.4516759e+01
   5.0632903e+01  -2.4193586e+00
  -5.0030052e+01   6.4206378e+01
   8.7759221e+01  -1.4743599e+01
  -4.5182603e+01   2.6689505e+01
  -4.0662592e+00   2.4257208e+01
  -9.8927229e+01  -5.7830755e+01
   3.1150279e+01   8.9186859e+00
   9.1108676e+01  -4.4869022e+01
   6.5003444e+01  -7.9684017e+01
   2.0418011e+01   9.7144637e+01
  -2.9933003e+01  -1.6588975e+01
   1.5076336e+00   9.6356966e+01
   5.5770852e+01   5.7750417e+01
   9.9219158e+00  -7.3463552e+01
   5.8490094e+01  -9.8162075e+01
  -2.7180738e+01   9.5523166e+01
  -1.1256616e+01  -9.8794881e+00
   6.6471645e+01  -6.9792995e+01
  -8.8516864e+01  -7.4839659e+01
  -9.7033051e+01   7.7799602e+01
   1.6836245e+01  -3.2036443e+00
  -7.9754178e+01   6.2295516e+01
   7.8150638e+00  -5.2323655e+01
  -2.7775814e+01  -7.3731164e+01
   2.6507014e+01  -9.2875574e+01
   1.6256951e+01  -8.1199015e+01
   4.5928248e+01  -5.7738610e+01
   5.4662994e+01  -6.2590315e+01
  -4.0203613e+01  -8.7406193e+01
  -5.4042794e+01   7.5169368e+00
  -4.5027722e+01  -3.3787802e+00
  -6.3566807e+01   4.5245786e+00
  -5.9980624e+01   1.5495320e+01
  -1.9261024e+01  -9.3915529e+01
  -3.4483487e+01   9.8635026e+00
   9.4386643e+01  -8.6640979e+01
  -2.9190115e+01  -4.2682736e+01
  -7.5379719e+01   9.8049903e+01
   3.5239294e+01  -8.8004397e+01
   9.8291391e+01  -7.7435144e+01
  -1.3467854e+01  -7.0184476e+01
  -9.3161995e+01   4.6424048e+01
   9.9473428e+01  -6.4025382e+01
  -4.4378432e+00  -6.5476968e+01
   9.1516164e+01  -7.0081591e+01
  -9.9452418e+00  -2.3580124e-02
   9.0128609e+01  -5.6323295e+01
  -8.7021978e+01   1.9103333e+01
   9.7804260e+01  -3.7441787e+01
  -8.7210831e+01  -1.2440482e+01
  -7.4695387e+01  -9.5643608e+01
  -4.9364950e+01  -9.1904381e+01
  -5.2027427e+01  -7.2533233e+01
  -3.1107108e+01  -8.3251092e+01
  -7.8854490e+01  -8.6402468e+01
  -3.6020361e+01  -6.8082399e+01
   9.9831031e+01   4.1318602e+01
   9.8168863e+01   3.1457716e+01
   9.8674597e+01   2.0500495e+01
   8.8578252e+01   2.8625766e+01
   6.1429772e+01   3.2818331e+01
