  -7.2575201e+01   2.7092395e+01
   2.7125229e+01  -4.3968760e+01
   3.8647890e+01  -6.6341151e+01
  -7.8705384e+01   7.6651867e+01
   5.4427713e+01  -3.4595034e+01
   4.2096910e+01  -5.6954764e+01
  -7.1226802e+01   1.7183722e+01
  -7.8739726e+01   3.4966313e+01
  -9.2451926e+01   1.9075903e+01
   2.8949957e+01  -6.3901868e+01
   5.0579808e+01  -6.3365060e+01
  -5.9564440e+01   4.2396356e+01
  -5.3071073e+01   2.4826412e+01
  -6.6117094e+01   4.9950344e+01
  -9.0674355e+01   5.5430901e+01
   3.0734010e+01  -8.7320777e+01
   1.6810553e+01  -4.2128258e+01
   3.7124453e+01  -4.3844178e+01
   3.0961574e+01  -5.4106288e+01
  -5.5838243e+01   5.3123039e+01
  -8.1286819e+01   8.2798408e+00
  -8.4345615e+01   4.7687730e+01
  -8.2537356e+01   6.1243751e+01
  -5.7891460e+01   3.6446161e+00
  -6.8797412e+01   3.6351352e+01
  -7.4961938e+01   4.4225267e+01
  -9.0881307e+01   5.4610124e+00
  -9.7946806e+01   4.0292841e+01
  -9.4659442e+01   3.0848624e+01
   4.6453693e+01  -4.7444910e+01
   2.6607868e+01  -7.8211718e+01
   2.7759959e+01  -3.3988924e+01
   5.0558324e+01  -8.4941250e+01
   5.4025182e+01  -5.3977334e+01
   1.0512585e+01  -5.0529831e+01
   2.0471626e+01  -5.1433984e+01
   1.0032781e+01  -6.6991571e+01
   6.2550723e+01  -7.0747297e+01
   4.4861663e+01  -3.7508913e+01
  -4.9907444e+01   4.4992975e+01
  -8.2355071e+01  -1.6629365e+00
  -7.5424678e+01   5.4214547e+01
  -8.6522442e+01   7.0415394e+01
  -6.2338476e+01   1.2601403e+01
  -6.2972443e+01   2.2912085e+01
  -5.9617192e+01   3.2386061e+01
  -4.7391378e+01   3.3194322e+01
  -9.8902105e+01   1.1433181e+01
  -8.1166625e+01   1.8279117e+01
   5.6800371e+01  -4.4323370e+01
   4.0715001e+01  -8.6704483e+01
   3.7294022e+01  -3.0972033e+01
   3.7163155e+01  -7.6774488e+01
   1.6834925e+01  -3.2128287e+01
   2.1053843e+00  -4.5115131e+01
   6.1313642e+01  -6.0824111e+01
   1.8158342e+01  -6.1162741e+01
   5.3729426e+01  -7.5457363e+01
   1.9623713e+01  -7.1054793e+01
  -9.5466022e+01   7.4888910e+01
  -8.8121467e+01   3.8427951e+01
  -8.5274171e+01   2.7396573e+01
