   5.7738302e+01  -1.1127007e+01
   4.3618365e+01  -5.1145461e+01
  -4.1156423e+01   6.8014046e+01
  -9.7909750e+01   5.7826998e+00
  -8.2123979e+01   8.0352238e+01
   6.2922040e+00  -8.4126097e+01
   5.7820375e+01  -9.1571676e+01
   5.3593197e+01  -5.0543937e+01
  -1.1535028e+01  -6.7375593e+01
   7.9244274e+01  -6.5020395e+01
  -3.0169126e+01   4.2298216e+01
  -9.1329345e+01  -1.4630639e+01
  -4.1422590e+01   3.4438473e+01
   4.8577672e+01  -3.2365674e+01
   3.6469551e+01  -8.9103381e+01
  -8.8333293e+01   2.3807608e+01
  -5.5944606e+01   5.3152350e+01
  -6.1380525e+01   3.4343462e+01
  -9.9714714e+01   8.8156292e+01
  -4.8947276e+01  -1.9195733e+01
  -6.5888946e+01  -9.4313629e-01
  -7.7796640e+01   3.5452400e+01
  -3.6061935e+01   2.0677305e+01
   4.5129403e+01  -8.0298921e+01
   2.9471383e+01  -9.7382512e+01
   2.5753083e+01  -2.0200449e+01
   6.1450935e+00  -1.6252359e+01
   3.3847314e+01  -4.0194146e+01
   2.3900887e+01  -3.9222307e+01
   8.7337931e+00  -3.7456314e+01
   7.5441520e+01  -4.7699775e+01
   1.6155931e+01  -6.4173252e+01
   3.5285456e+01  -6.9195991e+01
   5.0957578e+00  -6.6983442e+01
   4.8040052e+01  -7.0719944e+01
   4.2078814e+01  -6.1857824e+01
  -2.1862602e+01   5.6711468e+01
  -9.6508032e+01   5.5336153e+01
  -7.4767440e+01  -5.2801723e+00
  -8.1114494e+01  -2.5096220e+01
  -4.0741485e+01  -6.5506376e+00
  -1.5621430e+01   2.8965590e+01
  -6.2614873e+01   7.9808396e+01
  -8.3519153e+01   6.2145989e+01
  -6.8900964e+01   8.4449520e+00
   7.9277465e+01  -2.6618286e+01
  -5.3075003e+01   1.6381569e+01
  -6.8399735e+01   2.6217071e+01
   3.9811760e+01  -6.6906225e+00
   3.7179777e+01  -1.9325853e+01
   1.6318848e+01  -1.6884547e+01
  -1.5589624e+01  -5.2448329e+01
   2.3731209e+01  -4.9212585e+01
  -8.9635955e+00  -3.2899273e+01
   2.5766470e+01  -8.8098117e+01
   6.4887697e+01  -7.8545173e+01
  -4.9931740e+01   6.1134635e+01
  -3.9888310e+01   4.4263565e+01
  -4.3177676e+01   7.7786276e+01
  -2.1225947e+01   4.6732831e+01
  -7.8000515e+01   4.1636246e+00
  -6.6593412e+01  -2.5470531e+01
  -3.1648490e+01   3.2425965e+01
  -8.9113213e+01   9.1835942e+01
  -8.1633800e+01  -1.2418327e+01
  -4.6379968e+01   1.6813582e+00
  -8.8319756e+01  -4.6400936e+00
  -3.4319365e+01   3.7629234e+00
  -7.3641908e+01  -1.8394350e+01
   6.9466510e+01  -2.8554355e+01
  -9.7792712e+01   7.3618405e+01
  -9.3163709e+01   6.4758621e+01
  -4.5016422e+01   2.5136169e+01
   5.9668239e+01  -3.0552802e+01
   6.1375442e+01  -5.6814865e+01
  -5.2677107e+01   8.0883745e+01
  -6.4498166e+01  -1.0787806e+01
   4.3798009e+01  -4.1147458e+01
   6.4167704e+01  -4.2109866e+01
  -9.7436602e+01   3.6298337e+01
  -5.1364941e+01   3.3476937e+01
  -6.9244332e+01   4.0460446e+01
   3.5122611e+01  -7.9194575e+01
   2.5178996e+01  -7.8120320e+01
   3.8736087e+01  -2.9203939e+01
  -6.0006708e+01   4.4160027e+01
   3.3673306e+01  -5.0190626e+01
   4.6641736e+01  -2.2558360e+01
   2.3244415e+01  -5.1606728e+00
   7.6804012e-01  -3.0609385e+01
   1.2693582e+01  -7.5648133e+00
   5.1989328e+01  -6.0523429e+01
  -1.8662095e+01  -3.8505665e+01
   1.5230202e+01  -7.7111405e+01
   4.6407256e+01  -9.0217731e+01
   5.7879506e+01  -6.8604585e+01
   8.7986784e+01  -6.0168469e+01
   1.5498767e+01  -9.7177404e+01
   6.7871789e+01  -6.8996892e+01
   5.4895550e+01  -7.8148986e+01
   5.4949513e+00  -5.6991633e+01
  -9.3322797e+00  -7.7128550e+01
  -3.0372438e+01   6.3896188e+01
  -5.0739823e+01   7.1085255e+01
  -2.2086217e+01   3.6526366e+01
  -3.8669477e+01   5.8365862e+01
  -3.0797632e+01   5.2249048e+01
  -5.8931494e+01  -1.9059466e+01
  -2.5900598e+01   2.4280943e+01
   7.3204698e+01  -3.7829350e+01
   7.1771133e+01  -1.8823553e+01
  -9.4745845e+01   1.6155839e+01
  -9.7994875e+01   2.6317032e+01
  -7.4504948e+01   1.6572363e+01
  -7.8537075e+01   2.5590727e+01
  -2.9948416e+01   1.2757077e+01
   5.6528441e+01  -2.1058523e+01
  -3.9342680e+01  -1.6439939e+01
  -5.3870879e+01  -1.0437255e+01
  -9.1102946e+01  -2.4621403e+01
  -7.8772081e+01   7.0937228e+01
  -8.4304875e+01   1.4661783e+01
  -5.8308035e+01   8.9135810e+01
   7.4633562e+01  -9.5011615e+01
  -6.8067381e+01   9.1298096e+01
   6.7256307e+01  -8.8260608e+01
  -4.3407361e+01   1.3899639e+01
  -9.0375631e+01   4.3375083e+01
  -5.7996270e+01   2.5032519e+01
   1.5096231e+01  -5.4231907e+01
   5.4287918e+01  -4.0571380e+01
   3.9386695e+01  -9.8669258e+01
   2.8822451e+01  -3.0515400e+01
  -7.6955177e+01   5.4619419e+01
   1.7600676e+01  -3.1471222e+01
   4.7853055e+01  -1.2633894e+01
  -8.7624313e+01   3.3771442e+01
   3.1017702e+01  -1.1450946e+01
  -8.7924002e+01   5.3484579e+00
   9.4624151e+00  -2.5678191e+01
  -8.0056677e+01   4.5140173e+01
  -6.4125953e+01   1.7181265e+01
   2.3217799e+00  -7.0165657e+00
  -3.6674015e+00  -2.1491103e+01
  -7.2309397e+01   8.2244092e+01
  -9.2016099e+01   8.1778297e+01
   1.2769054e+00  -4.4119248e+01
  -9.6668314e+00  -4.2873660e+01
  -5.1396736e+00  -5.1789223e+01
  -8.6851391e+01   5.2723831e+01
  -2.6271687e+01  -4.4993538e+01
  -6.7934336e+01   5.0318256e+01
   4.9319731e+01  -9.9816874e+01
  -4.6179359e+01   5.1881312e+01
   8.3160078e+01  -4.0733384e+01
   7.1064006e+01  -5.9274160e+01
   2.5338619e+01  -6.8127109e+01
   3.0826255e+01  -5.9773038e+01
   5.3660195e+00  -9.4082880e+01
   8.5004452e+01  -5.0623706e+01
   5.9271641e-01  -7.5911228e+01
  -3.3566618e+00  -6.1628604e+01
  -3.6320886e+00  -8.5343798e+01
   1.5810670e+01  -8.7182662e+01
  -5.6017669e+01  -6.8731003e-01
