   1.7510000e+03
   1.5910000e+03
   1.6750000e+03
   1.6870000e+03
   1.7210000e+03
   1.6470000e+03
   1.7730000e+03
   1.7230000e+03
   1.7110000e+03
   1.7750000e+03
   1.7470000e+03
   1.6590000e+03
   1.5370000e+03
   1.6130000e+03
   1.7070000e+03
   1.5470000e+03
   1.7770000e+03
   1.7650000e+03
   1.6710000e+03
   1.6510000e+03
   1.5690000e+03
   1.6610000e+03
   1.5530000e+03
   1.6770000e+03
   1.5490000e+03
   1.6670000e+03
   1.6930000e+03
   1.7090000e+03
   1.7130000e+03
   1.7150000e+03
   1.5850000e+03
   1.5710000e+03
   1.5590000e+03
   1.7630000e+03
   1.6990000e+03
   1.6330000e+03
   1.6270000e+03
   1.7370000e+03
   1.6430000e+03
   1.6650000e+03
   1.7670000e+03
   1.7410000e+03
   1.6810000e+03
   1.6170000e+03
   1.6690000e+03
   1.5450000e+03
   1.5570000e+03
   1.6970000e+03
   1.6570000e+03
   1.6950000e+03
   1.5750000e+03
   1.5810000e+03
   1.5990000e+03
   1.7430000e+03
   1.7390000e+03
   1.6370000e+03
   1.7450000e+03
   1.7490000e+03
   1.7550000e+03
   1.7690000e+03
   1.7290000e+03
   1.7610000e+03
   1.5020000e+03
   1.6070000e+03
   1.6890000e+03
   1.7810000e+03
   1.5140000e+03
   1.6390000e+03
   1.5180000e+03
   1.6530000e+03
   1.6550000e+03
   1.6790000e+03
   1.5360000e+03
   1.5380000e+03
   1.6630000e+03
   1.7030000e+03
   1.5480000e+03
   1.5500000e+03
   1.6730000e+03
   1.6850000e+03
   1.6830000e+03
   1.5580000e+03
   1.7010000e+03
   1.7270000e+03
   1.7050000e+03
   1.5700000e+03
   1.7190000e+03
   1.7170000e+03
   1.5780000e+03
   1.5800000e+03
   1.5820000e+03
   1.7250000e+03
   1.7310000e+03
   1.5940000e+03
   1.5960000e+03
   1.5980000e+03
   1.6000000e+03
   1.7570000e+03
   1.6040000e+03
   1.7790000e+03
   1.7330000e+03
   1.6100000e+03
   1.7350000e+03
   1.6140000e+03
   1.6160000e+03
   1.7530000e+03
   1.6240000e+03
   1.7710000e+03
   1.6280000e+03
   1.6320000e+03
   1.6340000e+03
   1.6360000e+03
   1.6380000e+03
   1.7830000e+03
   1.6420000e+03
   1.6460000e+03
   1.6500000e+03
   1.6520000e+03
   1.6540000e+03
   1.6560000e+03
   1.6580000e+03
   1.6600000e+03
   1.6620000e+03
   1.6640000e+03
   1.6660000e+03
   1.6680000e+03
   1.6700000e+03
   1.6720000e+03
   1.6740000e+03
   1.6760000e+03
   1.6780000e+03
   1.6800000e+03
   1.6820000e+03
   1.6840000e+03
   1.6860000e+03
   1.6880000e+03
   1.6920000e+03
   1.6940000e+03
   1.6960000e+03
   1.6980000e+03
   1.7000000e+03
   1.7020000e+03
   1.7040000e+03
   1.7060000e+03
   1.7080000e+03
   1.7100000e+03
   1.7120000e+03
   1.7140000e+03
   1.7160000e+03
   1.7180000e+03
   1.7200000e+03
   1.7220000e+03
   1.7240000e+03
   1.7260000e+03
   1.7280000e+03
   1.7300000e+03
   1.7320000e+03
   1.7360000e+03
   1.7380000e+03
   1.7400000e+03
   1.7420000e+03
   1.7440000e+03
   1.7460000e+03
   1.7480000e+03
   1.7500000e+03
   1.7520000e+03
   1.7540000e+03
   1.7560000e+03
   1.7600000e+03
   1.7620000e+03
   1.7640000e+03
   1.7660000e+03
   1.7680000e+03
   1.7700000e+03
   1.7720000e+03
   1.7740000e+03
   1.7760000e+03
   1.7780000e+03
   1.7800000e+03
   1.7820000e+03
