   3.0686612e+01  -7.8967146e+00
  -1.9464023e+01  -1.9741451e+01
   6.9468835e+00   2.5709790e+01
   2.4363462e+00  -2.5263577e+01
   3.1306435e+01   5.2539546e+01
  -1.2988551e+01   3.6037297e+01
   4.8772145e+01  -3.1883350e+01
  -1.3619406e+01  -3.8854837e+01
  -8.3983653e+00  -6.0043774e+01
  -2.3495237e+01  -3.6242251e+01
  -2.8265041e+01   6.9972408e+00
  -4.2819499e+01  -8.8609168e+00
  -1.9849396e+01  -1.9283853e-01
   1.0024543e+01   3.5222521e+01
   3.9522070e+01   8.6119955e+00
  -2.2500577e+01   3.9122811e+01
   5.3759228e+00  -4.4711680e+01
  -3.6933177e+01  -1.6941861e+01
  -5.7918066e+01  -3.0232121e+01
   4.8164542e+01   3.6690897e+01
  -2.9134616e+01  -3.8923415e+00
  -6.8544496e+00   5.1531035e+01
   5.8865558e+01  -1.3728805e+01
   2.1924192e+01   4.9079782e+01
   3.7393124e+01   3.5791040e+01
   2.6162398e+01  -4.3228378e+01
   2.5769004e+01  -1.6603781e+01
   6.1015910e+00  -1.5959619e+01
  -1.6355739e+01  -2.9240896e+01
  -1.0977857e+01  -5.0384946e+01
  -5.0511533e+01  -2.4719754e+00
  -4.9278748e+01   1.6114952e+01
  -2.9219286e+01   2.0313837e+01
   1.8992362e+01  -5.7022775e+01
   1.6826661e+01  -4.6812123e+01
   6.7344706e+01   9.8545049e+00
   3.4967743e+01   2.2608016e+01
  -4.6308061e+01  -2.0418841e+01
   3.0807414e+01   1.3514802e+01
   2.5012702e+01   2.1664317e+01
   3.8202113e+01  -1.3003860e+00
  -2.2628418e+01   5.2359634e+01
   4.3819459e+00  -6.1086659e+00
   6.5534531e+01   1.9734235e-02
   1.5495345e+01   6.3086000e+01
  -3.9052611e+01   4.1035832e+01
   5.8747764e+00   1.2952350e+01
   2.8556976e+01  -3.3519443e+01
   2.8145726e+01  -6.2561675e+01
   1.5876844e+01  -1.8067270e+01
  -2.9916716e+01  -6.4273039e+01
   2.1957324e+01  -2.6006588e+01
  -4.4414547e+00  -4.2818547e+01
   3.2244127e+01  -2.4224131e+01
  -4.9526704e+01   2.6110537e+01
  -5.9293758e+01   2.3805557e+01
  -6.1159542e+01  -7.9061069e+00
  -4.5722943e+01   6.7713876e+00
  -5.2194943e+01  -1.2335874e+01
  -1.6865175e+01  -1.0086300e+01
   2.1057841e+00  -3.5260633e+01
  -1.1626291e+00  -5.2275202e+01
  -2.8914766e+01  -2.3640527e+01
  -2.7461226e+01  -1.3746754e+01
   1.2364286e+01  -6.4801123e+01
   4.7446201e+01   2.5131502e+00
  -5.8319238e+01  -2.0240438e+01
   5.1598560e+01   2.2020110e+01
  -3.3460607e+01  -3.5415773e+01
  -3.0006539e+01  -4.4797635e+01
   1.2070386e-01   3.3017301e+01
   2.0947814e+01   1.1849238e+01
   2.0686834e+01  -7.9494888e+00
  -1.2264841e+01   5.9940936e+01
   1.8732983e+01   2.9499505e+01
   5.7047398e+01   5.3078760e+00
  -4.7803625e+00   4.1748592e+01
   2.9194213e+00   5.3645565e+01
   5.4138752e+01  -4.9166791e+00
   8.5593755e+00   3.3195149e+00
  -2.8891403e+01   3.1431440e+01
  -3.8883532e+01   3.1037274e+01
   4.9931201e+00   4.3863436e+01
   3.8616074e+01   4.5715655e+01
  -1.5063469e+01   4.5819650e+01
   3.8556595e+01  -3.3604015e+01
   4.2243660e+01  -2.4308519e+01
   3.6246706e+01  -4.3416816e+01
   2.9502121e+01  -5.2654128e+01
   9.5223693e+00  -5.3810973e+01
   1.2566559e+01  -3.7764979e+01
   1.2115310e+01  -2.7775900e+01
  -1.8144435e+01  -5.7511058e+01
  -4.0637036e+01   2.1192238e+01
  -6.1706787e+01   1.4101223e+01
  -6.7284493e+01  -1.5810779e+01
  -5.5699378e+01   6.1073882e+00
  -3.6991738e+01   1.1880336e+01
  -3.8312678e+01   6.3850822e-02
  -6.3833502e+00  -2.9976173e+01
  -3.6725143e+00  -6.8855177e+01
  -2.0150561e+01  -4.6423054e+01
  -5.2932468e+00  -1.1398031e+01
  -9.4924132e+00  -2.0472565e+01
   2.9687782e+00  -6.1379515e+01
   5.8857428e+01   1.5142505e+01
   2.8621185e+01   3.0990244e+01
   4.3479112e+01   2.7856663e+01
   1.5153206e+01   1.9997957e+01
  -2.7688017e+01  -5.4524743e+01
   3.7443777e+01  -1.5512884e+01
   2.9466214e+01   3.5946712e+00
   5.6335957e+01   3.0826687e+01
   4.4850851e+01  -8.7886699e+00
  -4.7919059e+01  -3.0287391e+01
   4.8764203e+01   1.2430287e+01
  -8.0949001e+00   2.7316128e+01
  -3.7764522e+00   6.5227435e+01
  -2.1973232e+01   6.2338147e+01
  -1.2431157e+00   1.9975847e+01
   7.2223652e+01  -7.4135270e+00
  -1.3625475e+00   2.0796220e+00
   2.5128654e+01   6.0402966e+01
   4.9633162e+01  -1.7571001e+01
  -1.9379402e+01   2.8346310e+01
  -3.8545249e+01  -2.6808086e+01
  -3.0437445e+01   4.6113114e+01
   1.9063540e+01   3.9498050e+01
   1.2917230e+01   5.3424058e+01
   1.9412089e+01   1.9685685e+00
   2.8873185e+01   4.1631370e+01
   4.5421648e+01   5.3042416e+01
  -1.0163001e+01  -2.6653578e+00
