  -9.7008916e+01   2.3268875e+01
  -4.7362406e+01   8.2808755e+01
   4.9172191e+01   8.8931860e+01
  -7.4723678e+00   8.2183434e+01
  -1.0367540e+01   6.2398531e+01
  -2.7497083e+01  -7.5509438e+00
   3.5668600e+01   2.7365758e-01
  -2.9474958e+01  -6.0107295e+01
   9.6294942e+00  -6.5048433e+01
   1.3661426e+01   2.6696506e+01
  -7.0492284e+01   1.1903240e+01
  -7.7306893e+01   4.6135415e+01
   8.5410465e+01  -4.9206645e+01
   8.3891732e+01  -6.5514573e+01
   4.7166872e+01   1.5136076e+01
   2.0618183e+01  -1.2102915e+01
  -6.8223802e+00  -7.7334777e+01
  -4.7962504e+01  -6.2038696e+01
  -2.0879778e+01   4.3698144e+01
  -8.1920582e+01   3.7210682e+01
  -9.6173016e+01   1.2389021e+01
   2.8044618e+01  -1.9242122e+01
   5.1847887e+01  -4.2054882e+01
   8.2235942e-01  -1.2318706e+01
   1.6417203e+01  -3.5271823e+01
  -9.8205303e+01   5.5483462e+01
  -2.3154785e+01   1.4517230e+00
   2.8038612e+01  -8.4763446e+01
  -5.1524695e+01   1.7175629e+01
  -6.4795338e+01  -8.1050021e+00
  -8.5887172e+01  -9.5380267e+01
   8.0536867e+01   2.1060698e+01
   9.9848230e+01  -1.1024185e+01
  -3.4531353e+01   2.7174956e+01
   2.7706097e+01   3.8306999e+01
   5.1717844e+01  -3.2098882e+01
  -4.4527891e+00   5.3731678e+01
  -5.4903468e+01  -3.2751139e+01
  -3.6547135e+01  -2.2937198e+01
   2.1643809e+01   9.9383065e+01
  -5.2105563e+01   4.4052594e+01
   5.7200870e+01  -9.8859714e+01
   3.5176547e+01   2.0909660e+01
  -2.8007112e+00  -3.1183565e+01
  -3.8990711e+01  -5.8640773e+01
  -8.1726416e+01   9.7628348e+01
   1.7312236e+00  -8.2297055e+01
   1.5122057e+00  -9.4634435e+01
   9.7209747e+01   4.3961756e+01
  -1.5759799e-01   3.3917337e+01
  -6.5336129e+01  -6.4405825e+01
  -6.4113575e+01   9.3117760e+01
   9.6510722e+01  -9.8655577e+01
  -7.1862639e+01  -1.4977277e+01
  -5.6239688e+01   3.5039216e+01
  -7.6322593e+01   2.8680542e+01
  -4.6039482e+01  -2.0194505e+01
  -3.4615557e+01   3.7140025e+01
  -1.8790736e+01  -2.3480700e+01
  -5.6110329e+01  -1.2940755e+01
   3.7270368e+01  -4.5121852e+01
   7.2037756e+01   5.3072154e+01
  -7.8860185e+01  -3.1380322e+01
   4.8482755e+01   3.4084896e+01
  -7.2016756e+01   3.7867977e+01
   7.1414234e+01  -2.2324719e+01
  -5.6857313e+01   5.2564428e+01
  -4.2904636e-01   6.2602862e+01
   7.5668853e+01   3.7977099e+00
  -3.0900616e+01   6.7407796e+01
  -9.5204995e+01  -5.9420239e+01
   4.1758482e+00  -2.4903960e+00
   6.6929175e+01  -5.8873832e+01
   1.8199641e+01   9.3310396e+00
   1.0932535e+01  -9.7981282e+00
   4.0110783e+01  -8.5720437e+01
  -4.9751712e-02  -5.8350170e+01
  -5.6453735e+01  -2.8674847e+00
  -2.1879712e+01  -6.6056083e+01
   1.9965250e+01  -5.6702189e+01
  -6.9114404e+01   2.1780609e+01
  -6.0053360e+01  -8.2157847e+01
  -4.8895697e+01  -8.6158010e+01
   9.2498796e+01   1.7684198e+01
   5.7250600e+01   1.4667780e+01
   5.9657334e+01  -7.6217359e+00
   4.4131969e+01   4.2971008e+01
   1.6822132e+01   5.3695641e+01
  -2.9591507e+01   1.6792817e+01
  -3.7122315e+01  -3.1372611e+00
  -3.7783634e+01   8.5894095e+01
  -1.7927255e+01   7.4878342e+01
  -1.2042562e+01   4.7653440e+01
  -4.4298128e+01   9.3457450e+01
   4.0908643e+01  -7.9816639e+00
   4.2220005e+01  -3.5183661e+01
   3.5355875e+01   9.1676759e+01
  -1.3108402e+01  -4.1325595e+01
  -2.1704478e+01  -3.5516526e+01
  -8.9030752e+00  -2.2126591e+01
  -6.7720080e+01   8.3527130e+01
   4.4925103e+01   6.2721238e+01
   5.3957021e+01   5.1829912e+01
  -8.1280459e+01  -1.1895868e+01
  -2.4815867e+01   2.5233642e+01
  -8.0983222e+01   8.4221241e+01
   7.1415195e+01  -3.6362794e+01
  -8.4790982e+01  -6.3090368e+01
  -9.9360652e+01   9.7963045e+01
   4.7490720e+01   5.1528904e+00
   1.1453248e+01   7.2339752e+01
  -8.8442239e+01  -3.0055465e+01
  -3.5719019e+01   7.6134473e+01
  -7.8364654e+01  -7.6199946e+01
   9.8226496e+01  -2.0891750e+01
   1.0073355e+01   1.7030289e+01
  -9.3512298e+01   1.0401313e+00
   1.9697340e+01   1.9195586e+01
   9.4572806e+00  -8.8541429e+01
   1.0303196e+01  -2.7137053e+01
   6.7382647e+01  -9.5038719e+01
   2.9468921e+01  -6.6814616e+01
  -7.8328549e+01   1.8091113e+01
   3.9449390e+01  -6.7272050e+01
   5.1778767e+01  -7.0585824e+01
  -7.3945880e+01  -4.2278289e+00
   6.5996463e+01  -4.5254308e+01
   5.7055451e+00  -4.5878923e+01
  -9.9032267e+00  -5.9966420e+01
  -7.0186145e+01  -8.1662069e+01
  -3.0078197e+01  -9.2796431e+01
  -6.8316172e+01  -9.1307661e+01
   9.7424753e+01   5.3959029e+01
   6.3482281e+01   4.4484383e+01
   6.5219798e+01   8.6253472e+00
  -6.3636287e+01  -5.5520689e+01
  -6.2759816e+01  -3.8525759e+01
  -4.2575821e+01   2.1437604e+01
  -2.6506261e+01   7.9803836e+01
   8.6512445e+01  -9.8841152e+01
   3.8133687e+01  -1.7507190e+01
   6.6575867e+01   6.5117596e+01
  -8.7186492e+01   4.5703061e+01
  -9.1887847e+01   3.6889988e+01
  -8.6348072e+01   2.8270419e+01
  -6.8361921e+01   5.0454090e+01
  -7.9239637e+01  -2.1588126e+01
  -6.5360896e+01  -2.2385807e+01
  -6.5232870e+01   3.0883001e+01
  -8.4115337e+00   7.2182163e+01
   1.8304672e+01   6.3062979e+01
  -4.6481857e+01  -1.0508708e+01
  -3.6871133e+01  -1.3018373e+01
   3.7627666e+01   3.5360313e+01
  -2.1135433e+01   6.5432566e+01
  -9.5443600e+00   3.6594412e+01
  -6.4603132e+01  -7.3679656e+01
  -8.9107565e+01  -2.0164702e+01
   3.2971616e+01   8.1997417e+01
  -6.3012977e+01   4.2168048e+01
  -4.7186266e+01   5.4897757e+01
  -5.7519859e+01   2.4885983e+01
   2.4445242e+01  -2.9296287e+01
  -5.4689126e+01   7.5867770e+01
  -3.0188389e+01  -4.0610153e+01
   6.2573794e+01  -1.7177933e+01
   6.9620096e+01  -1.0087714e+01
   4.4446378e+01  -2.5247441e+01
   6.2774234e+01  -2.7276688e+01
   3.3939831e+01   6.4062302e+01
  -9.0955733e+01   8.1947999e+01
  -4.5536585e+01  -2.9991696e+01
   5.7211246e+01   7.0872806e+01
   2.4251016e+01  -4.2319870e+01
   3.2310583e+01  -3.6466538e+01
  -7.4328070e+01  -6.7556153e+01
  -8.4514166e+01   7.4353870e+01
  -8.5925263e+01  -4.2864110e+01
   4.2502206e+01   2.6679450e+01
  -3.2395097e-01   8.9170487e+01
  -3.7286701e+01   5.4318739e+01
   8.6507731e+01  -2.1429650e+01
  -1.2714063e+01  -3.1349526e+01
   8.0494650e+00   7.3126656e+00
  -1.9067504e+01  -5.5989174e+01
   1.3342682e+01   8.7106889e+01
   5.1918003e+01   2.3920543e+01
   5.0195986e+01  -4.4642594e+00
  -5.0074252e+01   6.4430209e+01
   8.9617307e+01  -1.1926831e+01
  -4.8516886e+01   2.9079312e+01
   4.1715447e+00   2.5052803e+01
   2.7474117e+01   5.5983239e+00
   9.0651439e+01  -4.0696422e+01
   6.5042574e+01  -8.1122661e+01
  -2.8091886e+01  -1.7666441e+01
   5.7263758e+01   6.1167100e+01
   8.4743772e+00  -7.4944858e+01
  -2.8522112e+01   9.9510998e+01
  -9.1537448e+00  -1.2166096e+01
   7.1002396e+01  -6.8001547e+01
  -8.9887746e+01  -8.5194735e+01
   2.3841417e+01  -3.0970688e+00
  -9.0184126e+01   6.5433605e+01
   9.4009119e+00  -5.5103657e+01
  -2.6716887e+01  -7.4748910e+01
   1.6254969e+01  -8.1210256e+01
   4.7608631e+01  -6.1509518e+01
   5.7565943e+01  -6.2426616e+01
  -3.9698850e+01  -9.0051530e+01
  -5.6474519e+01   7.0522108e+00
  -4.6771200e+01  -8.8354818e-01
  -6.5517328e+01   2.9899133e+00
  -6.1321164e+01   1.5668525e+01
  -1.8979663e+01  -9.3068584e+01
  -4.6832925e+01   8.6842158e+00
  -3.1021513e+01  -5.0397980e+01
   3.8968799e+01  -9.5653572e+01
  -1.2757370e+01  -6.9499998e+01
  -9.7130561e+01   4.5543997e+01
  -2.9099816e+00  -6.7935721e+01
   9.4777817e+01  -7.7427859e+01
  -1.5372661e+01  -4.4212927e+00
  -8.8262042e+01   1.8472833e+01
  -9.1139338e+01  -1.0420618e+01
  -5.1835156e+01  -7.6675532e+01
  -3.2418816e+01  -8.3136772e+01
  -7.9885699e+01  -8.5905918e+01
  -3.4559756e+01  -6.8686791e+01
   8.8323270e+01   2.7325495e+01
   6.0036804e+01   3.4105872e+01
   5.3985332e+01   4.2022254e+01
   1.3866594e+01   4.4619324e+01
   3.4186685e+01   5.4432702e+01
  -5.6097046e+01  -6.7731837e+01
  -7.2092221e+01  -5.7144534e+01
  -6.9214371e+01  -4.7833991e+01
  -1.0050333e+01   9.1895634e+01
   6.3587820e+01   5.4322266e+01
   7.5904886e+01   6.1586028e+01
   3.4569450e+01  -2.6787072e+01
  -2.8483649e+01   8.9543110e+01
  -4.0176359e+01   6.3821849e+01
  -5.5527915e+01  -2.2869412e+01
   9.1185097e+01  -8.9994679e+01
  -1.7138748e+01   8.4844231e+01
  -9.5144998e+01  -3.7261963e+01
  -7.7618455e+01   5.0326192e+00
  -8.4175771e+01  -2.4248327e+00
  -6.9147675e+01  -3.1413259e+01
  -7.6979751e+01   5.6014005e+01
  -8.6937736e+01   8.5731645e+00
   4.8340988e+01  -1.4425618e+01
   5.9181382e+01  -5.2560052e+01
   5.4090418e+01  -2.2447586e+01
   4.3698887e+01   9.7275030e+01
   4.9229287e+01  -5.1666147e+01
   7.8535991e+01  -2.9337209e+01
  -9.9823916e+01  -1.6342921e+01
   6.0442236e+01  -3.6966675e+01
  -2.1392792e-01   1.6297699e+01
  -7.3952203e+01   9.1343449e+01
   1.8856925e+01   3.4831730e+01
   1.8326883e+01  -2.1509905e+01
   3.8566937e+01   9.8019763e+00
   1.4320670e+01  -3.7619267e-01
   3.1143862e+01  -9.7887856e+00
  -3.6201025e+01  -3.2860532e+01
  -1.8803782e+00   6.5839297e+00
   5.4193975e+01   8.0302419e+01
  -5.7887330e+01   8.5306538e+01
   7.9490172e+01  -5.4318870e+00
   7.8563582e+01  -1.5371513e+01
   8.9910145e+00   5.9753755e+01
   4.7357585e+01   7.2313422e+01
  -5.4223555e+01   9.4596325e+01
  -9.9595170e+01   8.6949599e+01
   5.7414044e+01   2.4088725e+00
  -7.4734754e+01   7.6409429e+01
   9.7283545e+01  -1.3587640e+00
  -9.5873397e+01  -6.9318751e+01
  -4.5141219e+01   7.3063893e+01
   2.0386389e+01   8.0346882e+01
   1.4897349e+00   7.2171651e+01
   5.4873153e+00   8.1113311e+01
   3.9745114e+01  -5.4799161e+01
  -3.1145998e+00  -4.1176989e+01
   7.7379015e+01  -9.4769240e+01
  -8.9903529e+01   9.1879937e+01
   9.2122562e+00   3.6148401e+01
   1.9476153e+01  -6.6750093e+01
   2.9960919e+01  -5.6829078e+01
   4.4046549e+01   5.2878251e+01
   1.6351813e+00  -2.2256758e+01
   5.9120463e+00  -3.5977110e+01
  -5.6625478e+00   2.5653918e+01
   7.6913682e+01  -5.8356330e+01
   6.1712304e+01  -7.1694993e+01
   5.3254764e+01  -8.0472242e+01
  -7.4656966e+01  -4.0071755e+01
   4.3616455e+01  -7.6358328e+01
  -8.8114735e+01  -7.5403865e+01
   8.0332978e+00   9.5421600e+01
   4.8978786e+01  -9.0341845e+01
   1.7336429e+01  -9.4649167e+01
  -9.7038253e+01   7.3986641e+01
  -6.4323285e+00  -5.0606747e+01
   5.8888516e+01  -8.9003531e+01
   2.4419353e+01  -7.5442392e+01
  -8.0157118e+01   6.5416368e+01
  -3.8044659e+01  -9.9907398e+01
   2.9012961e+01  -9.4715410e+01
   1.5606459e+01  -4.7288867e+01
  -2.1741552e+01  -4.6357501e+01
  -2.7789625e+01  -2.7631634e+01
   9.8067419e+01  -4.7402251e+01
  -8.8205507e+01   5.5638101e+01
  -9.7469339e+01  -2.6027672e+01
  -1.9053594e+01  -1.3572574e+01
  -5.7414407e+00  -2.5122022e+00
   9.3693785e+01  -6.7487013e+01
  -3.2067034e+01   5.3336059e+00
   9.2245255e+01  -5.6500216e+01
   7.5448206e+01  -4.8468229e+01
   9.0205372e+01  -3.0712777e+01
  -4.1487677e+01  -7.9612576e+01
  -7.6127777e+01  -9.7442407e+01
  -9.5794259e+01  -9.4105048e+01
  -5.8384667e+01  -9.1786152e+01
  -4.9459817e+01  -9.6103927e+01
  -1.9797044e+01   9.4483159e+01
  -4.4204344e+01  -7.0484506e+01
   8.3452650e+01   1.0518966e+01
  -1.2180707e+01  -8.5737573e+01
  -8.4789604e+00  -9.5016905e+01
  -2.2574281e+01  -8.3796551e+01
   9.3046852e+01   7.6992848e+00
   8.7370954e+01   4.9145174e+01
   8.9836377e+01   3.7208207e+01
   9.7983424e+01   2.9901597e+01
  -3.8249844e+01   1.2790371e+01
  -1.5687500e+01   2.8937711e+01
   6.1806983e+01   2.4270851e+01
  -2.7959735e+00   4.3908517e+01
  -1.7971349e+01   5.5957794e+01
   7.3863918e+01   1.3627141e+01
  -2.7764857e+01   5.7922394e+01
  -1.9820287e+00   9.9000131e+01
   3.7407083e+01   7.3123838e+01
   2.3548369e+01   8.9653424e+01
  -4.4377526e+01   3.8037674e+01
  -2.5036001e+01   3.4919673e+01
  -2.9660348e+01   4.8090424e+01
   2.8139206e+01   1.4861338e+01
   2.9210471e+01   2.8715512e+01
   2.4507084e+01   4.7608570e+01
   3.4574801e+01   4.4851959e+01
  -5.9427642e+01  -4.7317527e+01
   2.3273462e+01   7.1180870e+01
   4.2958170e+01   8.1236826e+01
  -5.4735206e+01  -5.6017898e+01
  -8.7384992e+01  -5.3253742e+01
  -9.5147824e+01  -4.7140804e+01
   7.8614195e+01   4.8613050e+01
  -7.9156974e+01  -5.9090011e+01
