   5.7722412e+01  -1.1129460e+01
   4.3632783e+01  -5.1096724e+01
  -4.1087054e+01   6.7747031e+01
  -9.7835887e+01   5.7795991e+00
  -8.2099919e+01   8.0212597e+01
  -4.4301304e+01   4.2471042e+00
   6.4095521e+00  -8.4021115e+01
   5.7820549e+01  -9.1571615e+01
   5.3599401e+01  -5.0557038e+01
  -1.1006611e+01  -6.7244007e+01
   7.9195374e+01  -6.5038732e+01
  -3.0561325e+01   4.2210870e+01
  -9.0099833e+01  -1.4467490e+01
  -4.1240924e+01   3.4933541e+01
   4.8568471e+01  -3.2393141e+01
   3.6473198e+01  -8.9043265e+01
  -8.8120905e+01   2.3992448e+01
  -5.6080920e+01   5.3241545e+01
  -6.0995355e+01   3.4755187e+01
  -9.9634420e+01   8.8089952e+01
  -4.8945513e+01  -1.9139002e+01
  -6.3240682e+01  -5.6154910e-01
  -7.7333785e+01   3.5226850e+01
  -3.6247668e+01   2.0491490e+01
   4.5133769e+01  -8.0298121e+01
   2.9468540e+01  -9.7015147e+01
   2.5753083e+01  -2.0200449e+01
   6.1955847e+00  -1.6425841e+01
   3.3733425e+01  -4.0244320e+01
   2.3829364e+01  -3.9216046e+01
   8.6815803e+00  -3.7503042e+01
   7.5444362e+01  -4.7700645e+01
   1.6308083e+01  -6.4110997e+01
   3.5278616e+01  -6.9218567e+01
   4.7420723e+00  -6.7106841e+01
   4.8040052e+01  -7.0719944e+01
   4.2063494e+01  -6.1931476e+01
  -2.2040426e+01   5.6567674e+01
  -9.6467859e+01   5.5361436e+01
  -7.2501080e+01  -4.5767573e+00
  -8.1115707e+01  -2.5096119e+01
  -4.2900318e+01  -5.6380742e+00
  -1.6285411e+01   2.8890030e+01
  -6.2660300e+01   7.9814627e+01
  -8.3490940e+01   6.2040086e+01
  -6.8804986e+01   7.8808506e+00
   7.9277465e+01  -2.6618286e+01
  -5.3551765e+01   1.6773219e+01
  -6.8175529e+01   2.5761324e+01
   3.9824600e+01  -6.7061491e+00
   3.7198547e+01  -1.9321436e+01
   1.6318848e+01  -1.6884547e+01
  -1.5589624e+01  -5.2448329e+01
   2.3223997e+01  -4.9042969e+01
  -8.7780606e+00  -3.3154919e+01
   2.5333789e+01  -8.8051373e+01
   6.4887092e+01  -7.8545555e+01
  -5.8531194e+01   8.2053483e+00
  -4.9913738e+01   6.1063127e+01
  -3.9983389e+01   4.4705645e+01
  -4.3224803e+01   7.7487128e+01
  -2.1637454e+01   4.6585644e+01
  -7.7967043e+01   3.7971835e+00
  -6.6623968e+01  -2.5264153e+01
  -3.1672657e+01   3.2312815e+01
  -8.9113213e+01   9.1835942e+01
  -8.0364134e+01  -1.0755110e+01
  -5.3217232e+01  -2.4357578e-01
  -8.8273001e+01  -4.6357971e+00
  -3.4322303e+01   3.7927345e+00
  -7.3789624e+01  -1.8289640e+01
   6.9466647e+01  -2.8554644e+01
  -9.7691529e+01   7.3589379e+01
  -9.3076203e+01   6.4749403e+01
  -4.4795332e+01   2.5656782e+01
   5.9668239e+01  -3.0552362e+01
   6.1404551e+01  -5.6759703e+01
  -5.2702067e+01   8.0669477e+01
  -6.4405931e+01  -1.0472468e+01
   4.3672324e+01  -4.1101215e+01
   6.4148490e+01  -4.2098881e+01
  -9.7386895e+01   3.6306739e+01
  -5.1086786e+01   3.3515486e+01
  -6.9062769e+01   4.0532998e+01
   3.5121431e+01  -7.9173574e+01
   2.5188736e+01  -7.8150880e+01
   3.8690839e+01  -2.9209344e+01
  -5.9966600e+01   4.4430007e+01
   3.3679344e+01  -5.0242596e+01
   4.6642962e+01  -2.2595073e+01
   2.3253260e+01  -5.1678300e+00
   8.0757582e-01  -3.0523819e+01
   1.2693582e+01  -7.5648133e+00
   5.1944755e+01  -6.0553809e+01
  -1.8486743e+01  -3.8656686e+01
   1.5257818e+01  -7.7114285e+01
   4.6400764e+01  -9.0217216e+01
   5.7871881e+01  -6.8595518e+01
   8.7922790e+01  -6.0193687e+01
   1.5501398e+01  -9.7044435e+01
   6.7859344e+01  -6.8996398e+01
   5.4895812e+01  -7.8137474e+01
   5.6998636e+00  -5.7280941e+01
  -8.9507297e+00  -7.6938365e+01
  -3.0833903e+01   6.3585840e+01
  -5.0768708e+01   7.0930085e+01
  -2.2554394e+01   3.6512758e+01
  -3.9059338e+01   5.8013337e+01
  -3.1002591e+01   5.2164751e+01
  -5.8951617e+01  -1.8859552e+01
  -2.5780549e+01   2.4356452e+01
   7.3191684e+01  -3.7834875e+01
   7.1771071e+01  -1.8823817e+01
  -9.4555474e+01   1.6380553e+01
  -9.7843399e+01   2.6322128e+01
  -7.4166014e+01   1.6285374e+01
  -7.8241010e+01   2.5352399e+01
  -2.9936265e+01   1.2761874e+01
   5.6523745e+01  -2.1059677e+01
  -3.9783717e+01  -1.5132147e+01
  -5.3981478e+01  -1.0195696e+01
  -9.9801412e+01  -1.6892215e+01
  -9.1093397e+01  -2.4417991e+01
  -7.8806581e+01   7.0815738e+01
  -8.4148477e+01   1.4646597e+01
  -5.8263569e+01   8.8931272e+01
   7.4633289e+01  -9.5011365e+01
  -6.7979931e+01   9.1221537e+01
   6.7256306e+01  -8.8260509e+01
  -4.3981228e+01   1.4207908e+01
  -9.0284375e+01   4.3330750e+01
  -5.8187505e+01   2.5422177e+01
   1.4943016e+01  -5.4244918e+01
   5.4266892e+01  -4.0595122e+01
   3.9298472e+01  -9.8622621e+01
   2.8810195e+01  -3.0609098e+01
  -7.7036390e+01   5.4463223e+01
   1.7528854e+01  -3.1608892e+01
   4.7844547e+01  -1.2674982e+01
  -8.7159234e+01   3.3894843e+01
   3.1025992e+01  -1.1457147e+01
  -8.7844943e+01   5.3549350e+00
   9.5376334e+00  -2.5777317e+01
  -7.9873913e+01   4.4885235e+01
  -6.3854075e+01   1.6725221e+01
   2.4022370e+00  -7.2114685e+00
  -3.6674015e+00  -2.1491103e+01
  -7.2342459e+01   8.2236381e+01
  -9.1936089e+01   8.1743197e+01
  -9.9908587e+01   4.5983261e+01
   1.2541482e+00  -4.4160839e+01
  -9.5939363e+00  -4.2998651e+01
  -5.2298314e+00  -5.1713269e+01
  -8.6850015e+01   5.2661496e+01
  -2.6221860e+01  -4.4952041e+01
  -6.7980037e+01   5.0359843e+01
   4.9233585e+01  -9.9806431e+01
  -4.6609323e+01   5.1707854e+01
   8.3160078e+01  -4.0733384e+01
   7.1035907e+01  -5.9318617e+01
   2.5362368e+01  -6.8232181e+01
   3.0742635e+01  -5.9840856e+01
   5.3858075e+00  -9.3883468e+01
   8.5004323e+01  -5.0631625e+01
   8.5443429e-01  -7.6064192e+01
  -3.2641241e+00  -6.1265138e+01
  -3.4334641e+00  -8.5242308e+01
   1.5591689e+01  -8.7107665e+01
