  -7.0802087e+01   2.9724651e+01
   2.4740243e+01  -4.8412449e+01
  -8.9844497e+01   3.5161313e+01
  -9.5709596e+01   5.3667340e+01
   3.5449268e+01  -6.9286585e+01
  -9.8796042e+01   3.0430235e+01
  -7.1384684e+01   3.9926177e+01
  -7.9117217e+01   5.4501020e+01
   4.4039129e+01  -4.6928352e+01
   4.6041315e+01  -5.6384293e+01
  -9.0485056e+01   4.5140717e+01
  -7.9230766e+01   2.4343445e+01
  -7.9859294e+01   3.4617605e+01
  -8.0499858e+01   4.4597067e+01
  -8.9880583e+01   2.5161421e+01
   3.7430712e+01  -6.0522309e+01
   2.8289587e+01  -5.7366155e+01
   3.6046254e+01  -5.1483069e+01
   4.7715150e+01  -6.5513809e+01
