  -7.3810702e+01   1.8857312e+00
  -8.9150221e+01   2.4878464e+01
  -3.0754327e+00  -4.3141150e+01
   3.7381635e+01  -8.0684751e+01
  -5.0219421e+01   6.6833177e+01
  -8.5985357e+01  -2.2563856e+01
   5.4738157e+00  -2.5634104e+01
  -1.8389738e+01  -3.2772057e+01
   1.6130263e+01  -8.2218354e+01
   4.5939683e+01  -9.6261420e+01
  -6.2693163e+01   2.8153292e+01
  -6.9525470e+01   1.0796499e+01
  -8.9763046e+01   4.3692793e+01
  -2.2462881e+01  -6.6582516e+01
   6.7312179e+01  -2.6146473e+01
  -1.9709215e+01   6.1230123e+01
   9.4081238e+01  -4.1721689e+01
   2.7028143e+01   6.5129629e+01
  -8.7627400e+01  -4.8976271e+01
  -5.8811100e+01   9.1436654e+00
   4.6261981e+01  -3.0697426e+01
   4.8368958e+01   4.0767194e+01
  -2.2813522e+01  -5.6909507e+01
  -2.8060342e+01  -7.4689613e+01
  -1.3200036e+01   7.7638689e+01
  -4.0414350e+01   6.8313496e+01
  -2.8861166e+01   6.6284287e+01
   1.3907943e+00   2.6015097e+01
  -2.7605692e+00   6.0928971e+01
  -2.5843382e+01  -1.0363850e+00
  -3.7266194e+01  -2.3571874e+01
   5.7709467e+00   5.5551499e+01
  -4.3570257e+01  -1.4894066e+01
   3.9840399e+01  -5.4436450e+01
   5.5796022e+01  -9.5292701e+01
   2.8138909e+01  -3.2404371e+01
   6.4947677e+01  -9.1606648e+01
   4.0990337e+01  -1.0011267e+00
   3.1924834e+01   2.8290791e+00
   5.4103150e+00   7.5307522e-01
  -2.7428536e+00  -5.3073183e+01
  -3.0600270e+01  -5.0996908e+01
   3.8253959e+01  -6.3832191e+01
   9.4972375e+01  -7.9484472e+01
   5.9985340e+01   2.4458962e+00
   7.1023567e+00  -5.4330009e+01
  -4.5438445e+01  -8.5486768e+01
   8.4572203e+01  -4.4731186e+01
  -4.3560790e+01  -4.8507304e+00
   8.4256475e+01   2.0450757e+01
   1.5540375e+01   2.5583538e+01
   6.3522567e+01   1.7640275e+01
  -1.9008763e+01   3.8687882e+01
   2.0896810e+01   4.3225181e+01
  -3.3829915e+01  -6.0963812e+00
  -7.0727909e+01  -6.7705602e+01
   7.4678916e+01  -3.6077302e+01
  -6.3946707e+01   1.1124724e+00
  -7.3373638e+01   5.2612225e+01
  -2.4655033e+01   8.0239212e+01
   9.3783788e+01  -9.6916794e+01
   3.8116409e+00   8.0751564e+01
  -9.6187995e+01  -1.4877673e+01
  -6.2896984e+01   1.8089252e+01
  -7.7733105e+01  -4.9907869e+01
  -8.1495870e+01   9.7959162e+01
  -7.0134758e+01   7.9087267e+01
   7.3405566e+01  -6.4243250e+01
   8.3071283e+01  -6.5342679e+01
   2.1145501e+01  -1.2673964e+01
   4.7935304e+01   1.7159430e+01
   3.3442965e+01  -7.4950023e+00
   1.2597806e+01  -1.1866636e+01
   3.0668667e+01  -5.1521850e+01
  -9.0125892e+00  -7.1328964e+01
   2.8909373e+01  -6.1133805e+01
  -4.2952664e+01  -7.5745088e+01
   5.5733594e+00  -8.3550246e+01
   9.7537738e+01   1.9336529e+01
   5.4797234e+01   2.3066805e+01
  -3.5513695e+01   4.9171584e+01
   3.0892212e+01   3.1554497e+01
   6.3662290e+01  -1.6880429e+01
   8.7488390e+00   3.2600268e+01
  -4.5324788e+01   4.8698842e+01
  -5.2260358e+01  -5.8107002e+01
  -3.3585603e+01   1.6836514e+01
   4.5417838e+01  -9.8253264e+00
  -3.7160029e+01   9.1234009e+01
  -9.6231186e+00   3.6402157e+01
  -2.7125043e+01   4.4086836e+01
  -1.5463383e+01  -1.0760899e+01
  -2.9760907e+01  -4.1182712e+01
  -5.8639893e+01  -2.4708796e+01
  -8.1122170e+01   3.5368054e+01
  -8.2169730e+01   8.8059983e+00
  -9.1094616e+01   9.5174956e+01
   2.2963042e+01  -2.4088743e+01
   4.6158866e+01  -8.5734722e+01
  -7.8031528e+01  -2.8607998e+01
  -9.6572402e+01  -4.4590668e+01
  -7.6601399e+01   8.9289910e+01
  -9.9980411e+01   6.6177116e+01
   5.5562235e+01  -3.4048387e+01
   6.4991103e+01  -4.7334589e+01
   4.7608433e+01  -6.0437382e+01
  -7.7349991e+00  -3.5193783e+00
   1.6499331e+01  -4.1545130e+01
  -8.7560315e+00  -3.1715290e+01
  -4.5030114e+01   2.5468180e+01
  -7.9587520e+01   6.0369793e+01
  -2.8778428e+01   8.2403475e+00
  -3.6707447e-01  -6.5357382e+01
  -3.5390216e+01  -6.7894391e+01
  -2.1144667e+01  -4.6158383e+01
  -1.7319174e+01  -8.5033583e+01
   5.4967761e+01  -1.2182503e+01
   6.6790825e+01  -5.7014524e+01
   8.6340170e+01  -5.4447831e+01
   9.2416938e+01  -6.2194562e+01
   2.8263403e+01  -8.4548574e+01
  -5.0344196e+01   3.4173778e+00
  -4.1502396e+01   1.1234662e+01
  -5.0552301e+01   1.4018154e+01
  -5.3382643e+01  -6.1753756e+00
  -6.7721249e+01  -7.7055709e+00
   9.9063768e+00  -7.4552368e+01
  -3.5959068e+01  -9.1634989e+01
  -6.1310148e+01  -7.5162741e+01
   9.5823197e+01  -5.1559300e+01
  -5.2018303e+01  -7.1558453e+01
  -5.5949931e+00  -8.7743807e+01
  -9.3636097e+00  -6.1472854e+01
   3.7760586e+01  -9.0612146e+01
   8.5239896e+01  -1.4135050e+00
   7.3117326e+01   2.0201875e+01
   7.0536732e+01   1.0680277e+01
   2.8768865e+01  -9.4458398e+01
   2.7585051e+01   5.1658318e+01
   9.1759989e+01  -8.9835043e+00
   8.7127958e+01  -2.5284507e+01
  -2.6432622e+01   2.3468044e+01
  -5.9849048e+01  -6.5126440e+01
  -8.3372039e-02   1.3857370e+01
   2.1203560e+01   3.3447864e+01
  -3.3233140e+01   7.5191191e+01
   8.3035269e+00   4.2451778e+01
  -6.9653011e+01   4.1583556e+01
   8.2612537e+01  -1.2969357e+01
   6.3434588e+01  -6.9096145e+00
  -4.8998181e+01   7.6632893e+01
  -1.1299084e+01   6.7253657e+01
   4.7573688e+01  -2.0841065e+01
   3.7551379e+01  -3.5449944e+01
  -3.5775266e+01   5.9558917e+01
  -7.6791779e+01  -1.8709252e+01
  -1.1086117e+01   4.5837409e+01
  -7.2135736e+01   2.1315067e+01
  -4.6947067e+01   8.9511558e+01
  -8.6509343e+01  -1.2601194e+01
  -2.4208135e+01  -2.1940522e+01
  -5.2771329e+01  -3.2386190e+01
  -3.7388568e+01  -3.2688041e+01
   4.2742497e+00   6.7935484e+01
  -7.7382064e+01  -8.8310210e+00
   2.2794381e+01   8.3736518e+01
   1.2292422e+01   7.5652347e+01
  -3.7700876e+00   7.3826419e+01
  -5.4733679e+01   4.5707936e+01
   1.3902951e+01  -2.0971508e+01
  -7.9945053e+01   4.5238731e+01
   4.3953898e+00   9.0726696e+01
  -5.9672929e+01  -4.2204916e+01
   6.5283198e+01  -8.1787268e+01
   4.7873840e+01   6.0986298e+00
   5.4452425e+01   3.2936678e+01
   2.5687331e+01   2.2225552e+01
   2.4342769e+01  -3.5179186e+00
   3.8723543e+01  -1.6350112e+01
  -2.7294647e+01   8.9857936e+01
  -6.8848410e+01  -2.4665918e+01
   5.5860754e+01  -4.3906065e+01
   4.0398159e+01   1.1844926e+01
   5.6015696e+01   1.1435690e+01
  -7.9545616e+01  -6.2989460e+01
  -5.6790740e+01   8.8407941e+01
  -8.0301570e+01   8.0080167e+01
  -8.4261562e+01  -3.9493838e+01
   5.0422396e+01  -7.7168114e+01
   8.4550803e+01  -3.4846659e+01
   2.3630235e+01  -7.5871897e+01
   1.8647242e+01   4.6375676e+00
   4.8579591e+01  -5.0422365e+01
   4.2415966e+01  -7.2287780e+01
   6.7203726e+00  -4.1813227e+01
   7.4600237e-01  -3.4009021e+01
  -4.3953221e+00  -2.2945243e+01
  -5.9703252e+00  -1.2735130e+01
   2.8053210e+00  -1.6529495e+01
  -9.3093880e+01   1.5520238e+01
  -9.8051778e+01   3.8209465e+01
   2.0780401e+01  -6.6587402e+01
   1.6287671e+01  -5.7949755e+01
   9.6815169e+00   9.3714280e+00
  -4.4832541e+01  -6.4699085e+01
  -7.0932254e+01   9.7518357e+01
  -3.4989764e+01  -8.1742740e+01
  -3.7471305e+01  -5.8076878e+01
  -8.9719051e+01   8.5270503e+01
  -1.3421477e+01  -9.4131738e+01
   7.4704348e+01  -4.5801487e+01
   7.6603815e+01  -5.5256599e+01
   9.8308880e+01  -7.0119506e+01
  -6.0546996e+01   9.7782668e+01
  -9.7472725e+01  -3.4660982e+01
  -4.5153104e+01  -9.5529211e+01
  -1.8059488e+01  -7.5283401e+01
  -5.5161320e+01  -8.3148885e+01
   1.7125681e-02  -7.5304649e+01
   5.6081715e+01  -8.5328138e+01
   1.2186042e+01  -9.1240645e+01
   2.5295023e+00  -9.3531906e+01
   9.0368389e+01   1.2385109e+01
   9.4262730e+01   3.1820692e+00
   8.8945905e+01   2.9278733e+01
   8.0470558e+01   1.1201905e+01
   2.8613185e-02   3.7147858e+01
  -1.9430606e+01   5.0293591e+01
   2.0048597e+01   5.8106789e+01
   1.9529839e+01  -9.7916501e+01
  -8.2190793e+00   2.7061428e+01
  -3.5422272e+01   2.7441861e+01
   8.2284720e+00   1.9073508e+01
  -6.1625244e+01  -5.4845886e+01
  -2.7233275e+01   3.3240698e+01
  -2.0479317e+01   7.1163336e+01
   3.0763012e+01   4.2224986e+01
   6.2707752e+01   2.7417445e+01
  -3.7074007e+01   2.8039416e+00
  -4.0565382e+01   8.1870652e+01
  -1.2696928e+01  -4.0881983e+01
  -5.8762608e+01   7.8625724e+01
   8.4098543e+01  -9.4635336e+01
  -6.3424992e+01  -1.6320609e+01
  -6.0503850e+01   3.7841998e+01
  -5.2384210e+01   3.2267689e+01
  -7.1863745e+01   3.1802557e+01
  -2.7519902e+01   5.5079078e+01
   9.9176979e+01  -8.8518370e+01
  -1.8046246e+01   2.8751924e+01
  -1.1280215e+01   5.5890450e+01
  -9.1869852e+01   5.5957305e+00
  -1.4294233e+01  -2.2862016e+01
  -9.5694192e+01  -2.4849119e+01
  -6.3827846e+01  -3.3215748e+01
  -3.3591451e+01  -1.5334358e+01
  -3.2212480e+01   9.9887326e+01
  -5.0601212e+01   9.8803721e+01
  -3.5419205e+01   3.8726775e+01
  -2.7910220e+01  -3.1397952e+01
  -4.7026466e+01  -2.4308412e+01
  -4.5207200e+01   3.8833782e+01
  -5.4445896e+01   2.2814518e+01
   1.2973319e+01   8.5601417e+01
  -8.1576698e+01   1.8603014e+01
  -5.3455977e+01  -1.6165811e+01
   1.4117363e+01   5.0313158e+01
   1.3989333e+01   6.5890356e+01
   3.7733477e+01  -4.4973243e+01
   2.9344374e+01  -1.6625774e+01
   4.6541315e+01  -4.0637163e+01
  -7.1227198e+01  -5.7484150e+01
   5.8268221e+01   4.2130996e+01
  -8.6245909e+01   5.3005268e+01
  -2.2310756e+01   9.8507440e+01
  -6.8151074e+01  -4.7337030e+01
   3.9199666e+01   3.6979168e+01
  -1.6378510e+01   8.9081494e+01
   1.5997566e+01  -3.1271141e+01
   7.4197066e+01  -9.5055178e+01
  -5.5850209e+00   8.3821440e+01
   2.2069076e+01   7.3774840e+01
   3.7542106e+01  -2.5859692e+01
  -6.3768054e+01   5.0005980e+01
  -9.6572636e+01   7.7988663e+01
   7.3560136e+01  -1.7518212e+01
   5.6947654e+01  -2.4229070e+01
   6.4873213e+01  -3.7388485e+01
   5.1789236e+01  -2.7392847e+00
  -7.9110088e+01   7.0248147e+01
  -8.3261593e+01  -9.5324405e-01
  -5.1543462e+00   9.3732002e+01
  -8.9307216e+01   7.1117442e+01
   7.4228805e+01  -7.6766815e+00
  -5.3881085e+01   5.5311124e+01
  -2.5694617e+00   5.0412493e+01
  -9.7640391e+01  -5.4523539e+01
   6.9642387e+01   9.3001213e-01
  -7.4268500e+01  -3.9451797e+01
  -6.6702448e+01   8.8464366e+01
  -4.4997881e+01   5.8572785e+01
  -8.8663930e+01  -5.8914476e+01
   7.7296441e+01  -2.6636305e+01
   9.3832787e+00  -6.4735317e+01
   4.0599427e+01   2.4094419e+01
   2.5032511e+01   9.7905594e+00
   3.2050712e+01   1.5058058e+01
   9.4830528e+01  -3.1759541e+01
  -1.6565085e+01  -7.8192224e-01
  -2.5085310e+01  -1.0932243e+01
   9.4444755e+01  -1.8591217e+01
   6.7833817e+01  -7.1710992e+01
   5.6228429e+01  -6.5061887e+01
   5.7121459e+01  -5.5238030e+01
   5.9088473e+01  -7.4318722e+01
   1.7605444e+01   1.6060741e+01
  -9.8464666e+01   2.8253885e+01
  -9.6094968e+01   5.4626654e+01
  -9.2430209e+01  -4.5374530e+00
   2.1361743e+01  -4.9863321e+01
  -2.4653769e+01  -9.1746993e+01
  -1.3833840e+01  -5.2795957e+01
  -2.6024526e+00   4.3320502e+00
   1.3527418e+01  -1.6587919e+00
   5.4314078e+00  -7.8452305e+00
