  -2.2381276e+01  -2.7329388e+01
   3.0537431e+01   5.5374049e+01
   6.5717673e+01  -3.9353202e+01
  -8.0317503e+00  -4.1479226e+01
  -2.5923542e+00  -5.7369467e+01
  -2.9785021e+01   1.1473682e+01
  -8.6096060e+00  -1.0271320e+01
   2.1758388e+01   3.9079638e+01
   4.0242863e+01   5.0350511e+00
   1.2814311e+01  -4.3570789e+01
  -3.7490038e+01  -7.8549995e+00
  -7.0250103e+01  -4.2668520e+01
   5.1883256e+01   4.3979925e+01
   5.7132683e+01  -1.2911742e+01
   2.2785775e+01  -4.4006858e+01
  -3.9312331e+01   1.4498289e+01
   8.0814615e+01   1.7467667e+01
   3.3737354e+01   2.8728730e+01
   4.2440873e+01   2.3806037e+01
   4.1550457e+01  -5.8119227e+00
   7.0858333e+01   4.3280806e-01
   9.4923904e+00   7.8586629e+01
  -5.3829220e+01   3.8420165e+01
   2.6504183e+01  -6.3287202e+01
   2.7210849e+01  -1.8184509e+01
  -3.2885817e+01  -7.7165371e+01
   2.1185099e+01  -3.4117339e+01
  -5.3461690e+01   2.8428436e+01
  -6.5763193e+01   2.7120707e+01
  -6.8121448e+01  -6.8025298e+00
   4.1279616e+00  -3.8656905e+01
  -2.7008653e+01  -1.8242756e+01
   2.1321164e+01  -7.6491315e+01
  -3.2359412e+01  -2.6675073e+01
  -3.0085590e+01  -4.6598632e+01
  -1.0298416e+00   4.4281955e+01
   2.4623139e+01  -7.4254092e+00
   2.1398701e+00   5.8302487e+01
   1.6800024e+01  -1.2034870e+00
  -3.8350204e+01   3.9545119e+01
  -1.4009140e+01   5.9135105e+01
   3.8361268e+01  -3.1926839e+01
   3.7002128e+01  -4.7616752e+01
   2.6479802e+01  -5.3290993e+01
   1.7326111e+01  -5.7313953e+01
  -1.2139544e+01  -5.4410108e+01
  -6.0147302e+01   1.0056657e+01
  -6.4538347e+01  -1.6137465e+01
  -5.5742385e+01   3.1163299e-01
  -4.6608662e+01  -3.7544891e+00
   1.5951178e+00  -8.7056004e+01
  -3.1818566e+00  -2.2465151e+01
   7.3238943e+00  -6.2514829e+01
   5.6712083e+01   1.4847079e+01
   8.4216253e+00   2.2733212e+01
  -3.9930458e+01  -6.9468548e+01
   5.5659329e+01   3.4720312e+01
  -5.1604541e+01  -2.2077921e+01
  -8.4579882e+00   3.7588786e+01
  -3.3288882e+00   7.4325082e+01
  -2.4752680e+01   7.4254671e+01
   6.8833035e+00   1.2857629e+01
   8.5155397e+01  -1.6861565e+01
   3.9860088e+01   7.0425023e+01
   5.4793108e+01  -2.3122370e+01
  -2.3511760e+01   2.6626610e+01
  -2.7521360e+01   4.4514681e+01
   1.7269788e+01   5.0901133e+01
   3.6524613e+01   3.8332036e+01
   5.0021697e+01   5.5646054e+01
  -2.9640994e-02  -3.4399176e+00
   4.8287903e+01  -3.0753860e+01
   5.1456890e+01  -4.6762294e+01
   3.6818993e+01  -7.9238047e+01
  -2.1314157e+01  -7.3500615e+01
   2.9098833e+01  -2.8004101e+01
   8.9598424e+00  -1.9356611e+01
  -4.5564005e+01   2.2298360e+01
  -2.0972207e+01  -6.3506834e+01
  -7.5387156e+01   2.4406941e+01
  -1.7791185e+01  -1.4388694e+01
  -2.7499514e+01  -8.2590973e+00
  -6.8998006e+01   3.6581347e+01
  -7.1857612e+01  -2.2949971e+01
  -3.5517116e+01   1.9435436e+00
  -5.0888469e+01   1.3834454e+01
  -4.6108191e+01  -1.3732509e+01
  -1.7079568e+01  -4.5732426e+01
  -5.5799691e+01  -1.1278828e+01
  -1.1007099e+01  -6.4336624e+01
  -1.3530304e+01  -8.3411863e+01
  -1.8681585e-01  -4.7670404e+01
  -3.8178051e+01   2.9039047e+01
   3.5543257e+01  -5.7508504e+01
   6.3715675e+01   7.4313820e+00
   8.7502213e+00  -7.2410158e+01
  -1.4565980e+00  -6.7298494e+01
  -4.4634783e+01   6.0394308e+00
  -3.2925318e+01  -5.6337056e+01
   8.5138321e+00  -5.2591183e+01
  -2.2643128e+01  -3.7444587e+01
   3.0092955e+01   8.2898759e+00
   2.0516645e+01   1.1165286e+01
   4.7021485e+01   1.2383457e+01
  -5.6313424e+00   6.4594217e+01
   5.7174779e+01   2.4836071e+01
  -2.3269886e+01   6.2907960e+01
   4.5669004e+01   3.4285572e+01
  -5.9988070e+01  -4.4405694e+01
  -6.1001662e+01  -2.5489792e+01
   4.4359772e+00   3.4249983e+01
   2.4479546e+01   7.2712674e+01
   6.1370885e+01  -3.1744146e+00
   4.8095405e+00   6.7978817e+01
   7.6089802e+01  -8.0893829e+00
  -2.1466327e+01   5.2472931e+01
   6.7006423e+01  -2.2504535e+01
  -2.0088696e+01   3.6998335e+01
  -3.7488682e+01   4.9507784e+01
   7.1600471e+01   1.3581912e+01
  -4.2537281e+01  -2.6802714e+01
  -3.1843709e+01   5.7761689e+01
   1.3919976e+01   3.1081258e+01
   7.3353064e+00   4.9760273e+01
  -6.2758579e+00   5.2795241e+01
   1.1880183e+01   6.0566306e+01
   4.1251109e+01   6.0449833e+01
  -1.8269204e+01  -4.4172999e+00
  -3.8619446e+00   2.8674868e+01
  -9.3648306e+00   1.0458428e-01
   3.1555185e+01  -3.9233786e+01
   4.2193965e+01  -2.2701127e+01
   4.7203592e+01  -1.4054937e+01
   5.8042217e+01  -3.2945089e+01
   4.3822399e+01  -4.0303751e+01
   3.4285399e+01  -6.9565191e+01
  -4.4642382e+01  -7.8288776e+01
  -3.0115014e+01  -6.7556962e+01
  -2.9754873e+01   3.4436529e+01
   1.7703388e+01  -2.4743534e+01
  -5.8784327e+01   1.9963178e+01
  -6.2189954e+01   4.3905216e+01
   5.6208825e+00  -2.8773698e+01
  -6.9736196e+01   1.5611327e+01
  -7.8683245e+01   3.4093371e+01
  -8.1621592e+01  -2.0791447e+01
  -2.5535001e+01   2.4322026e+00
  -6.7398208e+01   3.1706423e+00
  -3.0882379e-02  -7.7191937e+01
  -7.6561042e+01  -1.2166430e+01
  -3.1927950e+01   2.1236292e+01
   4.2824040e+01  -6.4360615e+01
  -3.6774787e+00  -3.2439730e+01
   9.5349965e-01  -1.3376209e+01
   7.8743216e+01   6.5832743e+00
   1.7352200e+01  -6.7313044e+01
  -2.3077919e+01  -5.3731965e+01
  -1.3145746e+01  -2.3225042e+01
  -4.2324899e+01  -5.9759505e+01
   1.8281439e+01   2.0911862e+01
  -9.5798948e+00  -7.4228166e+01
  -1.2358323e+01   7.8622570e+01
  -1.3625038e+01  -3.3197103e+01
   3.2586225e+01  -1.3910253e+00
   1.7822746e+01  -1.4745256e+01
   3.6499397e+01  -1.4482388e+01
   9.8037121e+00  -8.7238336e+00
  -3.3559795e+01   6.7613256e+01
   2.8277600e+01   2.0305022e+01
  -1.5419939e+01   6.9102817e+01
   6.1988136e+01   4.2462546e+01
   6.6871770e+01   2.2393198e+01
  -7.3427444e+01  -3.2825603e+01
   2.9481825e+01   4.5430577e+01
  -6.3693965e+01  -3.5118509e+01
   7.6883530e+00   2.8993754e+00
   3.7278540e+01   1.5242401e+01
  -1.3845672e+01   2.9166406e+01
   3.1244607e+01   6.5348562e+01
   2.1777660e+01   6.1994369e+01
   1.4820409e+01   7.0124253e+01
   5.1482639e+01  -4.6608453e+00
  -1.3818668e+01   4.6030094e+01
   8.6001251e+01  -6.7709152e+00
   7.8077165e+01  -2.3925462e+01
  -4.6546988e+01   4.5272126e+01
   6.7120588e+01  -1.2505657e+01
  -4.6465047e+01   5.5271303e+01
  -5.2532749e+01  -3.2030589e+01
  -3.6998886e+01  -1.7834905e+01
  -3.2571411e+01  -3.6644633e+01
   1.1922461e+01   4.0877347e+01
   2.3754276e+01   2.9281090e+01
   5.9377747e+01   5.2115706e+01
   3.9405311e+01   5.0540965e+01
  -1.7751600e+00   6.6139451e+00
   5.4012418e+01   5.0137330e+00
  -9.0417326e-01   1.9125215e+01
