  -8.8666108e+01   2.8427963e+01
  -5.0201802e+01   6.3676704e+01
  -1.7827938e+01  -4.0341427e+01
  -6.4663215e+01   2.7714108e+01
   6.7198294e+01  -2.5353603e+01
  -1.4902835e+01   6.5815649e+01
   3.3645752e+01   7.0935456e+01
   4.8816498e+01   4.5135338e+01
  -1.8751354e+01  -5.8871849e+01
  -6.8279456e+00   7.1681230e+01
   1.0082609e+01   3.4210989e+01
  -1.9494924e+00   6.2983019e+01
  -2.4650023e+01   2.7018391e+00
  -3.7273079e+01  -2.3102671e+01
   7.5750050e+00   5.9810208e+01
  -4.5565677e+01  -1.5814127e+01
   2.8044485e+01  -3.4227684e+01
   7.0141005e+01  -9.7068251e+01
   3.6445329e+01   2.0611910e+00
   7.9999740e+00   3.8984062e+00
  -3.1398335e+01  -5.1050805e+01
   9.5906738e+01  -8.5149564e+01
   6.4087930e+01   2.3889644e+00
   1.5206028e+01  -6.2378378e+01
  -4.3025725e+01  -6.2689200e+00
   8.8970620e+01   1.5220407e+01
   1.9943770e+01   3.2857519e+01
   6.4736336e+01   1.2313014e+01
  -1.8154913e+01   4.0435391e+01
  -6.8356130e+01  -7.0500039e+01
  -6.5610348e+01   7.7169141e+00
  -7.4105884e+01   5.2873799e+01
  -1.8779241e+01   8.6618514e+01
   9.7292639e+01  -9.9475174e+01
   4.6036784e+00   7.9526072e+01
  -7.6120602e+01   8.4758734e+01
   8.1576687e+01  -5.5041379e+01
   8.4641921e+01  -6.5736320e+01
   4.8259637e+01   1.7900205e+01
   1.2940083e+01  -9.0030449e+00
   2.3432062e+01  -5.6714272e+01
  -6.7395433e+00  -7.3871938e+01
   2.2811438e+01  -6.8688190e+01
   3.4402468e+01   3.1717802e+01
   6.4866973e+01  -1.2729284e+01
  -4.5760658e+01   4.8408801e+01
  -5.5609508e+01  -5.5471199e+01
  -3.8890369e+01   2.0721325e+01
   4.5405726e+01  -8.6386770e+00
  -8.6415545e+00   3.7664490e+01
  -2.6277757e+01   4.6300481e+01
  -1.4128997e+01  -1.3679116e+01
  -6.1260256e+01  -2.5916743e+01
  -8.2158109e+01   3.5944096e+01
  -8.7558075e+01   1.1276609e+01
  -9.2596786e+01   9.7652777e+01
   2.3659398e+01  -2.5381340e+01
   4.7065010e+01  -9.8260553e+01
  -8.0951528e+01  -2.8438800e+01
   5.5780577e+01  -3.1215901e+01
   4.7434664e+01  -5.3526908e+01
  -5.7420051e+00  -8.6276910e+00
   1.8486769e+01  -3.6543983e+01
  -4.7437707e+01   2.5828094e+01
  -8.7217779e+01   5.3771043e+01
  -3.1403150e+01   9.6721787e+00
   7.4219541e+01  -4.5153407e+01
   3.1030857e+01  -8.7025200e+01
  -4.9259766e+01   1.6025225e+01
  -5.2930577e+01  -6.5591955e+00
  -3.5533723e+01  -9.9592623e+01
  -7.6993566e+01  -8.8246458e+01
  -1.5353318e+01  -6.8834203e+01
   8.3304596e+01  -1.4487315e+00
   7.8832059e+01   1.8286052e+01
   2.6389770e+01  -9.5949726e+01
   3.1806688e+01   5.4332500e+01
   9.0311091e+01  -8.5447829e+00
  -3.2444733e+01   2.8220399e+01
   8.9962156e+00   1.5916740e+01
  -3.2813008e+01   7.2877512e+01
   1.6174074e+01   4.2060769e+01
  -7.1651561e+01   4.3226237e+01
   8.3353928e+01  -1.5717836e+01
  -4.9998473e+01   8.5179708e+01
   4.6049233e+01  -2.8992804e+01
  -3.3260283e+01   6.1737432e+01
  -7.8301595e+00   4.7457068e+01
  -7.3718050e+01   2.3509736e+01
  -4.7554689e+01   9.4871299e+01
  -2.0566325e+01  -2.1039933e+01
  -5.4109691e+01  -3.3117425e+01
  -4.4292708e+01  -3.0081929e+01
  -8.0383518e+01  -1.6638164e+01
   2.4772474e+01   9.0069370e+01
   5.5002278e+00   6.9582526e+01
  -5.6406057e+01   4.4713292e+01
  -8.1218592e+01   4.5849603e+01
   1.1741783e+00   9.7329148e+01
  -5.9998716e+01  -4.4843080e+01
   6.4856547e+01  -7.8866162e+01
   5.0830082e+01   3.2110163e+01
   2.6678086e+01   2.5590363e+01
   2.2755698e+01  -9.2870816e+00
   4.8248265e+01  -1.9317312e+01
  -2.8426172e+01   9.0618517e+01
   4.1067730e+01   1.0963241e+01
  -8.3658391e+01  -6.1354197e+01
  -8.5113265e+01   7.9669159e+01
  -9.1817920e+01  -4.4126325e+01
   8.2280180e+01  -3.7834031e+01
   1.8866157e+01  -7.7799702e+01
   4.7406816e+01  -6.9269211e+01
   1.1074986e+01  -4.2980951e+01
  -8.9031003e+00  -3.2601304e+01
  -2.5796624e+00  -1.8043630e+01
  -5.5843955e+01  -7.3153790e+01
  -3.8885741e+01  -7.9753977e+01
  -3.8248528e+01  -5.8364697e+01
  -8.6382377e+01   8.9588257e+01
  -1.3539727e+01  -8.1111746e+01
  -5.7448846e+01  -9.1755323e+01
   2.7568651e+00  -7.6951745e+01
   5.7305604e+01  -9.5851397e+01
   1.6388603e+01  -9.6338878e+01
  -1.8344504e+00  -9.3444308e+01
   9.0811283e+01   5.1456981e+00
   8.9993570e+01   3.4560829e+01
   8.1454318e+01   8.6475562e+00
   1.1828800e+00   4.3209764e+01
  -1.7255998e+01   5.0346787e+01
   2.4833906e+01   6.1493595e+01
  -4.0677717e+00   2.4255009e+01
  -4.0735555e+01   3.3210182e+01
   5.8587044e+00   2.5218998e+01
  -6.1114888e+01  -6.3715075e+01
  -2.7218701e+01   3.6477645e+01
  -1.8658955e+01   7.5058093e+01
   2.8278983e+01   3.9598480e+01
   5.9274946e+01   2.0695282e+01
  -4.1067146e+01   1.1094730e+01
  -3.8849260e+01   8.0840143e+01
  -8.1144727e+00  -4.2412118e+01
  -5.7079000e+01   7.7736634e+01
   8.9689243e+01  -9.2980497e+01
  -6.7175084e+01  -1.7762945e+01
  -6.3441788e+01   3.7621472e+01
  -5.5444483e+01   3.1751467e+01
  -7.2630718e+01   3.3401221e+01
  -3.4516848e+01   5.1748735e+01
  -1.2939932e+01   2.8804707e+01
  -1.0014329e+01   5.7159060e+01
  -9.6330975e+01   6.5167425e+00
  -1.1000389e+01  -2.3056935e+01
  -9.8379447e+01  -2.4685662e+01
  -7.1126269e+01  -2.6880391e+01
  -3.6006772e+01  -1.3292829e+01
  -3.5666990e+01   4.1823346e+01
  -2.8160679e+01  -2.7100963e+01
  -5.1686894e+01  -2.3487633e+01
  -4.8580837e+01   3.8900607e+01
  -5.6815759e+01   2.1955525e+01
   1.6194515e+01   8.4947645e+01
  -9.3188529e+01   1.9529643e+01
  -5.7500891e+01  -1.5399718e+01
   1.6756916e+01   5.5618442e+01
   1.5693327e+01   6.5536544e+01
   4.0367061e+01  -4.6590918e+01
   2.8940330e+01  -1.6953337e+01
   4.6738548e+01  -3.8942567e+01
  -7.2373716e+01  -6.1362308e+01
   6.4195096e+01   4.7374310e+01
  -9.5049940e+01   4.7483987e+01
  -7.0336145e+01  -4.5618654e+01
   4.2446773e+01   3.7488697e+01
   1.3437717e+01  -2.7964762e+01
  -2.3904376e+00   8.6658913e+01
   2.3678479e+01   7.1475552e+01
   3.4289419e+01  -2.5323694e+01
  -6.4563160e+01   5.0102962e+01
   7.3551065e+01  -1.7640721e+01
   5.8001063e+01  -2.1477541e+01
   7.3482013e+01  -3.3122197e+01
   5.5300881e+01  -2.1086509e+00
  -8.4891559e+01   6.9531119e+01
  -8.8612486e+01  -6.3258895e+00
  -9.4597024e+01   6.7167168e+01
   7.5440041e+01  -7.8284766e+00
  -5.3801786e+01   5.4350524e+01
   1.4471745e-01   5.3246063e+01
   7.3988322e+01   2.0538022e+00
  -7.3963715e+01  -3.6385561e+01
  -6.2672241e+01   9.8788229e+01
  -4.2364687e+01   5.7742618e+01
  -9.0456708e+01  -5.4026661e+01
   7.9820540e+01  -2.5415334e+01
   1.1118731e+01  -7.1487782e+01
   4.2737148e+01   2.6225611e+01
   3.1098549e+01   1.0453017e+01
   3.4887593e+01   1.9705477e+01
   9.9759266e+01  -3.0626568e+01
  -1.1346241e+01  -4.7850951e-01
  -2.6141860e+01  -1.3228045e+01
   6.9036736e+01  -6.9790781e+01
   5.3494134e+01  -6.1387430e+01
   5.7321794e+01  -5.2181257e+01
   5.4921185e+01  -7.9972935e+01
   1.6316881e+01   9.4228407e+00
   2.1310189e+01  -4.6207091e+01
  -1.2088556e+01  -5.1481813e+01
  -1.8649040e+00   2.4398394e+00
   1.7082778e+01  -2.6058337e-01
   3.6593431e+00  -5.8029572e+00
   2.1052208e+01  -8.7513153e+01
   2.9239422e+01  -7.6297582e+01
   3.8733718e+01  -8.0656526e+01
  -7.2675091e+01   9.8568862e+01
  -2.1735472e+01  -4.9372510e+01
  -6.1329831e+01  -1.2595253e+00
  -5.5705624e+01   8.4639017e+00
  -4.8152218e-01  -6.6192784e+01
  -2.5034088e+00  -5.3836327e+01
  -1.4491562e+01  -9.4569547e+01
  -8.2637907e+01   9.9428830e+01
  -4.7722776e+01   2.5279652e+00
  -9.1881072e+01   3.8019835e+01
  -2.8538802e+01  -6.0524838e+01
   9.1532463e+01  -5.5936000e+01
   1.3712149e+01  -5.2546342e+01
  -6.5726083e+01   1.7624144e+01
  -9.9833321e+01  -3.7096290e+01
  -2.6730152e+01  -9.4851554e+01
  -4.0110346e+01  -9.0108128e+01
  -4.8311719e+01  -9.5804690e+01
  -6.3693650e+01  -7.9338949e+01
  -2.5252054e+01  -6.9860968e+01
  -4.9576252e+01  -8.3356088e+01
  -4.5863770e+01  -7.2711291e+01
   3.5780452e+01  -9.9365821e+01
   9.7837696e+01  -1.9634413e+00
   9.6202779e+01   2.5243887e+01
   8.6207483e+01   2.5031389e+01
   9.8572859e+01   1.1605927e+01
   2.3746123e+01   4.8494124e+01
   6.0680542e+01   3.0588260e+01
   5.4928049e+01  -1.1994107e+01
   6.9263505e+01   2.1168727e+01
   3.6567282e+01   4.5554054e+01
  -5.1143795e+01  -6.4324792e+01
  -6.5426184e+01  -5.4237254e+01
   6.6762809e+00  -9.8689590e+01
   9.1958382e+00   4.9137624e+01
  -2.9000552e+01   1.9143862e+01
  -3.7773001e+01   2.0309422e+00
  -2.6838553e+01   8.0780839e+01
  -2.4783592e+01   6.7001956e+01
  -1.0572357e+01   8.0929673e+01
  -8.8706903e+01  -2.2163660e+01
   8.0020560e+01  -9.5528664e+01
  -6.8736771e+01  -7.9247331e+00
  -9.4736331e+01  -1.4206532e+01
   4.0399672e+01  -9.0506031e+01
  -6.3774079e+01  -3.5585668e+01
  -2.4546990e+01   5.7026575e+01
  -7.6950267e+01   1.2000248e+01
  -3.8414865e+01   9.0825620e+01
   5.7404760e+01   4.0035303e+01
   3.8828324e+01  -1.6148379e+01
   3.7860962e+01  -3.4622414e+01
   2.7824137e+01   8.0553269e+01
  -1.0607292e+01   9.2340458e+01
  -2.7835811e+01  -4.0850483e+01
  -3.5076579e+01  -3.3936540e+01
  -1.8652412e+01  -3.0586690e+01
  -6.6814175e+01   7.9993663e+01
   1.5544030e+01   9.4915797e+01
   5.6028407e+01  -4.2324535e+01
   1.7000901e+01  -1.8060097e+01
   3.8154161e+01   6.2024960e+01
   4.3485918e+01   5.3576453e+01
  -7.8652263e+01  -6.8134692e+00
  -2.2657295e+01   2.6872980e+01
   2.6923527e+01  -3.0510699e-01
  -4.7334144e+01   7.5554328e+01
  -7.6381292e+01   7.4766510e+01
   6.4187070e+01  -3.6669313e+01
  -7.7379270e+01  -5.2709196e+01
  -9.6240361e+01   8.7048995e+01
  -6.7582787e+01   8.9963113e+01
   4.6267390e+01   1.8324113e+00
   1.3669069e+01   7.5303360e+01
   5.5680007e+01   8.0904102e+00
  -8.0109671e+01   6.0789579e+01
  -9.9749155e+01  -5.0333508e+01
  -8.3745082e+01  -3.8256866e+01
  -4.1215083e+01   6.7684222e+01
  -7.8382147e+01  -6.9846093e+01
   7.2283240e+00   8.9361685e+01
  -9.6518694e+01   5.7366566e+01
  -9.2910866e+01  -6.5667421e+01
   1.5733261e+01   2.3291533e+01
   9.3616548e+01  -2.1575576e+01
   9.2467272e+01  -4.1680467e+01
   9.9133650e+01  -1.3222968e+01
  -1.6008897e-01   1.2219838e+01
  -8.3435231e+01   2.2025536e+00
   2.3167614e+01   1.6427511e+01
  -9.8637189e+01   2.8079551e+01
   1.0510693e+01  -8.3250344e+01
   6.7350465e-01  -3.5146941e+01
   3.6752452e+00  -2.5844017e+01
   6.4444944e+01  -8.8852091e+01
   3.1059881e+01  -6.3178265e+01
   6.3446796e+01  -6.1547237e+01
  -8.3079348e+01   2.0167490e+01
  -9.8133523e+01  -3.3124812e+00
   1.8511827e-01   3.3297473e+01
   3.3100660e+01  -5.3444290e+01
   4.0788092e+01  -6.0978584e+01
   3.0899019e+01  -4.3725081e+01
   6.0176354e+00  -5.8747932e+01
  -9.4792178e+01   7.7158088e+01
   5.7734842e+01  -7.0402522e+01
  -2.3851441e+01   9.9492340e+01
   3.7546044e+01  -7.0746738e+01
  -7.3484211e+01   1.6939896e+00
   5.0238139e+01  -8.8784352e+01
  -3.6904707e+01  -6.8256392e+01
   9.4241225e+01  -7.5290501e+01
   8.9778840e+01  -3.1224442e+01
   7.3407071e+01  -6.0796288e+01
   6.7296999e+01  -5.2342940e+01
   1.4592329e+00  -4.4914563e+01
  -9.0852002e+00  -6.1151222e+01
   9.4982350e+01  -6.5319812e+01
  -9.1357911e+01  -3.1798246e+01
   9.9617500e+01  -5.0054440e+01
  -1.9755415e+01  -5.6830870e+00
  -3.0928204e+01  -4.8110221e+00
  -7.3851843e+01  -7.8784395e+01
  -3.1071401e+01  -8.5887142e+01
  -6.6990874e+01  -8.8774070e+01
   7.1441519e+00  -1.6726105e+01
  -2.3370069e+01  -7.9606982e+01
