   5.2578037e+01  -1.4295215e+01
   5.9466227e+01  -4.1154325e+01
   9.3367189e+01  -5.8986752e+01
  -3.5816208e+01   4.2034050e+01
   5.2386302e+01  -3.4107318e+01
  -6.3637465e+01   5.0070246e+01
  -5.5564691e+01  -9.9229285e+00
  -7.3515439e+01  -1.7047901e+00
  -8.2402598e+01   2.9845120e+01
   4.0990766e+01  -7.9960224e+01
   2.2828047e+01  -1.5149306e+01
   3.0000031e+00  -1.7023974e+01
   3.3228783e+01  -4.7701663e+01
   3.8963034e+00  -7.5217680e+01
   4.2563902e+01  -5.1278469e+01
  -1.9029729e+01   6.3592964e+01
  -8.5916703e+01  -2.4651392e+01
  -1.1927811e+01   2.8679528e+01
  -6.4582170e+01   2.8407462e+00
   8.8432797e+01  -1.4704810e+01
  -5.0880085e+01   1.7080068e+01
   3.6764792e+01  -3.5320002e+00
  -4.4668516e+00  -4.9104151e+01
   2.3694005e+01  -4.4709479e+01
  -3.0162951e+00  -3.3387728e+01
   3.2489533e+01  -8.5224296e+01
   5.5140662e+01  -8.9831772e+01
  -4.9847286e+01   5.9331415e+01
  -3.5343719e+01   8.2026297e+01
  -1.6147046e+01   4.7614196e+01
  -6.7183843e+01  -3.4058570e+01
  -2.5824790e+01   4.1718039e+01
  -8.5753720e+01   9.0519745e+01
  -8.2263141e+01  -1.5349375e+01
  -1.8829921e+01  -5.3949196e+00
  -9.8989935e+01   6.3180325e+01
   2.7047130e+01  -5.6724291e+00
   4.7037760e+00  -2.6870277e+01
   1.7189043e+01  -6.9081242e+00
  -2.2706100e+01  -3.5511793e+01
   1.3849829e+01  -7.6114652e+01
   5.1023417e+01  -9.8944647e+01
   5.8754886e+01  -6.2536216e+01
   5.0998143e+01  -8.0730211e+01
  -1.3513891e+01  -8.0868968e+01
  -2.5350958e+01   8.2116505e+01
  -5.3911972e+01   7.8691842e+01
  -2.2803736e+01   3.0013869e+01
  -3.3291046e+01   5.4445969e+01
  -6.6121304e+01  -2.1886436e+01
   7.1928262e+01  -3.8244824e+01
   7.8455046e+01  -1.4087997e+01
  -9.8463824e+01   1.9766311e+01
  -3.7252064e+01  -4.5989773e+00
   6.0976278e+01  -2.2678290e+01
  -3.6399934e+01  -1.4492541e+01
  -9.5158706e+01  -4.1569744e+01
  -8.4541985e+01   6.7545941e+01
  -8.2121619e+01   1.3643964e+01
  -5.5145274e+01   9.8721566e+01
   8.3642982e+01  -9.5555561e+01
  -7.4755292e+01   9.7403143e+01
  -4.1235730e+01   1.4497260e+01
  -9.8117479e+01   4.3210078e+01
  -6.0085105e+01   2.0950087e+01
   1.4828691e+01  -4.9317438e+01
  -8.2569974e+01   4.9435213e+01
   5.0098541e+01  -4.1787107e+00
  -9.4866800e+01   2.9090898e+01
  -8.8868758e+01   2.5705745e+00
  -6.9508282e+01   1.7633031e+01
  -2.4110438e+00  -6.1910455e+00
  -4.6135202e+00  -2.3483628e+01
  -6.6584014e+01   9.0020763e+01
  -9.5508202e+01   8.2360799e+01
  -9.8306552e+01   5.3205108e+01
  -2.3639006e+01  -5.4576265e+01
  -7.2983193e+01   4.6643146e+01
  -4.6864086e+01   4.2903216e+01
   8.2483178e+01  -3.6360761e+01
   6.3707213e+01  -5.0199020e+01
   2.8303081e+01  -7.6013205e+01
   2.9390066e+01  -6.3756234e+01
   5.3116289e+00  -9.4507134e+01
  -5.6885911e+00  -7.1717826e+01
  -1.3887359e+01  -6.2824592e+01
  -4.3222913e+00  -9.1828991e+01
   1.4983529e+01  -9.0853151e+01
  -2.9028247e+01   6.3484484e+01
   6.9062614e+01  -1.0511358e+01
  -6.3704898e+00   3.7315930e+01
  -2.3311593e+01   5.4567216e+01
   9.1088612e+01  -3.1274298e+01
  -3.6367258e+01   9.1969165e+01
  -7.6004101e+01  -2.3369116e+01
  -5.1205189e+01   2.7085346e+01
  -3.2779158e+01   3.0503045e+01
   5.7481010e+01   2.5600256e+00
  -2.9814034e+01   1.1713153e+01
  -9.8220797e+01   9.5159682e+01
  -5.1772679e+01  -2.8742366e+01
  -2.8195083e+01  -8.8101787e+00
  -5.8592257e+00   6.4637476e+01
  -6.5144704e+01  -7.1424197e+00
  -7.2978883e+01   8.2677610e+00
  -8.2805279e+01  -5.3713248e+00
  -2.4268114e+01  -2.5135059e+01
   5.0074030e+01  -4.4558695e+01
  -9.1206140e+01  -1.0787930e+01
  -4.4795805e+01  -2.0765028e+01
   6.3947905e+01  -3.2222193e+01
  -6.5073813e+01   9.9905343e+01
   5.6563351e+01  -7.2283218e+01
  -9.6080604e+01  -2.2209981e+01
  -7.3393390e+01   7.7783116e+01
   4.5140971e+01  -8.9846426e+01
   2.5218944e+01  -9.2089928e+01
   4.2801634e+01  -3.1304276e+01
   3.2724862e+01  -1.6557883e+01
  -8.5434822e+01  -3.8892884e+01
  -4.8179442e+01   7.3351507e+00
   6.7491853e+01  -6.7380279e+01
   4.1614397e+01  -2.1134018e+01
   1.4533301e+01  -2.8193014e+01
   5.0395124e+01   9.6132249e+00
   1.8919697e+01   8.3927077e+00
   1.7171450e+01  -5.9763874e+01
   2.5667515e+01  -5.4493382e+01
  -5.8838487e+01   1.1027041e+01
   7.3360307e+00  -8.0376771e+00
  -8.3349633e+00  -1.4219342e+01
   1.9248818e+00   4.0835200e+00
   1.3002280e+01  -1.7854465e+01
   5.1110944e+01  -2.4195613e+01
   4.8773520e+01  -6.1925520e+01
  -6.2623639e+01   3.0612976e+01
  -1.4525919e+01  -2.3194987e+01
  -2.3731252e+01  -6.4575826e+01
  -3.0061374e+01  -4.3659869e+01
   3.6683797e+01  -7.0574867e+01
   4.6601902e+01  -7.1685114e+01
   9.3107479e+01  -4.8990857e+01
   7.0238291e+01  -5.7764940e+01
   2.0907848e+01  -6.9038845e+01
   7.3643486e+01  -9.5455134e+01
   7.6656906e+00  -5.6284636e+01
  -2.5815965e+01  -7.5774357e+01
  -2.4122301e+01   7.2195328e+01
   8.2108747e+01  -4.7836934e+00
   7.0690895e+01  -2.0374049e+01
  -5.0627362e+01   6.9261701e+01
  -4.3407488e+01   7.6138394e+01
  -4.0418371e+01   6.2686698e+01
  -3.4329491e+01   7.1958885e+01
  -3.0291515e+00   2.4121960e+01
   7.5730785e+01  -2.8998584e+01
   2.4009265e+00   3.2519226e+01
   6.7127986e+01  -5.9524047e-01
   8.4359217e+01  -2.3866479e+01
  -9.8505194e+01  -9.6282558e-02
  -5.3687300e+01   5.0136337e+01
  -5.7593154e+01  -3.6858167e+01
  -1.1849590e+01   5.6635022e+01
  -1.6359737e+01   3.7636296e+01
  -2.8109226e+01   2.1552518e+01
  -4.5218866e+01   8.5963884e+01
  -2.5097778e+01   2.8763540e+00
  -1.3098250e+01   7.1637899e+01
  -3.4155528e+01  -2.4150833e+01
  -7.2350117e+01  -1.4064663e+01
  -2.0542526e+01  -1.5234431e+01
  -6.1560591e+00   4.7313010e+01
  -5.6336773e+01  -1.9870053e+01
  -7.9973809e+01   3.9533129e+01
  -9.2164778e+01   1.2005314e+01
  -8.8116719e+01   2.1646349e+01
  -7.2798492e+01   2.7070098e+01
  -4.5537745e+01   9.5954197e+01
  -4.1930166e+01  -3.0342151e+01
  -7.6242703e+01   8.7431258e+01
  -5.6538834e+01   8.8646518e+01
  -6.3753929e+01   8.0431231e+01
   5.4305863e+01  -5.3598858e+01
  -9.2858798e+01  -3.1840616e+01
   6.4761987e+01  -8.7108546e+01
  -4.2982384e+01   5.2088646e+01
  -7.7149191e+01  -3.3300067e+01
  -8.3387039e+01   7.7478868e+01
   2.3981130e+01  -2.5064073e+01
   3.1640699e+01  -3.6973290e+01
   4.0724402e+01  -4.1084938e+01
   3.3704404e+01  -2.7201908e+01
   6.5286673e+01  -7.7129797e+01
   3.5721512e+01  -9.4687515e+01
  -8.9785745e+01   3.7693515e+01
   4.3057482e+01  -1.1265591e+01
   7.7254906e+01  -6.5260879e+01
   4.1382752e+01   5.3070234e+00
   6.4360661e+00  -3.6696870e+01
   2.1888529e+01  -3.4899833e+01
   2.8035390e+01   4.2812437e+00
  -7.8877002e+01   5.9305386e+01
  -9.3146294e+01   7.2643732e+01
  -1.0329266e+01  -2.1337570e-01
   1.1604897e+01   1.5740784e+00
  -2.0184270e+01  -4.5186509e+01
  -8.9067603e+01   5.7027813e+01
  -4.2046535e+01   3.4227026e+01
  -7.0301045e+01   3.7010096e+01
   5.2074780e+00  -4.6603136e+01
  -1.3742132e+01  -5.2828422e+01
  -4.6081892e+00  -5.9101372e+01
  -3.3636684e+01  -5.4791576e+01
   3.8867298e+01  -6.0569780e+01
  -5.4680648e+01   3.6677673e+01
  -3.5669095e+00  -8.1861308e+01
   7.1247434e+00  -8.4675072e+01
   6.3473806e+01  -9.7021517e+01
   8.7133463e+01  -6.6805055e+01
   9.8510956e+01  -3.7974848e+01
  -3.2587571e+01  -3.3999150e+01
   7.3486148e+01  -4.8119259e+01
   8.0034220e+01  -5.5672579e+01
   2.1127151e+01  -8.2967722e+01
   1.9070631e+01  -9.9977033e+01
  -4.0686301e+01   2.4397876e+01
   5.9627074e+01  -7.2065049e+00
   3.2712552e+00  -6.5251623e+01
   9.7014001e+01  -6.8341636e+01
  -3.2955818e+01  -6.8434794e+01
  -2.2503664e+01  -8.5245221e+01
   8.3479531e+01  -4.6299165e+01
  -4.5620140e+01  -1.0691020e+01
  -3.7462022e+01   5.3162324e+00
  -5.4989986e+01   4.2158249e-02
  -1.2112476e+01  -9.8096503e+01
  -1.3009722e+01  -3.3078114e+01
