   4.0735207e+01   9.0187857e+00
   2.9456886e+01  -1.3473696e+01
  -2.3651750e+01  -2.2079482e+01
   7.7453913e-01   2.2382581e+01
   5.7359905e+00  -2.9600747e+01
   1.1961675e+00   1.2391650e+01
  -4.2805969e+00  -6.3180030e+00
   4.4059053e+00  -1.9689602e+01
  -1.3686748e+01  -2.1244184e+01
   2.4647338e+01  -2.4075341e+00
   4.6693781e+00  -1.8574248e+00
   2.3405751e+01   4.1959566e+01
   1.4405266e+01  -1.9578889e+01
  -3.6690153e+00  -2.6202991e+01
  -3.9093948e+01   9.2305183e+00
   1.5059072e+01   1.5255168e+01
  -1.1491901e+01   2.8584003e+01
   1.5735342e+01  -2.9490024e+01
   2.4786643e+01  -2.2466701e+01
  -4.9991647e+00  -1.6291967e+01
  -1.1800728e+01  -4.1139826e+01
   1.5829044e-01  -4.5994155e+01
   9.0880151e+00  -1.0841912e+01
  -2.2321604e+01  -3.1990606e+01
  -2.9100010e+01   8.8824208e+00
  -3.6426214e+01  -9.5849192e+00
  -1.2627698e+01  -8.1120128e-01
   2.8521725e+01   1.0571309e+01
   1.9516714e+01   6.2228354e+00
   9.5382005e+00   6.8772139e+00
   5.2263129e+00   3.8792468e+01
   3.3634709e+01   1.9772852e+00
  -2.1490161e+01   2.8770400e+01
   1.6333693e+01   3.4889518e+01
   2.4955356e+01  -3.3361833e+01
   1.9737962e+01  -1.1119465e+01
  -2.4219537e+00  -3.6124889e+01
  -4.1694129e+01  -6.6327469e-01
   7.6840824e+00  -3.9409144e+01
  -1.3412859e+01  -1.0780325e+01
  -3.1694780e+01  -7.7506535e-01
  -1.2356573e+01  -3.1155305e+01
  -2.6898324e+01  -1.2621200e+01
  -3.3596541e+01  -2.3128608e+01
   3.6267826e+01   1.7965432e+01
  -2.2166936e+01  -3.8113724e+00
   1.4647906e+01  -2.5118439e+00
   8.1723179e+00   2.9111011e+01
  -6.0451187e+00   4.1146784e+01
   4.3067314e+01  -1.3432219e+00
  -3.6851003e+00   3.6641192e+00
   2.6458909e+01   2.0356228e+01
  -1.5455864e+01   3.7764796e+01
   1.7569318e+01   2.4936088e+01
   2.5945567e+01   3.0402961e+01
  -2.0811794e+00   3.1966038e+01
