  -7.4958438e+01   2.6835921e+01
   2.6750340e+01  -4.3895952e+01
   3.8629311e+01  -6.6394043e+01
  -7.3880183e+01   8.2576477e+01
   6.0074582e+01  -3.2759122e+01
   4.1981297e+01  -5.7210090e+01
  -7.1140629e+01   1.7644080e+01
  -9.2374005e+01   1.9380911e+01
   2.8949241e+01  -6.3901689e+01
   5.0357977e+01  -6.3942148e+01
  -5.4907817e+01   2.3133064e+01
  -6.2865866e+01   4.2785703e+01
  -9.5561696e+01   5.0793990e+01
   3.0653899e+01  -8.7349752e+01
   1.6810553e+01  -4.2128258e+01
   3.6374394e+01  -4.5281870e+01
   3.0961574e+01  -5.4106284e+01
  -4.8814157e+01   5.2092680e+01
  -8.4920840e+01   9.8651014e+00
  -7.9920527e+01   6.5809201e+01
  -5.5503340e+01   6.0023402e+00
  -7.4787215e+01   3.6906561e+01
  -9.3007952e+01  -2.8034308e-01
  -9.7990559e+01   4.0421992e+01
  -9.5064782e+01   3.0859646e+01
   4.5582061e+01  -4.8798886e+01
   2.6608405e+01  -7.8211957e+01
   2.7640884e+01  -3.3998653e+01
   5.0569185e+01  -8.4939059e+01
   5.3644512e+01  -5.5525705e+01
   1.0498516e+01  -5.0530297e+01
   2.0425950e+01  -5.1489214e+01
   1.0029009e+01  -6.6994273e+01
   6.2559061e+01  -7.0793699e+01
   4.0486866e+01  -3.7029544e+01
  -4.1440944e+01   4.5427331e+01
  -8.4085466e+01  -8.3647362e+00
  -8.0482060e+01   5.6217694e+01
  -8.9351734e+01   6.9002869e+01
  -6.1126409e+01   1.5264571e+01
  -6.4534988e+01   2.4479340e+01
  -5.7096373e+01   3.3865716e+01
  -3.9911892e+01   3.5196005e+01
  -8.1230332e+01   1.9105826e+01
   5.8763734e+01  -4.1468539e+01
   4.1123746e+01  -8.7648971e+01
   3.6479144e+01  -2.9509217e+01
   3.7064698e+01  -7.6474468e+01
   1.6834925e+01  -3.2128287e+01
   2.1021297e+00  -4.5113032e+01
   6.1539838e+01  -6.0954709e+01
   1.8154708e+01  -6.1181482e+01
   5.3726645e+01  -7.5458474e+01
   1.9623826e+01  -7.1060099e+01
  -9.8721299e+01   7.4725854e+01
  -8.8179753e+01   3.8313307e+01
  -8.5407924e+01   2.8262782e+01
  -5.1355919e+01   4.1754024e+01
  -5.8648781e+01   5.1549686e+01
  -7.5050692e+01   8.9200079e+00
  -8.0211319e+01   6.9702057e-01
  -9.0012373e+01   5.9061780e+01
  -6.8830668e+01   5.0612204e+01
  -8.9751431e+01   7.9005179e+01
  -5.5442423e+01  -3.9967019e+00
  -8.0589064e+01   7.5418554e+01
  -9.4850940e+01   9.5902551e+00
  -6.5470796e+01   6.3350656e+00
  -7.7968652e+01   4.6805463e+01
  -4.5100452e+01   2.1595463e+01
  -4.8436497e+01   3.0715592e+01
  -6.6149261e+01   3.3697562e+01
   5.0993039e+01  -3.3248245e+01
   4.7608244e+01  -4.0717791e+01
   5.4775867e+01  -4.7713725e+01
   3.9443519e+01  -8.3756543e+01
