  -7.1952710e+01   9.4104960e+01
   5.6542632e+01  -1.7321123e+01
  -5.1578992e+01   1.6805856e+01
  -7.0049652e+01   3.8502617e+01
   9.3348273e+00  -5.0784613e+01
   4.3543061e+01  -5.0438891e+01
  -4.0293322e+01   6.5193435e+01
  -8.9984908e+01   7.3579322e+00
  -7.6030264e+01   7.5165298e+01
  -4.3428409e+01   8.0430789e+00
  -9.7464810e+01   7.2085540e-01
   6.7105790e+00  -8.1214551e+01
   6.4903920e+01  -9.0586372e+01
   5.5378121e+01  -4.6986152e+01
  -4.2079550e+00  -6.3862993e+01
   7.6428861e+01  -6.5431303e+01
  -3.4453710e+01   4.4365696e+01
  -9.1159870e+01  -1.4690637e+01
  -4.1176125e+01   3.6962425e+01
  -9.0653996e+01   1.9737046e+01
   5.2895618e+01  -3.6948436e+01
   4.3304394e+01  -3.0370216e+01
   3.7140024e+01  -8.6136917e+01
   1.8178903e+01  -2.6167587e+01
  -8.9702865e-01  -5.0353048e+01
  -8.8969810e+01   2.9594191e+01
  -5.4882507e+01   4.9413897e+01
  -8.1383549e+01   2.2214761e+00
  -6.0382040e+01   4.1062017e+01
  -9.5247147e+01   8.6306981e+01
  -5.3072363e+01  -1.5059120e+01
  -7.6418935e+01   8.5157738e+01
  -9.9048439e+01   1.1583131e+01
  -5.9843601e+01  -7.3139274e-01
  -7.9970228e+01   3.9760446e+01
  -4.1637003e+01   1.7881273e+01
  -6.2999429e+01   3.1410748e+01
   4.6623966e+01  -8.2968106e+01
   3.1603397e+01  -9.4463709e+01
   2.5815771e+01  -1.9711721e+01
   6.1549767e+00  -1.9786418e+01
   3.3583091e+01  -3.9346099e+01
   2.1630926e+01  -3.5552870e+01
   4.1058174e+00  -3.9801542e+01
   8.0694848e+01  -4.7350674e+01
   2.0159620e+01  -6.3797143e+01
   3.0784142e+01  -6.7295657e+01
   3.9044703e+00  -6.9710050e+01
   4.8200185e+01  -7.1059792e+01
   4.0497923e+01  -6.4682615e+01
  -2.7381968e+01   5.1436063e+01
  -4.1923236e+01   5.5327176e+01
  -8.8089982e+01   5.7460690e+01
  -7.4295266e+01  -4.8323332e+00
  -8.4142771e+01  -2.1919103e+01
  -4.5489290e+01  -8.5401488e+00
  -2.3483917e+01   2.8266443e+01
  -3.4094088e+01   2.4446660e+01
  -6.7506207e+01   8.0394099e+01
  -7.8092385e+01   5.7679528e+01
  -7.2600030e+01   1.6883490e+01
  -6.7881543e+01   8.0667100e+00
   7.5406847e+01  -2.4684481e+01
  -8.1232726e+01   2.3258845e+01
   6.9080434e+01  -4.7371778e+01
  -6.3366234e+01   2.0819779e+01
  -5.1340223e+01   3.6790574e+01
   7.4341716e+01  -9.3891859e+01
  -7.1903411e+01   2.6859173e+01
  -8.6035512e+01   8.2415227e+01
   4.1783085e+01  -1.1685900e+01
   3.5815769e+01  -1.9710251e+01
   2.4341882e+01  -4.5209708e+01
   1.6042435e+01  -1.6398435e+01
   9.7479797e+00  -3.1545272e+01
   1.3887357e+01  -4.1880360e+01
  -1.0878135e+01  -5.0967475e+01
   1.8925272e+01  -5.3616832e+01
   7.0690422e+01  -5.7241324e+01
  -5.8913176e+00  -3.9562196e+01
   2.2927371e+01  -8.9344749e+01
   2.8065696e+01  -5.7672580e+01
   6.5012203e+01  -8.0587219e+01
   1.3747782e+01  -7.1472996e+01
  -9.7833261e+01   6.7315654e+01
  -9.8187284e+01   3.3848484e+01
  -5.7933481e+01   9.0844667e+00
  -5.1316821e+01   5.8756539e+01
  -4.5488958e+01   4.5984529e+01
  -4.9799280e+01   6.8640698e+01
  -2.4738756e+01   4.1414691e+01
  -8.1929422e+01   1.3283182e+01
  -6.2218138e+01  -1.9103225e+01
  -3.1586504e+01   3.4127152e+01
  -8.7853535e+01   9.3553744e+01
  -8.1645227e+01  -1.1613046e+01
  -4.9911176e+01   4.2906368e-01
  -8.8904887e+01  -4.7302715e+00
  -3.3488788e+01   1.2084199e+01
  -7.4412964e+01  -1.8519157e+01
   6.8488305e+01  -3.1904853e+01
  -8.9677389e+01   7.3101979e+01
  -8.1771953e+01   6.6977939e+01
  -4.4392796e+01   2.7493985e+01
   5.9931820e+01  -2.6729279e+01
   6.0872544e+01  -5.5341469e+01
  -5.7594250e+01   8.1718136e+01
  -6.5267215e+01  -9.1328303e+00
   4.3523511e+01  -4.0436070e+01
   6.2456083e+01  -3.9880585e+01
  -8.9967877e+01   3.9544215e+01
  -5.4334746e+01   2.6418609e+01
  -7.4713910e+01   4.8267542e+01
   3.2948212e+01  -7.7058329e+01
   2.3400378e+01  -7.4085615e+01
   5.6160221e+01  -9.5438717e+01
   2.3258219e+01  -9.9973062e+01
   3.3173085e+01  -2.9354647e+01
  -6.4865271e+01   5.0000645e+01
   3.3603035e+01  -4.9345906e+01
   4.6114507e+01  -2.0773171e+01
   2.9683683e+01  -1.0490048e+01
   3.9047486e-01  -2.8018645e+01
   9.3584281e+00  -8.9604204e+00
   5.1431222e+01  -6.1223684e+01
  -9.3348978e+01   4.8955235e+01
  -1.5558544e+01  -4.2120465e+01
   1.6706046e+01  -8.1515630e+01
   4.6470618e+01  -9.2966807e+01
   5.8283276e+01  -6.8507098e+01
   8.2167298e+01  -5.7241670e+01
   1.3099417e+01  -9.1193755e+01
  -9.8768228e+01   5.7359473e+01
   6.8010160e+01  -7.0828066e+01
   5.5337406e+01  -7.8063169e+01
   4.9314938e+00  -5.9762941e+01
  -3.3528310e+00  -7.6589813e+01
