   2.7229622e+01   9.1715102e+00
   2.0552276e+01  -1.3578958e+01
  -2.4671441e+01  -1.0851028e+01
   4.2089437e+00   2.7087117e+01
   5.3881013e+00  -2.9291226e+01
  -5.4599639e+00  -9.4858996e+00
  -1.2684585e+00   7.9746765e+00
   7.8073863e+00  -9.0111067e+00
  -8.9386562e+00   2.7920879e-01
   1.3266887e+00  -1.6829307e+01
  -1.3094768e+01  -1.7354143e+01
   2.0850701e+01  -3.5834119e+00
   9.0773532e-01  -1.7785624e+00
   1.2447226e+01   2.1364558e+01
   1.1675332e+01  -1.8230380e+01
  -1.5256076e+01  -7.4836279e+00
  -3.8535211e+00  -2.5382848e+01
  -2.1691924e+01   1.6963924e-01
   1.7302102e+01   1.0355534e+01
   1.2207153e+01   1.4454139e+00
  -6.4260348e-01   1.8342968e+01
   7.5699109e+00   1.2637650e+01
  -6.4644673e+00   2.6473470e+01
