  -7.4398615e+01   3.3231934e+00
  -8.5754849e+01   2.3866191e+01
  -3.5038406e+00   4.4795797e+01
  -4.1696026e+00  -4.2826365e+01
   3.8801004e+01  -8.1435460e+01
  -5.0253869e+01   6.2413535e+01
  -8.5362962e+01  -2.2870305e+01
   6.5398602e+00  -2.1970607e+01
  -1.9786138e+01  -3.6978429e+01
   1.5020595e+01  -8.0153421e+01
   4.7289670e+01  -9.4147109e+01
  -1.9929649e+01  -8.5645981e+01
  -5.2094665e+01   9.9020594e+01
  -6.9412740e+01  -3.2846396e+01
  -6.0873748e+01   2.6992120e+01
   2.4805058e+01  -3.9780809e+01
  -6.7374844e+01   1.0371645e+01
  -8.6650683e+01   4.6372440e+01
  -1.1430087e+00  -7.4059077e+01
  -1.8997942e+01  -6.6661154e+01
   7.0283295e+01  -1.9208259e+01
  -1.7393987e+01   5.6700662e+01
   9.1038251e+01  -3.7655109e+01
  -3.0923111e+01   9.8870241e+01
  -4.1703076e+01   2.4197213e+01
  -3.9262713e+01   1.3916300e+01
   1.7796692e+01   6.3019946e+01
  -7.9987403e+01   6.6384501e+01
  -8.5128577e+01  -4.7622996e+01
  -5.6000749e+01   7.0457560e+00
   6.1166912e+01  -6.2440933e+01
   4.9279159e+01  -3.2351075e+01
   1.4724700e+01  -3.9662558e+01
   4.5796673e+01   3.6584959e+01
  -6.4936803e+01   3.5969129e+01
  -2.0581002e+01  -5.7220745e+01
  -2.6214280e+01  -7.3094677e+01
  -1.5541633e+01   7.3489066e+01
   9.7324084e+01   3.7211154e+00
  -4.4456842e+01   7.0511076e+01
  -3.1323552e+01   6.5339774e+01
  -3.3842402e+00   2.5383957e+01
   9.7325406e+01  -2.9899780e+01
  -6.0429851e+01  -3.6968177e+01
  -7.8898207e+00   5.3732577e+01
  -2.1360125e+01   1.3707276e-01
  -3.1748385e+01  -1.8984822e+01
   2.1567719e+00   5.2868651e+01
  -4.8282861e+01  -2.2711657e+01
   3.8524074e+01  -5.2986353e+01
   5.6807294e+01  -9.0165796e+01
  -3.9982721e+01   4.1980489e+01
   2.2216294e+01  -3.0244397e+01
   3.2004419e+01  -3.2965021e+01
   6.6353554e+01  -8.7225002e+01
  -9.6146321e+01   4.9356168e+01
   4.4794860e+01  -2.9639719e+00
   2.9771748e+01   3.5868858e+00
  -1.6515308e+01  -8.5747562e+00
   1.0392760e+01   2.1137844e+00
  -9.8747328e+01   5.8975682e+01
  -7.4975228e+01   2.7526646e+01
  -2.7935603e+00  -5.2726664e+01
  -2.8024129e+01  -5.1670324e+01
   4.0773587e+01  -6.2625184e+01
   9.5239527e+01  -7.8031876e+01
  -2.6003116e+01  -2.9380681e+01
   6.2044077e+01   1.4830228e+00
   5.9151325e+00  -5.9113064e+01
  -4.4089041e+01  -8.0982240e+01
   8.2942349e+01  -4.3472662e+01
  -4.0690746e+01  -5.7131350e+00
   8.4489748e+01   1.8876275e+01
   1.5503578e+01   2.2369701e+01
   6.7026618e+01   2.0508345e+01
  -1.2666214e+01   2.8766451e+01
   7.1519727e+01  -3.1612284e+00
   1.8320053e+01   4.1989433e+01
  -4.2149860e+01   8.1726239e+01
  -3.1131475e+01  -2.8386184e+00
  -6.6798423e+01  -5.5139677e+01
   7.1505439e+01  -4.0095665e+01
  -3.2006411e+01   3.6150852e+01
  -1.5659700e+01  -2.8142537e+01
  -6.3988817e+01   4.7387852e-01
  -6.7397117e+01   5.0249089e+01
  -2.5460742e+01   7.3384650e+01
   6.8321810e+01  -2.8989215e+01
   8.8277918e+01  -9.3244627e+01
   2.9380378e+00   7.9915049e+01
   1.0165064e+00   9.7447954e+01
  -4.1197407e+01  -1.5685880e+01
  -9.5967930e+01  -1.4972797e+01
   4.5797573e+01  -4.6152955e+01
  -8.7293219e+01  -3.2681236e+01
  -5.8878771e+01   1.6615810e+01
  -7.7759616e+01   1.7942978e+01
  -7.5763511e+01  -5.0945091e+01
  -8.0002125e+01   9.4880528e+01
   3.5428177e+01   2.3856999e+01
  -6.6939698e+01   7.9892490e+01
   7.0101759e+01  -6.8317400e+01
   8.0597461e+01  -6.6168634e+01
   2.0910464e+01  -1.2469595e+01
   4.6255687e+01   1.6604653e+01
   3.1384704e+01  -6.7111369e+00
   9.1908228e+00  -1.1889741e+01
   1.7216704e+00  -2.8357488e+00
  -9.7814396e+01   8.0941024e+00
   3.3570974e+01  -4.4408665e+01
  -9.8210645e+00  -6.9617613e+01
   3.1023057e+01  -6.1457786e+01
   7.8450715e+01  -9.6757936e+01
  -1.1870315e+01  -9.9657476e+01
   8.1223447e+00  -9.2240829e+01
  -4.0150697e+01  -7.1683842e+01
  -2.6060021e+01  -9.4885109e+01
  -8.0675126e+00  -8.0811914e+01
  -2.9415008e+01  -8.5864112e+01
   5.2189127e+00  -8.1623575e+01
   1.7786215e+01  -8.9718484e+01
  -1.8730528e+00  -9.9912616e+01
   8.2931393e+01  -3.8018951e+00
   9.2896123e+01   1.3460471e+01
  -1.4559905e+01   9.1684090e+01
   8.3507923e+01  -1.9052909e+01
   2.0436916e+01  -9.9336978e+01
  -1.5119024e+00   3.5097575e+01
   5.7113582e+01   2.1824096e+01
  -3.5399784e+01   5.0743602e+01
   2.5456363e+01   3.4935723e+01
   1.1314122e+01   4.9069490e+01
   6.0359610e+01  -1.8050772e+01
   6.3727445e+00   2.8964727e+01
  -4.9710616e+01   4.3611745e+01
  -3.2133388e+01   2.6259571e+01
  -5.6993696e+01  -5.5437230e+01
  -2.9719195e+01   1.6666743e+01
  -9.9929841e+01   9.4813261e+01
  -3.0432822e+01   8.3106028e+01
  -4.0368986e+01   6.1205220e+01
  -2.0527519e+01   8.2077660e+01
  -6.0773634e+01  -2.7051681e+01
  -5.5053731e+01   3.5186744e+01
   9.6024159e+01  -8.7318411e+01
   4.3451758e+01  -1.2832095e+01
  -1.2376554e+01  -1.7543174e+01
  -4.5203461e+01   5.2490200e+01
  -3.6795225e+01   9.0775973e+01
  -1.1098014e+01   3.8463453e+01
  -2.6299225e+01   4.6336251e+01
  -2.2101917e+01   3.7084208e+01
  -2.5899490e+01  -1.1193472e+01
  -3.0089688e+01  -4.2400257e+01
  -3.9016303e+01  -2.5432415e+01
   8.0444254e+00   6.0907036e+01
  -5.6126909e+01  -1.6988540e+01
   3.8369736e+00   6.9990468e+01
  -9.5103727e+01  -2.4922185e+01
  -1.0544487e+01   8.2090714e+01
   4.0449306e+01  -2.7647184e+01
  -8.3702455e+01  -2.6813913e-01
  -9.5873591e+01   2.8842515e+01
  -8.3657679e+01   3.3537771e+01
  -9.6785378e+01   7.7669108e+01
  -7.4616386e+01   3.7448742e+01
  -8.3307827e+01   9.6936757e+00
  -8.9955020e+01   9.4951646e+01
  -8.5981267e+01   7.4351875e+01
   1.2225940e+01  -3.0115241e+01
   2.6000148e+01  -2.1056419e+01
  -4.5248952e+01   3.3531850e+01
   5.3226996e+01  -8.0302308e+01
  -8.8622684e+01   6.0079239e+01
  -7.0162665e+01  -4.2736127e+01
   4.6154263e+01   2.6595445e+01
  -7.5742850e+01  -2.5300329e+01
  -9.3892186e+01  -4.2879402e+01
  -7.6335824e+01   8.5393119e+01
  -9.4571310e+01   6.8015108e+01
   2.5451533e+01   2.3270587e+01
   6.2144979e+01  -3.6834413e+01
   5.8109054e+01  -2.7743921e+01
   6.5043029e+01  -4.7975836e+01
   5.0134985e+01  -6.5445000e+01
  -1.1398046e+01  -2.0021494e-01
   7.7428826e+01   4.8929257e+00
   7.3989084e+00  -4.9469127e+01
   1.9714549e+01  -4.8123382e+01
  -7.2785662e+00  -3.3487630e+01
  -5.1511313e+01   2.4035502e+01
  -1.1785229e+01  -4.8487148e+01
  -6.0254197e+01   9.3288980e+01
  -7.9360530e+01   5.6509145e+01
  -2.8735865e+01   6.8067637e+00
   3.2428550e+01  -7.2147179e+01
  -2.6863310e+00  -6.3141500e+01
  -2.0861134e+00   6.3722293e+00
  -4.0084496e+01  -6.2895147e+01
  -2.0888496e+01  -4.6308519e+01
  -1.6890335e+01  -7.6361625e+01
   5.3228458e+01  -1.0315151e+01
   9.5976840e+01  -6.0021807e+01
   6.8889861e+01  -5.7218559e+01
   8.3912277e+01  -5.3593890e+01
   8.8768894e+01  -6.6705392e+01
   2.8827898e+01  -8.2069609e+01
  -4.7887539e+01   1.2303063e+00
  -3.8323554e+01   4.0034700e+00
  -4.9185779e+01   1.4341234e+01
  -5.2005078e+01  -7.8643294e+00
  -6.2197457e+01  -9.2950635e+00
   7.0739811e+00  -6.8896641e+01
  -3.7497871e+01  -9.1411193e+01
  -5.7512548e+01  -7.6251603e+01
   9.1988556e+01  -4.8992944e+01
  -4.9600105e+01  -7.0486218e+01
  -1.4195534e+00  -8.9404008e+01
   6.8983238e+01  -9.6729884e+01
  -1.1052179e+01  -5.8242153e+01
   3.7690804e+01  -9.1356326e+01
   9.8357758e+01  -6.2246546e+00
   8.7423332e+01   5.1063490e+00
   7.5411860e+01   1.4683226e+01
   6.6276876e+01   1.0537986e+01
  -8.7546830e+00   9.9826482e+01
   2.7715700e+01  -9.2007269e+01
   2.0752179e+01   5.2287846e+01
   8.9673743e+01  -1.1180567e+01
   8.7472007e+01  -2.8228332e+01
  -2.2353227e+01   2.7059786e+01
  -5.9518397e+01  -6.5083756e+01
  -8.7989215e-02   1.6089731e+01
   1.5778120e+01   3.2343413e+01
  -3.5345602e+01   7.4446872e+01
   7.1940568e+00   3.9969846e+01
  -5.9540122e+01   4.4264846e+01
   7.6788033e+01  -1.1655039e+01
   6.3052869e+01  -8.4539714e+00
  -5.3518749e+01   7.4627380e+01
  -1.1397049e+01   6.4538439e+01
   4.9398508e+01  -2.2148634e+01
   4.0819580e+01  -3.7591369e+01
  -2.7243638e+01   5.6291891e+01
  -7.5370824e+01  -1.5393053e+01
  -1.6337094e+01   4.6851707e+01
  -6.8132941e+01   2.0288922e+01
  -4.6787175e+01   9.0560180e+01
  -8.4997328e+01  -1.2898234e+01
  -2.1893946e+01  -2.0351918e+01
  -4.1454615e+01   9.9605326e+01
  -5.2015751e+01  -3.1815451e+01
  -3.4773230e+01  -3.4061442e+01
  -1.8908339e+00   6.1883316e+01
  -7.1612806e+01  -6.2085115e+00
   1.2702633e+01   8.2043536e+01
   1.3583322e+01   7.2085684e+01
  -5.5648179e+00   7.3372007e+01
  -5.5113832e+01   5.3693430e+01
   1.6179230e+01  -2.1054645e+01
  -7.6750668e+01   4.7025726e+01
  -2.6601498e+00   8.8174493e+01
  -6.1111727e+01  -4.6712933e+01
   6.5361992e+01  -7.7404225e+01
   4.3725192e+01   6.9440247e+00
   5.4808283e+01   3.1603893e+01
   2.6660242e+01   1.3362064e+01
   2.2067447e+01  -2.7094357e+00
   3.5628355e+01  -1.8937925e+01
  -2.4548608e+01   9.1190768e+01
  -6.5950005e+01  -1.8574198e+01
   5.5580875e+01  -4.4306168e+01
   3.6611356e+01   1.3936494e+01
   5.5969762e+01   1.1889728e+01
  -9.7512213e+01  -5.2195873e+01
  -8.0823978e+01  -5.9534351e+01
  -5.7696879e+01   8.3664036e+01
  -7.5855909e+01   7.5425719e+01
  -7.9459619e+01  -3.8895895e+01
   5.7715457e+01  -7.1501347e+01
   7.9429448e+01  -3.4101884e+01
   9.3619319e+01  -2.0362735e+01
  -9.8793304e+01  -3.4188802e+01
   2.2620111e+01  -7.3833242e+01
   1.9202199e+01   6.7828070e+00
   4.8216607e+01  -5.5750606e+01
   4.2908362e+01  -7.2352607e+01
   4.9958270e+00  -4.0000455e+01
   2.2611101e+00  -3.0712334e+01
  -4.8427946e+00  -2.3886332e+01
  -6.6376331e+00  -8.3259457e+00
  -1.8001534e-01  -1.5167322e+01
  -9.1326549e+01   1.5650685e+01
  -9.2420297e+01   3.8223812e+01
   2.1528181e+01  -6.4049170e+01
   1.5196692e+01  -5.6645700e+01
   9.6982282e+00   1.4257549e+01
  -9.2001629e+01  -5.8036987e+00
  -4.9116499e+01  -6.0623803e+01
  -7.0060580e+01   9.4949872e+01
  -3.4383842e+01  -7.8325347e+01
  -3.5265510e+01  -5.5918726e+01
  -9.0054947e+01   8.4986011e+01
  -1.1290647e+01  -8.9946229e+01
   7.4920813e+01  -4.9374072e+01
   7.7201327e+01  -5.9267776e+01
   9.2699692e+01  -7.0637594e+01
