  -2.1879739e+01  -2.7544117e+01
   3.1393259e+01   5.4503585e+01
   7.2906760e+01  -3.6456541e+01
  -9.6322908e+00  -3.9573080e+01
  -3.0394099e+01   1.5230063e+01
  -6.6869676e+00  -1.1731050e+01
   2.1715319e+01   3.9394197e+01
  -3.8933696e+01  -6.3790206e+00
  -7.8212450e+01  -4.7933027e+01
   2.2441046e+01  -4.4896934e+01
   8.4030519e+01   2.3022950e+01
   3.3817072e+01   2.8958890e+01
   4.3158956e+01   2.5402389e+01
   4.2545878e+01   1.5919146e+00
   1.1370182e+01   7.8209754e+01
  -5.5432632e+01   4.1745494e+01
   2.5884181e+01  -1.9193418e+01
  -3.6256137e+01  -8.3951275e+01
   2.0820936e+01  -3.4558464e+01
  -5.9479875e+01   3.0049060e+01
  -6.6416914e+01  -5.5406287e+00
   3.6549090e+00  -3.8711050e+01
   1.7078645e+01  -7.9658238e+01
  -3.1125662e+01  -2.4368082e+01
  -3.0710946e+01  -4.9554090e+01
  -5.6214240e-02   4.3763560e+01
   2.4813728e+01  -8.5921193e+00
   2.9244815e+00   6.0167247e+01
   1.7257370e+01  -2.0959090e+00
  -3.8565220e+01   4.2040914e+01
   3.8230029e+01  -3.2068258e+01
   2.7054622e+01  -5.7154950e+01
  -6.4352463e+01  -1.6235134e+01
  -5.6593623e+01  -6.9146431e+00
  -4.7877953e+01  -2.3943411e+00
   7.9202094e+00  -9.3285611e+01
  -5.0301995e+00  -2.1497875e+01
   1.3032429e+01  -7.0515697e+01
  -3.9110389e+01  -6.9220419e+01
   5.9338322e+01   3.3198845e+01
  -5.4639062e+01  -1.7492309e+01
  -9.1144930e+00   3.9239093e+01
  -3.8483481e+00   7.0197831e+01
  -2.8895986e+01   8.1979273e+01
   8.8069716e+00   1.2761160e+01
   8.6973874e+01  -2.0824472e+01
   4.3963115e+01   6.9204042e+01
   5.7389765e+01  -2.2883327e+01
  -2.6195785e+01   2.3574476e+01
  -2.8643226e+01   4.2057759e+01
   1.7404865e+01   5.0207043e+01
   3.6880540e+01   3.8428610e+01
   4.9934856e+01   5.5490709e+01
   8.6847884e-01  -3.8151381e+00
   4.8267068e+01  -5.2604494e+01
   3.4106281e+01  -8.0147467e+01
  -1.9383276e+01  -7.0946864e+01
   2.8859264e+01  -2.8642365e+01
  -4.0314175e+01   1.5719414e+01
  -8.2548583e+01   1.9817231e+01
  -7.4628182e+01   3.7589466e+01
  -7.0293023e+01  -2.4385062e+01
  -1.1655674e+01  -5.9277933e+01
  -2.0763296e+01  -8.5198807e+01
   2.6037655e-01  -4.8029783e+01
  -4.1499515e+01   3.2696544e+01
   3.7049723e+01  -5.6970851e+01
  -4.3694552e+01   6.4564936e+00
  -3.2528068e+01  -5.9262455e+01
   9.4160708e+00  -5.2000904e+01
  -1.9308456e+01  -3.7187174e+01
   3.0103762e+01   1.1168398e+01
   1.9964621e+01   1.1349369e+01
   4.6792523e+01   1.3911882e+01
   5.4253171e+01   2.4401401e+01
  -1.9914910e+01   6.7265241e+01
  -5.9942412e+01  -4.3703297e+01
   2.2882283e+01   7.9011130e+01
   6.5084457e+01  -6.0466510e+00
   7.6398929e+01  -7.6459870e+00
  -2.0363531e+01   4.6627653e+01
   6.7318256e+01  -2.3924532e+01
  -3.7756649e+01   5.1610064e+01
  -4.1002600e+01  -2.4410481e+01
  -3.1419251e+01   6.0293375e+01
   1.3658111e+01   3.1187933e+01
   7.4376926e+00   5.0311753e+01
  -3.3672234e+00   5.3012545e+01
   1.2670444e+01   5.8919556e+01
   4.1222433e+01   5.9590995e+01
  -1.4671909e+01  -6.2440949e+00
   5.6831861e+00   2.5200213e+01
  -7.7738192e+00   9.3131676e-01
   3.0096019e+01  -3.8513382e+01
   3.8232077e+01  -2.2074927e+01
   4.8410929e+01  -1.6203180e+01
   5.7766480e+01  -3.2859214e+01
   4.8370266e+01  -3.7498468e+01
   3.2875087e+01  -6.7561467e+01
  -4.4168887e+01  -7.7845288e+01
  -2.9034323e+01  -6.8503010e+01
  -3.2898313e+01   3.3893922e+01
   1.7720078e+01  -2.4787443e+01
  -6.3321646e+01   2.1079268e+01
  -6.0194532e+01   5.0244743e+01
   1.1139633e+01  -3.2195406e+01
  -7.2739336e+01   1.8060580e+01
  -8.5128326e+01   3.8533029e+01
  -8.8804006e+01  -2.3914665e+01
  -3.0404883e+01  -2.2073901e+00
  -7.0970136e+01   3.3352692e+00
   6.4256750e+00  -7.7973314e+01
  -8.4318662e+01  -1.1456429e+01
  -3.5824657e+01   2.4520617e+01
   4.5559819e+01  -6.2230300e+01
  -2.6303700e+00  -3.1134102e+01
   2.5504066e+00  -1.4971691e+01
   7.8294624e+01   3.7948615e+00
   2.1671069e+01  -6.5545166e+01
  -2.1635113e+01  -5.9788212e+01
  -1.4960184e+01  -2.0329860e+01
  -5.1932602e+01  -6.2914315e+01
   1.8060250e+01   2.1179539e+01
  -1.3153790e+01  -7.8725283e+01
  -9.0803202e+00   8.3857055e+01
  -1.2389939e+01  -2.9990463e+01
   3.3804964e+01  -3.2381735e+00
   1.7001807e+01  -1.4838485e+01
   3.3653326e+01  -1.3202790e+01
   9.6726886e+00  -8.2230178e+00
  -3.8047617e+01   7.4388155e+01
   2.8050750e+01   2.0838652e+01
  -1.0877955e+01   6.3081746e+01
   5.9776013e+01   4.3182078e+01
   6.3865953e+01   2.1745944e+01
  -7.5911864e+01  -3.3244725e+01
   2.9650317e+01   4.5123517e+01
  -6.6415804e+01  -3.3372074e+01
   8.6241297e+00   2.7705173e+00
   3.7731674e+01   1.7165514e+01
  -1.6154037e+01   2.8678431e+01
   3.2774060e+01   6.3736968e+01
   2.2565816e+01   5.8632131e+01
   1.0242098e+01   6.8483138e+01
   5.1315390e+01  -4.4744675e+00
  -1.1595307e+01   4.8816412e+01
   8.6990675e+01  -2.2338980e+00
   7.7646536e+01  -2.4182902e+01
  -4.7104722e+01   4.7139520e+01
   6.9239514e+01  -1.4464192e+01
  -4.4720197e+01   5.7392629e+01
  -5.4792483e+01  -3.5245138e+01
  -3.6055745e+01  -1.5809505e+01
  -3.6046892e+01  -3.3011680e+01
   1.2004939e+01   4.1424336e+01
   2.3519445e+01   2.9651908e+01
   5.9491185e+01   5.3158836e+01
   3.9908256e+01   4.9680734e+01
  -1.6940257e-01   7.4032387e+00
   5.1755288e+01   5.9488230e+00
  -4.0272611e-01   1.7355821e+01
   6.3880054e+01  -4.0754928e+01
   3.9452753e+01  -4.1986243e+01
   4.4027693e+01  -8.1384059e+01
   5.4870043e+01  -4.5095247e+01
   3.1787144e+01  -4.8372418e+01
   4.7490369e+01  -2.6129087e+01
  -5.3736317e+01  -8.0747477e+01
  -2.7993963e+01  -7.8366360e+01
  -6.9333193e+01   4.7323412e+01
  -9.5800842e+00  -6.9038958e+01
  -2.8870772e+01  -3.9838809e+01
  -7.0570657e+01   2.7929053e+01
  -6.4755004e+01   3.8413532e+01
  -8.0580527e+01   2.9603459e+01
  -5.0551675e+01   3.3408594e+01
  -5.3749061e+01   1.8748772e+01
  -7.8500117e+01   9.9210576e+00
  -2.1869570e+01  -1.3105471e+01
  -5.3127601e+01   8.9370927e+00
  -7.9458664e+01  -2.0458314e+01
  -7.3498628e+01  -1.2517499e+01
  -6.0587562e+01   2.4950016e+00
  -4.5907112e+01  -1.3128502e+01
  -5.0585532e+01  -2.6472604e+01
  -3.4085479e+01   6.6597522e+00
   4.2029525e+01  -7.1585814e+01
   4.7973736e+00  -2.4558544e+01
  -6.5132271e+01   1.1370219e+01
  -1.5037968e+00  -8.9980628e+01
  -9.5911047e+00  -4.9533905e+01
   1.4145504e+00   3.4113885e+01
  -7.8041248e+01  -3.6794687e+00
   1.2777011e+01  -4.2598887e+01
  -2.1377803e+01   6.8837685e-01
  -4.5651150e+01   2.4053715e+01
  -2.0715467e+01  -4.9681254e+01
   8.8542076e+01   6.9521280e+00
  -1.8921726e+01   8.2098959e+01
   8.1036145e+01   1.3406778e+01
  -1.0072830e-01   7.9465658e+01
  -4.2464894e+01  -5.9778862e+01
   2.5746846e+01  -7.4667296e+01
  -1.1380840e+01  -8.8564237e+01
   8.0140498e+00  -6.1884042e+01
  -3.2956084e+00  -8.0150564e+01
   4.2249117e+01  -8.4101884e+00
   2.5799423e+01   2.4946700e+00
  -3.9732739e+01   6.5040953e+01
  -2.8445534e+01   7.2045129e+01
   4.9362160e+01   3.3149129e+01
  -6.9841576e+01  -4.2536640e+01
  -6.1967071e+01  -5.3425109e+01
   6.8289301e+01   4.8436304e+01
   7.3679477e+01   2.0078997e+01
   3.6990189e+01   7.6243907e+01
  -6.8883322e+00   2.9309687e+01
  -2.0877825e+01   5.7581040e+01
  -1.2942316e+01   7.4164574e+01
   6.8438186e+00   8.6959144e+01
   5.9816494e+01   1.4919617e+00
   1.9866973e+01   6.7964886e+01
  -2.4097862e+01   3.2833333e+01
  -2.8397241e+01   5.1461913e+01
   2.8618050e+01   7.1637253e+01
  -5.3261336e+01   5.6230728e+01
   8.1866870e+01  -1.4395902e+01
   8.8745584e+01  -1.0111187e+01
  -5.9010575e+01  -3.2752838e+01
