  -2.2066770e+01  -2.7735753e+01
   3.3180887e+01   5.6712166e+01
   7.2911657e+01  -3.6454204e+01
  -8.2254078e+00  -3.9711409e+01
  -3.0014361e+01   1.4369661e+01
   2.6776640e+01   3.7908955e+01
  -4.0285747e+01  -5.1841250e+00
  -7.9185130e+01  -4.8914145e+01
   2.2727910e+01  -4.5813042e+01
   8.4030519e+01   2.3022950e+01
   3.3306351e+01   2.8504234e+01
   4.4350519e+01   2.5660607e+01
   4.1825217e+01   4.2513308e+00
   1.1471111e+01   7.8270224e+01
  -5.7149025e+01   4.2664530e+01
   2.7644954e+01  -2.0134195e+01
  -3.7236690e+01  -8.6637989e+01
   2.1270866e+01  -3.5920203e+01
  -6.2835026e+01   3.0401335e+01
  -6.7983453e+01  -5.2362928e+00
   3.5312300e+00  -3.9681544e+01
   1.6998658e+01  -7.9818936e+01
  -3.0678139e+01  -2.2653015e+01
  -3.1283560e+01  -5.1071093e+01
   2.8003081e+01  -1.0141554e+01
   1.8752708e+01  -6.3489138e+00
  -3.5890540e+01   4.9549962e+01
   3.8655950e+01  -3.3614808e+01
   2.6707108e+01  -5.7627036e+01
  -6.5331455e+01  -1.5759121e+01
  -5.8513493e+01  -8.4461634e+00
  -5.0423587e+01  -2.5729749e+00
   8.8618570e+00  -9.3634521e+01
  -6.4495740e+00  -2.2402280e+01
   1.2604795e+01  -7.0836041e+01
  -4.1697599e+01  -6.9215048e+01
   6.0383387e+01   3.0820960e+01
  -5.5572748e+01  -1.8003596e+01
  -1.2022984e+01   4.0670218e+01
  -2.5820766e+00   7.0304915e+01
  -2.9323419e+01   8.3580404e+01
   1.2157574e+01   1.2285726e+01
   8.7980155e+01  -2.1902009e+01
   4.4548034e+01   7.2424670e+01
   5.7494324e+01  -2.2719299e+01
  -2.6431342e+01   2.3701036e+01
   4.0877269e+01   3.5037028e+01
   4.7116278e+01   6.2760516e+01
   4.8263858e+01  -5.2607006e+01
   3.4300458e+01  -8.0386456e+01
  -1.8418305e+01  -7.0750454e+01
   2.9336389e+01  -2.9989202e+01
  -4.0000003e+01   1.3833995e+01
  -8.4523605e+01   1.8922056e+01
  -7.6162522e+01   3.6519008e+01
  -7.0822804e+01  -2.4115130e+01
  -1.1688387e+01  -5.9417543e+01
  -2.0324243e+01  -8.7968073e+01
  -4.5999575e-03  -4.9035462e+01
  -4.2814526e+01   3.0842814e+01
   3.7343584e+01  -5.8578422e+01
  -4.3238275e+01   4.3759615e+00
  -3.3759286e+01  -6.0758950e+01
   9.4192985e+00  -5.2380440e+01
  -1.8163988e+01  -3.8607776e+01
   3.2021848e+01   9.9180479e+00
   2.2151844e+01   1.1952119e+01
   4.7714954e+01   1.5344143e+01
   5.4018266e+01   2.3107305e+01
  -2.0854142e+01   6.9603154e+01
  -5.9989284e+01  -4.4434173e+01
   2.1587616e+01   8.0544034e+01
   6.5543983e+01  -6.5586214e+00
   7.5580190e+01  -6.3886568e+00
  -1.9594929e+01   4.7193396e+01
   6.7265221e+01  -2.4847475e+01
  -3.7964692e+01   5.9392056e+01
  -4.1941754e+01  -2.0449917e+01
   1.3852023e+01   3.2198049e+01
   1.2186646e+01   5.1589218e+01
  -4.5202115e+00   5.8753353e+01
  -1.6997971e+01  -8.2850071e+00
   6.8503312e+00   2.4679455e+01
  -7.3915608e+00  -1.1054321e+01
   3.0783531e+01  -3.9883175e+01
   3.8907298e+01  -2.3618416e+01
   4.8619020e+01  -1.6335216e+01
   5.7759777e+01  -3.2860819e+01
   4.8542699e+01  -3.7376316e+01
   3.2874734e+01  -6.7561311e+01
  -4.5244540e+01  -7.8564869e+01
  -2.8285542e+01  -6.9127425e+01
  -3.0383981e+01   3.2871188e+01
   1.8412111e+01  -2.6338500e+01
  -6.4878764e+01   2.0612168e+01
  -6.3887360e+01   5.0044209e+01
   1.1204586e+01  -3.3269427e+01
  -7.4563290e+01   1.7532513e+01
  -9.5580423e+01   3.9502243e+01
  -9.0538855e+01  -2.4724368e+01
  -3.0212593e+01  -4.6077728e+00
  -7.1806157e+01   4.0037027e+00
   6.4896984e+00  -7.8748221e+01
  -8.5878883e+01  -1.0201750e+01
  -3.6413315e+01   2.3165244e+01
   4.6469013e+01  -6.2667963e+01
  -2.3678348e+00  -3.1606801e+01
   1.2704625e+00  -1.6047434e+01
   7.8138686e+01   3.7817458e+00
   2.1419745e+01  -6.6114543e+01
  -2.1681436e+01  -5.9790301e+01
  -1.6082994e+01  -1.9719897e+01
  -5.4699862e+01  -6.4039456e+01
   1.6291079e+01   2.1387938e+01
  -1.3337445e+01  -7.9363446e+01
  -8.6411255e+00   8.4977455e+01
  -1.2432425e+01  -3.0414124e+01
   3.5390029e+01  -3.4023861e+00
   1.8392707e+01  -1.6340286e+01
   3.7330361e+01  -1.3744227e+01
   9.9143001e+00  -1.1022856e+01
  -3.8998581e+01   7.9277821e+01
   2.8246347e+01   1.9879083e+01
  -1.1543023e+01   6.5869066e+01
   6.0490325e+01   4.0825400e+01
   6.3874226e+01   2.1420039e+01
  -7.7965972e+01  -3.8988860e+01
   2.8894706e+01   4.7678982e+01
  -6.7561266e+01  -3.3964162e+01
   1.6862540e+01   3.4665197e+00
   3.8047241e+01   1.7898312e+01
  -1.6044867e+01   2.8963268e+01
   3.6324432e+01   6.6204481e+01
   2.5994056e+01   6.3665158e+01
   8.7676085e+00   6.8358558e+01
   5.4683885e+01  -6.1861816e+00
  -1.0155553e+01   5.0493191e+01
   8.6366314e+01  -1.9020842e+00
   7.7588075e+01  -2.4332882e+01
  -4.5881542e+01   4.9434382e+01
   7.0341760e+01  -1.5332500e+01
  -4.7444562e+01   6.2575112e+01
  -5.6302620e+01  -3.5138655e+01
  -3.4740385e+01  -1.3517462e+01
  -3.1678201e+01  -3.2600929e+01
   9.6882383e+00   4.1906995e+01
   2.3265831e+01   2.8549243e+01
   5.9847494e+01   5.0804690e+01
   3.8451076e+01   4.4737053e+01
  -2.3620316e+00   5.8549071e+00
   5.1796699e+01   3.4991164e+00
  -3.0071740e+00   2.3007190e+01
   6.3887913e+01  -4.0763734e+01
   4.0581306e+01  -4.3427440e+01
   4.4247692e+01  -8.1412115e+01
   5.4881937e+01  -4.5110271e+01
   3.2778507e+01  -4.9681538e+01
   4.8377823e+01  -2.6828850e+01
  -5.4922069e+01  -8.1083876e+01
  -2.5578245e+01  -7.9459524e+01
  -7.3525001e+01   4.7385371e+01
  -8.5759712e+00  -6.8982111e+01
  -2.7655140e+01  -4.1754044e+01
  -7.2335039e+01   2.7280747e+01
  -6.6737531e+01   3.9846654e+01
  -8.2378408e+01   2.8688264e+01
  -5.2857885e+01   3.1062890e+01
  -5.5461134e+01   1.7249706e+01
  -8.0273555e+01   9.3233924e+00
  -2.4747849e+01  -1.4602487e+01
  -5.2689488e+01   7.6417405e+00
  -8.2049688e+01  -1.9439554e+01
  -7.4802319e+01  -1.2550059e+01
  -6.0491516e+01   1.3869415e+00
  -4.7481434e+01  -1.2128225e+01
  -5.0786419e+01  -2.6791624e+01
  -3.3255395e+01   4.9140642e+00
   4.2012498e+01  -7.1623654e+01
   5.3061518e+00  -2.5195495e+01
  -6.4315074e+01   1.0628017e+01
  -4.2499694e-01  -8.9925837e+01
  -9.9906380e+00  -4.9562720e+01
   3.4591985e+00   3.4085026e+01
  -7.8662057e+01  -3.2795119e+00
   1.3107107e+01  -4.3085888e+01
  -2.1656761e+01   5.6079870e-01
  -4.6412745e+01   2.1507093e+01
  -2.0706152e+01  -4.9681383e+01
   8.9395470e+01   7.6280545e+00
  -1.9330328e+01   8.3224261e+01
   8.1168007e+01   1.3311810e+01
   1.0421596e-02   7.9962461e+01
  -4.5556608e+01  -5.9989661e+01
   2.5813766e+01  -7.5097332e+01
  -1.0395794e+01  -8.9162168e+01
   7.5552978e+00  -6.2204802e+01
  -3.3843247e+00  -8.0329980e+01
   4.4717919e+01  -7.0052518e+00
   2.6661625e+01   1.4764853e+00
  -3.9477661e+01   6.9289303e+01
  -3.0451784e+01   7.3646111e+01
   5.0769328e+01   3.3572174e+01
  -6.9973253e+01  -4.4998354e+01
  -6.2132813e+01  -5.4201695e+01
   6.9688397e+01   4.9028071e+01
   7.3779415e+01   2.0049848e+01
   3.6874354e+01   7.8836335e+01
  -6.3985479e+00   3.2408836e+01
  -1.7831750e+01   5.8099573e+01
  -1.2625502e+01   7.5806855e+01
   6.8877812e+00   8.7221728e+01
   6.1764588e+01   2.6996456e+00
   1.8565369e+01   7.0359361e+01
  -2.1458955e+01   3.7370093e+01
  -2.6935168e+01   5.3974938e+01
   2.8521609e+01   7.3339073e+01
  -5.4733526e+01   5.4069134e+01
   8.0857844e+01  -1.4882559e+01
   9.0140265e+01  -1.1162589e+01
  -6.1076440e+01  -2.6352105e+01
  -2.1684280e+00   4.2348719e+01
  -4.1438822e+01  -3.0431686e+01
   2.1924560e+00   5.1344705e+01
   2.1709830e+01   5.4631494e+01
   6.6752565e+01   5.9199578e+01
   1.9323040e+01   4.4584342e+01
   5.6817283e+01   6.0334467e+01
   4.2738214e+01   5.3770526e+01
  -3.7656434e+01   3.9714774e+01
  -9.6815794e+00  -9.5720109e-01
   5.7127200e+01   1.1967161e+01
   1.2520295e+00  -6.0266392e+00
   6.9439733e+00   2.1950115e+00
  -2.8969256e+01   6.3760300e+01
   2.4387240e+00   1.4624989e+01
  -7.9487816e+01  -2.9105647e+01
  -3.5229458e+01  -7.6841512e+01
  -8.5587639e+01   3.9854349e+01
  -4.7644718e+01   3.9593984e+01
