  -2.2339981e+01  -2.7315185e+01
   3.0537993e+01   5.5377098e+01
   7.2344830e+01  -3.6717881e+01
  -8.3084496e+00  -4.1200567e+01
  -2.5279139e+00  -5.7446782e+01
  -2.9791254e+01   1.1549772e+01
  -8.5881697e+00  -1.0261960e+01
   2.1765781e+01   3.9072241e+01
   4.0275408e+01   5.0522032e+00
   1.2154131e+01  -4.3683686e+01
  -3.7516621e+01  -7.6738415e+00
  -7.0259415e+01  -4.2679238e+01
   5.1879963e+01   4.3987994e+01
   5.7360682e+01  -1.2599191e+01
   2.2064867e+01  -4.4371301e+01
  -3.9327113e+01   1.4474917e+01
   8.0841504e+01   1.7478991e+01
   3.3763693e+01   2.8727549e+01
   4.2488097e+01   2.3840915e+01
   4.1744254e+01  -4.8410734e+00
   7.0900762e+01   4.4800489e-01
   9.4921955e+00   7.8586938e+01
  -5.3126708e+01   3.8016840e+01
   2.7006354e+01  -1.8110337e+01
  -3.4990850e+01  -8.2409341e+01
   2.0307851e+01  -3.4219660e+01
  -5.4169979e+01   2.7750381e+01
  -6.8128378e+01  -6.7950769e+00
   3.6176096e+00  -3.8614430e+01
  -2.6837815e+01  -1.7832503e+01
   2.1483092e+01  -7.6861629e+01
  -3.2152596e+01  -2.5697179e+01
  -2.9370311e+01  -4.9805965e+01
  -1.0215091e+00   4.4287605e+01
   2.4674117e+01  -7.4963562e+00
   2.1343560e+00   5.8328958e+01
   1.6904495e+01  -1.2101686e+00
  -3.8353568e+01   3.9542731e+01
  -1.4011927e+01   5.9131759e+01
   3.7880596e+01  -3.1808581e+01
   2.6274807e+01  -5.6888796e+01
   1.6445236e+01  -5.7653144e+01
  -6.4565124e+01  -1.6138829e+01
  -5.5800703e+01   3.3763426e-01
  -4.6685179e+01  -3.7491599e+00
   1.6667880e+00  -8.7625624e+01
  -3.1378443e+00  -2.2254716e+01
   7.9548035e+00  -6.2508860e+01
   5.6756582e+01   1.4879410e+01
   8.3985034e+00   2.2804519e+01
  -3.9324090e+01  -6.9101296e+01
   5.5657946e+01   3.4732671e+01
  -5.1630670e+01  -2.2104698e+01
  -8.4526226e+00   3.7596041e+01
  -3.3248032e+00   7.4336878e+01
  -2.4752680e+01   7.4254671e+01
   6.9092936e+00   1.2921602e+01
   8.5155397e+01  -1.6861565e+01
   3.9862062e+01   7.0426186e+01
   5.7431427e+01  -2.2572034e+01
  -2.3510633e+01   2.6633802e+01
  -2.7523929e+01   4.4511302e+01
   1.7271368e+01   5.0901313e+01
   3.6528277e+01   3.8337673e+01
   5.0020982e+01   5.5646232e+01
   5.1541720e-02  -3.2777994e+00
   4.8489827e+01  -5.3688905e+01
   3.3115392e+01  -7.8982857e+01
  -1.8387414e+01  -7.2610161e+01
   2.8546334e+01  -2.7964919e+01
   8.8799422e+00  -1.9353421e+01
  -4.5454454e+01   2.2245575e+01
  -7.9472759e+01   2.1026318e+01
  -1.7704914e+01  -1.4236758e+01
  -2.7533655e+01  -8.0093113e+00
  -7.0534999e+01   3.4516907e+01
  -7.1870491e+01  -2.2961708e+01
  -3.5491612e+01   2.0515695e+00
  -5.0467264e+01   1.3570734e+01
  -4.6239839e+01  -1.3700821e+01
  -5.5874283e+01  -1.1219041e+01
  -1.3248601e+01  -5.9180598e+01
  -1.4363041e+01  -8.4687825e+01
  -7.3546851e-01  -4.7613793e+01
  -3.8208909e+01   2.9124398e+01
   3.6198509e+01  -5.7411077e+01
   6.3754607e+01   7.4417266e+00
   9.1127873e+00  -7.2403834e+01
  -4.6441370e-02  -6.7910596e+01
  -4.4601075e+01   5.9683471e+00
  -3.3900079e+01  -5.7356733e+01
   7.8244529e+00  -5.2624278e+01
  -2.2198629e+01  -3.7261483e+01
   3.0039678e+01   8.4489691e+00
   2.0424144e+01   1.1167856e+01
   4.7016451e+01   1.2440764e+01
  -5.6464158e+00   6.4610218e+01
   5.7176663e+01   2.4857472e+01
  -2.3268190e+01   6.2913421e+01
   4.5668923e+01   3.4282986e+01
  -5.9988726e+01  -4.4418949e+01
  -6.1034934e+01  -2.5494623e+01
   4.4582551e+00   3.4268472e+01
   2.4478499e+01   7.2715025e+01
   6.1588695e+01  -3.1619648e+00
   4.8095405e+00   6.7978817e+01
   7.6230268e+01  -8.0096959e+00
  -2.1471674e+01   5.2471843e+01
   6.7427432e+01  -2.2564925e+01
  -2.0084276e+01   3.6999504e+01
  -3.7452954e+01   4.9512859e+01
   7.1626490e+01   1.3601497e+01
  -4.2537281e+01  -2.6802714e+01
  -3.1838400e+01   5.7771290e+01
   1.3951570e+01   3.1117261e+01
   7.3312827e+00   4.9786056e+01
  -6.2755757e+00   5.2795991e+01
   1.1880987e+01   6.0565961e+01
   4.1250572e+01   6.0450127e+01
  -1.8265314e+01  -4.3068341e+00
  -3.8504052e+00   2.8704645e+01
  -9.3289191e+00   1.2171844e-01
   2.9634000e+01  -3.7879615e+01
   3.8030943e+01  -2.1812848e+01
   4.7323674e+01  -1.3651121e+01
   5.7835281e+01  -3.2546175e+01
   4.8089671e+01  -3.8032507e+01
   3.4209858e+01  -6.9042930e+01
  -4.3902255e+01  -7.7940745e+01
  -2.9833038e+01  -6.5919947e+01
  -2.9750571e+01   3.4447294e+01
   1.7584108e+01  -2.4600596e+01
  -5.9251856e+01   1.9239905e+01
  -5.8377872e+01   4.6263489e+01
   5.6784933e+00  -2.8820443e+01
  -6.9138632e+01   1.5999366e+01
  -8.2003044e+01   3.5318364e+01
  -8.1631040e+01  -2.0789352e+01
  -2.5537832e+01   2.5135369e+00
  -6.7402990e+01   3.1785758e+00
   9.4353927e-01  -7.7777086e+01
  -7.6562675e+01  -1.2167469e+01
  -3.1973041e+01   2.1307277e+01
   4.3206661e+01  -6.4516450e+01
  -3.9004019e+00  -3.2169602e+01
   1.0002891e+00  -1.3204207e+01
   7.8772696e+01   6.6043151e+00
   1.7748720e+01  -6.7581599e+01
  -2.1713256e+01  -5.4835337e+01
  -1.3081134e+01  -2.3015489e+01
  -4.3086230e+01  -5.9871991e+01
   1.8271094e+01   2.0931164e+01
  -8.6889126e+00  -7.7030962e+01
  -1.2359084e+01   7.8624333e+01
  -1.3696284e+01  -3.2856851e+01
   3.2447413e+01  -1.2385711e+00
   1.7664300e+01  -1.4605648e+01
   3.5086470e+01  -1.2263746e+01
   9.7887247e+00  -8.4660838e+00
  -3.3560714e+01   6.7618522e+01
   2.8277600e+01   2.0305022e+01
  -1.5417267e+01   6.9104017e+01
   6.1991669e+01   4.2467797e+01
   6.6868224e+01   2.2395854e+01
  -7.3431641e+01  -3.2838220e+01
   2.9481935e+01   4.5433091e+01
  -6.3698452e+01  -3.5132660e+01
   7.8325763e+00   2.9750161e+00
   3.7334591e+01   1.5276171e+01
  -1.3838737e+01   2.9170702e+01
   3.1245051e+01   6.5352038e+01
   2.1778428e+01   6.1994480e+01
   1.4819909e+01   7.0124347e+01
   5.1685241e+01  -4.4112531e+00
  -1.3820094e+01   4.6033436e+01
   8.6143971e+01  -6.7524613e+00
   7.8077165e+01  -2.3925462e+01
  -4.6503937e+01   4.5331970e+01
   6.7343482e+01  -1.2568253e+01
  -4.6464792e+01   5.5312399e+01
  -5.2577052e+01  -3.2055530e+01
  -3.7146138e+01  -1.7505238e+01
  -3.4485543e+01  -3.4344237e+01
   1.1935974e+01   4.0910373e+01
   2.3779568e+01   2.9276314e+01
   5.9377957e+01   5.2119084e+01
   3.9405311e+01   5.0540965e+01
  -1.7442404e+00   6.6405153e+00
   5.3996136e+01   5.2873574e+00
  -9.1186427e-01   1.9147724e+01
   6.3278300e+01  -4.0925090e+01
   3.8831649e+01  -4.1767596e+01
   4.2944193e+01  -8.0825322e+01
   5.4500099e+01  -4.5702135e+01
   3.1251276e+01  -4.8252586e+01
   4.7639015e+01  -2.4564244e+01
  -5.3483263e+01  -8.0673252e+01
  -2.7915076e+01  -7.5469906e+01
  -6.8487108e+01   4.6560442e+01
  -9.7029857e+00  -6.7788318e+01
  -3.0386266e+01  -4.1767576e+01
  -7.2154256e+01   2.5829603e+01
  -6.4525876e+01   3.8483239e+01
  -7.7324168e+01   3.2097544e+01
  -5.0930947e+01   2.9733369e+01
  -5.5485564e+01   1.9373994e+01
  -7.2430474e+01   1.3861749e+01
