  -6.7415346e+01   2.2718975e+01
   2.7983814e+01  -4.4103535e+01
  -9.1615023e+01   3.1614957e+01
  -9.9592376e+01   5.1242518e+01
   3.3555373e+01  -6.9982485e+01
  -7.2902757e+01   3.8873127e+01
  -8.1479763e+01   6.0212575e+01
   5.0102676e+01  -4.5247949e+01
   4.6225034e+01  -5.4421268e+01
  -9.0197847e+01   4.2193603e+01
  -7.8578369e+01   1.6562111e+01
  -8.2525211e+01   3.5776999e+01
  -8.0773217e+01   4.5618288e+01
  -9.2103309e+01   1.8330884e+01
   3.8769781e+01  -6.1455435e+01
   2.5979749e+01  -6.3535119e+01
   3.5054515e+01  -5.2176725e+01
   5.0867242e+01  -6.3197167e+01
  -9.4015552e+01   6.0830719e+01
  -9.9325538e+01   2.5249362e+01
  -6.6717131e+01   4.6730480e+01
  -7.5301101e+01   2.8866050e+01
  -6.4976912e+01   3.2775505e+01
  -7.4307714e+01   5.3240548e+01
  -8.9083905e+01   5.2131363e+01
  -9.9368527e+01   3.7929468e+01
  -8.4392358e+01   2.4698290e+01
   3.8572883e+01  -7.8607293e+01
   1.7733609e+01  -4.4939080e+01
   4.0206470e+01  -4.3609945e+01
   2.5113297e+01  -5.3635476e+01
   4.5439802e+01  -7.1463798e+01
