  -4.5760322e+01   8.6599262e+01
   5.4832162e+01   9.3299797e+01
  -2.4336972e+01  -8.4862180e+00
   3.5646784e+01   1.9793745e+00
   9.4330786e+00  -6.5642310e+01
   1.7022343e+01   2.6459313e+01
  -7.1606866e+01   1.2731219e+01
  -7.7919031e+01   4.5193392e+01
   8.5467646e+01  -4.9111090e+01
   8.4112074e+01  -6.5592766e+01
   2.0388909e+01  -1.1042900e+01
  -6.2438158e+00  -7.8140122e+01
  -4.7245089e+01  -6.2621663e+01
  -1.9978287e+01   4.5783908e+01
  -8.4342662e+01   2.9829191e+01
  -9.7025479e+01   1.2305919e+01
   5.5884377e+01  -4.4998641e+01
   1.8476792e+00  -1.5589676e+01
  -2.3043790e+01   1.3693725e+00
   2.8095798e+01  -8.4852710e+01
  -8.6488024e+01  -9.5971120e+01
   8.1676836e+01   2.1749555e+01
   2.8527612e+01   3.7373376e+01
   4.9288355e+01  -2.9614278e+01
  -2.9912489e+00   5.4264792e+01
  -6.2147757e+01  -2.8431713e+01
  -3.6688348e+01  -1.4128936e+01
   3.6952154e+01   2.3856721e+01
  -2.2988946e+00  -3.1945332e+01
  -3.8493191e+01  -5.8505262e+01
   2.2450684e+00  -8.3362986e+01
   2.9147867e+00  -9.5501059e+01
   9.8951852e+01   4.2636100e+01
  -1.5237070e+00   3.4862368e+01
  -7.0535153e+01  -2.1773722e+01
  -3.2609647e+01   3.6039948e+01
  -6.1638342e+01  -1.4531670e+01
   3.7015185e+01  -4.6377857e+01
   7.1935873e+01   5.0272686e+01
  -8.0901560e+01  -3.1813588e+01
  -7.6449383e+01   3.5612974e+01
   7.2549274e+01  -2.0698082e+01
  -6.2729275e+01   5.0172971e+01
   8.1650126e-01   6.3255625e+01
   7.1352976e+01   4.3433121e+00
  -2.7208816e+01   6.9047248e+01
  -9.6152488e+01  -5.9858120e+01
   6.4283283e+00  -2.1375459e+00
   6.7845644e+01  -5.8733086e+01
   2.1138962e+01   9.4922579e+00
   1.1002267e+01  -1.1678872e+01
   3.9722326e+01  -8.6049605e+01
   1.2971691e+00  -6.0117590e+01
  -6.2171332e+01  -4.5736805e+00
  -2.1016284e+01  -6.5904964e+01
   1.9850412e+01  -5.6899715e+01
  -6.9232725e+01   2.2303597e+01
  -5.9801808e+01  -8.2768868e+01
  -5.0327940e+01  -8.6328006e+01
   9.3050355e+01   1.8302369e+01
   5.6253121e+01   1.6210764e+01
   6.4663673e+01  -2.7829254e+00
   4.4489047e+01   4.3093336e+01
   1.9490525e+01   5.4676628e+01
  -2.9447834e+01   1.8194826e+01
  -3.3458479e+01  -5.2822598e+00
  -3.6437337e+01   8.5787623e+01
  -1.7740649e+01   6.7609775e+01
  -1.0251002e+01   4.7445128e+01
   3.8167767e+01  -7.6734243e+00
   3.1831652e+01   9.2627593e+01
  -1.2331857e+01  -3.6424979e+01
  -2.2210347e+01  -3.5698317e+01
  -7.0200498e+01   8.1201270e+01
   5.2131355e+01   5.3100669e+01
  -8.1125903e+01  -1.1913918e+01
  -2.5417415e+01   2.6915471e+01
   7.1553880e+01  -3.8506168e+01
  -8.9534742e+01  -6.7339672e+01
   1.5608843e+01   7.3299147e+01
  -9.0465690e+01  -2.9689227e+01
  -3.4195203e+01   7.5937885e+01
  -8.1174420e+01  -7.7120972e+01
   9.8899157e+01  -2.1295964e+01
   1.0440841e+01   1.6832920e+01
   1.0476807e+01  -8.8992009e+01
   8.8665949e+00  -2.7646641e+01
   2.9177183e+01  -6.6424951e+01
  -7.8835673e+01   1.9563871e+01
   3.9022636e+01  -6.7823363e+01
   5.1705275e+01  -7.1353832e+01
  -7.2726484e+01  -2.3110835e+00
   6.5707528e+01  -4.6514278e+01
   5.3149426e+00  -4.7085616e+01
  -9.7157690e+00  -6.0072779e+01
  -7.1175281e+01  -7.7252185e+01
  -2.6926574e+01  -9.4932312e+01
  -6.7123705e+01  -9.6868310e+01
   9.9640058e+01   5.5404366e+01
   6.3759896e+01   4.4662326e+01
   6.5740088e+01   1.2845556e+01
  -6.4511781e+01  -5.6357882e+01
  -6.4200216e+01  -3.8811847e+01
  -2.7422252e+01   8.2704130e+01
   3.6896003e+01  -1.7541169e+01
   6.4870284e+01   6.3737966e+01
  -9.5660445e+01   3.7107743e+01
  -8.0822623e+01  -2.1857703e+01
  -9.2042753e+00   7.1837998e+01
   1.9127451e+01   6.4225193e+01
   3.8297124e+01   3.5278069e+01
  -1.1111305e+01   3.7667073e+01
   3.1443867e+01   8.2843270e+01
  -6.8512600e+01   4.1926567e+01
  -5.4789010e+01   2.2011475e+01
  -5.2076645e+01   7.1458748e+01
  -2.6192838e+01  -4.4772166e+01
   6.8405233e+01  -1.1781441e+01
   3.2276965e+01   6.4254344e+01
  -4.5306392e+01  -1.9820028e+01
   5.3997294e+01   7.3256588e+01
   2.8787763e+01  -3.6153649e+01
  -8.6538535e+01   7.4906880e+01
  -8.4823147e+01  -4.3718718e+01
   8.7162213e-01   9.0346072e+01
  -4.0251948e+01   5.0203571e+01
   1.1699342e+01   6.9142007e+00
   1.3179843e+01   8.8591015e+01
   4.6787527e+01   2.4832717e+01
   4.6604399e+01  -4.3204859e+00
  -4.5468646e+01   6.5022623e+01
   8.9739461e+01  -1.7363024e+01
  -4.4950103e+01   2.5138009e+01
   8.5047902e+00   3.1371109e+01
   9.0763739e+01  -4.0632005e+01
   6.5212238e+01  -8.1589913e+01
   8.4190062e+00  -7.5530528e+01
   7.1035318e+01  -6.8066028e+01
  -8.9939935e+01  -8.6643173e+01
   2.5228523e+01  -2.1333910e+00
  -9.0356666e+01   6.5692593e+01
   1.0106576e+01  -5.5679006e+01
  -2.0968736e+01  -7.5945318e+01
   1.6659399e+01  -8.1163137e+01
   4.7442987e+01  -6.2473267e+01
   5.7439177e+01  -6.3522528e+01
  -4.1412430e+01  -9.1033635e+01
  -5.6365253e+01   7.3515447e+00
  -4.3503873e+01  -7.1192496e+00
  -6.5803630e+01   4.7083616e+00
  -6.2090445e+01   1.5378917e+01
  -1.6985906e+01  -9.4757021e+01
  -4.6880445e+01   5.4433634e+00
  -3.0588716e+01  -5.3143497e+01
   3.8941849e+01  -9.6008742e+01
  -1.1841171e+01  -6.9849885e+01
  -9.8904964e+01   4.6548696e+01
  -1.8708950e+00  -6.9337038e+01
   9.5105660e+01  -7.6036843e+01
  -1.5394066e+01  -4.4643283e+00
  -9.3786284e+01   2.6864769e+01
  -9.1058057e+01  -1.2187344e+01
  -5.2030577e+01  -7.6477245e+01
  -3.2421221e+01  -8.6644232e+01
  -7.9846482e+01  -8.7032409e+01
  -3.4203667e+01  -6.7439542e+01
   8.9191274e+01   2.7935174e+01
   6.0045224e+01   3.5024445e+01
   4.9855591e+01   3.4327899e+01
   1.5671943e+01   4.5817696e+01
   3.2268229e+01   5.4408437e+01
  -5.5969507e+01  -6.7291442e+01
  -7.4312470e+01  -5.5974922e+01
  -6.9280710e+01  -4.7572648e+01
  -9.7322645e+00   9.5371127e+01
   6.1999953e+01   5.4309657e+01
   8.3066142e+01   6.4400037e+01
   2.9868885e+01  -2.6219327e+01
  -2.8786860e+01   9.2327175e+01
  -3.6405219e+01   6.6552996e+01
  -5.4941491e+01  -2.1885456e+01
   8.8399319e+01  -9.2736666e+01
  -1.7392973e+01   8.6742009e+01
  -7.8432061e+01   5.6951367e+00
  -8.4148651e+01  -2.4355618e+00
  -7.1147797e+01  -3.1620470e+01
  -7.5183964e+01   5.4341429e+01
  -8.7892778e+01   8.3697042e+00
   4.6099410e+01  -1.4138227e+01
   5.9218283e+01  -5.4028944e+01
   5.3195817e+01  -2.0718125e+01
   4.8964754e+01  -5.2627082e+01
   8.1028361e+01  -2.5635781e+01
   6.0914902e+01  -3.6513074e+01
   3.0831456e+00   2.3588639e+01
  -7.3548948e+01   9.0271366e+01
   1.8612736e+01   3.6325856e+01
   2.1372705e+01  -2.0998408e+01
   4.3754312e+01   7.8331426e+00
   1.5536758e+01  -2.3735208e+00
   2.9602830e+01  -1.1100572e+01
  -3.5598643e+01  -3.1789159e+01
  -6.7553812e+00   1.8280869e+00
   5.5011611e+01   8.3189205e+01
  -6.1030141e+01   8.2311867e+01
   7.5535515e+01  -4.8137102e+00
   8.0213006e+01  -1.4525806e+01
   9.9162757e+00   5.9147310e+01
   4.4289577e+01   7.1987391e+01
   5.8317175e+01   6.8516945e+00
  -7.6716957e+01   7.4300032e+01
   9.9427390e+01   4.9117649e-02
  -9.9218039e+01  -6.9564511e+01
  -4.3686858e+01   7.6182404e+01
   2.1500142e+01   8.0985407e+01
  -1.5724828e+00   7.7163251e+01
   6.5708728e+00   8.1831906e+01
   3.9597317e+01  -5.6010811e+01
  -2.7161138e+00  -4.1452590e+01
  -8.8734153e+01   9.3211379e+01
   7.5852399e+00   4.0826067e+01
   1.9254861e+01  -6.6874467e+01
   2.9699140e+01  -5.6448092e+01
   4.2167288e+01   5.3037869e+01
   1.8002986e-01  -2.3330177e+01
   6.5930633e+00  -3.7284170e+01
  -6.3944350e+00   2.6232298e+01
   7.7741902e+01  -5.7950133e+01
   6.1999330e+01  -7.2269638e+01
   5.2138949e+01  -8.0812023e+01
  -7.5668566e+01  -4.0236149e+01
   4.3303789e+01  -7.6765327e+01
  -9.1828360e+01  -7.6925147e+01
   8.2164654e+00   9.7105000e+01
   4.8466504e+01  -9.0661379e+01
   1.8184839e+01  -9.5333232e+01
  -9.7038253e+01   7.3986641e+01
  -3.3935217e+00  -5.1726783e+01
   5.7757136e+01  -8.7799758e+01
   2.4812365e+01  -7.5410309e+01
  -8.0377033e+01   6.5266356e+01
   2.9013874e+01  -9.4808386e+01
   1.5244516e+01  -4.7059764e+01
  -1.9446304e+01  -5.0380585e+01
  -2.6858722e+01  -2.6933671e+01
   9.8097817e+01  -4.7429947e+01
  -9.4623939e+01   5.5542705e+01
  -1.6681343e+01  -1.4642246e+01
  -6.7584719e+00  -7.7346049e+00
   9.4077199e+01  -6.6094243e+01
  -2.9540246e+01   8.5405131e+00
   9.2492463e+01  -5.6221783e+01
   7.5521623e+01  -4.8223252e+01
   9.0242129e+01  -3.0646326e+01
  -4.0705180e+01  -8.1132582e+01
  -7.6918425e+01  -9.8783991e+01
  -9.6446474e+01  -9.4212350e+01
  -5.8084625e+01  -9.2628649e+01
  -4.9221130e+01  -9.7239383e+01
  -1.9682663e+01   9.6361068e+01
  -4.3284098e+01  -7.1614935e+01
   8.4857375e+01   1.2516996e+01
  -1.2200737e+01  -8.6035729e+01
  -7.0564077e+00  -9.5594697e+01
  -2.2181094e+01  -8.5883779e+01
   9.3673494e+01   8.1338124e+00
   9.1632691e+01   4.9436102e+01
   8.9904687e+01   3.7828029e+01
   9.8832615e+01   3.0109936e+01
  -3.8156211e+01   1.3578435e+01
  -1.5836299e+01   2.9011092e+01
   6.6164874e+01   2.2881441e+01
  -1.0474292e+00   4.4731389e+01
  -1.5908758e+01   5.5185303e+01
   7.5169817e+01   1.4576846e+01
  -2.4421692e+01   5.9584401e+01
   3.4849031e+01   7.3745542e+01
   2.2452810e+01   9.0756706e+01
  -4.1336407e+01   4.0600394e+01
  -2.2674197e+01   3.6305770e+01
  -2.9927295e+01   4.6153563e+01
   2.6648014e+01   1.7673146e+01
   2.7723586e+01   2.7514608e+01
   2.5410726e+01   4.6815040e+01
   3.4973568e+01   4.4903768e+01
  -5.9595536e+01  -4.7676723e+01
   2.5345056e+01   7.1804942e+01
   4.2027112e+01   8.1329218e+01
  -5.4724625e+01  -5.6343136e+01
  -8.9563081e+01  -5.2393481e+01
  -9.8406472e+01  -4.7815247e+01
   8.1717200e+01   4.8408599e+01
  -8.3161354e+01  -5.9947143e+01
   7.4115073e+01   5.9992009e+01
  -9.0022877e+00   6.2088822e+01
   7.3300731e+01   7.0351632e+01
  -3.0915853e+01  -7.6806123e+01
  -7.1204871e+01  -1.1968262e+01
   5.4174432e+01   4.3310457e+01
  -5.1900286e+01  -1.2482264e+01
  -5.2422260e+01  -2.6568815e+00
   9.5796905e+01  -8.6009206e+01
  -3.5880638e+01  -9.9328493e+01
  -9.3606577e+01  -3.9093966e+01
   9.8680925e+01  -9.5582380e+01
  -5.2376471e+01   4.8429542e+01
  -9.4949984e+01   1.3955651e+00
   5.7735416e+01  -1.1822734e+01
  -6.8857044e+01  -8.7009090e+01
  -6.7483127e+01   3.1998578e+01
  -5.8663464e+01   4.0976632e+01
  -5.7882359e+01   3.1189347e+01
  -4.8715134e+01   3.4335940e+01
  -6.9738733e+01  -6.4857118e+01
  -8.6107725e+01   3.9757510e+01
  -8.8719629e+01   1.8274142e+01
  -5.3582485e+01  -3.2823968e+01
  -8.4789187e+01   5.6431042e+01
   2.0146557e+00   5.7320851e+00
   3.8675603e+01  -3.6600527e+01
   3.9812825e+01  -2.6837675e+01
   4.8087853e+01  -3.9304425e+01
   6.2829140e+01  -2.0688389e+01
  -7.5964998e+00   8.5125130e+01
  -3.7639405e+01   3.2434323e+00
  -9.5404913e+01  -2.1133149e+01
  -9.9759036e+01  -7.3244686e+00
   8.1063017e+01  -3.5576414e+01
  -3.6065134e+01  -2.3129393e+01
  -4.4596714e+01  -2.9622085e+01
  -1.9228617e-01   1.4753561e+01
  -4.2307794e+01   9.5578404e+01
   6.7734370e+01  -2.9341326e+01
  -9.7684700e+01   9.7188341e+01
   4.5457232e+01   9.0347135e+01
  -5.1873599e+01   5.8042700e+01
  -3.3788915e+01   5.7283826e+01
   8.5435428e+01  -6.0763813e+00
   1.8299436e+01  -3.0511615e+01
   9.4998105e+01  -8.8787459e+00
  -5.3538450e+01   9.2668629e+01
   5.6627342e+01   2.5866467e+01
  -8.0772231e+01   8.3411614e+01
   6.3878219e+01   7.3610077e+01
  -4.7864096e+01   1.5197417e+01
   3.5882608e+01   1.3946098e+01
   5.5242058e+01  -1.9110452e+00
   6.2708099e+00   7.1234930e+01
   8.1236566e+01   3.3288173e+00
  -1.1149968e+01  -4.6129712e+01
  -5.2350483e+01   8.0534076e+01
   3.9682085e+01   9.8310647e+01
  -1.9751558e+01   7.7161907e+01
   7.3046329e+01  -9.3101497e+01
  -6.3692318e+01   9.1555670e+01
   4.8350824e+01   6.3271696e+01
  -3.1643232e+01  -3.8816608e+01
  -7.7028845e+01   9.9392863e+01
   6.3096752e+01  -9.4924140e+01
  -9.0759879e+01   8.4021395e+01
   1.8465596e+00  -8.3396499e+00
