   3.7104421e+01   1.1600672e+01
   2.3602330e+01  -1.3309667e+01
  -2.5817387e+01  -1.7958135e+01
   4.0682113e+00   2.7284818e+01
   3.7327914e+00  -2.9681004e+01
  -2.1776437e+00   6.2166288e+00
  -6.5574721e+00  -2.8154711e+00
   3.9141814e+00  -1.9682683e+01
  -1.3243278e+01  -1.8679007e+01
   2.3514243e+01  -3.3100654e+00
   3.5828007e+00  -1.9571858e+00
   2.0520971e+01   3.4075823e+01
   1.4928945e+01  -1.8286818e+01
  -1.9085711e+01  -1.0563240e+01
  -4.9631899e+00  -2.4286129e+01
  -3.5564174e+01   4.1317201e+00
   2.1402462e+01   1.8351913e+01
   1.3580712e+01  -2.1592487e+00
   1.6833922e-01   1.8076616e+01
   1.0716107e+01   1.7031586e+01
  -6.0005157e+00   2.6000387e+01
   1.3622670e+01  -2.8201085e+01
   2.3323795e+01  -2.3720526e+01
  -2.4296349e+00  -1.1923761e+01
  -6.6661170e+00  -3.4140052e+01
   2.1784215e+00  -3.9559443e+01
   8.3759719e+00  -1.0733323e+01
  -1.5270529e+01  -2.8471362e+01
  -2.5651039e+01   2.8165162e+00
  -2.8521458e+01  -7.2516586e+00
  -1.6379346e+01  -9.3643844e-01
   2.7220525e+01   1.0081544e+01
   1.7726623e+01   6.9408165e+00
   7.7415190e+00   7.4842726e+00
  -1.9450408e+00   3.5274862e+01
   3.2299288e+01   1.4672444e+00
  -1.2864231e+01   3.3272898e+01
   1.4034542e+01   2.6464908e+01
