  -6.0366113e+01   4.2413811e+01
  -7.3945479e+01  -1.8963142e+00
  -8.6995599e+01   2.3812496e+01
   2.5397199e+01  -1.3204658e+01
   3.6332935e+01  -5.4416267e+01
  -2.4483559e+00   4.4014494e+01
  -7.4875594e+01   8.4433886e+00
   3.9643422e+01  -5.8027410e+00
  -4.0802917e+00  -4.1066438e+01
   3.9426704e+01  -7.9070823e+01
  -5.0672335e+01   6.0866330e+01
  -8.2687256e+01  -1.9386294e+01
  -2.2130333e+01  -9.7024506e+00
   3.6746712e+00  -2.4942732e+01
  -2.0831872e+01  -3.7150909e+01
   1.6437626e+01  -7.7654852e+01
   4.6689214e+01  -9.3919237e+01
  -1.8913314e+01  -8.4488459e+01
  -4.9648736e+01   9.3016405e+01
  -2.7960285e+01   4.5469755e+01
  -6.8338763e+01  -3.3286484e+01
  -6.2498843e+01   2.6004087e+01
   2.1009115e+01  -4.0233202e+01
  -9.7757740e+01   2.6529561e+01
  -6.8620330e+01   1.6230995e+01
  -4.1957448e+00  -1.8614149e+01
  -8.3896629e+01   4.5278711e+01
  -2.2229848e+00  -7.4763823e+01
  -1.9442774e+01  -6.4725674e+01
   7.0110369e+01  -2.0921352e+01
  -2.1532962e+01   5.4436918e+01
   9.0084666e+01  -3.6413003e+01
  -3.4351927e+01   9.5108083e+01
  -3.7994469e+01   2.7897695e+01
  -3.9078135e+01   1.3969990e+01
   1.3124726e+01   6.6320445e+01
  -7.9831183e+01   6.7244103e+01
  -8.2985696e+01  -4.3164511e+01
  -5.5065911e+01   7.3417798e+00
   6.1066193e+01  -6.3713961e+01
   4.7732456e+01  -2.8173463e+01
   1.3614502e+01  -3.3362613e+01
   4.9456635e+01   3.1877080e+01
   1.9709063e+01   1.3504468e+01
   2.7179473e+01  -5.0393247e+01
   9.0072813e+00  -6.0985274e+00
   8.4317757e+00   9.8389484e+00
   5.1787910e+01  -3.7408465e+01
  -6.6725180e+01   3.5015498e+01
  -2.0968771e+01  -5.4843666e+01
   9.8823450e+01  -4.7097077e+01
   2.3800154e+01  -7.0899179e+01
  -2.7529794e+01  -7.2943589e+01
  -1.5689836e+01   7.1341237e+01
   9.6822367e+01   3.3097311e+00
  -5.2152169e+01   7.2457350e+01
  -3.1440279e+01   6.2896214e+01
  -3.7864558e+00   2.3695653e+01
   9.0952115e+01  -2.5028727e+01
  -5.8432899e+01  -3.8361820e+01
  -1.1817576e+01   5.6770326e+01
  -2.0934902e+01   2.2467299e-01
  -6.0143196e+00   7.3322162e+01
  -3.3892146e+01  -2.2089558e+01
  -8.0646270e+01  -9.3848714e+00
  -2.2218207e+00   5.3976526e+01
  -4.8608257e+01  -3.0440465e+01
  -5.7835188e+01   9.8771368e+01
   4.6266440e+01  -5.5486403e+01
   6.0769163e+01  -8.9125199e+01
  -3.7701692e+01   4.6945045e+01
   2.3182294e+01  -3.0489897e+01
   4.1862308e+01  -3.6406004e+01
   3.1950313e+01  -3.5251817e+01
   6.5008398e+01  -8.0078151e+01
  -9.3603915e+01   4.2682353e+01
   8.5630772e+01  -5.8764697e+01
   4.3309206e+01   4.2598253e+00
   2.3570021e+01   4.4276826e+00
  -1.2207629e+01  -9.1586160e+00
   1.3939718e+01   2.3677794e+00
  -9.7821390e+01   5.8853078e+01
  -7.3860902e+01   2.8130410e+01
  -4.9828906e+00  -5.1013043e+01
  -3.2441272e+01  -5.3200665e+01
   4.1040038e+01  -6.3986964e+01
   9.6202672e+01  -7.5204617e+01
  -2.6806204e+01  -2.9135260e+01
   6.2732472e+01   3.0376444e-01
   8.7600401e+00  -5.8380246e+01
  -4.4089041e+01  -8.0982240e+01
   8.2068296e+01  -4.2316344e+01
  -4.1055682e+01  -6.8593480e+00
   8.3810025e+01   1.8219438e+01
   1.1566970e+01   1.8662495e+01
   6.5913143e+01   1.9465973e+01
  -1.1415518e+01   2.9018929e+01
   7.3442297e+01  -6.6183149e+00
   1.6201258e+01   4.1172787e+01
  -4.3847826e+01   7.8143250e+01
  -3.0612915e+01  -2.4944994e+00
  -6.4657393e+01  -4.6086895e+01
   7.4229179e+01  -3.6205749e+01
  -3.3380903e+01   3.7153223e+01
  -1.5215977e+01  -2.8888078e+01
  -6.4027029e+01  -3.2458485e+00
  -6.5033471e+01   6.7028797e+00
  -6.8013557e+01   4.9761170e+01
  -2.2156569e+01   6.4209993e+01
  -2.6776036e+01   7.3261895e+01
   6.7732975e+01  -2.8914653e+01
   4.8423340e+01  -1.8184597e+01
  -3.1746079e+01  -1.2362624e+01
   8.9467964e+01  -9.4100450e+01
  -4.4075490e+00   6.3540687e+01
   5.0147733e+00   7.9411696e+01
  -7.2289918e+01  -1.4874343e+01
  -3.5811969e+00   8.9512525e+01
  -4.2367658e+01  -1.6772418e+01
  -9.0957019e+01  -1.3764464e+01
   3.5170619e+01  -9.9141085e+01
   4.7844972e+01  -7.3696795e+01
  -8.1208812e+01   8.4092320e+01
   4.5979948e+01  -4.5514413e+01
  -8.5873981e+01  -3.3608998e+01
  -5.8677573e+01   1.6790352e+01
  -7.8168446e+01   1.9132832e+01
   2.9845293e+01  -4.0652308e+00
   5.2311649e+01   9.0678336e-02
  -7.6993742e+01  -5.1446875e+01
   5.2985084e+01  -8.2525000e+01
  -7.6449066e+01   9.3828356e+01
   5.0651868e+01   1.1608686e+01
   3.3070437e+01   1.9413210e+01
  -5.9349430e+01   7.8942560e+01
  -6.8644549e+01   8.7576254e+01
   1.4841604e+01  -6.6491795e+01
   6.8581606e+01  -7.0284796e+01
   7.7944900e+01  -6.5147320e+01
   1.5253658e+01  -1.3748632e+01
   3.3422382e+01   5.2746855e+00
   4.1049952e+01   1.3884049e+01
  -2.3232423e+00  -8.9428897e+00
   2.0275364e+01  -5.8110026e+01
   3.7361237e+00  -3.4866565e+01
   2.0004359e+01  -5.0326155e+00
   5.3653796e+00  -1.5228273e+01
   1.4235065e+00  -5.5074911e-02
  -9.0674444e+01  -3.7696836e+00
  -9.3931022e+01   6.9660108e+00
   3.5899084e+01  -4.4432363e+01
   5.6234392e+01  -5.4995636e+01
  -2.9227834e+01  -6.2668306e+01
  -9.8452473e+00  -6.8295148e+01
   2.9569780e+01  -6.1771478e+01
   7.9594929e+01  -9.5688391e+01
  -1.1269809e+01  -9.1622498e+01
   8.0545785e+00  -9.2027631e+01
  -3.6801295e+01  -6.9197040e+01
  -2.4556121e+01  -9.2741595e+01
  -9.2814586e+00  -8.1827767e+01
  -2.8777347e+01  -8.2864920e+01
   6.6054047e+00  -7.9454268e+01
   1.7037273e+01  -8.7634476e+01
  -3.9244873e+00  -9.8907944e+01
   8.2458298e+01  -4.5753314e+00
   9.1934395e+01   1.2415758e+01
  -1.7389009e+01   8.9784536e+01
   8.3419183e+01  -1.9630858e+01
   1.9948923e+01  -9.7402969e+01
  -3.6172218e+00   3.3165890e+01
   5.5938251e+01   2.0067527e+01
  -3.1450924e+01   5.4153772e+01
   2.1208556e+01   3.3535089e+01
   6.3128646e+00   4.9638037e+01
   6.3607707e+01  -1.5464305e+01
   4.4987436e+00   3.4273659e+01
   9.6754972e+01  -1.6895442e+01
  -5.3981913e+01   4.9417344e+01
  -2.8766216e+01   2.6505974e+01
  -5.7659338e+01  -5.2625538e+01
  -2.9669168e+01   1.6857114e+01
  -9.8969056e+01   9.2499996e+01
  -3.4114260e+01   8.0437788e+01
  -4.4106496e+01   6.7760158e+01
  -2.0120897e+01   8.0278435e+01
  -5.8395359e+01  -2.8401549e+01
  -5.5666732e+01   3.3696531e+01
   9.5089950e+01  -8.5830462e+01
   3.8595025e+01  -1.6353524e+01
  -1.4203946e+01  -1.8947769e+01
  -4.6009697e+01   5.0888572e+01
  -4.1139808e+01   8.7767311e+01
  -1.1002010e+01   3.8936994e+01
  -1.8102441e+01   4.5341558e+01
  -2.3419733e+01   3.6981274e+01
  -2.4189280e+01  -1.9484533e+01
  -3.1602710e+01  -3.8000234e+01
  -3.8622450e+01  -3.0883239e+01
   7.1317535e+00   5.8708917e+01
  -5.1491619e+01  -2.0865252e+01
   3.5883627e+00   6.9518399e+01
  -9.1039024e+01  -2.5056495e+01
  -1.0419828e+01   8.2260678e+01
   3.7807739e+01  -2.7081363e+01
  -8.3041405e+01   2.6846684e+00
  -9.0342577e+01   3.3232667e+01
  -8.0656442e+01   3.5452095e+01
  -9.4134825e+01   8.0827467e+01
  -7.3612453e+01   4.2209192e+01
  -8.5521743e+01   1.2371215e+01
  -8.9623564e+01   8.9761002e+01
  -8.5846371e+01   7.5232690e+01
  -2.2511299e+01   9.8347765e+01
   1.5921571e+01  -2.3651487e+01
   2.9014178e+01  -2.2408867e+01
  -9.7250386e+01  -5.3582327e+01
  -4.5778788e+01   3.3643877e+01
   5.7816373e+01  -7.3153664e+01
  -8.7937786e+01   6.1324694e+01
  -7.3325986e+01  -4.1881157e+01
   4.6221282e+01   2.2423693e+01
  -6.7022877e+01  -2.3368837e+01
  -9.2723494e+01  -4.4716079e+01
  -9.5880943e+01  -3.5252841e+01
  -7.2123091e+01   7.8200799e+01
  -9.3936794e+01   6.9325745e+01
   2.3867081e+01   2.2562777e+01
  -6.7835335e+01   9.8908160e+01
   6.4250014e+01  -3.7631549e+01
   5.7964962e+01  -2.9632672e+01
   5.8014593e+01  -4.5215116e+01
   5.1083795e+01  -6.4241811e+01
  -8.8970927e+00   2.9765602e-01
   7.6102873e+01   2.8812239e+00
   7.5112204e+00  -4.4090842e+01
   1.6207642e+01  -4.8992389e+01
  -5.2420964e+00  -2.9407732e+01
  -5.0930765e+01   2.4928968e+01
  -1.5522808e+01  -4.5849627e+01
  -9.4359306e+01   1.7049698e+01
  -5.8722515e+01   8.8836633e+01
  -7.7194760e+01   5.2633901e+01
  -2.8370397e+01   7.1295037e+00
   3.3779367e+01  -7.0836054e+01
  -1.8507228e+00  -6.0500366e+01
  -1.2607843e+00   8.8394637e+00
  -4.0165037e+01  -5.9550054e+01
  -8.5173825e+01   9.8714864e+01
  -2.5551153e+01  -4.5959018e+01
  -1.7637876e+01  -7.4560827e+01
   5.5884220e+01  -9.7845336e+01
   5.4986964e+01  -9.4933869e+00
   9.7310316e+01  -6.2339489e+01
   6.9952712e+01  -5.9149701e+01
   7.7629175e+01  -5.2747813e+01
   8.9150929e+01  -6.8117950e+01
   2.9696218e+01  -8.1986254e+01
  -4.7596837e+01   7.0215834e-01
  -3.8177108e+01   4.0420927e+00
  -4.8883302e+01   1.5168912e+01
  -5.2079942e+01  -8.4933964e+00
  -6.2430770e+01  -1.3117415e+01
   4.9499797e+00  -6.7818053e+01
  -3.4727291e+01  -9.0900957e+01
  -5.5719595e+01  -7.5241545e+01
   8.9100912e+01  -4.9400038e+01
  -4.6617951e+01  -7.1099845e+01
  -1.5351694e+00  -8.9193505e+01
   6.9921721e+01  -9.3153415e+01
  -1.1648644e+01  -5.8461993e+01
  -1.7285626e+01  -9.9607398e+01
   3.8009591e+01  -8.8959111e+01
   9.7799425e+01  -6.6398810e+00
   8.6877764e+01   3.9804820e+00
   7.5516262e+01   1.2713640e+01
   6.6061765e+01   9.4752021e+00
  -1.0367637e+01   9.6864075e+01
   9.9980604e+01  -3.7164491e+01
   2.8288938e+01  -9.1886164e+01
   1.6574283e+01   5.0700292e+01
   8.8751567e+01  -1.1518137e+01
   8.2281245e+01  -3.0243004e+01
  -1.9960512e+01   2.8019190e+01
  -5.8839189e+01  -6.2210175e+01
   2.4487449e+00   1.7430294e+01
   1.4918696e+01   2.6849672e+01
  -3.5730089e+01   7.0568796e+01
   7.4833298e+00   4.1523021e+01
  -5.9952057e+01   5.2694670e+01
   7.5900920e+01  -1.5580788e+01
   6.4609428e+01  -7.8270087e+00
  -9.7598575e+01   9.9121413e+01
