  -7.4227191e+01   2.6731721e+01
  -7.3408449e+01   8.3056965e+01
   6.0688553e+01  -2.9427416e+01
   4.6458037e+01  -5.1675857e+01
  -7.1061881e+01   1.7246069e+01
  -9.2374005e+01   1.9380911e+01
  -5.3991197e+01   2.2729515e+01
  -6.2438758e+01   4.2694280e+01
  -9.9004975e+01   5.5197824e+01
   2.8422997e+01  -8.6307218e+01
   1.7512371e+01  -4.9394201e+01
   3.8144230e+01  -4.6125007e+01
  -4.8108735e+01   5.2474333e+01
  -8.5127392e+01   9.2292399e+00
  -7.9963417e+01   6.6046484e+01
  -5.5380419e+01   6.0018225e+00
  -7.6512882e+01   3.6466813e+01
  -9.3007952e+01  -2.8034308e-01
   2.0153817e+01  -8.0684025e+01
   2.7825968e+01  -3.3281622e+01
   6.1623864e+01  -8.8349862e+01
   5.5677501e+01  -5.5538735e+01
   7.8234788e+00  -5.2309825e+01
   2.7354186e+00  -6.2806893e+01
   6.7785419e+01  -7.1298519e+01
   3.8107672e+01  -3.6125890e+01
  -4.1156490e+01   4.5286547e+01
  -8.4493905e+01  -9.3736693e+00
  -8.0367288e+01   5.6054716e+01
  -8.9321269e+01   6.9571997e+01
  -6.0664398e+01   1.4737253e+01
  -6.3881386e+01   2.4205515e+01
  -5.6898612e+01   3.4109837e+01
  -3.9000597e+01   3.5521760e+01
  -8.1001998e+01   1.8338632e+01
   6.3368151e+01  -3.9061575e+01
   4.2566610e+01  -9.7140944e+01
   3.9542772e+01  -2.6229857e+01
   3.6310400e+01  -7.8308554e+01
   1.8236994e+01  -2.5226533e+01
  -1.0756878e+00  -4.7748605e+01
   6.2583732e+01  -6.2763907e+01
   1.4740378e+01  -5.9531751e+01
   4.7808563e+01  -7.3889649e+01
   1.8798497e+01  -6.8671289e+01
  -8.5778639e+01   4.0227040e+01
  -8.4171544e+01   2.7823032e+01
  -5.1025881e+01   4.2203735e+01
  -5.8077929e+01   5.1692878e+01
  -7.5147882e+01   8.1193352e+00
  -8.0956408e+01  -2.0419022e-02
  -8.9780274e+01   5.9430386e+01
  -6.8726360e+01   5.0470245e+01
  -8.9906234e+01   7.9805988e+01
  -5.5442420e+01  -3.9980621e+00
  -8.0610574e+01   7.6119429e+01
  -9.5120965e+01   9.5876541e+00
  -6.5391592e+01   5.9251894e+00
  -7.7850146e+01   4.6376834e+01
  -4.4162803e+01   2.0885608e+01
  -4.7603051e+01   3.0423039e+01
  -6.6891908e+01   3.3741057e+01
   5.0968880e+01  -3.1778553e+01
   4.6889575e+01  -4.0908668e+01
   5.5751610e+01  -4.5540448e+01
   3.8257842e+01  -8.8116923e+01
   4.8228920e+01  -8.8875919e+01
   3.1771025e+01  -9.5801323e+01
   2.9921567e+01  -2.3503717e+01
   1.1818845e+01  -3.2895006e+01
   2.8567805e+01  -4.3253961e+01
   3.9387865e+01  -5.8747023e+01
   3.9233228e+01  -6.8745483e+01
   1.9280146e+01  -3.9551749e+01
   4.0054207e+00  -3.9135777e+01
   6.9747658e+01  -5.5787752e+01
  -9.2031161e+01   4.8030986e+01
   2.4840555e+01  -6.0584886e+01
   2.7392348e+01  -7.3784486e+01
   8.9883919e+00  -7.0610754e+01
   5.7795079e+01  -7.1710276e+01
   5.4635091e+01  -8.1197539e+01
   5.0733298e+01  -6.4325487e+01
  -9.8560227e+01   7.3398344e+01
  -9.2721854e+01   3.3030501e+01
  -9.9016819e+01   4.0812788e+01
