  -2.2368247e+01  -2.7330279e+01
   3.0537906e+01   5.5376597e+01
   6.5736810e+01  -3.9369221e+01
  -8.0182686e+00  -4.1482457e+01
  -2.5439069e+00  -5.7411926e+01
  -2.9793652e+01   1.1521370e+01
  -8.6096060e+00  -1.0271320e+01
   2.1764903e+01   3.9073343e+01
   4.0268405e+01   5.0485470e+00
   1.2845784e+01  -4.3630299e+01
  -3.7506303e+01  -7.7959669e+00
  -7.0257576e+01  -4.2677122e+01
   5.1882918e+01   4.3980754e+01
   5.7162495e+01  -1.2902504e+01
   2.2832483e+01  -4.4027465e+01
  -3.9333478e+01   1.4516347e+01
   8.0815010e+01   1.7467834e+01
   3.3754901e+01   2.8727844e+01
   4.2462022e+01   2.3810346e+01
   4.1557589e+01  -5.7779941e+00
   7.0857624e+01   4.3436229e-01
   9.4922301e+00   7.8586883e+01
  -5.3833117e+01   3.8428188e+01
   2.6505180e+01  -6.3325720e+01
   2.7224663e+01  -1.8191678e+01
  -3.2886265e+01  -7.7166926e+01
   2.1187254e+01  -3.4126188e+01
  -5.3492559e+01   2.8434243e+01
  -6.5788308e+01   2.7145141e+01
  -6.8126944e+01  -6.7965312e+00
   4.1579488e+00  -3.8689884e+01
  -2.7012515e+01  -1.8165532e+01
   2.1324113e+01  -7.6498121e+01
  -3.2342935e+01  -2.6621645e+01
  -3.0084849e+01  -4.6592682e+01
  -1.0231627e+00   4.4286543e+01
   2.4670936e+01  -7.4598906e+00
   2.1360289e+00   5.8321108e+01
   1.6865976e+01  -1.2100164e+00
  -3.8355649e+01   3.9545172e+01
  -1.4011529e+01   5.9132944e+01
   3.8393445e+01  -3.1903777e+01
   3.7036337e+01  -4.7644194e+01
   2.6503697e+01  -5.3326774e+01
   1.7338747e+01  -5.7326194e+01
  -1.2097344e+01  -5.4461428e+01
  -6.0146434e+01   1.0058864e+01
  -6.4553617e+01  -1.6136130e+01
  -5.5780419e+01   3.2858067e-01
  -4.6647625e+01  -3.7434445e+00
   1.6044779e+00  -8.7112823e+01
  -3.1406442e+00  -2.2453706e+01
   7.3232308e+00  -6.2565795e+01
   5.6731929e+01   1.4846940e+01
   8.4062562e+00   2.2776680e+01
  -3.9933268e+01  -6.9469273e+01
   5.5660200e+01   3.4721602e+01
  -5.1622305e+01  -2.2094456e+01
  -8.4538321e+00   3.7594490e+01
  -3.3259596e+00   7.4333524e+01
  -2.4752680e+01   7.4254671e+01
   6.9021917e+00   1.2891993e+01
   8.5155397e+01  -1.6861565e+01
   3.9861790e+01   7.0426026e+01
   5.4798356e+01  -2.3116198e+01
  -2.3512288e+01   2.6631451e+01
  -2.7523186e+01   4.4512279e+01
   1.7271368e+01   5.0901313e+01
   3.6527572e+01   3.8335682e+01
   5.0021336e+01   5.5646134e+01
   2.5989340e-02  -3.3947011e+00
   4.8323696e+01  -3.0736687e+01
   5.1457690e+01  -4.6762971e+01
   3.6823491e+01  -7.9255291e+01
  -2.1314432e+01  -7.3508661e+01
   2.9101706e+01  -2.8013809e+01
   8.9614209e+00  -1.9363281e+01
  -4.5571424e+01   2.2331285e+01
  -2.0971696e+01  -6.3514647e+01
  -7.5404460e+01   2.4402034e+01
  -1.7766553e+01  -1.4362869e+01
  -2.7513961e+01  -8.1794369e+00
  -6.9012774e+01   3.6610442e+01
  -7.1865639e+01  -2.2957267e+01
  -3.5524518e+01   2.0039013e+00
  -5.0901382e+01   1.3870439e+01
  -4.6145092e+01  -1.3729228e+01
  -1.7047922e+01  -4.5777909e+01
  -5.5831081e+01  -1.1246604e+01
  -1.1011118e+01  -6.4399471e+01
  -1.3553886e+01  -8.3466440e+01
  -1.8525100e-01  -4.7695759e+01
  -3.8203931e+01   2.9092680e+01
   3.5573482e+01  -5.7536258e+01
   6.3714867e+01   7.4329616e+00
   8.7604748e+00  -7.2461257e+01
  -1.4570138e+00  -6.7351225e+01
  -4.4664481e+01   6.0564068e+00
  -3.2925318e+01  -5.6337056e+01
   8.5067251e+00  -5.2637651e+01
  -2.2624225e+01  -3.7483542e+01
   3.0080811e+01   8.3232121e+00
   2.0493606e+01   1.1165623e+01
   4.7032969e+01   1.2412676e+01
  -5.6420987e+00   6.4605574e+01
   5.7175103e+01   2.4837060e+01
  -2.3270511e+01   6.2910573e+01
   4.5669817e+01   3.4283677e+01
  -5.9988616e+01  -4.4416295e+01
  -6.1026546e+01  -2.5493275e+01
   4.4518889e+00   3.4264204e+01
   2.4478633e+01   7.2714697e+01
   6.1383130e+01  -3.1725718e+00
   4.8095405e+00   6.7978817e+01
   7.6112567e+01  -8.0735471e+00
  -2.1470428e+01   5.2472383e+01
   6.7006296e+01  -2.2514266e+01
  -2.0087225e+01   3.6998725e+01
  -3.7486618e+01   4.9507320e+01
   7.1600886e+01   1.3581985e+01
  -4.2537281e+01  -2.6802714e+01
  -3.1843863e+01   5.7763094e+01
   1.3939882e+01   3.1104477e+01
   7.3336743e+00   4.9778638e+01
  -6.2757297e+00   5.2795969e+01
   1.1880774e+01   6.0566013e+01
   4.1250778e+01   6.0450014e+01
  -1.8264151e+01  -4.3804425e+00
  -3.8520358e+00   2.8692822e+01
  -9.3345787e+00   1.1260034e-01
   3.1609902e+01  -3.9245540e+01
   4.2210738e+01  -2.2663958e+01
   4.7225964e+01  -1.4014803e+01
   5.8076914e+01  -3.2941212e+01
   4.3825250e+01  -4.0301869e+01
   3.4310038e+01  -6.9576560e+01
  -4.4643322e+01  -7.8290535e+01
  -3.0117723e+01  -6.7557836e+01
  -2.9755174e+01   3.4443224e+01
   1.7700116e+01  -2.4754000e+01
  -5.8821748e+01   1.9972613e+01
  -6.2189553e+01   4.3920709e+01
   5.6777035e+00  -2.8806836e+01
  -6.9736196e+01   1.5611327e+01
  -7.8690236e+01   3.4091564e+01
  -8.1627875e+01  -2.0790055e+01
  -2.5537788e+01   2.4753892e+00
  -6.7401725e+01   3.1770351e+00
  -1.9796296e-02  -7.7246362e+01
  -7.6562303e+01  -1.2167232e+01
  -3.1960540e+01   2.1282124e+01
   4.2857771e+01  -6.4386653e+01
  -3.6384790e+00  -3.2437479e+01
   9.7685274e-01  -1.3345309e+01
   7.8743665e+01   6.5833668e+00
   1.7340651e+01  -6.7325892e+01
  -2.3093848e+01  -5.3742724e+01
  -1.3110120e+01  -2.3206826e+01
  -4.2325002e+01  -5.9759536e+01
   1.8278719e+01   2.0917169e+01
  -9.5733658e+00  -7.4293713e+01
  -1.2358940e+01   7.8623630e+01
  -1.3603308e+01  -3.3189707e+01
   3.2589659e+01  -1.3561658e+00
   1.7834118e+01  -1.4755108e+01
   3.6500183e+01  -1.4455256e+01
   9.8355382e+00  -8.7071395e+00
  -3.3560048e+01   6.7614711e+01
   2.8277600e+01   2.0305022e+01
  -1.5418747e+01   6.9103261e+01
   6.1988965e+01   4.2464097e+01
   6.6871859e+01   2.2393126e+01
  -7.3430462e+01  -3.2833941e+01
   2.9482430e+01   4.5432505e+01
  -6.3697563e+01  -3.5129660e+01
   7.7661130e+00   2.9318265e+00
   3.7292255e+01   1.5250551e+01
  -1.3840274e+01   2.9169339e+01
   3.1244987e+01   6.5351533e+01
   2.1778219e+01   6.1994450e+01
   1.4819969e+01   7.0124310e+01
   5.1494864e+01  -4.6623200e+00
  -1.3819790e+01   4.6032848e+01
   8.6026592e+01  -6.7675606e+00
   7.8077165e+01  -2.3925462e+01
  -4.6548548e+01   4.5278865e+01
   6.7153988e+01  -1.2515481e+01
  -4.6464987e+01   5.5278459e+01
  -5.2567339e+01  -3.2049044e+01
  -3.7005053e+01  -1.7780598e+01
  -3.2574242e+01  -3.6610380e+01
   1.1933237e+01   4.0900086e+01
   2.3770297e+01   2.9274343e+01
   5.9377964e+01   5.2117199e+01
   3.9405311e+01   5.0540965e+01
  -1.7531629e+00   6.6328377e+00
   5.4011412e+01   5.0158201e+00
  -9.0734505e-01   1.9136662e+01
