   3.1178448e+01   5.3487914e+01
   7.8759910e+01  -3.8984755e+01
  -3.8619362e+01   1.9830910e+01
   3.2169097e+01   3.8858877e+01
  -8.8104289e+01  -5.1564357e+01
   8.7720883e+01   2.6666618e+01
   4.4045750e+01   5.6920972e+00
   8.4505924e+00   7.9850817e+01
  -3.6371325e+01  -8.8595013e+01
  -6.3918524e+01   3.0634062e+01
  -7.3013768e+01  -5.4125174e+00
   2.1697177e+01  -8.8645604e+01
  -2.6964931e+01  -2.8655892e+01
  -3.0830632e+01  -4.9918671e+01
   2.8563485e+01  -1.6323719e+01
   1.6680978e+01  -1.7255193e+01
  -3.3449329e+01   4.9081066e+01
   2.8987439e+01  -6.6331191e+01
  -6.3279940e+01  -8.1477159e+00
  -5.5472083e+01  -1.7808802e+00
   7.1250656e+00  -6.8984864e+01
  -4.2438581e+01  -7.0027569e+01
   5.3178097e+01   2.2926540e+01
  -5.9405730e+01  -1.7339858e+01
  -1.2164287e+00   7.1520726e+01
  -3.5101130e+01   9.2451350e+01
   1.2004715e+01   1.5328097e+01
   5.0433714e+01   7.4952708e+01
   5.8897438e+01  -2.9107728e+01
  -2.8504000e+01   2.0529904e+01
   4.6792158e+01   4.1113157e+01
   4.8424388e+01   6.1938572e+01
   4.3315847e+01  -5.2507277e+01
   3.1504451e+01  -8.6692151e+01
   3.2175890e+01  -3.5095491e+01
  -4.6638308e+01   1.3649883e+01
  -9.5113796e+01   2.2451264e+01
  -7.5020207e+01   3.4304254e+01
  -4.4962824e+00  -6.3414636e+01
  -2.1419419e+01  -9.0827071e+01
   7.0347870e-02  -4.0542603e+01
  -4.4051730e+01   3.2156444e+01
  -4.0726776e+01   5.5894130e+00
  -3.3310775e+01  -5.9603855e+01
   1.3591616e+01  -5.4836905e+01
   3.7060965e+01   1.6843461e+01
  -1.9843015e+01   7.2649841e+01
  -5.9969130e+01  -4.5958732e+01
   2.4796933e+01   8.6300222e+01
   6.8261012e+01  -1.2634473e+01
   7.7680466e+01  -8.6409266e+00
  -2.1716496e+01   4.5608480e+01
   6.6360441e+01  -2.2452057e+01
  -3.7043361e+01   5.8409025e+01
   1.2487147e+01   6.0465786e+01
  -6.7321776e+00   5.8703857e+01
  -1.7937367e+01  -1.1338821e+01
   1.3414608e+01   2.5227204e+01
  -7.3792550e-01  -1.5966245e+01
   3.6109317e+01  -2.2884011e+01
   5.0774010e+01  -3.4938756e+01
  -4.5124435e+01  -8.3653021e+01
  -6.6944563e+01   2.1136861e+01
  -6.6535991e+01   5.0097603e+01
   9.5588979e+00  -3.6175429e+01
  -7.4427959e+01   1.4514170e+01
  -9.0956246e+01  -2.9192673e+01
  -3.9541521e+01  -1.1135516e+01
  -7.5357592e+01   4.4449671e+00
   5.6373014e+00  -7.8872982e+01
  -8.9042861e+01  -1.0572289e+01
   5.0903112e+01  -5.9020394e+01
   8.0729829e+01   8.8275583e-01
  -2.2466035e+01  -6.6384066e+01
  -1.7298287e+01  -2.6122054e+01
  -5.6373699e+01  -6.7118119e+01
  -3.3604699e+00   9.4652446e+01
  -8.2600322e+00  -3.0396994e+01
   8.3298336e+00  -1.1756659e+01
  -4.3630807e+01   8.7231727e+01
  -1.0552498e+01   6.7942264e+01
   6.2958181e+01   4.3943950e+01
   6.0768635e+01   1.6417381e+01
  -8.6799330e+01  -3.8286112e+01
   1.8975934e+01   8.1592351e+00
  -1.6160007e+01   3.5042234e+01
   2.9156957e+01   6.4628703e+01
   9.1108682e+00   6.9875112e+01
   8.9608226e+01  -3.7187157e+00
   8.4718172e+01  -3.0953669e+01
  -4.3668572e+01   4.9613254e+01
  -5.0211972e+01   7.1680567e+01
  -5.7242391e+01  -3.6342520e+01
  -3.0194674e+01  -3.9941106e+01
   2.3327943e+01   3.2389220e+01
   5.7361902e+01   5.2231333e+01
   3.8456871e+01   4.6634134e+01
  -8.0144494e+00   7.2808227e-01
   5.2839623e+01   8.7353858e-02
   7.2248307e-01   2.6910718e+01
   5.8985952e+01  -4.0952250e+01
   3.9203851e+01  -4.2318156e+01
   4.2992128e+01  -8.2485063e+01
   5.7501556e+01  -5.1261564e+01
   3.3432386e+01  -5.0992381e+01
   4.9565290e+01  -2.4861457e+01
  -5.9857177e+01  -7.9775311e+01
  -2.7928673e+01  -8.3235881e+01
  -7.8381271e+01   4.4715677e+01
  -1.3004563e+01  -6.9956029e+01
  -1.9934048e+01  -3.5766080e+01
  -7.6386498e+01   2.4404797e+01
  -6.6914530e+01   4.0142184e+01
  -5.4034982e+01   3.2034424e+01
  -5.7300802e+01   1.8061634e+01
  -8.3480793e+01   1.0276023e+01
  -2.4357170e+01  -1.9003972e+01
  -5.5027352e+01   8.2089244e+00
  -8.6245062e+01  -2.0375622e+01
  -7.9373643e+01  -1.3118916e+01
  -6.5802722e+01   1.5001303e+00
  -4.6158338e+01  -1.9602697e+01
  -5.5479309e+01  -2.6512580e+01
  -3.4698650e+01  -2.3870020e+00
   4.9431473e+01  -7.4834278e+01
   1.7291140e+00  -2.9955642e+01
  -6.4753220e+01   1.1409617e+01
  -8.4829524e-01  -9.4841645e+01
  -3.4789865e+00  -5.3466621e+01
   8.0754371e+00   3.3681485e+01
  -8.2680448e+01  -2.8574603e+00
   1.4579509e+01  -4.4886499e+01
  -1.7795840e+01  -1.3410877e+00
  -4.8853728e+01   2.3396768e+01
  -1.2874677e+01  -5.0048062e+01
   8.9351889e+01   6.2779802e+00
  -1.9543057e+01   8.2641834e+01
   8.8597014e+01   1.6249416e+01
  -1.4009863e+00   8.1563875e+01
  -4.3299480e+01  -6.0064775e+01
   2.4539045e+01  -7.6695820e+01
  -1.1827328e+01  -8.8000797e+01
   4.6429063e+00  -5.9298662e+01
  -4.4819665e+00  -7.5187029e+01
   4.4534794e+01  -5.4826741e+00
   2.5497419e+01   5.7939755e-01
  -3.8072114e+01   6.8505111e+01
  -2.9716948e+01   7.4228845e+01
   4.7471270e+01   3.1137041e+01
  -7.6866995e+01  -3.7151543e+01
  -6.2940180e+01  -5.6490345e+01
   7.1245128e+01   4.9540528e+01
   7.9663836e+01   2.0743513e+01
   3.6772159e+01   8.8229673e+01
  -4.3274143e+00   3.6559208e+01
  -1.9054700e+01   6.2686540e+01
  -1.0719458e+01   7.7937510e+01
   5.0574768e+00   8.9255921e+01
   6.2091001e+01   3.8833274e+00
   1.9543626e+01   6.8237573e+01
  -2.8990481e+01   3.8747660e+01
  -2.5346450e+01   5.4924816e+01
   2.7474001e+01   7.4485805e+01
  -5.3323402e+01   5.5584364e+01
   8.3999721e+01  -1.6391166e+01
   9.3397386e+01  -1.2973006e+01
  -6.5842356e+01  -2.4988871e+01
  -3.3428633e+00   4.9299147e+01
  -4.6137201e+01  -3.0044337e+01
   5.9890596e+00   5.2870469e+01
   2.2059470e+01   5.7584674e+01
   7.0926646e+01   6.6566124e+01
   2.4429564e+01   4.5188117e+01
   5.7990780e+01   6.4850562e+01
   4.6855442e+01   5.2062017e+01
  -3.8806774e+01   4.0652883e+01
  -8.1562595e+00  -9.2644083e+00
   5.3028911e+01   1.0085457e+01
   2.3764857e+00  -3.3814881e+00
   9.2816429e+00   5.7077470e+00
  -2.8935014e+01   6.4259902e+01
   2.1500522e+00   1.7017233e+01
  -7.9143484e+01  -2.7415123e+01
  -3.6650403e+01  -7.8344342e+01
  -8.4699190e+01   3.6795839e+01
  -4.8805675e+01   4.0985584e+01
   2.6441687e+01  -2.6902932e+01
   6.8984832e+01  -4.1093393e+01
   5.7439653e+01  -1.7782216e+01
   6.7881842e+01  -5.1032364e+01
   4.9794167e+01  -4.4890189e+01
   3.4527850e+01  -7.7160334e+01
   5.1790692e+01  -8.7237290e+01
   2.6789961e+01  -4.3521013e+01
   4.1444176e+01  -3.1341169e+01
   4.7831747e+01  -1.5009468e+01
  -5.0841681e+01  -7.5448583e+01
   2.2950249e+01  -5.8359429e+01
  -5.4913893e+01  -8.8487888e+01
  -3.1782376e+01  -9.7479915e+01
   7.1016472e+01  -3.1301962e+01
  -3.1964233e+01  -6.9511317e+01
  -2.0782466e+01  -7.6241060e+01
  -7.5578035e+01   5.4364927e+01
  -1.3893355e+01  -5.9995861e+01
  -8.5399927e+01   2.0088282e+01
  -8.5528635e+01   5.5348847e+01
  -9.5918179e+01  -1.7845309e+01
  -2.3228910e+01  -5.6413707e+01
  -9.0595902e+01   3.2528976e+00
  -9.9616134e+00  -4.0250801e+01
   5.6218547e+01  -6.7490326e+01
  -8.8817549e+01   4.5906198e+01
  -3.4582695e+01   2.8977808e+01
   3.6990929e+01  -6.0336007e+01
   4.0967221e+01  -6.9510197e+01
   1.0980784e+01  -9.0503784e+01
  -3.2605521e+01   1.1416092e+01
   2.9443251e+01   2.4477544e+01
  -1.0768112e+01   8.7935769e+01
   7.4250345e+00  -2.1736862e+01
  -6.9735971e+01  -1.5780226e+01
   1.5788696e+01  -2.7213265e+01
   2.1531011e+01   1.8364457e+01
   1.3643968e+01  -3.2877265e+00
  -2.1821054e+01  -4.5584212e+01
   1.9809540e+01  -3.6364868e+01
   6.9151086e+01   1.0965230e+01
  -5.3012739e+01  -5.7689509e+01
   5.4524630e+00  -4.8970676e+01
   9.9147251e+01   4.2653106e+00
   9.8167515e+01   1.9148541e+01
  -6.6353307e+01  -6.5889716e+01
  -1.4209651e+01  -9.7756608e+01
   3.8018614e+01  -1.3068009e+01
   1.5440634e+01  -8.0844749e+01
  -2.3049275e+00  -8.4948402e+01
   2.1994939e+01  -8.7856246e+00
  -3.6201258e+01  -2.0560655e+01
  -1.0250320e+01  -1.9038213e+01
  -3.8758928e+01   7.8498961e+01
  -2.9416943e+01   8.4224124e+01
   1.7068040e+01  -7.0049017e+01
   7.6370378e+01  -2.2855919e+01
  -2.2834994e+01   9.2082471e+01
  -7.7252525e+01  -5.6643577e+01
  -6.9508926e+01  -4.8950744e+01
   5.5860215e+01   3.6900430e+01
   3.7499597e+01   3.0399641e+01
   7.6593483e+01   5.7989958e+01
   6.1434468e+01   2.8598821e+01
   6.9666746e+01   2.0980209e+01
   4.1922770e+01   6.9673763e+01
   3.1813673e+01   8.3311971e+00
   3.6746472e+01   7.8229762e+01
   7.9148688e+01   1.0756874e+01
   3.5152114e+01  -2.0242904e+00
  -1.1840693e+01   4.4047168e+01
   1.4146565e+01   9.3425197e+01
   3.8573954e+01   6.0217893e+01
  -1.5238622e+01   5.3447007e+01
  -4.6145352e+01   6.2545771e+01
   1.8375653e+01   7.8634411e+01
  -2.4622292e+01   2.9739200e+01
  -5.7227048e+01   4.6378157e+01
  -6.7129879e+01  -3.4902185e+01
  -4.5567199e+01  -3.1556146e+00
  -2.7786559e+01  -9.6114658e+00
  -9.2288166e+00   2.7842986e+01
   9.1195625e+01  -2.3335125e+01
  -5.1537274e+01  -1.1173211e+01
   6.0733102e+01  -6.0519890e+00
   6.9988883e+01  -2.2503974e+00
  -3.6355575e+01  -3.2069147e+01
   2.6060200e+00   6.2280323e+01
   6.5440069e+01   5.8179212e+01
   1.6243512e+01   3.9445757e+01
   4.4071908e+00   4.2982493e+01
   1.5365502e+01   4.9406070e+01
  -7.9285043e+01  -4.6852786e+01
  -2.6574538e+01   3.4427065e+00
  -5.7172917e-01   7.3989977e+00
  -9.8202513e+01   4.2454420e+01
  -9.4081811e+01   3.3342972e+01
