  -7.1671163e+01   9.2126706e+01
   5.9887025e+01  -2.4005099e+01
   4.9594093e+01  -5.5666067e+01
  -5.1254356e+01   2.0946049e+01
  -6.9250395e+01   4.0758295e+01
   2.9503092e+01  -8.4940087e+01
   9.2203198e+00  -5.1949345e+01
   4.2851174e+01  -4.8320440e+01
  -5.0093125e+01   6.1256977e+01
  -8.7358051e+01   8.8185641e+00
  -7.8223132e+01   7.2078140e+01
  -4.6646866e+01   7.6077492e+00
  -7.7537125e+01   3.4450932e+01
  -9.3115070e+01   6.4380858e-01
   1.5458042e+01  -8.0352445e+01
   5.9343423e+01  -9.0513530e+01
   5.9427154e+01  -5.3959611e+01
   2.4493604e+00  -6.1805979e+01
   7.1081446e+01  -6.7941240e+01
   3.7658341e+01  -3.5485366e+01
  -3.9279305e+01   4.4356502e+01
  -8.8802269e+01  -9.5506738e+00
  -8.5398169e+01   5.1645537e+01
  -9.1319435e+01   7.1629099e+01
  -5.9196077e+01   1.4528942e+01
  -3.8993642e+01   3.4366534e+01
  -8.7579850e+01   1.8814119e+01
   6.1473142e+01  -3.7065918e+01
   4.1560111e+01  -9.9242527e+01
   4.3788758e+01  -2.7592054e+01
   3.6730476e+01  -7.8032693e+01
   1.8999256e+01  -2.5003433e+01
  -6.7346032e-01  -5.0513447e+01
   6.2077108e+01  -6.3598628e+01
   1.3426327e+01  -6.1015803e+01
   4.6354068e+01  -7.5324202e+01
  -8.8410533e+01   2.9108456e+01
  -4.8479212e+01   4.0455979e+01
  -5.5882728e+01   5.3120307e+01
  -7.7392276e+01   7.9993487e+00
  -8.3082859e+01  -2.2339293e-01
  -9.9939146e+01   6.1812494e+01
  -6.5509520e+01   5.0017853e+01
  -9.1205540e+01   8.7261088e+01
  -5.5166856e+01  -1.3136738e+01
  -7.5568079e+01   8.2917252e+01
  -9.7215543e+01   1.0601754e+01
  -6.4349763e+01  -9.0432736e-01
  -7.8544129e+01   4.4388141e+01
  -4.2256438e+01   1.6589621e+01
  -4.8200228e+01   3.0465073e+01
  -6.1748528e+01   3.4198938e+01
   5.3068892e+01  -3.1314415e+01
   4.6940016e+01  -3.9206334e+01
   5.5229737e+01  -4.4883519e+01
   3.8235543e+01  -8.9811610e+01
   4.7728587e+01  -8.6671376e+01
   2.8308968e+01  -9.5227965e+01
   2.6263797e+01  -1.8134519e+01
   4.6948254e+00  -2.2933465e+01
   3.3596727e+01  -4.4613625e+01
   3.9411983e+01  -5.8201317e+01
   3.7666516e+01  -6.8078361e+01
   1.9840309e+01  -3.4960091e+01
   4.6408209e+00  -3.8891138e+01
   7.8507996e+01  -5.3109127e+01
  -9.5831035e+01   4.2969342e+01
   2.3096062e+01  -6.3956816e+01
   2.7603409e+01  -7.3947032e+01
   2.2029507e+00  -7.1889796e+01
   5.5475732e+01  -7.1105136e+01
   5.6020766e+01  -8.1084967e+01
   4.7287918e+01  -6.5375964e+01
  -2.9313275e+01   4.5077914e+01
  -4.6000614e+01   5.1743814e+01
  -9.9698214e+01  -6.8825268e+00
  -7.9956290e+01   6.2233446e+01
  -7.5808495e+01  -7.0851193e+00
  -8.0662103e+01  -1.5828256e+01
  -5.1642265e+01  -3.7912714e+00
  -9.8886994e+01   8.0852712e+01
  -2.8896723e+01   3.3336130e+01
  -3.6421530e+01   2.4707127e+01
  -6.5938419e+01   8.0221022e+01
  -7.4817841e+01   5.3661491e+01
  -7.3028549e+01   1.6996294e+01
  -6.7356168e+01   8.7636558e+00
   6.8156283e+01  -2.9627625e+01
  -7.9461654e+01   2.4646212e+01
   6.5656824e+01  -4.6146642e+01
  -6.0654659e+01   2.4343568e+01
  -5.8018738e+01   4.3408075e+01
   6.9341448e+01  -9.0553365e+01
  -7.0000275e+01   2.7886834e+01
   5.1053589e+01  -9.6103149e+01
  -8.5022585e+01   7.9404753e+01
   4.2669546e+01  -1.7657358e+01
   3.4278031e+01  -2.4115153e+01
   2.3639074e+01  -4.4196474e+01
   1.3894215e+01  -1.6408768e+01
   1.0691920e+01  -3.0932688e+01
   1.3728535e+01  -4.3029671e+01
  -1.1838820e+01  -4.7398519e+01
   2.0002409e+01  -5.3497248e+01
  -9.5304165e+01   5.2954385e+01
   6.9096059e+01  -5.6475912e+01
  -5.3060367e+00  -3.9831795e+01
   2.0387688e+01  -8.9047944e+01
   2.9590108e+01  -5.6329752e+01
   6.4435988e+01  -7.5541365e+01
   1.2153663e+01  -7.0922771e+01
  -8.9940557e+01   6.1724669e+01
  -9.7569409e+01   3.3122173e+01
  -5.6303125e+01   5.0178181e+00
