  -2.2086688e+01  -2.7713694e+01
   3.3148691e+01   5.6666992e+01
   7.2911656e+01  -3.6454204e+01
  -8.2436413e+00  -3.9704983e+01
  -2.9999375e+01   1.4452658e+01
   2.6727889e+01   3.7882458e+01
  -4.0293475e+01  -5.1836280e+00
  -7.9183566e+01  -4.8901420e+01
   2.2714849e+01  -4.5777984e+01
   8.4030519e+01   2.3022950e+01
   3.3312994e+01   2.8508219e+01
   4.4341603e+01   2.5671053e+01
   4.1817517e+01   4.2250159e+00
   1.1471111e+01   7.8270224e+01
  -5.7038677e+01   4.2610003e+01
   2.7650306e+01  -2.0126141e+01
  -3.7234991e+01  -8.6629682e+01
   2.1255795e+01  -3.5886271e+01
  -6.2719992e+01   3.0384555e+01
  -6.7958678e+01  -5.2354288e+00
   3.5398341e+00  -3.9677711e+01
   1.6997413e+01  -7.9813706e+01
  -3.0682601e+01  -2.2610986e+01
  -3.1266435e+01  -5.1032046e+01
   2.7963027e+01  -1.0134266e+01
   1.8725988e+01  -6.3242946e+00
  -3.5870506e+01   4.9243398e+01
   3.8657762e+01  -3.3599520e+01
   2.6711473e+01  -5.7624706e+01
  -6.5299417e+01  -1.5724156e+01
  -5.8465206e+01  -8.4309766e+00
  -5.0329976e+01  -2.6283937e+00
   8.8603926e+00  -9.3633936e+01
  -6.4421118e+00  -2.2407301e+01
   1.2606251e+01  -7.0829673e+01
  -4.1698113e+01  -6.9208630e+01
   6.0380960e+01   3.0821654e+01
  -5.5561761e+01  -1.7999978e+01
  -1.2140918e+01   4.0597850e+01
  -2.7678726e+00   7.0301396e+01
  -2.9273467e+01   8.3346409e+01
   1.2146620e+01   1.2288229e+01
   8.7980155e+01  -2.1902009e+01
   4.4539652e+01   7.2406720e+01
   5.7492395e+01  -2.2721204e+01
  -2.6350286e+01   2.3721332e+01
   4.0876824e+01   3.5048654e+01
   4.7103945e+01   6.2742416e+01
   4.8263859e+01  -5.2607005e+01
   3.4298687e+01  -8.0384292e+01
  -1.8423367e+01  -7.0751336e+01
   2.9335972e+01  -2.9979920e+01
  -3.9977135e+01   1.3830569e+01
  -8.4497603e+01   1.9037351e+01
  -7.6005624e+01   3.6567326e+01
  -7.0801441e+01  -2.4070751e+01
  -1.1688360e+01  -5.9417145e+01
  -2.0323958e+01  -8.7962469e+01
  -1.4200996e-03  -4.9029669e+01
  -4.2751475e+01   3.0777190e+01
   3.7341639e+01  -5.8563517e+01
  -4.3210487e+01   4.3772015e+00
  -3.3730244e+01  -6.0720901e+01
   9.4247311e+00  -5.2368010e+01
  -1.8180326e+01  -3.8589494e+01
   3.2027581e+01   9.9210723e+00
   2.2139447e+01   1.1968656e+01
   4.7697273e+01   1.5351668e+01
   5.4006131e+01   2.3110251e+01
  -2.0889339e+01   6.9577191e+01
  -5.9988941e+01  -4.4431521e+01
   2.1615219e+01   8.0515193e+01
   6.5543748e+01  -6.5576176e+00
   7.5580190e+01  -6.3886568e+00
  -1.9658935e+01   4.7130956e+01
   6.7263850e+01  -2.4846584e+01
  -3.7962922e+01   5.9393790e+01
  -4.1806443e+01  -2.0452985e+01
   1.3852023e+01   3.2198049e+01
   1.2135857e+01   5.1595780e+01
  -4.5429347e+00   5.8680515e+01
  -1.6994523e+01  -8.2379924e+00
   6.8006657e+00   2.4774664e+01
  -7.4072548e+00  -1.1057796e+01
   3.0784359e+01  -3.9871868e+01
   3.8906391e+01  -2.3604097e+01
   4.8619020e+01  -1.6335216e+01
   5.7759777e+01  -3.2860819e+01
   4.8542403e+01  -3.7376550e+01
   3.2874734e+01  -6.7561311e+01
  -4.5244097e+01  -7.8557290e+01
  -2.8286854e+01  -6.9108171e+01
  -3.0397387e+01   3.2731214e+01
   1.8395797e+01  -2.6306878e+01
  -6.4856117e+01   2.0617290e+01
  -6.3619410e+01   5.0081587e+01
   1.1200381e+01  -3.3248803e+01
  -7.4563829e+01   1.7540916e+01
  -9.5449252e+01   3.9506221e+01
  -9.0510517e+01  -2.4706739e+01
  -3.0285496e+01  -4.5006422e+00
  -7.1800251e+01   3.9970127e+00
   6.4902167e+00  -7.8740700e+01
  -8.5874921e+01  -1.0201647e+01
  -3.6318808e+01   2.3128804e+01
   4.6461592e+01  -6.2664632e+01
  -2.3605043e+00  -3.1603950e+01
   1.2598629e+00  -1.6034816e+01
   7.8140312e+01   3.7847404e+00
   2.1421544e+01  -6.6109805e+01
  -2.1681394e+01  -5.9790299e+01
  -1.6074457e+01  -1.9722275e+01
  -5.4691078e+01  -6.4035566e+01
   1.6208036e+01   2.1412513e+01
  -1.3335404e+01  -7.9359965e+01
  -8.6997887e+00   8.4815528e+01
  -1.2454585e+01  -3.0393879e+01
   3.5357838e+01  -3.4066642e+00
   1.8406658e+01  -1.6312251e+01
   3.7286771e+01  -1.3738450e+01
   9.9093587e+00  -1.1029466e+01
  -3.8998581e+01   7.9277821e+01
   2.8233130e+01   1.9894761e+01
  -1.1631380e+01   6.5712402e+01
   6.0490191e+01   4.0827495e+01
   6.3861297e+01   2.1423340e+01
  -7.7962050e+01  -3.8977093e+01
   2.8847617e+01   4.7644363e+01
  -6.7553471e+01  -3.3955017e+01
   1.6849675e+01   3.4832318e+00
   3.8032815e+01   1.7915072e+01
  -1.6101976e+01   2.8957326e+01
   3.6307269e+01   6.6152798e+01
   2.5953331e+01   6.3610543e+01
   8.7700063e+00   6.8359046e+01
   5.4647537e+01  -6.1891767e+00
  -1.0237377e+01   5.0462873e+01
   8.6366820e+01  -1.9006973e+00
   7.7588075e+01  -2.4332882e+01
  -4.5773972e+01   4.9695098e+01
   7.0340892e+01  -1.5331791e+01
  -4.7443452e+01   6.2574739e+01
  -5.6300505e+01  -3.5137068e+01
  -3.4681151e+01  -1.3456880e+01
  -3.1697956e+01  -3.2551752e+01
   9.6674024e+00   4.1908482e+01
   2.3207073e+01   2.8536101e+01
   5.9847186e+01   5.0806723e+01
   3.8410793e+01   4.4735939e+01
  -2.3308913e+00   5.9473557e+00
   5.1790543e+01   3.4995259e+00
  -3.0383602e+00   2.3037979e+01
   6.3887912e+01  -4.0763734e+01
   4.0570636e+01  -4.3413979e+01
   4.4245654e+01  -8.1411905e+01
   5.4881933e+01  -4.5110265e+01
   3.2770237e+01  -4.9670611e+01
   4.8373229e+01  -2.6824541e+01
  -5.4919371e+01  -8.1083172e+01
  -2.5588508e+01  -7.9461801e+01
  -7.3250994e+01   4.7460449e+01
  -8.5811952e+00  -6.8983050e+01
  -2.7680152e+01  -4.1702266e+01
  -7.2305267e+01   2.7281669e+01
  -6.6601801e+01   3.9852665e+01
  -8.2245087e+01   2.8772883e+01
  -5.2780078e+01   3.1399214e+01
  -5.5461375e+01   1.7205492e+01
  -8.0262891e+01   9.3243270e+00
  -2.4711304e+01  -1.4592313e+01
  -5.2661902e+01   7.6120608e+00
  -8.2019926e+01  -1.9428428e+01
  -7.4778361e+01  -1.2539842e+01
  -6.0488089e+01   1.4001128e+00
  -4.7425203e+01  -1.2191229e+01
  -5.0786419e+01  -2.6791624e+01
  -3.3247570e+01   5.0279367e+00
   4.2012498e+01  -7.1623654e+01
   5.3009661e+00  -2.5177943e+01
  -6.4322185e+01   1.0634379e+01
  -4.2656077e-01  -8.9926190e+01
  -9.9871124e+00  -4.9562929e+01
   3.3613571e+00   3.4152948e+01
  -7.8660523e+01  -3.2775959e+00
   1.3090135e+01  -4.3065878e+01
  -2.1690020e+01   5.8319505e-01
  -4.6421498e+01   2.1474944e+01
  -2.0706152e+01  -4.9681383e+01
   8.9384787e+01   7.6329652e+00
  -1.9281354e+01   8.3087687e+01
   8.1158576e+01   1.3318264e+01
   7.4351416e-03   7.9899500e+01
  -4.5549167e+01  -5.9986547e+01
   2.5813216e+01  -7.5093478e+01
  -1.0396818e+01  -8.9161911e+01
   7.5672678e+00  -6.2192818e+01
  -3.3826262e+00  -8.0328587e+01
   4.4683141e+01  -7.0108841e+00
   2.6645207e+01   1.4950471e+00
  -3.9477661e+01   6.9289303e+01
  -3.0357091e+01   7.3419466e+01
   5.0766872e+01   3.3572206e+01
  -6.9972672e+01  -4.4989918e+01
  -6.2132212e+01  -5.4198957e+01
   6.9687646e+01   4.9027781e+01
   7.3765661e+01   2.0051060e+01
   3.6844166e+01   7.8791211e+01
  -6.4789312e+00   3.2395605e+01
  -1.8202438e+01   5.8240145e+01
  -1.2632994e+01   7.5632929e+01
   6.8523240e+00   8.7184143e+01
   6.1758027e+01   2.6979812e+00
   1.8569028e+01   7.0353382e+01
  -2.1563883e+01   3.7327604e+01
  -2.7073490e+01   5.3764986e+01
   2.8507858e+01   7.3272566e+01
  -5.4558401e+01   5.4288287e+01
   8.0857844e+01  -1.4882559e+01
   9.0139848e+01  -1.1161565e+01
  -6.1064882e+01  -2.6346804e+01
  -2.3256223e+00   4.2360962e+01
  -4.1466595e+01  -3.0430451e+01
   2.1570985e+00   5.1278849e+01
   2.1663217e+01   5.4587590e+01
   6.6744049e+01   5.9200550e+01
   1.9297503e+01   4.4599434e+01
   5.6808792e+01   6.0333779e+01
   4.2715868e+01   5.3758797e+01
  -3.7618827e+01   3.9468261e+01
  -9.6161094e+00  -8.9599286e-01
   5.7108801e+01   1.1973764e+01
   1.2355599e+00  -6.0301017e+00
   6.9343793e+00   2.1864349e+00
  -2.8871713e+01   6.3558756e+01
   2.4628044e+00   1.4712632e+01
  -7.9448318e+01  -2.9090169e+01
  -3.5234426e+01  -7.6833232e+01
  -8.5461745e+01   3.9761531e+01
  -4.7510265e+01   3.9867538e+01
