   5.2376798e+01  -1.4150246e+01
   5.9010582e+01  -4.1150828e+01
   9.3327242e+01  -5.8985602e+01
  -3.6048065e+01   4.1451388e+01
   5.2102396e+01  -3.3957601e+01
  -6.3236265e+01   5.0129096e+01
  -5.5423976e+01  -9.8071421e+00
  -7.3144531e+01  -1.8729320e+00
  -8.2296202e+01   2.9883291e+01
   4.1005318e+01  -7.9890913e+01
   2.2660653e+01  -1.5396519e+01
   3.0311835e+00  -1.6861932e+01
   3.2922422e+01  -4.7436057e+01
   4.0205594e+00  -7.5066152e+01
   4.2119493e+01  -5.1181589e+01
  -1.9189847e+01   6.3403791e+01
  -8.5847411e+01  -2.4384954e+01
  -1.2048523e+01   2.8696637e+01
  -6.4254115e+01   2.7123130e+00
   8.8357936e+01  -1.4700563e+01
  -5.0880435e+01   1.7064768e+01
   3.5763010e+01  -3.9029113e+00
  -4.2938584e+00  -4.9225671e+01
   2.3441997e+01  -4.4699337e+01
  -3.9945653e+00  -3.3396783e+01
   3.2540323e+01  -8.5201599e+01
   5.5158245e+01  -8.9827234e+01
  -4.9817358e+01   5.8885647e+01
  -3.5599878e+01   8.1830133e+01
  -1.6382397e+01   4.7582045e+01
  -6.7092937e+01  -3.4121034e+01
  -2.6070801e+01   4.1718452e+01
  -8.5747752e+01   9.0517810e+01
  -8.2035077e+01  -1.5206076e+01
  -1.8511780e+01  -5.5029007e+00
  -9.8985898e+01   6.3123878e+01
   2.6092506e+01  -5.6362539e+00
   4.8462851e+00  -2.6654500e+01
   1.6548340e+01  -7.6340510e+00
  -2.2694562e+01  -3.5631840e+01
   1.3919666e+01  -7.5876050e+01
   5.1028563e+01  -9.8933279e+01
   5.8670171e+01  -6.2544451e+01
   5.0999574e+01  -8.0733348e+01
  -1.3312055e+01  -8.0965470e+01
  -2.5611978e+01   8.1956062e+01
  -5.3966847e+01   7.8047493e+01
  -2.3143285e+01   3.0263927e+01
  -3.3489528e+01   5.4454647e+01
  -6.6053734e+01  -2.1698087e+01
   7.1897690e+01  -3.8250248e+01
   7.8370367e+01  -1.4202112e+01
  -9.8180377e+01   1.9800377e+01
  -3.5693170e+01  -3.7857229e+00
   6.0804444e+01  -2.2884573e+01
  -3.6296312e+01  -1.3662710e+01
  -9.5109052e+01  -4.1369938e+01
  -8.4538835e+01   6.7552020e+01
  -8.2130025e+01   1.3655285e+01
  -5.5119152e+01   9.8706923e+01
   8.3642982e+01  -9.5555561e+01
  -7.4747299e+01   9.7405194e+01
  -4.1225918e+01   1.4682198e+01
  -9.7847533e+01   4.3168125e+01
  -6.0025135e+01   2.0994491e+01
   1.4664758e+01  -4.9135024e+01
  -8.2015360e+01   4.9479061e+01
   4.9987360e+01  -4.4079972e+00
  -9.4752729e+01   2.9178749e+01
  -8.8736734e+01   2.4691489e+00
  -6.9329402e+01   1.7417427e+01
  -2.4005640e+00  -5.3486561e+00
  -4.3656289e+00  -2.3442216e+01
  -6.6562231e+01   8.9970078e+01
  -9.5508202e+01   8.2360799e+01
  -9.8224750e+01   5.3154928e+01
  -2.3603824e+01  -5.4314442e+01
  -7.2497054e+01   4.6638377e+01
  -4.6646022e+01   4.2544703e+01
   8.2360264e+01  -3.6508336e+01
   6.3622618e+01  -4.9978875e+01
   2.8376489e+01  -7.6024333e+01
   2.9435020e+01  -6.3628889e+01
   5.2644998e+00  -9.4356161e+01
  -5.6885911e+00  -7.1717826e+01
  -1.3950983e+01  -6.2260004e+01
  -4.3379188e+00  -9.1593958e+01
   1.4964202e+01  -9.0726687e+01
  -2.9181513e+01   6.3438440e+01
   6.8984486e+01  -1.0722054e+01
  -6.4750681e+00   3.7300947e+01
  -2.3567519e+01   5.4452666e+01
   9.0938314e+01  -3.1398776e+01
  -3.6367794e+01   9.1792741e+01
  -7.5912074e+01  -2.3306961e+01
  -5.1204252e+01   2.7056636e+01
  -3.3098542e+01   3.0286183e+01
   5.7236501e+01   2.4596377e+00
  -2.9861594e+01   1.1718051e+01
  -9.8220797e+01   9.5159682e+01
  -5.1602401e+01  -2.8512253e+01
  -2.7599385e+01  -9.1246050e+00
  -5.9516251e+00   6.4514089e+01
  -6.4841859e+01  -7.2190441e+00
  -7.2690025e+01   8.0524280e+00
  -8.2479464e+01  -5.2665591e+00
  -2.3998939e+01  -2.4758490e+01
   4.9737722e+01  -4.4753767e+01
  -9.0944850e+01  -1.0710343e+01
  -4.4439395e+01  -2.1431855e+01
   6.3793095e+01  -3.2407161e+01
  -6.5051278e+01   9.9851103e+01
   5.6521385e+01  -7.2299887e+01
  -9.6080604e+01  -2.2209981e+01
  -7.3304377e+01   7.7830493e+01
   4.5160215e+01  -8.9846393e+01
   2.5134828e+01  -9.1929408e+01
   4.2513693e+01  -3.1228308e+01
   3.2530620e+01  -1.6627736e+01
  -8.5329482e+01  -3.8821792e+01
  -4.8016676e+01   7.4782193e+00
   6.7428289e+01  -6.7227909e+01
   4.1492467e+01  -2.0974457e+01
   1.4443243e+01  -2.8464495e+01
   4.9904764e+01   9.2497927e+00
   1.8933798e+01   8.3820190e+00
   1.7264863e+01  -5.9771692e+01
   2.5694154e+01  -5.4398473e+01
  -5.8880706e+01   1.1095401e+01
   6.9176957e+00  -7.7724589e+00
  -7.3649378e+00  -1.3944431e+01
   1.9260306e+00   4.0832224e+00
   1.2968433e+01  -1.7850891e+01
   5.0927457e+01  -2.4048766e+01
   4.8743950e+01  -6.1862806e+01
  -6.2570986e+01   3.0589123e+01
  -1.4041296e+01  -2.2653432e+01
  -2.3726041e+01  -6.4248935e+01
  -3.0101143e+01  -4.3261022e+01
   3.6680369e+01  -7.0492108e+01
   4.6583622e+01  -7.1608401e+01
   9.2953258e+01  -4.8997206e+01
   7.0066363e+01  -5.7592706e+01
   2.1094870e+01  -6.9003466e+01
   7.3643486e+01  -9.5455134e+01
   7.6850271e+00  -5.6166392e+01
  -2.5815965e+01  -7.5774357e+01
  -2.4162200e+01   7.2071446e+01
   8.2097664e+01  -4.8118551e+00
   7.0501522e+01  -2.0585136e+01
  -5.0486377e+01   6.8731294e+01
  -4.3621484e+01   7.5905333e+01
  -4.0418371e+01   6.2686698e+01
  -3.4485788e+01   7.1892854e+01
  -3.1361999e+00   2.4179903e+01
   7.5774036e+01  -2.9037811e+01
   2.3224364e+00   3.2558371e+01
   6.7102197e+01  -6.1798940e-01
   8.4359217e+01  -2.3866479e+01
  -9.8400328e+01  -6.7967121e-02
  -5.3389801e+01   4.9661426e+01
  -5.7431495e+01  -3.6623848e+01
  -1.1943166e+01   5.6520082e+01
  -1.6457888e+01   3.7641450e+01
  -2.7987083e+01   2.1532259e+01
  -4.5153150e+01   8.5757347e+01
  -2.5119934e+01   2.9174133e+00
  -1.3253816e+01   7.1427216e+01
  -3.3860950e+01  -2.3173453e+01
  -7.2200789e+01  -1.3842440e+01
  -2.0146357e+01  -1.5271802e+01
  -6.4036854e+00   4.7299308e+01
  -5.6279427e+01  -1.9710427e+01
  -7.9754205e+01   3.9746108e+01
  -9.2194590e+01   1.1815858e+01
  -8.8056195e+01   2.1709947e+01
  -7.2798591e+01   2.6774259e+01
  -4.5575822e+01   9.5732537e+01
  -4.1281061e+01  -3.0608768e+01
  -7.6234763e+01   8.7436877e+01
  -5.6538834e+01   8.8646518e+01
  -6.3658189e+01   8.0409686e+01
   5.4316815e+01  -5.3586055e+01
  -9.2595491e+01  -3.1710035e+01
   6.4716254e+01  -8.6902549e+01
  -4.2983668e+01   5.1701424e+01
  -7.7040560e+01  -3.3239913e+01
  -8.3290409e+01   7.7473041e+01
   2.3793841e+01  -2.5233542e+01
   3.1599863e+01  -3.6705324e+01
   4.0545931e+01  -4.1015435e+01
   3.3541238e+01  -2.6924063e+01
   6.5326823e+01  -7.6960629e+01
   3.5719586e+01  -9.4681822e+01
  -8.9508052e+01   3.7672143e+01
   4.2595194e+01  -1.1096979e+01
   7.7178743e+01  -6.5297528e+01
   4.1223562e+01   4.3689584e+00
   5.3040512e+00  -3.6574441e+01
   2.1824561e+01  -3.4982947e+01
   2.7997481e+01   4.1625874e+00
  -7.8878323e+01   5.9308672e+01
  -9.3146294e+01   7.2643732e+01
  -1.0438145e+01  -8.4741418e-02
   1.1606797e+01   1.5772125e+00
  -2.0219743e+01  -4.5033637e+01
  -8.8882557e+01   5.6700256e+01
  -4.2425054e+01   3.3822949e+01
  -7.0191552e+01   3.6952827e+01
   5.1605321e+00  -4.6461879e+01
  -1.3653474e+01  -5.2354304e+01
  -4.4376771e+00  -5.9211526e+01
  -3.3563384e+01  -5.4685329e+01
   3.8887328e+01  -6.0609332e+01
  -5.4687786e+01   3.6670345e+01
  -3.3746297e+00  -8.1678482e+01
   7.1255011e+00  -8.4540716e+01
   6.3500710e+01  -9.6808527e+01
   8.7050291e+01  -6.6761814e+01
   9.8487034e+01  -3.7953673e+01
  -3.1835615e+01  -3.2831344e+01
   7.3435778e+01  -4.8121068e+01
   7.9888333e+01  -5.5746379e+01
   2.1066144e+01  -8.2816867e+01
   1.9036359e+01  -9.9850773e+01
  -4.1029390e+01   2.4279239e+01
   5.9613042e+01  -7.2515816e+00
   3.5502939e+00  -6.5175219e+01
   9.6917781e+01  -6.8326524e+01
  -3.2806506e+01  -6.8369901e+01
  -2.2362448e+01  -8.5178025e+01
   8.3306159e+01  -4.6412533e+01
  -4.5877815e+01  -1.1703501e+01
  -3.8142009e+01   5.5492525e+00
  -5.4628556e+01   9.4098032e-02
  -1.1994800e+01  -9.7999907e+01
  -1.3643897e+01  -3.2398960e+01
