  -6.8146864e+01   2.3225303e+01
   2.4656980e+01  -4.8192532e+01
  -9.1381672e+01   3.1458106e+01
  -9.9592376e+01   5.1242518e+01
   3.5201824e+01  -7.0323970e+01
  -7.2898906e+01   3.8874559e+01
  -8.1470693e+01   6.0203731e+01
   4.4430615e+01  -4.6285567e+01
   4.6498979e+01  -5.6069323e+01
  -9.0079006e+01   4.2162013e+01
  -7.8677944e+01   1.6702105e+01
  -8.2410160e+01   3.5791471e+01
  -8.0666263e+01   4.5540175e+01
  -9.1270449e+01   1.9357912e+01
   3.7591147e+01  -6.0613608e+01
   2.8057072e+01  -5.7596753e+01
   3.5522783e+01  -5.0829852e+01
   4.7792258e+01  -6.5985417e+01
  -9.4000226e+01   6.0803567e+01
  -9.9100090e+01   2.5088252e+01
  -6.6729261e+01   4.6736200e+01
  -7.6287068e+01   2.8042151e+01
  -6.4978645e+01   3.2776838e+01
  -7.4343424e+01   5.3205516e+01
  -8.9105753e+01   5.2096519e+01
  -9.9012472e+01   3.7640929e+01
  -8.4402877e+01   2.4796775e+01
