   1.2110000e+03
   1.2310000e+03
   1.2230000e+03
   1.2290000e+03
   1.1730000e+03
   1.2090000e+03
   1.2270000e+03
   1.1670000e+03
   1.2210000e+03
   1.2050000e+03
   1.2070000e+03
   1.2190000e+03
   1.1600000e+03
   1.1930000e+03
   1.1640000e+03
   1.1950000e+03
   1.1990000e+03
   1.2030000e+03
   1.1740000e+03
   1.2130000e+03
   1.2170000e+03
   1.2250000e+03
   1.1840000e+03
   1.2330000e+03
   1.1880000e+03
   1.1900000e+03
   1.1920000e+03
   1.1940000e+03
   1.2020000e+03
   1.2040000e+03
   1.2060000e+03
   1.2080000e+03
   1.2100000e+03
   1.2120000e+03
   1.2160000e+03
   1.2180000e+03
   1.2200000e+03
   1.2220000e+03
   1.2240000e+03
   1.2260000e+03
   1.2280000e+03
   1.2300000e+03
   1.2320000e+03
