   4.0144078e+01   1.1536411e+01
   2.9818345e+01  -1.4106499e+01
  -2.7389475e+01  -2.1538396e+01
   7.7720538e-01   2.2990030e+01
   5.6077615e+00  -3.0734304e+01
   9.1531639e+00   9.4273545e+00
   3.9055389e+00  -2.0978442e+01
  -1.5276622e+01  -2.1539878e+01
   2.6761300e+01  -3.2179714e+00
   7.2613215e+00  -2.5504671e-02
   2.8764566e+01   4.1738348e+01
  -3.7380927e+01   9.7627389e+00
   9.8431771e+00   1.9117285e+01
  -1.0933667e+01   2.8399022e+01
   3.2062609e+01  -2.5266721e+01
  -5.0469718e+00  -1.7061532e+01
  -1.9642501e+01  -4.4021189e+01
  -2.4560973e+00  -5.0276298e+01
  -2.7326173e+01  -3.7636460e+01
  -2.7967058e+01   6.4901117e+00
  -3.8754052e+01  -1.0859149e+01
  -1.5003522e+01  -7.6925343e-01
   4.0606226e+00   4.0174999e+01
   3.3753270e+01   3.8835324e+00
  -2.0843636e+01   2.8540443e+01
   1.3803978e+01   3.8094126e+01
   2.4520949e+01  -3.2031075e+01
   2.0243152e+01  -1.1310178e+01
  -2.7698816e+00  -3.6249411e+01
  -4.3675375e+01   1.6932037e+00
   6.1178467e+00  -4.0669051e+01
  -1.9069826e+01  -1.2316031e+01
  -3.4390204e+01  -1.8693736e+00
  -1.2574172e+01  -3.3890954e+01
  -2.8924125e+01  -1.1743332e+01
  -3.4972094e+01  -2.8025898e+01
   4.6008539e+01   2.0092059e+01
  -2.4551251e+01  -2.8642278e+00
   1.6963984e+01  -1.8913279e+00
   7.8162499e+00   3.0098711e+01
  -6.0054630e+00   4.1375717e+01
   4.5943921e+01  -4.7944158e+00
  -3.6277421e+00   3.9260199e+00
   2.6466802e+01   2.3304894e+01
  -1.5506935e+01   3.7833596e+01
   1.6881242e+01   2.5904357e+01
   3.2463412e+01   3.1352258e+01
  -1.9140514e+00   3.2376285e+01
   2.4904071e+01  -4.2071617e+01
   2.2941284e+01  -2.1315581e+01
   3.9024316e+01  -1.7974302e+01
   1.5288303e+01  -2.8267595e+01
   1.3453621e+01  -1.8592729e+01
  -5.6371040e+00  -2.6805040e+01
  -9.6857625e+00  -4.3415861e+01
  -4.8032976e+01  -7.3116887e+00
  -4.6640681e+01   1.3491716e+01
  -2.9772301e+01   1.6603674e+01
   7.5323230e+00  -5.0517438e+01
   1.5744425e+01  -3.8167263e+01
  -2.1500414e+01  -2.9530714e+01
   4.9908797e+01   9.4684001e+00
  -9.8965623e+00  -8.8114227e+00
   3.6044543e+01   2.0628525e+01
  -4.1495176e+01  -2.0454286e+01
   2.2256061e+01   6.5765972e+00
   1.9456936e+01   1.6170012e+01
   3.6150432e+01  -6.4142159e+00
  -1.1457336e+01   4.9686499e+01
  -6.7647392e-01  -5.6396599e+00
   5.4366573e+01   5.2629284e-01
   9.9988085e+00   4.8104564e+01
  -3.0765594e+01   2.9292085e+01
  -5.1113987e-02   1.3182950e+01
   2.2798828e+01   3.3794739e+01
   1.0293993e+01  -9.3350491e+00
   1.9773783e+01   4.6100704e+01
