  -7.1953059e+01   9.4104262e+01
   5.6542632e+01  -1.7321123e+01
  -5.1582090e+01   1.6809316e+01
  -7.0050565e+01   3.8501193e+01
   9.3462061e+00  -5.0789991e+01
   4.3534673e+01  -5.0437970e+01
  -4.0293941e+01   6.5189692e+01
  -8.9983335e+01   7.3596596e+00
  -7.6030536e+01   7.5164989e+01
  -4.3430485e+01   8.0475589e+00
  -9.7462809e+01   7.2263084e-01
   6.7105790e+00  -8.1214551e+01
   6.4900742e+01  -9.0561757e+01
   5.5378138e+01  -4.6986177e+01
  -4.2049636e+00  -6.3865149e+01
   7.6427486e+01  -6.5431734e+01
  -3.4455895e+01   4.4363004e+01
  -9.1159835e+01  -1.4690625e+01
  -4.1178165e+01   3.6960937e+01
  -9.0653525e+01   1.9739796e+01
   5.2895656e+01  -3.6948578e+01
   4.3304394e+01  -3.0370216e+01
   3.7167680e+01  -8.6116681e+01
   1.8178943e+01  -2.6167549e+01
  -8.9702865e-01  -5.0353048e+01
  -8.8964189e+01   2.9595621e+01
  -5.4881501e+01   4.9410037e+01
  -8.1383446e+01   2.2213737e+00
  -6.0384215e+01   4.1062118e+01
  -9.5246739e+01   8.6306808e+01
  -5.3072270e+01  -1.5058977e+01
  -7.6419496e+01   8.5157282e+01
  -9.9047713e+01   1.1582793e+01
  -5.9841554e+01  -7.2977038e-01
  -7.9969715e+01   3.9764524e+01
  -4.1640632e+01   1.7884803e+01
  -6.2998109e+01   3.1412383e+01
   4.6642251e+01  -8.2954666e+01
   3.1614262e+01  -9.4422266e+01
   2.5815900e+01  -1.9711837e+01
   6.1549767e+00  -1.9786418e+01
   3.3582583e+01  -3.9350917e+01
   2.1630911e+01  -3.5552849e+01
   4.1058366e+00  -3.9801451e+01
   8.0694957e+01  -4.7351407e+01
   2.0159620e+01  -6.3797143e+01
   3.0782750e+01  -6.7300837e+01
   3.9084396e+00  -6.9710096e+01
   4.8228571e+01  -7.1093368e+01
   4.0535529e+01  -6.4713776e+01
  -2.7384779e+01   5.1433251e+01
  -4.1925342e+01   5.5324219e+01
  -8.8089381e+01   5.7458443e+01
  -7.4295160e+01  -4.8324045e+00
  -8.4142771e+01  -2.1919103e+01
  -4.5490319e+01  -8.5387671e+00
  -2.3485838e+01   2.8267833e+01
  -3.4094983e+01   2.4446706e+01
  -6.7506563e+01   8.0393650e+01
  -7.8092135e+01   5.7679430e+01
  -7.2600568e+01   1.6884637e+01
  -6.7880236e+01   8.0692172e+00
   7.5406801e+01  -2.4684529e+01
  -8.1226978e+01   2.3262382e+01
   6.9080305e+01  -4.7371818e+01
  -6.3366234e+01   2.0819779e+01
  -5.1342290e+01   3.6791550e+01
   7.4330064e+01  -9.3887068e+01
  -7.1898370e+01   2.6859398e+01
  -8.6035666e+01   8.2413905e+01
   4.1779506e+01  -1.1690714e+01
   3.5815863e+01  -1.9717024e+01
   2.4341882e+01  -4.5209708e+01
   1.6042435e+01  -1.6398435e+01
   9.7480459e+00  -3.1545230e+01
   1.3887356e+01  -4.1880355e+01
  -1.0878135e+01  -5.0967475e+01
   1.8935008e+01  -5.3622972e+01
   7.0690436e+01  -5.7241248e+01
  -5.8912937e+00  -3.9562204e+01
   2.2927371e+01  -8.9344749e+01
   2.8071813e+01  -5.7680541e+01
   6.5023080e+01  -8.0566995e+01
   1.3750372e+01  -7.1474532e+01
  -9.7831496e+01   6.7313385e+01
  -9.8186140e+01   3.3849277e+01
  -5.7932398e+01   9.0857284e+00
  -5.1319256e+01   5.8752621e+01
  -4.5488935e+01   4.5981849e+01
  -4.9800027e+01   6.8635837e+01
  -2.4739883e+01   4.1413492e+01
  -8.1931164e+01   1.3288231e+01
  -6.2217986e+01  -1.9103159e+01
  -3.1588828e+01   3.4127404e+01
  -8.7853535e+01   9.3553744e+01
  -8.1645204e+01  -1.1613013e+01
  -4.9909615e+01   4.3145502e-01
  -8.8904887e+01  -4.7302715e+00
  -3.3493518e+01   1.2087564e+01
  -7.4412969e+01  -1.8519152e+01
   6.8488280e+01  -3.1904896e+01
  -8.9676815e+01   7.3100689e+01
  -8.1771313e+01   6.6977354e+01
  -4.4395619e+01   2.7495522e+01
   5.9931821e+01  -2.6729279e+01
   6.0872591e+01  -5.5341456e+01
  -5.7594731e+01   8.1718072e+01
  -6.5265895e+01  -9.1302556e+00
   4.3523508e+01  -4.0435977e+01
   6.2456089e+01  -3.9880612e+01
  -8.9966264e+01   3.9543779e+01
  -5.4335855e+01   2.6421384e+01
  -7.4710975e+01   4.8269218e+01
   3.2948271e+01  -7.7057775e+01
   2.3401664e+01  -7.4086491e+01
   5.6166985e+01  -9.5427858e+01
   2.3288245e+01  -9.9953177e+01
   3.3176998e+01  -2.9361175e+01
  -6.4863252e+01   5.0001401e+01
   3.3595176e+01  -4.9348328e+01
   4.6114507e+01  -2.0773171e+01
   2.9683658e+01  -1.0490108e+01
   3.9052485e-01  -2.8018664e+01
   9.3584281e+00  -8.9604204e+00
   5.1437290e+01  -6.1230144e+01
  -9.3347532e+01   4.8952953e+01
  -1.5558519e+01  -4.2120459e+01
   1.6706046e+01  -8.1515630e+01
   4.6479647e+01  -9.2951194e+01
   5.8275854e+01  -6.8524864e+01
   8.2166090e+01  -5.7242506e+01
   1.3099417e+01  -9.1193755e+01
  -9.8764229e+01   5.7357590e+01
   6.8006997e+01  -7.0825121e+01
   5.5360223e+01  -7.8087392e+01
   4.9321882e+00  -5.9762834e+01
  -3.3504900e+00  -7.6587594e+01
