  -7.2197613e+01   9.3646051e+01
   5.6544902e+01  -1.7327415e+01
  -5.1953996e+01   1.7344791e+01
  -7.0478682e+01   3.8215665e+01
   8.7319515e+00  -5.1594317e+01
   4.2942209e+01  -5.0207346e+01
  -4.0338435e+01   6.4929500e+01
  -8.9821070e+01   7.5388563e+00
  -7.6094459e+01   7.5089571e+01
  -4.3577474e+01   8.3877053e+00
  -9.7272040e+01   8.9239237e-01
   1.3112854e+01  -8.1477612e+01
   6.3811204e+01  -8.7743498e+01
   5.5627648e+01  -4.7341295e+01
   8.2713520e-01  -6.1927681e+01
   7.2810859e+01  -6.7044533e+01
  -3.4651168e+01   4.4128138e+01
  -9.1153255e+01  -1.4688496e+01
  -4.1365186e+01   3.6782137e+01
  -9.0517585e+01   2.0294887e+01
   5.3261832e+01  -3.7442675e+01
   4.3329768e+01  -3.0372116e+01
   3.8189935e+01  -8.4896197e+01
   1.8337363e+01  -2.6424319e+01
  -1.0103600e+00  -5.0460341e+01
   6.3115579e+01  -6.5183708e+01
   1.0714000e+01  -6.1282254e+01
   4.5909083e+01  -7.5624404e+01
  -8.8570109e+01   3.0065743e+01
  -5.4915349e+01   4.9129086e+01
  -8.1372471e+01   2.2055440e+00
  -6.1231508e+01   4.1487677e+01
  -9.4849470e+01   8.6115620e+01
  -5.3065241e+01  -1.5048006e+01
  -7.7147002e+01   8.4991643e+01
  -9.8971405e+01   1.1548380e+01
  -5.9717030e+01  -4.6671878e-01
  -7.9659570e+01   4.0660448e+01
  -4.2036606e+01   1.8204554e+01
  -6.3085101e+01   3.1876873e+01
   4.7495092e+01  -8.7838393e+01
   3.1285263e+01  -9.2950527e+01
   2.5683060e+01  -1.9817530e+01
   6.1549767e+00  -1.9786418e+01
   3.3842311e+01  -3.9681904e+01
   2.0502801e+01  -3.5920127e+01
   4.2098691e+00  -3.9688961e+01
   8.0156650e+01  -5.2297980e+01
   2.0255441e+01  -6.3610650e+01
   2.9064639e+01  -6.8077059e+01
   2.1758690e+00  -7.1892334e+01
   5.6441966e+01  -7.2478515e+01
   5.5582975e+01  -8.2241157e+01
   4.2213388e+01  -6.5974400e+01
  -2.7615842e+01   5.1201571e+01
  -4.2072021e+01   5.5104601e+01
  -8.7338283e+01   5.7453559e+01
  -7.4286643e+01  -4.8359350e+00
  -8.4142771e+01  -2.1919103e+01
  -4.5564049e+01  -8.4393744e+00
  -2.3607362e+01   2.8354690e+01
  -3.4250480e+01   2.4437780e+01
  -6.7603655e+01   8.0266742e+01
  -7.7916956e+01   5.8014582e+01
  -7.2624995e+01   1.6996902e+01
  -6.7694720e+01   8.3240476e+00
   7.5209007e+01  -2.4892109e+01
  -8.0935291e+01   2.3717446e+01
   6.8616837e+01  -4.8111379e+01
  -6.3366234e+01   2.0819779e+01
  -5.2389782e+01   3.7282113e+01
   7.3358473e+01  -9.3435460e+01
  -7.1558376e+01   2.6893355e+01
  -8.6282400e+01   8.0972983e+01
   4.1717089e+01  -1.1840174e+01
   3.5645734e+01  -2.0110163e+01
   2.4271001e+01  -4.4977855e+01
   1.5961256e+01  -1.6896261e+01
   9.8356570e+00  -3.1509465e+01
   1.3582062e+01  -4.2984418e+01
  -1.0511062e+01  -5.0271763e+01
   1.9122248e+01  -5.3472673e+01
   7.1597858e+01  -5.7407356e+01
  -5.6685596e+00  -3.9578612e+01
   2.0307982e+01  -8.9046106e+01
   2.8580738e+01  -5.8238266e+01
   6.5464167e+01  -7.6566117e+01
   1.2152303e+01  -7.1154559e+01
  -9.5261090e+01   6.3168883e+01
  -9.8499110e+01   3.1046170e+01
  -5.7759881e+01   9.2967568e+00
  -5.1489773e+01   5.8465678e+01
  -4.5544403e+01   4.5773997e+01
  -4.9853382e+01   6.8302638e+01
  -2.4847317e+01   4.1300697e+01
  -8.2090141e+01   1.3829878e+01
  -6.2206661e+01  -1.9098146e+01
  -3.1769174e+01   3.4107209e+01
  -8.7853535e+01   9.3553744e+01
  -8.1641379e+01  -1.1607474e+01
  -4.9794888e+01   6.0659649e-01
  -8.8904887e+01  -4.7302715e+00
  -3.3940263e+01   1.2406728e+01
  -7.4413989e+01  -1.8518178e+01
   6.8360794e+01  -3.2120434e+01
  -9.0543062e+01   7.1954320e+01
  -8.1897519e+01   6.7056638e+01
  -4.5051204e+01   2.7628347e+01
   5.9942054e+01  -2.6730820e+01
   6.1463812e+01  -5.5408120e+01
  -5.7737639e+01   8.1698126e+01
  -6.5133173e+01  -8.8402817e+00
   4.3773897e+01  -4.0302605e+01
   6.2711177e+01  -4.0277027e+01
   4.0918268e+01  -9.5634777e+01
  -8.8980634e+01   3.9959569e+01
  -5.4858144e+01   2.6776657e+01
  -7.4720202e+01   4.8927679e+01
   6.4355214e+01  -9.7713013e+01
   3.1944827e+01  -7.7409057e+01
   2.2018208e+01  -7.6998026e+01
   5.5102139e+01  -9.4121293e+01
   2.3368076e+01  -9.9059385e+01
   3.3348273e+01  -2.9793106e+01
  -6.5079617e+01   5.0241271e+01
   3.3061119e+01  -4.9520628e+01
   4.6073125e+01  -2.0811429e+01
   2.9603355e+01  -1.0679384e+01
   4.7804927e-01  -2.8051260e+01
   9.6309307e+00  -9.2762658e+00
   5.1928777e+01  -6.3709226e+01
  -9.3391409e+01   4.9806410e+01
  -9.8507774e+01   4.1018439e+01
  -1.5121237e+01  -4.2781729e+01
