  -7.3272821e+01   2.2747012e+00
  -8.6965028e+01   2.3901048e+01
   3.6032940e+01  -5.4289549e+01
  -3.0910056e+00   4.3568286e+01
  -4.4656704e+00  -4.0990440e+01
   3.9351951e+01  -7.9364320e+01
  -5.0115492e+01   6.3849610e+01
  -8.4978503e+01  -2.2053824e+01
   5.0763484e+00  -2.5495488e+01
  -2.0745128e+01  -3.7821259e+01
   1.6403518e+01  -7.7707013e+01
   4.6708439e+01  -9.3933441e+01
  -1.8943174e+01  -8.5054068e+01
  -5.2763675e+01   9.7308682e+01
  -6.8411474e+01  -3.2820381e+01
  -6.0503218e+01   2.6586930e+01
   2.1509950e+01  -4.0852558e+01
  -9.8467972e+01   2.6063911e+01
  -6.9558824e+01   1.1181145e+01
  -3.0200043e+00  -1.9811650e+01
  -8.3997136e+01   4.5058153e+01
  -2.3230882e+00  -7.5042732e+01
  -1.9479861e+01  -6.6087594e+01
   7.0605138e+01  -1.9987951e+01
  -1.8479404e+01   5.5479466e+01
   9.0330975e+01  -3.6485314e+01
  -3.0592486e+01   9.8399443e+01
  -4.0930863e+01   2.6324989e+01
  -3.9221884e+01   1.3731355e+01
   1.7427111e+01   6.3311889e+01
  -7.9831183e+01   6.7244103e+01
  -8.3281692e+01  -4.3580221e+01
  -5.5199821e+01   7.2199913e+00
   6.1160757e+01  -6.3866868e+01
   4.7220169e+01  -3.2025207e+01
   1.3064760e+01  -3.6058002e+01
   4.7674943e+01   3.4605254e+01
   2.0173155e+01   1.4255619e+01
   2.6062088e+01  -5.2224858e+01
   8.9826443e+00  -6.0692463e+00
   8.7767732e+00   9.6440010e+00
  -6.6273205e+01   3.4564840e+01
  -2.1027084e+01  -5.6761159e+01
   9.9214338e+01  -4.6997782e+01
   2.3841554e+01  -7.1060756e+01
  -2.7528007e+01  -7.2938838e+01
  -1.7771748e+01   7.1050756e+01
   9.6965245e+01   3.3100090e+00
  -4.5573774e+01   7.2227106e+01
  -3.1481862e+01   6.4774836e+01
  -3.5083645e+00   2.3972625e+01
   9.2802696e+01  -2.6299251e+01
  -6.0366633e+01  -3.7832634e+01
  -8.9179549e+00   5.4042111e+01
  -2.0827292e+01   1.2525617e-01
  -3.3126304e+01  -2.0167816e+01
   5.9697902e-01   5.2714325e+01
  -4.7883731e+01  -2.5596289e+01
   4.5872665e+01  -5.5867125e+01
   5.9674715e+01  -8.9606563e+01
  -4.1011213e+01   4.2963115e+01
   2.3496490e+01  -3.1196493e+01
   3.2630917e+01  -3.4336638e+01
   6.5996937e+01  -8.3659732e+01
  -9.3774790e+01   4.2961358e+01
   8.5424553e+01  -5.8546243e+01
   4.3880653e+01   1.0077437e-01
   2.4455849e+01   2.6938917e+00
  -1.3071080e+01  -7.9556054e+00
   1.4598127e+01   1.9965172e+00
  -9.7821390e+01   5.8853078e+01
  -7.4538324e+01   2.8557152e+01
  -4.8731862e+00  -5.0959178e+01
  -3.2475346e+01  -5.3291638e+01
   4.1041002e+01  -6.4504517e+01
   9.6602648e+01  -7.4257048e+01
  -2.6284754e+01  -2.9661922e+01
   6.2089582e+01   1.4972073e+00
   8.7600401e+00  -5.8380246e+01
  -4.4089041e+01  -8.0982240e+01
   8.2391810e+01  -4.2565369e+01
  -4.1005811e+01  -6.8069588e+00
   8.4407319e+01   1.8797627e+01
   1.2664990e+01   1.9090534e+01
   6.6009741e+01   2.0530443e+01
  -1.1872715e+01   2.8521646e+01
   7.2766308e+01  -4.7497966e+00
   1.7030586e+01   4.1446842e+01
  -4.1653283e+01   8.1337077e+01
  -3.0680572e+01  -2.8600854e+00
  -6.8823016e+01  -5.0790358e+01
   7.4573727e+01  -3.6407673e+01
  -3.3857190e+01   3.6074946e+01
  -1.4559488e+01  -3.0035761e+01
  -6.4058048e+01  -3.1417482e+00
  -6.8007194e+01   5.1791083e+01
  -2.6678802e+01   7.2847382e+01
   6.7224280e+01  -2.9296506e+01
   8.7920744e+01  -9.3247293e+01
   2.0919033e+00   7.9352770e+01
  -6.7384589e-01   9.4495512e+01
  -4.2599852e+01  -1.6679042e+01
  -9.4336226e+01  -1.6437647e+01
   3.5170915e+01  -9.9141397e+01
   4.7300303e+01  -7.3786830e+01
  -8.1208812e+01   8.4092320e+01
   4.8719279e+01  -4.6355447e+01
  -8.5315939e+01  -3.3859030e+01
  -5.8948122e+01   1.6636586e+01
  -7.8260545e+01   1.8984771e+01
  -7.7868387e+01  -5.1719454e+01
  -7.6888909e+01   9.4099563e+01
   5.1776670e+01   1.1615150e+01
   3.3059111e+01   1.9966303e+01
  -6.3139419e+01   8.0273454e+01
  -6.9097686e+01   8.8055657e+01
   1.4495704e+01  -6.7853143e+01
   6.9544106e+01  -6.9079735e+01
   7.8071943e+01  -6.5077221e+01
   1.6095418e+01  -1.2252731e+01
   3.4002591e+01   5.6839081e+00
   4.0702554e+01   1.5269414e+01
  -2.9169384e+00  -9.7809951e+00
   1.8884426e+01  -5.8981128e+01
   3.4286308e+00  -3.5292097e+01
   2.3903537e+01  -3.6866662e+00
   5.4826610e+00  -1.5243650e+01
   1.2333414e+00  -7.3400806e-01
  -9.1803523e+01  -2.3642844e+00
  -9.4389490e+01   7.2452564e+00
   3.1440447e+01  -4.4015987e+01
   5.5775445e+01  -5.5649659e+01
  -2.9208619e+01  -6.2706300e+01
  -9.8135292e+00  -6.8484179e+01
   2.9514429e+01  -6.1861350e+01
   7.8624809e+01  -9.6902213e+01
  -1.1258111e+01  -9.1750056e+01
   8.0487902e+00  -9.2033209e+01
  -3.6804780e+01  -6.9204399e+01
  -2.4788752e+01  -9.3040151e+01
  -9.4551129e+00  -8.1947053e+01
  -2.8802402e+01  -8.2857281e+01
   6.5898699e+00  -7.9516621e+01
   1.7049711e+01  -8.7679445e+01
  -3.9244873e+00  -9.8907944e+01
   8.2770907e+01  -4.3614082e+00
   9.2561886e+01   1.3016821e+01
  -1.7520594e+01   9.0770305e+01
   8.4556504e+01  -2.0671263e+01
   1.9948547e+01  -9.7403217e+01
  -2.5941550e+00   3.3731503e+01
   5.6221476e+01   1.9948522e+01
  -3.5126109e+01   5.0620467e+01
   2.4025954e+01   3.4188681e+01
   9.7482297e+00   4.9591185e+01
   6.0814912e+01  -1.7995199e+01
   6.4026977e+00   3.0061440e+01
   9.7625564e+01  -1.7476691e+01
  -5.0788432e+01   4.4419119e+01
  -3.1140757e+01   2.6512373e+01
  -5.7059118e+01  -5.3818426e+01
  -2.9725488e+01   1.6682128e+01
  -9.9303085e+01   9.1629216e+01
  -3.0366837e+01   8.1659062e+01
  -4.0689076e+01   6.3171623e+01
  -2.0782425e+01   8.0718843e+01
  -6.0370311e+01  -2.6064965e+01
  -5.6031801e+01   3.5442963e+01
   9.5349490e+01  -8.6564733e+01
   4.0237691e+01  -1.3666640e+01
  -1.2386135e+01  -1.7714710e+01
  -4.4606710e+01   5.2238390e+01
  -3.5853051e+01   8.9529807e+01
  -1.1330034e+01   3.7971307e+01
  -2.4943366e+01   4.6832114e+01
  -2.3925148e+01   3.6999309e+01
  -2.6173678e+01  -1.3335639e+01
  -3.0370654e+01  -4.3646385e+01
  -3.9025182e+01  -2.7626529e+01
   6.9605265e+00   6.0343321e+01
  -5.3281757e+01  -1.7997240e+01
   2.1770207e+00   6.9931570e+01
  -9.3328909e+01  -2.7086700e+01
  -1.1933575e+01   8.2995796e+01
   3.9014679e+01  -2.7381270e+01
  -8.3194566e+01   2.6719206e+00
  -9.1952690e+01   3.3230346e+01
  -8.2727700e+01   3.4208552e+01
  -9.4134825e+01   8.0827467e+01
  -7.5059121e+01   3.8350730e+01
  -8.5688664e+01   1.2319386e+01
  -8.9488371e+01   8.9713127e+01
  -8.5846371e+01   7.5232690e+01
  -2.0743079e+01   9.9977759e+01
   1.4956577e+01  -2.7221021e+01
   2.8592216e+01  -2.3191709e+01
  -9.7546285e+01  -5.4188610e+01
  -4.6180513e+01   3.4678450e+01
   5.6429840e+01  -7.2487072e+01
  -8.7937786e+01   6.1324694e+01
  -7.3535083e+01  -4.1399520e+01
   4.6002456e+01   2.2382653e+01
  -6.9279463e+01  -2.2134380e+01
  -9.3057728e+01  -4.5306984e+01
  -9.7035475e+01  -3.6220189e+01
  -7.2803710e+01   7.8017454e+01
  -9.3936794e+01   6.9325745e+01
   2.3999588e+01   2.2897861e+01
  -6.8037914e+01   9.8953998e+01
   6.5026872e+01  -3.8915105e+01
   5.7227092e+01  -2.9453244e+01
   5.8616066e+01  -4.6266426e+01
   5.1079355e+01  -6.4405269e+01
  -8.3895879e+00   6.6585355e-01
   7.7099749e+01   4.2098056e+00
   7.5002945e+00  -4.4467915e+01
   1.6248798e+01  -4.9307830e+01
  -4.6302825e+00  -2.9571345e+01
  -5.0748135e+01   2.4952783e+01
  -1.3067082e+01  -4.5424012e+01
  -9.4366610e+01   1.7144952e+01
  -5.9130000e+01   8.9494748e+01
  -7.8531470e+01   5.3441318e+01
  -2.8238193e+01   6.8246625e+00
   3.3721959e+01  -7.1173984e+01
  -1.5147052e+00  -6.0298928e+01
  -1.1296462e+00   8.6335880e+00
  -4.0207688e+01  -5.9585025e+01
  -8.5551193e+01   9.8949575e+01
  -2.2265024e+01  -4.7545734e+01
  -1.7149904e+01  -7.5433110e+01
   5.5739267e+01  -9.8213267e+01
   5.3677870e+01  -1.0233341e+01
   9.7313943e+01  -6.2336917e+01
   6.9924207e+01  -5.9118746e+01
   7.7436231e+01  -5.2528608e+01
   8.8880118e+01  -6.7918029e+01
   2.9696298e+01  -8.1985693e+01
  -4.7620571e+01   7.0901765e-01
  -3.8129545e+01   3.8049027e+00
  -4.9081885e+01   1.5113413e+01
  -5.1849553e+01  -8.2803336e+00
  -6.1357218e+01  -1.2652026e+01
   4.6533351e+00  -6.8017055e+01
  -3.4733074e+01  -9.0908789e+01
  -5.5723545e+01  -7.5243342e+01
   8.9552187e+01  -4.9494182e+01
  -4.6622675e+01  -7.1099725e+01
  -1.5387004e+00  -8.9192460e+01
   6.9419094e+01  -9.3019490e+01
  -1.1290875e+01  -5.8615992e+01
  -1.7321357e+01  -9.9684249e+01
   3.7925597e+01  -8.9177783e+01
   9.7808956e+01  -6.6510419e+00
   8.7068320e+01   4.6671256e+00
   7.5611615e+01   1.4074256e+01
   6.6273173e+01   1.0547271e+01
  -1.0155795e+01   9.7542853e+01
   2.8288938e+01  -9.1886164e+01
   1.9320959e+01   5.1855936e+01
   8.9318247e+01  -1.1910891e+01
   8.2444848e+01  -3.0378367e+01
  -2.1479711e+01   2.7446919e+01
  -5.8997136e+01  -6.3346791e+01
   3.1975132e+00   1.7431066e+01
   1.5987786e+01   2.8389904e+01
  -3.6126753e+01   7.3395038e+01
   6.9323891e+00   4.0049829e+01
  -5.9590996e+01   4.8319061e+01
   7.7925500e+01  -1.3255490e+01
   6.3488764e+01  -8.3810903e+00
  -5.4563317e+01   7.5739521e+01
  -1.2578191e+01   6.3144123e+01
   4.9398508e+01  -2.2148634e+01
   4.0730088e+01  -4.0471702e+01
  -2.7687316e+01   5.6294680e+01
  -7.7156934e+01  -1.6391566e+01
  -1.5102677e+01   4.6510912e+01
  -6.8444722e+01   2.0821268e+01
  -4.6305103e+01   8.9868845e+01
  -8.6200482e+01  -1.0623536e+01
  -2.1026862e+01  -2.1783452e+01
  -4.0644840e+01   9.8098657e+01
  -5.3297367e+01  -3.2799790e+01
  -3.3936573e+01  -3.5187632e+01
  -2.9477345e+00   6.1867416e+01
  -7.3922434e+01  -7.3319474e+00
   1.1545778e+01   8.1535733e+01
   1.1913313e+01   7.1576158e+01
  -8.6048297e+00   7.3949530e+01
  -5.3620445e+01   5.5372773e+01
   1.4226313e+01  -1.9214248e+01
  -7.2177285e+01   4.5784596e+01
  -3.8732597e+00   8.6157350e+01
  -6.1887754e+01  -4.5908008e+01
   6.4192031e+01  -7.5876398e+01
   4.3371428e+01   7.9399051e+00
   5.3017630e+01   2.8334480e+01
   2.5242438e+01   8.8420121e+00
   1.8881375e+01  -6.6870200e+00
   3.6212239e+01  -1.9568950e+01
