  -2.2092729e+01  -2.7706207e+01
   3.3135843e+01   5.6647711e+01
   7.2911652e+01  -3.6454206e+01
  -8.2565134e+00  -3.9703530e+01
  -2.9986692e+01   1.4579615e+01
   2.6702161e+01   3.7863078e+01
  -4.0323644e+01  -5.1638537e+00
  -7.9181922e+01  -4.8888078e+01
   2.2707291e+01  -4.5765414e+01
   8.4030519e+01   2.3022950e+01
   3.3319198e+01   2.8505893e+01
   4.4335967e+01   2.5674359e+01
   4.1812353e+01   4.2076142e+00
   1.1471111e+01   7.8270224e+01
  -5.6923492e+01   4.2519608e+01
   2.7652707e+01  -2.0121037e+01
  -3.7224112e+01  -8.6575833e+01
   2.1249229e+01  -3.5867566e+01
  -6.2573503e+01   3.0365304e+01
  -6.7930442e+01  -5.2227240e+00
   3.5395467e+00  -3.9677749e+01
   1.6996620e+01  -7.9810043e+01
  -3.0710643e+01  -2.2568281e+01
  -3.1254867e+01  -5.1005550e+01
   2.7935077e+01  -1.0129413e+01
   1.8708218e+01  -6.3007062e+00
  -3.6013336e+01   4.9059498e+01
   3.8658801e+01  -3.3590095e+01
   2.6714371e+01  -5.7623310e+01
  -6.5280811e+01  -1.5715738e+01
  -5.8435965e+01  -8.4248192e+00
  -5.0281849e+01  -2.6398882e+00
   8.8501229e+00  -9.3629840e+01
  -6.4360062e+00  -2.2408617e+01
   1.2607368e+01  -7.0825172e+01
  -4.1700818e+01  -6.9167151e+01
   6.0373895e+01   3.0823675e+01
  -5.5547698e+01  -1.7998296e+01
  -1.2298584e+01   4.0524278e+01
  -3.0102931e+00   7.0284612e+01
  -2.9238238e+01   8.3155024e+01
   1.2091425e+01   1.2288292e+01
   8.7980155e+01  -2.1902009e+01
   4.4535546e+01   7.2398331e+01
   5.7491188e+01  -2.2722383e+01
  -2.6237582e+01   2.3787135e+01
   4.0872745e+01   3.5053917e+01
   4.7097682e+01   6.2733323e+01
   4.8263863e+01  -5.2607001e+01
   3.4297379e+01  -8.0382676e+01
  -1.8426719e+01  -7.0752001e+01
   2.9335664e+01  -2.9974039e+01
  -3.9947382e+01   1.3844109e+01
  -8.4471124e+01   1.9149024e+01
  -7.5806913e+01   3.6588294e+01
  -7.0785416e+01  -2.4063724e+01
  -1.1688351e+01  -5.9417010e+01
  -2.0321527e+01  -8.7925296e+01
  -2.5039922e-04  -4.9030248e+01
  -4.2711923e+01   3.0681920e+01
   3.7340359e+01  -5.8553850e+01
  -4.3187360e+01   4.3994565e+00
  -3.3710893e+01  -6.0695420e+01
   9.4290906e+00  -5.2359362e+01
  -1.8191461e+01  -3.8574829e+01
   3.2027806e+01   9.9186942e+00
   2.2143806e+01   1.1974871e+01
   4.7689863e+01   1.5354592e+01
   5.4000793e+01   2.3111388e+01
  -2.0947897e+01   6.9525592e+01
  -5.9988767e+01  -4.4427974e+01
   2.1629546e+01   8.0500092e+01
   6.5543589e+01  -6.5569547e+00
   7.5580190e+01  -6.3886568e+00
  -1.9723404e+01   4.7096451e+01
   6.7263011e+01  -2.4846021e+01
  -3.7958469e+01   5.9398421e+01
  -4.1732002e+01  -2.0442740e+01
   1.3852023e+01   3.2198049e+01
   1.2083152e+01   5.1594115e+01
  -4.5681500e+00   5.8631067e+01
  -1.6990623e+01  -8.2183957e+00
   6.7422098e+00   2.4850567e+01
  -7.4129652e+00  -1.1058737e+01
   3.0780441e+01  -3.9865323e+01
   3.8905748e+01  -2.3594890e+01
   4.8619020e+01  -1.6335216e+01
   5.7759777e+01  -3.2860819e+01
   4.8541730e+01  -3.7377084e+01
   3.2874734e+01  -6.7561311e+01
  -4.5241262e+01  -7.8508152e+01
  -2.8287708e+01  -6.9095281e+01
  -3.0480178e+01   3.2604202e+01
   1.8386690e+01  -2.6287339e+01
  -6.4827076e+01   2.0627780e+01
  -6.3314239e+01   5.0120965e+01
   1.1198410e+01  -3.3236808e+01
  -7.4565430e+01   1.7561788e+01
  -9.5236609e+01   3.9510119e+01
  -9.0469838e+01  -2.4681472e+01
  -3.0357174e+01  -4.3875033e+00
  -7.1792589e+01   4.0009069e+00
   6.4905785e+00  -7.8735149e+01
  -8.5857605e+01  -1.0195051e+01
  -3.6194405e+01   2.3104816e+01
   4.6456787e+01  -6.2662469e+01
  -2.3554215e+00  -3.1600080e+01
   1.2564135e+00  -1.6027254e+01
   7.8140768e+01   3.7855944e+00
   2.1422753e+01  -6.6106534e+01
  -2.1681380e+01  -5.9790299e+01
  -1.6068361e+01  -1.9724666e+01
  -5.4634768e+01  -6.4010629e+01
   1.6125863e+01   2.1425922e+01
  -1.3333816e+01  -7.9357584e+01
  -8.7538142e+00   8.4686889e+01
  -1.2458646e+01  -3.0385940e+01
   3.5333428e+01  -3.4070635e+00
   1.8415946e+01  -1.6290984e+01
   3.7257639e+01  -1.3734369e+01
   9.9092488e+00  -1.1033140e+01
  -3.8998581e+01   7.9277821e+01
   2.8227317e+01   1.9903931e+01
  -1.1786027e+01   6.5531913e+01
   6.0490130e+01   4.0828431e+01
   6.3856541e+01   2.1424484e+01
  -7.7958277e+01  -3.8964557e+01
   2.8818225e+01   4.7630042e+01
  -6.7543399e+01  -3.3943216e+01
   1.6836405e+01   3.5061004e+00
   3.8025836e+01   1.7918505e+01
  -1.6106972e+01   2.8959098e+01
   3.6300598e+01   6.6132785e+01
   2.5926294e+01   6.3577341e+01
   8.7707757e+00   6.8359203e+01
   5.4622184e+01  -6.1912660e+00
  -1.0320616e+01   5.0458166e+01
   8.6366958e+01  -1.9003110e+00
   7.7588075e+01  -2.4332882e+01
  -4.5765824e+01   4.9983076e+01
   7.0340327e+01  -1.5331325e+01
  -4.7439964e+01   6.2573570e+01
  -5.6297809e+01  -3.5135189e+01
  -3.4656343e+01  -1.3392860e+01
  -3.1693850e+01  -3.2509149e+01
   9.6493889e+00   4.1899543e+01
   2.3157741e+01   2.8521117e+01
   5.9847038e+01   5.0807661e+01
   3.8386025e+01   4.4735666e+01
  -2.2990645e+00   6.0211888e+00
   5.1786434e+01   3.4997785e+00
  -3.0913990e+00   2.3100483e+01
   6.3887909e+01  -4.0763736e+01
   4.0563650e+01  -4.3405933e+01
   4.4244115e+01  -8.1411746e+01
   5.4881923e+01  -4.5110251e+01
   3.2764516e+01  -4.9663598e+01
   4.8370303e+01  -2.6821837e+01
  -5.4901820e+01  -8.1078546e+01
  -2.5654898e+01  -7.9477004e+01
  -7.2938382e+01   4.7544824e+01
  -8.5846504e+00  -6.8983671e+01
  -2.7696762e+01  -4.1666651e+01
  -7.2239231e+01   2.7282432e+01
  -6.6450980e+01   3.9850734e+01
  -8.2111193e+01   2.8855679e+01
  -5.2691187e+01   3.1768502e+01
  -5.5482547e+01   1.7153272e+01
  -8.0249403e+01   9.3363178e+00
  -2.4690880e+01  -1.4588918e+01
  -5.2638548e+01   7.5896548e+00
  -8.1977772e+01  -1.9410431e+01
  -7.4753076e+01  -1.2512724e+01
  -6.0496500e+01   1.4368882e+00
  -4.7402477e+01  -1.2213336e+01
  -5.0786107e+01  -2.6791359e+01
  -3.3235847e+01   5.1647521e+00
   4.2012498e+01  -7.1623654e+01
   5.2999336e+00  -2.5167150e+01
  -6.4342394e+01   1.0658305e+01
  -4.3734706e-01  -8.9928668e+01
  -9.9859352e+00  -4.9563000e+01
   3.2668923e+00   3.4213060e+01
  -7.8651737e+01  -3.2668623e+00
   1.3083248e+01  -4.3053649e+01
  -2.1702460e+01   5.9118051e-01
  -4.6458609e+01   2.1419686e+01
  -2.0706152e+01  -4.9681383e+01
   8.9381783e+01   7.6343603e+00
  -1.9240896e+01   8.2980558e+01
   8.1155807e+01   1.3320170e+01
   8.4939278e-03   7.9811678e+01
  -4.5501234e+01  -5.9966537e+01
   2.5812837e+01  -7.5090691e+01
  -1.0403572e+01  -8.9160118e+01
   7.5757173e+00  -6.2184418e+01
  -3.3813159e+00  -8.0327554e+01
   4.4657993e+01  -7.0115835e+00
   2.6627340e+01   1.5043608e+00
  -3.9477661e+01   6.9289303e+01
  -3.0276265e+01   7.3209076e+01
   5.0760195e+01   3.3572243e+01
  -6.9972502e+01  -4.4981440e+01
  -6.2131400e+01  -5.4195253e+01
   6.9687309e+01   4.9027654e+01
   7.3761155e+01   2.0051381e+01
   3.6827783e+01   7.8768248e+01
  -6.5593311e+00   3.2420249e+01
  -1.8630714e+01   5.8315171e+01
  -1.2637385e+01   7.5477511e+01
   6.8104766e+00   8.7139342e+01
   6.1753692e+01   2.6968938e+00
   1.8570303e+01   7.0351352e+01
  -2.1735710e+01   3.7321763e+01
  -2.7278750e+01   5.3488368e+01
   2.8499923e+01   7.3235698e+01
  -5.4391437e+01   5.4557502e+01
   8.0857844e+01  -1.4882559e+01
   9.0139735e+01  -1.1161288e+01
  -6.1050268e+01  -2.6340708e+01
  -2.5076294e+00   4.2357922e+01
  -4.1470968e+01  -3.0427072e+01
   2.1064312e+00   5.1204882e+01
   2.1619522e+01   5.4560682e+01
   6.6740148e+01   5.9200995e+01
   1.9276865e+01   4.4593665e+01
   5.6804778e+01   6.0333500e+01
   4.2706953e+01   5.3750902e+01
  -3.7591362e+01   3.9312913e+01
  -9.5603910e+00  -8.4346807e-01
   5.7101144e+01   1.1976513e+01
   1.2260565e+00  -6.0279780e+00
   6.9300527e+00   2.1817135e+00
  -2.8759621e+01   6.3314294e+01
   2.4379203e+00   1.4811686e+01
  -7.9436288e+01  -2.9077786e+01
  -3.5265890e+01  -7.6779738e+01
  -8.5269281e+01   3.9624575e+01
  -4.7367674e+01   4.0171969e+01
