   9.7166002e+00   8.7460066e+01
  -4.9046850e+00   7.0983641e+01
  -7.4258604e+01   2.8601874e+01
   2.9772361e+00  -3.9843972e+01
   3.0849720e+01   6.5039467e+01
   2.8817852e+01  -5.3018277e+01
   2.3144570e+01  -7.5002815e+01
   3.2533174e+00  -6.9510869e+01
   3.4839389e+01   7.8555564e+01
  -8.6606993e+01   3.4276490e+01
  -9.5387456e+01   5.3132764e+01
   3.5702912e+01  -6.1960600e+01
   1.0408710e+01  -9.7384246e+01
   2.1846529e+01  -3.8951787e+01
  -5.3489720e+00  -8.8172878e+01
  -9.5959521e+01   3.0736687e+01
  -7.7369212e+01   3.8105774e+01
  -8.0179409e+01   4.7702794e+01
   3.8795748e+01  -5.2353752e+01
   4.5485024e+01  -5.9787027e+01
  -5.2678758e+01  -9.5273760e+01
   3.7049508e+01  -1.0173483e+01
  -4.0000282e+01  -9.7240929e+01
   2.8072347e+01  -2.9733064e+01
  -1.9957698e+01  -8.4657093e+01
  -9.0278523e+01   1.2419260e+01
  -9.2989059e+00  -6.8904629e+01
  -8.9744989e+01   4.4787373e+01
   1.4059860e+01  -8.7936002e+01
  -9.9722629e+01   4.4119027e+01
   2.2099731e+01   6.0198211e+01
   2.6039112e+01   7.3806339e+01
   1.6992109e+01  -3.0209098e+01
  -2.0830595e+00  -7.7968001e+01
  -2.0310331e+00  -9.7622643e+01
   4.3260279e+00  -8.5644170e+01
