   4.0205826e+01   1.1530430e+01
   2.9939480e+01  -1.4123547e+01
  -2.7490056e+01  -2.1656576e+01
   1.9669493e-01   2.2838499e+01
   5.6724591e+00  -3.1137550e+01
   9.6710233e+00   9.6989988e+00
   4.2721372e+00  -2.1287425e+01
  -1.5202638e+01  -2.1709573e+01
   2.6801418e+01  -3.2868716e+00
   7.1194711e+00   1.0790816e-01
   2.9098923e+01   4.2162713e+01
  -3.7500902e+01   9.7963436e+00
   9.6362247e+00   1.9634502e+01
  -1.1020209e+01   2.8459871e+01
   3.2516327e+01  -2.5483146e+01
  -4.8245092e+00  -1.7418287e+01
  -1.9798921e+01  -4.4089065e+01
  -2.3263984e+00  -5.0448680e+01
  -2.7477034e+01  -3.7689470e+01
  -2.8039690e+01   6.5988293e+00
  -3.9250285e+01  -1.0863340e+01
  -1.5319133e+01  -8.9010727e-01
   4.1459092e+00   4.0512699e+01
   3.3768796e+01   3.8822492e+00
  -2.1014225e+01   2.8527974e+01
   1.3849025e+01   3.8103154e+01
   2.4654806e+01  -3.2084046e+01
   2.0407625e+01  -1.1144729e+01
  -2.7401684e+00  -3.6795898e+01
  -4.4135391e+01   1.8748313e+00
   6.2577267e+00  -4.1090913e+01
  -1.9394274e+01  -1.2636400e+01
  -3.4892629e+01  -1.8703996e+00
  -1.2704286e+01  -3.4283964e+01
  -2.9338844e+01  -1.1867979e+01
  -3.5064727e+01  -2.8171945e+01
   4.6167153e+01   2.0082967e+01
  -2.5002735e+01  -2.9105224e+00
   1.6922365e+01  -1.7878833e+00
   7.7857579e+00   3.0109418e+01
  -6.0785170e+00   4.1659315e+01
   4.6158796e+01  -4.8374176e+00
  -3.7548508e+00   3.6059009e+00
   2.6545259e+01   2.3274394e+01
  -1.5506935e+01   3.7833596e+01
   1.7026542e+01   2.6288930e+01
   3.2625171e+01   3.1307797e+01
  -1.9195633e+00   3.2582398e+01
   2.5170064e+01  -4.2180920e+01
   2.3325208e+01  -2.1610185e+01
   3.9148895e+01  -1.8003627e+01
   1.5319470e+01  -2.8507506e+01
   1.3831577e+01  -1.8641240e+01
  -5.6184537e+00  -2.7279363e+01
  -9.8132746e+00  -4.3838345e+01
  -4.8504267e+01  -7.1267489e+00
  -4.6765619e+01   1.3542125e+01
  -2.9772301e+01   1.6603674e+01
   7.6574522e+00  -5.0967875e+01
   1.5892908e+01  -3.8475752e+01
  -2.1537143e+01  -2.9653270e+01
   4.9992210e+01   9.4881365e+00
  -1.0065418e+01  -9.1406957e+00
   3.6190762e+01   2.0683919e+01
  -4.1571307e+01  -2.0581597e+01
   2.2316395e+01   6.6247625e+00
   1.9447452e+01   1.6202114e+01
   3.6293211e+01  -6.4136656e+00
  -1.1639089e+01   4.9960709e+01
  -5.5562706e-01  -6.2154907e+00
   5.4552355e+01   5.8977154e-01
   1.0165745e+01   4.8486800e+01
  -3.0980479e+01   2.9308632e+01
   3.2309105e-02   1.2853512e+01
   2.3061380e+01   3.4215535e+01
   1.0257571e+01  -9.3443787e+00
   1.9872272e+01   4.6089870e+01
