   5.3694832e+01  -1.1630666e+01
   6.1423168e+01  -4.0181067e+01
  -6.3642539e+01   4.5364917e+01
  -5.8673922e+01  -1.0422386e+01
  -7.6438336e+01   2.2564821e-01
  -8.2721752e+01   2.6437195e+01
   2.2226349e+01  -1.7619606e+01
   3.4958583e+01  -5.4235265e+01
  -5.8471056e+00   2.9348661e+01
  -6.9364604e+01   7.2410151e+00
   9.2220348e+01  -1.1572812e+01
   3.5622677e+01  -5.7833822e+00
  -6.7804710e+00  -4.6443102e+01
  -1.8653304e+00  -3.6358392e+01
   3.7419941e+01  -8.1111593e+01
   5.4460868e+01  -9.1355045e+01
  -5.2371100e+01   5.6962007e+01
  -1.1428121e+01   4.7726991e+01
  -6.7978442e+01  -3.8250054e+01
  -8.6346658e+01   9.0573142e+01
  -8.2287178e+01  -1.7704696e+01
  -1.7547076e+01  -9.2866812e+00
   1.1613144e-01  -2.2976411e+01
  -2.0940956e+01  -3.6244849e+01
   1.6567441e+01  -7.6825133e+01
   4.5475955e+01  -8.7001488e+01
  -1.7418516e+01  -7.7503093e+01
  -2.7066363e+01   8.4961767e+01
  -5.2442566e+01   8.4123959e+01
  -2.8636922e+01   4.0428732e+01
  -3.4260853e+01   5.1655379e+01
  -6.5702805e+01  -2.8551422e+01
   7.9745892e+01  -1.3272545e+01
  -9.9666537e+01   2.0738750e+01
  -3.6320247e+01  -3.0047058e+00
   6.1230064e+01  -1.8318433e+01
  -3.5491240e+01  -1.3054670e+01
  -9.5744943e+01  -4.5950081e+01
  -8.6034886e+01   6.5563861e+01
  -8.1333090e+01   9.4811719e+00
  -4.5294913e+01   1.5843857e+01
  -6.0021521e+01   2.4103585e+01
   1.6151259e+01  -4.7684218e+01
  -8.5488183e+01   5.0293755e+01
  -9.3098001e+01   2.8359705e+01
  -9.5581046e+01  -3.0660405e+00
  -6.6964455e+01   1.6914335e+01
  -6.6849616e+00  -1.5679299e+01
  -6.6833291e+01   9.7894821e+01
  -9.5139673e+01   8.5814083e+01
  -9.8666698e+01   5.0086026e+01
  -2.2680876e+01  -5.5877813e+01
  -7.7870063e+01   4.3866290e+01
  -4.2882506e+01   3.9880812e+01
   6.6387071e+01  -4.8807499e+01
  -1.8880099e+00  -7.0138680e+01
  -1.9260177e+01  -6.5254612e+01
   1.3671937e+01  -9.6683008e+01
  -2.4125641e+01   6.6431536e+01
   6.9781650e+01  -1.2629810e+01
  -6.1065444e+00   3.9298538e+01
  -2.1401876e+01   4.7281812e+01
   8.9438184e+01  -3.0822766e+01
  -3.4642214e+01   9.1479283e+01
  -3.5475818e+01   3.3185966e+01
   5.7112108e+01   2.3679249e+00
  -3.5202488e+01   1.4171341e+01
  -5.0591678e+01  -2.7977202e+01
   3.6402200e+00   6.1704669e+01
  -2.2822745e+01  -2.6537260e+01
  -5.0706715e+01  -1.6398552e+01
   5.6451285e+01  -7.0815911e+01
  -7.8318169e+01   7.1899824e+01
   2.3604170e+01  -9.5968990e+01
   4.5209644e+01  -2.8969852e+01
   3.1819528e+01  -1.5029794e+01
  -8.5964540e+01  -4.3888995e+01
  -5.0616514e+01   7.1565432e+00
   5.9974499e+01  -6.1478159e+01
   3.9847810e+01  -2.0731647e+01
   1.5348570e+01  -2.6374572e+01
   5.0553142e+01   2.0594538e+01
   1.6051971e+01   1.3190529e+01
   2.5489572e+01  -5.1068086e+01
   7.9261637e+00  -4.7432987e+00
   2.9144005e+00   1.1551296e+01
   5.3933248e+01  -3.3644616e+01
  -6.1895189e+01   3.3896442e+01
  -2.8145698e+01  -4.2861888e+01
   3.6662324e+01  -7.1170877e+01
   9.6077678e+01  -4.5917119e+01
   6.9850962e+01  -5.8150991e+01
   2.2920573e+01  -6.9204285e+01
   8.1062889e+01  -9.6650669e+01
   9.6001883e+00  -5.4964227e+01
  -2.5834826e+01  -7.2820800e+01
  -1.8991712e+01   7.4992791e+01
   8.4910756e+01  -4.7173372e+00
   7.0487350e+01  -2.2581110e+01
  -5.0094545e+01   6.6680049e+01
  -3.8029046e+01   8.1180136e+01
  -3.3191210e+01   6.2236750e+01
  -3.8041854e+01   7.0938705e+01
  -1.4550561e+00   2.0444576e+01
   7.8016655e+01  -2.9147988e+01
   4.3226911e+00   2.9706476e+01
   6.7258056e+01   2.4565456e+00
   8.4838613e+01  -2.1864706e+01
  -5.3814600e+01   4.7136960e+01
  -5.7895877e+01  -3.4794769e+01
  -1.5113749e+01   5.7001464e+01
  -1.6084337e+01   3.8881953e+01
  -2.8138133e+01   2.1233055e+01
  -4.4554124e+01   9.0240870e+01
  -2.1954767e+01   8.1023137e-01
  -9.7413159e+00   7.1196834e+01
  -3.2449902e+01  -2.3878199e+01
  -7.6257096e+01  -9.7442475e+00
  -2.5405745e+01  -1.6954430e+01
  -1.4444507e+00   4.8210076e+01
  -5.9623828e+01  -2.0691685e+01
  -8.4318160e+01   3.6269608e+01
  -8.9444201e+01   1.9052331e+01
  -7.0518467e+01   2.6225785e+01
  -4.0962629e+01  -3.0592224e+01
  -8.0952761e+01   9.9647570e+01
  -5.7901893e+01   9.2486115e+01
  -7.1272438e+01   7.8973308e+01
   4.6427868e+01  -5.1736574e+01
  -9.9992248e+01  -3.2145164e+01
   6.3601201e+01  -8.7347467e+01
  -4.4092041e+01   4.9799757e+01
  -7.8390729e+01  -3.3426387e+01
  -8.8660051e+01   7.5597497e+01
   2.5483237e+01  -2.7048496e+01
   2.8576726e+01  -3.7023811e+01
   4.3272358e+01  -3.8665412e+01
   3.5164954e+01  -2.9547393e+01
   6.5120410e+01  -7.7498206e+01
   3.3037782e+01  -9.9010146e+01
  -9.1966512e+01   4.2678121e+01
   4.3725622e+01  -1.1583285e+01
   8.5605139e+01  -5.9812020e+01
   4.2734250e+01   5.9299885e+00
   9.7577430e+00  -4.0071962e+01
   1.8729294e+01  -3.5766014e+01
   2.3281098e+01   6.2884434e+00
  -7.8663384e+01   5.8755149e+01
  -9.5735839e+01   6.7980005e+01
  -1.2189144e+01  -7.8824812e-01
   1.0332956e+01   4.9902995e+00
  -1.8831681e+01  -4.6389193e+01
  -9.2186856e+01   5.7695048e+01
  -4.5758611e+01   3.0029524e+01
  -7.1600997e+01   3.6136300e+01
   3.1105927e+00  -4.7469465e+01
  -1.2846309e+01  -5.4355317e+01
  -2.9763023e+00  -5.5732985e+01
  -3.1743803e+01  -5.1800177e+01
   4.2365383e+01  -6.0903904e+01
  -5.2534407e+01   3.7287528e+01
  -7.5384264e-01  -8.4176750e+01
   9.0572348e+00  -8.4239080e+01
   8.9968141e+01  -6.8795733e+01
  -3.1518734e+01  -3.3677536e+01
   7.5148570e+01  -4.3492313e+01
   7.8369664e+01  -5.2937353e+01
   2.5591909e+01  -8.1033190e+01
  -3.8181569e+01   2.3610384e+01
   6.2106415e+01  -6.2669913e+00
   4.0505868e+00  -6.2793344e+01
  -4.4039661e+01  -7.4854262e+01
  -3.2264676e+01  -9.1260000e+01
   8.6075474e+01  -4.6546765e+01
  -4.4459304e+01  -8.6823325e+00
  -4.0759721e+01   5.9019889e+00
  -5.2390138e+01  -2.6585638e+00
  -1.4655567e+01  -9.9153895e+01
  -1.1419571e+01  -3.3645589e+01
   8.0434200e+01   4.2781993e+00
  -1.7985344e+01   8.9138684e+01
   9.9816336e+01  -2.9883742e+01
   8.9251752e+00   2.0220056e+01
   6.1599999e+01   1.1301123e+01
  -1.5818756e+01   2.8945298e+01
   7.4870389e+01  -4.0277527e+00
   3.8703177e+00   3.9696199e+01
  -4.2815667e+01   5.9715802e+01
   9.4807044e+01  -2.1232180e+01
  -7.4660253e+01  -2.4149959e+01
  -4.6607961e+01   7.6036830e+01
  -3.0799826e+01   5.2863436e+00
  -6.0111774e+01  -4.4541556e+01
   6.9930219e+01  -3.4983546e+01
  -2.5612872e+01   3.0901310e+01
  -9.4673551e+01   9.6237085e+01
  -1.5815383e+01  -1.9472640e+01
  -6.6961696e+01  -3.7004683e+00
  -6.0012701e+01   3.7771543e+00
  -7.1511272e+01   5.1517378e+01
  -2.5079047e+01   5.6501690e+01
  -2.8988833e+01   7.5158555e+01
   6.2403907e+01  -2.8417089e+01
   5.1730968e+01  -2.1421019e+01
  -2.7393324e+01  -7.3295138e+00
  -2.5563777e+01   9.5662427e+01
   8.9712595e+01  -9.1639256e+01
  -6.3523900e+00   6.1791509e+01
   2.5864709e-01   7.1196603e+01
  -6.8172208e+01  -1.5579828e+01
  -1.1462255e+01   8.1560304e+01
  -4.1017336e+01   9.9589180e+01
  -4.1824840e+01  -2.0710291e+01
  -9.1642425e+01  -1.4197210e+01
  -9.4455666e+01  -2.3807354e+01
   3.1442976e+01  -8.9118955e+01
   4.6628358e+01  -7.6930511e+01
  -8.0848926e+01   8.1839326e+01
   5.1980198e+01  -4.3420214e+01
  -9.0386272e+01  -3.4922028e+01
  -5.7297207e+01   1.4514806e+01
  -7.6829168e+01   1.8393901e+01
  -5.1015166e+01   9.9728590e+01
   2.5758774e+01  -7.2219746e+00
   4.7989038e+01  -2.5657762e+00
  -7.5980174e+01  -4.4216416e+01
   5.5760801e+01  -8.0997748e+01
   4.2699794e+01  -9.6595283e+01
  -7.6351222e+01   9.0770385e+01
   5.1541322e+01   1.0652498e+01
   2.6151101e+01   1.5872245e+01
  -6.1301796e+01   7.9531120e+01
  -6.6777489e+01   8.7896895e+01
   1.3171521e+01  -6.6760577e+01
  -9.9467161e+01   3.6068273e+01
   6.7617524e+01  -6.7867669e+01
   7.7242725e+01  -6.5258641e+01
  -9.9948991e+01   7.7047793e+01
   1.2808149e+01  -1.4521497e+01
   3.2965320e+01   3.8409618e+00
   4.1669746e+01   1.5869087e+01
  -3.8099765e+00  -6.1320692e+00
   1.8874194e+01  -5.8559300e+01
   6.3666204e+00  -3.0724775e+01
   1.7475970e+01  -1.8529221e+00
   2.9712303e+00  -1.3410088e+01
  -3.3689046e+00   3.8328148e+00
  -8.6397975e+01   8.6508531e-01
  -9.1718210e+01   9.3238930e+00
   3.5206778e+01  -4.4384570e+01
   5.6922608e+01  -5.2023173e+01
  -3.1724947e+01  -6.1444576e+01
  -9.4076863e+00  -6.3689207e+01
   3.0752492e+01  -6.3161712e+01
   7.1689297e+01  -9.3196782e+01
   9.8445866e+01  -7.4086719e+01
   9.4758849e+01  -5.5825304e+01
  -1.2232411e+01  -8.5968876e+01
   4.4461944e+00  -9.3077840e+01
  -3.5279957e+01  -7.0514622e+01
  -2.0665556e+01  -9.0967272e+01
  -7.8028540e+00  -7.7381415e+01
  -2.6640719e+01  -8.2966891e+01
   6.9292785e+00  -7.4551131e+01
   1.8215666e+01  -8.7702028e+01
  -5.4107848e+00  -9.3017107e+01
