   1.0300000e+02
   8.5000000e+01
   1.0100000e+02
   1.0900000e+02
   5.7000000e+01
   1.1500000e+02
   6.7000000e+01
   5.9000000e+01
   9.3000000e+01
   7.7000000e+01
   1.0700000e+02
   1.2300000e+02
   4.9000000e+01
   5.5000000e+01
   8.9000000e+01
   1.1700000e+02
   1.2500000e+02
   4.8000000e+01
   8.3000000e+01
   5.2000000e+01
   8.7000000e+01
   9.1000000e+01
   5.8000000e+01
   9.7000000e+01
   9.5000000e+01
   9.9000000e+01
   1.0500000e+02
   6.8000000e+01
   7.0000000e+01
   7.2000000e+01
   1.1100000e+02
   1.1300000e+02
   1.1900000e+02
   1.2100000e+02
   8.2000000e+01
   8.4000000e+01
   8.6000000e+01
   8.8000000e+01
   9.0000000e+01
   9.2000000e+01
   9.4000000e+01
   9.6000000e+01
   9.8000000e+01
   1.0000000e+02
   1.0200000e+02
   1.0400000e+02
   1.0600000e+02
   1.0800000e+02
   1.1000000e+02
   1.1200000e+02
   1.1400000e+02
   1.1600000e+02
   1.1800000e+02
   1.2000000e+02
   1.2200000e+02
   1.2400000e+02
