   3.1018915e+01   5.3484887e+01
   7.8754816e+01  -3.8983103e+01
  -3.8497123e+01   2.0122068e+01
   3.2066908e+01   3.8976401e+01
  -8.7926878e+01  -5.1469163e+01
   8.7707420e+01   2.6656726e+01
   4.4070358e+01   5.7040957e+00
   8.3469575e+00   7.9483080e+01
  -3.6345024e+01  -8.8579957e+01
  -6.4184918e+01   3.1002140e+01
  -7.2791556e+01  -5.2055908e+00
   2.1699938e+01  -8.8632786e+01
  -2.7067864e+01  -2.8458848e+01
  -3.0801860e+01  -4.9760863e+01
   2.8528785e+01  -1.6167036e+01
   1.6592616e+01  -1.7284261e+01
  -3.3517955e+01   4.8657812e+01
   2.8985002e+01  -6.6297394e+01
  -6.3173537e+01  -7.8651555e+00
  -5.5386606e+01  -1.6302816e+00
   7.1192256e+00  -6.8952130e+01
  -4.2445863e+01  -7.0010808e+01
   5.3170538e+01   2.3037055e+01
  -5.9263490e+01  -1.6955998e+01
  -1.5885959e+00   7.1355937e+01
  -3.5012824e+01   9.2312662e+01
   1.1954447e+01   1.5260568e+01
   5.0433714e+01   7.4952708e+01
   5.8844007e+01  -2.9132660e+01
  -2.8465301e+01   2.0604040e+01
   4.6559732e+01   4.1095247e+01
   4.8349116e+01   6.1935034e+01
   4.3274422e+01  -5.2458025e+01
   3.1503533e+01  -8.6661874e+01
   3.2210300e+01  -3.5088497e+01
  -4.6343091e+01   1.3750247e+01
  -9.4495615e+01   2.2629686e+01
  -7.6051831e+01   3.4912981e+01
  -4.5662687e+00  -6.3276554e+01
  -2.1413977e+01  -9.0797247e+01
   7.5162046e-02  -4.0550189e+01
  -4.4299964e+01   3.2096888e+01
  -4.0527464e+01   5.7310020e+00
  -3.3288136e+01  -5.9423722e+01
   1.3564856e+01  -5.4791260e+01
   3.7021552e+01   1.6779663e+01
  -1.9864079e+01   7.2225928e+01
  -5.9993224e+01  -4.5398041e+01
   2.4759556e+01   8.6255853e+01
   6.8230715e+01  -1.2667072e+01
   7.7681567e+01  -8.6283747e+00
  -2.1686412e+01   4.5612487e+01
   6.6301338e+01  -2.2476870e+01
  -3.6974395e+01   5.8009372e+01
   1.2324912e+01   6.0071081e+01
  -6.7186663e+00   5.8567746e+01
  -1.8062585e+01  -1.1074785e+01
   1.3108154e+01   2.5168546e+01
  -8.0655972e-01  -1.5915039e+01
   3.5949941e+01  -2.2838679e+01
   5.0690833e+01  -3.4910681e+01
  -4.5032406e+01  -8.3590233e+01
  -6.6564878e+01   2.1366454e+01
  -6.6375496e+01   5.0113962e+01
   9.5051128e+00  -3.6132854e+01
  -7.4200554e+01   1.4933968e+01
  -9.0752301e+01  -2.8966711e+01
  -3.9563801e+01  -1.0893402e+01
  -7.5219809e+01   4.4938430e+00
   5.6422033e+00  -7.8842401e+01
  -8.8866413e+01  -1.0594816e+01
   5.0840423e+01  -5.8991460e+01
   8.0728190e+01   8.9547808e-01
  -2.2520392e+01  -6.6331912e+01
  -1.7342233e+01  -2.6051127e+01
  -5.6372677e+01  -6.7119657e+01
  -3.2814578e+00   9.4346079e+01
  -8.3179264e+00  -3.0337052e+01
   8.2660496e+00  -1.1757829e+01
  -4.3596342e+01   8.7182551e+01
  -1.0851932e+01   6.7623696e+01
   6.2924468e+01   4.3897851e+01
   6.0724836e+01   1.6495454e+01
  -8.6350009e+01  -3.8150466e+01
   1.8883944e+01   8.0679936e+00
  -1.6382447e+01   3.4960848e+01
   2.9025108e+01   6.4628533e+01
   9.3860191e+00   6.9575715e+01
   8.9602419e+01  -3.7131421e+00
   8.4717292e+01  -3.0955118e+01
  -4.3672585e+01   4.9606508e+01
  -5.0106087e+01   7.1445873e+01
  -5.6894024e+01  -3.5909259e+01
  -3.0518742e+01  -3.9768459e+01
   2.3224354e+01   3.2461348e+01
   5.7373242e+01   5.2214442e+01
   3.8353037e+01   4.6748309e+01
  -7.9902931e+00   7.2246619e-01
   5.2835132e+01   8.0688991e-02
   4.6959081e-01   2.6764622e+01
   5.8979846e+01  -4.0961214e+01
   3.9203851e+01  -4.2318156e+01
   4.2985808e+01  -8.2476112e+01
   5.7473593e+01  -5.1238442e+01
   3.3400784e+01  -5.0911730e+01
   4.9565290e+01  -2.4861457e+01
  -5.9853963e+01  -7.9773769e+01
  -2.7915981e+01  -8.3202175e+01
  -7.8991415e+01   4.4468902e+01
  -1.3019111e+01  -6.9906392e+01
  -2.0110763e+01  -3.5617362e+01
  -7.5866464e+01   2.4939701e+01
  -6.7669206e+01   4.0294480e+01
  -5.4255420e+01   3.1728463e+01
  -5.7179573e+01   1.7994798e+01
  -8.3171281e+01   1.0546672e+01
  -2.4277531e+01  -1.8889910e+01
  -5.4715001e+01   8.3220040e+00
  -8.5985237e+01  -2.0181939e+01
  -7.9142021e+01  -1.2908035e+01
  -6.5620175e+01   1.7338234e+00
  -4.6271559e+01  -1.9419504e+01
  -5.5408059e+01  -2.6079502e+01
  -3.4582259e+01  -2.2332165e+00
   4.9358836e+01  -7.4770120e+01
   1.6656365e+00  -2.9930129e+01
  -6.4787993e+01   1.1593233e+01
  -8.5147958e-01  -9.4819876e+01
  -3.5893141e+00  -5.3331221e+01
   7.7201345e+00   3.3561745e+01
  -8.2501789e+01  -2.8869494e+00
   1.4484443e+01  -4.4834343e+01
  -1.7774237e+01  -1.1002003e+00
  -4.8831198e+01   2.3339807e+01
  -1.2999530e+01  -5.0016547e+01
   8.9352019e+01   6.2833239e+00
  -1.9542989e+01   8.2196556e+01
   8.8583111e+01   1.6253065e+01
  -1.4603596e+00   8.1370365e+01
  -4.3262250e+01  -6.0045035e+01
   2.4544066e+01  -7.6693268e+01
  -1.1814566e+01  -8.7996073e+01
   4.6234619e+00  -5.9268659e+01
  -4.5255637e+00  -7.5178686e+01
   4.4494644e+01  -5.4226122e+00
   2.5439426e+01   5.3510731e-01
  -3.8072114e+01   6.8505111e+01
  -2.9684327e+01   7.4090668e+01
   4.7321395e+01   3.1134980e+01
  -7.6418653e+01  -3.7112628e+01
  -6.2899906e+01  -5.6475589e+01
   7.1186483e+01   4.9523652e+01
   7.9647262e+01   2.0738884e+01
   3.6772003e+01   8.8204537e+01
  -4.3502129e+00   3.6519631e+01
  -1.9250662e+01   6.2284566e+01
  -1.0693686e+01   7.7572775e+01
   5.1034248e+00   8.8918037e+01
   6.2080655e+01   3.8757522e+00
   1.9543626e+01   6.8237573e+01
  -2.8977825e+01   3.8823584e+01
  -2.5690414e+01   5.4738893e+01
   2.7393594e+01   7.4489690e+01
  -5.3315443e+01   5.5597662e+01
   8.3993571e+01  -1.6382727e+01
   9.3391907e+01  -1.2966929e+01
  -6.5505031e+01  -2.4729355e+01
  -3.6011941e+00   4.9119877e+01
  -4.6291809e+01  -3.0062920e+01
   5.6318159e+00   5.2732920e+01
   2.1948237e+01   5.7573621e+01
   7.0926646e+01   6.6566124e+01
   2.4074228e+01   4.4976859e+01
   5.7923249e+01   6.4808954e+01
   4.6832786e+01   5.2047558e+01
  -3.8823335e+01   4.0315041e+01
  -8.2419364e+00  -9.2400196e+00
   5.3062561e+01   1.0075838e+01
   2.3764857e+00  -3.3814881e+00
   9.1758073e+00   5.6857748e+00
  -2.9079207e+01   6.4127800e+01
   2.1234175e+00   1.6958216e+01
  -7.9187850e+01  -2.7510673e+01
  -3.6592446e+01  -7.8235230e+01
  -8.5958004e+01   3.6096812e+01
  -4.8768419e+01   4.1004161e+01
   2.6450117e+01  -2.6914936e+01
   6.8978971e+01  -4.1088606e+01
   5.7439274e+01  -1.7782107e+01
   6.7882312e+01  -5.1028111e+01
   4.9772267e+01  -4.4862355e+01
   3.4533338e+01  -7.7132881e+01
   5.1782010e+01  -8.7232599e+01
   2.6748713e+01  -4.3463274e+01
   4.1417640e+01  -3.1194550e+01
   4.7831428e+01  -1.5009438e+01
  -5.0838023e+01  -7.5448283e+01
   2.2905366e+01  -5.8358554e+01
  -5.4913893e+01  -8.8487888e+01
  -3.1783028e+01  -9.7478648e+01
   7.1011343e+01  -3.1297674e+01
  -3.2056911e+01  -6.9333074e+01
  -2.0802070e+01  -7.6179800e+01
  -7.5516569e+01   5.4110561e+01
  -1.3997132e+01  -5.9960718e+01
  -8.4756008e+01   2.0411081e+01
  -8.5387657e+01   5.2588553e+01
  -9.5712888e+01  -1.7880523e+01
  -2.3320507e+01  -5.6370284e+01
  -9.0216891e+01   3.4636818e+00
  -9.9530753e+00  -4.0200181e+01
   5.6171080e+01  -6.7450096e+01
  -9.1308690e+01   4.4537005e+01
  -3.4728818e+01   2.9376065e+01
   3.6950323e+01  -6.0252185e+01
   4.0906979e+01  -6.9430111e+01
  -9.5770044e+01   3.4219680e+01
   1.0980784e+01  -9.0503784e+01
  -3.2526557e+01   1.1583132e+01
   2.9327109e+01   2.4546590e+01
  -1.0605507e+01   8.7550682e+01
   7.3431217e+00  -2.1706299e+01
  -6.9513397e+01  -1.5578201e+01
   1.5670452e+01  -2.7230103e+01
   2.1407428e+01   1.8465653e+01
   1.3518601e+01  -3.2762747e+00
  -2.1843013e+01  -4.5420516e+01
   1.9748330e+01  -3.6341880e+01
   6.9082356e+01   1.1008874e+01
  -5.2980121e+01  -5.7708918e+01
   5.4094845e+00  -4.9007719e+01
   9.9146277e+01   4.2655108e+00
   9.8155245e+01   1.9144829e+01
  -6.6343473e+01  -6.5862770e+01
  -1.4222364e+01  -9.7744340e+01
   3.8026519e+01  -1.3044540e+01
   1.5441795e+01  -8.0833183e+01
  -2.2976926e+00  -8.4925787e+01
   2.1833087e+01  -8.7773873e+00
  -3.6283341e+01  -2.0326281e+01
  -1.0298943e+01  -1.9001837e+01
  -3.8659007e+01   7.8489065e+01
  -2.9357552e+01   8.4074192e+01
   1.7056936e+01  -7.0064920e+01
   7.6371610e+01  -2.2855854e+01
  -2.2695016e+01   9.1670622e+01
  -7.7271816e+01  -5.6546071e+01
  -6.9367606e+01  -4.8852339e+01
   5.5671161e+01   3.7024235e+01
   3.7351381e+01   3.0493935e+01
   7.6567892e+01   5.7949710e+01
   6.1342598e+01   2.8799811e+01
   6.9652288e+01   2.0989295e+01
   4.1913205e+01   6.9689441e+01
   3.1758820e+01   8.2792766e+00
   3.6673581e+01   7.8206007e+01
   7.9076399e+01   1.0756635e+01
   3.5098069e+01  -2.0200933e+00
  -1.1900387e+01   4.3760517e+01
   1.4048588e+01   9.3378283e+01
   3.8532320e+01   6.0066663e+01
  -1.5146497e+01   5.3187636e+01
  -4.5958926e+01   6.2356357e+01
   1.8298221e+01   7.8626763e+01
  -2.4789252e+01   2.9785547e+01
  -5.7145884e+01   4.6371300e+01
  -6.6769176e+01  -3.4624737e+01
  -4.5481608e+01  -2.8573874e+00
  -2.7949987e+01  -9.6414691e+00
  -9.4049682e+00   2.7892852e+01
   9.1186073e+01  -2.3329226e+01
  -5.1401111e+01  -1.0845446e+01
   6.0731828e+01  -6.0530602e+00
   6.9984010e+01  -2.2475865e+00
  -3.6477765e+01  -3.1753001e+01
   2.5690116e+00   6.2261553e+01
   6.5422271e+01   5.8195029e+01
   1.5896531e+01   3.9249750e+01
   4.1511144e+00   4.2858016e+01
   1.4961035e+01   4.9191069e+01
  -7.9131778e+01  -4.6724173e+01
  -2.6514642e+01   3.6548243e+00
  -6.4097255e-01   7.4043202e+00
