   5.3880835e+01  -1.1660891e+01
   6.1585975e+01  -4.0312539e+01
  -6.3727501e+01   4.5240161e+01
  -5.9154961e+01  -1.0277574e+01
  -7.6544401e+01   2.4461407e-01
  -8.2736928e+01   2.6396199e+01
   2.2344128e+01  -1.7796767e+01
   3.5393320e+01  -5.4390045e+01
  -6.0426308e+00   2.9599871e+01
  -6.9482818e+01   7.3078438e+00
   9.2219882e+01  -1.1571101e+01
   3.5778892e+01  -5.5926502e+00
  -7.0331916e+00  -4.6067365e+01
  -1.6043400e+00  -3.6507001e+01
   3.7331958e+01  -8.1187227e+01
   5.4394932e+01  -9.1520028e+01
  -5.2324179e+01   5.6999824e+01
  -1.1316957e+01   4.7960865e+01
  -6.7961356e+01  -3.8635378e+01
  -8.6360524e+01   9.0582203e+01
  -8.2459288e+01  -1.7766809e+01
  -1.7547076e+01  -9.2866812e+00
  -1.6027324e-01  -2.3025881e+01
  -2.0590203e+01  -3.6483480e+01
   1.6697708e+01  -7.7258616e+01
   4.5505554e+01  -8.6944795e+01
  -1.8040052e+01  -7.8188738e+01
  -2.7031226e+01   8.5015853e+01
  -5.2516807e+01   8.4276278e+01
  -2.8675438e+01   4.0619874e+01
  -3.4260853e+01   5.1655379e+01
  -6.5950706e+01  -2.8858657e+01
   7.9805177e+01  -1.3234833e+01
  -9.9666537e+01   2.0738750e+01
  -3.6425891e+01  -2.9959456e+00
   6.1310825e+01  -1.8346158e+01
  -3.5640805e+01  -1.3189806e+01
  -9.5840966e+01  -4.5970371e+01
  -8.6059605e+01   6.5548308e+01
  -8.1374901e+01   9.3933419e+00
  -4.5294913e+01   1.5843857e+01
  -6.0025668e+01   2.4184286e+01
   1.6947985e+01  -4.6759228e+01
  -8.5661508e+01   5.0428155e+01
  -9.3098752e+01   2.8370340e+01
  -9.5710667e+01  -3.1214942e+00
  -6.6949503e+01   1.6970596e+01
  -6.7370922e+00  -1.5493245e+01
  -6.6833401e+01   9.7915176e+01
  -9.5151190e+01   8.5815995e+01
  -9.8784514e+01   5.0122679e+01
  -2.2613013e+01  -5.5953444e+01
  -7.8063457e+01   4.3941497e+01
  -4.2991112e+01   3.9959204e+01
   6.6610911e+01  -4.8934863e+01
  -1.8332467e+00  -7.0079754e+01
  -1.9337762e+01  -6.5395458e+01
   1.3807971e+01  -9.6939731e+01
  -2.3991637e+01   6.6515595e+01
   6.9826628e+01  -1.2617056e+01
  -5.9042158e+00   3.9571732e+01
  -2.1289021e+01   4.7339194e+01
   8.9438184e+01  -3.0822766e+01
  -3.4616829e+01   9.1529824e+01
  -3.5508331e+01   3.3339109e+01
   5.7061704e+01   2.4243723e+00
  -3.5078716e+01   1.4192466e+01
  -5.0650782e+01  -2.7930274e+01
   3.7541906e+00   6.1703252e+01
  -2.2988619e+01  -2.6817098e+01
  -5.1131715e+01  -1.6235456e+01
   5.6377663e+01  -7.1009174e+01
  -7.8326768e+01   7.1884320e+01
   2.3780558e+01  -9.6240509e+01
   4.5273199e+01  -2.9119916e+01
   3.1908543e+01  -1.4936617e+01
  -8.6060976e+01  -4.3896825e+01
  -5.0688110e+01   7.0626817e+00
   5.9981676e+01  -6.1683812e+01
   4.0073949e+01  -2.0633580e+01
   1.5443987e+01  -2.6151063e+01
   5.0543336e+01   2.0694154e+01
   1.6043402e+01   1.3254257e+01
   2.5892089e+01  -5.1227934e+01
   7.7062287e+00  -4.7095409e+00
   2.9024873e+00   1.1797800e+01
   5.4131959e+01  -3.3684019e+01
  -6.2044433e+01   3.3969232e+01
  -2.8160403e+01  -4.3039798e+01
   3.6854213e+01  -7.1201447e+01
   9.6090171e+01  -4.5884436e+01
   7.0025427e+01  -5.8317082e+01
   2.3021256e+01  -6.9520209e+01
   8.1143976e+01  -9.6713899e+01
   1.0251442e+01  -5.4181033e+01
  -2.6300662e+01  -7.2564261e+01
  -1.8944227e+01   7.5141798e+01
   8.4946074e+01  -4.6586306e+00
   7.0735652e+01  -2.2570792e+01
  -5.0101770e+01   6.6743863e+01
  -3.8029046e+01   8.1180136e+01
  -3.3123367e+01   6.2453178e+01
  -3.8071345e+01   7.1128693e+01
  -1.5759654e+00   2.0692839e+01
   7.8206848e+01  -2.9214646e+01
   4.3227178e+00   2.9705672e+01
   6.7268904e+01   2.4817821e+00
   8.4932034e+01  -2.1818461e+01
  -5.3916229e+01   4.7151480e+01
  -5.7905062e+01  -3.4813255e+01
  -1.5087643e+01   5.7213606e+01
  -1.5881088e+01   3.8944340e+01
  -2.8085616e+01   2.1328458e+01
  -4.4538662e+01   9.0299554e+01
  -2.1855205e+01   7.0097082e-01
  -9.7412311e+00   7.1231256e+01
  -3.2676088e+01  -2.3695249e+01
  -7.6494810e+01  -9.7459295e+00
  -2.5170259e+01  -1.7104528e+01
  -1.3058397e+00   4.8442664e+01
  -5.9931592e+01  -2.0905669e+01
  -8.4442251e+01   3.6245226e+01
  -8.9506476e+01   1.9038387e+01
  -7.0647757e+01   2.6250127e+01
  -4.0950339e+01  -3.0573591e+01
  -8.0958962e+01   9.9659543e+01
  -5.7976304e+01   9.2649146e+01
  -7.1302034e+01   7.8997013e+01
   4.6427706e+01  -5.1736816e+01
   6.3567133e+01  -8.7546140e+01
  -4.4114065e+01   4.9891613e+01
  -7.8398959e+01  -3.3447120e+01
  -8.8672323e+01   7.5587654e+01
   2.5529122e+01  -2.7259350e+01
   2.8477529e+01  -3.6798612e+01
   4.3222928e+01  -3.8886514e+01
   3.5280800e+01  -2.9469823e+01
   6.5112457e+01  -7.7674229e+01
   3.3311560e+01  -9.9258153e+01
  -9.2048136e+01   4.2733811e+01
   4.3896130e+01  -1.1409940e+01
   8.5693627e+01  -5.9791373e+01
   4.2725381e+01   5.9789901e+00
   9.5648404e+00  -4.0017797e+01
   1.8552133e+01  -3.5653260e+01
   2.3194617e+01   6.2668244e+00
  -7.8663384e+01   5.8755149e+01
  -9.5760279e+01   6.7974655e+01
  -1.2015218e+01  -8.6488407e-01
   1.0267107e+01   5.0924844e+00
  -1.8709862e+01  -4.6269716e+01
  -9.2395333e+01   5.7814301e+01
  -4.5859784e+01   2.9921439e+01
  -7.1785293e+01   3.6175918e+01
   2.8727085e+00  -4.7431518e+01
  -1.2767280e+01  -5.4264444e+01
  -2.8803233e+00  -5.5595010e+01
  -3.1907260e+01  -5.2301456e+01
   4.2698584e+01  -6.1210441e+01
  -5.2616878e+01   3.7259629e+01
  -7.9909455e-01  -8.4751925e+01
   9.1891503e+00  -8.4333377e+01
   8.9996407e+01  -6.8816862e+01
  -3.1431335e+01  -3.3606773e+01
   7.5169610e+01  -4.3466515e+01
   7.8435004e+01  -5.2916062e+01
   2.5995080e+01  -8.0920729e+01
  -3.8067663e+01   2.3693770e+01
   6.2212687e+01  -6.1427467e+00
   4.4789260e+00  -6.2339128e+01
  -4.5081712e+01  -7.5373471e+01
  -3.2308670e+01  -9.1326288e+01
   8.6110904e+01  -4.6510821e+01
  -4.4579015e+01  -8.7249444e+00
  -4.0765523e+01   5.9897974e+00
  -5.2578414e+01  -2.7492550e+00
  -1.4655567e+01  -9.9153895e+01
  -1.1093643e+01  -3.3353201e+01
   8.0456415e+01   4.3113629e+00
  -1.7935580e+01   8.9169195e+01
   9.9830299e+01  -2.9908148e+01
   8.8969849e+00   2.0247738e+01
   6.1613577e+01   1.1327919e+01
  -1.6009647e+01   2.8958026e+01
   7.4890584e+01  -3.9956687e+00
   4.0903217e+00   3.9702948e+01
  -4.2744201e+01   5.9795725e+01
   9.4911259e+01  -2.1202108e+01
  -7.4756079e+01  -2.4134715e+01
  -4.6709506e+01   7.6146090e+01
  -3.0749752e+01   5.2137571e+00
  -5.9992927e+01  -4.4663618e+01
   6.9994899e+01  -3.4912250e+01
  -2.5777805e+01   3.1052367e+01
  -9.4673551e+01   9.6237085e+01
  -1.5626158e+01  -2.0051050e+01
  -6.6961696e+01  -3.7004683e+00
  -6.0131987e+01   3.7903184e+00
  -7.1524540e+01   5.1497698e+01
  -2.5058649e+01   5.6577973e+01
  -2.8942818e+01   7.5202426e+01
   6.2524955e+01  -2.8268291e+01
   5.1758519e+01  -2.1433068e+01
  -2.7505812e+01  -7.4439786e+00
  -2.5521666e+01   9.5684605e+01
   8.9747736e+01  -9.1618673e+01
  -6.2417050e+00   6.1864764e+01
   2.5867089e-01   7.1196603e+01
  -6.8336739e+01  -1.5512458e+01
  -1.1350489e+01   8.1643657e+01
  -4.0977939e+01   9.9643160e+01
  -4.2207754e+01  -2.0687768e+01
  -9.1777139e+01  -1.4145766e+01
  -9.4455666e+01  -2.3807354e+01
   3.1467888e+01  -8.9286668e+01
   4.6594856e+01  -7.6915451e+01
  -8.0883117e+01   8.1858472e+01
   5.2098257e+01  -4.3470403e+01
  -9.0396744e+01  -3.4886830e+01
  -5.7246956e+01   1.4588416e+01
  -7.6855848e+01   1.8312507e+01
  -5.0976469e+01   9.9788453e+01
   2.5891400e+01  -6.9947942e+00
   4.8198184e+01  -2.3880510e+00
  -7.6082083e+01  -4.4453156e+01
   5.5700591e+01  -8.1047132e+01
   4.2954097e+01  -9.6613329e+01
  -7.6363052e+01   9.0778528e+01
   5.1516249e+01   1.0742967e+01
   2.6151101e+01   1.5872245e+01
  -6.1319435e+01   7.9540245e+01
  -6.6782722e+01   8.7915590e+01
   1.3404679e+01  -6.6815523e+01
  -9.9493284e+01   3.6058309e+01
   6.7707348e+01  -6.8029799e+01
   7.7310701e+01  -6.5243084e+01
  -9.9961359e+01   7.7049144e+01
   1.3015840e+01  -1.4262290e+01
   3.2928086e+01   3.9870922e+00
   4.1664129e+01   1.5921710e+01
  -3.4835228e+00  -6.0392393e+00
   1.9192203e+01  -5.8660164e+01
   6.4508260e+00  -3.0521658e+01
   1.7311241e+01  -1.9468105e+00
   3.0655995e+00  -1.3568320e+01
  -3.2694299e+00   3.9518788e+00
  -8.6521614e+01   8.1629193e-01
  -9.1800089e+01   9.3069036e+00
   3.4916206e+01  -4.4423393e+01
   5.7111526e+01  -5.2111675e+01
  -3.1094397e+01  -6.2260259e+01
  -9.4936199e+00  -6.3688505e+01
   3.0795063e+01  -6.3251828e+01
   7.1753379e+01  -9.3282638e+01
   9.8480851e+01  -7.4108549e+01
   9.4865889e+01  -5.5809154e+01
  -1.2690512e+01  -8.6741008e+01
   4.5366463e+00  -9.3203630e+01
  -3.6152076e+01  -7.0881985e+01
  -2.1492081e+01  -9.1481950e+01
  -8.0574580e+00  -7.7885375e+01
  -2.6814006e+01  -8.2974366e+01
   7.0828054e+00  -7.4562090e+01
   1.8607444e+01  -8.7684503e+01
  -5.4524855e+00  -9.3638448e+01
