   5.3908834e+01  -1.1659974e+01
   6.1621388e+01  -4.0334219e+01
  -6.3749889e+01   4.5218071e+01
  -5.9227428e+01  -1.0268463e+01
  -7.6566959e+01   2.4720240e-01
  -8.2736716e+01   2.6393919e+01
   2.2358204e+01  -1.7781995e+01
   3.5437175e+01  -5.4425129e+01
  -6.0738856e+00   2.9655049e+01
  -6.9512368e+01   7.3244109e+00
   9.2219863e+01  -1.1571036e+01
   3.5815631e+01  -5.5428471e+00
  -7.0387760e+00  -4.6066600e+01
  -1.6004154e+00  -3.6508306e+01
   3.7319689e+01  -8.1198246e+01
   5.4379955e+01  -9.1545250e+01
  -5.2314019e+01   5.7007266e+01
  -1.1291391e+01   4.8023604e+01
  -6.7981731e+01  -3.8705858e+01
  -8.6363127e+01   9.0583762e+01
  -8.2497629e+01  -1.7778891e+01
  -1.7547076e+01  -9.2866812e+00
  -2.1513996e-01  -2.3065191e+01
  -2.0562500e+01  -3.6544622e+01
   1.6724894e+01  -7.7321340e+01
   4.5503519e+01  -8.6942847e+01
  -1.8056769e+01  -7.8198078e+01
  -2.7026625e+01   8.5021422e+01
  -5.2533385e+01   8.4307471e+01
  -2.8688734e+01   4.0660358e+01
  -3.4260853e+01   5.1655379e+01
  -6.6002698e+01  -2.8915624e+01
   7.9813259e+01  -1.3228761e+01
  -9.9666537e+01   2.0738750e+01
  -3.6446337e+01  -2.9943956e+00
   6.1349524e+01  -1.8334971e+01
  -3.5679290e+01  -1.3215137e+01
  -9.5867581e+01  -4.5976020e+01
  -8.6063031e+01   6.5545926e+01
  -8.1379931e+01   9.3834128e+00
  -4.5294913e+01   1.5843857e+01
  -6.0026786e+01   2.4198721e+01
   1.6958271e+01  -4.6751046e+01
  -8.5697920e+01   5.0456273e+01
  -9.3098954e+01   2.8373045e+01
  -9.5735160e+01  -3.1319977e+00
  -6.6950280e+01   1.6984031e+01
  -6.7530094e+00  -1.5478052e+01
  -6.6833413e+01   9.7917655e+01
  -9.5153247e+01   8.5816193e+01
  -9.8796184e+01   5.0124850e+01
  -2.2608340e+01  -5.5961938e+01
  -7.8099954e+01   4.3963652e+01
  -4.3028718e+01   3.9987539e+01
   6.6657266e+01  -4.8960004e+01
  -1.8085002e+00  -7.0104590e+01
  -1.9366731e+01  -6.5418812e+01
   1.3814601e+01  -9.6951586e+01
  -2.3958509e+01   6.6527886e+01
   6.9833377e+01  -1.2616879e+01
  -5.8646988e+00   3.9636204e+01
  -2.1263545e+01   4.7347071e+01
   8.9438184e+01  -3.0822766e+01
  -3.4612617e+01   9.1536195e+01
  -3.5532640e+01   3.3380174e+01
   5.7056053e+01   2.4305077e+00
  -3.5053819e+01   1.4198141e+01
  -5.0650782e+01  -2.7930274e+01
   3.7825212e+00   6.1702770e+01
  -2.2987929e+01  -2.6874102e+01
  -5.1200700e+01  -1.6226304e+01
   5.6369576e+01  -7.1030032e+01
  -7.8328132e+01   7.1881806e+01
   2.3788896e+01  -9.6245272e+01
   4.5270902e+01  -2.9163522e+01
   3.1931643e+01  -1.4926274e+01
  -8.6087676e+01  -4.3897738e+01
  -5.0705678e+01   7.0468529e+00
   5.9994618e+01  -6.1711616e+01
   4.0119313e+01  -2.0624369e+01
   1.5443342e+01  -2.6123277e+01
   5.0542172e+01   2.0706053e+01
   1.6043549e+01   1.3267921e+01
   2.5898456e+01  -5.1231120e+01
   7.6535132e+00  -4.7245977e+00
   2.9000045e+00   1.1833229e+01
   5.4163307e+01  -3.3694254e+01
  -6.2083492e+01   3.3979339e+01
  -2.8202085e+01  -4.3058126e+01
   3.6880051e+01  -7.1209563e+01
   9.6100287e+01  -4.5883233e+01
   7.0064593e+01  -5.8351743e+01
   2.3053549e+01  -6.9584053e+01
   8.1157579e+01  -9.6724358e+01
   1.0255528e+01  -5.4172152e+01
  -2.6332823e+01  -7.2588483e+01
  -1.8932906e+01   7.5170201e+01
   8.4951088e+01  -4.6502619e+00
   7.0770414e+01  -2.2570795e+01
  -5.0103232e+01   6.6756553e+01
  -3.8029046e+01   8.1180136e+01
  -3.3107023e+01   6.2499101e+01
  -3.8078154e+01   7.1168080e+01
  -1.5980434e+00   2.0736959e+01
   7.8237915e+01  -2.9220768e+01
   4.3227228e+00   2.9705433e+01
   6.7282426e+01   2.5048646e+00
   8.4947380e+01  -2.1808830e+01
  -5.3941586e+01   4.7154277e+01
  -5.7905062e+01  -3.4813255e+01
  -1.5083701e+01   5.7270855e+01
  -1.5840325e+01   3.8952383e+01
  -2.8073539e+01   2.1351724e+01
  -4.4535906e+01   9.0308082e+01
  -2.1834438e+01   6.7663175e-01
  -9.7389709e+00   7.1238661e+01
  -3.2725699e+01  -2.3677099e+01
  -7.6544560e+01  -9.7472528e+00
  -2.5156767e+01  -1.7146613e+01
  -1.2696229e+00   4.8512585e+01
  -5.9992462e+01  -2.0943337e+01
  -8.4453596e+01   3.6243571e+01
  -8.9511067e+01   1.9039174e+01
  -7.0675986e+01   2.6257221e+01
  -4.0904756e+01  -3.0581419e+01
  -8.0960085e+01   9.9661713e+01
  -5.7993457e+01   9.2682358e+01
  -7.1306403e+01   7.8999756e+01
   4.6427706e+01  -5.1736816e+01
   6.3559604e+01  -8.7584389e+01
  -4.4123367e+01   4.9923458e+01
  -7.8400434e+01  -3.3450904e+01
  -8.8674069e+01   7.5586248e+01
   2.5524606e+01  -2.7257757e+01
   2.8478599e+01  -3.6801875e+01
   4.3228710e+01  -3.8940585e+01
   3.5276638e+01  -2.9468603e+01
   6.5110929e+01  -7.7710071e+01
   3.3320752e+01  -9.9266441e+01
  -9.2056179e+01   4.2738246e+01
   4.3920712e+01  -1.1385233e+01
   8.5702131e+01  -5.9797002e+01
   4.2726685e+01   5.9861860e+00
   9.5728907e+00  -4.0009204e+01
   1.8554000e+01  -3.5625412e+01
   2.3177078e+01   6.2614309e+00
  -7.8663384e+01   5.8755149e+01
  -9.5763577e+01   6.7973847e+01
  -1.1979975e+01  -8.8208010e-01
   1.0266973e+01   5.1058968e+00
  -1.8769504e+01  -4.6356668e+01
  -9.2436076e+01   5.7841179e+01
  -4.5888847e+01   2.9897753e+01
  -7.1829299e+01   3.6184952e+01
   2.8690104e+00  -4.7418784e+01
  -1.2750778e+01  -5.4309228e+01
  -2.8508123e+00  -5.5611603e+01
  -3.1921112e+01  -5.2336409e+01
   4.2741077e+01  -6.1250130e+01
  -5.2644165e+01   3.7252048e+01
  -7.9695260e-01  -8.4764328e+01
   9.1940588e+00  -8.4364704e+01
   9.0003201e+01  -6.8823023e+01
  -3.1372247e+01  -3.3581796e+01
   7.5178287e+01  -4.3467047e+01
   7.8452104e+01  -5.2913048e+01
   2.6048632e+01  -8.0922850e+01
  -3.8047840e+01   2.3714702e+01
   6.2231734e+01  -6.1239379e+00
   4.5139199e+00  -6.2359912e+01
  -4.5112784e+01  -7.5389118e+01
  -3.2318793e+01  -9.1341707e+01
   8.6119628e+01  -4.6495761e+01
  -4.4610863e+01  -8.7313231e+00
  -4.0771489e+01   6.0075785e+00
  -5.2622554e+01  -2.7630624e+00
  -1.4655567e+01  -9.9153895e+01
  -1.1087788e+01  -3.3348633e+01
   8.0459238e+01   4.3155758e+00
  -1.7929366e+01   8.9172714e+01
   9.9832307e+01  -2.9911710e+01
   8.8899519e+00   2.0254614e+01
   6.1614983e+01   1.1330667e+01
  -1.6041081e+01   2.8959877e+01
   7.4892637e+01  -3.9915761e+00
   4.1326838e+00   3.9703612e+01
  -4.2731118e+01   5.9824287e+01
   9.4927501e+01  -2.1197490e+01
  -7.4778088e+01  -2.4130293e+01
  -4.6731689e+01   7.6168380e+01
  -3.0735133e+01   5.2001934e+00
  -5.9995022e+01  -4.4714447e+01
   7.0015641e+01  -3.4906297e+01
  -2.5804187e+01   3.1087312e+01
  -9.4673551e+01   9.6237085e+01
  -1.5610744e+01  -2.0111418e+01
  -6.6961696e+01  -3.7004683e+00
  -6.0160427e+01   3.7994509e+00
  -7.1530261e+01   5.1498181e+01
  -2.5054931e+01   5.6589516e+01
  -2.8931653e+01   7.5205306e+01
   6.2549230e+01  -2.8259058e+01
   5.1758519e+01  -2.1433069e+01
  -2.7527689e+01  -7.4728593e+00
  -2.5515619e+01   9.5687920e+01
   8.9753466e+01  -9.1615273e+01
  -6.2140902e+00   6.1881332e+01
   2.6074259e-01   7.1196594e+01
  -6.8369135e+01  -1.5496039e+01
  -1.1328057e+01   8.1661287e+01
  -4.0971128e+01   9.9650653e+01
  -4.2275117e+01  -2.0700115e+01
  -9.1807508e+01  -1.4133920e+01
  -9.4455666e+01  -2.3807354e+01
   3.1480994e+01  -8.9316339e+01
   4.6588358e+01  -7.6912497e+01
  -8.0887937e+01   8.1861099e+01
   5.2130496e+01  -4.3482876e+01
  -9.0401536e+01  -3.4876840e+01
  -5.7243984e+01   1.4599928e+01
  -7.6861374e+01   1.8303676e+01
  -5.0969793e+01   9.9799295e+01
   2.5924622e+01  -6.9571440e+00
   4.8227959e+01  -2.3632969e+00
  -7.6110624e+01  -4.4518596e+01
   5.5688775e+01  -8.1056620e+01
   4.2962253e+01  -9.6614378e+01
  -7.6365384e+01   9.0779940e+01
   5.1515989e+01   1.0754245e+01
   2.6151101e+01   1.5872245e+01
  -6.1322331e+01   7.9541568e+01
  -6.6784297e+01   8.7917908e+01
   1.3443060e+01  -6.6842773e+01
  -9.9497304e+01   3.6057978e+01
   6.7717202e+01  -6.8063279e+01
   7.7311443e+01  -6.5242877e+01
  -9.9963239e+01   7.7049122e+01
   1.3039045e+01  -1.4193740e+01
   3.2922028e+01   4.0259019e+00
   4.1663344e+01   1.5929058e+01
  -3.4320674e+00  -6.0447600e+00
   1.9192204e+01  -5.8660165e+01
   6.4573635e+00  -3.0509972e+01
   1.7271042e+01  -1.9977792e+00
   3.0695255e+00  -1.3625290e+01
  -3.2360638e+00   3.9501246e+00
  -8.6547256e+01   8.1135150e-01
  -9.1815764e+01   9.3093663e+00
   3.4897578e+01  -4.4453249e+01
   5.7139685e+01  -5.2131568e+01
  -3.1071214e+01  -6.2296724e+01
  -9.5120720e+00  -6.3753065e+01
   3.0800023e+01  -6.3273638e+01
   7.1764605e+01  -9.3296925e+01
   9.8488403e+01  -7.4113258e+01
   9.4871288e+01  -5.5807356e+01
  -1.2700586e+01  -8.6757991e+01
   4.5376544e+00  -9.3221040e+01
  -3.6184869e+01  -7.0888280e+01
  -2.1508731e+01  -9.1490908e+01
  -8.0649410e+00  -7.7899261e+01
  -2.6838654e+01  -8.2977893e+01
   7.1160250e+00  -7.4585725e+01
   1.8626305e+01  -8.7681801e+01
  -5.4529089e+00  -9.3647201e+01
