   3.0686450e+01  -7.8967790e+00
  -1.9455075e+01  -1.9736287e+01
   6.9483683e+00   2.5713200e+01
   2.4344820e+00  -2.5262313e+01
   3.1307201e+01   5.2540689e+01
  -1.2988962e+01   3.6037274e+01
   4.8772323e+01  -3.1883556e+01
  -1.3607803e+01  -3.8858776e+01
  -8.3972475e+00  -6.0063370e+01
  -2.3493543e+01  -3.6245157e+01
  -2.8265019e+01   6.9971950e+00
  -4.2825654e+01  -8.8561809e+00
  -1.9842497e+01  -1.9683290e-01
   1.0027330e+01   3.5227398e+01
   3.9523118e+01   8.6119460e+00
  -2.2500968e+01   3.9123008e+01
   5.3943191e+00  -4.4706501e+01
  -3.6938946e+01  -1.6939894e+01
  -5.7927405e+01  -3.0235331e+01
   4.8165177e+01   3.6692094e+01
  -2.9136515e+01  -3.8874832e+00
  -6.8544281e+00   5.1531431e+01
   5.8866540e+01  -1.3730455e+01
   2.1924383e+01   4.9081973e+01
   3.7393224e+01   3.5791663e+01
   2.6162253e+01  -4.3228710e+01
   2.5768820e+01  -1.6604069e+01
   6.1013774e+00  -1.5958884e+01
  -1.6353970e+01  -2.9243265e+01
  -1.0954836e+01  -5.0395991e+01
  -5.0518040e+01  -2.4665707e+00
  -4.9288512e+01   1.6127454e+01
  -2.9219286e+01   2.0313837e+01
   1.8993905e+01  -5.7023298e+01
   1.6826501e+01  -4.6812526e+01
   6.7345989e+01   9.8539876e+00
   3.4968454e+01   2.2608458e+01
  -4.6314064e+01  -2.0419426e+01
   3.0807701e+01   1.3515157e+01
   2.5013048e+01   2.1665126e+01
   3.8202324e+01  -1.3004451e+00
  -2.2628436e+01   5.2359686e+01
   4.3818021e+00  -6.1078421e+00
   6.5535325e+01   1.9278904e-02
   1.5495051e+01   6.3086172e+01
  -3.9052654e+01   4.1035923e+01
   5.8766149e+00   1.2950903e+01
   2.8557245e+01  -3.3519745e+01
   2.8145688e+01  -6.2561950e+01
   1.5876504e+01  -1.8067646e+01
  -2.9917082e+01  -6.4274639e+01
   2.1959024e+01  -2.6005526e+01
  -4.4263346e+00  -4.2821138e+01
   3.2244326e+01  -2.4224293e+01
  -4.9527047e+01   2.6124604e+01
  -5.9293354e+01   2.3807181e+01
  -6.1164730e+01  -7.9030052e+00
  -4.5735020e+01   6.7801276e+00
  -5.2200804e+01  -1.2335612e+01
  -1.6865940e+01  -1.0077291e+01
   2.1148120e+00  -3.5257197e+01
  -1.1342102e+00  -5.2281319e+01
  -2.8914777e+01  -2.3640606e+01
  -2.7462601e+01  -1.3746371e+01
   1.2375487e+01  -6.4805191e+01
   4.7447103e+01   2.5119097e+00
  -5.8322172e+01  -2.0243128e+01
   5.1599497e+01   2.2020182e+01
  -3.3458977e+01  -3.5414425e+01
  -3.0001413e+01  -4.4797650e+01
   1.1973807e-01   3.3018664e+01
   2.0947891e+01   1.1846584e+01
   2.0686607e+01  -7.9528177e+00
  -1.2264979e+01   5.9941303e+01
   1.8732459e+01   2.9499426e+01
   5.7048264e+01   5.3079257e+00
  -4.7805528e+00   4.1748842e+01
   2.9185772e+00   5.3650008e+01
   5.4140359e+01  -4.9177821e+00
   8.5692379e+00   3.3202192e+00
  -2.8892186e+01   3.1431953e+01
  -3.8884397e+01   3.1037338e+01
   4.9924520e+00   4.3867420e+01
   3.8616831e+01   4.5716519e+01
  -1.5063450e+01   4.5819733e+01
   3.8556889e+01  -3.3604018e+01
   4.2243971e+01  -2.4308557e+01
   3.6246706e+01  -4.3416816e+01
   2.9502354e+01  -5.2654405e+01
   9.5226896e+00  -5.3814549e+01
   1.2584652e+01  -3.7756767e+01
   1.2115526e+01  -2.7767783e+01
  -1.8143586e+01  -5.7511324e+01
  -4.0637119e+01   2.1192138e+01
  -6.1710222e+01   1.4103638e+01
  -6.7286099e+01  -1.5810523e+01
  -5.5712015e+01   6.1022959e+00
  -3.6991746e+01   1.1880250e+01
  -3.8319628e+01   7.1057155e-02
  -6.3813406e+00  -2.9982633e+01
  -3.6680903e+00  -6.8874433e+01
  -2.0136250e+01  -4.6433662e+01
  -5.2825362e+00  -1.1400352e+01
  -9.4824488e+00  -2.0475631e+01
   2.9736167e+00  -6.1398629e+01
   5.8858927e+01   1.5142634e+01
   2.8620476e+01   3.0991779e+01
   4.3480051e+01   2.7857526e+01
   1.5153238e+01   1.9996552e+01
  -2.7687680e+01  -5.4526318e+01
   3.7443777e+01  -1.5512884e+01
   2.9466214e+01   3.5946712e+00
   5.6336227e+01   3.0827189e+01
   4.4850827e+01  -8.7886254e+00
  -4.7927550e+01  -3.0288460e+01
   4.8765475e+01   1.2430170e+01
  -8.0949893e+00   2.7316187e+01
  -3.7763788e+00   6.5227480e+01
  -2.1973470e+01   6.2338214e+01
  -1.2413060e+00   1.9974805e+01
   7.2224310e+01  -7.4142581e+00
  -1.3545466e+00   2.0879773e+00
   2.5128493e+01   6.0403485e+01
   4.9633367e+01  -1.7570841e+01
  -1.9380180e+01   2.8346220e+01
  -3.8552470e+01  -2.6808846e+01
  -3.0437430e+01   4.6113117e+01
   1.9069488e+01   3.9498155e+01
   1.2916405e+01   5.3424361e+01
   1.9410659e+01   1.9654456e+00
   2.8873185e+01   4.1631370e+01
   4.5422523e+01   5.3043358e+01
  -1.0152174e+01  -2.6661349e+00
