   5.2630851e+01  -1.4334624e+01
   5.9557709e+01  -4.1160850e+01
   9.3371062e+01  -5.8988295e+01
  -3.5779642e+01   4.2124997e+01
   5.2451860e+01  -3.4133179e+01
  -6.3686794e+01   5.0061927e+01
  -5.5577641e+01  -9.9163884e+00
  -7.3551397e+01  -1.6889913e+00
  -8.2421546e+01   2.9788290e+01
   4.0988455e+01  -7.9970092e+01
   2.2850788e+01  -1.5074915e+01
   3.0373236e+00  -1.7050105e+01
   3.3246811e+01  -4.7717907e+01
   3.8846588e+00  -7.5234311e+01
   4.2586992e+01  -5.1286773e+01
  -1.9005017e+01   6.3624661e+01
  -8.5946865e+01  -2.4664913e+01
  -1.1909724e+01   2.8677107e+01
  -6.4640844e+01   2.8570077e+00
   8.8462311e+01  -1.4706676e+01
  -5.0894119e+01   1.7076759e+01
   3.6904321e+01  -3.4489035e+00
  -4.4914974e+00  -4.9089653e+01
   2.3710970e+01  -4.4715448e+01
  -3.0083524e+00  -3.3387975e+01
   3.2482571e+01  -8.5227444e+01
   5.5138024e+01  -8.9832423e+01
  -4.9833636e+01   5.9409194e+01
  -3.5288069e+01   8.2066968e+01
  -1.6110197e+01   4.7631184e+01
  -6.7215605e+01  -3.4035656e+01
  -2.5790143e+01   4.1716785e+01
  -8.5754460e+01   9.0519985e+01
  -8.2275520e+01  -1.5365851e+01
  -1.8888603e+01  -5.3893512e+00
  -9.8990777e+01   6.3192718e+01
   2.7182178e+01  -5.7000129e+00
   4.6918655e+00  -2.6911512e+01
   1.7268517e+01  -6.7861281e+00
  -2.2702754e+01  -3.5505138e+01
   1.3841601e+01  -7.6131813e+01
   5.1022690e+01  -9.8946254e+01
   5.8771390e+01  -6.2536439e+01
   5.0997926e+01  -8.0729734e+01
  -1.3531350e+01  -8.0860379e+01
  -2.5291833e+01   8.2143421e+01
  -5.3905517e+01   7.8804137e+01
  -2.2734400e+01   2.9979302e+01
  -3.3270400e+01   5.4445083e+01
  -6.6147376e+01  -2.1906297e+01
   7.1930104e+01  -3.8246179e+01
   7.8453828e+01  -1.4135214e+01
  -9.8504875e+01   1.9748941e+01
  -3.7379023e+01  -4.6580825e+00
   6.0991532e+01  -2.2648891e+01
  -3.6439974e+01  -1.4564306e+01
  -9.5164201e+01  -4.1593133e+01
  -8.4542443e+01   6.7545046e+01
  -8.2115593e+01   1.3635971e+01
  -5.5151151e+01   9.8724981e+01
   8.3642982e+01  -9.5555561e+01
  -7.4758929e+01   9.7402201e+01
  -4.1244210e+01   1.4488482e+01
  -9.8172623e+01   4.3218667e+01
  -6.0102874e+01   2.0956413e+01
   1.4835418e+01  -4.9315018e+01
  -8.2662127e+01   4.9427147e+01
   5.0115404e+01  -4.1348796e+00
  -9.4888684e+01   2.9069374e+01
  -8.8881407e+01   2.5784033e+00
  -6.9537367e+01   1.7655626e+01
  -2.4287004e+00  -6.3101231e+00
  -4.6299357e+00  -2.3450686e+01
  -6.6587098e+01   9.0028276e+01
  -9.5508202e+01   8.2360799e+01
  -9.8317979e+01   5.3216057e+01
  -2.3639001e+01  -5.4576151e+01
  -7.3062169e+01   4.6655658e+01
  -4.6896837e+01   4.2942392e+01
   8.2505727e+01  -3.6340743e+01
   6.3719213e+01  -5.0247572e+01
   2.8270735e+01  -7.6016502e+01
   2.9387028e+01  -6.3776303e+01
   5.3140459e+00  -9.4526800e+01
  -5.6885911e+00  -7.1717826e+01
  -1.3888233e+01  -6.2852074e+01
  -4.3205772e+00  -9.1849472e+01
   1.4973596e+01  -9.0882779e+01
  -2.9003589e+01   6.3485911e+01
   6.9076630e+01  -1.0485470e+01
  -6.3378639e+00   3.7320915e+01
  -2.3280667e+01   5.4590097e+01
   9.1113306e+01  -3.1254103e+01
  -3.6362305e+01   9.2006754e+01
  -7.6034184e+01  -2.3371995e+01
  -5.1205189e+01   2.7085346e+01
  -3.2712570e+01   3.0530278e+01
   5.7523885e+01   2.5781231e+00
  -2.9820580e+01   1.1735233e+01
  -9.8220797e+01   9.5159682e+01
  -5.1899036e+01  -2.8796839e+01
  -2.8278989e+01  -8.7965282e+00
  -5.8370957e+00   6.4667042e+01
  -6.5169784e+01  -7.1286161e+00
  -7.3032326e+01   8.2921197e+00
  -8.2837649e+01  -5.3845364e+00
  -2.4270292e+01  -2.5367938e+01
   5.0144151e+01  -4.4518274e+01
  -9.1237034e+01  -1.0807863e+01
  -4.4811180e+01  -2.0712666e+01
   6.3972224e+01  -3.2192060e+01
  -6.5079660e+01   9.9913669e+01
   5.6566650e+01  -7.2283559e+01
  -9.6080604e+01  -2.2209981e+01
  -7.3407358e+01   7.7775527e+01
   4.5138200e+01  -8.9846430e+01
   2.5225706e+01  -9.2107602e+01
   4.2858701e+01  -3.1339565e+01
   3.2739348e+01  -1.6555663e+01
  -8.5462260e+01  -3.8911434e+01
  -4.8197201e+01   7.3221424e+00
   6.7497307e+01  -6.7410903e+01
   4.1624118e+01  -2.1143749e+01
   1.4564610e+01  -2.8137153e+01
   5.0471482e+01   9.6666742e+00
   1.8919697e+01   8.3927077e+00
   1.7152066e+01  -5.9768823e+01
   2.5656674e+01  -5.4510969e+01
  -5.8849209e+01   1.1018883e+01
   7.3846140e+00  -8.0568235e+00
  -8.5044200e+00  -1.4240451e+01
   1.9248818e+00   4.0835200e+00
   1.3003120e+01  -1.7854533e+01
   5.1126020e+01  -2.4224750e+01
   4.8769613e+01  -6.1932833e+01
  -6.2644424e+01   3.0623979e+01
  -1.4567000e+01  -2.3167887e+01
  -2.3737920e+01  -6.4575656e+01
  -3.0051444e+01  -4.3770146e+01
   3.6673841e+01  -7.0608472e+01
   4.6599665e+01  -7.1693967e+01
   9.3131703e+01  -4.8991487e+01
   7.0269109e+01  -5.7800310e+01
   2.0891005e+01  -6.9043163e+01
   7.3643486e+01  -9.5455134e+01
   7.7016574e+00  -5.6318724e+01
  -2.5815965e+01  -7.5774357e+01
  -2.4123821e+01   7.2213289e+01
   8.2391565e+01  -5.9440915e+00
   7.0713157e+01  -2.0350105e+01
  -5.0651162e+01   6.9356048e+01
  -4.3363451e+01   7.6182108e+01
  -4.0391838e+01   6.2696009e+01
  -3.4298779e+01   7.1966557e+01
  -3.0128064e+00   2.4113566e+01
   7.5726496e+01  -2.8996096e+01
   2.4247792e+00   3.2506168e+01
   6.7136766e+01  -5.8750364e-01
   8.4359217e+01  -2.3866479e+01
  -9.8515706e+01  -9.9197924e-02
  -5.3715205e+01   5.0214940e+01
  -5.7659086e+01  -3.6958793e+01
  -1.1827747e+01   5.6662797e+01
  -1.6329061e+01   3.7644244e+01
  -2.8155052e+01   2.1585885e+01
  -4.5232333e+01   8.6001458e+01
  -2.5097778e+01   2.8763540e+00
  -1.3072903e+01   7.1672282e+01
  -3.4156376e+01  -2.4242942e+01
  -7.2361342e+01  -1.4072231e+01
  -2.0629025e+01  -1.5230360e+01
  -6.1171276e+00   4.7318083e+01
  -5.6364694e+01  -1.9868732e+01
  -8.0009996e+01   3.9485786e+01
  -9.2157849e+01   1.2023793e+01
  -8.8158958e+01   2.1602524e+01
  -7.2788562e+01   2.7109588e+01
  -4.5532066e+01   9.5994718e+01
  -4.2038335e+01  -3.0316130e+01
  -7.6243699e+01   8.7430551e+01
  -5.6538834e+01   8.8646518e+01
  -6.3769024e+01   8.0434338e+01
   5.4299923e+01  -5.3602552e+01
  -9.2891058e+01  -3.1856316e+01
   6.4769176e+01  -8.7143012e+01
  -4.2987254e+01   5.2132560e+01
  -7.7184825e+01  -3.3304078e+01
  -8.3402148e+01   7.7479746e+01
   2.4027527e+01  -2.4994961e+01
   3.1643979e+01  -3.7038675e+01
   4.0756562e+01  -4.1115586e+01
   3.3739086e+01  -2.7267774e+01
   6.5278681e+01  -7.7160353e+01
   3.5721762e+01  -9.4688246e+01
  -8.9840070e+01   3.7696448e+01
   4.3115937e+01  -1.1269181e+01
   7.7258120e+01  -6.5256297e+01
   4.1399749e+01   5.4706675e+00
   6.4930387e+00  -3.6735853e+01
   2.1894078e+01  -3.4898046e+01
   2.8035390e+01   4.2812437e+00
  -7.8876806e+01   5.9304901e+01
  -9.3146294e+01   7.2643732e+01
  -1.0336169e+01  -2.4024241e-01
   1.1604897e+01   1.5740783e+00
  -2.0153613e+01  -4.5174047e+01
  -8.9094946e+01   5.7078861e+01
  -4.1974806e+01   3.4284389e+01
  -7.0315876e+01   3.7035064e+01
   5.2006063e+00  -4.6642518e+01
  -1.3753215e+01  -5.2854327e+01
  -4.6244412e+00  -5.9088014e+01
  -3.3636683e+01  -5.4791579e+01
   3.8863327e+01  -6.0568640e+01
  -5.4684444e+01   3.6673125e+01
  -3.5847634e+00  -8.1878105e+01
   7.1220693e+00  -8.4692559e+01
   6.3469302e+01  -9.7056021e+01
   8.7136778e+01  -6.6806707e+01
   9.8514698e+01  -3.7978237e+01
  -3.2603701e+01  -3.4108465e+01
   7.3489794e+01  -4.8122185e+01
   8.0054595e+01  -5.5663543e+01
   2.1113756e+01  -8.2993301e+01
   1.9080478e+01  -9.9998959e+01
  -4.0620530e+01   2.4420090e+01
   5.9633734e+01  -7.1975667e+00
   3.2401495e+00  -6.5261343e+01
   9.7018002e+01  -6.8342258e+01
  -3.2961857e+01  -6.8437321e+01
  -2.2515257e+01  -8.5250875e+01
   8.3506357e+01  -4.6284925e+01
  -4.5613938e+01  -1.0615804e+01
  -3.7438341e+01   5.2886201e+00
  -5.5047153e+01   5.6112695e-02
  -1.2122168e+01  -9.8104288e+01
  -1.3003141e+01  -3.3075188e+01
   8.1434293e+01  -1.0201275e+00
