   5.8441775e+01  -1.1694324e+01
  -4.2284395e+01   6.7024875e+01
  -9.9789197e+01   5.8015656e+00
  -8.3435131e+01   8.1305486e+01
   3.9867276e+00  -8.3749232e+01
   5.7605239e+01  -9.4320439e+01
   5.7363937e+01  -5.1220391e+01
  -1.3265548e+01  -6.6739318e+01
   8.0880944e+01  -6.5253756e+01
  -9.9464325e+01  -1.2762225e+01
  -3.9664268e+01   3.9411777e+01
   5.0271994e+01  -3.2859806e+01
  -8.9587020e+01   2.2408593e+01
  -5.6712199e+01   5.2512697e+01
  -4.7423133e+01  -1.7236702e+01
  -7.2347908e+01  -1.0746358e+00
  -7.9518074e+01   3.6626918e+01
  -3.8655871e+01   2.1630958e+01
   4.0759002e+01  -8.1420388e+01
   2.3341490e+01  -1.9906330e+01
   4.1698159e+00  -1.7016785e+01
   3.0955109e+01  -4.1527325e+01
   9.5882472e+00  -3.7303317e+01
   7.6897467e+01  -4.8440569e+01
   1.1921430e+01  -6.8414987e+01
   3.5782872e+01  -7.2806191e+01
   2.1435825e+00  -6.7982802e+01
   4.1815224e+01  -5.3948897e+01
  -2.2841858e+01   6.2805468e+01
  -9.8342963e+01   5.3709102e+01
  -8.4808742e+01  -2.3745747e+01
  -4.3608247e+01  -8.0040030e+00
  -1.2973604e+01   2.8860705e+01
  -6.1474074e+01   7.9579707e+01
  -8.6718722e+01   6.1239323e+01
  -6.1887782e+01   4.7541047e+00
   8.0805593e+01  -2.1612505e+01
  -4.8576351e+01   1.8551525e+01
  -7.0508611e+01   2.8459787e+01
   3.8467724e+01  -3.9655331e+00
  -1.3700796e+01  -5.3579791e+01
   1.8573055e+01  -4.5167316e+01
  -9.9129931e+00  -3.4154730e+01
   3.1921409e+01  -8.6003517e+01
   5.9206195e+01  -8.4459895e+01
  -5.0585817e+01   6.0848936e+01
  -4.2531403e+01   7.7017147e+01
  -1.6874866e+01   4.3728971e+01
  -8.0176196e+01   5.1477362e+00
  -6.2725774e+01  -2.9754979e+01
  -2.9680644e+01   3.9807786e+01
  -8.5892310e+01   9.0998900e+01
  -7.8900860e+01  -1.5677480e+01
  -4.3551283e+01   1.9806840e+00
  -2.4627550e+01   8.4991621e-01
   7.0867898e+01  -2.6170083e+01
  -9.6442720e+01   6.3525405e+01
  -5.1607086e+01   8.1220172e+01
  -9.9281717e+01   3.5690501e+01
  -4.9605491e+01   4.0384927e+01
  -7.0340322e+01   4.0596193e+01
   4.0874431e+01  -2.8369529e+01
  -6.0670935e+01   4.3351667e+01
   2.4054870e+01  -6.0140061e+00
   1.1563408e-02  -3.3335259e+01
   1.4061785e+01  -6.0036773e+00
  -1.8847149e+01  -3.8621255e+01
   1.6500049e+01  -7.7261208e+01
   4.8490938e+01  -9.8628074e+01
   9.4086355e+01  -5.7839623e+01
   6.2577827e+01  -6.2436558e+01
   5.0784946e+01  -7.9305248e+01
  -1.2436548e+01  -8.0065331e+01
  -2.5427047e+01   7.2464603e+01
  -5.1354865e+01   7.1225242e+01
  -2.1107226e+01   3.4671666e+01
  -4.0163189e+01   5.7258957e+01
  -3.1188164e+01   5.1913682e+01
  -6.2901790e+01  -1.9210358e+01
  -2.5255259e+01   2.5575154e+01
   7.3777083e+01  -3.8945794e+01
   7.7473970e+01  -1.2209930e+01
  -9.6624184e+01   1.5307545e+01
  -9.9030162e+01   2.5696846e+01
  -7.7891042e+01   1.6973011e+01
  -8.0342722e+01   2.6662224e+01
  -3.2456500e+01   7.0635956e+00
   6.0424258e+01  -2.1962893e+01
  -3.7487693e+01  -1.5906461e+01
  -5.5951806e+01  -1.2022881e+01
  -9.1404761e+01  -3.1261899e+01
  -7.9637534e+01   6.8253426e+01
  -8.6953050e+01   1.2769659e+01
  -5.1589381e+01   9.1220065e+01
   7.8503669e+01  -9.4925180e+01
  -7.4305991e+01   9.4349808e+01
   6.7133180e+01  -9.8856008e+01
  -4.1298304e+01   1.1715668e+01
  -9.1451610e+01   4.1895179e+01
  -5.6910082e+01   2.4049240e+01
   9.4627638e+00  -4.9193022e+01
   5.6500236e+01  -4.0685693e+01
   3.1405200e+01  -3.1531066e+01
  -7.7193148e+01   5.6264202e+01
   1.7103952e+01  -2.7694858e+01
   4.8742018e+01  -9.2698320e+00
  -8.8562363e+01   3.2343151e+01
   3.2223297e+01  -1.1766359e+01
  -9.0110319e+01   3.2887818e+00
   7.2243597e+00  -2.6497870e+01
  -7.9834152e+01   4.6620278e+01
  -6.8068278e+01   1.8769120e+01
  -5.0052229e+00  -2.9761682e+00
  -6.0728444e+00  -2.4156422e+01
  -6.9638819e+01   8.5511939e+01
  -9.3384158e+01   8.2314078e+01
   1.5235292e+00  -4.3153310e+01
  -1.0441481e+01  -4.4112768e+01
  -3.7755084e+00  -5.1497958e+01
  -8.8589963e+01   5.1446757e+01
  -2.5481478e+01  -4.8108440e+01
  -6.7857243e+01   5.0280809e+01
  -4.7042728e+01   5.0031389e+01
   8.3559394e+01  -4.1067207e+01
   6.7280933e+01  -5.0879831e+01
   2.6402453e+01  -7.6127023e+01
   2.9568897e+01  -6.1458729e+01
   6.1606261e+00  -9.3543247e+01
   8.9925953e+01  -4.8743083e+01
  -2.8534964e+00  -7.6432046e+01
  -5.0271636e+00  -6.1255176e+01
  -5.4775136e+00  -8.5793638e+01
   1.3357222e+01  -8.6708954e+01
  -5.3521457e+01  -2.3259180e+00
  -3.2765381e+01   6.3969329e+01
   6.8014707e+01  -1.5452857e+01
  -8.7384535e+00   3.7917845e+01
  -2.0071217e+01   5.3200591e+01
   8.3726685e+01  -3.1129281e+01
  -4.2522205e+01   8.7013630e+01
  -7.2049863e+01  -2.6144152e+01
  -4.4569359e+01   3.0502712e+01
  -3.4202592e+01   3.0584630e+01
   5.8967591e+01  -1.6762866e+00
  -2.9934097e+01   1.6739279e+01
  -9.4630219e+01   9.5861918e+01
  -5.4136288e+01  -2.4640770e+01
  -3.4722643e+01  -2.6963498e+00
  -1.2858996e+01   6.2294982e+01
  -6.3203464e+01  -5.1449302e+00
  -7.0943187e+01   8.9963348e+00
  -8.1094978e+01  -5.9211568e+00
  -2.7922156e+01  -1.8815313e+01
   4.8516276e+01  -4.6644250e+01
  -8.9437966e+01  -1.2831302e+01
  -4.2733093e+01  -2.6063953e+01
   6.4871979e+01  -3.4398798e+01
  -8.9202036e+01   7.1169518e+01
  -6.1579601e+01   9.1408949e+01
   6.4392094e+01  -7.5912840e+01
  -9.4546165e+01  -2.1469216e+01
  -7.4453247e+01   7.6772858e+01
   4.7534641e+01  -8.8715051e+01
   2.2744025e+01  -8.9772611e+01
   4.1904258e+01  -3.8407201e+01
   3.3169568e+01  -2.1708400e+01
  -7.9833545e+01  -3.2421738e+01
  -5.1845710e+01   7.5270692e+00
   7.0748619e+01  -6.8196002e+01
   4.1407623e+01  -1.6058304e+01
   2.8477072e+01  -9.7919689e+01
   3.8390114e+01  -9.6674263e+01
   2.2530246e+01  -3.6047700e+01
   4.6159564e+01   2.4182199e+00
   2.0114669e+01   3.1738670e+00
   1.6489168e+01  -5.7544182e+01
   2.5197333e+01  -5.2569620e+01
  -5.9125550e+01   1.4340276e+01
   4.1220411e+00  -7.0418294e+00
  -5.3709153e+00  -1.4047042e+01
   8.1315390e+00   2.1081388e+00
  -9.9478463e+01   7.3049662e+01
   1.4134867e+01  -1.6005533e+01
   5.0464847e+01  -2.2861676e+01
   5.0937614e+01  -6.0779414e+01
  -5.7264408e+01   3.3990394e+01
  -1.6606178e+01  -2.6754839e+01
  -2.2787802e+01  -5.7754275e+01
  -2.8841961e+01  -3.8672158e+01
   3.9213736e+01  -6.3473227e+01
   4.5680401e+01  -7.0888062e+01
   9.6104141e+01  -4.1042177e+01
   8.3332821e+01  -5.5939365e+01
   7.3547466e+01  -5.8595804e+01
   1.5516046e+01  -9.6626816e+01
   2.1682406e+01  -6.7363664e+01
   9.0861731e+01  -6.7304684e+01
   6.8024549e+01  -8.8953599e+01
   6.6057733e+00  -5.9046673e+01
  -1.9843083e+01  -7.4211224e+01
  -3.5148060e+00  -9.4617615e+01
