  -7.4995341e+01   4.0887340e+00
  -8.6018524e+01   2.3799647e+01
  -3.3247666e+00   4.4921636e+01
  -3.6087535e+00  -4.2854106e+01
   3.9332552e+01  -8.0623469e+01
  -5.0276928e+01   6.2134745e+01
  -8.5771349e+01  -2.2242388e+01
   7.1772878e+00  -2.2951781e+01
  -1.9758128e+01  -3.5452915e+01
   1.5833405e+01  -8.0802567e+01
   4.5365573e+01  -9.4152467e+01
  -5.1560099e+01   9.9536061e+01
  -6.9714972e+01  -3.2644483e+01
  -6.1094815e+01   2.6937711e+01
   2.5744672e+01  -3.8920286e+01
  -6.7405095e+01   1.0587773e+01
  -8.7126286e+01   4.6368110e+01
  -2.1929089e+01  -6.4862067e+01
   7.0150371e+01  -1.8540802e+01
  -1.7297776e+01   5.6821031e+01
   9.1762136e+01  -3.6808751e+01
  -3.1103756e+01   9.9122784e+01
  -4.1670998e+01   2.4079533e+01
  -3.9187877e+01   1.4417787e+01
   1.8194294e+01   6.3067761e+01
  -8.0573512e+01   6.6605291e+01
  -8.4765128e+01  -4.7601092e+01
  -5.6487389e+01   7.2778739e+00
   5.9711757e+01  -6.3833820e+01
   4.9538484e+01  -3.3014263e+01
   1.5937926e+01  -4.0719733e+01
   4.5788545e+01   3.6830209e+01
  -6.5016424e+01   3.6114389e+01
  -1.8977249e+01  -5.5349504e+01
  -2.8349242e+01  -7.2503318e+01
  -1.5153719e+01   7.3878288e+01
   9.7693128e+01   3.7490605e+00
  -4.3294703e+01   6.9286888e+01
  -3.1000510e+01   6.5707546e+01
  -2.9020395e+00   2.5224013e+01
   9.8121184e+01  -2.9101508e+01
  -6.0417749e+01  -3.6287176e+01
  -7.7347617e+00   5.3900449e+01
  -2.1469736e+01   4.7027198e-01
  -3.1847347e+01  -1.8969015e+01
   2.5362951e+00   5.3002034e+01
  -4.9004592e+01  -2.1941453e+01
   3.8377225e+01  -5.3511720e+01
   5.5687134e+01  -9.4603428e+01
  -3.9779437e+01   4.1818567e+01
   2.2197553e+01  -2.9606661e+01
   3.2287594e+01  -3.1370657e+01
   6.7717043e+01  -8.8604762e+01
  -9.6679494e+01   4.9311462e+01
   4.5164516e+01  -2.6279306e+00
   3.0023391e+01   3.7869823e+00
  -1.6704961e+01  -8.3041932e+00
   1.0281914e+01   2.0542227e+00
  -9.8868044e+01   5.9067853e+01
  -7.5898306e+01   2.7305424e+01
  -9.5712035e-01  -5.2988585e+01
  -2.7832111e+01  -5.0800194e+01
   3.9961433e+01  -6.3260417e+01
   9.5683044e+01  -7.9887318e+01
  -2.6752594e+01  -2.8325873e+01
   6.1794645e+01   1.8025454e+00
   6.8967548e+00  -5.9164283e+01
  -4.5338702e+01  -8.5003007e+01
   8.4063974e+01  -4.3161311e+01
  -4.1016048e+01  -5.3253349e+00
   8.4593378e+01   1.8954260e+01
   1.5527907e+01   2.2332166e+01
   6.6976587e+01   2.0720882e+01
  -1.2258718e+01   2.8733627e+01
   7.1927367e+01  -2.4440899e+00
   1.8705779e+01   4.1890658e+01
  -4.2319220e+01   8.1787050e+01
  -3.1531273e+01  -2.1897409e+00
  -6.7118802e+01  -5.6816172e+01
   7.0753754e+01  -3.7489151e+01
  -3.1095270e+01   3.6895216e+01
  -1.4928523e+01  -2.6768339e+01
  -6.4348663e+01   1.1253072e+00
  -6.7717570e+01   5.0253011e+01
  -2.5133093e+01   7.3784884e+01
   6.7394610e+01  -2.8118091e+01
   8.8010741e+01  -9.3518371e+01
   2.9991361e+00   8.0128288e+01
   1.2180818e+00   9.7967875e+01
  -4.1539667e+01  -1.5287863e+01
  -9.6020336e+01  -1.4892720e+01
   4.4994426e+01  -4.6041110e+01
  -8.7374488e+01  -3.2110607e+01
  -5.8998798e+01   1.6951235e+01
  -7.8199502e+01   1.7576413e+01
  -7.5500525e+01  -5.1363319e+01
  -8.0425674e+01   9.4877611e+01
   3.5445251e+01   2.4095547e+01
  -6.7688487e+01   8.0397039e+01
   6.9641814e+01  -6.8032951e+01
   8.0137631e+01  -6.5037442e+01
   2.1467242e+01  -1.2271591e+01
   4.6488237e+01   1.6857734e+01
   3.1384704e+01  -6.7111369e+00
   1.0078783e+01  -1.1548400e+01
   1.7466831e+00  -3.1537169e+00
  -9.8022869e+01   7.8501392e+00
   3.3875152e+01  -4.4658471e+01
  -8.8604560e+00  -7.1318810e+01
   3.0515857e+01  -6.0127388e+01
   7.8613766e+01  -9.6938180e+01
  -4.2525258e+01  -7.5421507e+01
  -2.5352165e+01  -9.6765542e+01
   6.0843850e+00  -8.2962333e+01
   8.3164820e+01  -3.4320273e+00
   9.3181547e+01   1.3833685e+01
  -1.4348560e+01   9.1700972e+01
   8.3388584e+01  -1.8681916e+01
  -1.4090529e+00   3.5109887e+01
   5.7042869e+01   2.1832292e+01
  -3.5564287e+01   5.0868787e+01
   2.5670378e+01   3.4718690e+01
   1.1693507e+01   4.9010928e+01
   6.0227185e+01  -1.7383461e+01
   6.4058652e+00   2.8871368e+01
  -4.9657516e+01   4.3255303e+01
  -3.2118622e+01   2.6966177e+01
  -5.7236671e+01  -5.5288022e+01
  -2.9625051e+01   1.7305158e+01
  -3.0205222e+01   8.3659305e+01
  -3.9286103e+01   6.0142211e+01
  -2.0259170e+01   8.2509755e+01
  -6.0234057e+01  -2.6290969e+01
  -5.5078355e+01   3.4885438e+01
   9.7276783e+01  -8.9758437e+01
   4.4335291e+01  -1.2554592e+01
  -1.2273810e+01  -1.7204174e+01
  -4.5448959e+01   5.2298820e+01
  -3.6978896e+01   9.1014341e+01
  -1.1076500e+01   3.8633175e+01
  -2.6708692e+01   4.6242125e+01
  -2.1107330e+01   3.7148909e+01
  -2.6358564e+01  -1.0683587e+01
  -2.8133810e+01  -4.0864905e+01
  -3.9649017e+01  -2.5081991e+01
   8.3930831e+00   6.1100725e+01
  -5.7331234e+01  -1.6638806e+01
   4.2881469e+00   7.0217331e+01
  -9.5406316e+01  -2.4908667e+01
  -1.0259490e+01   8.2580960e+01
   4.1387568e+01  -2.7234845e+01
  -8.3755967e+01  -7.3236552e-01
  -9.5905364e+01   2.8743060e+01
  -8.4253913e+01   3.3636617e+01
  -9.6934141e+01   7.7848052e+01
  -7.4934710e+01   3.7239954e+01
  -8.3736455e+01   9.2625745e+00
  -9.0424996e+01   9.5012972e+01
  -8.6498526e+01   7.4654945e+01
   1.2379045e+01  -3.1414401e+01
   2.6798368e+01  -2.0753067e+01
  -4.5193393e+01   3.3423581e+01
   4.9429448e+01  -8.0572589e+01
  -8.8819415e+01   5.9976563e+01
  -7.0712338e+01  -4.2588868e+01
   4.6092104e+01   2.6839671e+01
  -7.6175072e+01  -2.5030855e+01
  -9.4619101e+01  -4.5902005e+01
  -7.6338660e+01   8.5735866e+01
  -9.4620446e+01   6.8120348e+01
   2.5468394e+01   2.3418768e+01
   6.0818844e+01  -3.6359185e+01
   5.7480458e+01  -2.6967757e+01
   6.4779750e+01  -4.5503467e+01
   4.9925998e+01  -6.5189238e+01
  -1.0849627e+01  -2.7268548e-01
   7.7854925e+01   5.5686426e+00
   9.2761630e+00  -4.9492489e+01
   2.2391097e+01  -4.8328980e+01
  -7.9114220e+00  -3.3848597e+01
  -5.1642440e+01   2.3763713e+01
  -1.0496405e+01  -5.0068221e+01
  -7.9376122e+01   5.6693996e+01
  -2.8691607e+01   7.3728664e+00
   3.3223893e+01  -7.1758953e+01
  -1.3953297e+00  -6.4677086e+01
  -2.3243972e+00   5.9791477e+00
  -4.0229396e+01  -6.5717372e+01
  -1.9284140e+01  -4.5396882e+01
  -1.7753512e+01  -8.4175242e+01
   5.3857680e+01  -9.6844673e+00
   9.9335479e+01  -5.9588017e+01
   6.5072446e+01  -5.5459315e+01
   8.4479417e+01  -5.3150647e+01
   8.9720042e+01  -6.2281836e+01
   2.9159824e+01  -8.2809700e+01
  -4.8459462e+01   1.3368952e+00
  -3.8968565e+01   4.4510500e+00
  -4.9174600e+01   1.4082243e+01
  -5.2045888e+01  -7.9941999e+00
  -6.3320971e+01  -8.7526816e+00
   9.5302110e+00  -6.8795995e+01
  -3.6065122e+01  -9.0512781e+01
  -6.0868290e+01  -7.4887141e+01
   9.4220818e+01  -5.0860448e+01
  -5.1365855e+01  -7.0658557e+01
  -5.2339994e+00  -8.8004710e+01
  -1.0204794e+01  -6.0048721e+01
   3.6664074e+01  -8.9304463e+01
   9.8541388e+01  -6.2135518e+00
   8.7837714e+01   5.3928728e+00
   7.5319392e+01   1.5224679e+01
   6.6359137e+01   1.0699902e+01
  -8.6791978e+00   9.9935493e+01
   2.6430933e+01  -9.2424049e+01
   2.1095893e+01   5.2408334e+01
   8.9742101e+01  -1.0961810e+01
   8.7900369e+01  -2.7594437e+01
  -2.2132014e+01   2.7194608e+01
  -5.9764321e+01  -6.4954073e+01
   7.9467831e-02   1.5683507e+01
   1.5787374e+01   3.2327948e+01
  -3.5053935e+01   7.4921644e+01
   7.3125540e+00   4.0001883e+01
  -5.9568876e+01   4.4474222e+01
   7.6833772e+01  -1.1144311e+01
   6.3676890e+01  -8.0186799e+00
  -5.2465629e+01   7.3230493e+01
  -1.1190999e+01   6.4716446e+01
   4.9341595e+01  -2.1195121e+01
   4.0450540e+01  -3.7159785e+01
  -2.7275533e+01   5.6434453e+01
  -7.6202963e+01  -1.5039589e+01
  -1.6736493e+01   4.6852752e+01
  -6.8643510e+01   2.0457775e+01
  -4.6980434e+01   9.0631994e+01
  -8.5787959e+01  -1.2245837e+01
  -2.1909364e+01  -1.9619663e+01
  -4.1567845e+01   9.9898376e+01
  -5.1629548e+01  -3.1557765e+01
  -3.5064781e+01  -3.3815125e+01
  -1.5534277e+00   6.2111810e+01
  -7.2795704e+01  -5.6510007e+00
   1.2801384e+01   8.2102635e+01
   1.4088750e+01   7.2186001e+01
  -5.1655483e+00   7.3472646e+01
  -5.5355269e+01   5.3524538e+01
   1.6897261e+01  -2.1140838e+01
  -7.7151720e+01   4.6965751e+01
  -2.2917437e+00   8.8609359e+01
  -6.1405811e+01  -4.6221284e+01
   6.5246844e+01  -7.7298887e+01
   4.3786804e+01   7.2459945e+00
   5.4865427e+01   3.1636065e+01
   2.6612629e+01   1.3486178e+01
   2.2099789e+01  -2.3070367e+00
   3.6458100e+01  -1.8574792e+01
  -2.4344420e+01   9.1755739e+01
  -6.7024743e+01  -1.8953813e+01
   5.4846147e+01  -4.4376008e+01
   3.6583280e+01   1.4164940e+01
   5.5969762e+01   1.1889728e+01
  -9.9083071e+01  -5.4850054e+01
  -8.0952997e+01  -5.9743624e+01
  -5.7778162e+01   8.1689152e+01
  -7.6531602e+01   7.5741009e+01
  -7.9970856e+01  -3.8826373e+01
   5.6143116e+01  -7.3168306e+01
   8.0041253e+01  -3.3783155e+01
   9.4264061e+01  -1.9878562e+01
   2.3623520e+01  -7.4564670e+01
   1.8881102e+01   7.1530500e+00
   4.8369623e+01  -5.5413344e+01
   4.3476607e+01  -7.2362981e+01
   5.9909472e+00  -4.0140608e+01
   1.7060855e+00  -3.1226283e+01
  -4.7494323e+00  -2.3682317e+01
  -6.6222468e+00  -9.0756319e+00
   8.7268310e-01  -1.5403935e+01
  -9.1564782e+01   1.5482812e+01
  -9.3077781e+01   3.8334357e+01
   2.1707083e+01  -6.4813005e+01
   1.6475116e+01  -5.6360223e+01
   9.9419659e+00   1.4038645e+01
  -9.2778918e+01  -5.1074493e+00
  -4.9004674e+01  -6.0942474e+01
  -7.0427789e+01   9.4671950e+01
  -3.4042746e+01  -8.0711951e+01
  -3.5767339e+01  -5.6810868e+01
  -8.9969398e+01   8.5023460e+01
  -1.3751644e+01  -9.3333112e+01
   7.4707722e+01  -4.6620094e+01
   7.4979191e+01  -5.6556589e+01
   9.6189374e+01  -6.9902169e+01
  -5.7745665e+01   9.1682533e+01
  -9.6546799e+01  -3.6089991e+01
   9.9890354e+01  -4.2623023e+01
  -4.4850131e+01  -9.5290187e+01
  -1.8427247e+01  -7.4210189e+01
  -5.5151951e+01  -8.3088654e+01
   1.0792265e+00  -7.4331711e+01
   6.5276872e+01  -9.8299446e+01
   5.8401351e+01  -8.4981606e+01
   1.3514200e+01  -9.0524744e+01
   3.7007935e+00  -9.2661873e+01
   3.4980900e+01  -9.8455154e+01
