   3.0686449e+01  -7.8967772e+00
  -1.9455046e+01  -1.9736254e+01
   6.9483698e+00   2.5713204e+01
   2.4344669e+00  -2.5262288e+01
   3.1307202e+01   5.2540691e+01
  -1.2988963e+01   3.6037274e+01
   4.8772324e+01  -3.1883557e+01
  -1.3607708e+01  -3.8858771e+01
  -8.3972389e+00  -6.0063530e+01
  -2.3493531e+01  -3.6245158e+01
  -2.8265019e+01   6.9971949e+00
  -4.2825682e+01  -8.8561496e+00
  -1.9842467e+01  -1.9684786e-01
   1.0027333e+01   3.5227403e+01
   3.9523120e+01   8.6119467e+00
  -2.2500968e+01   3.9123008e+01
   5.3944395e+00  -4.4706451e+01
  -3.6938970e+01  -1.6939873e+01
  -5.7927450e+01  -3.0235346e+01
   4.8165178e+01   3.6692095e+01
  -2.9136519e+01  -3.8874527e+00
  -6.8544281e+00   5.1531431e+01
   5.8866541e+01  -1.3730457e+01
   2.1924383e+01   4.9081976e+01
   3.7393224e+01   3.5791664e+01
   2.6162252e+01  -4.3228711e+01
   2.5768822e+01  -1.6604070e+01
   6.1013836e+00  -1.5958863e+01
  -1.6353961e+01  -2.9243261e+01
  -1.0954667e+01  -5.0396085e+01
  -5.0518074e+01  -2.4665418e+00
  -4.9288546e+01   1.6127498e+01
  -2.9219286e+01   2.0313837e+01
   1.8993907e+01  -5.7023299e+01
   1.6826500e+01  -4.6812527e+01
   6.7345990e+01   9.8539870e+00
   3.4968455e+01   2.2608459e+01
  -4.6314079e+01  -2.0419432e+01
   3.0807701e+01   1.3515158e+01
   2.5013048e+01   2.1665127e+01
   3.8202325e+01  -1.3004446e+00
  -2.2628436e+01   5.2359686e+01
   4.3817985e+00  -6.1078213e+00
   6.5535327e+01   1.9278201e-02
   1.5495051e+01   6.3086172e+01
  -3.9052654e+01   4.1035923e+01
   5.8766169e+00   1.2950901e+01
   2.8557245e+01  -3.3519746e+01
   2.8145688e+01  -6.2561951e+01
   1.5876506e+01  -1.8067650e+01
  -2.9917082e+01  -6.4274639e+01
   2.1959028e+01  -2.6005524e+01
  -4.4262349e+00  -4.2821157e+01
   3.2244328e+01  -2.4224295e+01
  -4.9527048e+01   2.6124653e+01
  -5.9293353e+01   2.3807186e+01
  -6.1164746e+01  -7.9029962e+00
  -4.5735063e+01   6.7801593e+00
  -5.2200825e+01  -1.2335616e+01
  -1.6865954e+01  -1.0077238e+01
   2.1148813e+00  -3.5257179e+01
  -1.1339969e+00  -5.2281373e+01
  -2.8914777e+01  -2.3640606e+01
  -2.7462610e+01  -1.3746356e+01
   1.2375576e+01  -6.4805224e+01
   4.7447105e+01   2.5119095e+00
  -5.8322185e+01  -2.0243140e+01
   5.1599498e+01   2.2020182e+01
  -3.3458963e+01  -3.5414401e+01
  -3.0001372e+01  -4.4797632e+01
   1.1973694e-01   3.3018666e+01
   2.0947891e+01   1.1846581e+01
   2.0686606e+01  -7.9528215e+00
  -1.2264979e+01   5.9941303e+01
   1.8732458e+01   2.9499425e+01
   5.7048266e+01   5.3079263e+00
  -4.7805530e+00   4.1748843e+01
   2.9185763e+00   5.3650013e+01
   5.4140360e+01  -4.9177831e+00
   8.5692808e+00   3.3202245e+00
  -2.8892187e+01   3.1431953e+01
  -3.8884397e+01   3.1037338e+01
   4.9924512e+00   4.3867424e+01
   3.8616832e+01   4.5716520e+01
  -1.5063450e+01   4.5819733e+01
   3.8556890e+01  -3.3604018e+01
   4.2243973e+01  -2.4308557e+01
   3.6246706e+01  -4.3416816e+01
   2.9502355e+01  -5.2654406e+01
   9.5226901e+00  -5.3814554e+01
   1.2584781e+01  -3.7756706e+01
   1.2115520e+01  -2.7767724e+01
  -1.8143586e+01  -5.7511324e+01
  -4.0637119e+01   2.1192138e+01
  -6.1710234e+01   1.4103647e+01
  -6.7286106e+01  -1.5810521e+01
  -5.5712060e+01   6.1022782e+00
  -3.6991746e+01   1.1880250e+01
  -3.8319649e+01   7.1091930e-02
  -6.3813334e+00  -2.9982652e+01
  -3.6680534e+00  -6.8874589e+01
  -2.0136132e+01  -4.6433704e+01
  -5.2825085e+00  -1.1400358e+01
  -9.4824190e+00  -2.0475640e+01
   2.9736550e+00  -6.1398782e+01
   5.8858930e+01   1.5142635e+01
   2.8620475e+01   3.0991781e+01
   4.3480052e+01   2.7857527e+01
   1.5153238e+01   1.9996551e+01
  -2.7687680e+01  -5.4526318e+01
   3.7443777e+01  -1.5512884e+01
   2.9466214e+01   3.5946712e+00
   5.6336228e+01   3.0827190e+01
   4.4850827e+01  -8.7886252e+00
  -4.7927591e+01  -3.0288467e+01
   4.8765477e+01   1.2430170e+01
  -8.0949894e+00   2.7316187e+01
  -3.7763787e+00   6.5227480e+01
  -2.1973471e+01   6.2338214e+01
  -1.2413039e+00   1.9974804e+01
   7.2224311e+01  -7.4142594e+00
  -1.3545112e+00   2.0880143e+00
   2.5128492e+01   6.0403486e+01
   4.9633369e+01  -1.7570840e+01
  -1.9380181e+01   2.8346219e+01
  -3.8552510e+01  -2.6808837e+01
  -3.0437430e+01   4.6113117e+01
   1.9069494e+01   3.9498156e+01
   1.2916404e+01   5.3424362e+01
   1.9410657e+01   1.9654421e+00
   2.8873185e+01   4.1631370e+01
   4.5422524e+01   5.3043359e+01
  -1.0152130e+01  -2.6661283e+00
