  -2.2366500e+01  -2.7330403e+01
   3.0537936e+01   5.5376763e+01
   6.5739437e+01  -3.9371426e+01
  -8.0163511e+00  -4.1482913e+01
  -2.5364773e+00  -5.7417468e+01
  -2.9794860e+01   1.1528223e+01
  -8.6096060e+00  -1.0271320e+01
   2.1765250e+01   3.9072937e+01
   4.0271256e+01   5.0500424e+00
   1.2850075e+01  -4.3638377e+01
  -3.7508187e+01  -7.7876056e+00
  -7.0258249e+01  -4.2677896e+01
   5.1882874e+01   4.3980862e+01
   5.7166433e+01  -1.2901308e+01
   2.2838816e+01  -4.4030286e+01
  -3.9336748e+01   1.4517964e+01
   8.0815056e+01   1.7467853e+01
   3.3757373e+01   2.8727803e+01
   4.2464822e+01   2.3810740e+01
   4.1558357e+01  -5.7733397e+00
   7.0857529e+01   4.3456709e-01
   9.4922173e+00   7.8586904e+01
  -5.3833468e+01   3.8428995e+01
   2.6505436e+01  -6.3330859e+01
   2.7226206e+01  -1.8192521e+01
  -3.2886348e+01  -7.7167216e+01
   2.1187490e+01  -3.4127187e+01
  -5.3496098e+01   2.8434846e+01
  -6.5791845e+01   2.7148590e+01
  -6.8127474e+01  -6.7959588e+00
   4.1621226e+00  -3.8694262e+01
  -2.7013883e+01  -1.8154146e+01
   2.1324580e+01  -7.6499194e+01
  -3.2340702e+01  -2.6614124e+01
  -3.0084733e+01  -4.6591761e+01
  -1.0225829e+00   4.4286936e+01
   2.4677228e+01  -7.4647608e+00
   2.1354897e+00   5.8323756e+01
   1.6874836e+01  -1.2110779e+00
  -3.8356032e+01   3.9545139e+01
  -1.4011833e+01   5.9132614e+01
   3.8397156e+01  -3.1900128e+01
   3.7041114e+01  -4.7647988e+01
   2.6507146e+01  -5.3331555e+01
   1.7340719e+01  -5.7327928e+01
  -1.2090862e+01  -5.4468510e+01
  -6.0146439e+01   1.0059100e+01
  -6.4555682e+01  -1.6136208e+01
  -5.5785438e+01   3.3081891e-01
  -4.6652738e+01  -3.7418536e+00
   1.6056883e+00  -8.7120177e+01
  -3.1346400e+00  -2.2451831e+01
   7.3234691e+00  -6.2572842e+01
   5.6734091e+01   1.4846945e+01
   8.4044480e+00   2.2782117e+01
  -3.9933792e+01  -6.9469414e+01
   5.5660245e+01   3.4721741e+01
  -5.1624129e+01  -2.2096208e+01
  -8.4534154e+00   3.7595022e+01
  -3.3255452e+00   7.4334715e+01
  -2.4752680e+01   7.4254671e+01
   6.9037454e+00   1.2896386e+01
   8.5155397e+01  -1.6861565e+01
   3.9861889e+01   7.0426084e+01
   5.4800653e+01  -2.3113494e+01
  -2.3511969e+01   2.6632189e+01
  -2.7523459e+01   4.4511921e+01
   1.7271368e+01   5.0901313e+01
   3.6527933e+01   3.8336280e+01
   5.0021307e+01   5.5646140e+01
   3.3754220e-02  -3.3886612e+00
   4.8328240e+01  -3.0736046e+01
   5.1457698e+01  -4.6762978e+01
   3.6824098e+01  -7.9257633e+01
  -2.1314472e+01  -7.3509801e+01
   2.9102041e+01  -2.8014929e+01
   8.9619724e+00  -1.9364602e+01
  -4.5572086e+01   2.2335337e+01
  -2.0971734e+01  -6.3515750e+01
  -7.5406903e+01   2.4401336e+01
  -1.7763697e+01  -1.4359435e+01
  -2.7515624e+01  -8.1676304e+00
  -6.9014855e+01   3.6614586e+01
  -7.1866873e+01  -2.2958392e+01
  -3.5524977e+01   2.0125789e+00
  -5.0903226e+01   1.3875147e+01
  -4.6150366e+01  -1.3728218e+01
  -1.7043398e+01  -4.5784402e+01
  -5.5835696e+01  -1.1241796e+01
  -1.1011785e+01  -6.4408263e+01
  -1.3557278e+01  -8.3474252e+01
  -1.8472124e-01  -4.7699012e+01
  -3.8207544e+01   2.9099992e+01
   3.5577725e+01  -5.7540095e+01
   6.3714758e+01   7.4331683e+00
   8.7620932e+00  -7.2468344e+01
  -1.4569906e+00  -6.7358107e+01
  -4.4668630e+01   6.0583542e+00
  -3.2925318e+01  -5.6337056e+01
   8.5059807e+00  -5.2644054e+01
  -2.2621401e+01  -3.7488987e+01
   3.0079299e+01   8.3273553e+00
   2.0490779e+01   1.1165716e+01
   4.7034238e+01   1.2415888e+01
  -5.6436111e+00   6.4607181e+01
   5.7175140e+01   2.4837181e+01
  -2.3270574e+01   6.2910870e+01
   4.5669865e+01   3.4283543e+01
  -5.9988663e+01  -4.4417265e+01
  -6.1029051e+01  -2.5493592e+01
   4.4538121e+00   3.4265494e+01
   2.4478585e+01   7.2714816e+01
   6.1384542e+01  -3.1723591e+00
   4.8095405e+00   6.7978817e+01
   7.6115531e+01  -8.0714729e+00
  -2.1470886e+01   5.2472182e+01
   6.7006277e+01  -2.2515537e+01
  -2.0087085e+01   3.6998762e+01
  -3.7486307e+01   4.9507234e+01
   7.1600932e+01   1.3581999e+01
  -4.2537281e+01  -2.6802714e+01
  -3.1843873e+01   5.7763263e+01
   1.3942645e+01   3.1107418e+01
   7.3329766e+00   4.9780980e+01
  -6.2757248e+00   5.2796011e+01
   1.1880854e+01   6.0565994e+01
   4.1250752e+01   6.0450029e+01
  -1.8262924e+01  -4.3753234e+00
  -3.8511576e+00   2.8695529e+01
  -9.3300161e+00   1.1392833e-01
   3.1617376e+01  -3.9247262e+01
   4.2213112e+01  -2.2658762e+01
   4.7228919e+01  -1.4009159e+01
   5.8081690e+01  -3.2940680e+01
   4.3825562e+01  -4.0301516e+01
   3.4313418e+01  -6.9578099e+01
  -4.4643502e+01  -7.8290872e+01
  -3.0118222e+01  -6.7557997e+01
  -2.9755155e+01   3.4443787e+01
   1.7699746e+01  -2.4755186e+01
  -5.8826743e+01   1.9974117e+01
  -6.2189198e+01   4.3922666e+01
   5.6857815e+00  -2.8811490e+01
  -6.9736196e+01   1.5611327e+01
  -7.8691208e+01   3.4091310e+01
  -8.1628845e+01  -2.0789840e+01
  -2.5537415e+01   2.4818876e+00
  -6.7402094e+01   3.1776316e+00
  -1.8366593e-02  -7.7253419e+01
  -7.6562425e+01  -1.2167310e+01
  -3.1964320e+01   2.1288966e+01
   4.2862453e+01  -6.4390299e+01
  -3.6329572e+00  -3.2436867e+01
   9.8093753e-01  -1.3341024e+01
   7.8743718e+01   6.5833847e+00
   1.7339282e+01  -6.7327723e+01
  -2.3096138e+01  -5.3744217e+01
  -1.3104899e+01  -2.3204102e+01
  -4.2325022e+01  -5.9759544e+01
   1.8278480e+01   2.0917879e+01
  -9.5727954e+00  -7.4302945e+01
  -1.2359033e+01   7.8623761e+01
  -1.3600142e+01  -3.3188555e+01
   3.2589778e+01  -1.3518812e+00
   1.7835404e+01  -1.4756239e+01
   3.6500021e+01  -1.4451684e+01
   9.8406592e+00  -8.7044590e+00
  -3.3560078e+01   6.7614883e+01
   2.8277600e+01   2.0305022e+01
  -1.5418608e+01   6.9103314e+01
   6.1989036e+01   4.2464227e+01
   6.6871866e+01   2.2393121e+01
  -7.3430847e+01  -3.2835245e+01
   2.9482326e+01   4.5432668e+01
  -6.3697878e+01  -3.5130695e+01
   7.7767201e+00   2.9361679e+00
   3.7293938e+01   1.5251548e+01
  -1.3839647e+01   2.9169673e+01
   3.1245010e+01   6.5351712e+01
   2.1778297e+01   6.1994461e+01
   1.4819947e+01   7.0124324e+01
   5.1496281e+01  -4.6624943e+00
  -1.3819899e+01   4.6033059e+01
   8.6029885e+01  -6.7671271e+00
   7.8077165e+01  -2.3925462e+01
  -4.6548561e+01   4.5279405e+01
   6.7158372e+01  -1.2516775e+01
  -4.6464983e+01   5.5279021e+01
  -5.2570696e+01  -3.2050891e+01
  -3.7006606e+01  -1.7773157e+01
  -3.2574500e+01  -3.6605686e+01
   1.1934176e+01   4.0902987e+01
   2.3772569e+01   2.9273408e+01
   5.9377981e+01   5.2117320e+01
   3.9405311e+01   5.0540965e+01
  -1.7497770e+00   6.6357502e+00
   5.4011288e+01   5.0160575e+00
  -9.0796762e-01   1.9138752e+01
