  -7.5129021e+01   4.2443902e+00
  -8.6104073e+01   2.3817259e+01
  -3.3605345e+00   4.4736731e+01
  -3.5974585e+00  -4.2936121e+01
   3.8826179e+01  -8.0863869e+01
  -5.0276938e+01   6.2130949e+01
  -8.5818428e+01  -2.2223443e+01
   7.1019389e+00  -2.3447575e+01
  -1.9734373e+01  -3.5546238e+01
   1.5821363e+01  -8.0872345e+01
   4.5523400e+01  -9.4222541e+01
  -5.1617797e+01   9.9700576e+01
  -6.9763233e+01  -3.2651607e+01
  -6.1138474e+01   2.6893611e+01
   2.5668886e+01  -3.8893387e+01
  -6.7478848e+01   1.0677865e+01
  -8.7184288e+01   4.6365050e+01
  -2.1984440e+01  -6.4971592e+01
   7.0106785e+01  -1.8420054e+01
  -1.5405815e+01   5.9983246e+01
   9.2049466e+01  -3.7221730e+01
  -3.1220135e+01   9.9247676e+01
  -4.1735428e+01   2.3965295e+01
  -3.9139529e+01   1.4398891e+01
   1.8739551e+01   6.3959245e+01
  -8.0622906e+01   6.6650931e+01
  -8.4770612e+01  -4.7607568e+01
  -5.6527935e+01   7.3437632e+00
   6.0531535e+01  -6.4434893e+01
   4.9384496e+01  -3.3572281e+01
   1.5963438e+01  -4.1230555e+01
   4.5785181e+01   3.7003881e+01
  -6.5164327e+01   3.6014262e+01
  -1.8918285e+01  -5.5473335e+01
  -2.8451204e+01  -7.2584754e+01
  -1.5355623e+01   7.4391516e+01
  -4.3319508e+01   6.9464287e+01
  -3.1439954e+01   6.6854491e+01
  -1.5780582e+00   2.5246572e+01
   9.9027137e+01  -3.0125541e+01
  -6.0456537e+01  -3.6298340e+01
  -7.5540263e+00   5.3825117e+01
  -2.1529243e+01   4.9752693e-01
  -3.1946092e+01  -1.8875569e+01
   2.6004334e+00   5.2680108e+01
  -4.9142300e+01  -2.1893841e+01
   3.8595967e+01  -5.3449270e+01
   5.5683809e+01  -9.4615075e+01
  -4.0243671e+01   4.1335926e+01
   2.2042122e+01  -2.9608467e+01
   3.2006840e+01  -3.1123731e+01
   6.7763941e+01  -8.8672482e+01
  -9.6731153e+01   4.9312483e+01
   4.5408717e+01  -2.5453545e+00
   3.0094044e+01   3.8407346e+00
  -1.6699865e+01  -8.2364988e+00
   1.0198974e+01   2.0043949e+00
  -9.8874413e+01   5.9077849e+01
  -7.6189084e+01   2.7314300e+01
  -7.5733748e-01  -5.3039436e+01
  -2.7852999e+01  -5.1017238e+01
   3.9832760e+01  -6.3341158e+01
   9.5679574e+01  -7.9900057e+01
  -2.6666619e+01  -2.8353246e+01
   6.1703713e+01   1.6550006e+00
   7.0968843e+00  -5.9388621e+01
  -4.5378106e+01  -8.5215927e+01
   8.4132269e+01  -4.3256503e+01
  -4.1072091e+01  -5.3228782e+00
   8.3570555e+01   1.9291583e+01
   1.5539742e+01   2.2334099e+01
   6.3890465e+01   2.4176307e+01
  -1.2657279e+01   2.8756517e+01
   7.1082585e+01  -3.7734229e+00
   1.8825974e+01   4.1845692e+01
  -4.2769053e+01   8.2000374e+01
  -3.1607175e+01  -2.1045541e+00
  -6.7119267e+01  -5.6822888e+01
   7.0755154e+01  -3.7415957e+01
  -3.1556819e+01   3.6610888e+01
  -1.5048993e+01  -2.6751197e+01
  -6.4400189e+01   1.1876622e+00
  -6.7818369e+01   5.0284890e+01
  -2.5241263e+01   7.4450570e+01
   6.7325471e+01  -2.8024043e+01
   8.8009827e+01  -9.3518782e+01
   3.5408130e+00   8.0655122e+01
   1.3865359e+00   9.8093244e+01
  -4.1611165e+01  -1.5295400e+01
  -9.6020336e+01  -1.4892720e+01
   4.4956681e+01  -4.5744322e+01
  -8.7394799e+01  -3.2098106e+01
  -5.9072231e+01   1.7008546e+01
  -7.8336152e+01   1.7531521e+01
  -7.5512589e+01  -5.1387140e+01
  -8.0429835e+01   9.4895600e+01
   3.5443230e+01   2.4170486e+01
  -6.7698345e+01   8.0426422e+01
   6.9826770e+01  -6.8108730e+01
   8.0305155e+01  -6.5016139e+01
   2.1505085e+01  -1.2139833e+01
   4.5820237e+01   1.6893607e+01
   3.1384704e+01  -6.7111369e+00
   1.0459844e+01  -1.1384021e+01
   1.7249374e+00  -3.2855634e+00
  -9.8044021e+01   7.8251013e+00
   3.3723866e+01  -4.4757471e+01
  -8.8528207e+00  -7.1347578e+01
   3.0451847e+01  -5.9887040e+01
   7.8612765e+01  -9.6938544e+01
  -4.2628772e+01  -7.5606437e+01
  -2.5352165e+01  -9.6765542e+01
   6.0865787e+00  -8.3146591e+01
   9.7405017e+01   1.9204588e+01
  -1.4406643e+01   9.1934199e+01
   5.4315028e+01   2.1917474e+01
  -3.6246886e+01   5.0128073e+01
   2.5739900e+01   3.4646680e+01
   1.1384495e+01   4.8436484e+01
   5.9980872e+01  -1.7906406e+01
   6.5168455e+00   2.8918604e+01
  -4.9928541e+01   4.3393110e+01
  -3.2233241e+01   2.6834939e+01
  -5.7233082e+01  -5.5320141e+01
  -2.9600111e+01   1.7320930e+01
  -3.0113728e+01   8.3895637e+01
  -3.9673701e+01   6.0259450e+01
  -2.0203210e+01   8.3018794e+01
  -6.0217176e+01  -2.6299349e+01
  -5.5262731e+01   3.4956451e+01
   9.7280812e+01  -8.9770722e+01
   4.3517426e+01  -1.2318138e+01
  -1.2303307e+01  -1.7179732e+01
  -4.5806113e+01   5.2466290e+01
  -3.7040635e+01   9.1056714e+01
  -1.1453512e+01   3.8128898e+01
  -2.7449794e+01   4.5467160e+01
  -2.1576188e+01   3.7077115e+01
  -2.6392357e+01  -1.0591049e+01
  -2.8072671e+01  -4.1041826e+01
  -3.9723155e+01  -2.5107987e+01
   8.9605140e+00   6.1004421e+01
  -5.7600676e+01  -1.6647106e+01
   4.4176706e+00   7.0292946e+01
  -9.5447071e+01  -2.4920015e+01
  -1.0253205e+01   8.2932922e+01
   4.1685623e+01  -2.7222652e+01
  -8.3757684e+01  -8.1509318e-01
  -9.5906663e+01   2.8738595e+01
  -8.4343403e+01   3.3650505e+01
  -9.6939650e+01   7.7857322e+01
  -7.5037131e+01   3.7241611e+01
  -8.3822416e+01   9.1812447e+00
  -9.0428987e+01   9.5014243e+01
  -8.6539502e+01   7.4710678e+01
   1.2337631e+01  -3.1929179e+01
   2.6564949e+01  -2.0743018e+01
  -4.5528731e+01   3.3091119e+01
   4.9396533e+01  -8.0810305e+01
  -8.8840839e+01   5.9972666e+01
  -7.0737028e+01  -4.2602432e+01
   4.5743754e+01   2.7011837e+01
  -7.6219809e+01  -2.5021181e+01
  -9.4624028e+01  -4.5902459e+01
  -7.6329372e+01   8.5775695e+01
  -9.4625406e+01   6.8129304e+01
   2.5466272e+01   2.3515134e+01
   6.0808708e+01  -3.6543212e+01
   5.7127557e+01  -2.7345315e+01
   6.4818012e+01  -4.5629081e+01
   5.0553740e+01  -6.4856464e+01
  -1.0673477e+01  -2.9011696e-01
   7.8513330e+01   2.4333483e+00
   9.2798442e+00  -4.9655726e+01
   2.2816046e+01  -4.8498099e+01
  -8.3177576e+00  -3.4126457e+01
  -5.1687801e+01   2.3738035e+01
  -1.0367719e+01  -5.0288500e+01
  -7.9380624e+01   5.6734785e+01
  -2.8700173e+01   7.4311216e+00
   3.3234044e+01  -7.1755867e+01
  -1.2835472e+00  -6.4815571e+01
  -2.4417042e+00   5.7845329e+00
  -4.0284837e+01  -6.5895473e+01
  -1.9135027e+01  -4.5500539e+01
  -1.7776773e+01  -8.4276767e+01
   5.2833118e+01  -9.1731439e+00
   9.9522909e+01  -5.9536025e+01
   6.5097279e+01  -5.5578042e+01
   8.4482705e+01  -5.3242994e+01
   8.9884599e+01  -6.2182694e+01
   2.9089946e+01  -8.2934930e+01
  -4.8580260e+01   1.2870461e+00
  -3.9112452e+01   4.4608053e+00
  -4.9133400e+01   1.4072745e+01
  -5.2076819e+01  -8.0760518e+00
  -6.3691888e+01  -8.7613449e+00
   9.6006480e+00  -6.9060981e+01
  -3.6054158e+01  -9.0629322e+01
  -6.0894753e+01  -7.4924621e+01
   9.4220362e+01  -5.0861103e+01
  -5.1368785e+01  -7.0670534e+01
  -5.2339994e+00  -8.8004710e+01
  -1.0175621e+01  -6.0283421e+01
   3.6707985e+01  -9.0389161e+01
   8.5194981e+01  -4.4690978e+00
   7.2896053e+01   2.0334090e+01
   6.6075274e+01   1.0648857e+01
   2.8541955e+01  -9.2575630e+01
   2.3837710e+01   5.0588798e+01
   8.9397375e+01  -1.3191949e+01
   8.8145360e+01  -2.7959362e+01
  -2.2279027e+01   2.7109487e+01
  -5.9782984e+01  -6.4987742e+01
   1.9293067e-01   1.5392093e+01
   1.5811439e+01   3.2323512e+01
  -3.5421254e+01   7.5579592e+01
   7.2234340e+00   3.9818702e+01
  -5.9802154e+01   4.4383524e+01
   7.7347986e+01  -1.1526121e+01
   6.2580861e+01  -8.4032744e+00
  -5.2511307e+01   7.3289652e+01
  -9.1459399e+00   6.6849589e+01
   4.9457033e+01  -2.0941700e+01
   4.0046624e+01  -3.7053799e+01
  -3.0277536e+01   5.7549839e+01
  -7.6337079e+01  -1.5024705e+01
  -1.6727635e+01   4.5844657e+01
  -6.8826222e+01   2.0561582e+01
  -4.7094433e+01   9.0858420e+01
  -8.5931763e+01  -1.2224837e+01
  -2.1982896e+01  -1.9547502e+01
  -4.1577556e+01   9.9949090e+01
  -5.1656171e+01  -3.1562034e+01
  -3.4982731e+01  -3.3860616e+01
  -8.7501550e-01   6.1844243e+01
  -7.3150226e+01  -5.5510162e+00
   1.3264802e+01   8.2208809e+01
   1.4155109e+01   7.2351297e+01
  -4.3599420e+00   7.5047700e+01
  -5.5609014e+01   5.3389668e+01
   1.6672584e+01  -2.0884617e+01
  -7.7223356e+01   4.6979542e+01
  -2.2005540e+00   8.8789963e+01
  -6.1426916e+01  -4.6247060e+01
   6.5245041e+01  -7.7300761e+01
   4.3540799e+01   7.2108770e+00
   5.4866837e+01   3.1895479e+01
   2.6374652e+01   1.3568993e+01
   2.2112830e+01  -2.1771896e+00
   3.6234927e+01  -1.8917660e+01
  -2.4373517e+01   9.2027413e+01
  -6.7257431e+01  -1.9198106e+01
   5.4876270e+01  -4.4574035e+01
   3.6301959e+01   1.4091594e+01
   5.5970545e+01   1.1816622e+01
  -9.9084332e+01  -5.4852582e+01
  -8.0968288e+01  -5.9767118e+01
  -5.7792361e+01   8.1759813e+01
  -7.6549731e+01   7.5779529e+01
  -7.9993961e+01  -3.8822314e+01
   5.6055737e+01  -7.3357753e+01
   8.0105434e+01  -3.3897451e+01
   9.5327673e+01  -2.0965717e+01
   2.3664397e+01  -7.4685740e+01
   1.8708058e+01   7.2121343e+00
   4.8510693e+01  -5.5079242e+01
   4.4013872e+01  -7.2394581e+01
   6.0301998e+00  -4.0254983e+01
   1.3059863e+00  -3.1517323e+01
  -4.5889134e+00  -2.3484581e+01
  -6.3830024e+00  -9.1869597e+00
   1.3184055e+00  -1.5402872e+01
  -9.1597336e+01   1.5466969e+01
  -9.3159753e+01   3.8352604e+01
   2.1808006e+01  -6.4903890e+01
   1.6652860e+01  -5.6367578e+01
   1.0071362e+01   1.3974184e+01
  -9.2863332e+01  -5.0205164e+00
  -4.8979321e+01  -6.0960420e+01
  -7.0427789e+01   9.4671950e+01
  -3.4101414e+01  -8.0826259e+01
  -3.5902836e+01  -5.6922279e+01
  -8.9966688e+01   8.5024971e+01
  -1.3716484e+01  -9.3412903e+01
   7.4741040e+01  -4.6577822e+01
   7.5033331e+01  -5.6550728e+01
   9.6223354e+01  -6.9915455e+01
  -5.7771383e+01   9.1753206e+01
  -9.6562292e+01  -3.6092172e+01
  -4.4888964e+01  -9.5311029e+01
  -1.8404880e+01  -7.4301269e+01
  -5.5153845e+01  -8.3111834e+01
   1.0237016e+00  -7.4532533e+01
   6.5263303e+01  -9.8352643e+01
   5.8464302e+01  -8.5009739e+01
   1.3147371e+01  -9.0464136e+01
   3.6328138e+00  -9.2846894e+01
   9.9165467e+01  -1.0873939e+01
   9.0438250e+01   1.2037516e+01
   9.2494343e+01   2.2720287e+00
   8.8293568e+01   2.8047543e+01
   7.7102231e+01   1.1799635e+01
  -2.3207848e+00   3.4735125e+01
  -2.2004794e+01   5.3486500e+01
   1.7069630e+01   5.5373442e+01
   2.1329542e+01  -9.3930968e+01
  -6.0008512e+00   2.3636998e+01
