   3.0695435e+01  -7.8973616e+00
  -1.9554414e+01  -1.9781797e+01
   6.9234796e+00   2.5664677e+01
   2.4372201e+00  -2.5268844e+01
   3.1293121e+01   5.2522058e+01
  -1.2984611e+01   3.6038074e+01
   4.8769444e+01  -3.1880216e+01
  -1.3670291e+01  -3.8778357e+01
  -8.4053087e+00  -5.9951104e+01
  -2.3509268e+01  -3.6158396e+01
  -2.8265635e+01   6.9986022e+00
  -4.2757944e+01  -8.8946945e+00
  -1.9920716e+01  -1.5008120e-01
   9.9872443e+00   3.5155402e+01
   3.9505984e+01   8.6094987e+00
  -2.2497780e+01   3.9121787e+01
   5.2541666e+00  -4.4716116e+01
  -3.6871140e+01  -1.6952116e+01
  -5.7839804e+01  -3.0201968e+01
   4.8154246e+01   3.6671498e+01
  -2.9114246e+01  -3.9351958e+00
  -6.8533576e+00   5.1525025e+01
   5.8852526e+01  -1.3717624e+01
   2.1918774e+01   4.9050592e+01
   3.7394942e+01   3.5782986e+01
   2.6166375e+01  -4.3219318e+01
   2.5773045e+01  -1.6593313e+01
   6.1126889e+00  -1.5980203e+01
  -1.6358895e+01  -2.9190621e+01
  -1.1100009e+01  -5.0334622e+01
  -5.0498362e+01  -2.4867996e+00
  -4.9177784e+01   1.5985922e+01
  -2.9219286e+01   2.0313837e+01
   1.8961481e+01  -5.7012199e+01
   1.6831612e+01  -4.6802490e+01
   6.7326761e+01   9.8619968e+00
   3.4954994e+01   2.2603795e+01
  -4.6232008e+01  -2.0424540e+01
   3.0800205e+01   1.3511917e+01
   2.5005709e+01   2.1658800e+01
   3.8198436e+01  -1.3009954e+00
  -2.2625173e+01   5.2355424e+01
   4.3830506e+00  -6.1388618e+00
   6.5519669e+01   2.7011189e-02
   1.5498684e+01   6.3082136e+01
  -3.9049369e+01   4.1033867e+01
   5.8493237e+00   1.2969957e+01
   2.8553144e+01  -3.3512220e+01
   2.8146754e+01  -6.2554142e+01
   1.5887760e+01  -1.8056993e+01
  -2.9913781e+01  -6.4260185e+01
   2.1933104e+01  -2.6020852e+01
  -4.5413678e+00  -4.2791997e+01
   3.2235398e+01  -2.4218025e+01
  -4.9522362e+01   2.5964310e+01
  -5.9298028e+01   2.3788230e+01
  -6.1090969e+01  -7.9477924e+00
  -4.5599863e+01   6.6817222e+00
  -5.2123359e+01  -1.2353464e+01
  -1.6852904e+01  -1.0173459e+01
   2.0316434e+00  -3.5257584e+01
  -1.3076354e+00  -5.2251595e+01
  -2.8914552e+01  -2.3639075e+01
  -2.7444076e+01  -1.3740757e+01
   1.2311931e+01  -6.4781828e+01
   4.7432500e+01   2.5192420e+00
  -5.8291636e+01  -2.0215569e+01
   5.1584827e+01   2.2017399e+01
  -3.3467905e+01  -3.5415537e+01
  -3.0030444e+01  -4.4791411e+01
   1.3002271e-01   3.3000537e+01
   2.0942516e+01   1.1884159e+01
   2.0697648e+01  -7.9062241e+00
  -1.2262180e+01   5.9934434e+01
   1.8740539e+01   2.9500637e+01
   5.7030296e+01   5.3047697e+00
  -4.7784955e+00   4.1743953e+01
   2.9300680e+00   5.3583212e+01
   5.4125210e+01  -4.9071373e+00
   8.4541669e+00   3.3165293e+00
  -2.8877932e+01   3.1421289e+01
  -3.8868298e+01   3.1036281e+01
   5.0013863e+00   4.3807214e+01
   3.8605374e+01   4.5704871e+01
  -1.5061753e+01   4.5816905e+01
   3.8551762e+01  -3.3601889e+01
   4.2232114e+01  -2.4304271e+01
   3.6246706e+01  -4.3416816e+01
   2.9495749e+01  -5.2646555e+01
   9.5139140e+00  -5.3749990e+01
   1.2467168e+01  -3.7806205e+01
   1.2099982e+01  -2.7818547e+01
  -1.8151286e+01  -5.7508910e+01
  -4.0634832e+01   2.1194571e+01
  -6.1669808e+01   1.4075583e+01
  -6.7267737e+01  -1.5811136e+01
  -5.5568514e+01   6.1600732e+00
  -3.6991424e+01   1.1882606e+01
  -3.8235936e+01   5.3508383e-04
  -6.4059945e+00  -2.9911273e+01
  -3.6907996e+00  -6.8763269e+01
  -2.0208078e+01  -4.6309534e+01
  -5.3962834e+00  -1.1370322e+01
  -9.5913930e+00  -2.0438061e+01
   2.9468265e+00  -6.1288450e+01
   5.8834141e+01   1.5137318e+01
   2.8630246e+01   3.0975562e+01
   4.3465139e+01   2.7842030e+01
   1.5150787e+01   2.0018963e+01
  -2.7690876e+01  -5.4511460e+01
   3.7443777e+01  -1.5512884e+01
   2.9466214e+01   3.5946712e+00
   5.6331044e+01   3.0817566e+01
   4.4851847e+01  -8.7904997e+00
  -4.7848182e+01  -3.0280755e+01
   4.8742904e+01   1.2432149e+01
  -8.0959694e+00   2.7315807e+01
  -3.7775835e+00   6.5226729e+01
  -2.1969830e+01   6.2332812e+01
  -1.2676022e+00   1.9988328e+01
   7.2212087e+01  -7.4006825e+00
  -1.4449503e+00   1.9837806e+00
   2.5130746e+01   6.0396246e+01
   4.9627749e+01  -1.7576030e+01
  -1.9366563e+01   2.8347175e+01
  -3.8487540e+01  -2.6794009e+01
  -3.0436965e+01   4.6114163e+01
   1.8981125e+01   3.9498035e+01
   1.2926689e+01   5.3419153e+01
   1.9430436e+01   2.0083686e+00
   2.8873185e+01   4.1631370e+01
   4.5410083e+01   5.3029966e+01
  -1.0275328e+01  -2.6560448e+00
