  -6.7346331e+01   2.4205652e+01
   2.7395529e+01  -4.4397268e+01
  -9.7384372e+01   3.0901333e+01
   3.4588463e+01  -7.0029774e+01
  -7.2260653e+01   4.1740977e+01
  -8.4508263e+01   6.8476392e+01
   5.1711298e+01  -4.3302492e+01
   4.5861485e+01  -5.5338280e+01
  -9.8737287e+01   4.5353261e+01
  -7.4322455e+01   1.7210499e+01
  -8.1189977e+01   3.7505056e+01
  -9.3073282e+01   2.0125140e+01
   3.8720266e+01  -6.1489315e+01
   2.5764286e+01  -6.3361412e+01
   3.5048374e+01  -5.2178702e+01
   5.1041615e+01  -6.3263896e+01
  -9.4299072e+01   6.6601774e+01
  -5.9118066e+01   4.1253776e+01
  -7.5728937e+01   2.9389165e+01
  -5.8140418e+01   2.7851661e+01
  -6.6979441e+01   5.0153621e+01
  -8.9898790e+01   5.4756010e+01
  -8.3161400e+01   2.1392720e+01
   3.8179680e+01  -7.8595835e+01
   1.7732172e+01  -4.4939181e+01
   3.9863153e+01  -4.3406089e+01
   2.5083440e+01  -5.3612485e+01
   4.5455477e+01  -7.1469568e+01
  -5.7231219e+01   5.1307072e+01
  -8.0910569e+01   9.7421441e+00
  -8.5261024e+01   4.6298766e+01
  -7.9171257e+01   6.0157465e+01
  -6.4507095e+01   1.4689878e+01
  -6.6006037e+01   3.4041380e+01
  -7.6672644e+01   5.0667317e+01
  -9.0875466e+01   1.0372241e+01
  -9.1397196e+01   3.8818837e+01
  -8.7511493e+01   2.9962024e+01
  -9.9212825e+01   5.7891806e+01
   4.7627266e+01  -4.8117318e+01
   3.0236609e+01  -7.0116525e+01
   3.0720486e+01  -4.2390397e+01
   4.1183300e+01  -7.9791787e+01
