   3.2250000e+03
   3.1990000e+03
   3.1410000e+03
   2.8250000e+03
   2.9070000e+03
   3.1030000e+03
   3.1570000e+03
   3.1590000e+03
   2.9850000e+03
   3.1050000e+03
   2.7950000e+03
   2.9270000e+03
   3.3010000e+03
   2.8470000e+03
   2.8690000e+03
   2.8570000e+03
   2.8930000e+03
   3.1630000e+03
   3.1830000e+03
   2.9890000e+03
   3.0030000e+03
   3.2770000e+03
   3.1870000e+03
   3.2510000e+03
   3.0170000e+03
   3.0710000e+03
   2.9710000e+03
   2.8090000e+03
   2.8350000e+03
   2.8790000e+03
   3.2650000e+03
   2.9030000e+03
   2.8050000e+03
   3.1130000e+03
   2.8970000e+03
   2.9370000e+03
   3.2830000e+03
   3.2910000e+03
   2.9490000e+03
   3.3110000e+03
   3.2450000e+03
   3.0090000e+03
   3.2350000e+03
   2.8070000e+03
   2.9090000e+03
   2.8590000e+03
   3.0890000e+03
   2.7970000e+03
   3.0830000e+03
   2.7850000e+03
   2.8530000e+03
   2.9590000e+03
   2.8210000e+03
   2.8270000e+03
   3.1270000e+03
   3.2610000e+03
   3.1550000e+03
   3.1210000e+03
   3.1070000e+03
   2.9110000e+03
   3.2470000e+03
   2.9870000e+03
   2.9810000e+03
   2.8610000e+03
   3.1910000e+03
   3.0970000e+03
   3.2850000e+03
   2.9950000e+03
   3.0070000e+03
   2.8670000e+03
   3.2990000e+03
   3.3050000e+03
   2.7670000e+03
   3.0110000e+03
   2.7790000e+03
   3.0850000e+03
   3.0810000e+03
   3.0750000e+03
   3.2170000e+03
   3.1650000e+03
   3.2190000e+03
   3.1010000e+03
   3.0950000e+03
   2.8230000e+03
   2.9230000e+03
   3.1690000e+03
   3.1350000e+03
   2.8290000e+03
   2.8370000e+03
   3.0350000e+03
   3.1890000e+03
   2.8410000e+03
   3.1230000e+03
   3.1430000e+03
   3.1610000e+03
   3.1370000e+03
   3.1850000e+03
   2.9250000e+03
   3.0190000e+03
   3.2030000e+03
   2.8870000e+03
   3.2330000e+03
   2.8810000e+03
   2.9510000e+03
   3.1670000e+03
   3.1330000e+03
   3.2590000e+03
   2.9530000e+03
   3.2010000e+03
   2.9150000e+03
   3.1970000e+03
   3.2810000e+03
   2.9970000e+03
   2.9990000e+03
   3.2870000e+03
   3.2290000e+03
   3.2310000e+03
   3.0550000e+03
   3.0430000e+03
   3.2750000e+03
   3.1790000e+03
   3.3130000e+03
   3.3090000e+03
   3.2270000e+03
   3.2670000e+03
   3.0930000e+03
   3.0590000e+03
   3.0730000e+03
   3.0690000e+03
   2.7820000e+03
   2.7840000e+03
   2.7880000e+03
   2.7900000e+03
   3.2430000e+03
   2.7960000e+03
   3.2090000e+03
   3.0910000e+03
   2.8020000e+03
   2.8040000e+03
   3.0870000e+03
   3.0790000e+03
   3.0990000e+03
   2.8120000e+03
   2.8140000e+03
   3.1470000e+03
   3.1090000e+03
   3.1110000e+03
   2.8220000e+03
   2.8240000e+03
   2.8260000e+03
   3.1250000e+03
   2.8340000e+03
   2.8360000e+03
   3.1170000e+03
   2.8400000e+03
   3.1150000e+03
   2.8440000e+03
   2.8460000e+03
   2.8520000e+03
   3.1450000e+03
   2.8560000e+03
   2.8580000e+03
   2.8600000e+03
   3.1490000e+03
   3.2390000e+03
   2.8660000e+03
   2.8680000e+03
   2.8700000e+03
   3.2490000e+03
   2.8740000e+03
   3.1510000e+03
   2.8780000e+03
   3.1310000e+03
   3.2050000e+03
   3.1770000e+03
   2.8880000e+03
   2.8920000e+03
   2.8960000e+03
   2.8980000e+03
   2.9000000e+03
   2.9020000e+03
   2.9060000e+03
   2.9080000e+03
   3.1750000e+03
   2.9120000e+03
   3.1710000e+03
   3.2210000e+03
   3.2530000e+03
   2.9220000e+03
   2.9240000e+03
   2.9260000e+03
   2.9300000e+03
   2.9340000e+03
   3.1810000e+03
   2.9380000e+03
   3.2070000e+03
   2.9440000e+03
   2.9460000e+03
   2.9480000e+03
   2.9500000e+03
   2.9520000e+03
   3.2150000e+03
   3.2970000e+03
   2.9580000e+03
   3.2370000e+03
   2.9640000e+03
   2.9660000e+03
   3.2570000e+03
   3.2230000e+03
   2.9800000e+03
   2.9840000e+03
   2.9860000e+03
   2.9880000e+03
   2.9900000e+03
   2.9940000e+03
   2.9960000e+03
   3.2630000e+03
   3.2710000e+03
   3.0020000e+03
   3.0040000e+03
   3.0060000e+03
   3.0080000e+03
   3.2890000e+03
   3.2690000e+03
   3.2730000e+03
   3.0160000e+03
   3.0180000e+03
   3.0200000e+03
   3.0300000e+03
   3.0320000e+03
   3.0340000e+03
   3.2930000e+03
   3.3070000e+03
   3.0440000e+03
   3.3030000e+03
   3.0480000e+03
   3.0500000e+03
   3.0520000e+03
   3.0540000e+03
   3.0620000e+03
   3.0660000e+03
   3.0680000e+03
   3.0700000e+03
   3.0720000e+03
   3.0740000e+03
   3.0780000e+03
   3.0820000e+03
   3.0840000e+03
   3.0860000e+03
   3.0880000e+03
   3.0900000e+03
   3.0920000e+03
   3.0940000e+03
   3.0960000e+03
   3.0980000e+03
   3.1000000e+03
   3.1020000e+03
   3.1040000e+03
   3.1060000e+03
   3.1080000e+03
   3.1100000e+03
   3.1180000e+03
   3.1200000e+03
   3.1220000e+03
   3.1240000e+03
   3.1260000e+03
   3.1280000e+03
   3.1300000e+03
   3.1320000e+03
   3.1340000e+03
   3.1360000e+03
   3.1380000e+03
   3.1400000e+03
   3.1420000e+03
   3.1440000e+03
   3.1460000e+03
   3.1480000e+03
   3.1500000e+03
   3.1540000e+03
   3.1560000e+03
   3.1580000e+03
   3.1600000e+03
   3.1640000e+03
   3.1660000e+03
   3.1680000e+03
   3.1700000e+03
   3.1740000e+03
   3.1760000e+03
   3.1780000e+03
   3.1800000e+03
   3.1820000e+03
   3.1840000e+03
   3.1860000e+03
   3.1900000e+03
   3.1920000e+03
   3.1960000e+03
   3.1980000e+03
   3.2000000e+03
   3.2020000e+03
   3.2040000e+03
   3.2060000e+03
   3.2080000e+03
   3.2100000e+03
   3.2120000e+03
   3.2160000e+03
   3.2180000e+03
   3.2200000e+03
   3.2220000e+03
   3.2240000e+03
   3.2260000e+03
   3.2280000e+03
   3.2300000e+03
   3.2320000e+03
   3.2340000e+03
   3.2360000e+03
   3.2380000e+03
   3.2400000e+03
   3.2420000e+03
   3.2440000e+03
   3.2460000e+03
   3.2480000e+03
   3.2500000e+03
   3.2520000e+03
   3.2560000e+03
   3.2580000e+03
   3.2620000e+03
   3.2640000e+03
   3.2660000e+03
   3.2740000e+03
   3.2780000e+03
   3.2800000e+03
   3.2820000e+03
   3.2840000e+03
   3.2860000e+03
   3.2880000e+03
   3.2900000e+03
   3.2920000e+03
   3.2940000e+03
   3.2960000e+03
   3.3000000e+03
   3.3040000e+03
   3.3060000e+03
   3.3080000e+03
   3.3100000e+03
   3.3120000e+03
