  -6.7194234e+01   2.2548109e+01
   2.8001811e+01  -4.4044108e+01
  -9.1444056e+01   3.2343317e+01
   3.3590428e+01  -7.0006208e+01
  -7.2564890e+01   3.8979709e+01
  -8.1155680e+01   6.0317039e+01
   5.0120420e+01  -4.5206325e+01
   4.6169557e+01  -5.4392765e+01
  -9.0317623e+01   4.2304404e+01
  -7.8578367e+01   1.6562109e+01
  -8.2071809e+01   3.5830552e+01
  -8.0935802e+01   4.5765800e+01
  -9.1595249e+01   1.7573610e+01
   3.8775013e+01  -6.1455180e+01
   2.5933296e+01  -6.3574386e+01
   3.5050785e+01  -5.2174548e+01
   5.0973714e+01  -6.3163174e+01
  -9.0944085e+01   6.2363288e+01
  -6.6390395e+01   4.6845814e+01
  -7.5130715e+01   2.8631871e+01
  -6.4821918e+01   3.2651488e+01
  -7.4169763e+01   5.3129237e+01
  -8.8340354e+01   5.2486852e+01
  -9.9620103e+01   3.8101113e+01
  -8.4392360e+01   2.4698293e+01
   3.8517281e+01  -7.8708283e+01
   1.7733609e+01  -4.4939080e+01
   4.0208184e+01  -4.3607095e+01
   2.5087995e+01  -5.3610177e+01
   4.5442149e+01  -7.1493947e+01
  -9.7722182e+01   4.9025450e+01
  -9.8261568e+01   2.5027481e+01
