   3.0687758e+01  -7.8966380e+00
  -1.9485140e+01  -1.9750840e+01
   6.9424606e+00   2.5700212e+01
   2.4385683e+00  -2.5265293e+01
   3.1304203e+01   5.2536291e+01
  -1.2987438e+01   3.6037307e+01
   4.8771190e+01  -3.1882241e+01
  -1.3635641e+01  -3.8840550e+01
  -8.4001492e+00  -6.0014970e+01
  -2.3497324e+01  -3.6230737e+01
  -2.8265115e+01   6.9973995e+00
  -4.2806938e+01  -8.8675865e+00
  -1.9865076e+01  -1.8347414e-01
   1.0016616e+01   3.5208689e+01
   3.9518895e+01   8.6117983e+00
  -2.2499508e+01   3.9122348e+01
   5.3439548e+00  -4.4716912e+01
  -3.6921204e+01  -1.6943191e+01
  -5.7898984e+01  -3.0226061e+01
   4.8162549e+01   3.6687139e+01
  -2.9129784e+01  -3.9023402e+00
  -6.8545003e+00   5.1529867e+01
   5.8862730e+01  -1.3725356e+01
   2.1923630e+01   4.9073515e+01
   3.7393174e+01   3.5789276e+01
   2.6163013e+01  -4.3227007e+01
   2.5770117e+01  -1.6602466e+01
   6.1033022e+00  -1.5962050e+01
  -1.6358527e+01  -2.9231819e+01
  -1.1013042e+01  -5.0368802e+01
  -5.0500085e+01  -2.4814812e+00
  -4.9255938e+01   1.6085805e+01
  -2.9219286e+01   2.0313837e+01
   1.8987661e+01  -5.7021178e+01
   1.6827416e+01  -4.6810598e+01
   6.7340973e+01   9.8560387e+00
   3.4965439e+01   2.2606909e+01
  -4.6292379e+01  -2.0420073e+01
   3.0806296e+01   1.3513972e+01
   2.5011527e+01   2.1662554e+01
   3.8201462e+01  -1.3003717e+00
  -2.2628320e+01   5.2359413e+01
   4.3824999e+00  -6.1118379e+00
   6.5531777e+01   2.1165190e-02
   1.5496154e+01   6.3085514e+01
  -3.9052411e+01   4.1035536e+01
   5.8695177e+00   1.2956131e+01
   2.8556467e+01  -3.3518412e+01
   2.8145887e+01  -6.2560499e+01
   1.5878802e+01  -1.8065483e+01
  -2.9915870e+01  -6.4269336e+01
   2.1952962e+01  -2.6009316e+01
  -4.4673336e+00  -4.2812479e+01
   3.2243183e+01  -2.4223518e+01
  -4.9525850e+01   2.6077577e+01
  -5.9294710e+01   2.3801722e+01
  -6.1144877e+01  -7.9150497e+00
  -4.5694993e+01   6.7511852e+00
  -5.2180012e+01  -1.2339972e+01
  -1.6863915e+01  -1.0104915e+01
   2.0880942e+00  -3.5262199e+01
  -1.2055298e+00  -5.2267717e+01
  -2.8914608e+01  -2.3639452e+01
  -2.7458881e+01  -1.3746170e+01
   1.2348532e+01  -6.4795365e+01
   4.7443488e+01   2.5156204e+00
  -5.8313795e+01  -2.0235583e+01
   5.1595865e+01   2.2019772e+01
  -3.3461854e+01  -3.5415708e+01
  -3.0013902e+01  -4.4795997e+01
   1.2329339e-01   3.3013638e+01
   2.0947228e+01   1.1856653e+01
   2.0688281e+01  -7.9401808e+00
  -1.2264426e+01   5.9939841e+01
   1.8734498e+01   2.9499733e+01
   5.7044333e+01   5.3074517e+00
  -4.7799481e+00   4.1747830e+01
   2.9218045e+00   5.3632882e+01
   5.4135056e+01  -4.9141057e+00
   8.5364720e+00   3.3186377e+00
  -2.8889007e+01   3.1429761e+01
  -3.8880864e+01   3.1037079e+01
   4.9948617e+00   4.3852033e+01
   3.8613952e+01   4.5713272e+01
  -1.5063594e+01   4.5819280e+01
   3.8556005e+01  -3.3604010e+01
   4.2242132e+01  -2.4308179e+01
   3.6246706e+01  -4.3416816e+01
   2.9501130e+01  -5.2652960e+01
   9.5214137e+00  -5.3800219e+01
   1.2537576e+01  -3.7777694e+01
   1.2113498e+01  -2.7788781e+01
  -1.8146404e+01  -5.7510442e+01
  -4.0636756e+01   2.1192564e+01
  -6.1698660e+01   1.4095539e+01
  -6.7281108e+01  -1.5810750e+01
  -5.5669888e+01   6.1192888e+00
  -3.6991708e+01   1.1880623e+01
  -3.8294955e+01   4.9770114e-02
  -6.3885077e+00  -2.9960890e+01
  -3.6795028e+00  -6.8827242e+01
  -2.0169839e+01  -4.6398385e+01
  -5.3184643e+00  -1.1392049e+01
  -9.5159604e+00  -2.0464950e+01
   2.9620137e+00  -6.1352438e+01
   5.8852791e+01   1.5141717e+01
   2.8623129e+01   3.0986506e+01
   4.3476336e+01   2.7853870e+01
   1.5152974e+01   2.0002077e+01
  -2.7688834e+01  -5.4520934e+01
   3.7443777e+01  -1.5512884e+01
   2.9466214e+01   3.5946712e+00
   5.6335114e+01   3.0825121e+01
   4.4851004e+01  -8.7889499e+00
  -4.7901699e+01  -3.0285840e+01
   4.8760162e+01   1.2430635e+01
  -8.0946607e+00   2.7315968e+01
  -3.7766686e+00   6.5227300e+01
  -2.1972536e+01   6.2337849e+01
  -1.2481775e+00   1.9978574e+01
   7.2221447e+01  -7.4110766e+00
  -1.3808676e+00   2.0605607e+00
   2.5129099e+01   6.0401530e+01
   4.9632257e+01  -1.7571803e+01
  -1.9377065e+01   2.8346529e+01
  -3.8530977e+01  -2.6804404e+01
  -3.0437477e+01   4.6113129e+01
   1.9046600e+01   3.9497759e+01
   1.2919598e+01   5.3423188e+01
   1.9416066e+01   1.9772048e+00
   2.8873185e+01   4.1631370e+01
   4.5419221e+01   5.3039803e+01
  -1.0187802e+01  -2.6625491e+00
