  -9.5829599e+01   2.2572095e+01
  -4.6056403e+01   8.1515360e+01
   4.3486595e+01   8.4830733e+01
  -6.7201994e+00   8.0313761e+01
  -1.1692244e+01   6.1232840e+01
  -2.4742657e+01  -4.3565124e+00
   3.4494762e+01   4.3983961e-01
  -3.1584484e+01  -6.0099296e+01
   1.0227286e+01  -6.3773069e+01
   1.4181285e+01   2.6684705e+01
  -1.8341064e+01   3.8326351e+01
  -6.8863730e+01   1.2737325e+01
  -7.5190383e+01   4.5239423e+01
   8.4592454e+01  -4.7970703e+01
   8.3266229e+01  -6.5435359e+01
   4.9329449e+01   1.5186024e+01
   2.0691214e+01  -1.1707954e+01
  -8.8011797e+00  -7.8439621e+01
  -5.1416942e+01  -5.9324394e+01
  -2.4311248e+01   4.6251877e+01
  -8.0445597e+01   3.6621708e+01
  -9.5429180e+01   1.1714706e+01
   2.7876677e+01  -1.9594164e+01
   5.3063246e+01  -4.2362868e+01
  -3.1970311e-01  -1.3811698e+01
   1.6419100e+01  -3.5273717e+01
  -9.8074472e+01   5.5010730e+01
  -2.6296416e+01   4.7529604e+00
   2.7944462e+01  -8.4670146e+01
  -5.0033872e+01   1.6804020e+01
  -6.3602079e+01  -7.7119686e+00
  -8.5413920e+01  -9.4725153e+01
   7.9895785e+01   2.0839255e+01
   3.5425283e+01   5.8220285e+01
   9.8946060e+01  -1.0195173e+01
  -3.4313468e+01   2.7681409e+01
   2.7963522e+01   4.0064298e+01
   5.1535579e+01  -3.2578342e+01
  -5.6180061e+00   5.3308471e+01
  -5.4333328e+01  -3.2366965e+01
  -3.7334022e+01  -2.1933678e+01
   2.2752554e+01   9.1918375e+01
  -5.2442121e+01   4.3895163e+01
  -7.8452672e+01  -4.9467739e+01
   5.7222558e+01  -9.8734692e+01
   3.2162062e+01   1.9147095e+01
  -4.2992629e+00  -3.1723212e+01
  -4.1519361e+01  -6.0031080e+01
  -8.1767841e+01   9.7546405e+01
  -1.1388557e+01  -8.8030620e+01
  -5.8632314e+01  -9.6442969e+01
   9.9985164e-01  -8.0059619e+01
  -2.3266591e+00  -9.2601305e+01
   9.3059239e+01   8.7588553e+00
   8.9351215e+01   3.9363785e+01
   8.6992051e+01  -1.0023263e+00
   1.0064622e+00   3.4070904e+01
  -6.3176250e+01  -6.2124935e+01
  -6.4114261e+01   9.3097623e+01
   9.6510720e+01  -9.8655577e+01
  -7.0583255e+01  -1.4573987e+01
  -5.2049051e+01   3.4148221e+01
  -7.5536280e+01   2.7860060e+01
  -8.6393252e+00   3.6034797e+01
  -4.5949576e+01  -1.7346654e+01
  -4.0383570e+01   3.5542771e+01
  -1.9775300e+01  -2.2321639e+01
  -5.4978415e+01  -1.2575624e+01
   3.6766574e+01  -4.4617884e+01
   7.4246572e+01   4.9980934e+01
  -7.7841240e+01  -3.1330359e+01
   4.6179310e+01   3.4377221e+01
   2.6356653e+01   6.9616479e+01
  -7.0567423e+01   3.6453359e+01
   7.1055716e+01  -2.1803470e+01
  -5.6669072e+01   5.2680627e+01
  -3.1067423e-01   6.1638744e+01
   7.7148972e+01   3.9511649e+00
  -3.0970314e+01   6.5139716e+01
  -9.0599053e+01  -5.7569691e+01
   2.6377897e+00  -4.3305629e+00
   6.7031172e+01  -5.8973522e+01
   1.8706339e+01   9.9815692e+00
   1.1447530e+01  -8.4231153e+00
   4.0424469e+01  -8.5276733e+01
  -8.4369573e-02  -6.0585127e+01
  -5.5404738e+01  -2.4429117e+00
  -2.3091783e+01  -6.5151033e+01
   2.0371795e+01  -5.6539717e+01
  -6.6963611e+01   2.2817429e+01
  -5.8865399e+01  -8.5040609e+01
  -4.8852833e+01  -8.6626467e+01
   9.0074100e+01   1.9009703e+01
   5.8284748e+01   1.9634035e+01
   5.8731038e+01  -7.9761416e+00
   6.8082836e+01   2.1690122e+01
   4.1416122e+01   4.3163592e+01
   1.7456906e+01   5.3663697e+01
  -2.9587822e+01   1.7196379e+01
  -3.6840812e+01  -9.2244950e-01
  -3.6399706e+01   8.4090217e+01
  -1.7380422e+01   7.4488407e+01
  -1.7594624e+01   5.3395138e+01
  -4.3060242e+01   9.1556545e+01
   4.0091770e+01  -7.8776079e+00
   4.1181308e+01  -3.5294576e+01
   3.5035371e+01   9.0190378e+01
  -1.3374659e+01  -4.1782318e+01
  -2.3130524e+01  -3.4686449e+01
  -9.8284675e+00  -2.2827728e+01
  -6.7539953e+01   8.3488823e+01
   4.4664167e+01   6.2815926e+01
   5.3664280e+01   5.1167310e+01
  -7.9959619e+01  -1.1593423e+01
  -2.4578699e+01   2.5522471e+01
  -8.0978377e+01   8.4210265e+01
   7.1419697e+01  -3.6357880e+01
  -8.0754617e+01  -5.9266760e+01
  -9.9360652e+01   9.7963045e+01
   4.7719006e+01   5.3384951e+00
   1.1124189e+01   7.3017187e+01
  -8.7774110e+01  -3.0714172e+01
  -3.5352397e+01   7.4110234e+01
  -7.7538288e+01  -7.4904757e+01
   1.6516092e+01   9.9716788e+01
   9.8403970e+01  -2.0165409e+01
   1.1271316e+01   1.7356309e+01
  -9.1815787e+01   7.9094735e-01
   2.1880160e+01   1.9421933e+01
   7.3313264e+00  -8.7758447e+01
   1.0389536e+01  -2.7299258e+01
   6.7382649e+01  -9.5038719e+01
   2.9508884e+01  -6.6677347e+01
  -7.7143491e+01   1.8059911e+01
   3.9355819e+01  -6.6919947e+01
   5.1701008e+01  -7.0074567e+01
  -7.2318781e+01  -3.1145477e+00
   9.9070643e+01  -3.0131639e+01
   6.6279963e+01  -4.4965043e+01
   5.7617630e+00  -4.4945147e+01
  -1.0042399e+01  -6.0665643e+01
  -6.9915215e+01  -8.1354758e+01
  -2.9783320e+01  -9.3541567e+01
  -6.6943514e+01  -9.0892127e+01
  -2.0399548e+01  -8.2273345e+01
   8.3486620e+01   1.1546390e+01
   6.7381836e+01   1.9473285e+00
   9.3074354e+01   4.8710585e+01
  -1.1621741e+01   4.5489613e+01
  -1.9490403e+00   4.3417653e+01
   6.3103874e+01   4.4129289e+01
   2.7836436e+01   8.3340410e+01
   2.5530312e+01   5.9504282e+01
   6.3660431e+01   1.1219163e+01
   7.3459424e+01   1.3192666e+01
  -2.7549956e+01   3.4878923e+01
  -3.3424571e+01   4.2695250e+01
   2.8428777e+01   2.8399640e+01
  -5.8208552e+01  -5.2086335e+01
  -4.2775069e+01   4.5155947e+01
  -1.9348050e+01   9.4529165e+01
  -5.9415611e+01  -4.0881243e+01
  -3.9241646e+01   1.9183106e+01
  -2.6481646e+01   7.8412944e+01
   8.6512444e+01  -9.8841151e+01
   3.8350189e+01  -1.7720216e+01
   6.6344930e+01   6.4746189e+01
  -8.5159425e+01   4.5415414e+01
  -9.0377856e+01   3.6723170e+01
  -8.5495541e+01   2.8025705e+01
  -6.6521450e+01   5.0139816e+01
  -7.7744326e+01  -2.1409178e+01
  -6.4101747e+01  -2.1989124e+01
   4.1482174e+00   5.1143804e+01
  -6.2074764e+01   3.1507294e+01
  -8.3542980e+00   7.0489771e+01
   1.7418236e+01   6.5305956e+01
  -4.6424023e+01  -7.6915661e+00
  -3.7299826e+01  -1.1399423e+01
   3.6240760e+01   3.4615158e+01
  -2.0986170e+01   6.5170518e+01
  -1.5383265e+01   2.8907319e+01
  -6.5099984e+01  -7.2594342e+01
  -8.7673568e+01  -2.0612334e+01
   3.6231533e+01   7.7995256e+01
  -6.1964841e+01   4.1377172e+01
  -4.6805806e+01   5.4072863e+01
  -5.5071484e+01   2.4836034e+01
   2.4321293e+01  -2.9134103e+01
  -5.4122724e+01   7.5302571e+01
  -3.0902952e+01  -4.0375240e+01
   6.2142485e+01  -1.7301097e+01
   6.9396015e+01  -1.0456678e+01
   4.4342907e+01  -2.5704577e+01
   6.2844639e+01  -2.7180144e+01
   3.6165680e+01   6.8066147e+01
  -9.0646099e+01   8.1687719e+01
  -4.5634669e+01  -2.7466789e+01
   5.4406229e+01   7.0038091e+01
   2.3415457e+01  -4.2404835e+01
   3.1249660e+01  -3.6324848e+01
  -7.2742580e+01  -6.6160393e+01
  -8.4236096e+01   7.3490159e+01
  -8.8294802e+01  -4.7852560e+01
   3.9975594e+01   2.5369675e+01
  -4.8305326e-01   8.9550475e+01
  -3.4253236e+01   5.3211659e+01
   8.5440115e+01  -2.1979724e+01
  -9.8365336e+01  -4.7784506e+01
  -1.3959556e+01  -3.1829002e+01
   8.3420050e+00   8.0298833e+00
  -1.8907207e+01  -5.6112165e+01
   1.3531313e+01   8.4903282e+01
   4.9961970e+01   2.5148212e+01
   4.9412972e+01  -4.4844181e+00
  -5.0172887e+01   6.3303187e+01
   8.9422097e+01  -1.3011915e+01
  -4.5308641e+01   2.6915526e+01
   4.6284688e+00   2.5122814e+01
   2.8685612e+01   9.7868115e+00
   8.9629644e+01  -3.9913509e+01
   6.5052351e+01  -8.1022903e+01
  -2.8922686e+01  -1.6632812e+01
   5.7304859e+01   6.0475078e+01
   8.3329771e+00  -7.3402386e+01
  -2.8426121e+01   9.8718024e+01
  -1.0149458e+01  -1.2893045e+01
   7.0825752e+01  -6.8169381e+01
  -8.9472839e+01  -8.4543418e+01
   2.4226894e+01  -2.3328698e+00
  -9.0035432e+01   6.4756650e+01
   7.6528827e+00  -5.4417376e+01
  -2.7646891e+01  -7.4006388e+01
   1.4709831e+01  -8.1028501e+01
   4.7357456e+01  -6.1150277e+01
   5.7317053e+01  -6.1851228e+01
  -3.9092386e+01  -8.8405626e+01
  -5.4721651e+01   7.5016487e+00
  -4.6611452e+01   1.7434422e+00
  -6.4076344e+01   3.9867653e+00
  -5.9723736e+01   1.6064623e+01
  -1.9801258e+01  -9.3388764e+01
  -4.3437049e+01   1.0426520e+01
  -3.1051837e+01  -5.0297186e+01
   3.9008945e+01  -9.5141053e+01
  -1.4778183e+01  -7.0514996e+01
  -9.5168781e+01   4.5459908e+01
  -4.8893722e+00  -6.9275468e+01
   9.4747868e+01  -7.7257069e+01
  -1.4965032e+01  -4.1432848e+00
   9.9529805e+01  -5.9965307e+01
  -8.6999441e+01   1.8204734e+01
  -8.9826776e+01  -1.0851382e+01
  -7.5420567e+01  -9.6190367e+01
  -4.8633612e+01  -9.6482402e+01
  -5.2591255e+01  -7.7625212e+01
  -3.0380349e+01  -8.3577202e+01
  -7.9404681e+01  -8.6732091e+01
  -3.6102674e+01  -6.8793484e+01
   9.9848434e+01   4.1354685e+01
   9.8361206e+01   3.1466428e+01
   9.9903208e+01   2.0766758e+01
   8.8699388e+01   2.8900328e+01
   6.1169810e+01   2.9200947e+01
   5.5633071e+01   3.7516880e+01
   1.8334175e+01   4.3796913e+01
   3.2125564e+01   4.8939456e+01
  -5.5504315e+01  -6.8337778e+01
  -7.1226364e+01  -5.6319544e+01
  -6.6942824e+01  -4.7362808e+01
  -1.0413048e+01   9.0051513e+01
   6.8394529e+00  -9.7729974e+01
   6.4954292e+01   5.3945379e+01
   7.5115139e+01   5.9942883e+01
   3.4501739e+01  -2.6953369e+01
  -2.7563757e+01   8.8758620e+01
  -4.0318658e+01   6.1650572e+01
  -9.0364160e+00   9.9933651e+01
  -5.4277074e+01  -2.2484606e+01
   9.1185097e+01  -8.9994679e+01
  -1.8572348e+01   8.4401554e+01
  -9.3148320e+01  -3.9129164e+01
  -7.6058940e+01   6.0315117e+00
  -8.2197912e+01  -1.8711821e+00
  -6.7860321e+01  -3.1185052e+01
  -7.6308996e+01   5.5152104e+01
  -8.5612208e+01   8.4538872e+00
   4.8624420e+01  -1.4442673e+01
   5.9751347e+01  -5.2241285e+01
   5.3889070e+01  -2.2900186e+01
   4.3865695e+01   9.4818912e+01
   4.9901764e+01  -5.1652494e+01
   7.8077917e+01  -2.8898427e+01
  -9.9643749e+01  -1.6220021e+01
   6.1181901e+01  -3.6758890e+01
  -4.4129756e-01   1.7104934e+01
  -7.3949581e+01   9.1313613e+01
   2.0262696e+01   3.4110417e+01
   1.8135653e+01  -2.1292946e+01
   3.8670279e+01   9.5675826e+00
   1.4902615e+01   8.0857447e-01
   3.0449007e+01  -1.0026798e+01
  -3.6878318e+01  -3.2257105e+01
  -1.4047390e+00   7.6012774e+00
   5.2108480e+01   7.9772778e+01
  -5.7614638e+01   8.4638675e+01
   7.8262895e+01  -5.7746094e+00
   7.8466976e+01  -1.5426047e+01
   9.4002920e+00   5.9514174e+01
   4.4848248e+01   7.2921002e+01
  -5.4155258e+01   9.4006312e+01
  -9.9262966e+01   8.6755790e+01
   5.7111190e+01   1.8742671e+00
  -7.4658690e+01   7.6470386e+01
   9.6954448e+01  -4.2579910e-01
  -9.3850733e+01  -6.7014536e+01
  -4.4886307e+01   7.1618061e+01
   2.0009228e+01   7.7297083e+01
   1.4305917e+00   7.1389224e+01
   4.4067487e+00   8.0870003e+01
   4.0268401e+01  -5.3958516e+01
  -3.5162908e+00  -4.1601432e+01
   7.7379016e+01  -9.4769239e+01
  -8.9853087e+01   9.1662171e+01
   9.5758158e+00   3.9060509e+01
   1.9660735e+01  -6.6573016e+01
   3.0716270e+01  -5.6760042e+01
   4.3824741e+01   5.2854519e+01
   1.1638397e+00  -2.3575278e+01
   4.8062932e+00  -3.5298520e+01
  -5.8744062e+00   2.5975592e+01
   7.6902342e+01  -5.8008015e+01
   6.1508452e+01  -7.1705188e+01
   5.3174364e+01  -7.9938758e+01
  -7.4093032e+01  -4.0499171e+01
   4.3638012e+01  -7.5881278e+01
  -8.7519993e+01  -7.4741416e+01
   8.6206676e+00   9.3607636e+01
   4.9059053e+01  -9.0308170e+01
   1.6500663e+01  -9.4729450e+01
  -9.7030519e+01   7.3995964e+01
  -4.6162987e+00  -5.1516959e+01
   5.8945267e+01  -8.8898557e+01
  -1.0868456e+01  -9.7991830e+01
   2.3257349e+01  -7.5864889e+01
  -7.9994913e+01   6.4437948e+01
  -3.8524778e+01  -9.8377138e+01
   2.9026385e+01  -9.4598805e+01
   1.5225414e+01  -4.7983541e+01
  -2.1934373e+01  -4.6623608e+01
  -2.8692498e+01  -2.6572937e+01
   9.6976517e+01  -4.6418093e+01
  -8.8057522e+01   5.4964878e+01
  -9.6329993e+01  -2.5610142e+01
  -1.9943540e+01  -1.2603074e+01
  -6.2431374e+00  -5.4963854e-01
   9.2943181e+01  -6.7458173e+01
  -3.4474114e+01   8.7861075e+00
   9.1093158e+01  -5.5031274e+01
  -9.9117381e+01   3.1941300e+01
   7.5141586e+01  -4.8368129e+01
  -9.8703214e+01  -6.3205723e+00
   8.9211658e+01  -3.0547761e+01
  -4.3995612e+01  -7.4101581e+01
