   4.0498723e+01   1.3418298e+01
   3.2605462e+01  -1.2334332e+01
  -2.0676033e+01  -1.9948243e+01
   3.4667299e+00   2.0653357e+01
   6.2862281e+00  -3.5044285e+01
   9.7683002e+00   1.1265828e+01
   5.4136196e+00  -2.5098205e+01
   2.5249118e+01  -5.5611718e+00
   6.0278490e+00   2.0232267e+00
   2.9252048e+01   4.5691633e+01
  -3.8596977e+01   1.1945556e+01
  -1.4523827e+01   2.9313645e+01
   4.2260557e+01  -2.7399112e+01
  -3.3170306e+00  -2.0244846e+01
  -1.5874474e+01  -4.1308752e+01
  -6.0458586e+00  -5.9594719e+01
  -2.5571100e+01  -3.8721745e+01
  -2.9085529e+01   8.8634898e+00
  -4.1838715e+01  -6.2641873e+00
  -1.4384356e+01  -9.8474118e-01
   4.7352000e+00   3.3929900e+01
   3.5687045e+01   4.6545093e+00
  -2.1995617e+01   3.5958617e+01
   2.3846555e+01  -3.5177504e+01
  -4.6102310e+01   4.9342715e+00
   6.9065026e+00  -4.5013198e+01
  -3.6547699e+01  -1.4742262e+01
  -4.8522242e+01  -3.0430951e+01
   4.6821192e+01   2.8123660e+01
  -2.5161328e+01  -3.2803262e-01
   1.6020686e+01   1.9272953e+00
  -5.9005536e+00   5.0180827e+01
   5.1765476e+01  -1.4371810e+01
   2.8156295e+01   2.3196312e+01
   1.4297967e+01   3.6853175e+01
   3.4776076e+01   3.2547643e+01
   2.7740729e+01  -4.4386308e+01
   2.2804659e+01  -1.5251322e+01
   4.2210252e+01  -1.7320856e+01
   1.5115098e+01  -3.0303518e+01
   5.6907203e+00  -1.5112335e+01
  -1.1946432e+01  -2.5286965e+01
  -1.1184241e+01  -5.0140019e+01
  -5.1451277e+01  -3.5145400e+00
  -4.8629862e+01   1.4608743e+01
  -3.0690195e+01   1.8724740e+01
   1.2972580e+01  -5.2956702e+01
   1.6387424e+01  -4.1836111e+01
  -2.0790903e+01  -2.9944178e+01
   5.7460375e+01   1.2815425e+01
  -7.9084195e+00  -1.1376796e+01
   3.8154253e+01   2.3137282e+01
  -4.3709771e+01  -2.1687149e+01
   3.0109835e+01   1.3392010e+01
   1.3461413e+01   2.0531428e+01
   3.9109981e+01  -4.7398693e+00
  -1.7707345e+01   5.0963630e+01
   7.5215582e-01  -6.4330881e+00
   6.5005506e+01  -1.0370655e-01
   1.6096053e+01   5.6558265e+01
  -3.2259356e+01   3.8031401e+01
  -2.3349179e-01   1.1364335e+01
   2.5554738e+01   3.6409546e+01
   1.1565344e+01  -7.0227747e+00
   1.9352316e+01   4.7103311e+01
   3.3420292e+01  -3.2289649e+01
   2.7632066e+01  -5.4384920e+01
   1.4206626e+01  -2.0346463e+01
  -2.3365677e+01  -5.4846367e+01
   2.3959737e+01  -2.5181028e+01
  -5.0483227e+00  -4.0594326e+01
   3.3532702e+01  -2.2290624e+01
  -4.1419755e+01   2.1537788e+01
  -5.7374193e+01   1.9459577e+01
  -5.8658720e+01  -1.0582301e+01
  -3.6494105e+01   2.1702106e+00
  -4.9014589e+01  -1.3213970e+01
  -1.7827906e+01  -1.0367036e+01
  -3.5104337e+00  -3.0713288e+01
  -1.2109330e+00  -5.0843760e+01
  -2.9950497e+01  -2.3685435e+01
  -2.7793153e+01  -9.9660307e+00
   7.4653472e+00  -6.1302521e+01
   4.5680908e+01   4.8664523e+00
  -5.3835636e+01  -2.1968419e+01
   4.9167139e+01   1.8402757e+01
  -3.3788898e+01  -3.2919076e+01
  -3.0223029e+01  -4.7570027e+01
  -5.3054531e+00   2.5446016e+01
   1.9699542e+01   1.2423750e+01
   2.5696154e+01   4.4235833e+00
  -1.0599682e+01   5.9007951e+01
   1.9612964e+01   2.8386054e+01
   5.5503852e+01   3.0088442e+00
  -5.2821875e+00   3.5445416e+01
   7.6645450e+00   5.1168564e+01
   4.9109448e+01  -4.7310605e+00
  -4.9127955e+00   2.2195182e+00
  -2.4012780e+01   2.6164721e+01
  -3.3941441e+01   2.8176266e+01
   1.4144333e+00   4.3362410e+01
   3.9126310e+01   4.7257461e+01
  -1.2348367e+01   4.2520971e+01
