  -8.6649150e+01   2.8423353e+01
  -5.0446120e+01   6.2942678e+01
  -1.8036348e+01  -3.8111033e+01
  -6.3001828e+01   2.7423843e+01
   6.7191761e+01  -2.5773365e+01
  -1.6187119e+01   6.4220374e+01
   9.9412253e+01  -4.2569461e+01
   3.3254172e+01   7.0727764e+01
   4.7048795e+01   4.2884639e+01
  -1.9928546e+01  -5.7901133e+01
  -2.6093640e+01  -7.9869878e+01
  -8.9484546e+00   7.0970417e+01
   4.3867806e+00   3.1766924e+01
  -2.7419982e+00   6.2463308e+01
  -2.5614188e+01  -6.7713086e-01
  -3.6440277e+01  -2.1816204e+01
   6.4104046e+00   5.8449930e+01
  -4.3559280e+01  -1.4800418e+01
   3.9746288e+01  -5.6947350e+01
   2.5334984e+01  -3.5724710e+01
   6.8280400e+01  -9.1965677e+01
   3.4939497e+01   2.6855897e+00
   6.0316201e+00   1.4900086e+00
  -3.0940216e+01  -5.0129679e+01
   9.4913481e+01  -8.1593306e+01
   6.3488765e+01   1.4068658e+00
   5.4786589e+00  -5.7260386e+01
  -4.3277702e+01  -5.0675166e+00
   8.8550348e+01   1.4840267e+01
   1.7300185e+01   2.9804816e+01
   6.4848372e+01   1.2261696e+01
  -1.8435916e+01   3.9455591e+01
  -6.7340931e+01  -7.0798267e+01
  -6.6295517e+01   7.9510887e+00
  -7.2213213e+01   5.0978844e+01
  -2.0055865e+01   8.4409617e+01
   9.6632387e+01  -9.8868515e+01
   4.3519026e+00   7.9245624e+01
  -7.5875838e+01   8.3301725e+01
   7.2606030e+01  -6.2518497e+01
   8.2105131e+01  -6.5207547e+01
   4.7448173e+01   1.7807533e+01
   1.1270765e+01  -1.1171754e+01
   2.9711744e+01  -5.3376996e+01
  -7.8055029e+00  -7.4208303e+01
   2.6156622e+01  -6.5125905e+01
   2.2674373e+00  -8.6172014e+01
   3.2751533e+01   3.0754808e+01
   6.4755521e+01  -1.4050056e+01
  -4.5657983e+01   4.7850358e+01
  -5.4403773e+01  -5.6493514e+01
  -3.9132459e+01   1.9124293e+01
   4.5626355e+01  -1.0272863e+01
  -3.4659062e+01   9.9703958e+01
  -7.2057448e+00   3.6719180e+01
  -2.6822510e+01   4.4999866e+01
  -1.5508681e+01  -1.1046297e+01
  -5.8738274e+01  -2.4959712e+01
  -8.0519641e+01   3.5450532e+01
  -8.6679770e+01   1.0986552e+01
  -9.3276664e+01   9.6317397e+01
   2.3757484e+01  -2.6088304e+01
   4.8904748e+01  -9.4000364e+01
  -7.8988105e+01  -2.8308362e+01
   5.5243278e+01  -3.0905514e+01
   4.9416299e+01  -6.0834782e+01
  -7.5482910e+00  -6.9092458e+00
   1.7388353e+01  -4.0800428e+01
  -4.6939656e+01   2.5033296e+01
  -8.4930179e+01   5.3285397e+01
  -2.9353415e+01   8.1100199e+00
  -3.2085623e+01  -7.2070255e+01
  -1.9583937e+01  -8.7448515e+01
   6.7192690e+01  -5.4224342e+01
   8.6516254e+01  -4.9766249e+01
   3.2312465e+01  -8.4795765e+01
  -4.8058797e+01   1.4764753e+01
  -5.2993617e+01  -4.9548530e+00
  -3.3828471e+01  -9.8111920e+01
  -7.2775829e+01  -7.9129063e+01
   9.7347762e+01  -5.2325518e+01
  -7.6762131e+00  -8.6128169e+01
  -1.1618793e+01  -6.3346849e+01
   8.2769349e+01  -1.8761406e+00
   7.8903567e+01   1.7894765e+01
   2.6955222e+01  -9.5545178e+01
   3.1177938e+01   5.4139679e+01
   9.0033028e+01  -8.6583683e+00
  -3.2523824e+01   2.6483531e+01
   2.9915504e+00   1.5106957e+01
  -3.3739380e+01   7.2092534e+01
   1.1913619e+01   3.8085761e+01
  -7.0917428e+01   4.1471239e+01
   8.2918175e+01  -1.5425350e+01
  -4.9636771e+01   8.4149412e+01
   4.2703202e+01  -3.1349554e+01
  -3.3864468e+01   6.1025661e+01
  -9.0122416e+00   4.6331699e+01
  -7.3752633e+01   2.2297023e+01
  -4.5796431e+01   9.3162607e+01
  -2.3320473e+01  -1.9597053e+01
  -5.2007999e+01  -3.1983655e+01
  -4.2551690e+01  -2.9658326e+01
  -8.1136081e+01  -1.4709209e+01
   2.3963423e+01   8.9506700e+01
   4.7181924e+00   6.9308061e+01
  -5.4690010e+01   4.3788881e+01
  -8.0134650e+01   4.4956259e+01
   1.1821101e+00   9.7316848e+01
  -5.9544699e+01  -4.4086630e+01
   6.4479722e+01  -7.7508123e+01
   4.9473533e+01   3.2797383e+01
   2.5906575e+01   2.5277017e+01
   2.1682832e+01  -9.8390825e+00
   4.8007528e+01  -2.0033256e+01
  -2.7092071e+01   9.1258562e+01
   3.9853143e+01   1.1340191e+01
  -8.3470809e+01  -6.2248614e+01
  -8.5337827e+01   7.9160783e+01
  -9.0434641e+01  -4.4632305e+01
   8.4196943e+01  -3.3294909e+01
   2.0191574e+01  -7.6995019e+01
   4.7754375e+01  -5.0932290e+01
   4.5929783e+01  -7.0201635e+01
   8.4222267e+00  -4.1457993e+01
  -5.3397486e+00  -3.4869321e+01
  -4.3563737e+00  -1.9876958e+01
   1.5523359e+01  -5.8188585e+01
  -5.3621566e+01  -7.4947416e+01
  -3.7028890e+01  -8.0794140e+01
  -3.7218725e+01  -5.7795521e+01
  -8.6459966e+01   8.9025292e+01
   7.5874379e+01  -4.5214521e+01
   7.8306464e+01  -5.4860631e+01
  -1.6537431e+01  -7.8033668e+01
  -5.8518059e+01  -8.9155217e+01
   1.6373835e+00  -7.3768683e+01
   5.5081030e+01  -8.6728995e+01
   1.5866065e+01  -9.4054588e+01
  -3.5749472e+00  -9.5386255e+01
   9.0148724e+01   4.9572676e+00
   8.9993570e+01   3.4560829e+01
   8.0704903e+01   8.1108233e+00
   1.7008049e+00   4.0548787e+01
  -1.8157706e+01   4.9753378e+01
   2.3529198e+01   6.0361283e+01
  -5.6384145e+00   2.5653845e+01
  -3.9933457e+01   3.1976179e+01
   3.6277069e+00   2.3238552e+01
  -6.1923776e+01  -6.2697320e+01
  -2.7842099e+01   3.5193496e+01
  -1.9448546e+01   7.4085892e+01
   2.8357759e+01   3.9547706e+01
   5.9473946e+01   2.1184310e+01
  -3.9782462e+01   9.2696132e+00
  -3.8922621e+01   8.0555862e+01
  -9.3048873e+00  -4.2605853e+01
  -5.5839232e+01   7.6612347e+01
   8.9741911e+01  -9.1621354e+01
  -6.4378478e+01  -1.7104029e+01
  -6.2133642e+01   3.7320462e+01
  -5.4076957e+01   3.1770178e+01
  -7.1608158e+01   3.1802551e+01
  -3.4575070e+01   5.1162376e+01
  -1.4249885e+01   3.0166229e+01
  -1.0479152e+01   5.6155076e+01
  -9.4557896e+01   3.5496994e+00
  -1.3586880e+01  -2.0362967e+01
  -9.6548537e+01  -2.4864027e+01
  -6.9249335e+01  -2.8908206e+01
  -3.4214625e+01  -1.2096534e+01
  -3.6017499e+01   4.1125014e+01
  -2.8315540e+01  -2.7743534e+01
  -4.9154688e+01  -2.2635621e+01
  -4.6758457e+01   3.8321018e+01
  -5.5820228e+01   2.0811618e+01
   1.5820033e+01   8.3715537e+01
  -8.3049119e+01   1.9753781e+01
  -5.4732602e+01  -1.4625849e+01
   1.5375390e+01   5.4015844e+01
   1.4425379e+01   6.4143337e+01
   3.6766366e+01  -4.7408926e+01
   2.8326554e+01  -1.7244646e+01
   4.4132964e+01  -4.1146105e+01
  -7.1669329e+01  -6.0621948e+01
   6.3816561e+01   4.6996409e+01
  -9.1962563e+01   4.7044574e+01
  -6.8871883e+01  -4.4433360e+01
   3.9874652e+01   3.6541565e+01
  -1.9307582e+01   9.7289231e+01
   1.5101691e+01  -3.1044300e+01
  -2.9095501e+00   8.6110863e+01
   2.3264041e+01   7.1071949e+01
   3.3439250e+01  -2.7851772e+01
  -6.2686591e+01   4.9289352e+01
   7.3445922e+01  -1.7973894e+01
   5.7899554e+01  -2.1297602e+01
   7.2430484e+01  -3.4404100e+01
   5.4137887e+01  -1.8293016e+00
  -8.3417401e+01   6.6010655e+01
  -8.7315001e+01  -3.7763033e+00
  -9.1365647e+01   7.1197922e+01
   7.5148515e+01  -8.3057762e+00
  -5.3802283e+01   5.3670577e+01
  -1.2432539e+00   5.2310526e+01
   7.3375528e+01   1.4327495e+00
  -7.4971747e+01  -3.7141286e+01
  -6.3533922e+01   9.7956063e+01
  -4.2734970e+01   5.6905031e+01
  -8.9476216e+01  -5.4494434e+01
   7.7998429e+01  -2.6227436e+01
   8.5201597e+00  -6.6601068e+01
   4.1677611e+01   2.6608613e+01
   2.9125883e+01   1.1234836e+01
   3.4442202e+01   1.9725624e+01
   9.4690908e+01  -3.2290179e+01
  -1.5796658e+01  -9.6399292e-01
  -2.4827380e+01  -1.0122319e+01
   6.7108887e+01  -6.9726118e+01
   5.8966264e+01  -6.3954814e+01
   5.7211971e+01  -5.4143002e+01
   5.5973297e+01  -7.3415994e+01
   1.6066921e+01   1.0321999e+01
  -9.6935948e+01  -6.1815731e+00
   2.0995629e+01  -4.9793598e+01
  -2.3925894e+01  -9.6422230e+01
  -1.2408408e+01  -5.1504662e+01
  -4.1791921e+00   9.2159733e-01
   1.5350803e+01  -2.1147778e+00
   2.1440824e+00  -7.6901039e+00
   2.2506188e+01  -8.6640319e+01
   2.9583350e+01  -7.3598429e+01
   3.8803625e+01  -7.7197983e+01
  -7.3399739e+01   9.8796372e+01
  -2.1281627e+01  -4.8076919e+01
  -6.1713403e+01  -6.5698832e-01
  -5.6344781e+01   9.1977950e+00
  -1.8937903e+00  -6.5157595e+01
  -4.1656409e+00  -5.6011386e+01
  -1.3543812e+01  -9.5363764e+01
  -8.3339702e+01   9.8477294e+01
  -4.8029393e+01   3.6895105e+00
  -9.0385869e+01   3.7455092e+01
  -2.8576936e+01  -6.2764622e+01
   9.6741941e+01  -7.1797735e+01
   9.9107820e+01  -6.2136921e+01
   8.9738121e+01  -5.8973759e+01
   1.1306389e+01  -4.9642650e+01
  -6.5147139e+01   1.7700917e+01
  -9.4443278e+01  -3.4608487e+01
  -3.0354832e+01  -8.8779605e+01
  -4.0215583e+01  -9.0299091e+01
  -4.9487445e+01  -9.4126956e+01
  -6.2525358e+01  -7.9432855e+01
  -2.0266954e+01  -6.8323564e+01
  -4.9816458e+01  -8.4152658e+01
  -4.0627018e+01  -6.7115850e+01
   3.6935419e+01  -9.5149261e+01
   9.7332880e+01  -1.9731627e+00
   9.6018584e+01   2.5238295e+01
   8.6042114e+01   2.4855598e+01
   9.8572859e+01   1.1605927e+01
   2.3278190e+01   4.8021123e+01
   6.0521929e+01   3.1106230e+01
   5.5379730e+01  -1.1640368e+01
   6.9459244e+01   2.1087780e+01
   3.6344690e+01   4.5748119e+01
  -5.0403379e+01  -6.5557098e+01
  -6.3770302e+01  -5.2979166e+01
   6.2903167e+00  -9.6807737e+01
   7.7386944e+00   4.7918954e+01
  -2.9407073e+01   1.7568873e+01
  -3.5380809e+01   4.1162456e-01
  -2.9102284e+01   8.0718558e+01
  -2.5722620e+01   6.6400644e+01
  -1.1084331e+01   8.0606527e+01
  -8.6871194e+01  -2.2790990e+01
   8.0328907e+01  -9.4997053e+01
  -6.8049859e+01  -8.1249960e+00
  -9.3273327e+01  -1.5381305e+01
   4.2139394e+01  -8.6615245e+01
  -6.1369651e+01  -3.4542960e+01
  -2.5361675e+01   5.6357698e+01
  -7.5270189e+01   1.2203957e+01
  -3.6667000e+01   8.9988215e+01
   5.6527058e+01   4.0212108e+01
   3.8107429e+01  -1.9058957e+01
   3.4873477e+01  -3.7695279e+01
   2.7545425e+01   8.0190203e+01
  -1.1642493e+01   9.0922378e+01
  -2.7472263e+01  -4.0819325e+01
  -3.4566240e+01  -3.4657123e+01
  -1.8608929e+01  -2.8406841e+01
  -6.4958600e+01   7.9929216e+01
   1.5071521e+01   9.3989823e+01
   5.3855219e+01  -4.0805367e+01
  -9.9390357e+01   7.6705384e+01
   1.7318606e+01  -1.8812021e+01
   3.7625562e+01   6.1743571e+01
   4.4053766e+01   5.2310661e+01
  -7.7463411e+01  -5.6064089e+00
  -2.3036341e+01   2.6505406e+01
   2.5622961e+01  -7.0757881e-01
  -4.6540850e+01   7.4720439e+01
  -7.7177175e+01   7.3563316e+01
  -9.9322469e+01   6.5225687e+01
   6.3197866e+01  -3.7854951e+01
  -7.5539552e+01  -5.1484908e+01
  -9.5994501e+01   8.6065350e+01
  -6.7971995e+01   8.9218424e+01
   4.4356549e+01  -3.8053030e-01
   1.3672863e+01   7.4006934e+01
   5.5852314e+01   7.9749431e+00
  -5.3784641e+01   9.8686659e+01
  -7.7833605e+01   5.8567025e+01
  -9.8574995e+01  -5.0535173e+01
  -8.4742251e+01  -3.6493768e+01
  -4.1650517e+01   6.6593553e+01
  -7.7103430e+01  -6.9708226e+01
   6.5724109e+00   8.8923829e+01
  -9.3746138e+01   5.7125487e+01
  -9.2865661e+01  -6.5649864e+01
   1.2857458e+01   2.0927173e+01
   9.3770033e+01  -2.2395664e+01
   8.9818739e+01  -4.0870816e+01
   9.8901022e+01  -1.3150509e+01
  -1.2611134e+00   8.4070120e+00
  -8.0585212e+01   3.5385280e+00
   2.1823005e+01   1.7555128e+01
  -9.6010433e+01   2.6631496e+01
   9.2582211e+00  -7.9055064e+01
   3.1358727e+00  -3.5886925e+01
  -5.0398695e-01  -2.7491692e+01
   6.3842840e+01  -8.4952071e+01
   3.0041843e+01  -6.0833069e+01
