  -2.2365352e+01  -2.7330486e+01
   3.0537955e+01   5.5376872e+01
   6.5741171e+01  -3.9372883e+01
  -8.0150823e+00  -4.1483189e+01
  -2.5314654e+00  -5.7421087e+01
  -2.9795653e+01   1.1532777e+01
  -8.6096060e+00  -1.0271320e+01
   2.1765481e+01   3.9072667e+01
   4.0273050e+01   5.0509828e+00
   1.2852918e+01  -4.3643706e+01
  -3.7509437e+01  -7.7820510e+00
  -7.0258679e+01  -4.2678391e+01
   5.1882847e+01   4.3980929e+01
   5.7169022e+01  -1.2900525e+01
   2.2843010e+01  -4.4032134e+01
  -3.9338908e+01   1.4518976e+01
   8.0815085e+01   1.7467865e+01
   3.3759007e+01   2.8727776e+01
   4.2466660e+01   2.3810978e+01
   4.1558838e+01  -5.7702526e+00
   7.0857465e+01   4.3470187e-01
   9.4922087e+00   7.8586918e+01
  -5.3833686e+01   3.8429513e+01
   2.6505626e+01  -6.3334236e+01
   2.7227174e+01  -1.8193059e+01
  -3.2886407e+01  -7.7167419e+01
   2.1187640e+01  -3.4127822e+01
  -5.3498388e+01   2.8435238e+01
  -6.5794159e+01   2.7150847e+01
  -6.8127818e+01  -6.7956136e+00
   4.1648886e+00  -3.8697143e+01
  -2.7014814e+01  -1.8146566e+01
   2.1324893e+01  -7.6499915e+01
  -3.2339225e+01  -2.6609130e+01
  -3.0084655e+01  -4.6591138e+01
  -1.0222054e+00   4.4287193e+01
   2.4681355e+01  -7.4680078e+00
   2.1351335e+00   5.8325507e+01
   1.6880673e+01  -1.2118006e+00
  -3.8356242e+01   3.9545113e+01
  -1.4012034e+01   5.9132396e+01
   3.8399604e+01  -3.1897691e+01
   3.7044273e+01  -4.7650496e+01
   2.6509438e+01  -5.3334696e+01
   1.7342037e+01  -5.7329070e+01
  -1.2086487e+01  -5.4473184e+01
  -6.0146549e+01   1.0059252e+01
  -6.4557034e+01  -1.6136283e+01
  -5.5788778e+01   3.3230830e-01
  -4.6656148e+01  -3.7408163e+00
   1.6064763e+00  -8.7124964e+01
  -3.1306762e+00  -2.2450547e+01
   7.3236776e+00  -6.2577502e+01
   5.6735444e+01   1.4846950e+01
   8.4032738e+00   2.2785676e+01
  -3.9934160e+01  -6.9469514e+01
   5.5660276e+01   3.4721828e+01
  -5.1625305e+01  -2.2097345e+01
  -8.4531438e+00   3.7595369e+01
  -3.3252699e+00   7.4335505e+01
  -2.4752680e+01   7.4254671e+01
   6.9047568e+00   1.2899262e+01
   8.5155397e+01  -1.6861565e+01
   3.9861954e+01   7.0426122e+01
   5.4802168e+01  -2.3111710e+01
  -2.3511784e+01   2.6632736e+01
  -2.7523641e+01   4.4511681e+01
   1.7271368e+01   5.0901313e+01
   3.6528173e+01   3.8336676e+01
   5.0021288e+01   5.5646145e+01
   3.8894377e-02  -3.3846963e+00
   4.8331240e+01  -3.0735624e+01
   5.1457703e+01  -4.6762982e+01
   3.6824500e+01  -7.9259181e+01
  -2.1314497e+01  -7.3510557e+01
   2.9102254e+01  -2.8015639e+01
   8.9623855e+00  -1.9365545e+01
  -4.5572576e+01   2.2337894e+01
  -2.0971777e+01  -6.3516480e+01
  -7.5408500e+01   2.4400880e+01
  -1.7761836e+01  -1.4357130e+01
  -2.7516718e+01  -8.1597614e+00
  -6.9016216e+01   3.6617298e+01
  -7.1867694e+01  -2.2959141e+01
  -3.5525244e+01   2.0183354e+00
  -5.0904507e+01   1.3878138e+01
  -4.6153855e+01  -1.3727536e+01
  -1.7040385e+01  -4.5788713e+01
  -5.5838753e+01  -1.1238607e+01
  -1.1012240e+01  -6.4414084e+01
  -1.3559539e+01  -8.3479454e+01
  -1.8435293e-01  -4.7701124e+01
  -3.8210030e+01   2.9104775e+01
   3.5580536e+01  -5.7542632e+01
   6.3714686e+01   7.4333040e+00
   8.7631925e+00  -7.2473035e+01
  -1.4569632e+00  -6.7362597e+01
  -4.4671360e+01   6.0595945e+00
  -3.2925318e+01  -5.6337056e+01
   8.5054997e+00  -5.2648279e+01
  -2.2619514e+01  -3.7492592e+01
   3.0078320e+01   8.3300415e+00
   2.0488951e+01   1.1165777e+01
   4.7035034e+01   1.2417904e+01
  -5.6446125e+00   6.4608246e+01
   5.7175163e+01   2.4837256e+01
  -2.3270617e+01   6.2911063e+01
   4.5669899e+01   3.4283457e+01
  -5.9988691e+01  -4.4417887e+01
  -6.1030658e+01  -2.5493803e+01
   4.4550697e+00   3.4266337e+01
   2.4478553e+01   7.2714895e+01
   6.1385442e+01  -3.1722235e+00
   4.8095405e+00   6.7978817e+01
   7.6117477e+01  -8.0701101e+00
  -2.1471188e+01   5.2472047e+01
   6.7006264e+01  -2.2516372e+01
  -2.0086773e+01   3.6998844e+01
  -3.7486096e+01   4.9507176e+01
   7.1600962e+01   1.3582008e+01
  -4.2537281e+01  -2.6802714e+01
  -3.1843879e+01   5.7763372e+01
   1.3944464e+01   3.1109350e+01
   7.3325108e+00   4.9782523e+01
  -6.2757227e+00   5.2796039e+01
   1.1880908e+01   6.0565981e+01
   4.1250736e+01   6.0450038e+01
  -1.8262092e+01  -4.3719035e+00
  -3.8505892e+00   2.8697308e+01
  -9.3269678e+00   1.1482375e-01
   3.1622331e+01  -3.9248391e+01
   4.2214691e+01  -2.2655310e+01
   4.7230859e+01  -1.4005402e+01
   5.8084845e+01  -3.2940329e+01
   4.3825768e+01  -4.0301283e+01
   3.4315656e+01  -6.9579117e+01
  -4.4643629e+01  -7.8291110e+01
  -3.0118571e+01  -6.7558110e+01
  -2.9754978e+01   3.4444366e+01
   1.7699511e+01  -2.4755940e+01
  -5.8830003e+01   1.9975114e+01
  -6.2188952e+01   4.3923932e+01
   5.6911471e+00  -2.8814587e+01
  -6.9736196e+01   1.5611327e+01
  -7.8691841e+01   3.4091145e+01
  -8.1629490e+01  -2.0789696e+01
  -2.5537135e+01   2.4862263e+00
  -6.7402412e+01   3.1779928e+00
  -1.7440361e-02  -7.7258015e+01
  -7.6562515e+01  -1.2167367e+01
  -3.1966822e+01   2.1293515e+01
   4.2865553e+01  -6.4392714e+01
  -3.6292952e+00  -3.2436425e+01
   9.8376084e-01  -1.3338198e+01
   7.8743751e+01   6.5833970e+00
   1.7338405e+01  -6.7328933e+01
  -2.3097658e+01  -5.3745200e+01
  -1.3101454e+01  -2.3202260e+01
  -4.2325036e+01  -5.9759550e+01
   1.8278328e+01   2.0918339e+01
  -9.5724708e+00  -7.4309070e+01
  -1.2359096e+01   7.8623846e+01
  -1.3598040e+01  -3.3187759e+01
   3.2589804e+01  -1.3491129e+00
   1.7836213e+01  -1.4756959e+01
   3.6499875e+01  -1.4449341e+01
   9.8441456e+00  -8.7026347e+00
  -3.3560098e+01   6.7614993e+01
   2.8277600e+01   2.0305022e+01
  -1.5418520e+01   6.9103349e+01
   6.1989082e+01   4.2464309e+01
   6.6871871e+01   2.2393117e+01
  -7.3431099e+01  -3.2836114e+01
   2.9482258e+01   4.5432775e+01
  -6.3698078e+01  -3.5131360e+01
   7.7837217e+00   2.9390199e+00
   3.7295028e+01   1.5252194e+01
  -1.3839244e+01   2.9169895e+01
   3.1245025e+01   6.5351829e+01
   2.1778350e+01   6.1994469e+01
   1.4819933e+01   7.0124333e+01
   5.1497186e+01  -4.6626062e+00
  -1.3819971e+01   4.6033196e+01
   8.6032046e+01  -6.7668429e+00
   7.8077165e+01  -2.3925462e+01
  -4.6548546e+01   4.5279727e+01
   6.7161252e+01  -1.2517627e+01
  -4.6464980e+01   5.5279357e+01
  -5.2572849e+01  -3.2052081e+01
  -3.7007649e+01  -1.7768219e+01
  -3.2574660e+01  -3.6602579e+01
   1.1934797e+01   4.0904897e+01
   2.3774067e+01   2.9272785e+01
   5.9377991e+01   5.2117396e+01
   3.9405311e+01   5.0540965e+01
  -1.7475094e+00   6.6377015e+00
   5.4011208e+01   5.0162085e+00
  -9.0837467e-01   1.9140128e+01
