  -6.0566835e+01   4.2738370e+01
  -7.3946658e+01  -1.8866842e+00
  -8.5716465e+01   2.3601634e+01
   2.4520365e+01  -1.3358181e+01
   3.6270862e+01  -5.4870853e+01
  -2.9411092e+00   4.3566393e+01
  -7.4175383e+01   8.3169281e+00
   3.8817557e+01  -5.6775663e+00
  -1.9823806e+00  -4.1731649e+01
   3.9676439e+01  -8.0270753e+01
   5.9329991e+01  -9.9991165e+01
  -5.0512309e+01   6.1113253e+01
  -8.2801338e+01  -1.9384067e+01
  -2.0961066e+01  -9.4852994e+00
   3.5067887e+00  -2.4438181e+01
  -2.0738228e+01  -3.6716883e+01
   1.7194130e+01  -7.7683536e+01
   4.3485887e+01  -8.9415783e+01
  -1.8289585e+01  -8.2513778e+01
  -2.7014399e+01   8.8115614e+01
  -4.9643210e+01   9.2917089e+01
  -2.8090981e+01   4.5997136e+01
  -6.8414138e+01  -3.3393526e+01
   5.9276507e+01  -1.9769563e+01
  -6.2236660e+01   2.5500152e+01
   2.0212573e+01  -4.0405014e+01
  -9.7377494e+01   2.6680387e+01
  -6.7961839e+01   1.6031579e+01
  -4.4008349e+00  -1.8346300e+01
  -8.3885704e+01   4.5290525e+01
  -3.5036447e+00  -7.2573564e+01
  -1.9752447e+01  -6.3108159e+01
   1.5365393e+01  -9.8232355e+01
   7.2720325e+01  -1.9097037e+01
  -2.1578730e+01   5.3642141e+01
   8.8358757e+01  -3.4095527e+01
  -3.4427397e+01   9.4812348e+01
  -3.6888755e+01   2.8077977e+01
   5.9393146e+01   8.5096190e+00
  -3.9306238e+01   1.4463740e+01
   1.2628886e+01   6.5670873e+01
  -7.9831171e+01   6.7244124e+01
  -8.2626706e+01  -4.3096372e+01
  -5.4887707e+01   7.4860843e+00
   6.0199039e+01  -6.3777262e+01
   4.7117822e+01  -2.8187777e+01
   1.3757995e+01  -3.2765591e+01
   4.9355820e+01   3.1480996e+01
   1.9135188e+01   1.2957121e+01
   2.6934260e+01  -5.1155206e+01
   8.1229461e+00  -5.5570937e+00
   9.2871376e+00   1.1711501e+01
   5.1503306e+01  -3.7149103e+01
  -6.6021470e+01   3.4463791e+01
  -2.1565044e+01  -5.3699619e+01
   9.6493888e+01  -4.3634189e+01
   2.3797847e+01  -7.0256778e+01
  -2.7569972e+01  -7.3226187e+01
  -1.6364669e+01   7.0564689e+01
   9.4323005e+01  -1.2102377e+00
  -5.1722698e+01   7.1836926e+01
  -3.3053583e+01   6.5220761e+01
  -1.2797541e+00   2.0967262e+01
   8.0256515e+01  -2.8321974e+01
   5.7493357e+00   2.7903336e+01
   9.0723613e+01  -2.4509266e+01
  -5.8414925e+01  -3.8308180e+01
  -1.2148937e+01   5.6872983e+01
  -2.1428380e+01   4.6191070e-01
  -6.3705909e+00   7.2729139e+01
  -3.3810447e+01  -2.1744089e+01
  -8.0108213e+01  -9.7418194e+00
  -2.0785208e+00   5.3404137e+01
  -4.8305573e+01  -3.0477214e+01
  -5.7820834e+01   9.8663456e+01
   4.6158934e+01  -5.5699437e+01
   6.4237210e+01  -9.0344627e+01
  -3.7975423e+01   4.7972725e+01
   2.3408419e+01  -3.0961089e+01
   4.1677773e+01  -3.6964888e+01
   3.1979120e+01  -3.5578217e+01
   6.4556225e+01  -8.0367207e+01
  -9.3314796e+01   4.1914671e+01
   8.6364361e+01  -5.8762583e+01
   4.2803988e+01   4.9282016e+00
   2.3144976e+01   3.8677273e+00
  -1.1103657e+01  -9.7722948e+00
   1.3280682e+01   2.8532459e+00
  -9.7821390e+01   5.8853078e+01
  -7.3772760e+01   2.8167880e+01
  -5.4339483e+00  -5.0893993e+01
  -3.2284692e+01  -5.3004695e+01
   4.0301892e+01  -6.4508166e+01
   9.5138550e+01  -7.4193628e+01
  -2.7295288e+01  -2.9237034e+01
   6.2923645e+01  -8.1647658e-01
   6.8311014e+00  -5.9299956e+01
  -4.4089668e+01  -8.0747755e+01
  -3.5974520e+01  -9.9217111e+01
   8.3584832e+01  -4.2615634e+01
  -4.2163446e+01  -6.4725329e+00
  -1.5211556e+01  -9.9476045e+01
  -1.0765383e+01  -3.7192765e+01
   7.7898327e+01   1.3067429e+01
  -1.1824145e+01   9.8559214e+01
   1.2637147e+01   2.0870838e+01
   6.7931395e+01   1.3650962e+01
  -1.5417706e+01   2.8963086e+01
   7.2116651e+01  -4.7445618e+00
   1.4649150e+01   4.0282143e+01
  -4.0927266e+01   5.8169756e+01
  -7.5954478e+01  -2.6638204e+01
  -4.3888466e+01   7.7916781e+01
  -3.1355530e+01  -2.7580931e+00
  -6.3660805e+01  -4.6799537e+01
   7.3467703e+01  -3.5605362e+01
  -3.2758175e+01   3.7173832e+01
  -1.5372456e+01  -2.8482368e+01
  -6.4054283e+01  -2.9813271e+00
  -6.4541392e+01   6.7838498e+00
  -6.7136536e+01   5.0249824e+01
  -2.3258852e+01   6.3362710e+01
  -2.6515731e+01   7.2728069e+01
   6.7503152e+01  -2.7582349e+01
   4.9403367e+01  -1.8467592e+01
  -3.0410850e+01  -1.2514143e+01
   8.9214462e+01  -9.4058389e+01
  -4.3109118e+00   6.3041454e+01
   4.9941543e+00   7.9278700e+01
  -7.2086686e+01  -1.5545186e+01
  -4.3288967e+00   8.9501341e+01
  -4.2097347e+01  -1.6331131e+01
  -9.0578572e+01  -1.3158968e+01
   3.4139723e+01  -9.2876664e+01
   4.7732520e+01  -7.4420935e+01
  -8.1208815e+01   8.4092313e+01
   4.6424475e+01  -4.5735655e+01
  -8.5869288e+01  -3.3636865e+01
  -5.8389960e+01   1.6599624e+01
  -7.7164168e+01   1.8819911e+01
   2.8929554e+01  -4.4405421e+00
   5.1276714e+01  -1.8238997e-01
  -7.6975224e+01  -5.1408391e+01
   5.4110291e+01  -8.2448687e+01
   4.5732277e+01  -9.9124293e+01
  -7.6435509e+01   9.3813975e+01
   5.0019161e+01   1.1786481e+01
   3.1746702e+01   1.9268448e+01
  -5.8937427e+01   7.8717806e+01
  -6.8625329e+01   8.7580616e+01
   1.4661806e+01  -6.6705851e+01
   6.7981116e+01  -7.0950392e+01
   7.7783813e+01  -6.5182693e+01
   1.4616854e+01  -1.3865699e+01
   3.2957372e+01   4.6774498e+00
   4.0494776e+01   1.4629002e+01
  -1.5948229e+00  -7.8469796e+00
   2.0800990e+01  -5.8984470e+01
   4.0389068e+00  -3.4115124e+01
   1.9015619e+01  -5.1187082e+00
   4.9459285e+00  -1.4919194e+01
  -4.4073318e-01   1.7189807e+00
  -8.9798295e+01  -3.2883041e+00
  -9.3223305e+01   7.3075237e+00
   3.4848467e+01  -4.5059611e+01
   5.6046924e+01  -5.4860508e+01
  -2.9147795e+01  -6.2347778e+01
  -1.0817857e+01  -6.6306369e+01
   3.0341784e+01  -6.2807008e+01
   7.5768444e+01  -9.4390758e+01
   9.9758829e+01  -5.3172565e+01
  -1.1925340e+01  -8.9872452e+01
   8.2520782e+00  -9.2855403e+01
  -3.5494714e+01  -6.8926272e+01
  -2.1929166e+01  -9.2282927e+01
  -8.8889092e+00  -8.0447807e+01
  -2.7715944e+01  -8.2619673e+01
   7.2922516e+00  -7.8807044e+01
   1.7355738e+01  -8.7806111e+01
  -5.9798911e+00  -9.7868339e+01
   8.4842319e+01  -4.3908967e+00
   8.7306869e+01   7.0745426e+00
  -1.6492709e+01   8.9735663e+01
   8.2659587e+01  -1.8649139e+01
   2.4457728e+01  -9.4918065e+01
   9.8282901e+01  -3.3976830e+01
  -5.4048901e+00   2.9817484e+01
   5.8323193e+01   1.8643023e+01
  -3.1349506e+01   5.5421915e+01
   1.6090534e+01   3.0194955e+01
   6.7146970e+00   4.7460385e+01
   6.5586969e+01  -1.2160659e+01
   5.0234367e+00   3.7692662e+01
   9.0897230e+01  -1.3035670e+01
  -5.7363175e+01   5.2137238e+01
  -2.4870154e+01   2.5854778e+01
  -5.6886410e+01  -5.4149140e+01
  -2.9998104e+01   1.7421002e+01
  -9.8482331e+01   9.4568918e+01
  -3.4024939e+01   7.9256050e+01
  -4.2576490e+01   6.8007306e+01
  -2.0459465e+01   8.0588511e+01
  -5.7863713e+01  -2.8360770e+01
  -5.5763749e+01   3.3993062e+01
   9.5026876e+01  -8.5921078e+01
   3.9611473e+01  -1.6543861e+01
  -1.4297088e+01  -1.8848976e+01
  -4.7548851e+01   5.0716137e+01
  -4.1241472e+01   8.7519936e+01
  -1.1005039e+01   3.7851733e+01
  -1.8264956e+01   4.4405904e+01
  -2.2893286e+01   3.5599640e+01
  -2.4011416e+01  -2.0019941e+01
  -3.2039780e+01  -3.7726328e+01
  -3.8510801e+01  -3.0371929e+01
   7.0630756e+00   5.7401600e+01
  -5.0886001e+01  -2.0940804e+01
   3.3623430e+00   6.9421823e+01
  -9.1029924e+01  -2.5071580e+01
  -1.0565151e+01   8.1721113e+01
   3.7249185e+01  -2.6918295e+01
  -8.2495231e+01   3.2224985e+00
  -8.9489462e+01   3.2746754e+01
  -8.0098857e+01   3.5872046e+01
  -9.4134807e+01   8.0827457e+01
  -7.2373680e+01   4.1975460e+01
  -8.4959466e+01   1.2826391e+01
  -8.9698411e+01   8.9789509e+01
  -8.5846365e+01   7.5232683e+01
  -2.2218779e+01   9.7909343e+01
   1.7109903e+01  -2.3376221e+01
   2.8416402e+01  -2.2413549e+01
  -9.7221458e+01  -5.3526776e+01
  -4.5392549e+01   3.3343465e+01
   5.7619928e+01  -7.3227665e+01
  -8.7937786e+01   6.1324694e+01
  -7.2645036e+01  -4.2416337e+01
   4.8087980e+01   2.1574112e+01
  -6.6456390e+01  -2.3627559e+01
  -9.2516553e+01  -4.4702726e+01
  -9.5870900e+01  -3.5282092e+01
  -7.2101508e+01   7.8210053e+01
  -9.3936794e+01   6.9325745e+01
   2.2373268e+01   2.2409099e+01
  -6.7815586e+01   9.8907231e+01
   6.3708216e+01  -3.7508212e+01
   5.7742187e+01  -2.9527527e+01
   5.7335720e+01  -4.5109306e+01
   5.0284750e+01  -6.4774918e+01
  -1.0237759e+01  -8.5700221e-02
   7.8168751e+01   3.1016119e+00
   8.0915637e+00  -4.3199953e+01
   1.6891013e+01  -4.9810417e+01
  -5.3931327e+00  -2.8829176e+01
  -5.1130373e+01   2.5156451e+01
  -1.5777747e+01  -4.5693475e+01
  -9.3782805e+01   1.7385981e+01
  -9.9352270e+01  -5.7142337e-01
  -5.8697672e+01   8.8699675e+01
  -7.7028541e+01   5.2569214e+01
  -2.8411728e+01   7.5690776e+00
   3.3360503e+01  -7.2658148e+01
  -3.0220471e+00  -6.0455535e+01
  -3.9222814e-01   1.1328658e+01
  -3.9440458e+01  -5.9930806e+01
  -8.5153715e+01   9.8703594e+01
  -2.5863868e+01  -4.5124688e+01
  -1.8122549e+01  -7.2765393e+01
   5.3019835e+01  -9.2298324e+01
   5.6237568e+01  -8.7802774e+00
   9.6333923e+01  -6.2534331e+01
   6.9280670e+01  -6.0001547e+01
   7.7540159e+01  -5.4590360e+01
   8.7919925e+01  -6.7718092e+01
   3.0269197e+01  -8.3649002e+01
  -4.7047115e+01   1.9997038e+00
  -3.7734489e+01   4.7324619e+00
  -4.8884840e+01   1.5430778e+01
  -5.2079942e+01  -8.4933964e+00
  -6.2537250e+01  -1.2696961e+01
   5.3138927e+00  -6.9062319e+01
  -3.3492510e+01  -8.9919258e+01
  -5.2726899e+01  -7.4059752e+01
   8.9552756e+01  -5.0169815e+01
  -4.3816756e+01  -7.1126525e+01
  -1.4250697e-01  -9.1165469e+01
