   4.0735005e+01   9.0186422e+00
   2.9456750e+01  -1.3473663e+01
  -2.3651235e+01  -2.2079035e+01
   7.7500420e-01   2.2381685e+01
   5.7356102e+00  -2.9600516e+01
   1.1953317e+00   1.2391259e+01
  -4.2804646e+00  -6.3179680e+00
   4.4056872e+00  -1.9689361e+01
  -1.3686383e+01  -2.1243766e+01
   2.4647160e+01  -2.4075969e+00
   4.6693482e+00  -1.8573939e+00
   2.3405338e+01   4.1959152e+01
   1.4404972e+01  -1.9578740e+01
  -3.6689689e+00  -2.6202057e+01
  -3.9093888e+01   9.2305162e+00
   1.5059072e+01   1.5255168e+01
  -1.1491830e+01   2.8583977e+01
   1.5734857e+01  -2.9489856e+01
   2.4786643e+01  -2.2466701e+01
  -4.9991412e+00  -1.6291378e+01
  -1.1800757e+01  -4.1139319e+01
   1.5836933e-01  -4.5994086e+01
   9.0880151e+00  -1.0841912e+01
  -2.2321080e+01  -3.1990107e+01
  -2.9099961e+01   8.8823116e+00
  -3.6425831e+01  -9.5850325e+00
  -1.2627390e+01  -8.1111890e-01
   2.8521100e+01   1.0571031e+01
   1.9515887e+01   6.2231669e+00
   9.5375333e+00   6.8774961e+00
   5.2258978e+00   3.8792080e+01
   3.3634443e+01   1.9772437e+00
  -2.1490081e+01   2.8770398e+01
   1.6333194e+01   3.4889285e+01
   2.4954827e+01  -3.3361611e+01
   1.9737824e+01  -1.1119499e+01
  -2.4220826e+00  -3.6123863e+01
  -4.1693422e+01  -6.6328260e-01
   7.6839262e+00  -3.9408824e+01
  -1.3412850e+01  -1.0780207e+01
  -3.1694153e+01  -7.7531025e-01
  -1.2356112e+01  -3.1154827e+01
  -2.6897844e+01  -1.2620869e+01
  -3.3595917e+01  -2.3128542e+01
   3.6267845e+01   1.7965394e+01
  -2.2166347e+01  -3.8112483e+00
   1.4647785e+01  -2.5118952e+00
   8.1720878e+00   2.9110617e+01
  -6.0445606e+00   4.1145368e+01
   4.3067063e+01  -1.3431339e+00
  -3.6848212e+00   3.6637294e+00
   2.6458890e+01   2.0356053e+01
  -1.5455796e+01   3.7764762e+01
   1.7569381e+01   2.4936056e+01
   2.5945567e+01   3.0402961e+01
  -2.0806933e+00   3.1964781e+01
