   9.7173766e+00   8.7457954e+01
  -3.6525962e+01  -8.7863877e+01
  -4.9039334e+00   7.0983823e+01
   6.0901044e+01  -3.2851130e+01
   3.3711640e+01  -3.7991299e+01
  -7.4258604e+01   2.8601874e+01
  -2.6483730e+00  -6.1445114e+01
  -1.8098842e+01  -9.4470017e+01
   2.9772361e+00  -3.9843972e+01
   2.5274243e+01   8.6914723e+01
  -5.1401601e+00   5.1021713e+01
   5.1046367e+01  -3.4549713e+01
  -4.2824275e+01  -8.0096557e+01
  -5.9965790e+00   9.2696624e+01
  -1.3805003e+01   6.6143268e+01
   3.0849720e+01   6.5039468e+01
   3.5017940e+01   4.4438603e+01
   2.8817852e+01  -5.3018277e+01
  -1.9165981e+01  -6.7306043e+01
  -8.1059956e+01   8.5439510e+00
  -9.0881243e+01  -2.4446300e+01
   2.3144570e+01  -7.5002815e+01
   2.3667613e+00  -5.2797292e+01
   3.2382431e+00  -6.9525102e+01
   4.4495451e+01  -3.4983076e+00
   1.7271197e+01   6.8956480e+01
   3.4839389e+01   7.8555564e+01
   2.3822707e+01   4.9119279e+01
  -8.6606993e+01   3.4276490e+01
   4.8389550e+01  -4.9464655e+01
   3.3597139e+01  -7.6130634e+01
  -5.9367023e+01  -8.7839575e+01
  -2.6460120e+01  -7.7070924e+01
  -9.5387456e+01   5.3132764e+01
   3.5702912e+01  -6.1960600e+01
   1.0408710e+01  -9.7384246e+01
   2.1846529e+01  -3.8951787e+01
  -5.3388557e+00  -8.8170222e+01
  -9.5959521e+01   3.0736687e+01
  -7.7369212e+01   3.8105774e+01
  -8.0179409e+01   4.7702794e+01
   8.4751578e+01  -2.2817198e+01
   3.8795748e+01  -5.2353752e+01
   4.5485024e+01  -5.9787027e+01
  -4.4409300e+00   6.0996166e+01
   1.0049641e+01  -5.9901218e+01
  -5.2822621e+01  -8.0278438e+01
   4.2957277e+01  -7.9650268e+01
  -6.7267386e+01  -5.0693227e+00
  -5.2678758e+01  -9.5273760e+01
  -2.8166457e+01  -9.3351925e+01
   3.7049508e+01  -1.0173483e+01
   5.4049220e+01  -1.6734955e+01
   5.3966783e+01  -6.7352955e+00
  -1.2052267e+01  -7.8517206e+01
   2.5638408e+01   3.9285499e+01
  -8.1417776e+01  -2.1214770e+01
  -4.0000282e+01  -9.7240929e+01
   2.7844943e+01  -8.4339969e+01
   2.8072354e+01  -2.9733074e+01
   4.3290639e+01  -4.0862275e+01
   5.6200309e+01  -4.3205500e+01
   3.8992898e+01   5.9235277e+01
  -1.9936744e+01  -8.4645934e+01
  -9.0278523e+01   1.2419260e+01
  -1.2058829e+01   7.7968715e+01
  -9.2963841e+00  -6.8909610e+01
  -8.9744989e+01   4.4787373e+01
   3.2523218e+00   7.6767439e+01
   1.4032679e+01  -8.7929578e+01
  -9.9722629e+01   4.4119027e+01
   1.3165804e+01   7.8072689e+01
   2.2098524e+01   6.0200400e+01
   2.6039113e+01   7.3806338e+01
   1.6992109e+01  -3.0209098e+01
  -2.0855300e+00  -7.7976179e+01
  -2.0310331e+00  -9.7622643e+01
   4.3222031e+00  -8.5628272e+01
