   5.3721220e+01  -1.1668820e+01
   6.1230510e+01  -4.0703365e+01
  -6.3772167e+01   4.5202170e+01
  -5.9275204e+01  -1.0260506e+01
  -7.6580941e+01   2.4848021e-01
  -8.2736476e+01   2.6393483e+01
   2.2364206e+01  -1.7770524e+01
   3.5510162e+01  -5.4410649e+01
  -6.9925900e+00   3.2943454e+01
  -6.9531971e+01   7.3351767e+00
   9.3989275e+01  -1.3069496e+01
   3.5824481e+01  -5.5376713e+00
  -7.0435849e+00  -4.6065945e+01
  -1.5971217e+00  -3.6509404e+01
   3.7772439e+01  -8.0523619e+01
   5.4373825e+01  -9.1560829e+01
  -5.2444033e+01   5.6907856e+01
  -1.1484574e+01   4.8134823e+01
  -6.7994455e+01  -3.8749357e+01
  -8.6370358e+01   9.0585990e+01
  -8.2521101e+01  -1.7786064e+01
  -1.7569989e+01  -9.3213459e+00
  -2.5236579e-01  -2.3102430e+01
  -2.0541667e+01  -3.6587780e+01
   1.6636675e+01  -7.6990689e+01
   4.5504028e+01  -8.6943404e+01
  -1.8109319e+01  -7.8206035e+01
  -2.8998209e+01   8.4941232e+01
  -5.2628035e+01   8.4280017e+01
  -2.8717151e+01   4.0557053e+01
  -3.4556024e+01   4.8403131e+01
  -6.6035023e+01  -2.8950687e+01
  -9.9666537e+01   2.0738750e+01
  -3.6462883e+01  -2.9923946e+00
   6.0835256e+01  -1.8615579e+01
  -3.5708235e+01  -1.3235780e+01
  -9.5884143e+01  -4.5979542e+01
  -8.6068068e+01   6.5541158e+01
  -8.1382286e+01   9.3787630e+00
  -4.5294913e+01   1.5843857e+01
  -6.0027524e+01   2.4207090e+01
   1.6958559e+01  -4.6751387e+01
  -8.5720244e+01   5.0473422e+01
  -9.3099077e+01   2.8374656e+01
  -9.5749895e+01  -3.1383250e+00
  -6.6951299e+01   1.6992348e+01
  -6.7680697e+00  -1.5528526e+01
  -6.6833420e+01   9.7919112e+01
  -9.5156698e+01   8.5815706e+01
  -9.8802227e+01   5.0124703e+01
  -2.2606098e+01  -5.5961860e+01
  -7.8121774e+01   4.3978151e+01
  -4.3059485e+01   4.0016413e+01
   6.6712787e+01  -4.8999512e+01
  -1.8633779e+00  -7.0060543e+01
  -1.9401759e+01  -6.5430864e+01
   1.3695725e+01  -9.6971156e+01
   6.9792051e+01  -1.4568861e+01
  -2.1236708e+01   4.7030734e+01
   8.6881464e+01  -3.1438312e+01
  -3.5108407e+01   9.2637376e+01
  -3.5600523e+01   3.3375063e+01
   5.6816392e+01   2.4260275e+00
  -3.5041321e+01   1.4199968e+01
  -5.0650782e+01  -2.7930274e+01
   3.9965356e+00   6.1698938e+01
  -2.2988070e+01  -2.6912949e+01
  -5.1246618e+01  -1.6217434e+01
   5.6359086e+01  -7.1056885e+01
  -7.8334972e+01   7.1872394e+01
   4.5178763e+01  -2.9252228e+01
   3.1947566e+01  -1.4938988e+01
  -8.6104220e+01  -4.3898194e+01
  -5.0717455e+01   7.0377453e+00
   6.0007277e+01  -6.1747182e+01
   4.0060885e+01  -2.0713305e+01
   1.5440184e+01  -2.6099962e+01
   4.9010869e+01   2.2041058e+01
   1.7426265e+01   1.2197807e+01
   2.5908230e+01  -5.1221037e+01
   7.6211785e+00  -4.7336446e+00
   2.8213033e+00   1.0859799e+01
   5.4022475e+01  -3.3822714e+01
  -6.2110555e+01   3.3983903e+01
  -2.8234827e+01  -4.3066083e+01
   3.7003257e+01  -7.0726472e+01
   9.6103053e+01  -4.5880304e+01
   7.0072383e+01  -5.8381927e+01
   2.3129406e+01  -6.9516836e+01
   8.1165145e+01  -9.6730196e+01
   1.0255473e+01  -5.4172212e+01
  -2.6364127e+01  -7.2598458e+01
  -1.8841425e+01   7.4339384e+01
   9.1413354e+01  -3.4798930e+00
  -5.0163463e+01   6.6801947e+01
  -3.8226576e+01   8.1135115e+01
  -3.3973091e+01   6.7356118e+01
   2.4724386e+00   2.0498709e+01
   7.7336400e+01  -3.0115388e+01
   2.8411846e+00   3.0191135e+01
   6.6769680e+01   2.5011931e+00
   8.7802540e+01  -2.1206843e+01
  -5.3965195e+01   4.7098829e+01
  -5.7905062e+01  -3.4813255e+01
  -1.4600575e+01   5.7540769e+01
  -1.5652950e+01   3.8828958e+01
  -2.8069596e+01   2.1353701e+01
  -4.4784861e+01   9.0393391e+01
  -2.1867846e+01   6.7843046e-01
  -9.4933265e+00   7.1170877e+01
  -3.2753375e+01  -2.3666350e+01
  -7.6574854e+01  -9.7481001e+00
  -2.5152638e+01  -1.7172997e+01
  -2.7016412e+00   5.1761055e+01
  -6.0030598e+01  -2.0966568e+01
  -8.4458477e+01   3.6243166e+01
  -8.9512801e+01   1.9040041e+01
  -7.0693240e+01   2.6261625e+01
  -4.0870086e+01  -3.0587619e+01
  -8.0963164e+01   9.9667671e+01
  -5.8023171e+01   9.2688212e+01
  -7.1338542e+01   7.9005247e+01
   4.6330186e+01  -5.1878752e+01
   6.3556453e+01  -8.7602672e+01
  -4.4384039e+01   4.9942251e+01
  -7.8401273e+01  -3.3453068e+01
  -8.8679855e+01   7.5581574e+01
   2.5461589e+01  -2.7269587e+01
   2.8453281e+01  -3.6806660e+01
   4.3138169e+01  -3.8992628e+01
   3.5208178e+01  -2.9450014e+01
   6.5143770e+01  -7.7730413e+01
   3.3320810e+01  -9.9314639e+01
  -9.2059876e+01   4.2739969e+01
   4.3784193e+01  -1.1467805e+01
   8.5724276e+01  -5.9810787e+01
   4.2319658e+01   5.6115151e+00
   9.5710705e+00  -4.0006775e+01
   1.8540069e+01  -3.5603974e+01
   2.3478632e+01   5.3756485e+00
  -7.8663384e+01   5.8755149e+01
  -9.5766631e+01   6.7973276e+01
  -1.2099199e+01  -1.0267608e+00
   1.0565781e+01   4.8800616e+00
  -1.8821029e+01  -4.6419102e+01
  -9.2462103e+01   5.7856362e+01
  -4.5901882e+01   2.9878273e+01
  -7.1857933e+01   3.6190202e+01
   2.8642859e+00  -4.7414531e+01
  -1.2741840e+01  -5.4326674e+01
  -2.8327109e+00  -5.5626780e+01
  -3.1929654e+01  -5.2355575e+01
   4.2770731e+01  -6.1277879e+01
  -5.2659875e+01   3.7222641e+01
  -1.2838990e+00  -8.4852308e+01
   8.4803657e+00  -8.4154289e+01
   9.0014379e+01  -6.8834722e+01
  -3.1327306e+01  -3.3561832e+01
   7.5244008e+01  -4.3519622e+01
   7.8465563e+01  -5.2955743e+01
   2.6077392e+01  -8.0924268e+01
  -3.8046323e+01   2.3710138e+01
   6.1988809e+01  -6.1372432e+00
   4.5363252e+00  -6.2381922e+01
  -4.5128852e+01  -7.5397223e+01
  -3.2326424e+01  -9.1353375e+01
   8.6121425e+01  -4.6492376e+01
  -4.4632585e+01  -8.7341131e+00
  -4.0777103e+01   6.0199857e+00
  -5.2651645e+01  -2.7704801e+00
  -1.4655567e+01  -9.9153895e+01
  -1.1082881e+01  -3.3344746e+01
   7.6400830e+01   6.3028313e+00
  -1.5804668e+01   9.3694713e+01
   1.0367520e+01   1.7100896e+01
   6.4821025e+01   1.1669015e+01
  -1.6171257e+01   2.8908969e+01
   7.2304625e+01  -5.2184187e+00
   5.1294694e+00   3.9010849e+01
  -4.3083633e+01   5.9940333e+01
   9.7788533e+01  -2.2236286e+01
  -7.4791629e+01  -2.4127423e+01
  -4.6846406e+01   7.6157203e+01
  -3.0744387e+01   5.1979814e+00
  -5.9996447e+01  -4.4746328e+01
   6.9379882e+01  -3.5480172e+01
  -2.5876760e+01   3.1077251e+01
  -9.4673551e+01   9.6237085e+01
  -1.5613769e+01  -2.0148030e+01
  -6.6961696e+01  -3.7004683e+00
  -6.0179022e+01   3.8070099e+00
  -7.1535657e+01   5.1500139e+01
  -2.4180168e+01   5.6425024e+01
  -2.8604920e+01   7.5235647e+01
   6.2398807e+01  -2.8416031e+01
   5.1316313e+01  -2.1415394e+01
  -2.7548391e+01  -7.4941536e+00
  -2.5626778e+01   9.5799962e+01
   8.9756673e+01  -9.1613365e+01
  -5.8824396e+00   6.1926366e+01
   4.6427598e-01   7.1196640e+01
  -6.8388774e+01  -1.5485481e+01
  -9.7162713e+00   8.1141981e+01
  -4.2325230e+01  -2.0710816e+01
  -9.1826125e+01  -1.4126615e+01
  -9.4455666e+01  -2.3807354e+01
   3.3830867e+01  -8.9405409e+01
   4.6875999e+01  -7.6676366e+01
  -8.0909644e+01   8.1871772e+01
   5.1893750e+01  -4.3656783e+01
  -9.0404542e+01  -3.4870542e+01
  -5.7243333e+01   1.4606486e+01
  -7.6864670e+01   1.8299815e+01
  -5.1045668e+01   9.9844701e+01
   2.5978358e+01  -6.9883888e+00
   4.8111302e+01  -2.4673343e+00
  -7.6128368e+01  -4.4559406e+01
   5.5766457e+01  -8.1133767e+01
   4.2964581e+01  -9.6615735e+01
  -7.6376950e+01   9.0784338e+01
   5.0842943e+01   1.0398014e+01
   2.6417142e+01   1.5975499e+01
  -6.1374680e+01   7.9537532e+01
  -6.6806022e+01   8.7920304e+01
   1.3509449e+01  -6.6805032e+01
  -9.9499513e+01   3.6057926e+01
   6.7739227e+01  -6.8088088e+01
   7.7330809e+01  -6.5243578e+01
  -9.9965020e+01   7.7048660e+01
   1.3057267e+01  -1.4150374e+01
   3.2825460e+01   3.8878246e+00
   4.1386165e+01   1.5733603e+01
  -3.4247424e+00  -6.1684781e+00
   1.9211819e+01  -5.8629030e+01
   6.4631263e+00  -3.0504924e+01
   1.7290776e+01  -2.2858340e+00
   3.0894932e+00  -1.3691051e+01
  -3.5158628e+00   3.6789414e+00
  -8.6562907e+01   8.0873361e-01
  -9.1824711e+01   9.3115216e+00
   3.4828871e+01  -4.4479035e+01
   5.7177992e+01  -5.2157377e+01
  -3.1059953e+01  -6.2315771e+01
  -9.5588642e+00  -6.3773118e+01
   3.0689366e+01  -6.3093575e+01
   7.1770664e+01  -9.3304694e+01
   9.8499565e+01  -7.4120215e+01
   9.4883065e+01  -5.5804851e+01
  -1.2712858e+01  -8.6752353e+01
   4.4107133e+00  -9.3264087e+01
  -3.6206483e+01  -7.0889165e+01
  -2.1516500e+01  -9.1495083e+01
  -8.1816652e+00  -7.7764788e+01
  -2.6866460e+01  -8.2985531e+01
   7.0502392e+00  -7.4367456e+01
   1.7828279e+01  -8.6795072e+01
  -5.5847743e+00  -9.3795573e+01
   8.1603802e+01  -2.3199304e+00
   8.6509510e+01   6.3118845e+00
  -1.9132133e+01   8.4306327e+01
   7.7863744e+01  -2.0295978e+01
   2.4908948e+01  -9.3444946e+01
   9.6608509e+01  -3.2107842e+01
  -5.0875046e+00   2.4291337e+01
   5.7570621e+01   1.7676641e+01
  -3.3617661e+01   5.7910387e+01
   1.1937314e+01   2.6549205e+01
   1.5463388e+00   4.5838503e+01
