   4.0257652e+01   1.1572792e+01
   3.0046158e+01  -1.4143778e+01
  -2.7565142e+01  -2.1780541e+01
   3.4805921e-02   2.2809282e+01
   5.7444678e+00  -3.1449144e+01
   9.8072814e+00   9.7499312e+00
   4.5364998e+00  -2.1528934e+01
  -1.5194015e+01  -2.1728078e+01
   2.6821991e+01  -3.2125828e+00
   7.0726491e+00   1.3156797e-01
   2.9178808e+01   4.2267652e+01
  -3.7608126e+01   9.8243041e+00
   9.5540093e+00   1.9746368e+01
  -1.1026535e+01   2.8464146e+01
   3.2796841e+01  -2.5639651e+01
  -4.6976530e+00  -1.7726444e+01
  -1.9893041e+01  -4.4127613e+01
  -2.2222416e+00  -5.0570988e+01
  -2.7587117e+01  -3.7740575e+01
  -2.8107729e+01   6.7089447e+00
  -3.9465212e+01  -1.0903729e+01
  -1.5547244e+01  -9.7894321e-01
   4.1605531e+00   4.0546929e+01
   3.3821376e+01   3.9231393e+00
  -2.1026334e+01   2.8526963e+01
   1.3856944e+01   3.8101538e+01
   2.4669874e+01  -3.2089796e+01
   2.0555187e+01  -1.0997626e+01
  -2.6765166e+00  -3.7239011e+01
  -4.4509403e+01   2.0311116e+00
   6.4035523e+00  -4.1423280e+01
  -1.9494595e+01  -1.2697121e+01
  -3.5284240e+01  -1.8208023e+00
  -1.2799090e+01  -3.4592584e+01
  -2.9525514e+01  -1.1979695e+01
  -3.5151757e+01  -2.8293655e+01
   4.6204946e+01   2.0080668e+01
  -2.5348746e+01  -2.9003679e+00
   1.6904904e+01  -1.6889213e+00
   7.7770540e+00   3.0112953e+01
  -6.0907209e+00   4.1707126e+01
   4.6200998e+01  -4.8461515e+00
  -3.7708212e+00   3.5670730e+00
   2.6555094e+01   2.3265719e+01
  -1.5506935e+01   3.7833596e+01
   1.7048511e+01   2.6366488e+01
   3.2647837e+01   3.1300772e+01
  -1.9285153e+00   3.2614554e+01
   2.5261004e+01  -4.2217162e+01
   2.3578094e+01  -2.1769576e+01
   3.9266080e+01  -1.8014367e+01
   1.5321345e+01  -2.8539915e+01
   1.4091825e+01  -1.8617430e+01
  -5.5824205e+00  -2.7676148e+01
  -9.8939155e+00  -4.4158740e+01
  -4.8692348e+01  -7.0519673e+00
  -4.6872794e+01   1.3585544e+01
  -2.9772301e+01   1.6603674e+01
   7.7486419e+00  -5.1329610e+01
   1.5971125e+01  -3.8517733e+01
  -2.1553648e+01  -2.9766838e+01
   5.0038073e+01   9.4943650e+00
  -1.0080450e+01  -9.3248786e+00
   3.6225623e+01   2.0722588e+01
  -4.1620364e+01  -2.0667901e+01
   2.2381296e+01   6.6775869e+00
   1.9437663e+01   1.6234339e+01
   3.6315662e+01  -6.3538641e+00
  -1.1669634e+01   5.0006230e+01
  -5.2946733e-01  -6.3641180e+00
   5.4592674e+01   5.9224054e-01
   1.0185048e+01   4.8528476e+01
  -3.0995641e+01   2.9309821e+01
   4.7619828e-02   1.2809323e+01
   2.3113599e+01   3.4317070e+01
   1.0248411e+01  -9.3560599e+00
   1.9882505e+01   4.6087318e+01
