   4.0735286e+01   9.0188420e+00
   2.9456940e+01  -1.3473709e+01
  -2.3651925e+01  -2.2079635e+01
   7.7439324e-01   2.2382862e+01
   5.7361205e+00  -2.9600826e+01
   1.1964163e+00   1.2391771e+01
  -4.2806279e+00  -6.3180177e+00
   4.4059781e+00  -1.9689685e+01
  -1.3686873e+01  -2.1244328e+01
   2.4647415e+01  -2.4075261e+00
   4.6693960e+00  -1.8574046e+00
   2.3405881e+01   4.1959695e+01
   1.4405365e+01  -1.9578942e+01
  -3.6690313e+00  -2.6203310e+01
  -3.9093968e+01   9.2305190e+00
   1.5059072e+01   1.5255168e+01
  -1.1491923e+01   2.8584012e+01
   1.5735507e+01  -2.9490083e+01
   2.4786643e+01  -2.2466701e+01
  -4.9991738e+00  -1.6292169e+01
  -1.1800719e+01  -4.1139999e+01
   1.5826354e-01  -4.5994179e+01
   9.0880151e+00  -1.0841912e+01
  -2.2321783e+01  -3.1990776e+01
  -2.9100027e+01   8.8824584e+00
  -3.6426346e+01  -9.5848804e+00
  -1.2627804e+01  -8.1123502e-01
   2.8521933e+01   1.0571403e+01
   1.9516985e+01   6.2227360e+00
   9.5384213e+00   6.8771585e+00
   5.2264432e+00   3.8792590e+01
   3.3634809e+01   1.9773060e+00
  -2.1490186e+01   2.8770400e+01
   1.6333850e+01   3.4889591e+01
   2.4955538e+01  -3.3361909e+01
   1.9738015e+01  -1.1119460e+01
  -2.4219097e+00  -3.6125239e+01
  -4.1694372e+01  -6.6327197e-01
   7.6841357e+00  -3.9409253e+01
  -1.3412863e+01  -1.0780371e+01
  -3.1694996e+01  -7.7498106e-01
  -1.2356731e+01  -3.1155469e+01
  -2.6898489e+01  -1.2621315e+01
  -3.3596753e+01  -2.3128630e+01
   3.6267819e+01   1.7965447e+01
  -2.2167139e+01  -3.8114155e+00
   1.4647959e+01  -2.5118271e+00
   8.1723900e+00   2.9111134e+01
  -6.0452939e+00   4.1147228e+01
   4.3067406e+01  -1.3432544e+00
  -3.6852020e+00   3.6642399e+00
   2.6458915e+01   2.0356287e+01
  -1.5455885e+01   3.7764807e+01
   1.7569297e+01   2.4936099e+01
   2.5945567e+01   3.0402961e+01
  -2.0813319e+00   3.1966433e+01
