   3.7776761e+01  -3.2761889e+01
   7.2966709e+01  -5.1135236e+00
  -8.4736916e+01  -6.6036115e+01
  -6.4225237e+01   1.3439468e+01
   7.6005268e+01   6.0026740e+01
  -5.9565543e+01   3.3264300e+01
  -6.3845516e+01  -5.5062159e+01
  -4.9940090e+01   5.1211744e+00
   7.2120907e+01  -4.2280160e+01
  -9.8849595e+01  -2.7909306e+01
   5.7228822e+01  -3.6385120e+01
  -2.2986271e+00   6.3179933e+01
  -1.1261861e+01   6.5898295e+01
  -3.0592184e+01   7.5460990e+00
  -4.3035638e+01   1.3457569e+01
  -9.2038963e+01   4.6005003e+01
  -7.9718121e+01   6.2004994e+01
   2.9280308e+01  -4.8791578e+01
   7.6838024e+01  -3.3382513e+01
   4.3017335e+01   8.3671857e+00
   2.6490447e+00  -6.9886204e+01
  -1.3405075e+01  -2.6543283e+01
   8.3764491e+01   8.2551177e+01
  -6.8890777e+01  -2.3951313e+01
   7.8088979e+01   3.4657186e+00
   7.3932988e+01   8.0723235e+01
   9.9871019e+01  -3.5105136e+01
  -6.3660134e+01   5.0072106e+01
  -7.9637566e+01   8.5279621e+01
  -7.0702360e+01   2.1051023e+01
  -7.8559592e+01  -1.4899466e+01
   6.3102153e+01  -6.9433857e+01
   4.4146298e+01  -9.2155950e+01
  -7.1647345e+01  -3.4599554e+01
  -7.0454173e+01   4.2906922e+00
  -9.4854194e+01  -8.6901026e+00
  -3.6162021e+01   7.4081593e+01
   5.6193312e+01   8.2369321e-01
  -8.9053195e+01   2.8569234e+01
   6.4476636e+01  -2.4113486e+01
  -3.2397125e+01  -6.6117308e+01
  -8.4208266e+01  -5.6050098e+01
  -9.8248901e+01  -8.7228989e+01
   3.6908025e+01   5.5796228e+01
  -6.1441094e+01  -8.8290171e+01
  -1.3093152e+01   9.8999340e+01
   1.4864495e+01   3.0296163e+00
  -4.6154000e+01  -9.0805271e+01
   9.5322915e+01   6.4165228e+01
   4.0065316e+01   3.7031290e+01
  -4.5189434e+01  -7.0866142e+01
   2.5487592e+01   7.3094504e+01
   1.2949419e+01   3.9550836e+01
  -3.2201290e+01  -2.3007357e+00
  -3.9232234e+01   2.2627065e+01
   3.0144227e+01   3.8335574e+01
  -2.7416640e+01   7.0311567e+01
  -4.3951352e+01   8.0015285e+01
  -4.3488273e+01   3.1647227e+01
  -7.3486810e+01   5.1777455e+01
  -3.5535889e+01  -1.1683963e+01
   6.6996669e+01   6.6184499e+01
  -8.5913713e+01   3.8102932e+01
   2.1136310e+01  -6.8175619e+01
   7.3570836e+01  -5.6785503e+01
  -1.0600612e+01  -8.6438988e+01
   4.7282660e+00  -3.9493380e+01
  -4.1219140e+00  -2.2939600e+01
   4.1371510e+00  -4.9466741e+01
  -9.4500415e+01  -7.1584066e+01
  -7.4623666e+01  -9.2380573e+01
  -2.5221177e+01  -1.0431371e+01
  -3.9489151e+01  -2.0858533e+01
  -4.0441682e+01  -7.9660909e+01
  -8.2459845e+01  -9.8593004e+01
  -9.8040796e+00  -9.6395341e+01
   8.1080749e+00   1.0295338e+01
  -4.0449999e-01   1.7759516e+01
  -6.3173760e+01  -5.6078747e+00
   1.2589270e+01  -2.6122483e+01
   2.4517834e+01  -1.8532294e+01
   6.1735339e+01   2.8007365e+01
   3.9405007e+01   8.4340129e+01
   8.1553970e+01   9.9938421e+01
  -7.5196077e+00   4.5730194e+01
  -1.5296120e+01   3.9212203e+01
  -2.9079935e+01   4.4976468e+01
   2.4970088e+01   1.0942070e+01
  -3.2968670e+01   6.2456455e+01
  -3.7569569e+01   3.9704319e+01
   4.3288077e+01   2.7569890e+01
   5.3274236e+01   4.5247577e+01
  -6.0534848e+01   9.0892215e+01
  -5.3604088e+01   7.4749212e+01
  -8.9492729e+01   5.9060604e+01
   1.9719205e+01  -9.6381291e+01
  -7.1608489e+01   7.9320685e+01
   5.2279231e+01  -8.3764979e+00
   1.6287319e+01  -8.6994082e+01
  -2.6193057e+01   5.5135762e+01
   4.1147585e+01  -6.3312708e+01
   1.5238084e+01  -3.5719917e+01
   5.0164153e+01  -5.3819174e+01
  -6.8619866e+01  -1.3989857e+01
   3.7197172e+01  -4.2709824e+01
   4.5036402e+01  -1.6366292e+01
   7.5506715e+01  -2.3340818e+01
  -9.8483457e+01   6.2807579e-01
   2.4872877e+00  -5.9305005e+01
   3.5803233e+01  -4.6455833e+00
  -8.1227157e+01  -4.6504786e+01
  -9.8102422e+01   1.0892105e+01
  -9.5930572e+01   3.6251881e+01
  -1.5461640e+01  -6.7497930e+01
  -1.3710632e+01   8.7047610e+01
  -2.2394654e+01  -9.9844960e+01
   1.8955386e+01   6.4647391e+01
   2.3818116e+01   5.5905172e+01
  -5.9015291e+01  -2.4526484e+01
   6.7230171e+00   9.6061728e+01
  -6.9951747e+01  -4.4452368e+01
   8.0431660e+01   7.3122960e+01
   4.8326025e+01   6.9241842e+01
  -4.9968244e+00   8.2748287e+01
   5.2030564e+00  -1.9386852e+01
  -1.5869514e+01  -6.8901304e+00
  -2.3202300e+01  -2.8226629e+01
   9.5413462e+01   4.7150366e+01
   3.2585394e+01  -2.4295931e+01
   2.1659984e+01  -5.8197916e+01
   8.7051469e+01   8.3784045e+00
   8.1792098e+01   1.8055924e+01
   6.9057301e+01   2.1237936e+01
   9.1164042e+01  -1.1122184e+01
   6.6775210e+01   5.6191187e+01
   9.6166687e+01  -1.9774167e+01
  -2.7616915e+01  -3.7163425e+01
  -2.3325101e+01  -7.3659887e+01
   5.5560796e+01  -8.5587095e+01
   8.5328163e+01  -5.3275286e+01
   1.2480274e+01   2.9591281e+01
   1.9145102e+01   2.2041669e+01
  -7.6795499e+01   4.2208297e+01
   2.9615548e+00   4.0504094e+01
  -1.5400253e+01   2.9240068e+01
   1.0026145e+01   5.8698782e+01
  -1.1679596e+01   5.5602308e+01
  -6.0460458e+01   4.0401154e+00
  -6.0569147e+01   2.3316413e+01
  -2.4815250e+01   3.5904007e+01
  -1.9822196e+01  -1.8887306e+01
  -4.3071982e+01  -5.2306936e+00
  -7.8256562e+00  -3.4797904e+01
  -4.4037474e+01   4.7285413e+01
  -3.5730413e+01   5.2709785e+01
  -5.0932726e+01   3.8293227e+01
  -6.9283424e+01   3.0936816e+01
  -8.1735190e+01   2.0941563e+01
  -7.9271299e+01   3.0631920e+01
   2.0970340e+01  -7.8165607e+01
  -7.0394370e+01   8.9246469e+01
   6.3438852e+01  -7.9427971e+01
  -6.1697614e+01   8.0605045e+01
  -6.6294689e+01   9.9059413e+01
  -9.9969896e+01   7.4944198e+01
   3.1125981e+01  -6.8493467e+01
  -8.7858542e+01   6.8923075e+01
   8.9823256e+01  -6.8640299e+01
  -2.0385331e+01   6.2885677e+01
  -4.8854829e+01  -1.3143067e+01
  -5.8689295e+01  -1.4546479e+01
  -4.2999744e+01   9.9164528e+01
  -1.5034597e+00  -7.8969574e+01
  -6.6920626e+01   4.0638304e+01
   8.6147099e+01  -2.9756078e+01
   1.4838652e+01  -1.6440895e+01
   3.6298272e+01  -9.8611301e+01
  -8.0254423e+01   1.9865032e+00
   4.7067867e+01  -4.4228690e+01
   9.0554014e+01  -3.8724748e+01
  -2.6567063e+01  -9.0758194e+01
  -3.6368834e+01  -8.8791328e+01
  -2.9982238e+01  -8.1108485e+01
  -7.3398149e+01  -5.2548041e+00
  -8.4888162e+01  -7.1613878e+00
  -9.0597110e+01  -8.0790815e+01
  -5.3287620e+01  -4.2611083e+00
  -8.3446023e+01   5.1104885e+01
  -5.8947449e+00  -6.4714292e+01
   3.2538226e+00  -2.9630627e+01
  -9.2525047e+01   1.9192199e+01
  -5.9979584e+01  -6.4261781e+01
  -5.0234021e+01  -8.1685339e+01
  -6.8254565e+01  -7.3610132e+01
   3.3288254e+01   9.2249286e+01
  -9.2084079e+01  -4.9341403e+01
  -4.9257279e+01  -2.2883583e+01
   4.4386110e+01   9.6175610e+01
  -1.3918254e+01  -4.5714463e+01
   8.9043540e+01   9.3312236e+01
  -9.1847815e+00  -5.5247196e+01
   2.0344675e+00  -1.5117633e+00
   7.6343070e+00  -9.6913814e+00
  -2.9620024e+01  -1.9603331e+01
  -4.2813057e+01  -3.0265415e+01
   4.0166135e+01   1.7942317e+01
  -8.8212728e+01  -2.6472082e+01
  -8.8467781e+01  -1.6491340e+01
  -6.1795482e+01  -3.6064645e+01
   2.6785966e+01  -8.8351574e+00
  -2.2857744e+01   1.2288104e+00
   1.7086859e+01  -6.6767888e+00
   3.5186080e+01  -1.4649412e+01
   8.4572117e+01   4.7298180e+01
   7.8314935e+01  -1.3558442e+01
   8.6055107e+01  -2.5422660e+00
   9.7324930e+01   1.0959423e+01
   7.3573821e+01   1.2354577e+01
   4.6903539e+01   5.5899839e+01
   5.0509830e+01   3.4502292e+01
   3.5802905e+01   7.5012145e+01
   7.5174025e+01   9.2136724e+01
  -9.9408804e+01  -4.2517933e+01
   5.6913207e+01   5.4552506e+01
   1.7559235e+01   7.7615844e+01
  -2.0051912e+01  -8.3173189e+01
  -3.3406666e+01  -5.6172543e+01
   5.1724567e+01  -6.3695398e+01
   4.6171494e+01  -8.2146093e+01
   3.7065067e+01  -7.6533342e+01
   5.6825724e+01  -4.6366308e+01
   2.1281012e+01   9.6254068e+01
   6.6861829e+01  -3.3797601e+01
   5.7958185e+01  -1.6566093e+01
   6.2911032e+01  -6.5820245e+00
  -3.0352233e+01   1.7501774e+01
  -1.8758910e+01   4.8552177e+01
   9.5951641e+00   7.5468392e+01
  -1.8672142e+01   7.2549228e+01
  -2.4718173e+01   2.5722264e+01
   7.1437665e+00   4.9410471e+01
  -1.7523544e+00   5.3639015e+01
  -5.9407957e+00   2.6074055e+01
  -3.9905770e+01   4.0689730e+00
  -1.7912659e+00   9.1340683e+01
  -5.4255681e+01   1.4121891e+01
   7.8940306e+00   8.6079316e+01
   4.3356921e+01   4.6471093e+01
   3.3392608e+01   2.8898097e+01
   5.1145032e+01   1.4127000e+01
   5.2604738e+01   2.3998217e+01
  -7.6021794e+01   1.2590586e+01
  -2.9407055e+01   8.1558588e+01
  -4.5019446e+01   6.9686052e+01
   6.1063454e+01   1.5246136e+01
   6.7607387e+01  -8.8517602e+01
   2.6154673e+01  -8.8509293e+01
   4.5206902e+01  -1.3603640e+00
   7.2764157e+01  -6.6860733e+01
  -4.2535593e+01   6.0021844e+01
   8.1826330e+01  -6.2638074e+01
  -9.7295582e+01   6.5309781e+01
  -5.2634949e+01   8.4803188e+01
  -8.9133307e+01   8.8414118e+01
  -1.1163749e+01  -7.6479578e+01
  -5.3967319e+01   4.7807885e+01
  -3.9134065e+01   8.9941919e+01
   3.0296953e+01   4.8310417e+01
  -5.4247883e+01   9.8668486e+01
  -7.8315357e+01   7.1905938e+01
  -3.3369035e+01   3.0674693e+01
   6.5425109e+00  -8.4866353e+01
  -2.1593138e+01   9.3731491e+01
   3.1634347e+01  -5.8508734e+01
  -9.3673001e+01  -6.1547642e+01
  -3.0896923e+01   9.7397496e+01
   5.1382485e+01  -2.4092120e+01
   4.7720239e+01  -3.3388771e+01
   1.1230259e+01  -7.5497167e+01
  -3.3902731e+01  -9.8478689e+01
  -4.1520354e+00  -4.4044664e+01
   1.3287730e+01  -4.5491282e+01
   2.3301985e+01  -2.9815841e+01
   3.5931445e+01  -8.6463420e+01
  -5.0194297e+01   2.3251377e+01
   3.3541366e+01   5.2902355e+00
   2.7593077e+01  -3.8868343e+01
  -8.9401863e+01   5.9816633e+00
  -7.3789761e+01  -5.4096783e+01
   6.1170114e+01  -5.8935642e+01
   8.1981680e+01  -4.3857819e+01
  -8.0057814e+01  -7.4873875e+01
   6.6045017e+01  -5.0209129e+01
  -9.8094148e+01   5.3961534e+01
  -9.0634447e+01   7.8528264e+01
  -8.2181324e+01  -3.6550412e+01
  -7.0177024e+01  -8.3423600e+01
  -8.1402234e+01  -8.4783090e+01
  -9.8726176e+01  -1.7910067e+01
  -5.4814230e+01  -9.5790695e+01
  -5.1546734e+01  -5.8888828e+01
  -5.4976079e+01  -7.2897546e+01
  -7.8284753e+01  -2.7146435e+01
  -6.4395445e+01  -9.8641179e+01
   5.7805256e+01   7.4633597e+01
   2.9230308e+01   6.4180243e+01
   1.7034273e+01   4.8651661e+01
   6.5173082e+01   4.6330829e+01
   9.9765687e+01   7.6523653e+01
  -5.9967529e+01  -4.5870427e+01
  -9.6367659e+01  -9.7050442e+01
   2.2029330e+01   3.2511098e+01
   9.8883478e+01   9.5094260e+01
   6.0587540e+01   9.1792110e+01
   3.0276726e+01   1.9409526e+01
  -8.9112169e+00   2.9145097e-01
   9.3593641e+01   8.4391674e+01
   6.4078314e+01   8.2421262e+01
  -1.0668153e+01  -1.5429916e+01
   9.0444342e+01   7.2894462e+01
  -2.1997540e+00  -1.0492444e+01
   8.9678758e+01   3.8700416e+01
   1.1549832e+01  -6.5367753e+01
   1.2100056e+01  -5.5408278e+01
  -1.4646043e+00   7.7236408e+00
  -7.4641545e+01  -6.5915557e+01
   9.5104498e+00  -9.4870416e+01
   2.4594227e+01   9.0858299e-01
   6.5575053e+01   6.3260965e+00
   9.5954388e+01  -1.1644457e+00
   8.8638058e+01   2.8754741e+01
   8.5062289e+01   6.4259973e+01
   6.8413090e+01  -1.4928162e+01
   9.7794311e+01   3.2775135e+01
   5.9947226e+01   3.7819851e+01
   5.1067418e+01   8.8737346e+01
   8.6147389e+01  -1.9765840e+01
   4.7995418e+01   7.9226195e+01
   3.9063909e+01   6.5556369e+01
  -9.2171875e+01  -3.5631731e+01
  -1.5642656e+00  -9.0710417e+01
   2.7112954e+01   8.2986106e+01
   1.7840215e+01   8.7088487e+01
   9.0107461e+01   5.5626375e+01
  -4.1884471e+01  -6.1439451e+01
  -2.3497036e+01  -6.1642819e+01
   5.7137567e+01   6.4542690e+01
   9.1721507e+01   1.9242019e+01
   7.4945247e+01   5.0004267e+01
  -2.1658172e+01  -5.1893486e+01
   5.6006441e+01  -9.5577133e+01
   4.6006646e+01  -7.2060104e+01
  -3.0144008e+01  -4.6755350e+01
   9.3208209e+00   2.0155315e+01
  -1.7665365e+01  -3.6497871e+01
  -3.3084302e+01  -2.8874945e+01
  -5.2650125e+01  -3.2175092e+01
   9.3908641e+01  -4.8142066e+01
   5.9221639e+00   6.7265690e+01
  -1.0347197e+01   7.5593322e+01
   1.5900319e+00   7.7240664e+01
