   3.8645819e+01  -3.9878405e+01
  -6.9351516e+01   7.1277185e+00
   7.6304836e+01   6.3286595e+01
  -6.5750732e+01  -5.3906412e+01
   7.2269609e+01  -4.1346104e+01
  -2.2225693e-01   6.9329483e+01
  -7.8569880e+00   6.2606180e+01
   3.7186467e+00  -7.2652383e+01
  -1.3413607e+01  -2.7446507e+01
   8.4644326e+01   8.2280569e+01
  -6.2354990e+01  -2.5497048e+01
   8.9201208e+01   4.1455056e+00
   7.4937209e+01   8.0156945e+01
  -6.2503770e+01   4.9172836e+01
   5.8067877e+01  -6.6470063e+01
   4.1651360e+01  -9.7174497e+01
  -7.7462785e+01   1.3757813e+00
  -3.1989141e+01   7.8202245e+01
  -9.9796219e+01   2.4242676e+01
   6.3237164e+01  -2.9705111e+01
  -3.1996167e+01  -7.2793249e+01
  -8.9195057e+01  -5.6235395e+01
  -6.1301630e+01  -8.9441465e+01
   1.4040232e+01   3.2383729e+00
   9.6847651e+01   6.2324021e+01
   3.8621192e+01   4.0200777e+01
   2.7539809e+01   7.3504205e+01
  -4.0039356e+01  -5.6109946e+00
  -4.2926973e+01   1.5627629e+01
   2.6809748e+01   4.4344996e+01
  -5.0183097e+01   3.8089641e+01
  -7.9288074e+01   4.3845657e+01
  -3.6188908e+01  -1.4709829e+01
   6.8211914e+01   6.9519495e+01
  -8.8690412e+01   4.0569391e+01
   7.5397725e+01  -5.5434843e+01
  -6.4741116e+00  -9.0307490e+01
   8.8336567e+00  -4.1972852e+01
  -4.9789279e+00  -2.2186910e+01
   3.8339079e+00  -5.0527105e+01
  -9.9658163e+01  -7.6846819e+01
  -7.4209198e+01  -9.3127927e+01
  -8.6687605e+01  -9.9309002e+01
  -1.1701924e+01  -9.9031877e+01
   1.0500447e+01   1.2509545e+01
   7.0279924e+00   2.1811429e+01
   1.3003180e+01  -3.0506127e+01
   6.2172502e+01   2.7286693e+01
   3.9180516e+01   8.8161158e+01
  -4.1958404e+00   5.3352114e+01
   2.0472759e+01   1.0858723e+01
   4.2622143e+01   3.1058235e+01
   4.9776312e+01   4.8393682e+01
  -4.9293567e+01   8.2322311e+01
  -8.8496634e+01   6.0813917e+01
   5.2623444e+01   5.0833276e-01
  -2.6570124e+01   5.3746623e+01
   1.8406582e+01  -3.9237121e+01
   4.6939079e+01  -4.9794315e+01
  -6.1190775e+01  -1.5478526e+01
   4.7216245e+01  -1.2856814e+01
   3.2047562e+01  -3.8473953e+00
  -7.9783037e+01  -4.1182556e+01
  -1.8555301e+01  -6.9124614e+01
   1.9539897e+01   6.7534410e+01
   1.9892514e+01   5.6443530e+01
   1.3302303e+01   9.7158169e+01
  -7.0638766e+01  -4.5200967e+01
   8.0899124e+01   7.2162843e+01
   5.0090454e+01   6.7872987e+01
   1.0411179e+01  -1.6184492e+01
  -8.3594157e+00  -9.9769933e+00
  -2.3296115e+01  -2.8085693e+01
   2.9664881e+01  -2.2086618e+01
   2.0195911e+01  -5.7935537e+01
   8.2467411e+01   1.3163890e+01
   7.5169853e+01   2.0000964e+01
   9.7376514e+01  -1.2508751e+01
   6.7033266e+01   5.9469419e+01
  -2.0164262e+01  -4.6042196e+01
   5.7501963e+01  -8.9216044e+01
   8.6131905e+01  -5.3869834e+01
   1.3024438e+01   2.9745901e+01
   2.6954473e+01   1.9015741e+01
   9.6370378e+00   3.9106855e+01
  -1.5585688e+01   3.7706267e+01
   1.0694430e+01   5.4728730e+01
  -3.6220333e+01   5.5145277e+01
  -7.5037515e+01   3.4822577e+01
  -7.6355449e+01   2.5139883e+01
   2.3314029e+01  -7.1433568e+01
  -7.8597356e+01   9.9373676e+01
   6.3360193e+01  -7.9960098e+01
  -5.9111163e+01   8.0383265e+01
  -9.3335213e+01   6.9500764e+01
   9.5400029e+01  -7.9353526e+01
   8.8378493e+01  -2.8702962e+01
   9.0502092e+01  -4.0300488e+01
  -2.1583851e+01  -9.8223952e+01
  -3.9160192e+01  -8.9815788e+01
  -9.0621505e+01  -3.5953316e+00
  -8.9987141e+01  -8.5917439e+01
  -5.7782669e+01  -6.1302373e+00
  -9.4010032e+01   1.6131815e+01
  -6.2371989e+01  -6.6072109e+01
  -5.3671792e+01  -8.3208500e+01
  -6.5290684e+01  -7.5999375e+01
   3.1377583e+01   9.4435008e+01
  -5.3209229e+01  -2.1482593e+01
  -1.0196827e+01  -4.6637771e+01
   8.7286814e+01   9.4755987e+01
   6.8386188e+00  -6.0949080e+00
  -2.4144524e+01  -1.8230729e+01
  -4.7821844e+01  -3.0320309e+01
  -9.9192216e+01  -2.3797695e+01
  -2.1903806e+01   7.1173060e-01
   2.5877056e+01  -1.1718614e+01
   3.5612167e+01  -1.3730851e+01
   8.5632326e+01   4.5580815e+01
   7.9973446e+01  -1.6019455e+01
   3.5984795e+01   7.8790860e+01
   2.0073122e+01   7.9694179e+01
  -3.4669900e+01  -5.5835067e+01
   3.5125608e+01  -7.8914674e+01
   6.2492286e+01  -3.9589695e+01
  -2.9028196e+01   1.8579640e+01
  -2.1453956e+01   4.5504196e+01
   1.0552479e+01   7.7776577e+01
  -1.3424955e+01   8.3406356e+01
  -2.7720485e+01   3.7874532e+01
  -4.0628657e+01   4.3308510e+00
  -5.4915856e+01   1.9992317e+01
  -3.6292690e+01   6.9772436e+01
   5.2700651e+01   1.2091193e+01
   6.2943433e+01  -9.7660839e+01
   2.1630661e+01  -9.9777830e+01
   6.6974321e+01  -6.0793872e+01
   8.5312506e+01  -6.3783338e+01
  -9.4189067e+01   9.0406612e+01
  -9.1061109e+00  -7.3737438e+01
  -5.9887011e+01   3.9483539e+01
  -3.9684033e+01   9.7551514e+01
  -8.4921764e+01   7.4550950e+01
   1.2911799e+01  -9.4903685e+01
  -2.0437243e+01   9.5505012e+01
   2.8648899e+01  -6.3097011e+01
   5.1115855e+01  -2.1935643e+01
   4.8677745e+01  -4.0120386e+01
   1.5689341e+01  -4.9100473e+01
   2.3493181e+01  -3.0645029e+01
   3.6094581e+01  -8.8865208e+01
   2.9251708e+01   6.0971092e+00
   2.8365111e+01  -3.9920496e+01
  -9.6403982e+01   6.4398612e+00
  -7.4377160e+01  -5.8943190e+01
   5.8021948e+01  -5.6576037e+01
   8.0790891e+01  -3.5169354e+01
  -7.9789631e+01  -7.4864602e+01
   6.6968216e+01  -5.0035112e+01
  -8.7424179e+01  -3.4752080e+01
  -7.0046141e+01  -8.4663245e+01
  -8.0057831e+01  -8.4849005e+01
  -5.5696813e+01  -9.7710504e+01
  -5.6605891e+01  -5.7918380e+01
  -5.5663698e+01  -7.3448681e+01
  -7.8725110e+01  -2.9444491e+01
   5.5881469e+01   7.5732646e+01
   2.8604222e+01   5.8961759e+01
   1.7091935e+01   4.7044909e+01
   7.2333405e+01   5.1153512e+01
  -5.9991411e+01  -4.5507540e+01
   1.9501354e+01   3.7460128e+01
   6.3585474e+01   9.8643245e+01
   3.7482017e+01   2.2641558e+01
  -1.2074051e+01  -6.8150912e-01
   9.9383697e+01   7.8784800e+01
   6.5110348e+01   7.9123215e+01
  -1.4314669e+01  -1.7704637e+01
   9.0821094e+01   7.3366301e+01
   7.2180274e-01  -1.3996305e+01
   9.5157786e+01   4.2536867e+01
   1.4367280e+01  -6.7132390e+01
   1.0242254e+01  -5.8097553e+01
   4.4186240e+00   4.6236022e+00
  -7.2014939e+01  -6.8629302e+01
   2.2692142e+01  -1.1486024e+00
   7.1786833e+01   1.0311348e+01
   8.4683583e+01   2.3332859e+01
   8.6747606e+01   6.4064008e+01
   6.9283810e+01  -1.0902254e+01
   5.8976644e+01   3.6906292e+01
   4.7591460e+01   9.3495018e+01
   8.9575101e+01  -1.8791554e+01
   4.6359678e+01   7.8754895e+01
   4.1370806e+01   7.0768299e+01
  -9.7355306e+01  -3.3626187e+01
   3.0681047e+00  -9.3249976e+01
   2.8428192e+01   8.4980537e+01
   1.9657746e+01   8.9574556e+01
   9.1549409e+01   5.3846212e+01
  -3.8182677e+01  -6.5106810e+01
  -2.7290855e+01  -6.4323883e+01
   5.9212004e+01   6.5208732e+01
   8.1609525e+01   5.4812405e+01
  -1.4877744e+01  -5.5461996e+01
   4.4771025e+01  -7.7099234e+01
  -3.0128180e+01  -4.6515152e+01
   1.6878398e+01   2.0167512e+01
  -1.6501246e+01  -3.6835180e+01
  -3.6739091e+01  -3.2583450e+01
  -5.7058530e+01  -3.3976783e+01
   9.5943057e+00   6.7873478e+01
  -7.7704747e+00   7.5448176e+01
   9.9909420e-01   7.9671240e+01
  -8.4539425e+00   3.0819814e+01
  -3.0044911e+00   3.9077294e+01
  -8.1874284e+01   5.3461887e+01
  -9.1975787e+01   4.9957560e+01
  -1.0310050e+01   4.5785207e+01
  -2.8558176e+00   2.2782650e+01
  -1.5207424e+01   6.9373451e+01
  -1.7941751e+01   2.8454290e+01
  -3.2791238e+01   4.6052915e+01
  -1.4572832e+01   5.4615173e+01
  -5.6829585e-01   8.9443478e+01
  -6.6231245e+01   2.1630135e+01
  -6.5713332e+01   3.1511152e+01
  -5.7623311e+01   3.7598209e+00
  -6.5160710e+00  -3.4505798e+01
  -4.9018126e+01  -1.3864003e+00
  -2.8004802e+01  -9.2128827e+00
  -4.7253864e+01  -1.2463307e+01
  -3.2303774e+01  -2.3811479e+01
  -1.8167255e+01  -8.5334870e+00
   3.0146129e+01   3.4923961e+01
   5.4479426e+01  -7.5688953e+01
  -5.0044144e+01   6.3609864e+01
  -5.2690102e+01   4.6377431e+01
  -8.4068394e+01   3.1418534e+01
   6.5244004e+01   1.7823120e+01
  -3.0459047e+01   6.2765928e+01
   2.5516097e+01  -8.1078954e+01
  -6.7058625e+01  -2.4885438e+00
  -7.0813855e+01  -1.2283294e+01
   3.7839347e+01  -4.9459434e+01
  -5.7192418e+01   8.8163947e+01
  -6.5809400e+01   9.1175577e+01
  -9.9850516e+01  -5.8751625e+01
   9.7393125e+01  -3.3066602e+01
  -4.5521475e+01   5.4684567e+01
  -7.5467212e+01   7.5591634e+01
  -8.8574756e+01   9.8709927e+01
  -3.9850665e+01   8.3904733e+01
  -6.9361567e+01   4.2430766e+01
  -9.5309500e+01  -6.7655354e+01
   6.7719506e+00  -8.3897183e+01
  -9.6068409e+00  -6.3894914e+01
   1.6763709e+01  -8.5719244e+01
   5.6032949e+01  -4.6922884e+01
  -5.1409228e+01   2.8832432e+01
  -8.1523918e+01  -7.7473513e+00
   3.3464628e+01  -3.1334187e+01
   4.3635006e+01  -3.1528376e+01
   9.8528979e+01  -2.3307133e+01
  -2.5474796e+01  -8.3437514e+01
   4.8497699e+01  -5.9430375e+01
  -9.8447070e+01  -1.1973652e+01
  -7.9940674e+01   6.5923464e+01
   3.3463232e+00  -3.3835982e+01
   1.8512820e+01  -2.1994171e+01
   4.7541567e+00  -2.4134331e+01
   8.1495256e+01  -4.5090542e+01
  -8.6412732e+01   5.8193127e+00
  -9.8025650e+01   5.7882953e+01
  -9.2529866e+01   8.0682355e+01
  -4.4187510e+01  -8.0990078e+01
  -6.6076799e+01  -9.8163340e+01
  -6.6817340e+01  -3.5977602e+01
  -7.1798343e+01  -2.2233784e+01
   6.2485583e+01   8.8751442e+01
   8.9961331e+01   3.3923645e+01
  -2.3390015e+00  -2.3325991e+00
  -8.3005997e+01  -6.4095484e+01
  -8.0591785e+01  -5.1140988e+01
   9.3498811e+01   8.6867550e+01
   7.2334095e+01   8.9801496e+01
   1.6446694e+01  -8.5764217e+00
   4.0949379e+01  -2.2073540e+01
  -8.8866979e+01  -4.5550312e+01
   1.4878985e+00  -6.2906448e+01
  -4.9351310e+00  -5.5132368e+01
  -8.9020646e+01  -2.4885655e+01
  -8.1153917e+01  -1.8716480e+01
   9.6492501e+01  -2.6426555e+00
   9.4821812e+01   2.5184326e+01
   7.9236056e+01   3.6976198e+00
   9.2181191e+01   1.5539271e+01
   8.7862620e+01  -8.2760808e+00
   4.7534522e+01   2.0638213e+01
   5.8319130e+01   5.3588334e+01
   5.2451034e+01   2.9307899e+01
   5.3315632e+01   8.5384341e+01
   4.8995017e+01   3.8611011e+01
   3.9811210e+01   9.9732336e+01
   7.8087262e+01  -6.2093658e+00
   6.2968768e+01  -1.5427413e+00
  -9.8656196e+01  -4.3540222e+01
   2.2870409e+01   2.8113558e+01
   4.9308693e+01   5.8164182e+01
   6.4138584e+01   4.5459003e+01
  -4.5972109e+01  -7.1242460e+01
  -1.6382092e+01  -8.9014492e+01
  -1.7181822e+01  -7.8986818e+01
   5.1647879e+01  -9.7374465e+01
   4.7905900e+01  -8.6496862e+01
   4.2772392e+01  -6.7492384e+01
  -2.4766604e+01  -5.4833768e+01
   6.7063250e+01  -7.0765725e+01
  -4.6814606e+01  -5.9901326e+01
  -2.7744857e+01  -3.6904893e+01
   7.5600911e+01  -6.5680177e+01
  -4.3235010e+01  -2.1594970e+01
   3.7196713e-01   1.3525158e+01
   9.6807910e+01  -4.9869243e+01
   7.3130534e+01  -2.8820696e+01
   5.6468834e+01  -9.1193290e+00
   6.7351309e+01  -2.0669097e+01
  -3.2130103e+01   9.4540961e+00
  -4.9460142e+01   8.9283207e+00
   5.3538122e+01  -3.1532551e+01
  -7.2115663e+01   5.1880515e+01
  -9.8932426e+01   4.1049157e+01
  -2.4997778e+01   7.1116816e+01
   3.2995070e+00   4.6786723e+01
   2.7996246e+00   6.0149254e+01
   2.8215388e+00   3.0985523e+01
  -2.1060040e+01   6.1835319e+01
  -3.1768672e+01  -2.3559505e-01
  -2.7268160e+01   2.8337380e+01
  -3.5652282e+01   2.5279655e+01
   3.4449036e+00   9.8549472e+01
  -6.1426165e+01   1.2909852e+01
  -9.7069227e+01  -9.2963785e+01
   7.4772800e+01  -9.5741967e+01
  -3.0905000e+01   8.8018586e+01
   6.1977763e+01   8.3900342e+00
   3.6392650e+01   1.2841320e+01
   9.4345759e+01  -5.9554209e+01
   9.3394426e+01  -6.9578892e+01
   6.7611435e+01  -8.8857240e+01
   2.6329509e+01  -9.0984840e+01
   3.7671632e+01  -5.9146612e+01
  -8.9709904e+01  -7.5929079e+01
  -7.4447531e+01   1.5545066e+01
  -4.2612809e+01   4.5216606e+01
  -4.4834492e+01   7.2209783e+01
   4.1839386e+01  -4.5752428e+00
  -7.5502260e+01   8.9874249e+01
  -4.8822076e+01   9.8994339e+01
  -2.2943413e+01   8.1397389e+01
  -5.4744498e+01   5.4993237e+01
  -6.8271767e+01   8.1662834e+01
  -9.9220441e+01   9.8964548e+01
  -3.0019732e+01   9.7887771e+01
  -9.3796984e+01   3.2057396e+01
  -2.9618660e+01  -9.2483615e+01
  -5.3396131e+01   7.3509152e+01
   3.3808161e+01   6.6199327e+01
  -4.4501119e+01  -9.7564669e+01
  -3.4632549e+01  -8.1811037e+01
   2.8675711e+01  -4.9895398e+01
  -4.2253348e+01   3.3818848e+01
  -4.4045501e+01   2.4394448e+01
  -5.3131900e+01   9.3032883e+01
  -8.1239944e+01  -9.5974155e+01
