   2.6756843e+01   6.8266568e+01
   6.7290360e+01   5.6051907e+01
  -4.7377896e+01   3.6332468e+01
  -7.7773893e+00  -6.0223690e+01
  -9.6451383e+00  -5.0832994e+01
  -8.1956545e+01   1.2203103e+01
   5.2304750e+01  -5.0225581e+01
   7.6519515e+01  -4.9282489e+01
  -6.3648141e+00  -3.2776303e+01
   6.7621963e+01  -1.4848456e+01
  -3.1532495e+01  -5.4749408e+00
   6.8613097e+01   4.1329978e+00
  -9.5365167e+01  -3.3981612e+01
   7.9018292e+01  -2.7808884e+01
   4.1667368e+01   5.3897714e+01
   4.2786538e+01   1.6428196e+01
   1.3296861e+01   1.2092565e+01
  -4.9215216e+01  -8.9094268e+01
   7.9457074e+00   2.0358089e+01
  -9.9581672e+01   1.4348117e+01
  -2.6702491e+01   8.2395034e+01
   5.8252548e+01   3.1780867e+00
  -4.1538954e+01  -6.8569574e+00
  -3.4385425e+01  -9.9053676e+01
  -1.7408533e+00   7.4243292e+01
  -2.6252367e+01   5.2160249e+01
  -6.1056314e+01   3.5457305e+01
  -5.0050841e+01   6.3767767e+01
   4.7320172e+01  -7.4828283e+01
  -7.6473767e+01  -7.7258606e+01
   1.3554346e+01  -3.0212813e+01
   2.0152078e+01   1.9303958e+01
   2.6509323e+01  -2.2038328e+00
  -3.5780942e+00  -6.0097609e+00
   1.1604621e+01  -1.4226895e+01
   8.5209655e+01   1.2513222e+01
   8.3805626e+01   6.7149583e+01
   9.9562127e+01   3.9579576e+01
  -5.0672855e+01  -1.8114813e+01
  -3.1651667e+01  -5.5650569e+01
  -6.9405764e+01  -7.0467068e+01
   8.8754186e+01  -4.7042245e+01
  -1.5653921e+01  -2.9611568e+01
  -5.3815294e+01   2.8782251e+01
  -7.6026671e+01   7.6629025e+01
  -4.7104100e+01   9.7445828e+01
  -8.1974834e+01   9.4182437e+01
  -2.7610535e+01   3.4300451e+01
  -5.5261874e+01   1.7198596e+01
  -2.8932525e+01   8.8033543e+00
   8.1339047e+01  -6.5148872e+01
  -7.8350577e+01   3.6604112e+01
   2.0476738e+01  -7.6262657e+01
   3.9274789e+01  -1.9704773e+01
  -5.7116064e+01  -3.1035757e+01
  -8.9742601e+01  -2.0776669e+01
   9.6742327e+00  -5.8019896e+01
   7.5468526e+01   9.9390614e+01
   5.4957081e+01   3.0473368e+01
  -8.5231218e+01  -6.7278406e+01
   4.1462402e+01   3.5847257e+01
   6.1149584e+01   8.6855523e+01
   6.5911034e+01   6.6907432e+01
  -1.1989576e+01  -2.0463524e+01
   9.3517044e+01   6.4791460e+01
  -3.0919970e+01  -2.5532389e+01
   9.3694271e+01   1.7761986e+01
  -3.5913780e+01  -6.6544014e+01
  -3.9514426e+01  -9.0221436e+01
   2.9401266e+01  -2.1160910e+01
   1.6078310e+01   5.5792190e+01
   8.5015330e+00   8.2159097e+01
   4.5558146e+01  -9.4610616e+01
  -7.9174981e+00   8.2092164e+01
  -3.5918024e+01   5.2452443e+01
   8.1831689e+00  -9.5978955e+01
  -1.9161595e+01   2.8246278e+01
   1.9517431e+01  -5.7112638e+01
  -5.1717868e+01   8.8611153e+01
   8.7032103e+01  -1.8270281e+01
  -9.0477104e+01   2.0796535e+01
  -8.7503400e+01  -8.7393274e+01
   1.4836076e+01  -4.8348624e+01
   2.4607902e+01  -4.8121641e+01
  -7.7365406e+01  -3.6435983e+01
   3.1479267e+01   3.5699693e+01
   6.3443260e+00  -5.8810127e+00
   8.3660004e+01   9.3769857e+01
   4.4338464e+01   6.1120105e+00
   8.3941156e+01  -2.9780808e+00
   6.7555392e+01   2.2179385e+01
   5.8321834e+01   6.0417578e+01
  -8.8623142e+01  -4.7959540e+01
   6.9649441e+01   8.0904058e+01
   4.4026993e+01   7.0960109e+01
   6.5152400e+01   4.6304691e+01
   3.6242396e+01   6.6244547e-03
  -1.2938509e+01  -9.9858126e+01
  -3.0608822e+01  -4.5835784e+01
  -4.8458751e+01  -2.9161490e+01
  -7.1188401e+01  -1.5820627e+01
  -6.5357873e+01  -5.0325671e+00
  -7.6979069e+01   3.6373511e+00
  -2.1732074e+01  -2.2267178e+01
  -2.6145206e+01  -6.3834237e+01
  -6.8109049e+01  -8.2660193e+01
  -2.2786738e+01  -8.2894014e+01
   1.9465440e+01  -2.0270811e+01
   1.9211134e+01  -8.6041687e+01
   4.6819798e+01  -8.4733532e+01
   1.3669344e+01   2.8368384e+01
   2.0299035e+01   3.5619941e+01
  -9.4140241e+01   3.1354576e+01
   5.4924455e+01  -9.0568624e+01
  -9.9911789e+00   4.4377925e+01
   3.1796417e+01   8.3726319e+01
  -1.0296562e+01   6.9105513e+01
   6.8404939e+00   5.2379250e+01
  -5.5784140e+01  -2.0194126e+00
   4.7561455e+01  -3.0003126e+01
   5.6739534e+01  -2.6192875e+01
  -2.0235583e+01   6.9436371e+01
  -1.1655984e+01   9.9997321e+01
  -2.9443003e+01   9.1994221e+01
  -6.1592696e+01   8.9620355e+01
   3.9380830e+01  -5.6698320e+01
  -4.5893143e+01   1.7249064e+01
   4.2728421e+01  -4.7372096e+01
   6.2687165e+01  -6.3177307e+01
  -6.0986262e+00   3.0047723e+01
   2.7788786e+01  -9.3398546e+01
  -5.4639772e+01   4.3059831e+01
  -4.3202620e+01   7.1051790e+01
  -7.5877026e+01  -5.4741399e+01
   3.3018793e+01  -4.3122715e+01
  -7.9781293e+01   5.7769080e+01
  -5.9108772e+01  -4.8361195e+01
  -4.6782461e+01  -6.4215212e+01
  -8.2961647e+01  -1.2578678e+01
  -1.2334789e+01  -1.0615562e+01
   5.9091979e+01   1.8404831e+01
   7.9597122e+01   8.1214552e+01
   9.2301239e+01   8.8906029e+01
   2.2640787e+00   1.2206745e+01
  -2.0940200e+00  -7.6451664e+01
  -9.7902631e+01   4.0523768e+01
   5.6011039e+01  -6.4688927e+00
   6.3092276e+01   1.1538426e+01
  -2.2747923e+01   1.1855912e+00
   9.2300185e+01  -9.8172047e+00
   1.8480508e+01   3.6907639e+00
  -1.8969364e+00   2.1170249e+01
   6.3931766e+01   9.8501470e+01
   6.0864769e+01   7.6327991e+01
  -8.3687531e+01  -9.9360179e+01
   2.6317312e+01   5.8313143e+01
   3.5934571e+01   6.3276695e+01
   3.1271839e+01   1.9015703e+01
   7.5140834e+01   6.2197175e+01
   4.7605734e+01   6.1744493e+01
   5.1301295e+01   8.8591972e+01
   7.5244433e+01   4.9997047e+01
   5.1827574e+01   5.2892108e+01
   8.4121037e+01  -5.5734669e+01
   8.7875886e+01  -3.7189301e+01
  -1.2024231e+01  -7.6950284e+01
  -9.9723355e+01   6.9612496e+01
   7.2633433e+01   1.3609025e+01
   9.8576099e+01  -2.0585267e+00
   9.2353768e+01   2.7666754e+01
  -4.1287347e+01  -8.0451171e+01
  -4.4506739e+01  -9.8757847e+01
  -9.1692309e+01  -8.4439157e+00
   9.7264717e+01   8.0282100e+01
   8.6666367e+01   4.6825669e+01
  -7.9197787e+01  -4.5862875e+01
  -3.0717134e+01  -7.4219790e+01
  -1.6686324e+01  -5.8015240e+01
  -4.7765099e+01  -7.3731228e+01
   3.7327241e+01  -9.9058668e+00
  -2.7393188e+01  -9.1952672e+01
   2.5203917e+01  -1.2098373e+01
  -5.4421891e+01  -9.7457166e+01
   7.8379597e+01   5.2915536e+00
   2.3381380e+01  -2.9413939e+01
   2.5394250e+01   1.0831319e+01
   9.3898036e+01  -9.7365202e+01
  -3.0540851e+00  -9.8456103e+01
   6.5563735e+01  -7.5443459e+01
   7.8238340e+01  -9.4896193e+01
  -1.7581782e+01   8.8873339e+01
  -2.1342682e+01   4.2444866e+01
  -3.9894968e+01   6.1641287e+01
  -9.2054779e+00   5.7859977e+01
  -1.7362104e+01   7.8921788e+01
  -3.5989204e+01   7.8822963e+01
  -6.2655551e+01   2.5009985e+01
  -4.1110042e+01   4.3954809e+01
   3.5812110e+01  -9.9290048e+01
   1.8948053e+01   9.7726167e+01
  -8.5973271e+01   7.5733964e+01
   1.7820661e+00   8.9542541e+01
   9.0548690e+01  -6.9335974e+01
   2.9936544e+01  -7.3788530e+01
   7.0914282e+01  -5.7546640e+01
   3.4677110e+01   7.4224105e+01
   8.0324853e+00   7.2199042e+01
   1.6976516e+01   6.6613534e+01
   2.4748228e+01   4.4379936e+01
  -5.5131836e+01   5.3859296e+01
  -3.8782125e+01   8.8395784e+01
  -3.6664523e+01   9.8899886e+01
  -7.0312160e+01   9.4508079e+01
  -3.1213469e+01   4.3592953e+01
   2.8901594e+01  -8.3570776e+01
  -5.2798552e+01   7.3666984e+01
  -4.5739673e+01   8.0695244e+01
   7.7075020e+01  -1.8005926e+01
  -3.6483644e+01   2.1762994e+01
   6.9147494e+01  -4.2548439e+01
  -9.0989690e+01   9.8154149e+00
  -3.7568823e+01   3.4036358e+01
  -1.0923899e+00   3.8689884e+01
  -1.3909618e+01   3.5902038e+01
  -3.3427733e+01   6.9246734e+01
   9.8284462e+01  -3.6726737e+01
  -8.7805781e+01   3.9582755e+01
  -7.6303661e+01   2.3849288e+01
  -8.4634088e+01   2.8903112e+01
   1.7228981e+01  -6.1090485e+00
  -9.5517597e+01   7.8659416e+01
   9.0447916e+01  -2.7609409e+01
   4.1315686e+01   8.7936955e+01
  -6.9483664e+01   4.1016359e+01
  -7.2634413e+01   5.0893659e+01
   1.7734324e+01  -6.6807572e+01
   1.0325638e+01  -3.9417618e+01
  -6.6741338e+01  -3.3120892e+01
  -6.9798739e+01  -4.2606306e+01
  -1.7178312e+00   9.8902030e+01
   5.0640794e+00  -4.7420353e+01
  -6.0024550e+01  -8.9047905e+01
  -8.6311706e+01  -7.7512044e+01
  -7.6137755e+01  -6.4083777e+01
  -8.5156467e+01  -5.7197150e+01
  -5.4317145e+01  -8.0985607e+01
   6.9529704e+01  -2.4660427e+01
  -6.0537039e+01   6.5879742e+00
  -6.2877680e+01  -6.0951473e+01
  -9.6926022e+01  -5.3096750e+01
  -6.4311850e+01   1.5499863e+01
  -4.9396331e+00  -4.2404946e+01
  -2.7341927e+00  -2.3838919e+01
   1.0296746e+00  -1.4767143e+01
   3.5106171e+00  -3.2202081e+01
   2.2153628e+01   7.9305689e+01
   8.8762389e+00   3.7908509e+01
  -2.6018380e+01  -3.5024982e+01
   4.7050408e+01  -1.3447668e+01
  -9.4149971e+01  -7.1523306e+01
  -3.0970947e+00   3.8769948e+00
   7.0176205e+00  -2.2888487e+01
   7.6770548e+00   3.9041270e+00
   4.6488692e+01  -3.5196117e+00
  -9.5558583e+01   5.0182850e+01
   7.4462084e+01   7.2158938e+01
   9.3015480e+01   5.4804591e+01
   8.8178996e+01   7.6128078e+01
   3.7707429e+00   2.9387396e+01
   7.0329405e+01   9.0834136e+01
   9.7072539e+01  -1.9351426e+01
  -2.2045272e+01  -8.6515386e+00
   5.2506277e+01   9.8502639e+01
   2.0196971e+01  -3.8868198e+01
  -7.6834998e+01  -9.2077131e+01
   5.3877634e+01   6.9347351e+01
  -1.1993610e+01  -6.6799601e-01
  -3.9847966e+01  -2.8835943e+01
   5.0324619e+01   7.8673060e+01
   8.3111472e+01   5.6169501e+01
   5.5376291e+01   4.3981970e+01
   5.2096326e+01   1.1886688e+01
   2.5927860e+01   2.7413321e+01
   3.5249817e+01   9.9124021e+00
  -5.9928095e+01  -2.2246933e+01
  -2.1820491e+01  -4.3047737e+01
  -2.8993434e+01  -1.5738584e+01
  -8.6896047e+00  -8.6259251e+01
   9.7722350e+01  -7.6302832e+01
   8.9816865e+01   3.7337043e+01
  -9.8325728e+01   5.9744879e+01
  -1.3979530e+01  -6.7339110e+01
   9.9345377e+01   9.5141578e+00
   9.0836438e+01   4.2622420e+00
   8.0895618e+00  -6.7828060e+01
  -7.4980200e+01  -6.6963020e+00
  -5.9417504e+01  -1.2750899e+01
  -4.0387125e+01  -1.6789997e+01
   7.9563152e+01   2.0733277e+01
  -2.3225853e+01  -5.1986339e+01
  -1.7432757e+01  -9.1051428e+01
  -6.4388002e+01  -9.7964241e+01
  -3.2388158e+01  -8.3618076e+01
  -2.1257027e+01  -7.3296481e+01
   7.5384041e+01  -8.1490651e+00
  -3.7959747e+01   1.1995960e+01
   9.4409687e+01  -8.5738180e+01
   5.6410662e+01  -7.0866238e+01
   3.8331132e+01  -7.9055224e+01
   3.7696888e+01   2.6636475e+01
   4.5627718e+01   4.4840847e+01
   4.0946090e+01  -3.7345656e+01
   5.0381096e+01  -4.0448844e+01
   6.6039181e+01  -8.5485940e+01
   6.8244245e+01  -9.5239795e+01
   3.2452075e+01   5.0468339e+01
   5.7141230e+01  -8.0824158e+01
   5.7745981e+01  -1.6275444e+01
  -1.6245062e+00   6.4209919e+01
   3.3107683e+01  -3.1224710e+01
   4.4296461e+01  -6.5390063e+01
  -4.6551329e+01   1.7950941e+00
   3.7311922e+01  -8.8963734e+01
  -2.6299534e+00   5.0424633e+01
  -8.3165880e+01   4.8417075e+01
   1.6779793e+01   8.7748124e+01
   6.1825463e+01  -5.3243894e+01
  -2.1488383e+01   9.8052912e+01
   5.2737611e+01  -6.0178946e+01
   7.1661600e+01  -6.7534453e+01
   1.0647309e+01  -7.7356228e+01
  -8.0142092e+01   6.7639921e+01
  -9.0041748e+01   6.6370572e+01
   9.3309530e+01  -5.9724833e+01
  -4.5529257e+01   5.3427733e+01
   1.4901932e+01   4.5828836e+01
   2.7578998e+01   9.2738171e+01
  -5.7987942e+01   9.8918471e+01
   1.8154499e+01  -9.5918833e+01
   8.1538071e-01  -8.9236870e+01
   8.0874144e+00   6.2229894e+01
  -6.0873824e+01   7.9532523e+01
   9.0523140e+00   9.6400376e+01
  -7.0094319e+01   8.4533278e+01
  -9.1946115e+01   9.7514206e+01
   7.7909163e+01  -3.7742932e+01
  -2.6732291e+01   6.1990589e+01
  -2.7047663e+01   2.3015360e+01
  -1.6647920e+01   5.1456518e+01
  -7.0033949e+01   3.1287879e+01
  -9.9527890e+01   3.1567553e+00
  -6.7156277e+01  -5.2101069e+01
  -9.6719929e+01  -8.0923682e+01
  -9.0999119e+01   8.7565270e+01
  -6.3079305e+01   4.8316192e+01
   2.9405277e+01  -5.6758304e+01
  -9.4913809e+01  -9.5142489e+01
   3.6702658e+01   9.6809051e+01
   9.8706623e+01  -4.6718085e+01
  -4.4456222e+01   2.6959433e+01
  -5.3769551e+01  -5.7081738e+01
   2.1518231e-01  -5.5507913e+01
  -9.3654234e+01  -6.2000138e+01
   3.4427431e+01  -6.5218906e+01
  -7.3212428e+01   1.4663819e+01
  -6.1278143e+01  -7.4729402e+01
  -4.0192627e+01  -5.8467790e+01
  -8.4608446e+01  -2.9218789e+01
  -7.9713233e+01  -2.0955576e+01
  -7.3880463e+01  -2.7640661e+01
  -1.3130839e+00  -6.6763509e+01
   9.9972193e+01   9.5282686e+01
  -1.3890433e+01  -3.8950790e+01
  -8.3949635e+01  -2.8928464e+00
  -9.9684006e+01  -2.0656399e+01
   6.0782769e+01   3.6588563e+01
  -6.0081459e+01  -3.9478788e+01
  -8.6738519e+01  -3.8568365e+01
  -5.5327325e+01  -6.7487007e+01
  -3.4345887e+01  -3.5545680e+01
  -9.7425616e+01  -4.3496263e+01
   5.3965454e+01   2.2939149e+01
