   4.0506639e+01   1.3416737e+01
   3.2602518e+01  -1.2337116e+01
  -2.0679801e+01  -1.9952322e+01
   3.4590731e+00   2.0644057e+01
   6.2930934e+00  -3.5087711e+01
   9.7688843e+00   1.1300678e+01
   5.4513057e+00  -2.5125534e+01
   2.5259583e+01  -5.5488754e+00
   6.0245936e+00   2.0326741e+00
   2.9263124e+01   4.5777970e+01
  -3.8614680e+01   1.1950519e+01
  -1.4526169e+01   2.9329013e+01
   4.2260557e+01  -2.7399112e+01
  -3.3006905e+00  -2.0291069e+01
  -1.5877197e+01  -4.1303613e+01
  -6.0577074e+00  -5.9616184e+01
  -2.5580379e+01  -3.8737756e+01
  -2.9097926e+01   8.8803883e+00
  -4.1861364e+01  -6.2720508e+00
  -1.4373756e+01  -9.8670037e-01
   4.7310170e+00   3.3928467e+01
   3.5698304e+01   4.6489932e+00
  -2.2001785e+01   3.5970736e+01
   2.3849644e+01  -3.5185316e+01
  -4.6123028e+01   4.9352514e+00
   6.9211529e+00  -4.5066216e+01
  -3.6585595e+01  -1.4766068e+01
  -4.8635537e+01  -3.0448815e+01
   4.6830905e+01   2.8129624e+01
  -2.5110934e+01  -2.8964060e-01
   1.6023089e+01   1.9295367e+00
  -5.9005957e+00   5.0180847e+01
   5.1766037e+01  -1.4372499e+01
   2.8166183e+01   2.3205807e+01
   1.4284860e+01   3.6881929e+01
   3.4797129e+01   3.2553819e+01
   2.7747659e+01  -4.4394077e+01
   2.2837140e+01  -1.5250198e+01
   4.2210491e+01  -1.7320629e+01
   1.5113609e+01  -3.0319031e+01
   5.7159527e+00  -1.5130634e+01
  -1.1957456e+01  -2.5295612e+01
  -1.1202575e+01  -5.0143659e+01
  -5.1473013e+01  -3.5131685e+00
  -4.8630730e+01   1.4615525e+01
  -3.0710627e+01   1.8748146e+01
   1.3013702e+01  -5.2994982e+01
   1.6386804e+01  -4.1841388e+01
  -2.0806971e+01  -2.9951226e+01
   5.7462562e+01   1.2815835e+01
  -7.9256585e+00  -1.1427042e+01
   3.8165687e+01   2.3138525e+01
  -4.3774395e+01  -2.1712819e+01
   3.0137198e+01   1.3402400e+01
   1.3458236e+01   2.0591234e+01
   3.9115291e+01  -4.7488674e+00
  -1.7708224e+01   5.0965015e+01
   7.4631758e-01  -6.4552751e+00
   6.5022035e+01  -1.0912332e-01
   1.6095970e+01   5.6558507e+01
  -3.2254891e+01   3.8057371e+01
  -2.3563076e-01   1.1351820e+01
   2.5598425e+01   3.6475044e+01
   1.1570178e+01  -7.0238783e+00
   1.9351337e+01   4.7103216e+01
   3.3422153e+01  -3.2292811e+01
   2.7631972e+01  -5.4393308e+01
   1.4240573e+01  -2.0357432e+01
  -2.3354713e+01  -5.4857981e+01
   2.3962210e+01  -2.5186297e+01
  -5.0483227e+00  -4.0594326e+01
   3.3534632e+01  -2.2293491e+01
  -4.1423599e+01   2.1547779e+01
  -5.7377934e+01   1.9461650e+01
  -5.8694596e+01  -1.0572485e+01
  -3.6512220e+01   2.1741239e+00
  -4.9051753e+01  -1.3219256e+01
  -1.7864180e+01  -1.0357252e+01
  -3.5104337e+00  -3.0713288e+01
  -1.2285317e+00  -5.0859887e+01
  -2.9956692e+01  -2.3685688e+01
  -2.7850347e+01  -9.9058446e+00
   7.4598700e+00  -6.1310772e+01
   4.5695305e+01   4.8682827e+00
  -5.3913807e+01  -2.1956597e+01
   4.9172074e+01   1.8407545e+01
  -3.3790016e+01  -3.2921768e+01
  -3.0225918e+01  -4.7592786e+01
  -5.3097588e+00   2.5449828e+01
   1.9703359e+01   1.2441811e+01
   2.5701451e+01   4.4406896e+00
  -1.0599701e+01   5.9007987e+01
   1.9647125e+01   2.8441682e+01
   5.5519977e+01   3.0063546e+00
  -5.2798820e+00   3.5449696e+01
   7.6645673e+00   5.1168592e+01
   4.9115194e+01  -4.7302578e+00
  -4.9029171e+00   2.2228630e+00
  -2.4015632e+01   2.6175688e+01
  -3.3961106e+01   2.8204360e+01
   1.4144259e+00   4.3362458e+01
   3.9152136e+01   4.7261446e+01
  -1.2349776e+01   4.2521876e+01
