   2.1570000e+03
   2.1590000e+03
   1.9730000e+03
   2.0570000e+03
   2.1930000e+03
   1.7730000e+03
   1.9070000e+03
   1.9390000e+03
   1.9530000e+03
   2.2570000e+03
   1.7850000e+03
   2.0650000e+03
   2.0190000e+03
   1.8670000e+03
   1.9970000e+03
   2.2230000e+03
   2.0330000e+03
   1.9110000e+03
   2.2050000e+03
   2.0350000e+03
   2.0270000e+03
   1.8270000e+03
   1.9370000e+03
   1.8450000e+03
   1.8470000e+03
   1.8570000e+03
   1.8870000e+03
   2.1510000e+03
   1.8650000e+03
   1.9990000e+03
   1.8910000e+03
   2.0430000e+03
   1.9250000e+03
   2.1810000e+03
   1.9570000e+03
   1.9590000e+03
   2.1850000e+03
   2.2130000e+03
   2.0030000e+03
   1.9410000e+03
   2.0250000e+03
   2.0530000e+03
   2.2530000e+03
   1.7790000e+03
   2.1370000e+03
   1.8330000e+03
   1.8390000e+03
   2.0670000e+03
   2.0690000e+03
   1.8610000e+03
   2.0770000e+03
   2.1130000e+03
   1.8770000e+03
   1.8950000e+03
   2.1550000e+03
   2.0370000e+03
   2.1470000e+03
   2.1290000e+03
   1.9130000e+03
   2.1390000e+03
   1.9290000e+03
   2.2270000e+03
   2.1910000e+03
   1.9450000e+03
   2.0110000e+03
   2.2670000e+03
   1.9890000e+03
   2.2450000e+03
   2.0010000e+03
   1.7910000e+03
   2.2430000e+03
   1.7770000e+03
   1.7870000e+03
   1.8010000e+03
   2.0290000e+03
   2.0310000e+03
   2.0490000e+03
   2.0450000e+03
   2.2290000e+03
   1.8290000e+03
   2.0630000e+03
   2.0590000e+03
   1.8350000e+03
   1.8430000e+03
   1.9150000e+03
   1.8550000e+03
   1.8530000e+03
   2.0810000e+03
   1.8590000e+03
   2.0970000e+03
   1.8730000e+03
   2.0890000e+03
   1.8810000e+03
   2.0730000e+03
   2.1530000e+03
   2.1170000e+03
   2.0610000e+03
   2.1430000e+03
   2.2350000e+03
   2.0750000e+03
   2.0790000e+03
   2.1670000e+03
   2.1250000e+03
   2.1310000e+03
   1.9030000e+03
   1.9210000e+03
   2.1950000e+03
   1.9310000e+03
   2.1610000e+03
   2.1450000e+03
   2.1630000e+03
   1.9550000e+03
   2.2090000e+03
   2.1650000e+03
   2.2030000e+03
   1.9510000e+03
   1.9610000e+03
   2.0410000e+03
   2.0910000e+03
   2.2250000e+03
   2.2150000e+03
   2.1070000e+03
   2.2510000e+03
   2.2110000e+03
   2.0090000e+03
   2.2470000e+03
   1.9910000e+03
   1.9950000e+03
   2.1750000e+03
   2.1970000e+03
   2.1990000e+03
   2.1490000e+03
   2.0070000e+03
   2.0050000e+03
   1.7820000e+03
   2.0150000e+03
   2.0170000e+03
   2.0930000e+03
   2.0130000e+03
   1.7920000e+03
   1.8000000e+03
   2.2310000e+03
   1.8040000e+03
   2.2330000e+03
   1.8140000e+03
   2.0550000e+03
   2.0510000e+03
   2.0470000e+03
   1.8260000e+03
   1.8280000e+03
   1.8300000e+03
   1.8320000e+03
   1.8340000e+03
   2.2590000e+03
   1.8380000e+03
   2.0710000e+03
   1.8420000e+03
   1.8440000e+03
   2.0830000e+03
   2.0870000e+03
   2.1770000e+03
   2.0950000e+03
   2.1010000e+03
   2.0850000e+03
   1.8580000e+03
   2.0990000e+03
   2.1030000e+03
   1.8640000e+03
   1.8660000e+03
   2.2490000e+03
   1.8720000e+03
   2.1050000e+03
   1.8760000e+03
   2.1110000e+03
   2.1210000e+03
   1.8880000e+03
   2.1270000e+03
   1.8920000e+03
   1.8940000e+03
   1.8960000e+03
   2.1410000e+03
   2.1330000e+03
   1.9020000e+03
   1.9040000e+03
   2.1830000e+03
   2.1350000e+03
   1.9100000e+03
   2.1690000e+03
   1.9140000e+03
   1.9160000e+03
   1.9200000e+03
   2.1730000e+03
   2.1890000e+03
   1.9280000e+03
   2.1790000e+03
   2.1710000e+03
   1.9340000e+03
   1.9360000e+03
   1.9380000e+03
   1.9400000e+03
   1.9440000e+03
   2.2010000e+03
   1.9520000e+03
   1.9540000e+03
   2.2630000e+03
   1.9580000e+03
   1.9600000e+03
   2.2070000e+03
   2.2210000e+03
   2.2170000e+03
   1.9720000e+03
   2.2190000e+03
   1.9780000e+03
   2.2390000e+03
   2.2370000e+03
   2.2410000e+03
   2.2610000e+03
   1.9880000e+03
   2.2650000e+03
   1.9960000e+03
   1.9980000e+03
   2.0000000e+03
   2.0020000e+03
   2.0040000e+03
   2.0060000e+03
   2.0100000e+03
   2.0120000e+03
   2.0140000e+03
   2.0160000e+03
   2.0180000e+03
   2.0200000e+03
   2.0220000e+03
   2.0240000e+03
   2.0260000e+03
   2.0280000e+03
   2.0300000e+03
   2.0320000e+03
   2.0360000e+03
   2.0400000e+03
   2.0420000e+03
   2.0500000e+03
   2.0560000e+03
   2.0580000e+03
   2.0600000e+03
   2.0620000e+03
   2.0640000e+03
   2.0660000e+03
   2.0680000e+03
   2.0700000e+03
   2.0720000e+03
   2.0740000e+03
   2.0760000e+03
   2.0800000e+03
   2.0820000e+03
   2.0840000e+03
   2.0860000e+03
   2.0880000e+03
   2.0900000e+03
   2.0920000e+03
   2.0940000e+03
   2.0960000e+03
   2.0980000e+03
   2.1000000e+03
   2.1020000e+03
   2.1040000e+03
   2.1060000e+03
   2.1100000e+03
   2.1120000e+03
   2.1140000e+03
   2.1160000e+03
   2.1180000e+03
   2.1200000e+03
   2.1220000e+03
   2.1240000e+03
   2.1260000e+03
   2.1280000e+03
   2.1300000e+03
   2.1340000e+03
   2.1360000e+03
   2.1380000e+03
   2.1400000e+03
   2.1420000e+03
   2.1440000e+03
   2.1460000e+03
   2.1480000e+03
   2.1500000e+03
   2.1520000e+03
   2.1540000e+03
   2.1560000e+03
   2.1580000e+03
   2.1600000e+03
   2.1620000e+03
   2.1660000e+03
   2.1680000e+03
   2.1700000e+03
   2.1720000e+03
   2.1740000e+03
   2.1760000e+03
   2.1800000e+03
   2.1820000e+03
   2.1840000e+03
   2.1860000e+03
   2.1920000e+03
   2.1940000e+03
   2.1960000e+03
   2.1980000e+03
   2.2020000e+03
   2.2040000e+03
   2.2060000e+03
   2.2080000e+03
   2.2100000e+03
   2.2140000e+03
   2.2180000e+03
   2.2200000e+03
   2.2220000e+03
   2.2240000e+03
   2.2260000e+03
   2.2280000e+03
   2.2300000e+03
   2.2320000e+03
   2.2340000e+03
   2.2360000e+03
   2.2380000e+03
   2.2400000e+03
   2.2420000e+03
   2.2440000e+03
   2.2460000e+03
   2.2480000e+03
   2.2500000e+03
   2.2520000e+03
   2.2540000e+03
   2.2560000e+03
   2.2580000e+03
   2.2600000e+03
   2.2620000e+03
   2.2640000e+03
   2.2660000e+03
