   3.7663177e+01  -4.0614742e+01
  -6.9773214e+01   6.0287399e+00
  -7.4618534e+01  -5.1031484e+01
  -8.1984916e+00   6.3013223e+01
   7.3253203e+00  -7.4811062e+01
  -1.2990335e+01  -2.4665520e+01
  -6.1850738e+01  -2.5534425e+01
   8.9972881e+01   5.0036403e-01
  -6.2791389e+01   4.9478832e+01
   5.7366040e+01  -6.5692541e+01
   4.3709139e+01  -9.8548550e+01
  -7.7528822e+01  -2.2261248e-01
  -3.2655206e+01   7.9762459e+01
   6.2304156e+01  -2.9259066e+01
  -9.3812536e+01  -5.6342136e+01
  -6.2961172e+01  -9.5172668e+01
   3.8721385e+01   4.2921321e+01
   3.1332686e+01   7.7390288e+01
  -4.1631777e+01  -3.3907081e+00
  -4.3351684e+01   1.6364372e+01
   2.4799175e+01   4.6996021e+01
  -4.8371361e+01   3.5734951e+01
  -7.9254192e+01   4.3607493e+01
  -3.7448540e+01  -1.2295933e+01
   6.3965982e+01   7.2181572e+01
  -8.8599655e+01   3.9701878e+01
  -5.8332140e+00  -8.9384243e+01
   9.3239526e+00  -4.3592978e+01
   4.0051980e+00  -5.2575197e+01
   7.0022101e+00   2.2181689e+01
   1.3981460e+01  -3.4793010e+01
   6.1726988e+01   2.8143243e+01
  -3.9510460e+00   5.3914352e+01
   3.8899806e+01   3.2884248e+01
   4.9497743e+01   4.8624857e+01
  -5.0725752e+01   8.4754435e+01
  -8.9581950e+01   6.0668659e+01
   4.9467859e+01   1.4613166e+00
  -2.4953326e+01   5.4959387e+01
   2.3908901e+01  -3.5131190e+01
   4.7796598e+01  -5.0858422e+01
  -6.2142299e+01  -1.5549179e+01
   3.4687097e+01  -3.6382530e+00
  -7.9586349e+01  -4.0615866e+01
  -1.8911701e+01  -7.1100458e+01
   8.2051431e+01   7.1778011e+01
   4.9350240e+01   6.3320187e+01
   1.1164120e+01  -1.6604258e+01
   1.9442651e+01  -6.0787003e+01
   8.7624328e+01   1.0201502e+01
   7.7705463e+01   1.0933105e+01
   9.8665254e+01  -1.2031092e+01
  -1.8775949e+01  -4.5415829e+01
   5.8010933e+01  -8.8900168e+01
   2.7194639e+01   1.8595507e+01
   8.5183042e+00   3.9252951e+01
  -1.5457359e+01   3.7627438e+01
   1.0686197e+01   5.6059147e+01
  -3.4850216e+01   5.5663757e+01
  -7.6099420e+01   3.4150378e+01
  -7.7346366e+01   2.4258358e+01
   2.2097388e+01  -7.0504734e+01
   6.4075913e+01  -8.0960042e+01
  -6.0602917e+01   7.9411390e+01
   9.5421774e+01  -8.0150868e+01
   9.3420324e+01  -4.0465979e+01
  -2.1606290e+01  -9.8874765e+01
  -4.0439563e+01  -9.1694663e+01
  -9.0375568e+01  -3.8780586e+00
  -5.7868326e+01  -6.5264169e+00
  -9.7032376e+01   2.2041957e+01
  -6.0888960e+01  -7.2973492e+01
  -5.0713102e+01  -8.9752621e+01
   3.1946354e+01   9.6812757e+01
   8.3601914e+01   9.2426156e+01
  -2.0711904e+01  -1.7579951e+01
  -5.1810518e+01  -2.5412116e+01
  -9.9922182e+01  -2.0901666e+01
  -2.2416974e+01   9.8456340e-01
   2.6631046e+01  -1.3078026e+01
   3.6580805e+01  -1.3444414e+01
   8.8771449e+01   4.3515482e+01
   7.9442352e+01  -1.8577687e+01
  -3.4565352e+01  -5.5732494e+01
   3.6567863e+01  -7.6451423e+01
   6.3632927e+01  -3.9071814e+01
  -2.8951871e+01   1.9416771e+01
  -1.9606852e+01   4.6642273e+01
   1.2993767e+01   8.1895932e+01
  -1.4081625e+01   8.8166512e+01
  -2.5592471e+01   3.8714778e+01
  -4.1953508e+01   6.5270895e+00
  -5.5151326e+01   1.9599149e+01
  -3.6694951e+01   7.0590602e+01
   5.1853879e+01   1.1155891e+01
   6.3658296e+01  -9.8656256e+01
   6.6001796e+01  -6.0649259e+01
   8.8973190e+01  -6.7990105e+01
  -9.5758262e+01   9.3063661e+01
  -4.8061750e+00  -7.7833720e+01
  -5.9892115e+01   3.8926105e+01
  -3.9775050e+01   9.7453822e+01
  -8.3289889e+01   7.9850563e+01
   1.2004000e+01  -9.8589251e+01
  -2.0461322e+01   9.5828569e+01
   3.1696759e+01  -6.7720721e+01
   5.8083712e+01  -2.0205121e+01
   4.7650707e+01  -4.0895343e+01
   8.4091021e+01  -3.0430060e+01
   7.3997757e+01  -5.4644327e+01
  -8.7530489e+01  -3.4447232e+01
  -7.1934525e+01  -9.0769416e+01
  -8.1910233e+01  -9.0161976e+01
  -5.4046897e+01  -9.9698937e+01
  -5.5412642e+01  -5.5751844e+01
  -7.8784503e+01  -2.9598755e+01
   2.6584212e+01   5.8571971e+01
   6.7963390e+01   5.9036232e+01
  -6.9765084e+01  -4.2318683e+01
   1.9959215e+01   3.6816864e+01
   3.5987006e+01   2.3322231e+01
  -1.1357999e+01  -5.4835409e-01
   7.0744303e+01   7.9531894e+01
   9.0958394e+01   7.6319948e+01
   1.5866033e+00  -1.3967271e+01
   8.7346319e+00  -6.1368827e+01
   6.8640447e+00   5.7897776e+00
  -7.0554257e+01  -7.0704562e+01
   2.4824846e+01  -2.3543823e+00
   6.8426137e+01   7.5628553e+00
   8.8394818e+01   2.4520294e+01
   6.9562082e+01  -1.1707435e+01
   5.7657505e+01   3.7244369e+01
   4.5141088e+01   7.6870405e+01
  -9.9585061e+01  -3.0886085e+01
   2.9605959e+00  -9.4321353e+01
   1.2725009e+01   9.1738805e+01
   9.9333552e+01   5.9645626e+01
  -3.7372135e+01  -7.4935536e+01
   8.9283582e+01   5.4428284e+01
  -1.4092446e+01  -6.0151236e+01
   4.6274989e+01  -7.8948557e+01
  -2.8195137e+01  -4.8249728e+01
   1.2785596e+01   1.4068351e+01
  -4.2047216e+01  -3.0316874e+01
   7.3544133e+00   7.0276014e+01
   4.0799195e+00   8.2647148e+01
  -7.2507899e+00   3.1996069e+01
  -1.4300239e+00   4.0211958e+01
  -8.4681976e+01   5.1970925e+01
  -9.3927469e+01   4.8174162e+01
  -9.6886535e+00   4.5762080e+01
  -3.0088588e+00   2.2988401e+01
  -1.5320677e+01   7.2209821e+01
  -1.9093868e+01   2.8390242e+01
  -3.2448257e+01   4.5966715e+01
  -1.3896653e+01   5.4810200e+01
  -1.6583414e+00   9.0913829e+01
  -6.7510821e+01   2.1525515e+01
  -6.6489733e+01   3.1447461e+01
  -6.0246787e+01   3.1852684e+00
  -6.0579925e+00  -3.1857790e+01
  -5.0730117e+01   4.4547293e-01
  -2.8066134e+01  -8.8477529e+00
  -4.7690419e+01  -1.1503837e+01
  -3.0495834e+01  -1.9303987e+01
  -1.8043563e+01  -7.9735622e+00
   2.9835588e+01   3.8373934e+01
   5.5673010e+01  -7.5538697e+01
  -4.9273871e+01   6.3816929e+01
  -5.1999331e+01   4.4998756e+01
  -8.5329073e+01   3.0256999e+01
   6.1491429e+01   1.4481443e+01
  -2.9291695e+01   6.3930622e+01
   2.7740014e+01  -8.1160901e+01
  -6.7462994e+01  -3.6953742e+00
  -7.1729261e+01  -1.2710778e+01
   3.7857975e+01  -5.0657779e+01
  -5.9096351e+01   9.0193200e+01
  -6.7029125e+01   9.6269242e+01
   9.9974908e+01  -3.2932905e+01
  -4.4451012e+01   5.3236681e+01
  -7.3340341e+01   7.7466861e+01
  -8.8226868e+01   9.9642237e+01
  -3.9622768e+01   8.6944532e+01
  -6.9399229e+01   4.1977769e+01
   4.9980611e+00  -8.4532910e+01
  -9.1737691e+00  -6.8844227e+01
   1.4041688e+01  -8.8800038e+01
   5.6348470e+01  -4.5791642e+01
  -5.6693611e+01   2.9465645e+01
  -8.1189883e+01  -9.4954656e+00
   3.3184507e+01  -3.1675404e+01
   4.3074765e+01  -3.2044388e+01
  -2.3890806e+01  -8.3619213e+01
   4.8699559e+01  -6.0765062e+01
  -9.9326923e+01  -1.0925375e+01
  -7.9263039e+01   6.0365248e+01
  -5.8266552e-01  -4.3730545e+01
   1.8505181e+01  -2.3378517e+01
  -6.7054847e-01  -2.3586608e+01
   8.3453081e+01  -4.0404374e+01
  -8.2552027e+01   8.4107918e+00
  -9.2565135e+01   8.3587288e+01
  -4.4004819e+01  -8.2360315e+01
  -6.9143092e+01  -3.2365482e+01
  -7.1555450e+01  -2.2685788e+01
   6.3798250e+01   9.7818955e+01
   9.1635713e+01   3.3954623e+01
  -2.0460527e+00  -4.7838231e+00
  -7.7862391e+01  -6.1197801e+01
  -8.4252914e+01  -5.3501899e+01
   9.6819907e+01   8.4420812e+01
   7.3799476e+01   9.0448329e+01
   1.7528965e+01  -9.0534326e+00
   3.8478005e+01  -2.3210504e+01
  -8.8745457e+01  -4.4578722e+01
   7.0588748e-01  -6.7327188e+01
  -4.0183129e+00  -5.8528412e+01
  -8.9601213e+01  -2.4611690e+01
  -8.1022283e+01  -1.9482311e+01
   9.9602634e+01  -2.0808880e+00
   8.0057348e+01   1.3013941e+00
   9.9129192e+01   7.9055307e+00
   8.9010482e+01  -9.4462900e+00
   4.4957379e+01   1.9078360e+01
   5.6678467e+01   5.5568169e+01
   4.8015640e+01   2.8853022e+01
   5.4445576e+01   8.2159809e+01
   4.7800004e+01   3.8800498e+01
   7.9054049e+01  -8.6048551e+00
   6.0871083e+01  -5.8400798e+00
   2.7578742e+01   2.8656572e+01
   4.2661342e+01   5.5905754e+01
   7.0688537e+01   4.9418148e+01
  -4.7502721e+01  -7.3002440e+01
  -1.6431555e+01  -9.0271037e+01
  -1.4543345e+01  -8.0092329e+01
   5.3686682e+01  -9.7911705e+01
   4.7962902e+01  -8.8796700e+01
   4.3589855e+01  -6.9332166e+01
  -2.3600234e+01  -5.7102937e+01
   6.5736344e+01  -7.1116657e+01
  -4.6063550e+01  -5.9928895e+01
  -2.1845911e+01  -3.5694376e+01
   7.4369396e+01  -6.6103372e+01
  -4.3176745e+01  -2.0421491e+01
   1.2653604e+00   1.4015260e+01
   9.6643574e+01  -4.9916958e+01
   7.4177838e+01  -2.9323332e+01
   5.2807595e+01  -1.1737337e+01
   6.8202545e+01  -2.1397270e+01
  -3.2649831e+01   1.0158471e+01
  -5.1319876e+01   1.0386629e+01
   5.2960803e+01  -3.2457516e+01
  -7.2479092e+01   5.1949517e+01
  -2.5271219e+01   7.3047764e+01
   4.3514567e+00   4.8348518e+01
   2.3846809e+00   6.1615251e+01
   2.7036762e+00   3.1157079e+01
  -1.9345155e+01   6.3146247e+01
  -3.2345891e+01   1.8474722e-01
  -2.8993333e+01   2.9392701e+01
  -3.7556121e+01   2.4398987e+01
   3.2691299e+00   9.9615541e+01
  -6.2515614e+01   1.2889276e+01
  -9.7086098e+01  -9.2980560e+01
   7.5833655e+01  -9.6719703e+01
  -2.9924261e+01   8.9377568e+01
   5.9110567e+01   3.9999496e+00
   3.8874820e+01   1.1272138e+01
   9.4502894e+01  -5.9672699e+01
   9.8605168e+01  -7.0660203e+01
   6.8510743e+01  -8.9914611e+01
   2.5479604e+01  -9.0901963e+01
   3.8713849e+01  -6.0608175e+01
  -9.2734711e+01  -7.5684564e+01
  -7.4754078e+01   1.4645619e+01
  -4.2135585e+01   4.3551124e+01
  -4.3598433e+01   7.7775291e+01
   4.4092141e+01  -6.9149913e+00
  -7.7335747e+01   9.0048756e+01
  -2.2413337e+01   8.2619412e+01
  -5.4245512e+01   5.4655110e+01
  -6.8181459e+01   8.6027833e+01
  -2.9784498e+01   9.9382118e+01
  -9.5192510e+01   3.1870591e+01
  -2.9884595e+01  -9.3307014e+01
  -5.2593789e+01   7.3424491e+01
   3.4774494e+01   6.4661212e+01
  -3.3856417e+01  -8.4189266e+01
   2.8259704e+01  -4.8092419e+01
  -3.8474239e+01   3.4303193e+01
  -4.7391120e+01   2.5827553e+01
  -5.0449543e+01   9.5723399e+01
   2.8483858e+01  -2.2881894e+01
   1.9244895e+01  -4.3926008e+01
   2.2590705e+01   9.3294843e+01
   8.2529930e+01  -6.0353971e+01
   1.3991015e+01  -5.2420437e+01
   1.7862060e+01  -7.9560581e+01
   6.5903634e+01  -4.8787420e+01
   5.7322464e+01  -5.5709673e+01
  -6.4766007e+01  -5.2378739e+01
   3.7543920e+01  -8.6402554e+01
  -7.2586318e+01  -8.0791481e+01
  -6.3580675e+01  -8.5168360e+01
  -8.9860831e+01  -1.4452647e+01
  -8.3915134e+01  -8.0386217e+01
   7.3567357e+01  -3.9273970e+01
   8.3042013e+01  -5.0382413e+01
  -9.8836302e+01   5.6886218e+01
  -9.0304182e+01   7.0633328e+01
  -8.0312685e+01   7.0305001e+01
  -9.8858803e+01   7.5804133e+01
  -6.4718094e+01  -6.2398332e+01
   5.3970289e+01   7.2177114e+01
  -9.7888008e+01  -6.5470164e+01
   2.9054677e+01  -5.8052394e+01
  -8.9088258e+01   1.5972402e+01
  -5.4314457e+01  -8.0445644e+01
  -5.9909889e+01  -4.3656666e+01
   3.3684655e+01   5.1541849e+01
   1.4824226e+01   4.6976113e+01
   1.7391979e+01   6.3407969e+01
  -9.2246884e+01   6.0001464e+00
   2.1927577e+01   1.0105311e+01
   3.0792189e+01   5.5610820e+00
   1.8538310e+01   2.4426669e+01
  -9.9888963e+01  -4.4252667e-01
  -3.0476287e+00   5.0399307e+00
   7.2913799e+01   6.7722305e+01
   8.0514798e+01   8.1659190e+01
   6.4338048e+01   8.7210134e+01
   7.9423276e+00  -6.2644623e+00
  -8.9145600e+00  -1.2029695e+01
   9.3499531e+01   9.3853176e+01
   9.7390905e+01   4.8574331e+01
   4.8481125e+01  -2.3166110e+01
  -1.0052387e+01  -4.0880612e+01
   3.5607856e+00  -3.4648467e+01
   8.9253699e+00  -2.6249772e+01
  -8.0488837e+01  -7.1023660e+01
   9.8202933e+01   2.6417895e+01
   9.0138095e+01   6.4390295e+01
  -8.7952863e+01  -6.4429788e+01
   9.4940105e+01   1.6977222e+01
   9.9754606e+01  -2.1967478e+01
   1.5343896e+01   6.6024540e-01
   8.0671858e+01   4.9354168e+01
   6.8919718e+01   2.1176235e+01
   4.5770227e+01   9.3901459e+01
   2.5841078e+01   6.9039902e+01
   3.8507966e+01   8.4353256e+01
   7.0671051e+01  -1.9829521e+00
   5.5604094e+01   9.2089125e+01
  -1.0965196e+01  -9.8641453e+01
   1.6921959e+01   7.3226721e+01
   6.1106641e+01   4.6609387e+01
  -2.7641032e+01  -6.6237785e+01
  -3.7569293e+01  -6.5097288e+01
   7.9215997e+01   2.0672396e+01
  -1.0410660e+01  -5.0862035e+01
  -3.2150581e+01  -2.9045932e+01
   5.4526831e+01   2.1387640e+01
   3.4010295e+01  -9.6118605e+01
  -3.1322222e+01  -3.8882949e+01
  -5.5778295e+01  -3.4568937e+01
  -5.4215871e+01  -6.5621907e+01
  -9.7963954e+01  -4.0743068e+01
  -4.3688911e+00   7.9839080e+01
