   3.4215752e+01  -3.0818952e+01
   4.1519365e+01  -4.9739970e+01
   5.5200388e+01   7.7326095e+01
   4.5676499e+01   5.0372601e+01
  -7.8012806e+01   4.0565651e+01
  -1.6914302e+01   7.2197350e+01
   6.5147953e+01  -1.4472139e+01
  -5.2922119e+01  -7.1180260e+00
   9.8300941e+01   4.2925674e+01
  -6.6646219e+01  -7.9573925e+01
  -3.1612240e+01  -5.1777462e+01
  -3.9506860e+01   1.8545831e+01
  -1.7030003e+01   3.0330838e+01
  -3.7133170e+01   3.2552139e+01
  -7.0108881e+01  -7.0193610e+01
  -4.7058459e+01  -8.3551053e+01
  -5.3959332e+01   4.2612492e+01
  -5.5308702e+00  -2.6080998e+01
  -8.6966549e+01  -8.0440338e+01
  -6.7619940e+01  -3.3641268e+01
  -8.0231562e+00   5.5290721e+01
   3.7805703e+01   2.9553281e+01
   4.2431633e+01   6.8229786e+01
  -7.3929382e+01  -2.5915803e+01
   5.8043357e+01  -2.1509518e+01
  -4.6327273e+01  -5.9937122e+01
  -6.9969290e+00  -1.4112171e+00
  -7.7337900e+01  -6.3300346e+01
   6.7394738e+01   1.5574094e+01
   4.9743188e+01   9.9471745e+01
   3.6226766e+01   8.6454722e+01
  -7.3638721e+00   4.3593507e+01
  -2.6072150e+01   4.6822771e+01
  -4.4291767e+01   9.7649081e+00
  -4.1581441e+01   6.2814362e+01
  -3.7952667e+01   5.3496168e+01
   6.3364656e+01   4.4466270e+01
  -7.0657753e+01   3.3500769e+01
   4.9011456e+01  -5.9655511e+01
  -5.9508392e+01  -2.5900762e+01
  -3.1605890e+01   6.3513177e+01
   6.1898850e+01  -4.9970717e+00
   5.3952646e+01  -1.2334292e+01
   2.4795247e+01  -2.7464240e+01
  -8.1741735e+01  -3.2119264e+01
   2.9466739e+01   5.7061815e+01
  -1.1182304e+01  -4.9215232e+01
   4.4543262e+01  -3.0378406e+01
  -3.8537590e+01  -7.8318157e+01
  -7.1740863e+01  -5.1087936e+01
  -5.7196277e+01  -8.2843796e+01
   2.5815735e+00   7.8381144e+01
  -8.9597400e+01  -9.0082230e+01
   9.0989214e+00  -1.2328278e+01
   8.8411772e+01   5.3037114e+01
  -5.8806222e+01  -5.0849721e+01
   7.8050931e+01   1.0016286e+01
   8.5567781e+01   2.4361392e+01
   6.6180490e+01   9.3923294e+01
   3.1021903e+01   7.7070352e+01
  -9.3248860e+01  -3.4433723e+01
  -9.4985172e+01  -8.1671648e+00
   8.3484484e+01  -1.3165287e+01
   3.8077597e+01   9.7558348e+01
  -2.8198976e+01   3.7051899e+01
  -3.5598997e+01   4.3777370e+01
  -4.0412415e+00   2.4242337e+01
  -1.6947390e+01   4.0330473e+01
  -3.4270143e+01  -1.3502717e+00
  -5.3285191e+01   2.0552194e+01
  -4.7409034e+01   5.0216439e+01
  -5.1029833e+01   5.9537910e+01
   4.7748601e+01   3.0620406e+01
  -4.4530821e+01   3.9280737e+01
   5.5664862e+01   5.0846174e+01
  -9.6555687e+01   4.1656509e+01
  -7.9630832e+01   2.0318613e+01
   3.2093219e+01  -4.6401143e+01
   5.1518648e+01  -4.9859739e+01
  -4.4773818e+01  -1.6123092e+01
  -5.4727452e+01  -1.7084435e+01
  -7.9406188e+01  -1.7571712e+01
   5.9892787e+01   4.9743546e+00
  -2.7024472e+01   7.2401967e+01
  -2.1828952e+01   6.1412828e+01
   7.1862385e+01  -5.7931166e+00
   4.2934068e+01   1.3334052e+00
   6.4504703e+01  -3.1623167e+01
  -1.6687789e+00  -4.6148951e+01
   5.7609255e+00  -3.3525636e+01
  -8.5821465e+01  -4.1221141e+01
  -7.5797387e+01  -4.1623631e+01
  -1.7535289e+01  -5.6928413e+01
   3.9327524e+01   5.8724089e+01
  -3.0077117e+01  -4.1896880e+01
  -3.2600609e+01  -6.9835612e+01
   4.5508687e+01   4.0366317e+01
  -3.6366484e+01  -6.0573033e+01
  -8.1263567e+01  -5.4111461e+01
   3.9590631e+01  -3.9251666e+01
   4.9558412e+01  -4.0053747e+01
  -5.3482616e+01  -9.3427914e+01
  -2.3221907e+01   8.1650778e+01
  -7.6637757e+00   7.6592922e+01
  -9.7153436e+01  -6.7491045e+01
   7.4006281e+00   4.2297767e+00
   2.8009931e+01  -7.9916556e+00
  -8.7264193e+01  -6.2110948e+01
   9.8411119e+01   5.2925304e+01
  -1.3502372e+01  -9.9009440e+01
   6.9883393e+01   5.3359369e+01
  -6.5404092e+01  -4.3366343e+01
  -6.0146619e+01  -6.9709363e+01
  -5.1431094e+01  -7.4571593e+01
  -6.6225318e+01  -5.9423409e+01
   8.7715424e+01   4.5103266e+00
   9.7678581e+01   3.6918615e+00
   8.7002991e+01   1.4475582e+01
   9.3026150e+01  -5.3537462e+00
   4.8829587e+01   8.5416342e+01
   5.6370649e+01   9.1983378e+01
   3.2504761e+01   6.6634890e+01
   2.2516751e+01   6.7124446e+01
   8.1554805e+01  -3.3561030e+00
   9.5568356e+01  -1.5024971e+01
   2.8606843e+01   9.2930279e+01
  -7.5783786e+00   3.3595847e+01
  -1.6710541e+01   5.0338139e+01
   1.7287852e+00   3.7252833e+01
  -2.6524742e+01   2.7193900e+01
  -3.3853719e+01   8.6394897e+00
  -5.3328665e+01   3.2632453e+01
  -2.9545893e+01   1.7662487e+01
  -4.5260029e+01   2.6725120e+01
  -5.7767939e+01   5.1858655e+01
   3.5415494e+01   3.9263409e+01
  -6.3787530e+01   4.0767091e+01
   5.3757835e+01   2.2627340e+01
  -4.9063603e+01   6.9448801e+01
   5.5473676e+01   3.8323614e+01
   6.1569751e+01   5.8916374e+01
  -6.4700814e+01   2.5468661e+01
  -8.8690688e+01   3.5480612e+01
  -8.6826272e+01   4.5305272e+01
   6.9867843e+01   4.2685006e+00
  -8.0133660e+01   3.0305958e+01
   2.2792817e+01  -5.0075722e+01
  -6.2505763e+01  -9.9479228e+00
  -3.5831501e+01   7.7241947e+01
   6.0541869e+01  -5.4170363e+01
  -9.8464407e+00   6.5123085e+01
   3.9005447e+01  -5.9418824e+01
  -5.9180379e+01   6.8406503e-01
  -6.6737224e+01  -1.8994781e+01
  -4.2961887e+01  -6.2889616e+00
  -8.5057814e+01  -9.3359988e+00
   7.4297318e+01  -1.8508118e+01
  -8.9076094e+01  -2.5335874e+01
   4.6864430e+01  -1.9388170e+01
   9.6970850e+01   1.3680552e+01
   5.2455948e+01  -1.7160428e+00
   5.4531052e+01  -3.0872409e+01
  -5.2822851e+00  -3.6077908e+01
   4.1718812e+00  -2.3652766e+01
   1.5429993e+01  -3.0974250e+01
  -8.7151732e+00  -6.1634950e+01
  -2.8809067e+01  -8.0627019e+01
   4.9641034e+01   5.9713597e+01
  -9.0406454e+01  -5.0082421e+01
  -2.6423880e+01  -6.1485086e+01
  -2.0544184e+01  -4.5139675e+01
  -4.2920309e+01  -6.9333092e+01
   2.6839823e+01  -3.7892217e+01
  -4.3327403e+01  -9.2821778e+01
   3.5739032e+01   4.9258147e+01
  -7.9343001e+01  -7.3987812e+01
  -2.2329187e+01  -7.0603522e+01
  -1.3664375e+01   8.4592472e+01
  -7.8430207e+01  -8.5866172e+01
  -8.1187913e+01  -9.5491720e+01
  -2.0949540e+00   8.7220267e+01
  -6.3411523e+01  -9.0680306e+01
   8.7803743e+01   4.3056660e+01
   8.0222006e+01   5.9391106e+01
   2.3596504e+00  -4.9402994e+00
  -3.5507568e+00  -9.8026919e+01
   1.9096969e+01  -1.2525870e+01
   1.3870310e+01  -3.3953930e+00
   7.9080761e+01   4.9434237e+01
   1.3921219e+01  -2.1088726e+01
  -9.6508021e+01  -7.7463438e+01
  -5.6289680e+01  -6.0505318e+01
  -5.7866552e+01  -3.5826566e+01
   7.9117541e+00  -4.3291462e+01
  -9.7084362e+01  -5.7502067e+01
   7.6419302e+01   1.9882276e+01
   9.5535048e+01   2.3576773e+01
   9.0025862e+01   3.3308742e+01
   5.6245566e+01   6.7380973e+01
   4.1892061e+01   7.8214714e+01
   6.2621652e+01   8.4028640e+01
   1.5813334e+01   7.4544971e+01
  -9.5985456e+01  -1.8114942e+01
   8.8452044e+01  -2.2050174e+01
