   4.0092658e+01  -3.2826782e+01
   6.8729730e+01  -7.8474868e+00
  -1.3845994e+01  -6.9096168e+01
  -2.6409789e+01   4.9592629e+01
  -7.6185520e+01  -7.2247907e+01
  -1.3038380e+00  -2.5594457e+01
  -8.4618591e+01  -8.9223198e+01
  -5.8584785e+01  -7.5596526e+01
  -6.1921547e+00  -9.2215021e+00
  -5.6009789e+01   1.3284841e+01
   7.6690448e+01   4.9875244e+01
  -6.0339575e+01   3.3041395e+01
  -5.7423715e+01  -2.3556468e+01
   1.8577145e+01   5.7933968e+01
   1.4612782e+01   7.7037938e+01
   1.2625587e+01  -1.1994118e+01
  -5.7857010e+01  -5.2725125e+01
   8.5476298e+00   3.6172920e+01
  -4.2234930e+01  -1.0908916e+00
  -5.3224395e+01   2.2862313e+01
  -4.6983955e+01   4.9427473e+01
  -5.0363583e+01   3.2425445e+01
  -8.2767700e+01   1.5396239e+01
   5.7103523e+01  -5.1396354e+01
  -4.5048635e+01  -1.0646131e+01
  -8.7531435e+01  -1.8918619e+01
  -1.7502170e+01   6.7487362e+01
   7.1899973e+01  -3.8538804e+01
   4.8195775e-01  -5.5508305e+01
  -8.8283973e+01  -3.2224130e+01
  -2.8803324e+01  -2.7089368e+01
  -2.9629610e+01  -7.2687030e+01
   5.4789610e+01  -3.8043045e+01
  -2.3717375e+01   9.6216240e+01
   3.0988953e+01  -7.3398953e+00
  -8.8235372e+01  -5.8934910e+01
   5.4388538e+00   7.0652898e+01
  -1.1810223e+01   5.8944207e+01
   1.5581096e+01   4.2947811e+01
  -3.1692564e+01   4.1038465e+01
  -2.9646510e+01   1.0765371e+01
  -3.9384192e+01   8.4791621e+00
  -8.0061934e+01   4.6794054e+01
   2.2048850e+01   3.5441667e+01
  -7.9433549e+01   5.6971193e+01
   9.9078593e+00  -5.2221157e+01
  -6.1494083e+01  -5.8638924e+00
  -2.9167289e+01   8.7831823e+01
   3.0328559e+01  -4.8919893e+01
   8.0468126e+01  -3.3398845e+01
   4.6651922e+01   7.9961506e+00
   7.6816105e+00  -2.9930225e+01
  -2.4767774e-01  -6.5475700e+01
  -2.8287837e+01  -9.2419639e+01
   4.6347205e+01   6.4008389e+01
  -9.5449203e+01  -5.2031853e+01
  -1.9103522e+01  -2.9175681e+01
   8.7381038e+01   7.8466681e+01
   1.4912608e+01  -2.3623018e+00
   8.1739717e+01   5.8493744e+01
   2.2555555e+01  -1.2651392e+01
  -6.4957310e+01  -3.0091649e+01
   7.3094090e+01   8.0502060e+00
   6.7817978e+01   7.4456206e+01
   4.3247556e+01   8.3525758e+01
   7.8558747e+01   8.6469701e+01
   9.4406679e+01  -3.4283890e+01
   1.7034704e+01   9.6483822e+01
   9.6653874e+00   1.7306495e+01
  -7.7239142e+00   2.7274975e+01
  -1.9787268e-01   5.3925620e+01
  -2.6521993e+00   3.7234930e+01
  -2.5595123e+01  -7.9572022e+00
  -4.9098604e+01   6.1101083e+00
  -4.4119433e+01   7.6461775e+01
  -3.7000235e+01   4.9426860e+01
   3.2561829e+01   2.7789486e+01
  -5.8816730e+01   5.1341120e+01
  -7.0253171e+01   8.7327460e+01
  -7.2069183e+01   3.7531260e+01
   5.6553354e+01   6.6103230e+00
   2.7759136e+01  -5.8579442e+01
  -7.3025294e+01   1.7620935e+01
  -7.8256147e+01  -1.5272141e+01
   6.8486746e+01  -7.0385865e+01
   7.0481827e+00   6.0814581e+01
   3.9064368e+01  -8.5951656e+01
  -5.7022630e+01  -3.6070878e+01
  -6.8453305e+01   1.2841098e+00
  -9.1198414e+01  -9.6213341e+00
  -3.3806222e+01   7.6208917e+01
   5.7693495e+01  -6.3382001e+00
  -8.7757133e+00  -6.0558381e+01
  -8.8304678e+00  -1.8864218e+01
  -8.5768957e+01   2.7726819e+01
  -1.7068293e+01  -8.6130807e+01
   6.4080636e+01  -1.6666054e+01
   4.3669127e+01  -2.1246891e+01
   5.8192102e+01  -2.4707424e+01
  -4.0668370e+01  -5.9214326e+01
  -8.4822600e+01  -4.9569411e+01
  -9.5132838e+01  -8.2034946e+01
  -1.7507391e+01  -4.5409595e+01
  -3.7887762e+01  -8.8710513e+01
  -2.6934152e+01  -5.4565659e+01
   5.3160478e+01  -7.2205610e+01
   4.6207722e+01   1.8697701e+01
   3.2791431e+01   5.0953662e+01
   4.1465643e+01   5.5415731e+01
  -5.2275809e+00   7.3184450e+01
  -6.6189018e+01  -8.7934934e+01
  -6.7589302e+00   9.2804151e+01
   7.5047786e+01   6.6903184e+01
   3.6098734e+00  -9.4581516e+01
   1.3332208e+01   8.0644574e+00
   2.4422017e+01   1.1593568e-01
  -7.5115733e+01  -4.7187378e+01
  -4.7419816e+01  -9.1681041e+01
   2.5796425e+01  -3.6774528e+01
   7.8350590e+01  -1.1089801e+01
   9.1263579e+01   5.5445467e+01
   6.5224275e+01   1.3990611e+01
   9.4498485e+01   2.0306138e+01
   5.0139596e+01   3.5970875e+01
  -4.9083620e+01  -7.2678061e+01
   3.8978326e+01   9.2549645e+01
   6.5660420e+01   8.4203446e+01
   2.3879799e+01   7.2834224e+01
   9.7094236e+01  -1.7001026e+01
   5.2936118e+01   9.7433317e+01
   2.1775977e+01   2.5576365e+01
   2.2395548e+00   2.8699069e+01
  -1.2518399e+01   3.7299860e+01
   1.0871620e+01   5.1661976e+01
   3.7072887e+00   4.4810767e+01
  -2.2734793e+01   1.3369508e+00
  -4.3513565e+01   2.5178442e+01
  -2.7493285e+01   2.2285020e+01
  -2.8493087e+01  -1.7285154e+01
  -6.3193506e+01   2.3458290e+01
  -3.9165263e+01   6.7792830e+01
   3.8871495e+01   3.7133594e+01
   3.7429505e+01   1.4448425e+01
  -2.7486850e+01   6.6986898e+01
  -5.6063224e+01   7.7052690e+01
  -3.6906984e+01   3.2579009e+01
  -5.3515600e+01   4.1885214e+01
  -7.1143319e+01   5.1315949e+01
  -5.3896848e+01   9.3837485e+01
  -3.8337733e+01  -1.7928318e+01
  -7.2304823e+01   2.7563673e+01
   5.1312843e+01   5.5172708e+01
  -8.2021133e+01   3.6989060e+01
  -9.3806823e+01   5.3380533e+01
   2.0351728e+01  -4.8691466e+01
   2.2059989e+01  -6.7428450e+01
   7.2373302e+01  -6.1174300e+01
  -4.7933228e+01  -2.0525619e+01
  -2.3817180e+01   7.6275355e+01
  -2.1793903e+01   5.8458025e+01
  -6.4173476e+01  -1.5489920e+01
  -7.8395115e+01  -1.6109188e+00
   3.2053800e+01  -6.7605327e+01
  -4.3904659e+01   9.3451585e+01
  -9.6049830e+00  -7.8058675e+01
   7.8460873e+01  -2.1063641e+01
  -4.4346283e-01  -3.5525881e+01
   1.0497939e-02  -7.5391153e+01
   4.4477280e+00  -1.7675513e+01
   1.7567758e+01  -3.1125696e+01
  -5.1895294e+01  -3.4372316e+00
  -8.6255359e+01   4.4861452e+00
  -1.8808698e+01  -1.9449899e+01
   7.2630213e-01  -4.5440303e+01
  -9.6979433e+01  -2.2133877e+01
  -2.8569844e+01  -8.2497106e+01
  -9.4912764e+01  -7.1423040e+01
  -7.6885328e+01  -8.2919864e+01
  -3.5433384e+01  -8.3773907e+00
  -8.5809855e+01  -7.8446843e+01
  -8.5381093e+01  -6.8470386e+01
  -9.4707536e+00  -3.0999377e+01
  -3.6181937e+01  -9.8533462e+01
  -5.0425413e+01  -5.9217135e+01
  -3.9827226e+01  -6.9065857e+01
  -3.9207035e+01  -2.7810588e+01
  -3.7900891e+01  -7.8778465e+01
  -2.3662053e+01  -3.7763402e+01
  -7.4826304e+01  -9.2969789e+01
  -9.1855998e+01  -9.8392633e+01
  -9.8898298e+01  -9.1294676e+01
  -2.2094123e+01  -6.3700877e+01
  -6.9576867e+00  -9.0531249e+01
  -7.4189942e+01  -3.3840056e+01
   9.5995143e+01   8.3531829e+01
  -3.9401421e+00   2.9819247e+00
   2.3056928e+01   9.9997620e+00
  -1.2379995e+00   1.9680518e+01
  -5.4597000e+01  -1.3086747e+01
  -8.0506617e+01  -2.6017118e+01
   1.3406856e+01  -2.1879507e+01
   3.1638493e+01  -1.7266511e+01
   9.0630696e+01   3.7905235e+01
   7.6304726e+01  -1.3476013e+00
   9.8079990e+01   3.1244976e+01
  -5.4484308e+01  -8.4646130e+01
   6.0152366e+01   3.2830786e+01
   8.3769138e+01   1.9128399e+01
   6.1162279e+01   5.5694902e+01
   9.8013753e+01   6.3271785e+01
   9.8378188e+01   3.2523239e+00
  -9.8188981e+01  -3.3368697e+01
   4.3582184e+01   7.3565185e+01
   7.9115320e+01   9.6612561e+01
   5.4603694e+00   8.1024746e+01
   3.7689193e+01  -5.9358041e+01
   4.5093133e+01  -6.6041387e+01
   6.3475507e+01  -3.3187763e+01
   5.2431996e+01   8.7456271e+01
  -2.1766416e+01   4.0794605e+01
  -6.9728532e+00   4.6215234e+01
  -2.5343428e+00   6.3594845e+01
  -1.7610683e+01   2.8745854e+01
  -4.6305758e+01   1.5652683e+01
  -3.2596477e+01   1.1969708e+00
  -3.6527263e+01   1.8040181e+01
  -2.6940172e+01   3.2253721e+01
  -7.5816250e+01   8.0368492e+00
  -6.5678746e+01   1.0869557e+01
   2.9916818e+01   4.1462001e+01
   2.8408678e+01   1.8355991e+01
  -4.1728843e+01   5.8171640e+01
  -4.3717671e+01   3.9893277e+01
   4.2556908e+01   2.7909589e+01
   5.5767569e+01   1.6590832e+01
   5.2618262e+01   2.6295560e+01
   5.7538480e+01   4.2694259e+01
  -3.1775079e+01   5.7981487e+01
  -6.0329145e+01   8.6097131e+01
  -6.3468927e+01   4.2533608e+01
  -5.0451791e+01   6.8653714e+01
  -4.9605116e+01   8.4810746e+01
  -8.8272852e+01   6.1708321e+01
   4.8007669e+01   4.5737976e+01
   2.1389078e+01  -7.7405800e+01
  -7.9851931e+01   6.7100187e+01
  -9.9032543e+01   4.4856352e+01
   6.0073929e+01  -6.4980400e+01
  -9.9888914e+01   3.0333154e+01
   6.8093876e+01  -5.2142785e+01
  -9.4091417e+01   2.2196739e+01
  -3.8742913e+01   8.4893172e+01
  -1.4134551e+01   7.8738351e+01
   4.8826982e+01  -1.7639716e+00
   4.4966492e+01  -1.1273999e+01
   3.7556384e+00  -8.4607256e+01
  -1.6290751e+01   4.9809796e+01
   9.8567813e+00  -7.3647886e+01
   3.9381316e+01  -7.4400544e+01
   3.1056948e+01  -7.9961574e+01
   4.9496038e+01  -2.9565658e+01
   8.7348897e+01  -2.6148139e+01
   1.4285938e+01  -4.0763597e+01
   4.8555242e+01  -5.6585467e+01
  -7.1105181e+01  -8.3513900e+00
  -3.4461814e+01   9.6821496e+01
   4.5379036e+01  -4.1229053e+01
   6.5126380e+01   1.4710796e+00
   5.3973452e+01  -1.5619318e+01
   6.9361371e+01  -2.5146123e+01
  -9.6033419e+01   2.4389664e+00
   2.3222389e+01  -2.2604083e+01
  -9.7811313e+01  -6.1852175e+01
  -8.2138987e+00  -5.0660789e+01
   3.8888223e+01  -1.2911068e+00
   3.2241315e+01   6.1043162e+00
  -8.2035089e+01  -3.9995944e+01
  -8.7598065e+00  -4.0827096e+01
   6.3187850e+01  -4.3440868e+01
  -9.2355394e+01   1.2369218e+01
  -6.8160017e+01  -7.8142762e+01
  -9.1970420e+01   3.7787023e+01
  -6.7742235e+01  -5.3899469e+01
  -1.7059119e+01  -5.5215452e+01
  -5.7828404e+01  -6.5707718e+01
  -6.6328996e+01  -9.8238452e+01
  -7.7880233e+01  -5.7051575e+01
  -5.7162869e+01  -9.4259216e+01
  -1.6216192e+01   8.9556390e+01
  -1.5993255e+01  -9.6070813e+01
  -8.1979867e+01  -9.9954852e+01
   2.6951506e+01   6.3323763e+01
   2.3164202e+01   4.9144560e+01
   3.6558610e+01   6.6015042e+01
   1.7645585e+01   8.6523611e+01
   2.6934257e+01   8.2860062e+01
   3.3810982e+01   7.5623769e+01
  -4.8794844e+01  -3.0474046e+01
  -7.1266638e+01  -2.2399570e+01
   8.4996890e+00   9.0549452e+01
   9.5755494e+01   7.3011415e+01
  -6.2863262e+01  -4.4141856e+01
   7.0839277e+01   5.7896716e+01
   8.4985391e+01   6.7948049e+01
   5.4876700e+01   6.9087165e+01
  -4.3075959e+00   8.3120875e+01
   1.4792831e+01   6.7106583e+01
   9.8971516e+01  -6.7252405e+00
   3.5660794e+00  -7.9159987e+00
  -1.5989390e+01  -1.0131855e+01
  -1.3027506e+01  -8.0414242e-01
  -3.3316414e+01  -3.5800824e+01
   2.3461522e+00   1.0628507e+01
   7.7586902e+01   7.6535712e+01
   8.6186789e+01   4.6840605e+01
   3.1941269e+01  -2.7240113e+01
   1.7820266e+01  -5.8328888e+01
   5.8810429e+00   1.5454191e+00
  -6.7638760e+01  -6.7154658e+01
   8.8352998e+01   2.8177676e+01
   9.4771902e+00  -6.3671188e+01
   8.2859770e+01   6.1948557e+00
   9.6265381e+01   4.6646026e+01
   7.3791960e+01   1.9049110e+01
   6.4827417e+01   2.3978488e+01
   8.7231437e+01  -6.1171365e+00
   6.6446720e+01   4.7282731e+01
   8.7138218e+01  -1.6113817e+01
   6.4062175e+01   6.5224283e+01
   5.7303316e+01   7.8745058e+01
   9.1739623e+01   1.0714869e+01
  -9.3197740e+01  -4.2292824e+01
   6.9669084e+01   9.3347325e+01
  -5.1642779e+01   5.8260058e+01
   1.8015356e+00   9.7968842e+01
  -3.0073453e+01  -4.5227252e+01
   4.0272198e+01  -4.9745818e+01
  -2.0342360e+01  -7.6685950e+01
   4.7394759e+01  -8.0376790e+01
   7.6809492e+01  -4.7240347e+01
  -3.1845774e+01  -6.3124263e+01
   2.8983081e+01   9.2643554e+01
   1.2006974e+01   2.6907628e+01
