   2.9774878e+01   6.5773863e+01
  -4.7154591e+01   3.7066184e+01
  -8.2573843e+00  -5.9284231e+01
  -1.0767373e+01  -4.9810340e+01
  -8.3835718e+01   1.0919429e+01
   5.2492012e+01  -5.0181738e+01
   7.6481616e+01  -4.9091897e+01
  -5.1753300e+00  -3.3705966e+01
   6.7658849e+01  -1.5587143e+01
   7.1615187e+01   8.1742013e-01
  -9.6626400e+01  -3.2611465e+01
   7.8054279e+01  -2.8054699e+01
   4.2142353e+01   4.9879803e+01
   4.3539505e+01   1.5850469e+01
  -4.8720690e+01  -9.1767909e+01
  -2.5700744e+01   8.3107360e+01
  -4.0887519e+01  -5.0175313e+00
  -1.5988420e+00   7.5867874e+01
  -2.5870734e+01   5.2046527e+01
  -6.1727027e+01   3.6427532e+01
  -4.9133798e+01   6.1728418e+01
   4.7605134e+01  -7.5292280e+01
  -7.5665400e+01  -7.7270497e+01
   1.4409440e+01  -3.0465896e+01
   2.4934299e+01   2.0505166e+01
   2.8237099e+01  -4.4063866e+00
  -3.4992131e+00  -7.1946661e+00
   1.2015322e+01  -1.5259150e+01
   8.5485148e+01   1.2543080e+01
   8.3800429e+01   6.9514181e+01
  -5.1154589e+01  -1.7850285e+01
  -2.9470998e+01  -5.6376532e+01
  -6.8704080e+01  -7.0133814e+01
   8.9092721e+01  -4.6804554e+01
  -1.4565484e+01  -3.0667123e+01
  -5.4036818e+01   3.0148151e+01
  -7.5932631e+01   7.6800236e+01
  -4.6660217e+01   9.8587106e+01
  -8.1974834e+01   9.4182437e+01
  -2.7657961e+01   3.3981353e+01
  -5.5288217e+01   2.0358862e+01
  -2.9936929e+01   1.2624307e+01
   8.1361036e+01  -6.5058908e+01
  -7.9310313e+01   3.7590249e+01
   2.0219108e+01  -7.6829155e+01
   4.0522310e+01  -2.1083218e+01
  -5.9408682e+01  -3.0435769e+01
  -9.0456771e+01  -2.0243807e+01
   1.0988480e+01  -5.8655883e+01
   4.8485740e+01   3.1125787e+01
  -8.5442242e+01  -6.7810928e+01
   3.8477942e+01   3.5303139e+01
  -1.1699795e+01  -2.1483629e+01
   9.1739781e+01   6.3635846e+01
  -3.0651599e+01  -2.4129200e+01
   9.4975175e+01   1.5514999e+01
  -3.7078161e+01  -6.8521282e+01
  -3.8769076e+01  -9.2034931e+01
   3.0723592e+01  -2.2383076e+01
   1.5904304e+01   5.5319953e+01
   8.6470592e+00   8.2471013e+01
   4.5517491e+01  -9.5105427e+01
  -7.7325549e+00   8.3692824e+01
  -3.5655072e+01   5.2936042e+01
   8.2965042e+00  -9.6920157e+01
  -1.9708511e+01   2.8242560e+01
   2.0876944e+01  -5.7413199e+01
  -5.1555188e+01   8.9906160e+01
   8.7292607e+01  -1.8050126e+01
  -9.7253595e+01   2.2639275e+01
  -8.8056578e+01  -8.8836931e+01
   1.5431582e+01  -4.9183946e+01
   2.5336258e+01  -4.8456156e+01
  -7.7645833e+01  -3.4894428e+01
   6.8362738e+00  -7.2285174e+00
   8.4362806e+01   9.3628155e+01
   4.5139301e+01   4.9368198e+00
   8.4497878e+01  -5.4687115e+00
   6.2982047e+01   2.6218585e+01
   5.3913971e+01   6.4635815e+01
  -8.9708367e+01  -4.8291250e+01
   6.5101775e+01   7.9609163e+01
   4.3626421e+01   7.9570408e+01
   6.2078603e+01   4.1701871e+01
   3.6971664e+01  -5.3787358e-01
  -3.0174378e+01  -4.6952084e+01
  -5.0041858e+01  -2.9383245e+01
  -7.1064328e+01  -1.5876291e+01
  -6.6146534e+01  -5.0697656e+00
  -7.5534742e+01   3.2351193e+00
  -2.1501532e+01  -2.0209886e+01
  -2.7295612e+01  -6.5757137e+01
  -6.8400965e+01  -8.4129784e+01
  -2.1352999e+01  -8.2365116e+01
   1.9727548e+01  -2.1169709e+01
   1.9121644e+01  -8.6724268e+01
   4.6690560e+01  -8.5198749e+01
   1.2950182e+01   2.8979762e+01
   1.9926115e+01   3.5686103e+01
  -9.5371745e+01   3.2437310e+01
   5.5029532e+01  -9.0705697e+01
  -8.9233016e+00   4.5012304e+01
   3.2936458e+01   8.6940592e+01
  -1.1143144e+01   7.0473344e+01
   7.1886861e+00   5.0933601e+01
  -5.0979904e+01  -6.3114350e+00
   4.7700458e+01  -2.9157605e+01
   5.7435960e+01  -2.6956999e+01
  -2.1068564e+01   7.0176764e+01
  -2.9231696e+01   9.2453470e+01
  -6.1635806e+01   8.9808725e+01
   4.0661226e+01  -5.6799563e+01
  -4.6278815e+01   1.6576877e+01
   4.2984334e+01  -4.7165902e+01
   6.2772149e+01  -6.3065803e+01
  -4.5123817e+00   3.5879531e+01
   2.7892086e+01  -9.3909110e+01
  -5.4726760e+01   4.3562051e+01
  -4.1450495e+01   7.1989985e+01
  -7.8427592e+01  -5.4056003e+01
   3.3637871e+01  -4.2911041e+01
  -8.0656372e+01   5.7873494e+01
  -5.9152143e+01  -5.0231081e+01
  -4.6495619e+01  -6.5264352e+01
  -8.5236527e+01  -1.1686385e+01
  -1.2163018e+01  -1.1981381e+01
   6.0513107e+01   1.6922285e+01
   8.3903303e+01   8.2394729e+01
   9.3139910e+01   8.8838608e+01
   5.6800030e+00   1.0083331e+01
  -2.0634045e+00  -7.7449140e+01
   5.4992739e+01  -7.4527420e+00
  -2.3811249e+01  -4.5856896e-01
   9.3322894e+01  -9.6986383e+00
   1.5848474e+01   1.0182529e+01
  -2.6476126e+00   2.2010363e+01
   2.5559384e+01   5.6890370e+01
   3.4140790e+01   1.8610571e+01
   5.2350370e+01   9.1430144e+01
   8.1096654e+01   5.0603691e+01
   4.9879110e+01   5.5817674e+01
  -1.2139623e+01  -7.8533022e+01
  -9.9828160e+01   6.9686910e+01
   9.9093082e+01  -1.6171161e+00
   9.2584408e+01   2.5209613e+01
  -4.1317322e+01  -8.2288615e+01
  -9.4325769e+01  -7.5645284e+00
   9.9821867e+01   8.1387828e+01
   8.7568391e+01   4.3262417e+01
  -8.0563316e+01  -4.4375175e+01
  -2.9762930e+01  -7.5302215e+01
  -1.8079404e+01  -6.1100367e+01
  -4.8110311e+01  -7.5015650e+01
   3.6965776e+01  -1.0514449e+01
  -3.1479310e+01  -9.8855990e+01
   2.6169881e+01  -1.3760448e+01
  -5.5373736e+01  -9.9200918e+01
   8.0991284e+01   3.7602859e+00
   2.4252943e+01  -2.9845572e+01
   2.6170155e+01   1.0513889e+01
   9.3898036e+01  -9.7365202e+01
  -3.0305244e+00  -9.8452980e+01
   6.5541013e+01  -7.5494658e+01
   7.8238340e+01  -9.4896193e+01
  -1.7566391e+01   8.9001837e+01
  -2.1037311e+01   4.3510409e+01
  -3.9137560e+01   6.2281811e+01
  -1.0041249e+01   5.9845790e+01
  -1.6568199e+01   7.9061320e+01
  -3.5098085e+01   7.9711940e+01
  -6.3144098e+01   2.6320252e+01
  -4.0460213e+01   4.4171056e+01
   3.6154544e+01  -9.9530679e+01
   1.8180619e+01   9.9609144e+01
  -8.6100153e+01   7.6024011e+01
   1.5781939e+00   8.9533864e+01
   9.0520232e+01  -6.9309750e+01
   2.9799787e+01  -7.4051778e+01
   7.1072015e+01  -5.7499034e+01
   3.7368443e+01   7.1998644e+01
   7.7917971e+00   7.2525264e+01
   1.4362023e+01   6.5058679e+01
   2.5039346e+01   4.3870793e+01
  -5.5167518e+01   5.3765935e+01
  -3.8665305e+01   8.9108419e+01
  -3.6686683e+01   9.9104293e+01
  -7.0162269e+01   9.5921273e+01
  -3.0785743e+01   4.3380339e+01
   2.8796556e+01  -8.3968685e+01
  -5.5002723e+01   8.0582637e+01
  -4.4958864e+01   8.1340283e+01
   7.7307996e+01  -1.8144982e+01
  -3.7212527e+01   2.0588496e+01
   6.8926566e+01  -4.2527484e+01
  -9.7686152e+01   1.2675569e+01
  -3.7534410e+01   3.4562183e+01
   8.9346824e-01   4.3756555e+01
  -1.4329501e+01   3.6651802e+01
  -3.1607265e+01   7.0371309e+01
   9.8332380e+01  -3.6970406e+01
  -8.8887261e+01   4.0020332e+01
  -7.6704608e+01   2.3197719e+01
  -8.5691639e+01   2.9961441e+01
   1.8326941e+01  -7.5967073e+00
  -9.5704972e+01   7.8797015e+01
   8.7623920e+01  -2.9519306e+01
   4.2647373e+01   8.9216936e+01
  -7.0255478e+01   4.1532954e+01
  -7.3446914e+01   5.0990124e+01
   1.8516029e+01  -6.7037880e+01
   1.1792325e+01  -3.9998815e+01
  -6.7865251e+01  -3.4805111e+01
  -7.0651276e+01  -4.4128954e+01
  -1.7342043e+00   9.8965727e+01
   5.6633374e+00  -4.7763878e+01
  -6.0606385e+01  -9.0381262e+01
  -8.5463877e+01  -7.9184221e+01
  -7.6331864e+01  -6.3768485e+01
  -8.7551790e+01  -5.8043922e+01
  -5.3733395e+01  -8.3181330e+01
   6.8640125e+01  -2.5428065e+01
  -6.6150690e+01   6.6467366e+00
  -6.3076639e+01  -6.1930711e+01
  -9.8273665e+01  -5.3414488e+01
  -6.4727965e+01   1.6514896e+01
  -3.1175192e+00  -4.3377962e+01
  -2.4483480e+00  -2.4397656e+01
   1.6764333e+00  -1.5554678e+01
   4.6337748e+00  -3.3253462e+01
   1.8950431e+01   8.0823587e+01
   8.9081517e+00   3.7969166e+01
  -2.4209954e+01  -3.1634992e+01
   4.8066665e+01  -1.4639502e+01
  -6.7033439e+00   2.0392606e+00
   7.2769648e+00  -2.3750217e+01
   1.1621873e+01   1.3853614e+00
   4.5545045e+01  -5.0371240e+00
  -9.3187147e+01   5.0883313e+01
   7.4228610e+01   7.2187190e+01
   9.9004571e+01   5.1782525e+01
   9.1456384e+01   7.5933027e+01
   3.2354359e+00   2.9831415e+01
   7.5795514e+01   9.8782388e+01
   9.8927909e+01  -1.7688893e+01
  -2.1939682e+01  -1.0235729e+01
   4.6817435e+01   9.9679062e+01
   2.1661041e+01  -3.9308729e+01
  -7.5785222e+01  -9.1258827e+01
   5.0520212e+01   7.3027716e+01
  -1.4702806e+01  -2.7889261e+00
  -3.8033645e+01  -3.0905889e+01
   5.4532334e+01   8.1837259e+01
   7.8594539e+01   6.0950557e+01
   5.4063804e+01   4.7057029e+01
   5.2417733e+01   1.1502854e+01
   2.8013717e+01   2.9903080e+01
   3.6090716e+01   9.1366810e+00
  -6.2775661e+01  -2.1266518e+01
  -2.2103946e+01  -4.1388852e+01
  -3.0951296e+01  -1.4197510e+01
  -7.4265691e+00  -8.7296552e+01
   9.7291107e+01  -7.6580779e+01
   9.3230119e+01   3.5149954e+01
  -9.8336018e+01   5.9798978e+01
  -1.1081520e+01  -6.8681940e+01
   9.0949381e+01   4.1636917e+00
   8.6505162e+00  -6.8371898e+01
  -7.5861033e+01  -7.1993390e+00
  -5.9129203e+01  -1.2056492e+01
  -4.0728419e+01  -1.4407916e+01
   8.0323131e+01   2.1007531e+01
  -2.0740142e+01  -5.1457728e+01
  -1.4717099e+01  -9.4110579e+01
  -6.5371318e+01  -9.9145849e+01
  -3.1715369e+01  -8.5012144e+01
  -2.0164140e+01  -7.2535841e+01
   7.5053096e+01  -8.4790295e+00
  -3.9470024e+01   9.6420084e+00
   9.4338277e+01  -8.5966194e+01
   5.6589238e+01  -7.0919349e+01
   3.8362688e+01  -7.9214804e+01
   4.0677430e+01   2.5622812e+01
   4.6499689e+01   4.0970073e+01
   4.1994105e+01  -3.7322650e+01
   5.1489095e+01  -4.0258349e+01
   6.6039181e+01  -8.5485940e+01
   6.8244245e+01  -9.5239795e+01
   3.2454321e+01   4.9844140e+01
   5.7128466e+01  -8.0904640e+01
   5.7767212e+01  -1.6997031e+01
  -2.3315251e+00   6.6004036e+01
   3.3915705e+01  -3.1736282e+01
   4.5022633e+01  -6.5710380e+01
  -4.6707885e+01   2.7850044e+00
   3.7333594e+01  -8.9170619e+01
  -2.7428578e+00   5.3018187e+01
  -8.3120803e+01   4.8186601e+01
   1.5394232e+01   9.0041275e+01
   6.2044972e+01  -5.3096365e+01
  -2.1174920e+01   9.8373007e+01
   5.3256162e+01  -6.0118267e+01
   7.1680792e+01  -6.7534294e+01
   1.0322427e+01  -7.8220246e+01
  -8.0356810e+01   6.7846561e+01
  -9.0243127e+01   6.6344096e+01
   9.3310808e+01  -5.9720415e+01
  -4.5480262e+01   5.2564872e+01
   1.5361616e+01   4.5406493e+01
   2.6981199e+01   9.4917333e+01
  -5.7919259e+01   9.9092435e+01
   1.8285913e+01  -9.6667806e+01
   2.4280543e+00  -8.8837289e+01
   5.7135713e+00   6.0530200e+01
  -6.4951366e+01   7.9993128e+01
   8.2802140e+00   9.7001053e+01
  -7.2719825e+01   8.6261947e+01
  -9.1950183e+01   9.7555824e+01
   7.7832387e+01  -3.8006148e+01
  -2.6476617e+01   6.1870641e+01
  -2.7497175e+01   2.2274406e+01
  -1.5972141e+01   5.1995448e+01
  -7.1397878e+01   3.1645270e+01
  -6.8494715e+01  -5.3703726e+01
  -9.7478559e+01  -8.2599335e+01
  -9.0952674e+01   8.7605699e+01
  -6.3707222e+01   4.8902013e+01
   3.0755317e+01  -5.6702732e+01
  -9.5422321e+01  -9.5597538e+01
   3.6715365e+01   9.7101556e+01
   9.9101654e+01  -4.6842268e+01
  -4.4468188e+01   2.7400515e+01
  -5.3717222e+01  -5.8502612e+01
   1.2570481e+00  -5.6619909e+01
  -9.5879615e+01  -6.3539210e+01
   3.5070621e+01  -6.5624730e+01
  -7.4105399e+01   1.3127288e+01
  -6.1471381e+01  -7.6941534e+01
  -3.9077392e+01  -5.8739505e+01
  -8.5465290e+01  -2.8849924e+01
  -8.0292608e+01  -2.0313799e+01
  -7.2001713e+01  -2.5798507e+01
  -1.2387215e+00  -6.7343892e+01
  -1.2452983e+01  -4.0204580e+01
  -8.4172769e+01  -1.7731909e+00
   5.7433245e+01   3.3916356e+01
  -5.9258759e+01  -4.0338235e+01
  -8.8483276e+01  -3.8366583e+01
  -5.5839187e+01  -6.8711127e+01
  -3.1771970e+01  -3.7709248e+01
  -9.8118746e+01  -4.2904947e+01
   5.1679301e+01   2.1582305e+01
   6.5780305e+01   8.6948900e+00
   7.0470726e+01   1.9872983e+01
  -5.1410403e+01   7.1347192e+01
  -9.3753515e+01  -7.3329967e+01
  -9.1680880e+01   4.7319515e+00
   6.4706197e+01  -6.1608687e+00
  -5.6707820e+01   1.0563443e+01
   9.9371891e+01   6.9849337e+01
  -5.8051438e+01   7.2874052e-01
  -1.0039168e+01   2.7987835e+01
   6.0825859e+01   9.8410015e+01
   6.3499435e+00   1.9809140e+01
   8.9637641e+01   5.4201902e+01
  -9.8627052e+01   4.2024680e+01
   3.6612328e+01   5.8638955e+01
   6.0243503e+01   5.8557605e+01
   4.4312365e+01   6.4550112e+01
  -8.3441343e+01  -9.7706325e+01
   1.5669918e+01   1.9754289e+01
  -8.7565782e+01   2.0174950e+01
   2.1176377e+01   1.9874899e+00
  -3.2773769e+01   2.7184707e+00
   2.1716459e+01   7.1384605e+01
   2.9218855e+01   7.7764758e+01
  -2.4425630e+01  -9.1815529e+01
   7.4093404e+01   8.3783142e+01
   6.2053783e+01   7.0197268e+01
   6.8461779e+01   9.1993085e+01
   7.2136635e+01   4.9598160e+01
   2.2115111e+00   1.0433653e+00
   6.3212604e+01   5.0481723e+01
   9.7088295e+01  -2.7236876e+01
  -4.2979317e+01  -2.3197013e+01
