   3.7520297e+01  -4.0649941e+01
  -6.9888769e+01   5.9762247e+00
  -7.4705493e+01  -5.1100461e+01
   7.3897176e+00  -7.4842230e+01
  -1.2315074e+01  -2.5967103e+01
  -6.1886008e+01  -2.5564585e+01
   9.0243038e+01   4.4414710e-01
  -6.1189199e+01   4.8583762e+01
   5.7366896e+01  -6.5935424e+01
   4.3702554e+01  -9.8554916e+01
  -7.7653992e+01  -2.8060731e-01
  -3.3564015e+01   8.0341424e+01
   6.2307671e+01  -2.9024457e+01
  -9.3991896e+01  -5.6320307e+01
  -6.2954460e+01  -9.5175819e+01
   3.8723713e+01   4.2997760e+01
   3.1339442e+01   7.7409351e+01
  -4.1821650e+01  -3.4602720e+00
  -4.3643559e+01   1.6396295e+01
   2.5155052e+01   4.7005046e+01
  -4.8346344e+01   3.5658213e+01
  -3.7762775e+01  -1.2377084e+01
   6.3981112e+01   7.2182045e+01
  -5.8332140e+00  -8.9384243e+01
   9.1918975e+00  -4.3791240e+01
   4.0475651e+00  -5.2671699e+01
   1.3910919e+01  -3.5012574e+01
   6.1694568e+01   2.8182508e+01
  -1.7044792e+00   5.5769014e+01
   3.8640651e+01   3.3017199e+01
   4.9561910e+01   4.8724017e+01
  -5.0754005e+01   8.4830565e+01
  -9.0166511e+01   6.1544044e+01
   4.9469845e+01   1.5758314e+00
  -2.5155213e+01   5.5142685e+01
   2.3864270e+01  -3.5128407e+01
   4.7499107e+01  -5.1128816e+01
  -6.2207600e+01  -1.5578283e+01
   3.4836107e+01  -3.7505173e+00
  -7.9658922e+01  -4.0556992e+01
  -1.8911401e+01  -7.1103034e+01
   8.2060343e+01   7.1780385e+01
   4.9420025e+01   6.3341937e+01
   1.1478764e+01  -1.6795901e+01
   1.9463494e+01  -6.0900026e+01
   8.7873624e+01   1.0152988e+01
   7.7920993e+01   1.0830640e+01
   9.8681846e+01  -1.2049314e+01
  -1.8877326e+01  -4.5668295e+01
   5.7974848e+01  -8.8931980e+01
   2.7056230e+01   1.8625990e+01
   9.4411508e+00   4.0852074e+01
  -1.7468258e+01   3.7713221e+01
   1.0471346e+01   5.6344386e+01
  -3.5094912e+01   5.6018213e+01
  -7.9053550e+01   3.4573366e+01
  -7.7358956e+01   2.4246607e+01
   2.2082441e+01  -7.0539394e+01
   6.4109677e+01  -8.1335454e+01
  -6.0606406e+01   7.9413997e+01
   9.5421774e+01  -8.0150868e+01
   9.8508361e+01  -3.7946103e+01
  -2.1417815e+01  -9.8997634e+01
  -4.0550108e+01  -9.1854051e+01
  -9.0375568e+01  -3.8780586e+00
  -5.7948143e+01  -6.5451884e+00
  -9.7057108e+01   2.2053038e+01
  -6.0950682e+01  -7.3181426e+01
  -5.0831369e+01  -8.9973475e+01
   3.1958420e+01   9.6817298e+01
   8.3601745e+01   9.2426141e+01
  -2.2848126e+01  -1.6716651e+01
  -5.1907683e+01  -2.5409206e+01
  -9.9924593e+01  -2.0886657e+01
  -2.1130032e+01   2.2643523e+00
   2.6645627e+01  -1.3012730e+01
   3.6626347e+01  -1.3484500e+01
   8.8790130e+01   4.3559617e+01
   7.9448627e+01  -1.8736270e+01
  -3.4736626e+01  -5.5913524e+01
   3.6193389e+01  -7.6512461e+01
   6.2463189e+01  -3.8842000e+01
  -2.9000297e+01   1.9292907e+01
  -2.1595362e+01   4.6095662e+01
   1.4263201e+01   8.2575770e+01
  -1.4032672e+01   8.8170559e+01
  -2.7211749e+01   3.8599058e+01
  -4.2019725e+01   6.5529878e+00
  -5.5292478e+01   1.9556099e+01
  -3.6783051e+01   7.0633614e+01
   5.1883375e+01   1.1274592e+01
   6.3653116e+01  -9.8686815e+01
   6.5977588e+01  -6.0832964e+01
   8.9054571e+01  -6.8075560e+01
  -9.5759639e+01   9.3066530e+01
  -4.7453596e+00  -7.7845683e+01
  -5.9776705e+01   3.8744871e+01
  -3.9773695e+01   9.7490237e+01
  -8.3295571e+01   7.9908115e+01
   1.2000419e+01  -9.8609238e+01
  -2.0456266e+01   9.5839048e+01
   3.1678601e+01  -6.7759375e+01
   5.8096634e+01  -2.0067178e+01
   4.7501585e+01  -4.1005975e+01
   8.4453456e+01  -2.9492943e+01
   7.3881143e+01  -5.4729741e+01
  -8.7557429e+01  -3.4428287e+01
  -7.1929565e+01  -9.0766426e+01
  -8.1915111e+01  -9.0234431e+01
  -5.4038241e+01  -9.9703332e+01
  -5.5397352e+01  -5.5809023e+01
  -7.8795385e+01  -2.9609702e+01
   2.6645650e+01   5.8627264e+01
   6.7945966e+01   5.9045187e+01
  -6.9834213e+01  -4.2380609e+01
   1.9954801e+01   3.6816166e+01
   3.5780392e+01   2.3455156e+01
  -1.2078008e+01  -9.0891477e-01
   7.0750262e+01   7.9540623e+01
   9.0968845e+01   7.6320837e+01
   1.9366113e+00  -1.4550296e+01
   8.7939169e+00  -6.1468033e+01
   7.2329855e+00   5.4005640e+00
  -7.0606335e+01  -7.0608354e+01
   2.5003035e+01  -2.4304486e+00
   6.8489693e+01   7.6872744e+00
   8.8532719e+01   2.4543883e+01
   6.9477002e+01  -1.1685437e+01
   5.7674427e+01   3.7313276e+01
   4.5136503e+01   7.6871551e+01
  -9.9590519e+01  -3.0880399e+01
   2.9566641e+00  -9.4337500e+01
   1.2630366e+01   9.2424512e+01
   9.9333552e+01   5.9645626e+01
  -3.7375781e+01  -7.5234927e+01
   8.9315559e+01   5.4438186e+01
  -1.4086343e+01  -6.0179718e+01
   4.6944193e+01  -7.9745249e+01
  -2.8393827e+01  -4.8326645e+01
   1.3507773e+01   1.3492784e+01
  -4.2113006e+01  -3.0304865e+01
   7.4283761e+00   7.0703896e+01
   4.3132043e+00   8.3159954e+01
  -8.5343564e+01   5.3026760e+01
  -9.3149538e+01   4.7119002e+01
  -3.5343435e+00   2.5256341e+01
  -1.7299824e+01   7.3188550e+01
  -1.9200376e+01   2.8234535e+01
  -3.2768043e+01   4.6552776e+01
  -1.2930459e+01   5.8442913e+01
  -1.8341285e+00   9.1077593e+01
  -6.7587044e+01   2.1558541e+01
  -6.0331351e+01   3.1686762e+00
  -5.8901547e+00  -3.2308351e+01
  -5.0808583e+01   4.1575280e-01
  -2.8787082e+01  -9.9452678e+00
  -4.7724409e+01  -1.1453603e+01
  -3.1085420e+01  -1.9464275e+01
   2.9897588e+01   3.8330626e+01
  -4.9254064e+01   6.3854358e+01
  -5.1955945e+01   4.4965861e+01
  -8.6400827e+01   2.9333374e+01
   6.1404103e+01   1.4562437e+01
  -2.9568757e+01   6.3912879e+01
   2.7651999e+01  -8.1200262e+01
  -6.7541841e+01  -3.7273678e+00
  -7.1799190e+01  -1.2748908e+01
   3.7626548e+01  -5.0739326e+01
  -5.9129678e+01   9.0267717e+01
  -6.7088686e+01   9.6314697e+01
  -4.4384635e+01   5.3104347e+01
  -7.3308023e+01   7.7491416e+01
  -8.8226549e+01   9.9642516e+01
  -4.0195435e+01   8.7561483e+01
  -6.8879101e+01   4.2670276e+01
   4.9912318e+00  -8.4547821e+01
  -9.1602843e+00  -6.8875133e+01
   1.4031768e+01  -8.8821284e+01
   5.6015586e+01  -4.6176683e+01
  -5.6728218e+01   2.9368140e+01
  -8.1277565e+01  -9.5783578e+00
   3.3172941e+01  -3.1655004e+01
   4.3115291e+01  -3.2055639e+01
  -2.3839088e+01  -8.3603697e+01
   4.8698878e+01  -6.0983788e+01
  -9.9325702e+01  -1.0904968e+01
  -7.9216249e+01   6.0594594e+01
  -7.2478660e-01  -4.3896109e+01
   1.8616716e+01  -2.3665461e+01
  -7.1356867e-01  -2.3936008e+01
   8.2151128e+01  -3.9189093e+01
  -8.2611331e+01   8.3941147e+00
  -9.2578238e+01   8.3589801e+01
  -4.4171242e+01  -8.2533103e+01
  -6.9150427e+01  -3.2420599e+01
  -7.1543997e+01  -2.2726657e+01
   6.3813546e+01   9.7829616e+01
   9.1731891e+01   3.4008760e+01
  -2.0826179e+00  -5.8187110e+00
  -7.7862391e+01  -6.1197801e+01
  -8.4381986e+01  -5.3578011e+01
   9.6825843e+01   8.4425426e+01
   7.3799302e+01   9.0448294e+01
   1.7524395e+01  -8.9906662e+00
   3.8512151e+01  -2.3228031e+01
  -8.8798242e+01  -4.4607514e+01
   7.2898606e-01  -6.7392754e+01
  -4.0025224e+00  -5.8598929e+01
  -8.9644739e+01  -2.4637523e+01
  -8.1028862e+01  -1.9567193e+01
   9.9889093e+01  -2.1241725e+00
   8.0300964e+01   1.1550770e+00
   9.9144955e+01   7.8733726e+00
   8.9017758e+01  -9.4796221e+00
   4.4781329e+01   1.9257941e+01
   5.6720489e+01   5.5698428e+01
   4.7740154e+01   2.8919928e+01
   5.4443956e+01   8.2196859e+01
   4.7817102e+01   3.8893909e+01
   7.9040946e+01  -8.7516063e+00
   6.1009175e+01  -5.7815316e+00
   2.7318222e+01   2.8719553e+01
   4.2709606e+01   5.5984223e+01
   7.0687939e+01   4.9430025e+01
  -4.7450371e+01  -7.3047288e+01
  -1.6404065e+01  -9.0285757e+01
  -1.4490712e+01  -8.0072758e+01
   5.3681942e+01  -9.7948940e+01
   4.7985102e+01  -8.8932388e+01
   4.3447517e+01  -6.9157980e+01
  -2.3606290e+01  -5.7125983e+01
   6.6428237e+01  -7.0401965e+01
  -4.6157173e+01  -5.9944264e+01
  -2.1839173e+01  -3.5692120e+01
   7.4483662e+01  -6.6064377e+01
  -4.3307993e+01  -2.0436153e+01
   6.4978830e+00   2.0082084e+01
   9.8303496e+01  -5.0568626e+01
   7.4464387e+01  -2.9663396e+01
   5.2919460e+01  -1.1618646e+01
   6.8736525e+01  -2.1521248e+01
  -3.2705136e+01   1.0178848e+01
  -5.1551502e+01   1.0333746e+01
   5.3046977e+01  -3.2685246e+01
  -7.0719433e+01   5.1675813e+01
  -2.7024602e+01   7.3236589e+01
   4.2436336e+00   4.8587315e+01
   2.8311948e+00   6.2636226e+01
   3.5800528e-02   3.2112847e+01
  -2.0004719e+01   6.3826146e+01
  -3.3129558e+01   4.6679141e-01
  -2.9060616e+01   2.9127652e+01
  -3.7645946e+01   2.4299874e+01
   3.2959690e+00   9.9661421e+01
  -6.2666006e+01   1.2865489e+01
  -9.8864211e+01  -9.4840593e+01
   7.5877565e+01  -9.6760439e+01
  -2.9809514e+01   8.9547398e+01
   5.9157928e+01   4.0407253e+00
   3.9250268e+01   1.1063383e+01
   9.4628978e+01  -5.9830236e+01
   9.8701931e+01  -7.0686520e+01
   6.8551812e+01  -8.9981689e+01
   2.5455124e+01  -9.0940101e+01
   3.8702948e+01  -6.0654774e+01
  -9.2749655e+01  -7.5676535e+01
  -7.4809196e+01   1.4625386e+01
  -4.2153080e+01   4.3443518e+01
  -4.3628313e+01   7.7850075e+01
   4.4205711e+01  -6.9108965e+00
  -7.7349896e+01   9.0054965e+01
  -2.2412785e+01   8.2714031e+01
  -5.3903505e+01   5.5056387e+01
  -6.8186980e+01   8.6053379e+01
  -2.9804004e+01   9.9515317e+01
  -9.5623100e+01   3.1975686e+01
  -2.9863820e+01  -9.3668604e+01
  -5.2594627e+01   7.3430148e+01
   3.5076287e+01   6.4513623e+01
  -3.3785991e+01  -8.4504349e+01
   2.8079496e+01  -4.8133216e+01
  -3.8313854e+01   3.4262928e+01
  -4.7465292e+01   2.5731223e+01
  -5.0449543e+01   9.5723399e+01
   2.8538550e+01  -2.2815511e+01
   1.9116196e+01  -4.3896563e+01
   2.2599924e+01   9.3293300e+01
   8.2648797e+01  -6.0404637e+01
   1.4043477e+01  -5.2515188e+01
   1.7804311e+01  -7.9567942e+01
   6.5833655e+01  -4.8794554e+01
   5.7301496e+01  -5.5980873e+01
  -6.4800163e+01  -5.2417952e+01
   3.7550917e+01  -8.6470594e+01
  -7.2586541e+01  -8.0788077e+01
  -6.3580675e+01  -8.5168360e+01
  -8.9966180e+01  -1.4512675e+01
  -8.3961285e+01  -8.0447246e+01
   7.2290014e+01  -3.9411689e+01
   8.2896668e+01  -5.0416037e+01
  -9.9110081e+01   5.7188161e+01
  -9.0218011e+01   7.1388285e+01
  -8.0304510e+01   7.0413949e+01
  -9.9063522e+01   7.5917777e+01
  -6.4717965e+01  -6.2414507e+01
   5.3986302e+01   7.2216389e+01
  -9.7947854e+01  -6.5502397e+01
   2.9053037e+01  -5.8081036e+01
  -8.9101523e+01   1.5997250e+01
  -5.4191886e+01  -8.0546176e+01
  -5.9935198e+01  -4.3690402e+01
   3.3795698e+01   5.1666349e+01
   1.5579901e+01   4.8051692e+01
   1.7736451e+01   6.3083366e+01
  -9.2312256e+01   6.0054992e+00
   2.2480509e+01   9.7589249e+00
   3.1200981e+01   5.3805696e+00
   1.8352649e+01   2.4337701e+01
  -9.9924892e+01  -4.7295688e-01
  -3.5271527e+00   3.5108617e+00
   7.2925634e+01   6.7715767e+01
   8.0522159e+01   8.1661339e+01
   6.4336207e+01   8.7212338e+01
   7.9033060e+00  -6.1660054e+00
  -9.0821336e+00  -1.2440228e+01
   9.3499022e+01   9.3855643e+01
   9.7428898e+01   4.8592937e+01
   4.8500967e+01  -2.3166020e+01
  -1.0220111e+01  -4.0994436e+01
   3.5292778e+00  -3.4797702e+01
   8.9292924e+00  -2.6406200e+01
  -8.0591826e+01  -7.1034425e+01
   9.8334669e+01   2.6493607e+01
   9.0139197e+01   6.4403388e+01
  -8.8016232e+01  -6.4339520e+01
   9.5121369e+01   1.7026856e+01
   9.9757103e+01  -2.1990456e+01
   1.5651791e+01   7.3766439e-01
   8.0680158e+01   4.9400373e+01
   6.8919719e+01   2.1176235e+01
   4.5762324e+01   9.3902901e+01
   2.6096464e+01   6.8895073e+01
   3.8519672e+01   8.4369077e+01
   7.0824411e+01  -1.9130840e+00
   5.5602299e+01   9.2125007e+01
  -1.0949709e+01  -9.8665207e+01
   1.7014606e+01   7.3007742e+01
   6.1075883e+01   4.6702016e+01
  -2.7663577e+01  -6.6265816e+01
  -3.7762730e+01  -6.5336896e+01
   7.9335807e+01   2.0668787e+01
  -1.0368481e+01  -5.0919550e+01
  -3.2229539e+01  -2.9020486e+01
   5.4385813e+01   2.1513205e+01
   3.4005060e+01  -9.6122245e+01
  -3.1332474e+01  -3.8844437e+01
  -5.5804088e+01  -3.4596428e+01
  -5.4282858e+01  -6.5744231e+01
  -9.8024663e+01  -4.0756117e+01
  -5.3498469e+00   8.0723588e+01
   9.0701373e+01  -4.4168087e+01
   5.7732362e-01   1.1591495e+01
  -7.8548009e+01   4.6003485e+01
  -7.7193580e+00   7.1030407e+01
  -8.5072563e+00   3.5297316e+01
   8.8637771e+00   3.1651040e+01
  -7.0181306e+01   3.3611670e+01
  -2.2859744e+00   1.8713436e+01
  -6.9832596e+00   5.0328160e+01
  -1.5201541e+01   5.0555446e+01
  -1.5695043e+01  -1.8587112e+01
  -2.4700777e+01  -3.2094205e+00
  -9.3580460e+01  -8.9313412e+01
   4.4044140e+01  -7.6905447e+01
   6.3738161e+01  -7.3679178e+01
