   9.7106356e+01   2.1788586e+00
   2.1446761e+01   5.8774999e+01
   5.6460093e+01   6.9641669e+01
   6.5796517e+01   4.7965121e+01
   2.3205031e+01  -9.9324983e+00
  -1.8649799e+01  -7.8867301e+01
  -2.5950743e+01   5.1053372e+01
  -7.3986174e+01   2.5296805e+01
  -7.6927779e+01   9.0942989e+01
  -5.7029212e+01  -9.7764787e+01
  -3.3799522e+01  -6.4796519e+01
   3.0116322e+01  -8.5507406e+01
  -2.6482006e+01   2.3653231e+01
  -3.5361707e+01   4.8483092e+01
  -5.1999903e+01   1.0204382e+01
   7.1710642e+00  -8.8026648e+01
  -8.7643926e+01  -9.6700661e+01
   3.6975073e+01   3.3451742e+01
  -3.1768552e+00  -1.6398999e+01
  -7.9231770e+01  -8.3733723e+01
  -1.1304162e+01  -6.8373470e+01
   5.1503383e+01  -9.1323198e+01
  -2.2118126e+01  -5.0515373e+01
   1.8768284e+01   1.3930030e+01
  -2.5375872e+01  -3.5567949e+01
   6.5883159e+00   7.9850538e+01
  -3.6382637e+00   3.0664803e+01
  -1.1755800e+01   7.4138034e+01
  -7.2523871e+01   9.2220350e+00
  -8.5620029e+01  -6.5888809e+00
   5.3825644e+01  -4.6928340e+01
  -6.7428902e+01   1.7759142e+01
   5.7712963e+00  -3.4179637e+01
  -8.5176183e+01   7.2389411e+00
  -7.9115240e+01  -6.3761510e+01
   5.2193661e+01  -3.4070260e+01
   8.0007565e+01  -1.3441222e+00
  -2.0535079e+01  -8.9531210e+01
   6.4607877e+01  -6.3064097e+01
  -6.0772007e+01  -6.6298055e+01
  -5.9658594e+00  -4.2272686e+01
  -5.8303543e+01  -1.6694742e+01
   6.4949901e+01  -3.5094990e+01
  -2.7056491e+01   4.8279116e+00
   7.5366965e+01   7.5101977e+00
   4.4965664e+01  -5.8359452e+01
  -8.3328702e+01   9.8276943e+01
  -6.4313907e+01   5.0026578e+01
  -4.9364017e+01   6.6837680e+01
   2.9391462e+01  -4.9210445e+01
   2.3348534e+01  -2.5505687e+01
   1.3847897e+01  -4.2882015e+01
   2.8148619e+01   9.9858102e+01
   2.0554181e+01  -8.8291391e+01
   6.3692533e+01  -4.4963661e+01
  -8.2646116e+01  -4.4633698e+01
   7.4264116e+01  -3.8864715e+01
   8.2249818e+01  -4.6826341e+01
  -8.5626135e+01   8.0476753e+01
  -6.0833484e+01  -7.6426155e+01
   6.5272780e+01   8.0317295e+01
   4.0118236e+01   5.8751552e+01
   1.2468286e+01   4.1401765e+01
   8.9195010e+00   6.9982199e+01
   3.7019117e+01   2.1439490e+01
  -3.4955700e-01   1.0836535e+01
   7.4367864e+01   7.6197327e+01
   1.1395440e+01  -2.5951879e+01
   1.2722262e+01   6.1869461e+00
   8.2808920e+01   5.9119972e+01
   3.1980117e+01   7.1856645e+01
   3.2176435e+01   9.0767950e+01
   5.6298582e+01   5.6088869e+01
  -6.3401405e+01  -2.5220526e+01
  -5.2110811e+01  -8.1405082e+01
  -8.6466705e-01   7.3102324e+01
  -4.6307320e+00   4.0649928e+01
   1.5984583e+01   3.2156738e+01
  -4.1278919e-01   2.1211372e+01
  -2.7017452e+01  -2.5713705e+01
  -5.2935640e+01  -8.3131677e+00
  -4.1727433e+01   7.7269125e+01
  -6.8211195e+01   3.3959604e-01
  -7.8191660e+01   9.0279674e-02
  -8.9243717e+01   1.6395890e+01
  -3.3042119e+01   8.2806737e+01
   5.5024228e+01  -4.8973030e+00
  -1.3346473e+01   2.8789507e+01
  -4.3037037e+01  -7.1315365e+00
  -6.9449955e+01   3.4194797e+01
  -4.5103863e+01   4.8957999e+01
  -5.7242772e+01   7.7652302e+01
  -3.5832255e+01  -8.8825503e+01
  -6.7204485e+01   9.2397298e+01
  -5.5216471e+01   3.2697992e+01
   1.8253471e+01  -6.9643957e+01
  -2.5193004e+00  -9.0480885e+01
   6.0382300e+01  -5.4307951e+01
   2.4801693e+01  -4.0441744e+01
  -1.2086285e+01  -9.5797456e+01
  -9.0508918e+01   5.9709732e+01
   3.0745419e+01  -3.2175581e+01
  -7.9279687e+01  -3.3284684e+01
  -6.9338071e+01  -5.0498346e+01
  -1.5956136e+01  -4.2664543e+01
   2.5669642e+00  -8.2360601e+00
   8.3338608e+01   8.9376683e+01
   8.4780737e+01   6.8922037e+01
   9.6690281e+00  -5.1943853e+01
   4.5106005e+01  -6.1089341e+00
   4.3814214e+01  -1.6004309e+01
   9.0886946e+01  -1.4261866e+01
   5.3643469e+01   2.2622515e+01
   5.2322665e+01   9.8882233e+01
   3.2004302e+01   4.2101546e+01
   3.5664998e+01   8.1214256e+01
   4.5732046e+01   1.6544472e+01
  -3.6805464e+01  -2.3783019e+01
  -1.1415612e+00  -6.8648268e+01
   9.5468969e+01   2.2028565e+01
   4.5723120e+01  -7.8248612e+01
  -1.5367072e+01  -5.9480819e+01
  -5.3128117e+01  -2.5106130e+01
  -4.9586289e+00  -5.9411896e+01
  -7.0570198e+01  -7.8662470e+01
  -4.2374731e+01  -6.9832569e+01
   8.3783610e+01  -2.1295945e+01
   7.5271182e+01  -1.0146299e+01
  -9.2981286e+01   4.8614697e+01
  -2.1723894e+01  -8.4447092e+00
  -1.4007424e+01  -1.4752853e+01
  -4.1482137e-01   6.1376709e+01
  -3.1233771e+01   7.3073257e+01
  -2.7538485e+01   4.1262186e+01
   6.4937843e+01  -7.2621035e+01
   6.1035387e+01  -9.0112088e+01
  -9.5304308e+01   7.2998041e+01
  -4.5542573e+01   3.0040624e+01
  -7.3832889e+01   5.2924958e+01
  -2.1466369e+01   7.3223480e+01
  -1.6758031e+01   9.1435750e+01
   2.2479433e+01   6.8668527e+01
  -5.2197181e+01   5.7196942e+01
  -4.2270569e+01   5.8304011e+01
  -4.9564407e+01   8.3466190e+01
  -5.0335637e+01   9.3904276e+01
  -6.6057334e+01   8.2007121e+01
   1.4228536e+01  -8.0564899e+01
   2.5955169e+01  -7.5901925e+01
  -1.4388890e+01   3.8558259e+01
   5.4524876e+01  -6.2450584e+01
  -6.8521597e+01  -1.6468002e+01
  -9.5613657e+01   8.6971997e+00
  -7.9260455e+01   1.6491708e+01
  -6.1654518e+01   4.0352963e+01
   3.3944964e+01  -5.7963495e+01
   9.5137353e+01  -3.6843791e+01
  -6.7015898e+01  -9.8260752e+01
   9.2235301e+01  -4.7343323e+01
   3.8279721e+00  -4.3929191e+01
  -7.9269049e+01  -7.3742865e+01
   1.9600532e+01  -5.1055212e+01
  -7.9563888e+01   6.1481260e+01
  -8.8859977e+01  -8.6426868e+01
  -5.9422167e+01  -5.4297806e+01
  -4.9590867e+01  -9.1081897e+01
  -5.2202782e+01  -7.1412469e+01
   1.2382604e+01   8.8167888e+01
  -9.9949048e+01   9.6230473e+01
   1.8653928e+01   9.7448536e+01
  -9.9158332e+01   1.8053888e+01
  -9.7564118e+01  -6.5821612e+01
  -8.9155756e+01  -3.1726964e+01
  -9.4118176e+01   2.6684729e+01
   2.5857217e+01   7.9471794e+01
   2.8262474e+01   1.6814248e+01
   2.2298682e+01   3.9902447e+01
   1.4640807e+00  -2.5188987e+01
   1.7598405e+01  -3.3651939e+01
   1.2926219e+01  -8.6562319e+00
   2.0924684e+01   2.3574433e+01
   2.9593595e+01  -2.2473824e+00
   1.1137163e+00   8.7977020e+01
   9.9904761e+01   3.8710764e+01
  -5.6723409e+00   2.3713351e+00
   8.0143041e+01   9.8849105e+01
   7.1389559e+00  -1.6999321e+01
  -5.3095101e+00  -3.2438207e+01
   8.6099879e+00   1.5210750e+01
   7.3284682e+01   8.7403676e+01
  -3.8314157e+01   8.9087223e+00
   9.0353584e+01   9.7982193e+01
   7.0323322e+01   9.6959951e+01
   1.5349981e+01  -6.0106193e+01
   3.8780281e+01   1.6095415e+00
  -8.9686328e+01  -5.8588013e+01
   7.1215788e+01   2.0400119e+01
   9.8745138e+01  -2.0444534e+01
   5.2396959e+01   3.3940323e+01
   2.9232905e+01   5.2074917e+01
   7.5204261e+01   6.5573897e+01
   4.1656037e+01   6.9701540e+01
   9.5106236e+01   5.8092991e+01
   4.1962858e+01   8.8969745e+01
   4.5375763e+01   7.8968214e+01
   4.0590716e+01   9.8875519e+01
   8.8824033e+01   4.0813976e+01
   8.9540069e+01  -4.3557439e+00
   3.5877983e+01  -9.9723557e+00
   2.2462579e+01   8.8525614e+01
  -2.5166678e+01  -6.0019897e+01
  -2.7859314e+01  -8.2801844e+01
  -3.5722554e+01  -1.3879848e+01
  -1.5810830e+01  -3.2687940e+01
   4.8449145e+01   4.0962070e+00
   8.9274010e+00   2.5117968e+01
  -4.4522338e+01  -3.0046406e+01
   8.6527451e+01  -6.6490286e+01
   8.6221264e+01   8.1679650e+00
   8.0287726e+01   1.6212258e+01
  -5.5816344e+01  -3.4669578e+01
  -6.2933012e+01  -7.9894243e+00
  -4.6241368e+01  -1.7731093e+01
  -9.6164031e+01  -7.5243543e+00
  -3.3007236e+01  -5.3945037e+01
  -3.0020253e+01  -4.4406083e+01
  -1.0461201e+01  -5.1007354e+01
  -7.0445948e+01  -6.8682592e+01
  -5.2203042e+01  -6.1203067e+01
   8.4158429e+01  -3.7010613e+01
  -5.9550183e+01  -8.8071676e+01
  -9.5453546e+01  -2.3962132e+01
  -2.1259354e+01  -6.9216873e+01
   3.5806559e+01  -7.7376972e+01
   5.4896153e+00   3.4441280e+01
  -8.4278889e+01   2.5070153e+01
   1.6142605e+01   5.0499064e+01
   3.7216082e+00   4.6104946e+01
  -9.8446742e+01  -5.3765655e+01
  -9.2033593e+01  -4.1301213e+01
  -8.4007249e+01   4.2518959e+01
   9.4845168e+01  -8.2149540e+01
   5.9461660e+01  -9.9614191e+01
   5.5017557e+01  -7.2702056e+01
  -1.0708186e+01  -2.4113457e+01
  -6.3059523e+01   2.6662004e+01
  -6.2065624e+01   9.3514679e+00
  -4.5775793e+00   5.1600091e+01
   4.4912596e+01   2.7427051e+01
  -2.9696317e+01   6.1276661e+01
  -1.4002635e+01   4.8407895e+01
  -4.8182648e+01   3.9633525e+01
  -7.7818993e+01   7.2232464e+01
   3.5158043e+01  -4.1091622e+01
  -5.7393177e+01   1.8528557e+01
  -5.6854475e+01   8.5138586e-01
  -4.1072892e+01   9.7608935e+01
  -4.1052293e+01   8.7850486e+01
   5.4467465e+00   9.6195726e+01
   5.3725393e+01  -1.4811437e+01
   4.0823005e+01  -3.2903406e+01
   8.4929267e+00  -7.1171637e+01
   2.0639059e+00  -9.9348764e+01
  -3.9367725e+01   6.7621520e+01
  -7.4035628e+01   4.2991448e+01
  -1.1351744e+01  -8.5879042e+01
  -2.7213711e+01   9.2612488e+01
  -9.0960767e+01   9.1864738e+01
  -2.2474732e+01   3.2729457e+01
  -4.5859288e+01   2.4001191e+00
  -5.4760687e+01   4.7463393e+01
  -2.9991276e+01   1.4364636e+01
   7.4422003e+01  -6.6075726e+01
  -7.9371946e+01   3.3721227e+01
  -5.8312960e+01   8.8067395e+01
   1.8298769e+01  -9.8017223e+01
   2.5060840e+01  -6.2415308e+01
  -5.9535194e+01   9.8720423e+01
   4.6208881e+01  -6.8220674e+01
   4.5375111e+01  -4.1727191e+01
   4.7333871e+01  -2.5339913e+01
   3.6322088e+01  -6.7506948e+01
   3.4337533e+01  -9.4560002e+01
   3.9729488e+01  -4.9911380e+01
   7.2610528e+01  -4.9480015e+01
   3.7363627e+01  -2.3606601e+01
  -7.8429833e+01  -1.4871505e+01
   7.3870616e+01  -2.0041492e+01
   9.1637939e+01  -2.7478336e+01
  -3.9908691e+01  -9.7953179e+01
  -7.3389899e+01  -2.5208148e+01
   6.5274504e+01  -2.5127022e+01
  -7.3274171e+01  -4.1322950e+01
  -6.1052389e+01  -4.4435554e+01
  -8.3757879e+01   5.2439918e+01
  -8.6561162e+01   6.8642478e+01
  -9.5304077e+01   8.2916481e+01
  -9.0106361e+01  -1.5517336e+01
  -8.3420871e+01  -2.3536144e+01
  -9.4818158e+01  -7.5676326e+01
   6.6385110e+01   7.0217964e+01
   9.2816903e+01   3.1660476e+01
  -7.3603618e+00  -7.3720007e+00
  -6.9359618e+00  -7.7105163e+01
   4.9512240e+00  -6.0726790e+01
   6.2888445e+01   9.0026219e+01
   9.3288643e+01   8.8380139e+01
   8.3816693e+01   7.9394314e+01
   5.4673004e+01   1.1912887e+01
   6.2983743e+01   2.6058192e+01
  -7.8763286e+01  -5.3811392e+01
  -8.7922081e+01  -6.8448591e+01
   6.6418555e+01   3.0496046e+00
   6.4621688e+01   1.2885488e+01
  -3.5408172e+01  -6.6602636e-01
   4.4538011e+01   4.0326233e+01
   2.7255701e+01   3.1245105e+01
   4.1229952e+00   1.5225624e+00
  -7.8101495e+01  -9.3723644e+01
   3.9332460e+01   4.8841229e+01
  -6.9529383e+01  -8.8589688e+01
   6.0685812e+01   3.9411410e+01
   3.0774728e+01   6.2036017e+01
   4.9066715e+01   6.3024863e+01
   5.3604926e+01   4.6460688e+01
   9.8840380e+01  -8.0297195e+00
   5.5329444e+01   7.9536066e+01
   7.8022773e+01   4.9692271e+01
   9.3703945e+01   7.7982972e+01
   9.5127442e+01   6.8088824e+01
   9.8027474e+01   4.8530476e+01
   7.0703534e+01   5.6653148e+01
   3.7138701e+01   1.1452404e+01
  -1.5063053e+01  -9.9923382e-01
   8.8289112e+01   5.0781837e+01
   8.0747144e+01  -5.8330254e+01
   9.4771510e+01  -7.2150007e+01
  -3.5189799e+01  -3.3653145e+01
   8.5775489e+01   2.4565776e+01
  -6.5743143e+01  -3.4879745e+01
   9.5441623e+01   1.2035416e+01
  -4.2352524e+01  -5.9743588e+01
  -4.2249696e+01  -7.9828042e+01
  -3.3668709e+01  -7.4733822e+01
  -2.8104730e+01  -9.5977517e+01
   2.9451734e+01  -1.7621537e+01
   1.9780227e+01  -6.6632007e-01
   1.7073896e+01  -1.7762528e+01
   2.6061127e+01   7.0916254e+00
   6.5803658e+01  -6.9302662e+00
  -9.7989331e+01  -9.0504686e+01
   9.6307828e+01  -9.2041826e+01
   5.1929356e+01   8.8905748e+01
   7.0822284e+01  -9.1852216e+01
   7.4688821e+00   5.5359011e+01
  -9.2070313e+01   3.6649374e+01
   9.5751632e+01  -5.6704429e+01
   8.3375630e+01  -9.4615234e+01
  -5.4983518e+00   8.1630539e+01
  -3.5641930e+01   2.8713871e+01
   1.6333832e+01   7.6645601e+01
  -1.0222705e+01   6.2607050e+01
   2.6808124e+00  -7.9185267e+01
  -7.5745032e+01   8.1456107e+01
   6.5399062e+01  -8.2015376e+01
  -1.8468232e+01   5.7294614e+01
   4.2175547e+01  -8.8506546e+01
  -2.3696129e+01   8.2869154e+01
  -1.4342068e+01   8.3398764e+01
  -2.3110069e+01   9.6954091e+01
