  -8.4427097e+01  -5.3275135e+01
   8.1841090e+00  -8.5004251e+01
  -6.2147377e+01  -2.7802678e+01
   9.2176744e+01   3.8349299e+00
  -5.9160259e+01   4.3107073e+01
   5.9996884e+01  -6.6012928e+01
   6.7134822e+01  -3.2914357e+01
  -9.6080841e+01  -5.2444992e+01
   2.7747629e+01   7.9025686e+01
  -4.5026342e+01   2.0352698e+01
   2.3595740e+01   4.9200930e+01
  -5.0903283e+01   3.7426723e+01
  -3.9578197e+01  -7.1867127e+00
   6.1396772e+01   6.7223703e+01
  -5.2271033e+00  -9.5363371e+01
   5.8445011e+01   3.2523500e+01
  -3.0871810e-01   5.7128702e+01
   5.3260907e+01   3.5127988e+00
  -2.2724921e+01   5.5780340e+01
   1.7730593e+01  -3.3182368e+01
  -6.4597600e+01  -1.8242629e+01
   3.0002463e+01  -8.7353905e+00
  -2.6466956e+01  -7.5617425e+01
   8.4007921e+01   7.1949564e+01
   5.4053435e+01   5.7070189e+01
   1.5028427e+01  -6.4576292e+01
   8.1286975e+01   1.1255103e+01
   9.9998402e+01  -1.5451607e+01
  -1.9182968e+01  -4.7505759e+01
   5.8994152e+01  -9.3255817e+01
   2.8906222e+01   1.7567922e+01
   8.1409219e+00   3.9090266e+01
  -1.4042053e+01   3.9069068e+01
   9.4834973e+00   5.8658127e+01
  -3.2328209e+01   5.8211399e+01
  -7.9696223e+01   3.4347058e+01
  -7.3870718e+01   2.3681914e+01
   6.4488027e+01  -7.9752508e+01
  -6.4885527e+01   7.9998326e+01
   9.4705583e+01  -7.7042666e+01
  -3.6113895e+01  -9.7224546e+01
  -8.9895817e+01  -2.7203667e+00
  -9.6647399e+01   2.2057817e+01
  -6.3050004e+01  -7.5136402e+01
  -5.2576746e+01  -8.7817104e+01
   8.2367494e+01   9.8951551e+01
  -2.2572753e+01  -2.1436007e+01
  -5.4853074e+01  -2.0482730e+01
  -2.0724168e+01   1.2628718e-01
   9.2866623e+01   4.1419741e+01
  -3.5176364e+01  -5.6364089e+01
   3.5037519e+01  -7.8114624e+01
  -2.9749644e+01   1.6616370e+01
   1.4816155e+01   8.3437518e+01
  -1.1333560e+01   8.7947011e+01
  -2.4122012e+01   4.5425292e+01
  -4.1803090e+01   1.0999331e+01
  -3.2765148e+01   7.0051661e+01
   5.3239732e+01   1.3436289e+01
   6.6830492e+01  -5.8613078e+01
   8.9334654e+01  -6.8258440e+01
  -9.8477337e+01   9.4513446e+01
   1.7058531e+00  -7.7404589e+01
  -8.4802877e+01   7.9952425e+01
   2.9835782e+01  -6.9634787e+01
   6.1161184e+01  -1.9286303e+01
   9.2241552e+01  -3.3791865e+01
   7.5732392e+01  -5.4039749e+01
  -7.6812282e+01  -9.8012905e+01
  -8.4083855e+01  -9.1149206e+01
  -5.5291899e+01  -5.7875925e+01
   2.5367012e+01   5.8980822e+01
  -7.0081057e+01  -4.3500739e+01
   3.8270768e+01   2.6475817e+01
  -1.4017870e+01  -7.3040959e+00
   9.2155542e+01   7.7729158e+01
   3.5723115e+00  -1.6234887e+01
   3.1753882e+00  -6.5558894e+01
   5.7105325e+00   1.0081348e+00
  -7.2732598e+01  -7.0239971e+01
   2.4232125e+01  -7.7702471e-01
   6.8815419e+01  -1.2907269e+01
   4.7252197e+01   7.7802456e+01
  -9.9593787e+01  -3.0568360e+01
   4.7262422e+00  -9.4378812e+01
   1.1896925e+01   9.2939349e+01
  -3.6441177e+01  -7.5953092e+01
   9.1340810e+01   5.3723909e+01
  -1.3583802e+01  -5.8055982e+01
   5.3847762e+01  -8.4699578e+01
  -2.9117962e+01  -4.8448469e+01
   1.5111029e+01   1.3909470e+01
  -3.8338606e+01  -3.1626637e+01
   9.2211793e+00   7.5172056e+01
   4.8511337e+00   8.4036517e+01
  -8.6697233e+01   5.2631841e+01
  -9.4522503e+01   4.5556322e+01
  -6.7494317e+00   3.0096222e+01
  -1.3313119e+01   7.3851015e+01
  -2.3752897e+01   3.5585554e+01
  -1.0187543e+01   5.7957629e+01
  -1.9505589e+00   9.1260712e+01
  -6.3033669e+01   7.0047996e+00
  -5.6703758e+00  -3.3565937e+01
  -5.6501284e+01  -4.3506221e-01
  -4.9500093e+01   5.9441237e+01
   2.7803528e+01  -8.5009889e+01
  -7.3404888e+01  -1.3694879e+01
   3.8193911e+01  -5.2018319e+01
  -5.4455291e+01   9.5768278e+01
  -6.6296391e+01   9.8889362e+01
  -4.1300572e+01   5.3913806e+01
  -7.4835481e+01   7.9606368e+01
  -3.9012955e+01   8.4318171e+01
   5.9051234e+01  -4.2430603e+01
  -6.3868643e+01   2.4203716e+01
  -8.1119870e+01  -7.4270563e+00
   3.7982527e+01  -3.3232294e+01
  -8.5071537e+01   6.2477843e+01
  -7.9390017e-01  -4.2858502e+01
   7.8516352e-02  -2.5490940e+01
   8.3148096e+01  -3.8556140e+01
  -8.3537235e+01   6.2040165e+00
   8.9681945e+01   3.1959522e+01
  -1.3113191e+00  -7.5334330e+00
  -7.8371049e+01  -6.1971663e+01
   9.9335447e+01   8.7803106e+01
   1.9210740e+01  -9.4037107e+00
   4.2071445e+01  -2.4189880e+01
  -9.3667818e+01  -4.2742367e+01
  -8.2332007e+01  -1.8150738e+01
   4.5202340e+01   1.9328469e+01
   5.2801306e+01   8.6146934e+01
   5.0100105e+01   3.7681839e+01
   8.1866168e+01  -1.5980278e+00
   6.3399102e+01  -4.5999305e+00
   6.6025275e+01   5.7042528e+01
  -1.6471267e+01  -9.8510048e+01
  -1.6776982e+01  -7.7970225e+01
   4.6635310e+01  -9.1624834e+01
   4.3907765e+01  -7.0957070e+01
  -2.3454005e+01  -5.6639838e+01
   6.9058735e+01  -6.9843076e+01
  -4.5526961e+01  -5.9984587e+01
  -1.5631320e+01  -3.3313542e+01
   7.7838336e+01  -6.5161169e+01
  -4.6338900e+01  -2.5706952e+01
   9.8538647e+00   2.3165537e+01
   7.6848052e+01  -3.0843879e+01
   5.5803121e+01  -1.0894711e+01
   7.0219753e+01  -2.3400725e+01
  -2.8125071e+01   6.8068772e+00
  -5.1489826e+01   8.5659926e+00
   4.9358130e+01  -3.6878347e+01
  -7.5549687e+01   4.6266669e+01
  -3.0097860e+01   7.9861300e+01
   4.1660627e+00   4.8192330e+01
   4.0253978e+00   6.6818917e+01
   3.1594881e+00   3.0497759e+01
  -1.7734009e+01   6.4405514e+01
  -2.9668603e+01  -4.3397133e+00
  -3.3554108e+01   3.4046864e+01
  -3.5923094e+01   2.4375793e+01
  -6.8354703e+01   1.5361338e+01
  -2.7168506e+01   9.9891422e+01
   6.3067445e+01   5.2027719e+00
   4.1643545e+01   1.0010240e+01
   9.5109218e+01  -5.8679448e+01
   7.1681448e+01  -9.8472125e+01
   1.9052866e+01  -9.3070743e+01
   4.2111447e+01  -6.1170285e+01
  -9.5624339e+01  -7.1511177e+01
  -7.8271276e+01   1.4692317e+01
  -4.0784320e+01   4.0869035e+01
  -4.8911112e+01   8.5574611e+01
   4.6655992e+01  -1.4613168e+01
  -8.2200034e+01   8.9677215e+01
  -1.9187564e+01   8.1824744e+01
  -5.6681043e+01   5.2633104e+01
  -7.2264328e+01   9.0761199e+01
  -9.4859167e+01   3.3714177e+01
  -5.0016008e+01   6.9327331e+01
   3.6821987e+01   6.6770266e+01
  -4.1990148e+01  -8.4253394e+01
   2.8377906e+01  -5.0198795e+01
  -4.3130659e+01   3.1203651e+01
  -5.2230763e+01   2.7134723e+01
   1.9362985e+01  -2.0549264e+01
   1.0246989e+01  -4.2672077e+01
   2.2239769e+01   9.0098644e+01
   8.5133764e+01  -5.8388333e+01
   1.6161859e+01  -5.0700171e+01
   1.7991996e+01  -8.3133910e+01
   6.7365986e+01  -4.8593867e+01
   5.8403995e+01  -5.2878551e+01
  -6.5076376e+01  -5.5536047e+01
   3.7398592e+01  -8.7806954e+01
  -7.1643895e+01  -8.0179037e+01
  -6.2140838e+01  -8.5025000e+01
  -9.0682941e+01  -1.2686237e+01
  -8.1531926e+01  -8.1486675e+01
   7.3387036e+01  -4.0661064e+01
   8.4038578e+01  -4.8481434e+01
  -9.3345548e+01   7.4775213e+01
  -7.9615015e+01   7.0837774e+01
  -6.4052707e+01  -6.5316280e+01
   5.6954190e+01   7.7060740e+01
   2.2609276e+01  -5.8266719e+01
  -8.8110376e+01   1.6266058e+01
  -5.3457210e+01  -7.7867123e+01
  -6.1976203e+01  -3.7691034e+01
   3.5029873e+01   5.6519754e+01
   1.3798590e+01   4.9887703e+01
   1.7272486e+01   6.4750082e+01
  -9.8583453e+01   2.1830380e+00
   2.3654923e+01   9.1013147e+00
   3.2816337e+01   5.4178236e+00
   1.9791119e+01   2.2667001e+01
  -1.5257022e+00   7.6640667e+00
   7.4123930e+01   7.0535656e+01
   7.7696573e+01   7.9764582e+01
   6.2737932e+01   8.5623632e+01
   9.3421239e+00  -8.1848555e+00
  -7.8410829e+00  -1.5100696e+01
   9.8298453e+01   9.8765538e+01
   5.1926780e+01  -2.2954640e+01
  -1.0829931e+01  -4.2068985e+01
   4.5395512e+00  -3.4418175e+01
   1.0076283e+01  -2.5426745e+01
  -8.2633706e+01  -7.1551683e+01
   8.9399155e+01   6.3484535e+01
  -8.9013192e+01  -6.3858539e+01
   9.5496044e+01   1.7460240e+01
   1.5306783e+01   3.5559096e+00
   7.7642875e+01   5.3506626e+01
   6.3517426e+01   1.4949022e+01
   4.7326011e+01   9.9458338e+01
   2.7124181e+01   6.8779663e+01
   3.3326222e+01   8.7721069e+01
   7.2067869e+01   3.3329940e-01
   5.6561789e+01   9.5414938e+01
   1.9035929e+01   7.4473822e+01
   6.0997950e+01   4.4440089e+01
  -2.7618321e+01  -6.5701673e+01
  -3.7599274e+01  -6.6045312e+01
   8.3330119e+01   2.1264749e+01
  -6.4891567e+00  -5.1054424e+01
  -3.2246217e+01  -2.3845634e+01
   5.4361592e+01   2.3340685e+01
   3.8522960e+01  -9.7728975e+01
  -3.1387174e+01  -3.8780131e+01
  -5.3430625e+01  -3.2626051e+01
  -5.4413212e+01  -6.7916572e+01
  -5.1384449e+00   7.9598123e+01
   9.2856413e+01  -4.3770487e+01
   5.3395351e+00   1.4464908e+01
  -8.4923421e+01   4.2817574e+01
  -5.7944783e+00   6.7466313e+01
  -2.5184688e+00   3.9115194e+01
   1.5034959e+01   3.1551187e+01
  -6.9871161e+01   3.2829405e+01
  -1.4974321e+00   2.1651851e+01
  -5.5422506e+00   4.8621301e+01
  -1.5205968e+01   4.9366162e+01
  -1.2869302e+01  -2.3716521e+01
  -2.2826298e+01  -1.1538946e+01
  -9.4043934e+01  -9.0261382e+01
   4.4621086e+01  -8.0902012e+01
   5.5318147e+01  -7.4823813e+01
   4.1153080e+00   9.9177127e+01
  -3.3627542e+01   4.7742579e+01
  -2.6068065e+01   2.5892645e+01
   9.7937408e+01  -8.6506033e+01
  -3.2369209e+01  -1.3958288e+01
  -5.8093781e+01   1.6056108e+01
   8.1081810e+01  -9.5061384e+01
   9.9560121e+01  -6.7628771e+01
  -4.9148971e+01  -9.9224254e+00
   6.8103281e+01  -8.9134457e+01
  -4.0554030e+01   6.3854563e+01
   2.8689326e+01  -9.5737812e+01
  -4.1875081e+01  -1.6865218e+01
  -5.9109210e+01  -1.0003031e+01
  -7.2458244e+01   3.6854658e+00
  -6.8016869e+01  -5.2737662e+00
  -8.3742136e+01   2.5236609e+01
   3.6261052e+01   9.7271823e+01
  -3.4859075e+01   9.3501069e+01
  -2.3192324e+01   7.2694888e+01
  -2.5998462e+01   8.9021860e+01
  -4.1604675e+01   7.4671096e+01
   4.7901984e+01  -4.7923727e+00
  -1.6547059e+01   2.8865064e+01
  -3.6980278e+01   2.3740680e+00
  -6.6323396e+01   5.0064588e+01
  -4.6595263e+01  -1.3725544e-01
  -8.9396868e+01   9.9531508e+01
  -2.6182077e+01  -9.6144229e+01
  -7.7952965e+01   9.8982763e+01
  -4.8508951e+01   4.7079393e+01
  -1.8173511e+01   9.5230102e+01
   1.0764813e+01  -7.3502744e+01
  -5.5176431e+01   7.7816311e+01
   3.1531240e+01  -4.0807114e+01
  -9.9991058e+01  -9.0021796e+00
   5.7426787e+01  -3.1153159e+01
  -1.5438672e+01  -6.7860258e+01
  -7.6264850e+00  -7.4046724e+01
  -2.2885163e+01  -8.5864094e+01
  -3.2665012e+01  -8.7843498e+01
  -6.2336848e+01   8.9652336e+01
  -5.9964531e+01   3.3297102e+01
  -4.5893529e+01  -9.5218436e+01
   2.7596266e+01  -3.1696766e+01
  -4.4492313e+01   9.5982908e+01
   2.0695540e+01  -7.3525239e+01
  -4.1071715e+00  -8.5450287e+01
   5.1914234e+01  -6.0376692e+01
   4.1311836e+01  -4.2628064e+01
   3.2316410e+01  -6.0025647e+01
   2.1671159e+01  -4.2370395e+01
   2.6441933e+01   9.9157359e+01
   5.0203172e+01  -4.7184096e+01
  -7.0698886e+01  -9.0125992e+01
  -1.3413456e+01  -8.9002402e+01
   8.5689789e+01  -2.6243033e+01
  -9.8847650e+01  -6.2051056e+01
  -9.7686891e+01   5.5037015e+01
  -5.8846369e+01  -9.5815115e+01
  -7.7159976e+01   5.6217348e+01
   2.9227777e+01  -2.1914633e+01
  -9.1477720e+01  -8.0601258e+01
   5.1498337e+01   6.8701508e+01
  -9.1844139e+01   8.7037749e+01
  -9.4774423e+01   6.4881528e+01
  -7.1010632e+01  -3.3545761e+01
  -5.9754955e+01  -4.7285322e+01
  -9.7156958e+01   1.2068693e+01
  -2.5293569e+01  -3.0978908e+01
  -7.7036074e+00   1.3603880e-01
  -7.8937602e+01  -2.7524644e+01
   8.1161101e+01   8.9059069e+01
   7.9684509e+01   6.2784077e+01
   9.0518015e+01   9.2504406e+01
   6.6656437e+01   7.6572699e+01
   6.7901974e+01   9.4128330e+01
   8.4601576e+00  -5.7067235e+01
   3.8143531e+01  -2.9528116e+00
   3.6916282e+01  -1.5708559e+01
   9.8374765e+01   2.7035606e+01
   9.8672561e+01   6.6866282e+01
  -7.4504590e+01  -5.2448096e+01
  -8.3679277e+01  -4.3217022e+01
   9.6973184e+01  -2.4982687e+01
   9.0725555e+01  -6.2225633e+00
  -9.7121304e+01  -2.0334269e+01
   7.3402854e+01   2.0060836e+01
   6.4275974e+01   2.4644548e+01
   2.7531004e+01   3.8381508e+01
   7.8606184e+01  -1.1044377e+01
   2.8386872e+01   2.7631111e+01
   4.3668043e+01   9.0151964e+01
   8.4453415e+01   4.6565511e+01
   4.0278043e+01   3.8860505e+01
   3.7540611e+01   7.8676214e+01
   3.3169839e+01   4.6676118e+01
   1.7942800e+01   4.0974182e+01
   4.4978225e+01   6.1129028e+01
   6.9670970e+01   4.8455910e+01
   5.1702695e+01   4.7449593e+01
