   3.4215752e+01  -3.0818952e+01
   4.1519365e+01  -4.9739969e+01
   5.5205846e+01   7.7314543e+01
   4.5689311e+01   5.0372132e+01
  -7.8012806e+01   4.0565651e+01
  -1.6914247e+01   7.2197295e+01
   6.5147953e+01  -1.4472139e+01
  -5.2972852e+01  -7.1559188e+00
   9.8300941e+01   4.2925674e+01
  -6.6646889e+01  -7.9561035e+01
  -3.1625592e+01  -5.1791553e+01
  -9.9996504e+01  -4.1458725e+01
  -3.9506874e+01   1.8546205e+01
  -1.7032015e+01   3.0330550e+01
  -3.7133936e+01   3.2552704e+01
  -7.0030005e+01  -7.0151921e+01
  -4.7122136e+01  -8.3403950e+01
  -5.3959096e+01   4.2613404e+01
  -5.5308702e+00  -2.6080998e+01
  -8.6871871e+01  -8.0334218e+01
  -6.7794991e+01  -3.3796105e+01
  -8.0239828e+00   5.5290453e+01
   3.7805539e+01   2.9554360e+01
   4.2399383e+01   6.8284241e+01
  -7.4044105e+01  -2.6135189e+01
   5.8043357e+01  -2.1509518e+01
  -4.6328017e+01  -5.9920720e+01
  -6.9968777e+00  -1.4112364e+00
  -7.7274422e+01  -6.3313611e+01
   6.7394738e+01   1.5574094e+01
   4.9753434e+01   9.9460117e+01
   3.6237300e+01   8.6416331e+01
  -7.3638840e+00   4.3592958e+01
  -2.6071504e+01   4.6818840e+01
  -4.4291578e+01   9.7652545e+00
  -4.1581322e+01   6.2812802e+01
  -3.7952651e+01   5.3494675e+01
   6.3367404e+01   4.4463604e+01
  -7.0657646e+01   3.3500980e+01
   4.9011456e+01  -5.9655511e+01
  -5.9552506e+01  -2.5859427e+01
  -3.1605916e+01   6.3513196e+01
   6.1949291e+01  -4.9974548e+00
   5.3952646e+01  -1.2334292e+01
   2.4795247e+01  -2.7464240e+01
  -8.2233809e+01  -3.1734859e+01
   2.9489797e+01   5.7065790e+01
  -1.1191934e+01  -4.9329298e+01
   4.4543262e+01  -3.0378406e+01
  -3.8559660e+01  -7.8246198e+01
  -7.1696859e+01  -5.1027698e+01
  -5.7200906e+01  -8.2842191e+01
   2.5815735e+00   7.8381144e+01
  -8.9536918e+01  -8.9949908e+01
   9.0989206e+00  -1.2328281e+01
   8.8407499e+01   5.2999072e+01
  -5.8800414e+01  -5.0816031e+01
   7.8056729e+01   1.0016954e+01
   8.5524187e+01   2.4346758e+01
   6.6130173e+01   9.3913264e+01
   3.1021903e+01   7.7070352e+01
  -9.3156057e+01  -3.4258503e+01
  -9.4864832e+01  -9.1298378e+00
   8.3608683e+01  -1.3149597e+01
   3.8077597e+01   9.7558348e+01
  -2.8200203e+01   3.7048548e+01
  -3.5597820e+01   4.3776325e+01
  -4.0414774e+00   2.4242585e+01
  -1.6947393e+01   4.0330159e+01
  -3.4316611e+01  -1.3532165e+00
  -5.3285191e+01   2.0552194e+01
  -4.7409042e+01   5.0216459e+01
  -5.1029854e+01   5.9537906e+01
   4.7748523e+01   3.0620379e+01
  -4.4530706e+01   3.9282115e+01
   5.5671729e+01   5.0837641e+01
  -9.6555594e+01   4.1656436e+01
  -7.9630838e+01   2.0318736e+01
   3.2093219e+01  -4.6401143e+01
   5.1518648e+01  -4.9859739e+01
  -4.4773645e+01  -1.6119056e+01
  -5.4726882e+01  -1.7084379e+01
  -7.9303040e+01  -1.7758019e+01
   5.9898606e+01   4.9714090e+00
  -2.7024479e+01   7.2401959e+01
  -2.1829000e+01   6.1412838e+01
   7.1918315e+01  -5.7584179e+00
   4.2940915e+01   1.3312126e+00
   6.4504703e+01  -3.1623167e+01
  -1.7235685e+00  -4.6168780e+01
   5.7613992e+00  -3.3527321e+01
  -8.5776734e+01  -4.0984017e+01
  -7.5797526e+01  -4.1623622e+01
  -1.7620973e+01  -5.6950831e+01
   3.9329914e+01   5.8798404e+01
  -3.0079416e+01  -4.1911627e+01
  -3.2609401e+01  -6.9814112e+01
   4.5508691e+01   4.0366301e+01
  -3.6420836e+01  -6.0570729e+01
  -8.1172050e+01  -5.4129636e+01
   3.9590631e+01  -3.9251666e+01
   4.9558412e+01  -4.0053747e+01
  -5.3482616e+01  -9.3427914e+01
  -2.3221907e+01   8.1650754e+01
  -7.6637772e+00   7.6592924e+01
  -9.7137014e+01  -6.7384015e+01
   7.4006281e+00   4.2297767e+00
   2.8009920e+01  -7.9916614e+00
  -8.7192516e+01  -6.2111722e+01
   9.8404746e+01   5.2925359e+01
  -1.3502372e+01  -9.9009440e+01
   6.9880313e+01   5.3365797e+01
  -6.5325709e+01  -4.3373546e+01
  -6.0154586e+01  -6.9485962e+01
  -5.1604397e+01  -7.4519773e+01
  -6.6157721e+01  -5.9333429e+01
   8.7641143e+01   4.5757555e+00
   9.7589693e+01   3.6993404e+00
   8.6983794e+01   1.4510721e+01
   9.3160423e+01  -6.0017839e+00
   9.9974020e+01   3.3006044e+01
   4.8827221e+01   8.5402832e+01
   5.6344845e+01   9.1947677e+01
   3.2504623e+01   6.6634897e+01
   2.2516797e+01   6.7124542e+01
   8.1613468e+01  -3.3634274e+00
   9.2729541e+01  -1.7239828e+01
   2.8645624e+01   9.2897247e+01
  -7.5805046e+00   3.3595364e+01
  -1.6711385e+01   5.0337976e+01
   1.7266995e+00   3.7252014e+01
  -2.6525656e+01   2.7191031e+01
  -3.3846075e+01   8.6337456e+00
  -5.3327840e+01   3.2633671e+01
  -2.9546379e+01   1.7660064e+01
  -4.5260342e+01   2.6725085e+01
  -5.7768494e+01   5.1858672e+01
   3.5415822e+01   3.9264304e+01
  -6.3787003e+01   4.0766838e+01
   5.3757810e+01   2.2627373e+01
  -4.9062723e+01   6.9448021e+01
   5.5474186e+01   3.8324011e+01
   6.1567169e+01   5.8909507e+01
  -6.4700883e+01   2.5468754e+01
  -8.8690580e+01   3.5480579e+01
  -8.6826275e+01   4.5305258e+01
   6.9872362e+01   4.2781820e+00
  -8.0133485e+01   3.0306078e+01
   2.2792818e+01  -5.0075722e+01
  -6.2492974e+01  -1.0191567e+01
  -3.5831501e+01   7.7241947e+01
   6.0541868e+01  -5.4170363e+01
  -9.8464623e+00   6.5122957e+01
   3.9005447e+01  -5.9418823e+01
  -5.9180240e+01   6.8388910e-01
  -6.6946304e+01  -1.9130078e+01
  -4.3017526e+01  -6.2748893e+00
  -8.4987826e+01  -9.6655657e+00
   7.4297318e+01  -1.8508118e+01
  -8.9278070e+01  -2.5248049e+01
   4.6864430e+01  -1.9388170e+01
   9.6943434e+01   1.3685346e+01
   5.2465012e+01  -1.7161118e+00
   5.4531052e+01  -3.0872409e+01
  -5.2822851e+00  -3.6077908e+01
   4.1721938e+00  -2.3654708e+01
   1.5429985e+01  -3.0974200e+01
  -8.7799031e+00  -6.1600661e+01
  -2.8852926e+01  -8.0616456e+01
   4.9641034e+01   5.9713597e+01
  -9.0206950e+01  -4.9899092e+01
  -2.6518886e+01  -6.1413545e+01
  -2.0544184e+01  -4.5139675e+01
  -4.3075853e+01  -6.9344723e+01
   2.6839824e+01  -3.7892217e+01
  -4.3394548e+01  -9.2655069e+01
   3.5755392e+01   4.9258025e+01
  -7.9176311e+01  -7.4024701e+01
  -2.2377388e+01  -7.0497001e+01
  -1.3664384e+01   8.4592467e+01
  -7.8430207e+01  -8.5866172e+01
  -8.1208368e+01  -9.5478351e+01
  -2.0949540e+00   8.7220267e+01
  -6.3411523e+01  -9.0680306e+01
   8.7821317e+01   4.3022341e+01
   8.0222006e+01   5.9391106e+01
   2.3596628e+00  -4.9403499e+00
  -3.5507568e+00  -9.8026919e+01
   1.9096958e+01  -1.2525864e+01
   1.3870310e+01  -3.3953930e+00
   7.9068412e+01   4.9435670e+01
   1.3921186e+01  -2.1088703e+01
  -9.6397035e+01  -7.7344850e+01
  -5.6231475e+01  -6.0382067e+01
  -5.8015813e+01  -3.5794714e+01
   7.8481243e+00  -4.3306602e+01
  -9.6771619e+01  -5.7406941e+01
   7.6419358e+01   1.9881937e+01
   9.5485132e+01   2.3578079e+01
   8.9984382e+01   3.3272719e+01
   5.6257485e+01   6.7374519e+01
   4.1917790e+01   7.8224261e+01
   6.2617781e+01   8.4025140e+01
   1.5813426e+01   7.4544868e+01
  -9.5034826e+01  -1.8175951e+01
