   3.0822283e+01  -8.0203613e+00
  -2.0166503e+01  -1.9065786e+01
   6.5503881e+00   2.5025350e+01
   2.2757960e+00  -2.5221696e+01
   3.0671210e+01   5.1971072e+01
  -1.2889110e+01   3.5844983e+01
   4.8769444e+01  -3.1880216e+01
  -1.4194482e+01  -3.7773015e+01
  -8.4883448e+00  -5.9543508e+01
  -2.3719348e+01  -3.4893972e+01
  -2.8425413e+01   7.4331674e+00
  -4.2171863e+01  -8.2886489e+00
  -1.5881693e+01  -7.7859907e-01
   9.4625414e+00   3.4238066e+01
   3.9274297e+01   8.6621672e+00
  -2.2478345e+01   3.9076002e+01
   4.6323610e+00  -4.4273153e+01
  -3.6018925e+01  -1.6154849e+01
  -5.7139243e+01  -2.9883697e+01
   4.7960851e+01   3.6311815e+01
  -2.5665996e+01  -2.0708676e+00
  -6.7594652e+00   5.1231382e+01
   5.8783045e+01  -1.3648861e+01
   2.1448907e+01   4.8493539e+01
   3.7554017e+01   3.5752191e+01
   2.6233483e+01  -4.3057962e+01
   2.5413107e+01  -1.6320057e+01
   6.0485943e+00  -1.6256342e+01
  -1.6511732e+01  -2.8130595e+01
  -1.1402713e+01  -5.0033149e+01
  -5.0520562e+01  -2.7975944e+00
  -4.8555653e+01   1.5199741e+01
  -2.9219286e+01   2.0313837e+01
   1.8416819e+01  -5.6806610e+01
   1.6946086e+01  -4.6728252e+01
   6.7056390e+01   9.9709750e+00
   3.4638153e+01   2.2637508e+01
  -4.5217161e+01  -2.0303714e+01
   3.0596049e+01   1.3539241e+01
   2.4816959e+01   2.1658642e+01
   3.8166371e+01  -1.3784006e+00
  -2.2189689e+01   5.1793587e+01
   2.9665191e+00  -7.0305627e+00
   6.5323692e+01   1.2788126e-01
   1.5488458e+01   6.2798123e+01
  -3.8598405e+01   4.0665929e+01
   4.8966327e+00   1.2394327e+01
   2.8371784e+01  -3.3336705e+01
   2.8162901e+01  -6.2429990e+01
   1.5688049e+01  -1.8075516e+01
  -2.9841442e+01  -6.3937482e+01
   2.1812411e+01  -2.5876279e+01
  -5.3002457e+00  -4.2202434e+01
   3.1793038e+01  -2.3955311e+01
  -4.9481824e+01   2.5666405e+01
  -5.9202224e+01   2.3401879e+01
  -6.0231934e+01  -8.4847680e+00
  -4.3840452e+01   4.5468690e+00
  -5.1209592e+01  -1.2607757e+01
  -1.5931920e+01  -1.0417253e+01
   1.4736131e+00  -3.4969814e+01
  -1.6526638e+00  -5.1990511e+01
  -2.8846638e+01  -2.3379868e+01
  -2.7027957e+01  -1.1874741e+01
   1.2166327e+01  -6.4724170e+01
   4.7274652e+01   2.4829581e+00
  -5.7955207e+01  -1.9936993e+01
   5.1329825e+01   2.1941504e+01
  -3.3547189e+01  -3.5420589e+01
  -3.0063078e+01  -4.4617832e+01
  -2.1570543e-01   3.2679831e+01
   2.0738388e+01   1.2299494e+01
   2.0854857e+01  -7.4244954e+00
  -1.2096525e+01   5.9583309e+01
   1.8855701e+01   2.9640774e+01
   5.6803029e+01   5.2784988e+00
  -4.7721320e+00   4.1502421e+01
   2.9423413e+00   5.2828853e+01
   5.4045297e+01  -4.8522337e+00
   3.2591053e+00   2.7169416e+00
  -2.8539115e+01   3.1128857e+01
  -3.8422171e+01   3.0768374e+01
   5.0431124e+00   4.3092965e+01
   3.8334870e+01   4.5656534e+01
  -1.4710095e+01   4.5412146e+01
   3.8340583e+01  -3.3523523e+01
   4.2216482e+01  -2.4319527e+01
   3.6246706e+01  -4.3416816e+01
   2.9392909e+01  -5.2518274e+01
   9.1994488e+00  -5.3049952e+01
   1.2309059e+01  -3.7869993e+01
   1.1979344e+01  -2.7877226e+01
  -1.8225165e+01  -5.7304894e+01
  -4.0592226e+01   2.1161197e+01
  -6.0700689e+01   1.3541067e+01
  -6.7044148e+01  -1.5789088e+01
  -5.3587992e+01   6.6111950e+00
  -3.7208894e+01   1.1909161e+01
  -3.5505885e+01  -8.6902630e-01
  -6.7283565e+00  -2.9355358e+01
  -3.6753948e+00  -6.8278067e+01
  -2.0265058e+01  -4.5655224e+01
  -6.0771878e+00  -1.1008274e+01
  -1.0271472e+01  -2.0030522e+01
   2.9668781e+00  -6.0828175e+01
   5.8505433e+01   1.5090647e+01
   2.8775914e+01   3.1007798e+01
   4.3194706e+01   2.7572281e+01
   1.5059666e+01   2.0348854e+01
  -2.7696153e+01  -5.4221502e+01
   3.7453273e+01  -1.5530393e+01
   2.9552708e+01   3.6253196e+00
   5.6230086e+01   3.0634173e+01
   4.4855430e+01  -8.8000141e+00
  -4.7212369e+01  -3.0184916e+01
   4.8542818e+01   1.2370437e+01
  -8.2791881e+00   2.7209750e+01
  -3.8325499e+00   6.5190841e+01
  -2.1837346e+01   6.1704495e+01
  -1.4961456e+00   1.9919103e+01
   7.2058743e+01  -7.2318465e+00
  -5.9693061e+00  -1.0167763e+00
   2.5158669e+01   6.0287720e+01
   4.9600586e+01  -1.7592846e+01
  -1.9125248e+01   2.8300591e+01
  -3.7960236e+01  -2.6748785e+01
  -3.0371541e+01   4.6208498e+01
   1.7583736e+01   3.9512135e+01
   1.2783729e+01   5.3213004e+01
   1.9633597e+01   2.4507997e+00
   2.8873185e+01   4.1631370e+01
   4.5240096e+01   5.2849287e+01
