   3.0290000e+03
   2.9370000e+03
   3.3310000e+03
   3.1070000e+03
   2.9430000e+03
   3.0790000e+03
   3.1190000e+03
   3.0130000e+03
   3.1770000e+03
   3.4790000e+03
   2.9830000e+03
   3.0070000e+03
   3.1910000e+03
   3.4910000e+03
   3.3410000e+03
   3.1350000e+03
   3.4510000e+03
   2.9470000e+03
   3.2250000e+03
   3.3750000e+03
   3.3050000e+03
   2.9490000e+03
   3.4010000e+03
   3.1570000e+03
   3.0490000e+03
   3.1090000e+03
   3.0510000e+03
   3.4470000e+03
   3.5150000e+03
   3.1270000e+03
   3.1490000e+03
   2.9630000e+03
   3.0630000e+03
   3.1930000e+03
   3.2170000e+03
   3.3170000e+03
   3.0410000e+03
   2.9850000e+03
   3.2610000e+03
   3.0950000e+03
   3.0190000e+03
   3.4030000e+03
   3.3630000e+03
   3.0530000e+03
   3.3670000e+03
   3.1210000e+03
   3.4710000e+03
   3.4410000e+03
   3.1810000e+03
   3.1710000e+03
   3.3830000e+03
   3.3770000e+03
   3.5050000e+03
   3.2110000e+03
   3.2570000e+03
   3.5110000e+03
   3.2550000e+03
   3.0210000e+03
   3.2450000e+03
   3.2930000e+03
   3.2430000e+03
   3.4970000e+03
   3.2910000e+03
   3.2990000e+03
   3.3890000e+03
   2.9450000e+03
   3.3690000e+03
   3.3610000e+03
   3.3710000e+03
   3.2690000e+03
   3.3990000e+03
   3.5190000e+03
   3.4850000e+03
   3.4270000e+03
   3.5210000e+03
   3.1010000e+03
   3.1030000e+03
   3.4150000e+03
   3.1390000e+03
   3.4690000e+03
   3.3330000e+03
   3.0230000e+03
   3.1970000e+03
   2.9330000e+03
   3.4630000e+03
   3.2730000e+03
   2.9270000e+03
   3.1990000e+03
   2.9410000e+03
   2.9790000e+03
   3.2370000e+03
   3.2330000e+03
   3.1830000e+03
   3.3210000e+03
   3.2810000e+03
   3.1590000e+03
   3.0010000e+03
   3.2350000e+03
   3.3530000e+03
   3.3350000e+03
   3.2870000e+03
   3.2510000e+03
   3.2010000e+03
   3.0310000e+03
   3.3470000e+03
   3.3270000e+03
   3.1050000e+03
   3.3370000e+03
   3.3450000e+03
   3.3590000e+03
   3.1790000e+03
   3.1130000e+03
   3.2950000e+03
   3.1530000e+03
   3.3730000e+03
   3.1450000e+03
   3.2390000e+03
   3.3970000e+03
   3.0990000e+03
   3.4190000e+03
   3.4070000e+03
   3.3230000e+03
   3.1870000e+03
   3.4290000e+03
   3.3850000e+03
   3.1410000e+03
   3.1170000e+03
   3.1950000e+03
   3.1290000e+03
   3.4530000e+03
   3.4930000e+03
   3.1610000e+03
   3.3190000e+03
   3.4350000e+03
   3.4670000e+03
   3.4450000e+03
   3.4730000e+03
   3.5250000e+03
   3.4810000e+03
   3.3870000e+03
   3.4750000e+03
   3.3790000e+03
   3.4950000e+03
   3.2030000e+03
   3.5070000e+03
   3.5130000e+03
   3.5030000e+03
   3.2230000e+03
   2.9300000e+03
   3.5170000e+03
   3.2270000e+03
   2.9360000e+03
   3.2290000e+03
   3.4210000e+03
   2.9440000e+03
   2.9460000e+03
   2.9480000e+03
   2.9500000e+03
   2.9540000e+03
   3.2590000e+03
   2.9640000e+03
   2.9720000e+03
   2.9740000e+03
   2.9780000e+03
   3.3250000e+03
   2.9820000e+03
   2.9840000e+03
   3.3030000e+03
   3.3090000e+03
   3.2650000e+03
   3.2770000e+03
   3.2790000e+03
   3.2850000e+03
   3.0060000e+03
   3.0120000e+03
   3.0160000e+03
   3.0180000e+03
   3.0200000e+03
   3.3290000e+03
   3.3070000e+03
   3.3430000e+03
   3.3150000e+03
   3.0300000e+03
   3.0340000e+03
   3.0400000e+03
   3.3010000e+03
   3.3550000e+03
   3.4230000e+03
   3.0500000e+03
   3.4250000e+03
   3.3490000e+03
   3.3810000e+03
   3.3570000e+03
   3.0680000e+03
   3.0760000e+03
   3.0780000e+03
   3.4050000e+03
   3.3930000e+03
   3.4090000e+03
   3.4370000e+03
   3.0940000e+03
   3.4130000e+03
   3.0980000e+03
   3.4430000e+03
   3.4170000e+03
   3.1040000e+03
   3.1060000e+03
   3.1080000e+03
   3.1100000e+03
   3.1120000e+03
   3.4330000e+03
   3.1180000e+03
   3.4390000e+03
   3.1220000e+03
   3.4770000e+03
   3.1280000e+03
   3.1300000e+03
   3.4590000e+03
   3.1340000e+03
   3.1380000e+03
   3.4550000e+03
   3.1440000e+03
   3.1480000e+03
   3.4650000e+03
   3.1540000e+03
   3.1560000e+03
   3.1580000e+03
   3.4830000e+03
   3.1700000e+03
   3.1720000e+03
   3.1740000e+03
   3.5270000e+03
   3.4870000e+03
   3.1800000e+03
   3.1820000e+03
   3.1840000e+03
   3.4990000e+03
   3.4890000e+03
   3.1900000e+03
   3.1920000e+03
   3.1940000e+03
   3.1960000e+03
   3.1980000e+03
   3.2000000e+03
   3.5010000e+03
   3.2060000e+03
   3.2080000e+03
   3.2100000e+03
   3.5090000e+03
   3.2160000e+03
   3.2180000e+03
   3.2220000e+03
   3.2240000e+03
   3.2260000e+03
   3.2280000e+03
   3.5230000e+03
   3.2320000e+03
   3.2340000e+03
   3.2360000e+03
   3.2380000e+03
   3.2400000e+03
   3.2420000e+03
   3.2440000e+03
   3.2460000e+03
   3.2500000e+03
   3.2520000e+03
   3.2540000e+03
   3.2560000e+03
   3.2580000e+03
   3.2600000e+03
   3.2640000e+03
   3.2720000e+03
   3.2760000e+03
   3.2780000e+03
   3.2860000e+03
   3.2880000e+03
   3.2900000e+03
   3.2920000e+03
   3.2940000e+03
   3.2980000e+03
   3.3020000e+03
   3.3040000e+03
   3.3060000e+03
   3.3080000e+03
   3.3140000e+03
   3.3160000e+03
   3.3180000e+03
   3.3200000e+03
   3.3220000e+03
   3.3240000e+03
   3.3260000e+03
   3.3280000e+03
   3.3300000e+03
   3.3320000e+03
   3.3360000e+03
   3.3400000e+03
   3.3420000e+03
   3.3440000e+03
   3.3460000e+03
   3.3480000e+03
   3.3500000e+03
   3.3520000e+03
   3.3540000e+03
   3.3560000e+03
   3.3600000e+03
   3.3620000e+03
   3.3640000e+03
   3.3660000e+03
   3.3680000e+03
   3.3700000e+03
   3.3720000e+03
   3.3740000e+03
   3.3760000e+03
   3.3780000e+03
   3.3800000e+03
   3.3820000e+03
   3.3840000e+03
   3.3860000e+03
   3.3880000e+03
   3.3960000e+03
   3.4000000e+03
   3.4020000e+03
   3.4040000e+03
   3.4060000e+03
   3.4080000e+03
   3.4120000e+03
   3.4140000e+03
   3.4160000e+03
   3.4200000e+03
   3.4220000e+03
   3.4240000e+03
   3.4280000e+03
   3.4300000e+03
   3.4340000e+03
   3.4360000e+03
   3.4380000e+03
   3.4400000e+03
   3.4420000e+03
   3.4440000e+03
   3.4460000e+03
   3.4480000e+03
   3.4500000e+03
   3.4520000e+03
   3.4540000e+03
   3.4580000e+03
   3.4600000e+03
   3.4620000e+03
   3.4640000e+03
   3.4660000e+03
   3.4680000e+03
   3.4700000e+03
   3.4720000e+03
   3.4740000e+03
   3.4760000e+03
   3.4780000e+03
   3.4800000e+03
   3.4840000e+03
   3.4860000e+03
   3.4920000e+03
   3.4940000e+03
   3.4960000e+03
   3.4980000e+03
   3.5000000e+03
   3.5020000e+03
   3.5040000e+03
   3.5080000e+03
   3.5100000e+03
   3.5120000e+03
   3.5140000e+03
   3.5160000e+03
   3.5180000e+03
   3.5200000e+03
   3.5220000e+03
   3.5240000e+03
   3.5260000e+03
