   3.3211759e+01   6.4895118e+01
  -1.0716067e+01  -4.4547534e+01
   2.1352226e+00  -6.3344941e+01
   2.4874556e+01   4.4833460e+01
  -8.3592364e+01  -5.6684439e+01
   4.0331047e+01   2.4746646e+01
   4.7245046e+00   8.7755539e+01
   2.5375194e+01  -4.3259532e+01
  -7.4167474e+01  -3.4475106e-01
   5.9324437e+00  -5.0185362e+01
   1.9627623e+01  -9.0437186e+01
  -2.2513855e+01  -4.8709267e+01
   3.3505636e+01  -1.3573052e+01
  -4.0949299e+00   6.6200758e+01
   1.5987689e+01  -4.2180924e+00
   3.4575377e+01  -3.9456647e+01
   4.2928640e+01  -4.9289720e+01
   3.0094676e+01  -6.1963386e+01
  -5.4074869e+01  -4.9587467e+00
   9.6564142e+00  -8.4674951e+01
  -5.4736588e+01  -2.1267150e+01
   5.7791303e+00   4.9409861e+01
  -2.1384501e+01   7.6781134e+01
   1.5123158e+01   5.7391262e+00
   8.5473935e+01  -1.9174429e+01
   4.7888191e+01   8.0119021e+01
   4.1982958e+01   5.0973413e+01
   5.2264652e+01   6.1127964e+01
   5.1973166e+01  -5.3355813e+01
  -9.0588833e+01   2.4665278e+01
  -6.8553695e+01  -1.8326548e+01
   7.2704206e+00  -7.4768014e+01
   1.5976197e+01  -4.7169311e+01
   2.4346116e+01   8.4899482e+01
   7.4695344e+01  -3.5731471e+01
  -3.0380563e+01   5.3085544e+01
   1.2814908e+01   5.6380695e+01
   5.9976404e+00   3.0252188e+01
   4.0443605e+01  -2.0679468e+01
   5.3652375e+01  -3.5764328e+01
   3.9618571e+01  -7.9355962e+01
  -4.7817718e+01  -9.6184120e+01
  -2.3761618e+01  -7.6782597e+01
  -6.1153473e+01   1.3597387e+01
  -8.2788109e+01   3.5792443e+01
  -8.2913264e+01  -9.4061021e+00
  -4.2330706e+01   1.9158731e+01
   5.4872732e+01  -6.8957064e+01
   9.9390584e+00  -2.1016753e+01
   7.7996530e+01   3.1679977e-01
   1.6343052e+01  -7.1183040e+01
  -1.3848029e+01  -5.3853459e+01
  -7.3260322e+01  -7.8032960e+01
  -1.0256537e+01  -7.8922561e+01
  -1.3781323e+01   8.3218167e+01
   3.3746588e+01  -3.0137143e+00
  -1.1696355e+01   7.2925122e+01
   5.9601640e+01   2.9883475e+01
   2.2439734e+01   5.7817284e+01
   1.4097358e+01   6.6131075e+01
   4.9122607e+01  -2.2047616e+00
  -5.7327930e+00   5.4865722e+01
   9.1845458e+01  -1.1481382e+01
   8.9305577e+01  -2.8393337e+01
   6.2290617e+01  -7.9290395e+00
   1.9424610e+01   3.0209551e+01
   3.5048272e+01   4.3737767e+01
   5.8490116e+01   1.2168120e+00
   3.5978993e+01  -2.9559301e+01
   3.3065540e+01  -4.9646950e+01
   2.3859487e+01  -5.3106813e+01
   3.5824109e+01  -7.0128144e+01
   4.5841889e+01  -2.9657876e+01
   5.8142184e+01  -2.7065760e+01
  -5.5462752e+01  -8.9743266e+01
  -2.4183795e+01  -9.2819756e+01
   1.7704202e+01  -3.6875662e+01
  -9.1710612e+01   3.4531407e+01
  -5.6621033e+01   2.6584192e+01
  -8.6033718e+01   1.6008115e+01
  -8.5425729e+01   4.4245619e+01
  -2.3969180e+01  -1.8539570e+01
  -9.2748151e+01  -7.5458864e+00
  -4.0820949e+01   9.2702431e+00
  -3.7486643e+00  -5.2535277e+01
  -6.4751984e+01  -3.9986637e+00
  -6.0169640e+01  -1.2881164e+01
  -8.2332287e+01   7.6939602e+00
   4.0582356e+01   1.3933211e+01
   2.4618739e+00  -9.1609572e+01
   8.5694568e+00  -4.0635100e+01
   1.0939361e+01  -5.8746890e+01
  -5.4188307e+00   3.4886778e+01
  -8.6289573e+01  -2.4209291e-01
  -9.7923264e-01  -4.2945458e+01
  -7.7064966e+00  -6.1696526e+01
  -1.2274092e+01   9.5327444e+01
   8.8210236e+01   4.2105608e+01
   2.6162794e+01  -7.2361064e+01
  -4.1889435e+00  -7.1031411e+01
  -6.3069588e+01  -8.3256742e+01
  -2.9155314e+01  -6.4105469e+01
   2.7012099e+01  -2.1167456e+01
   2.0206654e+01  -6.2207492e+01
  -6.9473735e+01   1.9967232e+01
  -3.5639326e+01  -5.6641476e+01
   2.4227438e+01   1.6238970e+00
   4.1397817e+01   3.9935926e+00
  -3.7639781e+01   8.5569768e+01
  -1.4406453e+01  -9.4737135e+01
  -7.5847102e+01  -4.1436507e+01
   4.9438244e+00   6.9328726e+01
  -1.5779130e+01  -7.0804584e+01
   4.7607188e+01   7.0029666e+01
   1.4405620e+01   8.5516475e+01
  -8.4668977e+01  -3.6757387e+01
  -1.4904360e+01   4.1837981e+01
  -2.9486126e+01   1.9255379e+01
  -2.3015497e+01   2.6848032e+01
  -1.6841661e+01   5.3024848e+01
   9.9047467e+01  -3.0620873e+01
   7.5700804e+01  -1.7144709e+01
   6.8428415e+01  -2.3993796e+01
   7.2211731e+01  -7.8064586e+00
   3.2793789e+00   5.9140642e+01
   1.2201994e+01   7.5918968e+01
   6.5808021e+01   7.1158793e+01
  -3.5011974e+01   3.6773116e+01
   2.3739205e+01   6.7351618e+01
   4.2321464e+01   6.0973130e+01
   6.3576131e+00  -1.5344764e+00
   9.1027314e+01   2.5881714e+01
  -6.2770102e+01  -6.2846642e+01
  -9.4188043e+01  -4.5762719e+01
   2.9695511e+01  -8.1689464e+01
   2.6766912e+01  -3.2989819e+01
   4.4506516e+01  -3.9520990e+01
   3.5247506e+01  -9.8770858e+01
  -4.0302081e+01  -8.9620090e+01
  -4.8210383e+01  -8.2870675e+01
  -2.9951040e+01  -8.4619094e+01
  -3.3320648e+01  -9.6740972e+01
  -5.4611969e+01  -7.5205149e+01
   1.8850587e+01  -2.6911372e+01
  -4.5007330e+01   3.9502537e+01
  -8.8760809e+01  -1.7438465e+01
  -9.9809494e+01  -1.7921818e+01
   9.7040533e+00  -3.0869144e+01
  -5.8656568e+01   3.9237927e+00
   3.9428464e+01  -5.8593398e+01
  -5.2056080e+00   8.8277957e+01
  -5.0052787e+00  -9.8371368e+01
  -9.1977005e+01   8.0855294e+00
   1.1379747e+01  -9.6048701e+01
  -7.3003050e+01  -9.7332411e+00
  -8.3129857e+01  -7.6434553e+01
   9.5210694e+01   3.4964628e+01
  -8.0656766e+01   2.3667597e+01
  -5.5569744e+01  -5.5642783e+01
   9.0166698e+01   1.5918816e+01
  -2.1239730e+01   6.6826136e+01
   1.9785304e+01  -8.0484106e+01
   4.2872069e+01  -1.0103501e+01
   5.0378954e+01  -2.0869956e+01
   5.2915799e+01  -1.1333060e+01
   1.8315967e+01  -1.5621260e+01
  -6.0291601e-02  -3.2988414e+01
  -3.0044978e+01   7.1344945e+01
  -2.1474447e+01   9.1417716e+01
   2.8611069e+01   7.5913316e+01
   2.5085777e+01  -8.3051180e+00
  -6.4428368e+01  -7.3350762e+01
  -8.4261517e+01  -4.6740985e+01
   4.4544504e+01   3.7221313e+01
   3.5283164e+01   3.3481824e+01
  -6.7159287e+01  -3.6645940e+01
   3.8303641e+01   7.3631513e+01
   3.3576855e+01   5.5486194e+01
   1.9175201e+01   9.4212739e+01
   1.0504306e+00   7.8473157e+01
  -9.5425733e+01  -3.5849176e+01
  -7.5097641e+01  -5.1399047e+01
  -7.8580521e+01  -1.8371462e+01
   5.0618052e+01   8.0948074e+00
  -8.3928193e+01  -2.6801498e+01
   9.6799768e+01  -2.0503720e+01
   7.8813941e+01  -2.6633190e+01
   6.0656731e+01  -1.7623780e+01
   8.2117425e+01  -8.9636262e+00
   5.6451013e+01   7.4678326e+01
   1.5690977e+01   4.7004175e+01
   4.9673706e+01   1.8079289e+01
  -4.3440617e+01  -6.2869698e+01
   8.5076554e+00  -1.1225358e+01
  -8.1936480e+01  -6.6519889e+01
  -7.1952096e+01  -6.6772664e+01
  -5.3105643e+01  -6.5332899e+01
   8.1942181e+01   2.1703154e+01
  -6.9558016e+01  -9.0865468e+01
   9.5018746e+01   7.1748109e+00
   5.1351758e+01   8.9500050e+01
   3.8514326e+01   8.3631095e+01
  -9.3894560e+01  -2.5983801e+01
  -1.3273794e+01   2.8869433e+01
  -2.5015010e+01   3.6637647e+01
   5.9504546e+01   1.9884533e+01
   1.1124487e+01   2.1674778e+01
  -5.4953588e+01   3.8588210e+01
  -3.5995165e+01   2.6843187e+01
  -4.9784503e+01  -2.9948907e+01
   4.5165870e+01  -6.6739145e+01
   3.1490576e+00   3.9830158e+01
  -2.7518166e+01  -2.7888617e+01
  -2.3405843e+01  -3.8749132e+01
  -1.9598877e+01  -6.1759894e+01
   1.2781250e+01   3.7574728e+01
  -3.5630533e+01   7.1042192e-01
  -4.7677251e+01   2.7924572e+01
  -6.8998280e+00  -8.8263649e+01
  -5.3950045e-01  -8.0662258e+01
   5.2187062e+00   8.3613974e+00
  -1.8071158e+01  -8.4997462e+01
  -4.1750788e+01   5.5802029e+01
  -3.7942105e+01   4.6557740e+01
  -5.4127320e+00   4.4904723e+01
   5.0194126e+01   4.5459693e+01
   6.4828718e+01  -3.4383954e+01
   8.6349350e+01  -3.7937367e+01
  -6.4328949e+01  -2.7170518e+01
  -1.2739504e+01   6.1962807e+01
   5.7254708e+01  -4.4935257e+01
  -5.2175465e+01   1.7917613e+01
  -7.6183391e+01   3.1598813e+01
  -6.4591810e+01   2.6052082e+01
   2.7443361e+01   5.0863068e+01
  -7.5101717e+01   8.8530253e+00
