   2.4517530e+01   6.1397677e+01
   6.8142037e+01   5.0475082e+01
  -2.5503602e+01   5.5972379e+01
  -4.0442982e+01   2.6167001e+01
  -4.2313081e+01   4.1242194e+01
   1.1208096e+01  -9.7455235e+01
  -6.6581820e+00  -6.3137007e+01
  -5.1031287e+00  -5.3340463e+01
  -2.5520534e+01  -3.2210050e+01
   1.3755287e+00   3.8084860e+01
  -5.7624654e+00   7.4766045e+01
  -7.1935557e+01   1.1161532e+01
   5.4721604e+01  -4.9299733e+01
   5.5312885e+01  -2.9546419e+01
   9.1566164e+01  -8.1404015e-01
   6.9327424e+01  -6.2137706e+01
  -7.1896440e+01  -7.4882670e+01
  -9.7528854e+00  -3.9615724e+01
   6.5221187e+01  -2.2216961e+01
  -3.1498372e+01  -4.0233655e+00
   7.0155916e+01   4.7883895e+00
   2.4536747e+01  -5.3506941e+01
   1.6786145e+01  -3.7143590e+01
   6.7504361e+01  -4.4738490e+01
  -9.0594751e+01  -3.5288055e+01
   7.4382882e+01  -3.5521694e+01
   3.9413875e+01   5.1946278e+01
   1.2336559e+01   4.5878502e+01
   1.4669056e+01   7.4179409e+01
   4.6183881e+01   1.6542340e+01
   7.5816995e+01   8.7480802e+01
   1.2501679e+01   1.1209136e+01
   2.4256459e+01   7.1375140e+01
   3.3274459e+01   9.7379479e+01
  -6.4599840e+01  -2.6849196e+01
  -4.8679729e+01  -8.8414006e+01
   2.8605118e+00   1.5974679e+01
  -7.6828050e+01   9.1947549e-01
  -9.2135952e+01   1.0240064e+01
  -3.2877454e+01   7.8446634e+01
   5.6630484e+01   2.8855441e+00
  -3.9032510e+01  -1.0890791e+01
  -7.0128332e+01   3.4746521e+01
  -5.2298317e+01   8.6511126e+01
  -3.3990055e+01  -9.4237006e+01
  -7.7824536e+01   9.5638489e+01
   2.1959092e+01  -7.1278513e+01
   3.4202683e+00  -9.1198538e+01
   4.9164031e+00  -5.2191885e+01
   3.4846144e+01   3.9866126e+01
   3.7399949e+01   8.4057368e+01
   4.9335418e+01  -8.0045240e+01
  -7.6087882e+01  -8.3912556e+01
  -2.9448255e+01  -1.3640962e+01
  -1.6707252e+01  -1.7209936e+01
   2.1654623e+00   6.7345747e+01
  -2.3398106e+01   4.6205081e+01
   6.7386913e+01  -7.1914675e+01
  -4.7848775e+01   3.2919942e+01
  -6.4818419e+01   4.3213625e+01
  -2.3082394e+01   7.6457473e+01
  -5.1697637e+01   5.8090270e+01
   1.8269421e+01  -8.0536457e+01
   5.0243259e+01  -6.8537228e+01
  -6.6697952e+01  -1.7079024e+01
   3.4775721e+01  -5.2745470e+01
  -8.1858636e+01  -7.4271672e+01
  -5.8711349e+01  -6.4538679e+01
   1.0472260e+01  -2.9439575e+01
   2.0811475e+01   1.8553882e+01
   2.9112804e+01  -2.2809477e+00
   5.5891466e+00   9.1359860e+01
  -3.4644851e+00  -2.5999637e+00
   8.8293960e+00  -1.7940608e+01
  -9.7952007e+01  -6.2360263e+01
   7.9319766e+01   2.0640733e+01
   5.1004634e+01   2.8111641e+01
   7.6539129e+01   6.8574493e+01
   4.4808268e+01   7.7346383e+01
   4.2181921e+01   9.2834748e+01
   9.1311014e+01   3.8456894e+01
   9.9501723e+01  -6.8797451e+00
   1.8874630e+01   9.1298926e+01
   4.5549306e+01  -3.1690896e+00
   1.1285389e+01   2.1239860e+01
  -4.4584969e+01  -1.9197350e+01
   9.2473319e+01  -7.1672553e+01
   9.9001777e+01   1.1946123e+01
  -5.4683191e+01  -2.7698801e+01
  -6.6996530e+01  -9.0229592e-01
  -3.2717529e+01  -5.3533791e+01
  -1.9549898e+01  -3.9970764e+01
  -6.1970022e+01  -7.3957762e+01
   9.0244984e+01  -4.9227415e+01
  -6.6511315e+01  -9.3033092e+01
  -1.8426972e+01  -7.0784056e+01
   1.9539481e+01   5.2757335e+01
  -6.7896894e+00  -3.0145350e+01
  -5.5683519e+01   2.6618680e+01
  -1.4310715e+01   5.0301123e+01
  -7.5007118e+01   7.7572494e+01
  -4.8307585e+01   1.9997729e+01
  -5.6891026e+01  -2.1347841e-01
  -4.0915041e+01   9.3022628e+01
  -4.1632702e+01   7.3311352e+01
  -7.4759847e+01   4.3678153e+01
  -5.9077429e+00  -8.7640381e+01
  -2.7296854e+01   9.7467326e+01
  -8.9364605e+01   9.1460743e+01
  -2.5115040e+01   3.6377929e+01
  -5.2537719e+01   1.0729537e+01
  -5.7646153e+01   3.6327070e+01
  -2.9373780e+01   9.7270205e+00
   7.8872215e+01  -6.5049629e+01
  -8.0113764e+01   3.5262218e+01
  -6.1859745e+01   8.9426749e+01
   3.8969661e+01  -4.3177161e+01
   4.7397655e+01  -2.3214793e+01
   3.1911744e+01  -7.1904852e+01
   3.8752220e+01  -1.8193807e+01
   7.2811855e+01  -1.5711646e+01
   9.3077304e+01  -2.7586780e+01
  -8.3091578e+01  -4.3533094e+01
  -6.0050794e+01  -3.6039525e+01
  -9.7650727e+01  -2.0598880e+01
  -8.8453565e+01  -2.4467608e+01
   9.0335468e+00  -6.1256163e+01
   7.6231181e+01   9.7474213e+01
   8.5941437e+01   8.5672625e+01
   6.0451030e+01   3.1382268e+01
  -7.9834077e+01  -6.4495273e+01
  -9.8620690e+01  -7.2335020e+01
   4.2740781e+01   3.3733333e+01
   5.0956564e+01   6.9454772e+01
   5.9583649e+01   8.4532643e+01
   6.5487414e+01   6.3524708e+01
   3.6475314e+01   1.4152353e+01
  -9.4980869e+00  -1.0448658e+01
   8.8769575e+01   5.7808981e+01
  -3.5404942e+01  -3.1971171e+01
   8.9155470e+01   1.8892192e+01
  -3.8837716e+01  -6.1167840e+01
  -3.9079523e+01  -8.5654433e+01
   2.8073660e+01  -2.1071734e+01
   7.1252237e+01  -9.5844657e+01
   9.8931054e+00   5.5563498e+01
  -9.5515737e+01   3.4904433e+01
  -1.9484056e+00   8.4007586e+01
  -3.4932552e+01   3.4506415e+01
   1.2202380e+01   8.3863886e+01
  -7.3252967e+00   6.4230044e+01
   8.5718635e+00  -8.2658008e+01
  -8.1404899e+01   8.5270530e+01
   6.2379325e+01  -9.1273946e+01
  -1.6377474e+01   6.0041044e+01
   4.5595758e+01  -8.9304987e+01
  -2.2062403e+01   8.6397119e+01
  -1.2570876e+01   8.2897483e+01
  -4.5752705e-01   9.9322243e+01
   1.4925308e+01   6.4192441e+01
   3.3639295e+01   7.4799467e+01
  -8.3216633e+01   5.9081007e+01
  -3.3889828e+01   6.7016720e+01
  -4.2689568e+01   6.2343876e+01
  -3.5472213e+01   5.5431140e+01
   1.8412809e+01  -9.0527647e+01
   7.3231019e+01  -5.2933876e+01
  -2.7307859e+01   2.6648803e+01
  -3.3362205e+01   4.5659072e+01
  -4.1455688e+01   1.2857835e+01
   1.8983160e+01  -6.1771572e+01
  -5.6817524e+01   9.8079339e+01
  -4.2860338e+01   8.3220678e+01
  -5.5747040e+01   7.7123089e+01
   5.1438187e+01  -5.8687922e+01
   6.3352452e+01  -5.4178946e+01
  -8.7443601e+01   1.4148956e+00
  -1.5541534e+01   3.9245084e+01
   9.6951102e+01  -3.6826734e+01
  -8.1933232e+00   3.2454908e+01
   8.2538205e+01  -1.8030529e+01
  -7.5616110e+01   2.6337226e+01
  -6.5637435e+01   2.5818940e+01
  -5.1788140e+01   4.4371267e+01
   7.4777550e+01  -2.5531815e+01
  -8.4877410e+01   1.9137669e+01
  -6.6008554e+01  -5.6023430e+01
   8.3491853e+01  -3.0436328e+01
  -5.9928708e+01   1.7618018e+01
   1.4930153e+01  -5.0753862e+01
  -9.0848515e+01  -7.8616458e+01
  -8.5544062e+01  -8.7087804e+01
   2.0493245e+00  -3.4815805e+01
   8.7221382e+00  -4.2943602e+01
   2.4350916e+01  -4.3594648e+01
  -9.9709695e+01   7.7220986e+01
  -6.9869354e+01  -6.5155131e+01
  -5.4109550e+01  -8.0083241e+01
  -5.0709989e+01  -7.0747471e+01
  -7.3573468e+01  -3.7689763e+01
   2.7967563e+01   3.1718761e+01
   2.8496344e+01   8.8597217e+01
  -8.0958189e+01  -3.1026730e+01
   1.6291962e+00  -2.4836409e+01
   4.9103565e+00   2.8826877e+01
   1.8517078e+01   2.8457981e+01
   9.8884786e+01   3.1934259e+01
   6.1837529e+00  -5.1300116e+00
  -1.6316653e+01  -2.7200624e+01
   1.2221401e-01  -1.3079418e+01
  -7.1921084e+00  -2.0175199e+01
   8.6066211e+01   9.5667455e+01
   4.7271470e+01  -1.3020353e+01
   4.7372053e+01   6.6439485e+00
   7.6122421e+01  -3.7654812e+00
   8.6846953e+01   7.1200495e+01
   6.5204757e+01   2.2610043e+01
   8.5008473e+01  -8.3469518e+00
   5.5902303e+01   6.0737242e+01
  -8.9377739e+01  -9.9667612e+01
  -8.5681408e+01  -5.3305201e+01
   6.9274326e+01   7.6949001e+01
  -8.9364867e+01  -6.7473075e+01
   4.1050819e+01   6.8099019e+01
  -1.4811671e+01  -5.1223658e+01
   6.1662827e+01   4.2860044e+01
   3.6986354e+01   4.1212570e+00
   9.0746841e+01  -6.1833210e+01
  -1.3759453e+01  -8.1452775e+01
  -1.5174980e+01  -9.1345590e+01
  -9.8441206e+00  -9.9771970e+01
  -1.7361451e+01  -6.0873496e+01
  -3.0628663e+01  -4.0759238e+01
  -4.4895773e+01  -2.9184155e+01
  -5.4439691e+01  -1.7765270e+01
  -4.8554578e+01  -7.8800139e+00
  -7.2714813e+01  -9.0959198e+00
  -6.0115694e+01  -9.6035636e+00
  -8.1795277e+01   9.6415163e+00
  -2.5074560e+01  -2.2433843e+01
  -2.0979665e+01  -8.1811282e+00
  -3.5015024e+01  -2.1943947e+01
  -2.7303004e+01  -6.1953667e+01
   3.9831118e+01   2.4211623e+01
  -6.6127766e+01  -8.3044717e+01
  -2.6821937e+01  -7.6103714e+01
   1.8116408e+01  -2.1549845e+01
   2.8190531e+01  -8.1148583e+01
   3.7996838e+01  -8.2861867e+01
   4.1704500e+01  -7.3607109e+01
   9.4801389e+01  -8.2431219e+01
   1.1895016e+01   3.5931016e+01
   4.4679459e+01   4.3507265e+01
   4.8790559e+01  -4.1380552e+01
   2.5204204e+01   4.2513176e+01
   9.9930437e+01  -5.7893596e+01
  -8.7661678e+01   2.8726952e+01
   5.7876882e+01  -7.4888305e+01
   8.1226435e+01  -9.6398775e+01
   6.5123320e+01  -8.1695947e+01
  -6.6963793e+00   4.3897497e+01
   2.5786306e+00   4.7957996e+01
   2.1898687e+01   8.1086425e+01
  -1.4901764e+01   7.0723856e+01
   1.0700732e-01   5.7589258e+01
   5.3369102e+01  -9.5549654e+01
  -7.9617989e+01   6.8698945e+01
  -6.2481532e+01   8.0049012e+00
  -4.7255577e+01   2.2401332e+00
   4.4135174e+01  -3.2634462e+01
   5.6053847e+01  -1.8237132e+01
   3.5566036e+01  -2.7611952e+01
  -7.1711735e+01   8.7724640e+01
   3.7519687e+01  -9.5189304e+01
  -2.3951792e+01   6.6506635e+01
   5.0536221e+00   7.6890648e+01
  -8.3550236e+01   4.8403570e+01
  -1.6314417e+01   9.7084300e+01
  -3.1860469e+01   8.8394554e+01
   2.9004420e+01  -6.2390533e+01
   1.1769281e+01  -7.1039270e+01
  -4.4492396e+01   5.1165885e+01
  -6.7970725e+01   9.7340796e+01
  -6.5314434e+01   8.0032550e+01
  -7.4085873e+01  -2.3786863e+01
   4.0857120e+01  -6.0683768e+01
  -9.9983480e+01   9.1479632e+01
  -3.3486959e+01   1.8835343e+01
   4.4780087e+01  -5.1272665e+01
  -3.7437383e+01   3.8332212e+00
   5.9518683e+01  -6.4569271e+01
  -1.7734837e+01   2.9490362e+01
   2.8389423e+01  -9.1130172e+01
   5.8695575e+01  -4.0008367e+01
   7.8658284e+01  -4.4554536e+01
  -9.4646370e+01   2.1271951e+01
  -5.8980350e+01   5.1280581e+01
  -5.0456172e+01   6.8636260e+01
  -7.5921590e+01  -5.5324851e+01
   3.1450388e+01  -3.6648399e+01
  -7.4816742e+01   5.3665301e+01
  -9.4691750e+01  -9.1095743e+01
  -9.0695114e+01   8.1549651e+01
  -7.5517988e+00   9.2276791e+01
  -1.0883647e+00  -4.4273480e+01
   6.4950999e+01  -3.2209447e+01
  -6.0412721e+01  -4.5937251e+01
   1.2374300e+01   9.8893636e+01
  -5.6225455e+01  -5.4884473e+01
  -9.1012004e+01  -1.2709345e+01
  -9.5862016e+01  -3.9645611e+00
  -9.2983041e+01  -4.4997793e+01
  -8.1588176e+01  -1.7212553e+01
  -1.3666604e+01  -1.2255331e+00
   5.2953666e+01   3.7952383e+01
   5.5770291e+01   1.9325137e+01
   7.9375324e+01   7.8143019e+01
   9.5243083e+01   9.0878283e+01
  -1.6714385e+00   7.1476466e+00
   1.9238679e+00  -6.8251804e+01
  -2.0985510e-01  -7.8011565e+01
  -9.2935329e+01   4.4970536e+01
   5.5218357e+01  -7.0028643e+00
   6.4547263e+01  -3.4637118e+00
   6.1858234e+01   1.1399823e+01
  -2.3271301e+01   1.5337989e+00
   9.2950055e+01  -1.4461525e+01
   1.3828986e+01   1.3004093e+00
  -3.5443389e+00   2.3622764e+01
   6.7146241e+01   9.2456663e+01
   5.1718449e+01   9.5842541e+01
   5.9570686e+01   7.4532851e+01
  -8.0224450e+01  -9.5554840e+01
   2.9447613e+01   5.1565079e+01
   3.4460860e+01   6.0602485e+01
   3.0143059e+01   2.1962303e+01
  -9.9591816e+01  -5.2499929e+01
   7.4307465e+01   5.8850808e+01
   4.6009141e+01   5.9431873e+01
   4.9701981e+01   8.6053586e+01
   9.7799033e+01   6.2099603e+01
   7.8136968e+01   4.9652098e+01
   5.5513623e+01   5.0745894e+01
   8.2763184e+01  -5.5846106e+01
   8.7364130e+01  -3.9653815e+01
  -8.6993878e+00  -7.2858901e+01
  -9.0238737e+01   6.6196826e+01
  -9.6350742e+01   5.5001267e+01
   7.1292756e+01   1.4702326e+01
   8.9467970e+01   8.9349050e+00
   8.8671312e+01   2.8843478e+01
  -4.2406613e+01  -7.6258916e+01
  -4.3594973e+01  -9.6993790e+01
  -8.2543703e+01  -7.2811955e+00
   9.7793503e+01   4.6059979e+01
   9.3482888e+01   7.9107834e+01
   8.7956696e+01   4.7853207e+01
   9.8674081e+01   2.1939603e+01
  -7.0315763e+01  -4.7070365e+01
  -3.4620749e+01  -7.0057371e+01
  -2.4340189e+01  -4.8531613e+01
  -4.8636586e+01  -6.1076743e+01
   3.7026509e+01  -8.3724962e+00
  -2.3041156e+01  -8.5263627e+01
  -2.4125368e+01  -9.5790207e+01
   2.3338701e+01  -1.2288662e+01
  -5.4081941e+01  -9.6817044e+01
   8.0127101e+01   5.3957413e+00
   2.3874790e+01  -3.0137929e+01
   2.7063760e+01   1.0792181e+01
   9.5423236e+01  -9.2411469e+01
