   3.6599884e+01  -3.1730465e+01
   7.5926509e+01  -4.2432413e+00
  -8.4100305e+01  -6.5696916e+01
  -6.2281573e+01  -7.6221168e+01
  -4.1986509e+00  -1.2467148e+01
  -6.3623314e+01   1.3915682e+01
   7.6928322e+01   5.8992764e+01
  -5.9404766e+01   3.3374218e+01
  -6.0015940e+01  -5.2802143e+01
  -4.9782916e+01   3.3660351e+00
   7.1916161e+01  -4.0247605e+01
  -9.7964753e+01  -2.8790977e+01
   5.5826160e+01  -3.6248152e+01
   2.2847298e+00   6.6826228e+01
  -1.0822610e+01   6.4523338e+01
  -3.1775843e+01   5.8459573e+00
  -4.0083496e+01   1.1360623e+01
  -9.1189341e+01   4.6390925e+01
  -7.9699074e+01   6.2065192e+01
   8.7809920e+00  -5.5102704e+01
   3.1487518e+01  -4.9094919e+01
   7.8388242e+01  -3.2841731e+01
   4.4170854e+01   8.1177518e+00
   2.2897991e+00  -6.5610334e+01
  -1.7813192e+01  -2.9172216e+01
   8.8287458e+01   8.2359419e+01
  -6.4311649e+01  -2.3632462e+01
   7.6115203e+01   5.8433836e+00
   6.9592045e+01   7.6690864e+01
   9.9411389e+01  -3.5631254e+01
  -5.0426303e+00   3.5392916e+01
  -6.3083321e+01   5.0166739e+01
  -7.9537092e+01   8.5156479e+01
  -7.0332960e+01   2.1342869e+01
  -7.8488776e+01  -1.4875002e+01
   6.4084349e+01  -7.0383456e+01
   4.2499649e+01  -9.0436707e+01
  -6.7857919e+01  -3.4592436e+01
  -6.9665038e+01   3.5080969e+00
  -9.4856713e+01  -8.7476329e+00
  -3.5964067e+01   7.3802386e+01
   5.7672759e+01  -1.2304490e+00
  -8.8864097e+01   2.8538286e+01
   6.5702210e+01  -2.1121201e+01
  -3.7177034e+01  -6.0050397e+01
  -8.3893883e+01  -5.5921006e+01
  -9.7597461e+01  -8.7419147e+01
  -4.4032022e+01  -9.9022357e+01
  -2.7268461e+01  -6.2123254e+01
   5.4155119e+01  -7.3354096e+01
   3.4167123e+01   5.7301404e+01
  -5.6123115e+00   7.2941974e+01
  -6.1593212e+01  -8.8238092e+01
  -9.6742382e+00   9.7845004e+01
   7.5692441e+01   6.8702260e+01
   3.6702770e+00  -9.6466300e+01
   1.8413424e+01   1.1729091e+01
   1.8842483e+01   1.7977062e+00
  -4.6109621e+01  -8.8820868e+01
   8.2556229e+01  -1.1705901e+01
   9.3654277e+01   5.8636139e+01
   6.6980883e+01   9.8918111e+00
   4.0730385e+01   3.7639627e+01
  -4.4230957e+01  -6.9297778e+01
   6.6443462e+01   8.6171646e+01
   2.4555794e+01   7.3986491e+01
   2.2291021e+01   2.3141876e+01
   4.7951749e+00   2.9894230e+01
   1.3223727e+01   3.8918473e+01
  -3.1152628e+01  -4.5074047e+00
  -4.0639368e+01   2.1322116e+01
   3.0668825e+01   3.8565106e+01
  -2.6665952e+01   7.0207423e+01
  -4.3876792e+01   7.9882998e+01
  -4.3304572e+01   3.0933184e+01
  -7.2827387e+01   5.1262496e+01
  -3.1489536e+01  -1.5155315e+01
   5.6232084e+01   6.0658106e+01
  -8.5894762e+01   3.7985497e+01
   2.1619643e+01  -4.7872721e+01
   2.2083935e+01  -6.6720042e+01
   7.2534904e+01  -5.6506554e+01
  -1.0305561e+01  -8.3549152e+01
   2.1296037e+00  -3.5882704e+01
  -9.7954840e+00  -2.3305897e+01
   2.0082145e+00  -4.6642757e+01
  -9.4250518e+01  -7.1865874e+01
  -7.4845110e+01  -9.1214723e+01
  -2.2902944e+01  -1.0048639e+01
  -3.9745265e+01  -2.3041877e+01
  -3.9217586e+01  -7.7763079e+01
  -8.2269136e+01  -9.8438954e+01
  -5.2921346e+00  -9.2116894e+01
   1.6850974e-02   6.3704716e+00
  -2.0947421e-01   1.6344120e+01
  -5.9003902e+01  -8.9385565e+00
   9.7288642e+00  -2.5945954e+01
   2.4513064e+01  -1.6279625e+01
   9.3983772e+01   3.7309372e+01
   6.0349081e+01   3.2222532e+01
   4.2453832e+01   8.2801426e+01
   8.3451014e+01   9.6330832e+01
   5.8599811e+01   9.2356289e+01
  -7.2193497e+00   4.5136566e+01
  -1.4710155e+01   3.8574855e+01
  -2.9499910e+01   4.4630888e+01
   2.7801430e+01   1.4987391e+01
  -3.2047120e+01   6.1805366e+01
  -3.7998776e+01   3.9383232e+01
   4.4370816e+01   2.5889755e+01
   6.0022437e+01   4.1672976e+01
  -6.0479137e+01   9.0831295e+01
  -5.3446617e+01   7.4561509e+01
  -8.9194149e+01   5.8962797e+01
   1.9802458e+01  -9.5541921e+01
  -7.1491178e+01   7.9260715e+01
   5.0792374e+01  -8.4780592e+00
   1.4155533e+01  -8.7289497e+01
  -2.5768417e+01   5.3908872e+01
   4.1795567e+01  -6.5571823e+01
   9.9780653e+01  -2.5638074e+01
   1.2138215e+01  -3.5640824e+01
   5.0231790e+01  -5.3806523e+01
  -6.7376883e+01  -1.4342260e+01
   3.7800458e+01  -4.1513258e+01
   4.4758389e+01  -1.6449467e+01
   7.5400008e+01  -2.3361614e+01
  -9.8376971e+01   5.7649108e-01
  -1.1186773e+00  -5.6172151e+01
   3.4096103e+01  -4.4525549e+00
  -8.2015592e+01  -4.6306757e+01
  -9.6739660e+01   1.0390584e+01
  -9.5930572e+01   3.6251881e+01
  -1.7421638e+01  -6.3259006e+01
  -1.3672761e+01   8.7028577e+01
  -2.2477539e+01  -9.8642757e+01
   2.3608747e+01   6.2975429e+01
   2.2198378e+01   5.3605224e+01
  -5.6210399e+01  -2.8873673e+01
   6.9983471e+00   9.5591456e+01
  -6.8589441e+01  -4.4286294e+01
   8.5080532e+01   7.1733697e+01
   5.1156635e+01   6.8821665e+01
  -5.8857948e-01   8.1507148e+01
   1.5855810e+01   6.9088620e+01
   4.7324856e+00  -1.6777758e+01
  -1.3868099e+01  -1.4201034e+01
  -1.4721242e+01  -4.2966232e+00
  -2.6361519e+01  -3.4119899e+01
   8.4640122e+00   1.1531849e+01
   7.8981974e+01   7.9682520e+01
   8.9268003e+01   4.6125156e+01
   3.1137838e+01  -2.3563466e+01
   1.8476141e+01  -5.7356244e+01
   8.9027326e+00   1.7299841e+00
  -6.4761621e+01  -6.3516376e+01
   9.1022102e+01   2.7760675e+01
   1.2231563e+01  -6.5141631e+01
   8.5075989e+01   1.0276473e+01
   8.2741315e+01   2.2155147e+01
   6.6640463e+01   2.2545371e+01
   9.1625715e+01  -7.5267095e+00
   6.8406307e+01   5.5353128e+01
   9.0364577e+01  -1.7878934e+01
   6.6070721e+01   6.6592208e+01
   5.6204393e+01   8.2897604e+01
   9.8172775e+01   1.0148174e+01
   6.6357836e+01   9.8303586e+01
  -5.1839851e+01   5.7823582e+01
  -3.0154858e+01  -4.3107027e+01
   4.0237697e+01  -5.3918935e+01
  -2.0797766e+01  -7.2665823e+01
   5.4536436e+01  -8.7156188e+01
   8.6397801e+01  -5.2137509e+01
  -3.4049962e+01  -6.9360941e+01
   1.3599825e+01   2.8754650e+01
   1.1689197e+01   2.0429635e+01
  -7.6845325e+01   4.2126556e+01
   3.7354477e+00   3.9716154e+01
  -1.3290543e+01   2.8833763e+01
   8.3366300e+00   5.8888938e+01
  -1.0912757e+01   5.4671541e+01
  -5.9730584e+01   2.9549187e+00
  -6.0555922e+01   2.3441285e+01
  -2.4377914e+01   3.6152751e+01
  -2.1783959e+01  -2.0015098e+01
  -3.9681833e+01  -9.4280692e+00
  -1.0124155e+01  -3.5520699e+01
  -4.3896724e+01   4.7342587e+01
  -3.5533871e+01   5.2494057e+01
  -5.0488173e+01   3.7872298e+01
  -6.9156676e+01   3.1249000e+01
  -8.1719978e+01   2.0999925e+01
  -7.9110048e+01   3.0650036e+01
   2.1192513e+01  -7.6679307e+01
  -7.0334327e+01   8.9176936e+01
   6.1569654e+01  -8.0053375e+01
  -6.1610469e+01   8.0244330e+01
  -6.6248756e+01   9.8994385e+01
  -9.9913219e+01   7.4812923e+01
   3.2024595e+01  -6.7721688e+01
  -8.7647251e+01   6.8784230e+01
   8.8679823e+01  -6.7768614e+01
  -2.0535417e+01   6.2347142e+01
  -4.6692493e+01  -1.6199590e+01
  -5.6067551e+01  -1.8443475e+01
  -4.2999744e+01   9.9164528e+01
  -1.8236311e+00  -7.8372540e+01
  -6.6801280e+01   4.0931441e+01
   8.6296104e+01  -2.6914609e+01
   1.4641889e+01  -1.7103710e+01
   3.6482532e+01  -9.8423836e+01
  -7.9327023e+01   1.1286989e+00
   4.7296334e+01  -4.4258672e+01
   8.8698193e+01  -3.6598426e+01
  -2.6956581e+01  -8.9802312e+01
  -3.6428212e+01  -8.7224778e+01
  -2.9594886e+01  -7.9926747e+01
  -7.3020111e+01  -6.3640304e+00
  -8.4976818e+01  -7.2640709e+00
  -9.0712062e+01  -8.0979555e+01
  -4.9301361e+01  -6.5968479e+00
  -8.2666799e+01   5.1493593e+01
  -7.5363118e+00  -6.4125323e+01
  -2.5280995e-01  -2.6177362e+01
  -9.2504270e+01   1.9345285e+01
  -5.5858596e+01  -6.0139129e+01
  -4.8979264e+01  -7.9332344e+01
  -7.0743804e+01  -7.1081155e+01
   3.4470606e+01   8.8382641e+01
  -9.2098496e+01  -4.9325765e+01
  -4.6554006e+01  -3.0149914e+01
   4.9059714e+01   9.0032709e+01
  -2.0789064e+01  -5.3076672e+01
   9.8146497e+01   6.6966680e+01
   9.1522079e+01   9.1383822e+01
  -1.0977317e+01  -5.4739992e+01
  -4.9836111e+00  -2.2283162e+00
   3.9052075e+00  -6.7991872e+00
  -3.0187972e+01  -2.5049499e+01
  -3.6740718e+01  -3.2534017e+01
   3.6454262e+01   1.9846676e+01
  -8.8058334e+01  -2.7599986e+01
  -8.8069583e+01  -1.7688545e+01
  -5.8566627e+01  -3.7453620e+01
   2.4375629e+01  -6.3984598e+00
  -2.2943846e+01   1.2806126e+00
   1.3881263e+01  -7.0548126e+00
   3.4989352e+01  -1.4377379e+01
   7.9761960e+01   4.9223900e+01
   7.2801539e+01  -1.3743804e+01
   8.4855983e+01   2.7586157e-01
   9.8012564e+01   1.5592449e-01
   9.1731161e+01   1.7788446e+01
   7.4548908e+01   1.6425688e+01
   4.8503011e+01   5.3699692e+01
   5.0340829e+01   3.3871496e+01
   4.2535204e+01   7.3064306e+01
   7.4319699e+01   9.2318301e+01
  -9.5102454e+01  -3.8493901e+01
   5.8242123e+01   5.1219078e+01
   1.6617425e+01   8.0018345e+01
   9.8441979e+01   5.0135641e+01
  -2.0110047e+01  -8.2625718e+01
  -3.0702203e+01  -5.2824023e+01
   5.1616904e+01  -6.3694775e+01
   4.7116496e+01  -8.0452174e+01
   3.8556549e+01  -7.5240708e+01
   5.6951426e+01  -4.6406673e+01
   2.6518099e+01   9.3997300e+01
   5.2223192e+01   9.9993276e+01
   9.4583241e+01  -4.4668900e+01
   6.7509486e+01  -3.1128348e+01
   5.7201218e+01  -1.6007568e+01
   6.4142403e+01  -8.8266491e+00
  -2.9907694e+01   1.5656533e+01
  -1.7943514e+01   4.7878730e+01
   7.9137274e+00   7.5087002e+01
  -1.5829693e+01   7.3146883e+01
  -2.3554494e+01   2.6272921e+01
   6.7001241e+00   4.9035814e+01
  -1.4789881e+00   5.3325182e+01
  -3.9242923e+00   2.5522642e+01
  -4.0225073e+01   5.4887119e-01
  -2.0645799e+00   9.1372256e+01
  -5.3723970e+01   1.2536783e+01
   8.4436239e+00   8.5714388e+01
   4.8694964e+01   4.3713951e+01
   3.4669854e+01   2.9600285e+01
   4.8641549e+01   1.6848986e+01
   5.4391951e+01   2.4698697e+01
  -7.5765857e+01   1.2961205e+01
  -2.9515144e+01   8.1430624e+01
  -4.4927481e+01   6.9445746e+01
   5.8968463e+01   1.5844427e+01
   6.7413608e+01  -8.8159446e+01
   2.4110114e+01  -8.6243756e+01
   4.3604172e+01  -1.7195803e+00
   7.3317422e+01  -6.6572801e+01
  -4.2091034e+01   5.9925641e+01
   8.1500439e+01  -6.0840931e+01
  -9.6967423e+01   6.5223571e+01
  -5.2651797e+01   8.4625992e+01
  -8.9031463e+01   8.8256257e+01
  -1.0812671e+01  -7.3571031e+01
  -5.3663809e+01   4.7606237e+01
  -3.9134065e+01   8.9941919e+01
   3.0199985e+01   4.8261202e+01
  -5.4257148e+01   9.8656894e+01
  -7.8252804e+01   7.1983830e+01
  -3.2872424e+01   3.0847618e+01
   4.2014109e+00  -8.6348801e+01
  -2.0008734e+01   9.4765207e+01
   9.9969158e+01  -1.5270354e+01
   2.8354360e+01  -5.8494092e+01
  -9.3287992e+01  -6.1989309e+01
  -3.0649595e+01   9.7306477e+01
   5.1282417e+01  -2.4018210e+01
   4.6485680e+01  -3.2755705e+01
   1.1198029e+01  -7.6350247e+01
  -3.4243560e+01  -9.6976398e+01
  -7.8733335e+00  -4.5244681e+01
   1.1924190e+01  -4.5621121e+01
   2.3989368e+01  -3.0546579e+01
   3.4538129e+01  -8.4387681e+01
  -5.0652114e+01   2.2045941e+01
   3.2711955e+01   5.4369232e+00
   2.7610235e+01  -3.9865887e+01
  -8.8139173e+01   5.4701844e+00
  -6.9586418e+01  -5.4019474e+01
   6.2011748e+01  -5.7363141e+01
   8.1434788e+01  -4.3462379e+01
  -7.9852852e+01  -7.4422644e+01
   6.6611401e+01  -4.8543460e+01
  -9.7765081e+01   5.3871332e+01
  -9.0541607e+01   7.8327016e+01
  -8.5127343e+01  -3.6998459e+01
  -6.9888555e+01  -8.2566493e+01
  -8.1468128e+01  -8.4008272e+01
  -1.2517891e+01  -9.8987835e+01
  -9.8602403e+01  -1.8001073e+01
  -5.3965709e+01  -9.4716792e+01
  -4.6701036e+01  -5.9802246e+01
  -5.4043198e+01  -7.0784386e+01
  -7.3600446e+01  -2.6677641e+01
  -6.3212756e+01  -9.8243854e+01
   5.9564851e+01   7.3822932e+01
   4.1045999e+01   9.5898754e+01
   1.7598206e+01   9.8131746e+01
   3.2534564e+01   6.7135829e+01
   1.5728655e+01   4.7500894e+01
   6.7562409e+01   4.7010070e+01
   9.4393732e+01   7.5360490e+01
  -5.9458072e+01  -4.5310522e+01
  -9.6468345e+01  -9.6378405e+01
   1.9453097e+01   3.2448672e+01
   9.7760989e+01   8.6462277e+01
   9.4695273e+01   9.1989628e+01
