   2.4283078e+01   6.0086001e+01
   5.9225016e+01   7.4331676e+01
   6.9162407e+01   4.8711536e+01
   2.2298265e+01  -1.0443471e+01
  -2.4589085e+01   5.4281325e+01
  -7.8180070e+01   1.8844065e+01
  -2.9434157e+01  -6.8683595e+01
   2.8959197e+01  -8.5509849e+01
  -3.5804241e+01   2.4107700e+01
  -4.2103211e+01   4.1993981e+01
  -5.2776680e+01   1.1852475e+01
   9.5861700e+00  -9.0165663e+01
   3.6340715e+01   3.3005352e+01
  -1.0894645e+01  -6.9394399e+01
   5.0750286e+01  -9.1673847e+01
  -1.4021521e+01  -4.9746845e+01
  -2.5024272e+01  -3.3845048e+01
  -2.9804986e+00   3.3741548e+01
  -9.8065746e+00   7.4990072e+01
  -7.1962104e+01   1.0653673e+01
  -8.4933052e+01  -9.0766229e+00
   5.3361098e+01  -4.8101614e+01
  -6.8398657e+01   1.9930616e+01
   5.2485997e+01  -3.3489586e+01
   8.7804019e+01   1.6165813e+00
  -1.9675270e+01  -9.7582210e+01
   6.6283506e+01  -6.4791656e+01
  -6.5271854e+01  -7.2508358e+01
  -1.0116166e+01  -4.0586296e+01
   6.2332428e+01  -3.4621158e+01
  -2.6148381e+01   4.4489794e+00
   7.2112607e+01   9.9138190e+00
   4.3238717e+01  -6.0193170e+01
   2.5467268e+01  -5.2640317e+01
   1.8105151e+01  -3.7227951e+01
   6.2646780e+01  -4.4564838e+01
  -8.9359258e+01  -4.2310718e+01
   7.1984280e+01  -3.6777417e+01
  -8.4701718e+01   8.2845775e+01
  -5.9142542e+01  -8.0487940e+01
   6.4587834e+01   8.2755646e+01
   3.8050365e+01   5.5883145e+01
   1.2109441e+01   4.4556067e+01
   8.5988413e+00   7.0109855e+01
   3.7009692e+01   2.3061105e+01
   2.4568365e+00   8.3832051e+00
   7.5339483e+01   8.1670387e+01
   1.4637491e+01   1.0093537e+01
   8.3220716e+01   6.0013857e+01
   2.3434346e+01   6.9977183e+01
   3.3934725e+01   9.3053043e+01
   5.8347631e+01   5.8021259e+01
  -6.3100210e+01  -2.5428292e+01
  -5.0642952e+01  -8.5697216e+01
  -7.1336704e+00   4.2788844e+01
  -8.7332061e-01   1.8363257e+01
  -4.9149850e+01  -7.2933191e+00
  -7.8634043e+01  -1.3526710e+00
  -9.0984495e+01   9.5819328e+00
  -3.2154999e+01   8.3338425e+01
   5.8187679e+01  -1.1591291e+00
  -4.0044237e+01  -1.1687359e+01
  -6.9585960e+01   3.7336214e+01
  -4.3857406e+01   5.1813495e+01
  -5.5721883e+01   8.2037599e+01
  -3.7289763e+01  -9.0078310e+01
  -7.2625631e+01   9.2747435e+01
   2.3609769e+01  -7.7086450e+01
  -4.4497163e-01  -9.0586497e+01
  -9.7496511e+01   5.6378870e+01
   3.1037531e+01  -3.1396762e+01
  -7.3595171e+01  -5.2659943e+01
   5.8851858e+00  -5.2313480e+01
   4.4108413e+01  -1.5476504e+01
   8.9714401e+01  -1.7350364e+01
   5.3624741e+01   2.2602309e+01
   3.1597191e+01   4.1764774e+01
   3.7685262e+01   8.2794014e+01
  -1.1204335e+00  -6.8735185e+01
   9.5298350e+01   1.9560233e+01
   4.5566663e+01  -7.9646291e+01
  -1.2836180e+01  -5.9602448e+01
  -2.8476708e+00  -5.9254073e+01
  -7.0919899e+01  -8.0304706e+01
  -4.1455032e+01  -7.1034157e+01
   8.3293822e+01  -2.4914858e+01
   7.4440829e+01  -7.6091657e+00
  -2.7730383e+01  -1.3944087e+01
  -1.6107765e+01  -1.0983525e+01
   1.5692189e+00   6.2057569e+01
  -2.9474032e+01   7.3716435e+01
  -2.2921056e+01   4.4472035e+01
   6.4875939e+01  -7.4607828e+01
   6.0628890e+01  -9.3194270e+01
  -4.4361739e+01   2.9271242e+01
  -6.6340232e+01   4.9702057e+01
  -1.9531950e+01   7.2741136e+01
  -1.6705707e+01   9.3581100e+01
  -5.2588644e+01   5.6641738e+01
   1.4099922e+01  -8.0155007e+01
   5.6637826e+01  -6.7275677e+01
  -6.6021564e+01  -1.6117321e+01
  -9.9635025e+01   4.7673826e+00
   3.3469311e+01  -5.8558407e+01
   9.4627649e+01  -4.7050022e+01
  -7.8797041e+01  -7.4318111e+01
  -8.0906673e+01   6.4127308e+01
  -9.3689308e+01  -8.5707365e+01
  -5.4720161e+01  -5.6418376e+01
  -4.6058698e+01  -9.4557838e+01
  -9.0196035e+01  -3.2493438e+01
   2.1666226e+01   4.2013039e+01
   8.6291191e+00  -3.1452824e+01
   1.2585742e+01  -8.2458283e+00
   1.8127908e+01   2.0474487e+01
   2.9518190e+01  -3.6683922e+00
   4.3068549e+00   8.9022510e+01
  -5.4637518e+00   2.4361811e+00
   1.1000487e+01  -1.8225498e+01
  -9.3646654e+01  -6.0585737e+01
   7.2449095e+01   2.0223403e+01
   5.3602505e+01   3.2535751e+01
   2.9140269e+01   5.1400411e+01
   7.6136276e+01   6.6958181e+01
   4.2375425e+01   7.3999942e+01
   4.3665745e+01   9.0740685e+01
   8.6009910e+01   4.5185754e+01
   9.5637682e+01  -4.5358044e+00
   1.8161737e+01   8.6479058e+01
  -2.8820161e+01  -8.5170605e+01
   4.1260127e+01  -1.3444397e+00
   8.7622292e+00   1.7989372e+01
  -4.3581942e+01  -2.0680306e+01
   9.0064736e+01  -6.8974985e+01
   9.0064348e+01   1.1213786e+01
   8.0772351e+01   1.4700747e+01
  -5.7705465e+01  -3.3644192e+01
  -6.6410710e+01  -2.3998523e+00
  -3.2400118e+01  -5.2119614e+01
  -1.9905868e+01  -4.1833641e+01
  -4.4032689e+00  -4.9703927e+01
  -7.2905898e+01  -6.6368492e+01
  -5.6936543e+01  -6.8382949e+01
   8.5379949e+01  -4.3504921e+01
  -5.9162241e+01  -9.0620833e+01
  -9.8496377e+01  -2.7006505e+01
  -2.0434934e+01  -6.9940159e+01
   3.5696736e+01  -7.8148972e+01
   6.5940633e+00   3.6403367e+01
  -8.5582383e+01   2.8600600e+01
   1.7791333e+01   5.2618372e+01
   2.2952524e+00   4.5993489e+01
  -9.8441495e+01  -3.7982347e+01
  -8.5973457e+01   4.4071527e+01
   9.4580818e+01  -8.3521329e+01
   5.5223072e+01  -7.7146767e+01
  -7.6322961e+00  -2.7602041e+01
  -5.4211003e+01   2.7906315e+01
  -6.2295190e+01   9.9467365e+00
  -4.5223015e+00   5.3276788e+01
   4.5248713e+01   2.7775207e+01
  -2.4786927e+01   6.4256353e+01
  -1.4379180e+01   4.9609145e+01
  -5.0631641e+01   3.7006276e+01
  -7.7404538e+01   7.3427297e+01
   3.6270533e+01  -4.1417744e+01
  -4.7247789e+01   1.9868690e+01
  -5.7077856e+01   1.4958422e+00
  -3.8455161e+01   9.1097780e+01
   3.2068352e+00   9.9197493e+01
   5.5169659e+01  -1.8634066e+01
   4.1052024e+01  -3.2635873e+01
   7.8725382e+00  -7.2470010e+01
  -4.2220292e+01   7.1776268e+01
  -7.5375131e+01   4.5442184e+01
  -9.8455591e+00  -8.6054464e+01
  -2.8385906e+01   9.2597351e+01
  -9.2317631e+01   9.0042992e+01
  -2.5902749e+01   3.4953807e+01
  -4.7597232e+01   4.2538886e+00
  -6.0055089e+01   4.0255005e+01
  -2.9847517e+01   1.6089848e+01
   7.6877258e+01  -6.5331729e+01
  -7.9523538e+01   3.6436855e+01
  -6.5061032e+01   8.5584481e+01
   1.8563352e+01  -9.8456197e+01
   2.4371987e+01  -6.2544670e+01
   4.6318215e+01  -6.9684266e+01
   4.6204753e+01  -4.1199890e+01
   4.7426696e+01  -2.4921382e+01
   3.6220740e+01  -6.8172789e+01
   3.2772553e+01  -9.4736355e+01
   4.0131341e+01  -5.0655510e+01
   7.2330531e+01  -4.6697559e+01
   3.7601004e+01  -2.3256307e+01
  -7.9176936e+01  -1.6952163e+01
   6.9805168e+01  -1.7321514e+01
   9.3034542e+01  -2.6969829e+01
  -7.2980569e+01  -2.4642468e+01
   6.3078212e+01  -2.4697498e+01
  -7.9427599e+01  -4.2923204e+01
  -5.9769024e+01  -4.3177412e+01
  -8.6418331e+01   5.4060503e+01
  -8.7400081e+01   7.3218811e+01
  -9.1646621e+01  -1.9777935e+01
  -8.3578558e+01  -2.5395851e+01
   6.4259691e+01   6.5682893e+01
  -7.1204808e+00  -7.4336488e+00
  -4.8763022e+00  -7.7697590e+01
   6.6987940e+00  -6.2354088e+01
   6.8775013e+01   9.3187502e+01
   9.9800356e+01   8.9860069e+01
   8.5138713e+01   8.2842536e+01
   5.3899691e+01   1.2822224e+01
   6.2130656e+01   2.7567122e+01
  -8.0266368e+01  -5.9878007e+01
  -9.5743183e+01  -7.0596508e+01
   6.8080779e+01  -1.6837240e-01
   6.2409017e+01   7.8434775e+00
  -3.2285731e+01  -2.8750931e+00
   4.5080123e+01   3.7604168e+01
   2.6392499e+01   3.3312737e+01
   1.0030014e+01   1.4095716e+00
   4.0364609e+01   4.6311791e+01
  -6.9029342e+01  -8.9904576e+01
   6.0722794e+01   3.8945109e+01
   3.3189730e+01   6.4514262e+01
   5.3202597e+01   6.6432992e+01
   5.0222080e+01   4.5900611e+01
   5.2978708e+01   8.2123685e+01
   7.8484868e+01   5.1427289e+01
   7.1078285e+01   5.8419943e+01
   3.1913302e+01   1.4755758e+01
  -1.4652196e+01  -9.3854345e-01
   9.1054687e+01   5.3815695e+01
   8.0616262e+01  -5.2084028e+01
  -3.4723553e+01  -3.1813372e+01
   8.4846718e+01   2.3723907e+01
  -6.8108440e+01  -3.3899739e+01
  -4.2080106e+01  -5.9055931e+01
  -4.1987121e+01  -8.1255742e+01
  -3.3503824e+01  -7.6860344e+01
  -2.9613467e+01  -9.6483652e+01
   2.9997573e+01  -1.6802715e+01
   1.9735561e+01  -7.0079045e-01
   2.0646949e+01  -2.0269650e+01
   2.4363749e+01   8.2733704e+00
   6.3531883e+01  -9.5685207e+00
   9.6558452e+01  -9.3323827e+01
   5.1265580e+01   9.7190986e+01
   7.1415858e+01  -9.2607895e+01
   7.9042178e+00   5.4330035e+01
  -9.3178936e+01   3.5069991e+01
   9.6637494e+01  -5.8081903e+01
   8.3375631e+01  -9.4615236e+01
  -2.1383330e+00   8.1386099e+01
  -3.5815554e+01   3.4236158e+01
   1.6095864e+01   7.6712642e+01
  -7.9085135e+00   6.5190897e+01
   4.2265781e+00  -8.1751844e+01
  -7.4706385e+01   8.2998875e+01
   6.5566499e+01  -8.4523862e+01
  -1.6046303e+01   5.9435048e+01
   4.1222804e+01  -8.8642430e+01
  -2.2059254e+01   8.3509105e+01
  -1.2080644e+01   8.4719576e+01
  -5.1976051e+00   9.3778509e+01
   1.4476260e+01   6.2032964e+01
   3.2369376e+01   7.4396337e+01
  -7.6401053e+01   5.5285357e+01
  -3.4711509e+01   6.5219602e+01
  -4.4120267e+01   6.1894400e+01
  -3.4509393e+01   5.5255779e+01
   1.9449629e+01  -8.8526006e+01
   7.1900979e+01  -5.6665506e+01
  -2.5195226e+01   2.4994712e+01
  -3.2803029e+01   4.5428042e+01
  -3.5440675e+01   7.7627500e+00
   1.7252246e+01  -6.9415877e+01
  -6.4443321e+01   9.8473243e+01
  -5.6858608e+01   9.1964810e+01
  -8.7616536e+01   9.8869073e+01
  -4.2029965e+01   8.1763124e+01
  -5.2149854e+01   7.2714126e+01
   5.2914880e+01  -5.8041824e+01
  -4.7474183e+01   9.5408458e+01
   6.2203985e+01  -5.4529563e+01
  -8.8697920e+01  -1.0955589e-02
  -1.6164376e+01   3.7205437e+01
   9.4284905e+01  -3.6883855e+01
  -1.1405811e+01   2.8501989e+01
   7.9720642e+01  -1.5832614e+01
  -7.4096792e+01   2.8066079e+01
  -6.4135025e+01   2.8985734e+01
  -5.2440459e+01   4.6719412e+01
   7.2842054e+01  -2.6832479e+01
  -8.8090275e+01   1.9022399e+01
  -6.3711939e+01  -5.2072175e+01
   8.1587514e+01  -3.4496711e+01
  -5.8727016e+01   1.9308034e+01
   1.5788923e+01  -5.0292601e+01
  -8.8226566e+01  -7.7411422e+01
  -8.1416745e+01  -8.4829586e+01
  -1.5808528e-01  -4.0906590e+01
   9.6354315e+00  -4.2469125e+01
   2.6409704e+01  -4.2727460e+01
  -9.5182142e+01   7.9495846e+01
  -9.8718944e+01   7.0002524e+01
  -6.4167333e+01  -6.1820931e+01
  -5.0268332e+01  -7.5723754e+01
  -4.8851703e+01  -6.4577765e+01
  -9.8608631e+01   1.5866686e+01
   1.2466686e+01   9.5421893e+01
  -6.9582505e+01  -4.3657596e+01
  -9.5735448e+01   2.5419760e+01
   2.7312316e+01   2.3529007e+01
   2.7582359e+01   8.3146769e+01
   2.4049597e+01   9.4552600e+01
  -7.7941792e+01  -3.3268467e+01
   1.7644022e+00  -2.4181300e+01
   4.2105371e+00   2.6829384e+01
   1.4027527e+01   2.9669232e+01
   9.3135977e+01   2.9144903e+01
   2.0098738e+00  -4.0685774e+00
  -1.5284166e+01  -2.0566771e+01
   2.3272453e+00  -1.3847701e+01
  -6.4991803e+00  -1.7389169e+01
   8.8452735e+01   9.2206127e+01
  -9.5958997e+01   4.4660722e+01
   9.5646472e+01   9.9103876e+01
   7.6183487e+01   9.9904236e+01
   5.2214304e+01  -9.1170441e+00
   4.9650602e+01   3.9215970e+00
   7.7859159e+01   1.7620247e+00
   8.4077526e+01   7.2944004e+01
   6.2780791e+01   1.7714766e+01
   9.9065711e+01  -1.3910641e+01
   8.5995805e+01  -8.1177061e+00
   4.8728292e+01   5.5686007e+01
  -8.7687184e+01  -9.3678284e+01
  -6.7276190e+01  -9.9669890e+01
  -8.4810257e+01  -5.1152454e+01
   6.9203854e+01   7.4028612e+01
  -7.7765791e+01  -9.4622606e+01
  -9.4746971e+01  -5.0666886e+01
   5.9015840e+01   9.0948592e+01
  -8.6239623e+01  -6.7682317e+01
  -5.4650188e+01  -9.9516482e+01
   4.3534315e+01   6.4146136e+01
   9.1165895e+01   6.5917078e+01
   9.8149750e+01   5.3602087e+00
  -2.3425554e+01  -5.0755442e+01
   5.9530621e+01   4.8506080e+01
   9.9744640e+01   4.6569423e+01
   3.3845896e+01   5.1930642e+00
   9.9904615e+01  -6.7698987e+01
   8.6807398e+01  -5.9676792e+01
  -1.6077582e+01  -7.8451996e+01
  -1.9514485e+01  -8.7705523e+01
  -9.4110612e+00  -9.5863292e+01
  -2.2839727e+01  -6.0459390e+01
  -3.0623306e+01  -4.1547390e+01
  -9.0862258e+01   6.3839491e+01
  -4.4956101e+01  -3.0213312e+01
  -5.3231046e+01  -2.4753511e+01
   9.3509011e+01   3.8890936e+01
   9.4924631e+01   8.1145016e+01
  -4.1140174e+01  -2.0731007e+00
  -7.3187838e+01  -9.4542945e+00
  -5.8763688e+01  -8.6166113e+00
  -8.1332922e+01   8.0864449e+00
  -9.4797958e+01  -1.0385269e+01
  -2.3516310e+01  -2.4743788e+01
  -2.3381467e+01  -5.0325516e+00
  -3.3634847e+01  -2.1921077e+01
  -3.3590166e+01  -6.1180262e+01
