   3.0177438e+01   6.1431309e+01
   6.2037992e+01  -4.2276998e+01
  -1.1594878e+01  -4.4784191e+01
   8.3123844e-01  -6.0207459e+01
  -3.7757278e+01   1.4320696e+01
   1.9608872e+01   4.6595178e+01
  -3.8611973e+01  -5.8675595e+00
  -7.7580626e+01  -5.3343911e+01
   9.8359923e+01   1.9513230e+01
   4.2407927e+01   2.4905182e+01
   3.4449438e+00   8.5728529e+01
  -4.9778937e+01   4.1581708e+01
  -3.7826093e+01  -7.7195056e+01
   2.4855478e+01  -4.3502773e+01
  -5.8083161e+01   3.0899556e+01
  -7.0267634e+01  -2.9894710e+00
   5.5052315e+00  -4.8651610e+01
   1.7693885e+01  -8.9143299e+01
  -3.2838604e+01  -2.1849423e+01
  -2.1020834e+01  -4.7949505e+01
   3.3102460e+01  -1.2218581e+01
  -4.6677578e+00   6.2495646e+01
   1.3445528e+01  -4.4528709e+00
   3.4402720e+01  -3.9983827e+01
   4.3084449e+01  -4.9038495e+01
   2.8601746e+01  -6.1102081e+01
  -4.9427349e+01  -1.1132937e+01
   8.1136939e+00  -8.4573499e+01
   6.3917956e+01   1.1816550e+01
  -5.1172219e+01  -2.0958202e+01
   4.9016406e-01   4.1144679e+01
  -2.1552797e+01   7.4218382e+01
   9.5836568e+00   1.0495536e+01
   8.6616607e+01  -1.7575307e+01
   4.4954643e+01   8.1237969e+01
  -2.2805377e+01   2.6997571e+01
   4.1982607e+01   4.7697408e+01
   5.0913919e+01   6.2460760e+01
   5.2603285e+01  -4.6014734e+01
   3.6490110e+01  -8.7922433e+01
  -8.7880159e+01   2.3197390e+01
  -6.9298763e+01   3.8008445e+01
  -6.6567247e+01  -2.1898506e+01
  -1.5856082e+01  -9.7139513e+01
   3.6831583e+00  -7.1833221e+01
  -4.8663736e+01   1.1194538e+01
  -2.8418342e+01  -5.4692812e+01
   1.5210140e+01  -4.6495319e+01
   3.3831204e+01   1.0639191e+01
   4.5532015e+01   1.0884484e+01
   5.3945659e+01   3.6340997e+01
  -6.0697730e+01  -4.6747776e+01
   2.3361935e+01   8.1073097e+01
   6.2171977e+01  -6.5953288e-01
   7.9416592e+01  -1.0598906e+01
  -2.2674492e+01   5.5264593e+01
   7.1932126e+01  -2.8813734e+01
  -3.2559374e+01   5.3833890e+01
  -4.2109731e+01  -2.5037339e+01
   1.5756252e+01   3.4990562e+01
   1.1946935e+01   5.2996511e+01
  -2.0181303e+01  -9.2406906e+00
   6.2577561e+00   3.2568881e+01
  -1.1037416e+01  -4.1890113e+00
   4.0086134e+01  -1.9225661e+01
   5.4106792e+01  -3.6250677e+01
   3.8456008e+01  -7.8137500e+01
  -4.7575913e+01  -9.3959880e+01
  -2.4663156e+01  -7.4267637e+01
  -2.6623764e+01   4.5614585e+01
  -5.8499512e+01   1.2855550e+01
  -5.9718240e+01   4.0730442e+01
  -6.9502035e+01   1.4788192e+01
  -7.8611627e+01   3.2736937e+01
  -9.9027809e+01  -2.8265204e+01
  -2.0760632e+01   3.8564501e-01
  -6.5218039e+01   5.5083567e+00
  -7.8948446e+01  -1.1682382e+01
  -4.2814809e+01   2.2845298e+01
   4.7112581e+01  -6.4336385e+01
   5.6839962e+00  -1.7331565e+01
   7.5544599e+01   2.3783266e+00
   1.3558429e+01  -7.1030272e+01
  -1.8597572e+01  -5.7445041e+01
  -1.3878622e+01  -1.6728446e+01
  -6.8855211e+01  -6.9630872e+01
  -8.6935930e+00  -7.8588856e+01
  -1.3543988e+01   7.9759129e+01
   3.1823841e+01  -2.4594757e+00
  -3.8301271e+01   6.9773970e+01
  -1.0670195e+01   7.0286408e+01
   7.6021358e+01   4.9892571e+01
   6.1709554e+01   2.1335278e+01
  -7.6992854e+01  -3.7783771e+01
  -1.9425892e+01   3.6404647e+01
   2.1207757e+01   5.6430507e+01
   1.3349245e+01   6.3585880e+01
   4.9137546e+01  -1.0437530e-01
  -7.1569002e+00   4.8972648e+01
   9.2261975e+01  -9.4096251e+00
   8.4236421e+01  -2.7264476e+01
  -5.2943256e+01   5.1074739e+01
   6.1931895e+01  -1.1625528e+01
  -5.0605392e+01   6.0782014e+01
  -4.9765876e+01  -3.0949443e+01
  -4.0429057e+01  -1.5428524e+01
  -2.6947102e+01  -2.9832999e+01
   1.0229052e+01   4.3185005e+01
   2.0543516e+01   2.6414311e+01
   5.9792634e+01   5.9366547e+01
   3.2954703e+01   4.3527132e+01
  -9.0211910e-02   1.2688732e+01
   5.5288794e+01   7.3367985e+00
  -2.5957482e+00   2.2327235e+01
   3.7960804e+01  -2.8951152e+01
   3.2477344e+01  -4.9934588e+01
   2.2557357e+01  -5.3213053e+01
   7.1373162e+01  -3.8762324e+01
   3.4697010e+01  -6.8937125e+01
   4.8409290e+01  -2.8194883e+01
   6.2086002e+01  -3.0321686e+01
   4.5976365e+01  -8.4678783e+01
   5.2427213e+01  -5.5916822e+01
  -5.4541063e+01  -8.6803365e+01
  -2.2574613e+01  -8.9766467e+01
   1.8211544e+01  -3.6108201e+01
  -7.2350242e+01   4.7418434e+01
  -3.0084214e+01  -4.3979759e+01
  -6.9785826e+01   2.8193185e+01
  -8.9206777e+01   3.3104546e+01
  -5.2612188e+01   2.2564289e+01
  -8.1210982e+01   1.3313984e+01
  -8.3566085e+01   4.1388058e+01
  -2.3642591e+01  -1.8463132e+01
  -8.8919018e+01  -1.1248050e+01
  -3.9142654e+01   4.4604289e+00
  -4.0569698e+00  -5.1264780e+01
  -6.0464107e+01  -5.1421890e+00
  -4.7210020e+01  -1.4112725e+00
  -5.9169249e+01  -1.5018887e+01
  -2.9196242e+01   9.2545027e+00
  -1.0119761e+00  -5.9419650e+00
  -7.5161608e+01   5.5268105e+00
   5.3115218e+01   1.6947032e+01
  -2.8270234e+00  -8.6667800e+01
   8.2936777e+00  -3.7070065e+01
   1.0356078e+01  -5.7358407e+01
  -3.6063333e+00   3.2142939e+01
  -2.9990695e+01  -1.0747697e+01
  -8.1642901e+01  -2.0769374e+00
  -8.9288558e-01  -4.0988635e+01
  -9.0821707e+00  -5.9797640e+01
   8.4135854e+01   7.5323051e+00
  -1.1784098e+01   9.3545545e+01
   9.1758915e+01   3.5990343e+01
   2.4638562e+01  -7.0750273e+01
  -5.8252873e+00  -6.9103061e+01
  -6.3073505e+01  -8.1605864e+01
  -2.5529105e+01  -6.4373813e+01
  -7.9549806e+00  -2.4609540e+01
   2.5487011e+01  -1.8528161e+01
   1.8795981e+01  -6.2594593e+01
  -6.2421065e+01   2.1827558e+01
  -3.4808905e+01  -6.7678269e+01
  -4.4192001e+01  -5.9935255e+01
   2.3181084e+01   2.3528983e+00
   3.9914928e+01   2.8716613e+00
  -3.6526485e+01   7.9607364e+01
  -1.2835518e+01  -8.7624658e+01
  -2.6985039e+01   8.2549113e+01
   6.0033978e+01  -6.2354665e+01
  -7.0656335e+01  -4.6140489e+01
   6.0379727e+01   5.0071229e+01
  -5.7564993e+01  -3.7173126e+01
   5.2115611e+01   2.6703086e+01
   4.6893638e+00   6.0227074e+01
  -1.5769014e+01  -6.9768927e+01
   4.6438542e+01   7.0904441e+01
   1.2422425e+01   8.2586347e+01
  -7.4913570e+01  -2.7034528e+01
  -8.4063017e+01  -3.0790669e+01
  -1.0098474e+01   3.9583527e+01
  -3.4209776e+01   2.7575849e+01
  -1.6847476e+01   4.7141983e+01
  -1.2970002e+01   2.8833607e+01
  -1.2866259e+01   5.6990815e+01
  -4.0639195e+01   5.9828073e+01
   9.4249808e+01  -2.4010128e+01
   9.7524088e+01  -9.8857515e-01
   7.7053464e+01  -2.0286107e+01
   6.7091432e+01  -2.0094371e+01
   7.0373442e+01  -6.3850383e+00
  -4.3072376e+01   5.0166412e+01
   2.3836964e+00   5.0800225e+01
   1.1864515e+01   7.3078495e+01
   5.9878425e+01   6.9059364e+01
  -2.9249848e+01   3.6026701e+01
   2.2084243e+01   6.6320726e+01
   2.4942060e+01   3.8163947e+01
   4.2634296e+01   5.7598063e+01
  -4.3223315e+00   3.4817783e+00
   5.4746296e+00   1.5441760e+00
   7.3103012e+00   2.2664695e+01
  -4.1728203e+01   3.4148722e+01
   7.1010469e+01   1.8619279e+01
  -4.0745897e+00  -1.5390648e+01
   8.0332247e+01   2.1012652e+01
  -4.4448181e+01  -6.9856540e+01
  -6.3987893e+01  -6.0935793e+01
  -9.0607097e+01  -3.8278290e+01
   8.1160220e+01  -3.6764783e+01
   6.3396613e+01  -5.2167542e+01
   2.8920064e+01  -8.1094423e+01
   2.8409936e+01  -3.1872793e+01
   4.3915411e+01  -3.7016824e+01
   5.5543186e+01  -8.1813156e+01
   3.5354733e+01  -9.7847528e+01
  -4.0666899e+01  -8.6750350e+01
  -5.0533210e+01  -7.7688949e+01
  -2.9687275e+01  -8.2838453e+01
  -3.2431611e+01  -9.2421463e+01
  -5.2921890e+01  -6.4812530e+01
  -6.2820438e+01   5.0190729e+01
   1.9256362e+01  -2.6232296e+01
  -3.6241244e+01   4.3015725e+01
  -9.9030200e+01   3.4971354e+01
  -8.2788844e+01  -2.0890402e+01
  -2.1480439e+01  -3.8079458e+01
  -9.2770952e+01  -2.0471214e+01
  -8.1532205e+01   5.1205111e+01
   8.6143111e+00  -2.6877722e+01
  -5.5557437e+01   3.5030645e+00
  -5.8752070e+01  -2.7423196e+01
   3.8413951e+01  -5.9448057e+01
  -5.9932851e+00   8.5668897e+01
  -3.0496589e+01  -5.3144375e-01
  -3.3044225e+00  -9.6649961e+01
  -8.7761236e+01   5.8148289e+00
   6.4571428e+00  -9.4435336e+01
  -9.6301125e+00  -3.5010869e+01
   1.5979149e+01   1.7871830e+01
  -2.9030160e+01   1.9175143e+01
   9.5113062e+01   8.6262780e+00
  -6.9040288e+01  -1.2593961e+01
  -7.8824257e+01  -6.9899740e+01
   8.8386794e+01   2.6654501e+01
  -7.7937594e+01   2.2643044e+01
  -5.5758083e+01  -5.5366667e+01
   8.8933226e+01   1.6322473e+01
   8.5120478e+01  -2.4102152e+00
  -1.9103880e+01   6.4622554e+01
   1.9118815e+01  -7.9268958e+01
   4.2340447e+01  -8.4257198e+00
   4.9999287e+01  -1.8569051e+01
   5.2404254e+01  -9.1671530e+00
   1.6293653e+01  -1.4604685e+01
   5.7705191e+01  -7.2062966e+01
  -1.7694161e+01  -2.6430054e+01
  -3.6243732e+01  -3.2953245e+01
  -4.4542017e-01  -3.1035579e+01
  -2.8672973e+01   6.7350236e+01
  -2.1366408e+01   9.0796937e+01
  -4.8239166e+01   7.0485415e+01
   2.8553052e+01   7.2968436e+01
   2.3427120e+01  -7.6723190e+00
  -5.9280153e+01  -7.2409215e+01
  -8.3476820e+01  -4.5282264e+01
   2.4079283e+01   1.2256837e+01
   4.5577957e+01   3.9126811e+01
   5.0784095e+01   5.1903404e+01
   6.1847984e+01   4.1079236e+01
   3.7992268e+01   3.3807447e+01
   6.9120172e+01   5.6842698e+01
   2.9662572e+01   2.9390431e+01
  -6.7260720e+01  -3.6734392e+01
   3.7682406e+01   7.4705183e+01
   6.1103955e+01   3.0660519e+01
   3.4082304e+01   5.3000952e+01
   1.8856588e+01   8.9801256e+01
   2.3784430e+00   7.5807667e+01
