  -2.2391879e+01  -2.6942843e+01
   3.0538158e+01   5.5378056e+01
   6.5741424e+01  -3.9373095e+01
  -7.4586178e+00  -4.1276473e+01
  -1.7510301e+00  -5.7622423e+01
  -2.9799060e+01   1.1553265e+01
  -8.6096060e+00  -1.0271320e+01
   2.1767803e+01   3.9070000e+01
   4.0319015e+01   5.0758384e+00
   1.2832528e+01  -4.3602812e+01
  -3.7562154e+01  -7.7017412e+00
  -7.0260159e+01  -4.2680093e+01
   5.1882201e+01   4.3982511e+01
   5.7176005e+01  -1.2901643e+01
   2.2822327e+01  -4.3996984e+01
  -3.9346573e+01   1.4525636e+01
   8.0815483e+01   1.7468033e+01
   3.3781758e+01   2.8727623e+01
   4.2488738e+01   2.3809860e+01
   4.1571531e+01  -5.7760332e+00
   7.0857482e+01   4.3487004e-01
   9.4921528e+00   7.8587006e+01
  -5.3834311e+01   3.8431313e+01
   2.6503686e+01  -6.3309671e+01
   2.7277945e+01  -1.8212008e+01
  -3.2790751e+01  -7.7270053e+01
   2.1181818e+01  -3.4129888e+01
  -5.3507389e+01   2.8436769e+01
  -6.5805648e+01   2.7162156e+01
  -6.8129719e+01  -6.7940728e+00
   4.1482040e+00  -3.8650000e+01
  -2.7044520e+01  -1.8082300e+01
   2.1376845e+01  -7.6618536e+01
  -3.2383481e+01  -2.6535702e+01
  -3.0057207e+01  -4.6356073e+01
  -1.0208345e+00   4.4288258e+01
   2.4784157e+01  -7.5144265e+00
   2.1291852e+00   5.8347446e+01
   1.7004511e+01  -1.2327329e+00
  -3.8357055e+01   3.9545007e+01
  -1.4014734e+01   5.9129398e+01
   3.8400632e+01  -3.1902231e+01
   3.7045847e+01  -4.7653667e+01
   2.6667481e+01  -5.3227168e+01
   1.7615906e+01  -5.7476262e+01
  -1.1152086e+01  -5.4213969e+01
  -6.0148725e+01   1.0060092e+01
  -6.4575298e+01  -1.6140983e+01
  -5.5861984e+01   3.6497298e-01
  -4.6733233e+01  -3.7165996e+00
   1.6490985e+00  -8.7382322e+01
  -3.1728655e+00  -2.2132182e+01
   7.3141700e+00  -6.2641637e+01
   5.6766858e+01   1.4847662e+01
   8.3727980e+00   2.2863483e+01
  -3.9837293e+01  -6.9949162e+01
   5.5660326e+01   3.4723703e+01
  -5.1630912e+01  -2.2103104e+01
  -8.4572046e+00   3.7602476e+01
  -3.3221771e+00   7.4344327e+01
  -2.4752680e+01   7.4254671e+01
   6.9286922e+00   1.2969550e+01
   8.5155397e+01  -1.6861565e+01
   3.9862561e+01   7.0426480e+01
   5.4802405e+01  -2.3111430e+01
  -2.3512718e+01   2.6634575e+01
  -2.7525246e+01   4.4509569e+01
   1.7271368e+01   5.0901313e+01
   3.6531224e+01   3.8342129e+01
   5.0021029e+01   5.5646204e+01
   9.8519405e-02  -3.1547019e+00
   4.8331721e+01  -3.0735550e+01
   5.1458642e+01  -4.6763777e+01
   3.6821764e+01  -7.9248654e+01
  -2.1336188e+01  -7.3959451e+01
   2.9114910e+01  -2.8041723e+01
   8.9741332e+00  -1.9276883e+01
  -4.5573661e+01   2.2349758e+01
  -2.0803626e+01  -6.3974075e+01
  -7.5416112e+01   2.4398696e+01
  -1.7762479e+01  -1.4364941e+01
  -2.7570370e+01  -8.0967760e+00
  -6.9022665e+01   3.6630305e+01
  -7.1879900e+01  -2.2970307e+01
  -3.5516091e+01   2.0859359e+00
  -5.0913250e+01   1.3894838e+01
  -4.6207383e+01  -1.3702137e+01
  -1.6733565e+01  -4.5010635e+01
  -5.5886552e+01  -1.1191133e+01
  -1.0810500e+01  -6.4338674e+01
  -1.3544895e+01  -8.3445687e+01
   1.1739057e-01  -4.7800163e+01
  -3.8219014e+01   2.9125220e+01
   3.5679361e+01  -5.7559706e+01
   6.3714913e+01   7.4336815e+00
   8.7165392e+00  -7.2542476e+01
  -1.3620970e+00  -6.7613600e+01
  -4.4686709e+01   6.0711006e+00
  -3.0826529e+01  -5.6498367e+01
   8.8024482e+00  -5.2753771e+01
  -2.2638258e+01  -3.6942123e+01
   3.0068765e+01   8.3569248e+00
   2.0471861e+01   1.1166773e+01
   4.7054777e+01   1.2466306e+01
  -5.6577383e+00   6.4621016e+01
   5.7175763e+01   2.4839243e+01
  -2.3271493e+01   6.2912488e+01
   4.5670088e+01   3.4282507e+01
  -5.9988786e+01  -4.4420303e+01
  -6.1038126e+01  -2.5494432e+01
   4.4680940e+00   3.4274897e+01
   2.4478221e+01   7.2715611e+01
   6.1397080e+01  -3.1704690e+00
   4.8102029e+00   6.7981198e+01
   7.6121957e+01  -8.0671746e+00
  -2.1478461e+01   5.2474223e+01
   6.7006235e+01  -2.2518184e+01
  -2.0084425e+01   3.6999464e+01
  -3.7485458e+01   4.9506941e+01
   7.1601377e+01   1.3582138e+01
  -4.2537281e+01  -2.6802714e+01
  -3.1844088e+01   5.7763704e+01
   1.3975923e+01   3.1144841e+01
   7.3246235e+00   4.9803713e+01
  -6.2758557e+00   5.2796176e+01
   1.1881172e+01   6.0565886e+01
   4.1250513e+01   6.0450160e+01
  -1.8286786e+01  -4.3814015e+00
  -3.8514253e+00   2.8726643e+01
  -9.3522753e+00   1.0498020e-01
   3.1622772e+01  -3.9252310e+01
   4.2214715e+01  -2.2659514e+01
   4.7238798e+01  -1.4014304e+01
   5.8085318e+01  -3.2940280e+01
   4.3825857e+01  -4.0303082e+01
   3.4300220e+01  -6.9571784e+01
  -4.4833692e+01  -7.8611437e+01
  -3.0108525e+01  -6.7636532e+01
  -2.9753471e+01   3.4448164e+01
   1.7696696e+01  -2.4756929e+01
  -5.8846644e+01   1.9981466e+01
  -6.2187231e+01   4.3929290e+01
   6.0118956e+00  -2.8826302e+01
  -6.9736196e+01   1.5611327e+01
  -7.8694686e+01   3.4090400e+01
  -8.1638742e+01  -2.0787633e+01
  -2.5526295e+01   2.5136961e+00
  -6.7405325e+01   3.1796081e+00
   9.0098373e-03  -7.7518216e+01
  -7.6563169e+01  -1.2167784e+01
  -3.1978267e+01   2.1312073e+01
   4.2924223e+01  -6.4451999e+01
  -3.4271409e+00  -3.2126213e+01
   1.1117779e+00  -1.3099954e+01
   7.8743960e+01   6.5833185e+00
   1.7335524e+01  -6.7471796e+01
  -2.1149334e+01  -5.3981003e+01
  -1.3112710e+01  -2.3215137e+01
  -4.9029341e+01  -6.4389182e+01
   1.8277585e+01   2.0923008e+01
  -9.5726863e+00  -7.4268456e+01
  -1.2359970e+01   7.8624287e+01
  -1.3365550e+01  -3.3209401e+01
   3.2624866e+01  -1.3103418e+00
   1.7893390e+01  -1.4759034e+01
   3.6534756e+01  -1.4429393e+01
   1.0031120e+01  -8.5790012e+00
  -3.3560160e+01   6.7615349e+01
   2.8277600e+01   2.0305022e+01
  -1.5418359e+01   6.9103457e+01
   6.1989825e+01   4.2465595e+01
   6.6871953e+01   2.2393066e+01
  -7.3433948e+01  -3.2848750e+01
   2.9481227e+01   4.5434124e+01
  -6.3698559e+01  -3.5133928e+01
   7.9576987e+00   3.0245919e+00
   3.7305183e+01   1.5258340e+01
  -1.3841180e+01   2.9175597e+01
   3.1245166e+01   6.5352994e+01
   2.1778608e+01   6.1994506e+01
   1.4819786e+01   7.0124365e+01
   5.1509099e+01  -4.6623466e+00
  -1.3822723e+01   4.6040896e+01
   8.6036809e+01  -6.7662173e+00
   7.8077165e+01  -2.3925462e+01
  -4.6548521e+01   4.5280827e+01
   6.7168199e+01  -1.2519558e+01
  -4.6464971e+01   5.5280458e+01
  -5.2582122e+01  -3.2057502e+01
  -3.7036606e+01  -1.7686680e+01
  -3.2624638e+01  -3.6529132e+01
   1.1943369e+01   4.0935151e+01
   2.3796499e+01   2.9262437e+01
   5.9378124e+01   5.2118507e+01
   3.9405311e+01   5.0540965e+01
  -1.7706987e+00   6.6686827e+00
   5.4010671e+01   5.0196788e+00
  -9.1845603e-01   1.9166966e+01
  -4.0429403e+01  -5.9286655e+01
