   3.4712903e+01  -3.7700430e+01
   3.7971153e+01  -4.8563629e+01
   5.0018822e+01   7.8813564e+01
   4.7111088e+01   4.9945809e+01
  -3.0368835e+01   5.3095670e+01
  -8.3613794e+01   3.6260678e+01
   1.4336016e+01  -2.1215611e+01
  -7.2521457e+01  -7.8945259e+01
  -1.5078071e+01   7.2739700e+01
   9.5798997e+01  -1.1860057e+01
   6.7030942e+01  -1.0417634e+01
  -5.3709629e+01  -9.7017110e+00
   8.8855623e+01   4.0746452e+01
  -6.3176890e+01  -8.3609444e+01
  -3.4009838e+01  -5.5294776e+01
  -8.7378241e+01  -4.2462519e+01
  -2.9585173e+01   1.9113830e+01
  -2.3247786e+01   2.6849781e+01
  -3.5015229e+01   3.6835551e+01
   9.6137972e+01   2.9739044e+01
  -6.2817450e+01  -6.3645566e+01
  -5.3143480e+01  -8.2469968e+01
  -4.5008371e+01   3.9488755e+01
   3.0359339e+00  -3.0666900e+01
  -4.3645416e+00  -9.9525819e+01
  -8.6344860e+01  -7.4607224e+01
   9.8787315e+01   3.9381709e+01
  -6.5986371e+01  -5.1842999e+01
   8.9495893e+01   1.5548002e+01
  -2.0617448e+01   6.4409563e+01
   4.5982969e+01   3.5740891e+01
   4.1400052e+01   7.2541580e+01
  -7.5821088e+01  -2.7168436e+01
   5.9160406e+01  -1.9000922e+01
  -4.2910183e+01  -5.9853709e+01
   5.0792660e+00  -4.7292636e+00
  -8.1952014e+01  -6.5623745e+01
  -7.2519753e+01  -6.8945259e+01
  -5.2114656e+01  -6.3762374e+01
   7.7903644e+01   2.0283721e+01
  -7.2050207e+01  -8.8934149e+01
   9.7284357e+01  -1.7710886e+00
   5.0884136e+01   9.6683186e+01
   3.6751277e+01   8.2421234e+01
  -9.9421007e+01  -2.7043070e+01
  -1.3465076e+01   2.8923084e+01
  -2.5016257e+01   3.6692164e+01
  -3.5892197e+01   2.6874079e+01
  -4.1751768e+01   5.5804406e+01
  -3.7937780e+01   4.6560300e+01
   5.4250920e+01   4.2944180e+01
  -7.4659363e+01   3.1808917e+01
   4.6975404e+01  -5.3226423e+01
  -6.1223126e+01  -1.8124948e+01
  -8.5410152e+01  -2.4311484e+01
  -3.0445896e+01   6.6253905e+01
   6.4386106e+01  -7.1354089e-01
   5.7103553e+01  -9.2147400e+00
   1.3025236e+01  -3.1129332e+01
  -7.9324698e+01  -3.6534583e+01
   3.8459785e+01   5.5148614e+01
  -2.4009911e+01  -5.5256636e+01
   4.4507655e+01  -3.5684781e+01
  -3.9140431e+01  -6.9115942e+01
  -7.3017764e+01  -5.8953520e+01
  -5.6122626e+01  -7.2924043e+01
  -6.5783327e+00   7.8007964e+01
  -6.1437660e+01  -9.5042723e+01
  -8.1646129e+01  -8.3434564e+01
   1.2550300e+01  -1.1376342e+01
  -9.1100414e+01  -6.1585581e+01
   4.0613223e+00  -2.0705452e+01
   8.2793229e+01   4.8699411e+01
  -5.6413198e+01  -5.4733391e+01
   8.0874111e+01   1.0481951e+01
   8.6608330e+01   2.5500175e+01
   9.6257584e+01   8.1760587e+00
  -7.0701547e+01  -9.8842787e+01
   5.8637945e+01   9.0251714e+01
   4.5986592e+01   8.7964581e+01
   3.0900924e+01   7.4311156e+01
   9.8445737e+01   2.0008976e+01
  -9.1458970e+01  -5.1592012e+01
  -9.1764766e+01  -3.3475952e+01
  -9.3755895e+01  -1.8802530e+01
   8.6432535e+01  -8.3572896e+00
   3.6616702e+01   9.2420329e+01
