  -8.7225174e+01  -5.3363930e+01
   7.7662703e+00  -8.5669900e+01
  -6.6131233e+01  -2.8477657e+01
   9.2176744e+01   3.8349299e+00
  -5.9361276e+01   4.3198963e+01
   6.0255450e+01  -6.5476345e+01
  -9.7067343e+01  -5.2354224e+01
   2.7311185e+01   7.9969040e+01
  -4.5162137e+01   2.0937472e+01
   2.4411225e+01   4.9214257e+01
  -5.0962852e+01   3.7319638e+01
  -3.9540295e+01  -6.2891735e+00
   6.1392608e+01   6.7232745e+01
  -5.3762917e+00  -9.5755270e+01
   6.0020199e+01   3.4542908e+01
  -2.9138146e-01   5.7303007e+01
  -2.2899331e+01   5.5884724e+01
   1.7348752e+01  -3.3144420e+01
  -6.5576811e+01  -1.8520776e+01
   3.0901664e+01  -8.2085146e+00
  -2.5903867e+01  -7.6588189e+01
   8.4048871e+01   7.2078005e+01
   5.4288717e+01   5.7162264e+01
   1.4498881e+01  -6.4568408e+01
   8.0358400e+01   1.0169588e+01
   5.4092188e+01  -9.3871825e+01
   2.8137509e+01   1.8112501e+01
   8.4524556e+00   3.9426380e+01
  -1.4042053e+01   3.9069068e+01
   9.5596030e+00   5.8776684e+01
  -3.2552290e+01   5.8490787e+01
  -8.0174482e+01   3.4232028e+01
  -7.4268248e+01   2.4012491e+01
   6.4393079e+01  -7.9526040e+01
  -6.5039861e+01   8.0003384e+01
   9.4799637e+01  -7.7556488e+01
  -3.5996768e+01  -9.7723647e+01
  -9.0094089e+01  -4.6431920e+00
  -9.6533785e+01   2.2906350e+01
  -6.0730633e+01  -7.9265490e+01
  -5.2414196e+01  -8.8373570e+01
   8.2396752e+01   9.9186851e+01
  -2.0923917e+01  -2.0276421e+01
  -5.5556025e+01  -1.7002057e+01
  -1.9816330e+01  -1.9498564e-01
   9.3794563e+01   4.0999824e+01
  -3.4320584e+01  -5.5496519e+01
   3.3760067e+01  -7.9467363e+01
  -2.9802828e+01   1.6329036e+01
   1.4719318e+01   8.3642983e+01
  -1.1334586e+01   8.8062977e+01
  -2.4409632e+01   4.5496466e+01
  -4.2164186e+01   1.1565242e+01
  -3.2780339e+01   7.0042412e+01
   5.2851936e+01   1.2609106e+01
   9.6221410e+01  -6.7656395e+01
  -9.8556286e+01   9.4602672e+01
   1.8581915e+00  -7.7749650e+01
  -8.4995714e+01   7.9922445e+01
   2.9266705e+01  -6.8954289e+01
   6.0619792e+01  -1.9215214e+01
   9.3736513e+01  -3.3455168e+01
   7.7159012e+01  -5.2874912e+01
  -7.7518199e+01  -9.9021560e+01
  -8.4117492e+01  -9.1310364e+01
   2.5803526e+01   5.9080990e+01
  -7.5706513e+01  -4.2855239e+01
   3.8408372e+01   2.7776998e+01
  -1.2884609e+01  -8.2714275e+00
   9.2250697e+01   7.7796127e+01
   3.1388352e+00  -1.6183430e+01
   4.6761705e+00  -6.6030893e+01
  -7.6263622e+01  -7.1989570e+01
   2.4548568e+01  -6.3278209e-01
   4.7137620e+01   7.7680878e+01
  -9.9664843e+01  -3.1395370e+01
   4.5923610e+00  -9.5098477e+01
   1.1919207e+01   9.3234610e+01
  -3.5498777e+01  -7.8754189e+01
   9.1629771e+01   5.3656485e+01
  -1.7447352e+01  -5.9896169e+01
   5.3804992e+01  -8.3877629e+01
  -3.0218637e+01  -4.5509225e+01
   1.5248765e+01   1.4539384e+01
  -3.3013752e+01  -3.5954375e+01
   8.9802351e+00   7.5460140e+01
   4.7588765e+00   8.4507354e+01
  -8.6826648e+01   5.2715923e+01
  -9.4780813e+01   4.5557950e+01
  -6.6701792e+00   3.0376943e+01
  -1.3305283e+01   7.4009285e+01
  -2.3826683e+01   3.5572291e+01
  -1.0232657e+01   5.7967505e+01
  -2.0716082e+00   9.1794973e+01
  -6.3404079e+01   7.3921993e+00
  -5.4953059e+00  -3.3760879e+01
  -5.6449317e+01   3.9543881e-01
  -4.9825284e+01   5.9850578e+01
   2.6868201e+01  -8.6679562e+01
  -7.3949981e+01  -1.3113641e+01
   3.8746196e+01  -5.2008046e+01
  -5.4678865e+01   9.5991742e+01
  -6.6296391e+01   9.8889362e+01
  -4.1602174e+01   5.4236266e+01
  -7.5013046e+01   7.9768814e+01
  -3.9008814e+01   8.4636356e+01
   5.6360698e+01  -4.0695139e+01
  -6.4272910e+01   2.4335203e+01
  -8.0118651e+01  -5.2230681e+00
   3.7456248e+01  -3.3137767e+01
  -8.5108609e+01   6.2557574e+01
   1.7119131e+00  -4.0444281e+01
  -1.5208795e-01  -2.5490505e+01
   8.5105081e+01  -3.8011496e+01
  -8.2993547e+01   5.9092872e+00
   8.9673670e+01   3.1888860e+01
  -3.0671989e+00  -7.0346140e+00
  -7.9854564e+01  -6.2806355e+01
   9.9380588e+01   8.7778852e+01
   2.2032100e+01  -1.2329619e+01
   4.2057231e+01  -2.4398611e+01
  -9.5296012e+01  -4.2520443e+01
  -8.2824804e+01  -1.7543880e+01
   3.7839556e+01   1.6398910e+01
   5.2488918e+01   8.6126666e+01
   5.0034695e+01   3.7706899e+01
   8.3017150e+01  -1.2684829e+00
   6.3122021e+01  -2.8649195e+00
   6.5576337e+01   5.8150060e+01
  -1.6427364e+01  -9.8782901e+01
  -1.6488539e+01  -7.9513084e+01
   6.9365155e+01  -6.9459712e+01
  -5.1738026e+01  -5.8629062e+01
  -1.5255234e+01  -3.3277719e+01
  -4.7615404e+01  -2.3084866e+01
   9.7988695e+00   2.3415011e+01
   6.7706332e+01  -2.6188067e+01
  -2.7867649e+01   6.5834341e+00
   4.8298542e+01  -3.5651385e+01
  -7.5736036e+01   4.6175264e+01
  -3.0119131e+01   8.0070674e+01
   4.5917179e+00   4.8595623e+01
   3.8196952e+00   6.6925647e+01
   3.2660612e+00   3.0902101e+01
  -1.7789217e+01   6.4476256e+01
  -2.9331500e+01  -3.1681165e+00
  -3.3620729e+01   3.3914510e+01
  -3.5811394e+01   2.4230355e+01
  -6.8948920e+01   1.5582916e+01
  -2.7112515e+01   9.9935959e+01
   6.6792061e+01   6.2108153e+00
   4.2805244e+01   7.7660042e+00
   9.8592915e+01  -5.7933959e+01
   7.3149036e+01  -9.9419796e+01
   1.9081302e+01  -9.3282556e+01
   4.1884092e+01  -6.1466487e+01
  -9.5832481e+01  -7.1443665e+01
  -7.8878750e+01   1.5014046e+01
  -4.0986154e+01   4.0559550e+01
  -4.8905425e+01   8.6018226e+01
   4.6943868e+01  -1.4835304e+01
  -8.2269818e+01   8.9671493e+01
  -1.9275203e+01   8.2011536e+01
  -5.6643080e+01   5.2651573e+01
  -7.2330400e+01   9.0758599e+01
  -9.4859167e+01   3.3714177e+01
  -5.0008185e+01   6.9789750e+01
   3.6970432e+01   6.6881174e+01
  -4.2827381e+01  -8.5529561e+01
   2.8089498e+01  -5.0360385e+01
  -4.3293876e+01   3.0847562e+01
  -5.2643570e+01   2.7316329e+01
   1.9590414e+01  -2.1801004e+01
   1.1490960e+01  -4.1918077e+01
   2.2323900e+01   9.0130407e+01
   8.8696394e+01  -5.6862961e+01
   1.6141259e+01  -5.0706866e+01
   1.7447931e+01  -8.3423720e+01
   6.4634488e+01  -4.4574368e+01
   5.7920958e+01  -5.2711287e+01
  -6.8595353e+01  -4.9405042e+01
   3.8048451e+01  -8.8495963e+01
  -7.1456389e+01  -8.0683902e+01
  -6.2378211e+01  -8.8977453e+01
  -9.2247954e+01  -1.4374834e+01
  -8.1663952e+01  -8.1616029e+01
   7.4043443e+01  -4.3737596e+01
   8.5125503e+01  -4.7702173e+01
  -9.3534455e+01   7.4730860e+01
  -7.9566034e+01   7.0872022e+01
  -6.0325994e+01  -6.4356860e+01
   5.7092890e+01   7.6931940e+01
   2.2319216e+01  -5.8490365e+01
  -8.8782339e+01   1.6213054e+01
  -5.0880850e+01  -7.8541848e+01
  -6.6697604e+01  -3.8619911e+01
   3.5450861e+01   5.6487106e+01
   1.4459226e+01   5.0120055e+01
   1.7565210e+01   6.4708299e+01
   2.3723000e+01   9.2303062e+00
   3.3026529e+01   5.5921959e+00
   1.9748426e+01   2.3303455e+01
  -1.5183046e+00   7.4304885e+00
   7.4170225e+01   7.0525090e+01
   7.7745195e+01   7.9861912e+01
   6.2480178e+01   8.6408655e+01
   6.4646338e+00  -6.9765801e+00
  -6.7054628e+00  -1.6016116e+01
   9.8366483e+01   9.8820374e+01
   5.1818471e+01  -2.3480424e+01
  -1.0858623e+01  -4.2200118e+01
   7.1215102e+00  -3.2469982e+01
   9.9505200e+00  -2.3192979e+01
  -8.5994758e+01  -7.2472786e+01
   9.0389893e+01   6.3577811e+01
  -8.9775487e+01  -6.3244672e+01
   9.8902409e+01   1.7275159e+01
   1.4812970e+01   4.7430955e+00
   7.8070157e+01   5.3063700e+01
   6.2461568e+01   1.4905163e+01
   4.7327921e+01   9.9463007e+01
   2.7193000e+01   6.8969821e+01
   3.3397336e+01   8.7886964e+01
   7.3065790e+01  -1.4423005e+00
   5.6561789e+01   9.5414938e+01
   1.8922248e+01   7.4582911e+01
   6.0044190e+01   4.4508698e+01
  -2.4820462e+01  -6.6660543e+01
  -4.2977819e+01  -7.2560326e+01
   8.9205983e+01   1.4830072e+01
  -3.2061879e+00  -4.8607628e+01
  -3.1045587e+01  -2.2431484e+01
   5.4993469e+01   2.5970051e+01
  -2.2587085e+01  -3.9576285e+01
  -5.6563204e+01  -2.6662883e+01
  -5.1739519e+01  -6.8608217e+01
  -5.0572996e+00   7.9654447e+01
   9.3914737e+01  -4.3416464e+01
   5.2970717e+00   1.4596522e+01
  -8.5161738e+01   4.2868842e+01
  -6.1470080e+00   6.7068738e+01
  -2.1431809e+00   3.9278913e+01
   1.4951059e+01   3.1919862e+01
  -7.0277239e+01   3.3159266e+01
  -1.7596065e+00   2.1673813e+01
  -5.3742295e+00   4.8709828e+01
  -1.5293725e+01   4.9394359e+01
  -1.1771613e+01  -2.4223736e+01
  -2.2409186e+01  -1.0394842e+01
  -9.4070550e+01  -9.0329508e+01
   4.4327415e+01  -8.0686626e+01
   5.4948764e+01  -7.3946377e+01
   4.1943294e+00   9.9579711e+01
  -3.4073111e+01   4.7747378e+01
  -2.5951780e+01   2.5728425e+01
   9.8107739e+01  -8.6993462e+01
  -3.1913197e+01  -1.2651336e+01
  -5.8435974e+01   1.6226169e+01
   8.2048497e+01  -9.4859440e+01
  -4.9163404e+01  -9.4269691e+00
   6.7916508e+01  -8.8887588e+01
  -4.0850142e+01   6.4193599e+01
   2.8839362e+01  -9.6467870e+01
  -4.1097159e+01  -1.5967960e+01
  -6.0598953e+01  -8.5808551e+00
  -7.3081891e+01   5.0182748e+00
  -6.9485903e+01  -4.2353059e+00
  -8.4196445e+01   2.5092990e+01
   3.6318848e+01   9.7443999e+01
  -3.4993082e+01   9.3786375e+01
  -2.3219320e+01   7.2843921e+01
  -2.6059027e+01   8.9330204e+01
  -4.1473778e+01   7.4957800e+01
   4.8478943e+01  -4.9997510e+00
  -1.6490107e+01   2.8896224e+01
  -3.7023506e+01   3.1865631e+00
  -6.6557774e+01   5.0096013e+01
  -4.6601372e+01   6.9092582e-01
  -8.9396868e+01   9.9531508e+01
  -2.6109476e+01  -9.6301451e+01
  -7.7973876e+01   9.9013165e+01
  -4.8503685e+01   4.7012085e+01
  -1.8120019e+01   9.5406153e+01
   1.0880040e+01  -7.3835702e+01
  -5.5217570e+01   7.8281591e+01
   3.1301321e+01  -4.0952751e+01
   5.8137035e+01  -3.1048733e+01
  -1.5348276e+01  -6.9472978e+01
  -7.5924541e+00  -7.5510442e+01
  -2.3137566e+01  -8.6804572e+01
  -3.2962357e+01  -8.8274534e+01
  -6.2395825e+01   8.9642539e+01
  -6.0358119e+01   3.3434362e+01
  -4.5786324e+01  -9.5814974e+01
   2.7252572e+01  -3.1862452e+01
  -4.4689908e+01   9.6174723e+01
   2.0765213e+01  -7.4030735e+01
  -4.0308973e+00  -8.5841514e+01
   5.1709552e+01  -6.0411858e+01
   4.1091313e+01  -4.2391119e+01
   3.2176002e+01  -5.9458155e+01
   2.1447180e+01  -4.2257438e+01
   2.6470191e+01   9.9228223e+01
   4.9460614e+01  -4.7642536e+01
  -7.2183191e+01  -9.0614480e+01
  -1.3435102e+01  -8.9241318e+01
   8.6156160e+01  -2.5955384e+01
  -9.9654378e+01  -6.2003253e+01
  -9.7711986e+01   5.5115321e+01
  -5.7976677e+01  -9.7876149e+01
  -7.7159976e+01   5.6217348e+01
   2.9438760e+01  -2.2154630e+01
  -9.1657808e+01  -8.0644452e+01
   5.1474341e+01   6.8659726e+01
  -9.1938503e+01   8.7110189e+01
  -9.4847658e+01   6.4819736e+01
  -7.4799336e+01  -3.3069675e+01
  -5.9762323e+01  -4.5459344e+01
  -9.8586120e+01   1.3128541e+01
  -2.4504893e+01  -2.9793836e+01
  -8.7610456e+00   6.5099134e-01
  -8.2801945e+01  -2.7445761e+01
   8.1136969e+01   8.9267289e+01
   8.0435718e+01   6.2757618e+01
   9.0586153e+01   9.2538556e+01
   6.7061200e+01   7.7529833e+01
   6.8210101e+01   9.4599698e+01
   8.1585273e+00  -5.6683240e+01
   3.8891147e+01  -2.4526960e+00
   3.7081384e+01  -1.5866478e+01
   9.8542146e+01   2.7268615e+01
   9.9684625e+01   6.7249510e+01
  -7.7429879e+01  -5.3270588e+01
  -8.5459351e+01  -4.3352200e+01
   9.7307693e+01  -2.4260017e+01
   9.1428958e+01  -6.6306258e+00
  -9.9299974e+01  -2.1415885e+01
   7.2828110e+01   1.7589992e+01
   6.4716924e+01   2.4329662e+01
   2.8203537e+01   3.8192161e+01
   7.9386980e+01  -1.0574589e+01
   2.8440249e+01   2.8122264e+01
   4.3390422e+01   9.0270859e+01
   8.5161171e+01   4.6031815e+01
   4.0081080e+01   3.8632309e+01
   3.7199799e+01   7.8610805e+01
   3.4041441e+01   4.6589982e+01
   1.8651619e+01   4.1101521e+01
   4.5052591e+01   6.0994196e+01
   6.9060421e+01   4.8776753e+01
   5.0634872e+01   4.7850724e+01
   4.6812811e+01   2.0480516e+01
  -3.9146312e+01  -2.8153368e+01
  -5.2124991e+00  -6.5968692e+01
  -9.2914041e+01   4.9230092e+00
   8.1942833e+01   2.1703559e+01
   6.3277504e+01  -9.7823993e+01
   3.9024769e+01  -7.1000147e+01
  -3.4608467e+01  -6.7402985e+01
   8.6358405e+01  -6.6476635e+01
   7.7303381e+01  -6.2505607e+01
   4.1503431e+01  -9.7877640e+01
  -2.4651728e+01  -5.3457485e+01
  -5.7051971e+01  -3.6214326e+01
  -8.2691099e+00  -5.6704631e+01
  -6.6652190e+01  -7.1519589e+01
  -6.0750549e+01  -5.4950006e+01
  -4.2340868e+01  -6.1279109e+01
   5.5279772e+01   3.0248154e+00
   1.5749998e+01  -4.9625158e+00
   7.5189529e+01  -1.9609352e+01
   6.6963880e+01  -1.1774421e+01
   6.7611556e+01  -5.3771895e+01
   7.6015855e+01  -3.4245402e+01
