   4.5330000e+03
   4.3410000e+03
   4.7230000e+03
   4.4590000e+03
   4.5150000e+03
   4.4470000e+03
   4.7950000e+03
   4.5510000e+03
   4.5430000e+03
   4.2190000e+03
   4.5070000e+03
   4.7350000e+03
   4.5170000e+03
   4.7410000e+03
   4.7670000e+03
   4.5870000e+03
   4.4970000e+03
   4.7630000e+03
   4.3310000e+03
   4.2750000e+03
   4.2770000e+03
   4.6850000e+03
   4.7370000e+03
   4.5730000e+03
   4.6270000e+03
   4.6170000e+03
   4.3030000e+03
   4.3850000e+03
   4.3810000e+03
   4.2830000e+03
   4.6210000e+03
   4.6190000e+03
   4.2850000e+03
   4.3770000e+03
   4.5990000e+03
   4.2110000e+03
   4.4130000e+03
   4.4030000e+03
   4.8070000e+03
   4.5010000e+03
   4.7790000e+03
   4.3910000e+03
   4.7030000e+03
   4.4610000e+03
   4.4150000e+03
   4.5350000e+03
   4.5810000e+03
   4.4070000e+03
   4.3010000e+03
   4.6290000e+03
   4.6510000e+03
   4.2210000e+03
   4.5750000e+03
   4.6010000e+03
   4.5650000e+03
   4.6810000e+03
   4.7570000e+03
   4.5930000e+03
   4.2070000e+03
   4.5670000e+03
   4.4550000e+03
   4.5590000e+03
   4.5570000e+03
   4.8230000e+03
   4.7450000e+03
   4.2870000e+03
   4.3050000e+03
   4.6110000e+03
   4.2310000e+03
   4.6910000e+03
   4.3670000e+03
   4.8150000e+03
   4.6430000e+03
   4.3550000e+03
   4.7730000e+03
   4.7970000e+03
   4.3570000e+03
   4.7810000e+03
   4.4490000e+03
   4.2950000e+03
   4.4670000e+03
   4.7690000e+03
   4.6630000e+03
   4.5030000e+03
   4.2370000e+03
   4.5530000e+03
   4.8250000e+03
   4.4990000e+03
   4.5370000e+03
   4.5210000e+03
   4.5250000e+03
   4.5410000e+03
   4.5470000e+03
   4.5690000e+03
   4.7590000e+03
   4.2790000e+03
   4.7490000e+03
   4.6130000e+03
   4.3110000e+03
   4.6150000e+03
   4.6030000e+03
   4.7130000e+03
   4.3330000e+03
   4.3890000e+03
   4.6490000e+03
   4.4630000e+03
   4.6410000e+03
   4.4650000e+03
   4.5290000e+03
   4.6610000e+03
   4.6650000e+03
   4.7070000e+03
   4.6890000e+03
   4.3730000e+03
   4.3950000e+03
   4.4250000e+03
   4.7150000e+03
   4.6550000e+03
   4.7530000e+03
   4.6930000e+03
   4.6450000e+03
   4.4510000e+03
   4.6830000e+03
   4.6530000e+03
   4.7470000e+03
   4.7330000e+03
   4.7190000e+03
   4.4410000e+03
   4.7510000e+03
   4.7610000e+03
   4.7210000e+03
   4.7430000e+03
   4.6310000e+03
   4.6050000e+03
   4.7890000e+03
   4.7830000e+03
   4.4830000e+03
   4.4930000e+03
   4.8010000e+03
   4.6670000e+03
   4.5950000e+03
   4.1960000e+03
   4.2020000e+03
   4.2040000e+03
   4.5090000e+03
   4.6070000e+03
   4.2200000e+03
   4.5710000e+03
   4.5230000e+03
   4.2280000e+03
   4.2300000e+03
   4.5390000e+03
   4.2380000e+03
   4.7390000e+03
   4.5270000e+03
   4.5630000e+03
   4.5830000e+03
   4.2480000e+03
   4.5970000e+03
   4.5550000e+03
   4.5490000e+03
   4.8210000e+03
   4.5610000e+03
   4.5450000e+03
   4.2660000e+03
   4.2720000e+03
   4.8130000e+03
   4.2760000e+03
   4.7990000e+03
   4.2820000e+03
   4.2840000e+03
   4.2860000e+03
   4.2880000e+03
   4.5890000e+03
   4.6090000e+03
   4.3000000e+03
   4.3020000e+03
   4.6470000e+03
   4.6370000e+03
   4.3080000e+03
   4.3100000e+03
   4.3300000e+03
   4.3320000e+03
   4.3400000e+03
   4.3460000e+03
   4.3540000e+03
   4.3560000e+03
   4.7090000e+03
   4.6710000e+03
   4.6870000e+03
   4.3660000e+03
   4.3720000e+03
   4.7010000e+03
   4.7110000e+03
   4.3800000e+03
   4.3820000e+03
   4.3840000e+03
   4.8110000e+03
   4.3880000e+03
   4.3900000e+03
   4.3940000e+03
   4.3980000e+03
   4.4000000e+03
   4.4020000e+03
   4.6950000e+03
   4.4060000e+03
   4.4120000e+03
   4.4140000e+03
   4.4240000e+03
   4.7270000e+03
   4.4280000e+03
   4.7870000e+03
   4.4320000e+03
   4.7710000e+03
   4.4400000e+03
   4.4420000e+03
   4.7750000e+03
   4.4480000e+03
   4.4500000e+03
   4.7770000e+03
   4.4580000e+03
   4.4600000e+03
   4.7850000e+03
   4.4640000e+03
   4.4660000e+03
   4.7930000e+03
   4.8090000e+03
   4.8030000e+03
   4.4820000e+03
   4.8170000e+03
   4.8270000e+03
   4.4960000e+03
   4.4980000e+03
   4.5000000e+03
   4.5020000e+03
   4.5060000e+03
   4.5080000e+03
   4.5120000e+03
   4.5140000e+03
   4.5160000e+03
   4.5200000e+03
   4.5240000e+03
   4.5280000e+03
   4.5320000e+03
   4.5340000e+03
   4.5360000e+03
   4.5380000e+03
   4.5400000e+03
   4.5420000e+03
   4.5460000e+03
   4.5480000e+03
   4.5500000e+03
   4.5520000e+03
   4.5540000e+03
   4.5560000e+03
   4.5580000e+03
   4.5600000e+03
   4.5620000e+03
   4.5640000e+03
   4.5660000e+03
   4.5680000e+03
   4.5700000e+03
   4.5720000e+03
   4.5740000e+03
   4.5820000e+03
   4.5840000e+03
   4.5860000e+03
   4.5880000e+03
   4.5920000e+03
   4.5940000e+03
   4.5960000e+03
   4.5980000e+03
   4.6000000e+03
   4.6020000e+03
   4.6040000e+03
   4.6060000e+03
   4.6100000e+03
   4.6120000e+03
   4.6140000e+03
   4.6160000e+03
   4.6180000e+03
   4.6200000e+03
   4.6220000e+03
   4.6240000e+03
   4.6260000e+03
   4.6280000e+03
   4.6300000e+03
   4.6320000e+03
   4.6340000e+03
   4.6360000e+03
   4.6380000e+03
   4.6400000e+03
   4.6420000e+03
   4.6440000e+03
   4.6460000e+03
   4.6480000e+03
   4.6500000e+03
   4.6520000e+03
   4.6580000e+03
   4.6600000e+03
   4.6620000e+03
   4.6640000e+03
   4.6660000e+03
   4.6700000e+03
   4.6720000e+03
   4.6760000e+03
   4.6780000e+03
   4.6800000e+03
   4.6820000e+03
   4.6840000e+03
   4.6860000e+03
   4.6880000e+03
   4.6900000e+03
   4.6920000e+03
   4.6940000e+03
   4.6960000e+03
   4.7000000e+03
   4.7020000e+03
   4.7040000e+03
   4.7060000e+03
   4.7080000e+03
   4.7100000e+03
   4.7140000e+03
   4.7160000e+03
   4.7180000e+03
   4.7200000e+03
   4.7220000e+03
   4.7260000e+03
   4.7320000e+03
   4.7340000e+03
   4.7360000e+03
   4.7380000e+03
   4.7400000e+03
   4.7420000e+03
   4.7440000e+03
   4.7460000e+03
   4.7500000e+03
   4.7520000e+03
   4.7540000e+03
   4.7560000e+03
   4.7580000e+03
   4.7600000e+03
   4.7620000e+03
   4.7640000e+03
   4.7660000e+03
   4.7680000e+03
   4.7700000e+03
   4.7740000e+03
   4.7780000e+03
   4.7800000e+03
   4.7820000e+03
   4.7840000e+03
   4.7860000e+03
   4.7880000e+03
   4.7900000e+03
   4.7940000e+03
   4.7960000e+03
   4.7980000e+03
   4.8000000e+03
   4.8040000e+03
   4.8060000e+03
   4.8100000e+03
   4.8120000e+03
   4.8140000e+03
   4.8180000e+03
   4.8200000e+03
   4.8220000e+03
   4.8240000e+03
   4.8260000e+03
