   4.2645518e+01  -3.3673116e+01
   6.6732038e+01  -7.4124556e+00
  -1.8950943e+01  -6.4689756e+01
  -2.2550830e+01   3.9748905e+01
  -6.6858622e+01  -7.5223768e+01
  -4.6428155e+01  -8.0764281e+01
  -3.5878788e+00  -2.4222904e+01
  -8.3071571e+01  -8.8605667e+01
  -7.7194254e+00   5.6436380e+01
   3.7701050e+01   2.4489451e+01
  -5.6187725e+01  -6.3851444e+01
  -6.5436020e-01  -5.7247787e+00
   6.5384120e+01   9.0952978e+00
   9.8098689e-01   5.1102914e+01
  -3.2248336e+01   4.2079930e+01
  -5.1893469e+01   1.2769416e+01
   6.8947482e+01   4.8668905e+01
  -6.0001428e+01   3.7586239e+01
   5.6433971e+01  -5.9423862e+01
  -5.8706155e+01  -2.4568674e+01
  -2.8237657e+01   6.8931234e+01
   5.0789601e+01  -1.6066433e+01
   2.4643277e+01  -2.4713808e+01
   2.5666357e+01   6.0183771e+01
  -1.0585494e+01  -5.3021259e+01
   1.3219551e+01   7.5361955e+01
   9.5996504e+00  -9.5177551e+00
  -5.7063875e+01  -5.3905518e+01
   6.8400406e+01   9.9211598e+01
   3.3410546e+01   7.6812439e+01
  -9.6636023e+01  -4.1768829e+01
   8.5316497e+00   3.0452601e+01
  -4.0422350e+01  -3.9127324e+00
  -4.9465611e+01   2.2461592e+01
  -4.6179429e+01   5.2354342e+01
   4.6311861e+01   3.4617155e+01
  -5.0681513e+01   3.3810073e+01
  -8.2344038e+01   1.6032314e+01
   5.3881579e+01  -4.9775324e+01
  -4.4062914e+01  -1.3153650e+01
  -8.1592360e+01  -1.7474548e+01
   6.0867819e+01   6.4370616e-01
  -1.8552161e+01   6.6461188e+01
   3.6975074e+01  -2.5511473e+00
   6.5185267e+01  -3.7739561e+01
  -4.2143833e-01  -5.3710097e+01
  -8.1794058e+01  -3.6682151e+01
   3.5368099e+01   6.3755047e+01
  -3.1732942e+01  -2.9214631e+01
  -3.0486267e+01  -6.9058067e+01
   5.5472413e+01  -3.9941327e+01
  -5.1334662e+01  -9.9870775e+01
  -2.8668756e+01   9.3944132e+01
  -5.2675089e+00   6.9164014e+01
   1.0942089e+01   9.3273960e+00
   2.8812911e+01  -8.3124929e+00
  -8.8656645e+01  -5.9392101e+01
   7.0414415e+01   7.2974258e+01
  -7.0278868e+01  -5.4426963e+01
   9.8574444e+01   1.6073350e+01
   5.4302926e+01   9.7859462e+01
   1.6326930e+01   6.3842076e+01
   8.6369443e+01  -5.6587644e+00
  -1.7660309e+01   5.6520051e+01
   1.5396534e+01   4.1076682e+01
  -3.0800680e+01   3.2218697e+01
  -2.7510521e+01   5.7554069e+00
  -3.2113740e+01   1.4572516e+01
  -7.7285729e+01   4.8883549e+01
   2.6347439e+01   3.4580445e+01
   5.5886689e+01   1.9646364e+01
  -4.3953242e+01   8.0575011e+01
   4.8174468e+01   4.4347338e+01
  -8.0516981e+01   5.8346888e+01
  -8.0655997e+01   2.5884039e+01
   1.2943832e+01  -5.9057286e+01
  -6.1807927e+01  -4.4239630e+00
  -3.5534992e+01   8.6680864e+01
   6.3814111e+01  -4.7903347e+01
   3.5416288e+01  -5.7148771e+01
  -5.7774653e+01   4.7144180e+00
  -8.1255098e+01  -7.0981112e+00
   8.1386473e+01  -2.9369650e+01
   4.0881848e+01  -1.5061297e+01
   5.0920877e+01   1.4909268e+00
   5.2430410e+01  -3.0474385e+01
   6.1489954e+00  -2.9101147e+01
   4.9588213e-01  -6.5645710e+01
  -2.8395787e+01  -8.8487160e+01
   4.5160268e+01   6.2108113e+01
  -9.5134271e+01  -5.1783735e+01
  -2.2174993e+01  -3.1784537e+01
   3.3898520e+01  -3.8878275e+01
   3.7862649e+01   4.4094777e+01
  -9.9898666e+00   8.2831168e+01
  -6.3066624e+01  -9.9819415e+01
   9.8255854e+01   4.0940084e+01
   8.4807375e+01   7.1386540e+01
   1.3745719e+01  -4.1774886e-01
   7.6803862e+01   5.4724345e+01
   1.9116104e+01  -1.6424444e+01
  -6.6155357e+01  -6.3503146e+01
  -5.8657460e+01  -3.8393714e+01
   7.8649312e+00  -4.5922415e+01
   7.5174521e+01   9.8037036e+00
   6.2528035e+01   6.7131328e+01
   4.3168796e+01   8.1665657e+01
   7.4676114e+01   8.1859928e+01
   9.3409190e+01  -2.8045712e+01
   3.6864978e+01   9.7320126e+01
   1.7162339e+01   8.7770993e+01
   8.0648898e+00   1.8829625e+01
  -2.5366701e+01   4.9298746e+01
  -1.4754850e+01   4.6982064e+01
  -4.2137006e+01   4.3223690e+01
  -9.4061805e+00   2.7889691e+01
  -5.3754502e+00   4.3552584e+01
  -1.9949040e+01   3.0111823e+01
  -1.2201498e+00   3.4494894e+01
  -7.4576849e+01  -6.8871845e+01
  -4.1953471e+01   1.3199013e+01
  -2.2583208e+01  -9.7678204e+00
  -4.6222611e+01   4.1804774e+00
  -6.1762133e+01   1.4201247e+01
  -4.7250397e+01   7.0845729e+01
   2.7916902e+01   4.4441072e+01
  -3.6197770e+01   5.1754212e+01
   2.9123891e+01   1.9483684e+01
  -5.7544977e+01   5.2010474e+01
   4.6839411e+01   1.4834188e+01
  -6.1965648e+01   8.4312003e+01
   5.6565730e+01   3.3086146e+01
  -9.2225282e+01   2.0871211e+01
  -6.9064353e+01   3.3381909e+01
   5.5574430e+01   9.9675891e+00
  -8.6478849e+01   4.4950985e+01
  -9.8953449e+01   5.0586560e+01
   2.5874299e+01  -5.4362943e+01
  -7.2434263e+01   1.4889837e+01
  -7.3061088e+01  -1.2664024e+01
   6.4123165e+01  -6.5803855e+01
   1.1115747e+00   6.0996004e+01
   3.7721173e+01  -7.6789644e+01
  -5.1528039e+01  -3.1527262e+01
   4.4375987e+01  -5.2820619e+01
  -2.9441903e+01   7.8797812e+01
  -6.7646402e+01   6.1593785e+00
  -8.9895882e+01  -1.2086169e+01
  -9.4990703e+01  -8.6276536e-01
   6.9517298e+01  -2.0223732e+01
   4.5851761e+01  -6.7731542e+00
  -3.7450807e+01   7.2798823e+01
  -8.4112566e+01  -2.7002133e+01
   5.5622094e+01  -7.4482698e+00
  -9.1168640e+00  -6.2905374e+01
  -1.0854791e+01  -1.7470009e+01
   7.1424002e+01  -2.9979233e+01
   2.4875215e+01  -3.4575926e+01
   4.2036702e+01   6.0669249e+00
  -1.1743389e+01  -4.3097260e+01
  -8.8225247e+01   3.2417725e+01
  -1.9016806e+01  -8.4911841e+01
   6.0738195e+01  -1.5817861e+01
   4.4882294e+01  -2.4042084e+01
   6.1213811e+01  -2.5767974e+01
  -2.0488336e+01  -5.1649259e+01
  -3.7239579e+01  -5.7822493e+01
  -7.7617739e+01  -4.7660113e+01
  -8.7363674e+01  -4.5496153e+01
  -5.7288596e+01  -9.1658262e+01
   4.5985710e+01  -4.3014826e+01
  -9.5302411e+01  -7.8453947e+01
  -2.1583036e+01  -4.1730343e+01
  -3.8217149e+01  -8.6611731e+01
  -3.0831056e+01  -4.9923226e+01
   3.4991036e+01  -2.7252106e+01
   4.6913047e+01  -6.2467495e+01
   4.7574649e+01   2.4807604e+01
   3.2806652e+01   5.3200034e+01
   2.5309915e+01  -4.4451363e+01
  -7.8685864e+01  -5.9764975e+01
  -2.1959478e+01   8.5396386e+01
  -1.5766870e+01   9.3229980e+01
   2.0849804e+01   5.1450863e+01
   4.2766516e+01   5.2636444e+01
   2.4151742e+01   8.0619195e+01
  -1.1736935e+00   7.8220072e+01
  -6.4745623e+01  -8.4996844e+01
   4.7358811e+00   7.0182666e+01
  -5.8548394e+00   9.1922148e+01
   7.5650532e+01   6.4584646e+01
  -1.2876914e+01  -7.7618454e+00
  -6.2478036e-01  -9.1326925e+01
   2.9655000e+00   3.4681291e+00
   6.7652069e+01   5.8608356e+01
  -7.2151492e+01  -3.9299019e+01
   2.8021432e+01   1.5891864e+00
  -6.4010324e+01  -4.6730734e+01
  -4.7334775e+01  -9.0712240e+01
   1.5634241e+01  -3.9541975e+01
   7.7261478e+01  -9.7836122e+00
   8.6153862e+01   5.1515469e+01
   8.3062727e+01   3.7305296e+00
   6.8929897e+01   1.8031326e+01
   8.4340613e+01   1.3559674e+01
   5.8015288e+01   4.2819631e+01
  -4.9523929e+01  -7.1273689e+01
   8.5063409e+01   6.1401244e+01
   5.4298936e+01   7.2721526e+01
   3.5108768e+01   8.7490256e+01
   6.2265448e+01   7.8750538e+01
   2.5951822e+01   7.0161254e+01
  -9.9597302e+01  -9.9235121e+00
   8.9230934e+01  -1.8980286e+01
   9.8577242e+01  -1.5580061e+01
   5.8085135e+01   8.8609319e+01
   2.5285162e+01   9.3603630e+01
   1.6808183e+01   2.3634889e+01
  -1.6884869e-02   2.4598963e+01
  -1.2941020e+01   3.7171333e+01
   1.0908406e+01   5.1307347e+01
   5.4360999e+00   4.1952866e+01
  -1.9547662e+01  -2.7710900e-01
  -3.9006461e+01   2.2748510e+01
  -2.6946289e+01   2.3045329e+01
  -2.8507977e+01  -1.7692803e+01
  -5.8220137e+01   2.7283894e+01
  -5.0448871e+01   6.1380540e+01
   3.6326681e+01   3.4320938e+01
   3.2970587e+01   1.0265938e+01
  -3.6849177e+01   6.1855755e+01
  -5.5448052e+01   7.6565231e+01
  -4.0717021e+01   3.3330439e+01
  -5.2091284e+01   4.3684103e+01
  -6.7367368e+01   5.0145717e+01
  -5.2165508e+01   8.6288590e+01
  -3.7712642e+01  -2.1245842e+01
  -6.7456364e+01   2.3524554e+01
   5.4889618e+01   6.0965158e+01
  -9.5021090e+01   3.9752880e+01
  -7.8783894e+01   3.5705687e+01
  -8.9714176e+01   5.4413140e+01
   1.6962805e+01  -4.9911819e+01
   2.1921225e+01  -6.3506223e+01
  -9.7789598e+01   2.9502382e+01
   6.8541567e+01  -5.6715337e+01
  -9.0615908e+01   1.0434600e+01
  -4.7497143e+01  -2.2521721e+01
  -1.7613321e+01   7.6396514e+01
  -2.7282045e+01   5.9048348e+01
  -6.3481857e+01  -1.4302903e+01
  -7.1817788e+01  -2.8364319e+00
   3.7908609e+01  -6.6805567e+01
  -4.3971945e+01   9.2012322e+01
  -1.2194928e+01  -7.2417403e+01
   7.9355195e+01  -1.9579129e+01
  -2.4621826e+00  -3.4024758e+01
  -2.6117898e+00  -7.5278204e+01
   8.6541277e-01  -1.5414269e+01
   1.6056379e+01  -2.9584287e+01
  -5.1586079e+01  -4.2558982e+00
  -8.5392509e+01   1.9421346e+00
  -1.9624224e+01  -2.2155781e+01
  -1.8445008e+00  -4.3874367e+01
  -9.5421057e+01  -2.0489339e+01
  -2.7169113e+01  -7.8563000e+01
  -2.2725260e+01  -9.6723297e+01
  -9.5222378e+01  -6.8454274e+01
  -7.5440540e+01  -8.0355357e+01
  -3.0484602e+01  -3.7365701e+00
  -8.5306678e+01  -7.8729198e+01
  -8.5066776e+01  -6.8732142e+01
  -1.2349318e+01  -3.3121678e+01
  -3.8008202e+01  -9.6604365e+01
  -4.7030165e+01  -5.9857624e+01
  -4.0360759e+01  -6.7301888e+01
  -4.1571806e+01  -3.0455446e+01
  -3.6989599e+01  -7.6698696e+01
  -3.1198541e+01  -3.9187115e+01
  -7.0527748e+01  -9.3155322e+01
  -8.6972020e+01  -9.7813625e+01
  -9.8004135e+01  -9.0871134e+01
  -2.7364730e+01  -5.9302920e+01
  -1.0567820e+01  -9.0261106e+01
   9.6101916e+01   5.1516583e+01
   7.6054996e+00   9.3171273e+01
  -6.5893285e+01  -3.1513366e+01
   9.2670568e+01   7.7558810e+01
  -7.9984622e+00   8.4808760e-01
   2.0775422e+01   8.2808714e+00
   9.6495545e+01  -5.8068279e+00
  -4.2031985e-02   1.2969446e+01
  -5.3783414e+01  -1.4991440e+01
  -7.2733234e+01  -2.4230370e+01
   9.7579700e+00  -1.9816140e+01
   3.1552267e+01  -1.7832067e+01
   8.8323830e+01   4.1846331e+01
   7.3860693e+01  -3.7231270e-01
   3.4799940e-01   9.9946159e+01
   9.0808997e+01   3.2201819e+01
  -5.7175224e+01  -7.7706063e+01
   6.3263132e+01   2.5938454e+01
   7.8222168e+01   2.0675557e+01
   5.9818183e+01   5.2481764e+01
   9.4190420e+01   6.5401943e+01
   9.9916916e+01   2.5966833e+01
   9.2378737e+01   8.2638286e+00
  -9.2092584e+01  -3.2904195e+01
   4.4369088e+01   7.1872855e+01
   6.8034824e+01   8.9251123e+01
   7.3022987e+00   8.3312827e+01
