   2.9755720e+01   6.5956966e+01
  -4.7463535e+01   3.7012777e+01
  -8.1305738e+00  -5.9849412e+01
  -1.0857508e+01  -5.0403154e+01
  -8.4069819e+01   1.0771286e+01
   5.2617757e+01  -5.0134312e+01
   7.6499644e+01  -4.9063764e+01
  -5.1337687e+00  -3.4253340e+01
   6.7862650e+01  -1.6017003e+01
   7.1315518e+01   5.0040596e-01
  -9.6708006e+01  -3.2553600e+01
   7.7861822e+01  -2.8365053e+01
   4.2609492e+01   4.9838488e+01
   4.3850475e+01   1.5657506e+01
  -5.0446435e+01  -9.1271810e+01
  -2.5744219e+01   8.3126272e+01
  -4.1258088e+01  -3.5699622e+00
  -1.4240729e+00   7.6579843e+01
  -2.5818241e+01   5.2341339e+01
  -6.1858117e+01   3.6579661e+01
  -4.9405630e+01   6.1923311e+01
   4.7820034e+01  -7.5603462e+01
  -7.5775156e+01  -7.7404318e+01
   1.4726174e+01  -3.0903474e+01
   2.5564065e+01   2.1875592e+01
   2.8199847e+01  -5.2327929e+00
  -3.0289458e+00  -7.3063117e+00
   1.2526568e+01  -1.5313443e+01
   8.5800374e+01   1.1347415e+01
   8.3655766e+01   6.9835870e+01
  -5.1835982e+01  -1.7599421e+01
  -2.9005472e+01  -5.7138945e+01
  -6.9393317e+01  -6.9720151e+01
   8.9092721e+01  -4.6804554e+01
  -1.4561177e+01  -3.1122626e+01
  -5.4388176e+01   2.9988776e+01
  -7.5903309e+01   7.6840549e+01
  -4.6628314e+01   9.8848174e+01
  -8.1974834e+01   9.4182437e+01
  -2.7837812e+01   3.4207795e+01
  -5.5947699e+01   2.0223071e+01
  -2.9955176e+01   1.2311573e+01
   8.1449648e+01  -6.5027243e+01
  -7.9760325e+01   3.7865332e+01
   2.0179782e+01  -7.7086888e+01
   4.0838875e+01  -2.1569357e+01
  -5.9353663e+01  -3.0255791e+01
  -9.0618783e+01  -2.0047196e+01
   1.1246531e+01  -5.8763289e+01
   4.7724957e+01   3.1019243e+01
  -8.5682693e+01  -6.7903972e+01
   3.7491672e+01   3.5586109e+01
  -1.1810638e+01  -2.1728688e+01
   9.1911872e+01   6.4193640e+01
  -3.1513760e+01  -2.3972231e+01
   9.5289196e+01   1.3812025e+01
  -3.7110570e+01  -6.8642603e+01
   3.0977036e+01  -2.2687877e+01
   1.6310411e+01   5.5420048e+01
   8.6960082e+00   8.2563391e+01
   4.5483845e+01  -9.5396671e+01
  -7.8478947e+00   8.4207784e+01
  -3.5629957e+01   5.3012396e+01
   8.3365778e+00  -9.7116200e+01
  -1.9927868e+01   2.8219031e+01
   2.1165278e+01  -5.7663497e+01
  -5.1512384e+01   9.0142785e+01
   8.7353966e+01  -1.8962537e+01
  -9.7297867e+01   2.2695715e+01
  -8.8062582e+01  -8.8858215e+01
   1.5692752e+01  -4.9391974e+01
   2.5656108e+01  -4.8749552e+01
   6.8861768e+00  -7.3733045e+00
   8.4366464e+01   9.3625665e+01
   4.5025373e+01   4.2345033e+00
   8.4241334e+01  -5.4129595e+00
   6.3242553e+01   2.5741984e+01
   5.4340939e+01   6.5160059e+01
  -8.9784062e+01  -4.8314294e+01
   6.6634613e+01   7.9855461e+01
   4.2200947e+01   8.0860160e+01
   6.1826213e+01   4.1951208e+01
   3.6961889e+01  -1.2878273e+00
  -3.0222747e+01  -4.7406755e+01
  -4.9417486e+01  -3.0696080e+01
  -7.1270300e+01  -1.5793292e+01
  -6.6615400e+01  -4.4287164e+00
  -7.5572966e+01   3.1457626e+00
  -2.1756546e+01  -2.0265605e+01
  -6.8591089e+01  -8.4357308e+01
  -2.1362347e+01  -8.2937094e+01
   1.9428068e+01  -2.2225722e+01
   1.9084735e+01  -8.6988989e+01
   4.6612227e+01  -8.5480739e+01
   1.2698231e+01   2.8763127e+01
   1.9834881e+01   3.5366583e+01
  -9.5528071e+01   3.2512136e+01
   5.5099924e+01  -9.0750664e+01
  -9.0972851e+00   4.5059314e+01
   3.3113339e+01   8.7301258e+01
  -1.1465774e+01   7.0723523e+01
   7.3736105e+00   5.1270616e+01
  -5.0768039e+01  -6.5146156e+00
   4.7745814e+01  -2.8809237e+01
   5.7622468e+01  -2.7330738e+01
  -2.1418766e+01   7.0599152e+01
  -2.9210515e+01   9.2494094e+01
  -6.1635806e+01   8.9808725e+01
   4.1020228e+01  -5.7033852e+01
  -4.6689515e+01   1.7185163e+01
   4.3041095e+01  -4.7318752e+01
   6.2826233e+01  -6.3060626e+01
  -4.7220713e+00   3.6140661e+01
   2.7870877e+01  -9.4060095e+01
  -5.4862267e+01   4.3715681e+01
  -4.1546153e+01   7.2065974e+01
  -7.8660177e+01  -5.3453194e+01
   3.3725348e+01  -4.2850211e+01
  -8.0861860e+01   5.7919330e+01
  -5.9470514e+01  -5.0184930e+01
  -4.6443375e+01  -6.5095759e+01
  -8.5273430e+01  -1.1567732e+01
  -1.1762466e+01  -1.1962730e+01
   5.9336714e+01   1.6602642e+01
   8.4857962e+01   8.2641586e+01
   9.3144644e+01   8.8836024e+01
   5.8925269e+00   1.0978369e+01
  -2.0634045e+00  -7.7449140e+01
   5.5175966e+01  -7.8287053e+00
  -2.4528847e+01  -5.8401738e-01
   9.2707479e+01  -1.0612803e+01
   1.5783430e+01   9.8986807e+00
  -2.5305924e+00   2.1887916e+01
   2.6108805e+01   5.6724588e+01
   3.4250594e+01   1.7818814e+01
   5.1333029e+01   9.7746659e+01
   8.1480264e+01   5.1955089e+01
   4.9973918e+01   5.6344406e+01
  -1.2130585e+01  -7.9141150e+01
  -9.9889515e+01   6.9756713e+01
   9.7009527e+01   2.3438283e+01
  -9.4415178e+01  -7.5244190e+00
   9.9918554e+01   8.1454338e+01
   8.7150532e+01   4.3759241e+01
  -3.0048715e+01  -7.6071382e+01
  -1.8097115e+01  -6.1103551e+01
  -4.7095113e+01  -7.5013540e+01
   3.6961769e+01  -1.1217406e+01
  -3.1743361e+01  -9.9185291e+01
   2.5476140e+01  -1.4525913e+01
  -5.5588737e+01  -9.9809703e+01
   8.0357387e+01   3.6252959e+00
   2.4741611e+01  -3.0452305e+01
   2.6569015e+01   1.1551383e+01
   9.3898036e+01  -9.7365202e+01
  -3.0305244e+00  -9.8452980e+01
   6.5541013e+01  -7.5494658e+01
   7.8238340e+01  -9.4896193e+01
  -1.7554682e+01   8.9202149e+01
  -2.1028581e+01   4.3813214e+01
  -3.9175234e+01   6.2353567e+01
  -1.0064459e+01   6.0338697e+01
  -1.6535340e+01   7.9288425e+01
  -3.5221203e+01   7.9978432e+01
  -6.3675101e+01   2.6356701e+01
  -4.0687704e+01   4.4178481e+01
   3.6210794e+01  -9.9568388e+01
  -8.6111031e+01   7.6070133e+01
   1.5469246e+00   8.9553711e+01
   9.0496158e+01  -6.9277799e+01
   2.9727578e+01  -7.4188800e+01
   7.1131735e+01  -5.7498343e+01
   3.7612227e+01   7.2031328e+01
   7.7452704e+00   7.2612395e+01
   1.4423266e+01   6.5185883e+01
   2.5094904e+01   4.3580440e+01
  -5.5237594e+01   5.3692828e+01
  -3.8740202e+01   8.9313774e+01
  -3.6641333e+01   9.9174191e+01
  -7.0145466e+01   9.5983032e+01
  -3.0866344e+01   4.3705282e+01
   2.8742205e+01  -8.4112820e+01
  -5.5193553e+01   8.0879154e+01
  -4.5104862e+01   8.1410250e+01
   7.7456436e+01  -1.8418531e+01
  -3.7407470e+01   2.0589247e+01
   6.8850054e+01  -4.2564815e+01
  -9.8042633e+01   1.2750324e+01
  -3.7784374e+01   3.4611112e+01
   8.4214148e-01   4.4079677e+01
  -1.4577176e+01   3.6638506e+01
  -3.1662087e+01   7.0689586e+01
   9.8376073e+01  -3.7270027e+01
  -8.9368822e+01   4.0356901e+01
  -7.6846155e+01   2.2957985e+01
  -8.5819278e+01   2.9924604e+01
   1.8530406e+01  -7.4004530e+00
  -9.5716910e+01   7.8844371e+01
   8.7749070e+01  -2.9786739e+01
   4.2474513e+01   9.0792178e+01
  -7.0516031e+01   4.1539567e+01
  -7.3622764e+01   5.1043406e+01
   1.8619474e+01  -6.7260199e+01
   1.1697687e+01  -4.0321617e+01
  -6.8164430e+01  -3.4910177e+01
  -7.1148470e+01  -4.4408906e+01
  -1.8379276e+00   9.8999818e+01
   5.7959344e+00  -4.8263915e+01
  -6.0662880e+01  -9.0448972e+01
  -8.5612964e+01  -7.9164888e+01
  -7.6884067e+01  -6.3244236e+01
  -8.7634524e+01  -5.8080535e+01
  -5.4087632e+01  -8.2074308e+01
   6.8167075e+01  -2.5953966e+01
  -6.6135180e+01   6.4505831e+00
  -6.2872598e+01  -6.2169761e+01
  -9.8357834e+01  -5.3464947e+01
  -6.5042704e+01   1.6378521e+01
  -3.1699402e+00  -4.4013594e+01
  -2.3375470e+00  -2.4789487e+01
   1.8513996e+00  -1.5873461e+01
   4.7006604e+00  -3.3355403e+01
   1.8924995e+01   8.1274362e+01
   8.8194515e+00   3.8039611e+01
  -2.4410401e+01  -3.0915580e+01
   4.8363141e+01  -1.5116490e+01
  -6.5680565e+00   1.8408476e+00
   7.6260974e+00  -2.3918642e+01
   1.2724484e+01   5.7943687e-01
   4.5685484e+01  -5.6078910e+00
  -9.3182514e+01   5.0878524e+01
   7.3954711e+01   7.2260796e+01
   9.1852120e+01   7.5555526e+01
   2.9700569e+00   3.0023039e+01
   7.5820912e+01   9.8818807e+01
   9.9811532e+01  -1.7621185e+01
  -2.1591181e+01  -1.0272515e+01
   2.1584079e+01  -3.9766360e+01
  -7.5799584e+01  -9.1272845e+01
   4.8711435e+01   7.3366796e+01
  -1.5095388e+01  -2.7449135e+00
  -3.8935211e+01  -3.1340283e+01
   5.6739603e+01   7.9145650e+01
   7.8287858e+01   6.1410373e+01
   5.3321287e+01   4.7040119e+01
   5.2274836e+01   1.0426462e+01
   2.8765526e+01   3.1104573e+01
   3.6049348e+01   8.3783945e+00
  -6.2702212e+01  -2.0882525e+01
  -2.2372115e+01  -4.1328721e+01
  -3.0770335e+01  -1.4039728e+01
  -5.8699248e+00  -8.6848021e+01
   9.7368486e+01  -7.6539023e+01
   9.7065803e+01   4.2935081e+01
  -9.8052790e+01   5.9926943e+01
  -1.0893694e+01  -6.9302367e+01
   9.0403846e+01   2.6481217e+00
   8.7212233e+00  -6.8438380e+01
  -7.6187613e+01  -7.1459194e+00
  -5.9544510e+01  -1.1405294e+01
  -4.0676672e+01  -1.3372385e+01
   8.5962392e+01   2.0722728e+01
  -2.0791447e+01  -5.1412598e+01
  -1.5831109e+01  -9.7844351e+01
  -6.5562645e+01  -9.9219160e+01
  -3.1977187e+01  -8.5856448e+01
  -2.0077923e+01  -7.3075064e+01
   7.4848620e+01  -8.8045342e+00
  -3.9742656e+01   1.0297303e+01
   9.4308883e+01  -8.6058914e+01
   5.6644524e+01  -7.0916236e+01
   3.8370139e+01  -7.9219235e+01
   3.9532109e+01   2.5874670e+01
   4.5947247e+01   4.0589602e+01
   4.2710798e+01  -3.7412995e+01
   5.2266599e+01  -4.0163752e+01
   6.6039181e+01  -8.5485940e+01
   6.8244245e+01  -9.5239795e+01
   3.2832162e+01   4.9420894e+01
   5.7128542e+01  -8.0906095e+01
   5.8029040e+01  -1.7372525e+01
  -2.4264122e+00   6.6690932e+01
   3.4506615e+01  -3.1952145e+01
   4.5305632e+01  -6.5995418e+01
  -4.7742819e+01   3.9538615e+00
   3.7343038e+01  -8.9202546e+01
  -2.8677302e+00   5.3346744e+01
  -8.3189592e+01   4.8198527e+01
   1.5245332e+01   9.0498552e+01
   6.2161938e+01  -5.3085617e+01
  -2.1209676e+01   9.8492587e+01
   5.3315922e+01  -6.0079183e+01
   7.1764223e+01  -6.7477217e+01
   1.0261229e+01  -7.8314001e+01
  -8.0358839e+01   6.7894843e+01
  -9.0243226e+01   6.6344081e+01
   9.3321140e+01  -5.9685332e+01
  -4.5465976e+01   5.2820799e+01
   1.5401172e+01   4.5474001e+01
   2.6676163e+01   9.4944609e+01
  -5.7919259e+01   9.9092435e+01
   1.8303502e+01  -9.6939659e+01
   3.1741230e+00  -8.8780821e+01
   5.5195596e+00   6.0908403e+01
  -6.5136194e+01   7.9995612e+01
   8.0065604e+00   9.7340683e+01
  -7.2840289e+01   8.6356614e+01
  -9.1951901e+01   9.7572733e+01
   7.7907580e+01  -3.8339693e+01
  -2.6629493e+01   6.2149127e+01
  -2.7639155e+01   2.2026192e+01
  -1.5886083e+01   5.2318843e+01
  -7.1996290e+01   3.1682616e+01
  -6.8679816e+01  -5.4064261e+01
  -9.7534116e+01  -8.2741689e+01
  -9.0931338e+01   8.7624964e+01
  -6.3891191e+01   4.8920878e+01
   3.1086560e+01  -5.7015295e+01
  -9.5437049e+01  -9.5611040e+01
   3.6053572e+01   9.8395948e+01
   9.9131903e+01  -4.7236608e+01
  -4.4705038e+01   2.7404758e+01
  -5.3681045e+01  -5.8282930e+01
   1.4131111e+00  -5.7162551e+01
  -9.5978059e+01  -6.3592832e+01
   3.5347700e+01  -6.5980020e+01
  -7.4386341e+01   1.3064423e+01
  -6.2307452e+01  -7.6600571e+01
  -3.8849990e+01  -5.8666375e+01
  -8.5737912e+01  -2.8778525e+01
  -8.0432611e+01  -2.0306063e+01
  -7.2050710e+01  -2.5734754e+01
  -1.1616642e+00  -6.7166907e+01
  -1.2553625e+01  -4.0748787e+01
  -8.4432700e+01  -1.6057858e+00
   5.7145583e+01   3.3418585e+01
  -5.9250306e+01  -4.0223838e+01
  -8.8564652e+01  -3.8368769e+01
  -5.5623142e+01  -6.9039850e+01
  -3.1585783e+01  -3.7715835e+01
  -9.8172328e+01  -4.2870308e+01
   5.1416368e+01   2.2004798e+01
   6.5194507e+01   8.1313338e+00
   6.8381659e+01   1.7290467e+01
  -5.1523793e+01   7.1629995e+01
  -9.4001745e+01  -7.3400117e+01
  -9.2057951e+01   4.7841355e+00
   6.4834079e+01  -6.6560042e+00
  -5.6702512e+01   1.0310959e+01
  -5.7916914e+01   4.3469274e-01
  -1.0074480e+01   2.8009243e+01
   6.1242985e+01   9.9008578e+01
   6.8728229e+00   2.0788773e+01
   9.1201019e+01   5.4222240e+01
  -9.9174716e+01   4.2130514e+01
   3.6420647e+01   5.8598879e+01
   6.3639199e+01   6.1286493e+01
   4.4317044e+01   6.4525866e+01
  -8.3435556e+01  -9.7722928e+01
   1.6341451e+01   1.9586557e+01
  -8.7641191e+01   2.0101452e+01
   2.2382341e+01   2.5883497e+00
  -3.3652754e+01   2.6757927e+00
   2.1758782e+01   7.1786603e+01
   2.9542995e+01   7.7988622e+01
  -2.4440694e+01  -9.2399634e+01
   7.5183405e+01   8.4769969e+01
   6.2357254e+01   7.0984650e+01
   6.8426441e+01   9.2088002e+01
   7.1794044e+01   4.9641644e+01
   3.0106044e+00   1.6038926e+00
   6.2056163e+01   5.1688852e+01
   9.7432988e+01  -2.7322781e+01
  -4.3449515e+01  -2.2754087e+01
   8.8869268e+01   2.9636087e+01
   9.7895457e+01   3.3178846e+01
   5.1967989e+01   8.7809179e+01
  -4.3146395e+01  -9.8031805e+01
   9.8916118e+01  -2.8644870e+00
   7.6742114e+01   2.0294198e+01
  -1.4032465e+01  -8.9575004e+01
