   3.9832960e+01   1.3276643e+01
   3.2776227e+01  -1.1958497e+01
  -2.0242611e+01  -1.9353221e+01
   4.0197064e+00   2.0963790e+01
   6.0335824e+00  -3.3851616e+01
   9.5738283e+00   1.0084480e+01
   4.1745180e+00  -2.4309896e+01
   2.5033504e+01  -5.8248145e+00
   5.8494903e+00   1.2999793e+00
   2.8727814e+01   4.3036480e+01
  -3.8306477e+01   1.1772326e+01
  -1.4058523e+01   2.8929769e+01
   4.2260557e+01  -2.7399112e+01
  -3.9795932e+00  -1.8809661e+01
  -1.5809557e+01  -4.1487247e+01
  -5.5798250e+00  -5.8772476e+01
  -2.5084014e+01  -3.7789109e+01
  -2.8541798e+01   7.8577627e+00
  -4.0216424e+01  -6.8202522e+00
  -1.5310954e+01  -7.6523000e-01
   4.9428631e+00   3.4456556e+01
   3.5019071e+01   4.8595510e+00
  -2.1810820e+01   3.5213426e+01
   2.3631571e+01  -3.4570434e+01
  -4.5909144e+01   4.7998065e+00
   6.7085103e+00  -4.3594673e+01
  -3.5274012e+01  -1.5149495e+01
  -4.4312045e+01  -3.0490108e+01
   4.6377780e+01   2.7634946e+01
  -2.6226183e+01  -1.7753757e+00
   1.5692503e+01   2.0163334e+00
  -5.7371007e+00   5.0079490e+01
   5.1575167e+01  -1.4058565e+01
   2.7867543e+01   2.2795300e+01
   1.4686945e+01   3.5602695e+01
   3.3948169e+01   3.1898054e+01
   2.7243926e+01  -4.3791804e+01
   2.2301643e+01  -1.5112648e+01
   4.2160485e+01  -1.7363836e+01
   1.4981881e+01  -2.9482580e+01
   5.0467919e+00  -1.4559548e+01
  -1.1736539e+01  -2.4939802e+01
  -1.0565544e+01  -4.9976368e+01
  -4.9772649e+01  -4.2846831e+00
  -4.8057496e+01   1.4397305e+01
  -3.0204061e+01   1.7638602e+01
   1.1947283e+01  -5.2012713e+01
   1.6339163e+01  -4.1251668e+01
  -2.0713193e+01  -2.9093312e+01
   5.7020697e+01   1.2645496e+01
  -8.4547140e+00  -1.0130657e+01
   3.7732558e+01   2.2807710e+01
  -4.1510636e+01  -2.1826967e+01
   2.9245737e+01   1.2971337e+01
   1.3441527e+01   1.8876821e+01
   3.8684688e+01  -4.1570219e+00
  -1.7417802e+01   5.0517884e+01
   1.0234826e-01  -6.1753561e+00
   6.4303207e+01   1.2049185e-01
   1.6028511e+01   5.6341585e+01
  -3.2376543e+01   3.7249632e+01
  -1.8360138e-01   1.1933535e+01
   2.4451745e+01   3.4356074e+01
   1.1460131e+01  -6.9874040e+00
   1.9713261e+01   4.7099856e+01
   3.3158529e+01  -3.1646172e+01
   2.7622717e+01  -5.3737646e+01
   1.3517337e+01  -1.9646170e+01
  -2.4063750e+01  -5.4022808e+01
   2.3752945e+01  -2.4770335e+01
  -5.0457589e+00  -4.0577505e+01
   3.3215501e+01  -2.1754622e+01
  -4.1117709e+01   2.1290178e+01
  -5.6768026e+01   1.9119922e+01
  -5.7544746e+01  -1.0457741e+01
  -3.6370487e+01   2.0724000e+00
  -4.7201226e+01  -1.3863175e+01
  -1.7770084e+01  -9.9599799e+00
  -3.5706487e+00  -3.0690026e+01
  -6.1767901e-01  -5.0165841e+01
  -2.9375953e+01  -2.3638146e+01
  -2.6834729e+01  -1.1610638e+01
   7.6303371e+00  -6.1006454e+01
   4.4961894e+01   4.7391869e+00
  -5.1306678e+01  -2.3475921e+01
   4.8570927e+01   1.7897289e+01
  -3.3676233e+01  -3.2666291e+01
  -3.0128723e+01  -4.6192465e+01
  -4.8762530e+00   2.4910123e+01
   1.9421850e+01   1.1287403e+01
   2.5415105e+01   3.7821380e+00
  -1.0410050e+01   5.8656102e+01
   1.8804546e+01   2.6614213e+01
   5.4771352e+01   2.9809968e+00
  -5.8506703e+00   3.4629982e+01
   7.6342581e+00   5.1060062e+01
   4.8485369e+01  -4.6302288e+00
  -5.7415594e+00   1.9312227e+00
  -2.4147709e+01   2.5641343e+01
  -3.3667220e+01   2.7478375e+01
   1.3291179e+00   4.3472512e+01
   3.7764130e+01   4.6831754e+01
  -1.1934680e+01   4.2305847e+01
