   2.4453711e+01   6.1364852e+01
   6.8150855e+01   5.0485456e+01
  -4.0496765e+01   2.5991732e+01
  -4.2459198e+01   4.1230358e+01
   1.4546399e+01  -9.9763104e+01
  -7.0184852e+00  -6.2966039e+01
  -4.7923238e+00  -5.3287509e+01
  -2.5583911e+01  -3.2379216e+01
   1.4841523e+00   3.8075841e+01
  -7.1835630e+01   1.1410577e+01
   5.4881945e+01  -4.8936163e+01
   5.5307590e+01  -2.9544954e+01
   9.1596845e+01  -8.8204117e-01
   6.9797150e+01  -6.2125965e+01
  -7.1958056e+01  -7.5036943e+01
  -9.5492311e+00  -3.9504462e+01
   6.5249532e+01  -2.2167568e+01
  -3.1492873e+01  -4.0356660e+00
   7.0161025e+01   4.7576729e+00
   2.4733763e+01  -5.3379105e+01
   1.6906992e+01  -3.6910276e+01
   6.7459448e+01  -4.4634764e+01
  -9.0593387e+01  -3.5282505e+01
   7.4412848e+01  -3.5488627e+01
   3.9341038e+01   5.1995363e+01
   1.2485395e+01   4.5710257e+01
   1.4657692e+01   7.4241302e+01
   4.6245088e+01   1.6506171e+01
   7.5811094e+01   8.7506987e+01
   1.2498460e+01   1.1232536e+01
   2.4252021e+01   7.1369663e+01
   3.3283341e+01   9.7396428e+01
  -6.4727394e+01  -2.6931548e+01
  -4.8637023e+01  -8.8524424e+01
   2.9126539e+00   1.6043963e+01
  -7.6492894e+01   3.4177987e-01
  -9.2146313e+01   1.0259654e+01
  -2.9637256e+01   7.8944071e+01
   5.6671290e+01   2.8969307e+00
  -3.9137227e+01  -1.0774236e+01
  -7.0026504e+01   3.4767013e+01
  -5.2412312e+01   8.6653260e+01
  -3.4514222e+01  -9.4344103e+01
  -7.7831246e+01   9.5644138e+01
   2.1648860e+01  -7.1147563e+01
   5.2371225e+00  -9.6282244e+01
   5.1120079e+00  -5.2136515e+01
   3.4835897e+01   3.9878644e+01
   3.7422289e+01   8.4074673e+01
   4.7623792e+01  -7.9906263e+01
  -7.6066746e+01  -8.4140159e+01
  -2.9600901e+01  -1.3727021e+01
  -1.6675114e+01  -1.7253216e+01
   2.2999287e+00   6.7883585e+01
  -2.4137860e+01   5.1838003e+01
   6.7359151e+01  -7.1932784e+01
  -6.4774260e+01   4.3216284e+01
  -5.1901165e+01   5.7863811e+01
   1.8787400e+01  -8.0613042e+01
   4.8876721e+01  -6.7612924e+01
  -6.6814487e+01  -1.7167004e+01
   3.4713762e+01  -5.2755576e+01
  -8.1926613e+01  -7.4322816e+01
  -5.8699482e+01  -6.4513647e+01
   1.0563682e+01  -2.9245391e+01
   2.0958898e+01   1.8330575e+01
   2.9010111e+01  -2.2023883e+00
   5.5786954e+00   9.1370073e+01
  -3.2623964e+00  -2.6070024e+00
   8.9336339e+00  -1.7746570e+01
  -9.7981356e+01  -6.2348211e+01
   7.9362677e+01   2.0650798e+01
   5.0995810e+01   2.8108591e+01
   7.6535199e+01   6.8598461e+01
   4.4845039e+01   7.7377305e+01
   4.2195794e+01   9.2861127e+01
   9.1354754e+01   3.8485560e+01
   9.9561227e+01  -6.9250627e+00
   1.8908074e+01   9.1368366e+01
   4.5606245e+01  -3.2278383e+00
   1.1433616e+01   2.1192194e+01
  -4.4618548e+01  -1.9131701e+01
   9.2778211e+01  -7.2148907e+01
   9.9018918e+01   1.1943606e+01
  -5.4783146e+01  -2.7577240e+01
  -6.6696981e+01  -1.0889814e+00
  -3.2760752e+01  -5.3625564e+01
  -1.9408812e+01  -4.0090468e+01
  -6.2022994e+01  -7.3942644e+01
   9.0405753e+01  -4.9139925e+01
  -6.6513746e+01  -9.3091903e+01
  -1.8598628e+01  -7.0615129e+01
  -6.7081656e+00  -2.9974903e+01
  -5.3538469e+01   2.6781345e+01
  -1.4171078e+01   5.0347935e+01
  -7.5033396e+01   7.7569619e+01
  -4.8223081e+01   1.9807676e+01
  -5.6809034e+01  -2.3582455e-01
  -4.0880685e+01   9.3179464e+01
  -4.2739146e+01   7.2702984e+01
  -7.4613052e+01   4.4061215e+01
  -8.3623003e+00  -8.6989228e+01
  -2.7296854e+01   9.7467326e+01
  -8.9364605e+01   9.1460743e+01
  -2.5660352e+01   3.4411981e+01
  -5.2537419e+01   1.0738708e+01
  -5.7567817e+01   3.6478658e+01
  -2.9337506e+01   9.6706061e+00
   7.9309116e+01  -6.5026627e+01
  -7.9948377e+01   3.5817192e+01
  -6.1892690e+01   8.9437906e+01
   3.8849060e+01  -4.3031958e+01
   4.7401942e+01  -2.3033866e+01
   3.1385349e+01  -7.1869237e+01
   3.8701972e+01  -1.8071007e+01
   7.2836961e+01  -1.5675603e+01
   9.3078095e+01  -2.7586546e+01
  -8.3087052e+01  -4.3532424e+01
  -6.0316108e+01  -3.5874064e+01
  -9.7802102e+01  -2.0535029e+01
  -8.8622403e+01  -2.4477482e+01
   9.2923642e+00  -6.1132704e+01
   7.6230945e+01   9.7497062e+01
   8.5977361e+01   8.5699454e+01
   6.0454181e+01   3.1351419e+01
  -7.9888629e+01  -6.4537400e+01
  -9.8658441e+01  -7.2324531e+01
   4.2780693e+01   3.3807771e+01
   5.0977304e+01   6.9446925e+01
   5.9601816e+01   8.4536557e+01
   6.5492905e+01   6.3620116e+01
   3.6519323e+01   1.4169170e+01
  -9.5207686e+00  -1.0335295e+01
   8.8758138e+01   5.7871874e+01
  -3.5519834e+01  -3.2246279e+01
   8.9199348e+01   1.8876271e+01
  -3.8913553e+01  -6.1377197e+01
  -3.9102747e+01  -8.5538374e+01
   2.8097933e+01  -2.0798526e+01
   6.9688644e+01  -9.6664930e+01
   1.1154418e+01   5.5258622e+01
  -3.5389676e+01   3.4243039e+01
   1.2265117e+01   8.3939135e+01
  -6.7352999e+00   6.4500788e+01
   9.0832244e+00  -8.1210381e+01
  -8.1415283e+01   8.5268121e+01
  -1.6239884e+01   6.0085389e+01
   4.5312149e+01  -8.9394540e+01
  -9.4932384e+00   8.0758236e+01
  -4.5673749e-01   9.9341705e+01
   1.4924249e+01   6.4318281e+01
   3.3637830e+01   7.4818919e+01
  -8.3429131e+01   5.9166481e+01
  -3.3300421e+01   6.9183209e+01
  -4.3834049e+01   6.3067154e+01
  -3.4634855e+01   5.1971516e+01
   1.8404836e+01  -9.0561870e+01
   7.3269447e+01  -5.2779616e+01
  -2.7153070e+01   2.5416782e+01
  -3.2798567e+01   4.3351741e+01
  -4.1586147e+01   1.2783536e+01
   1.9178669e+01  -6.1582833e+01
  -5.6817524e+01   9.8079339e+01
  -4.3351948e+01   8.3715973e+01
  -5.5907047e+01   7.7402379e+01
   5.1432356e+01  -5.8157399e+01
   6.3448449e+01  -5.3890867e+01
  -8.7766412e+01   1.1715567e+00
  -1.4702089e+01   3.8885261e+01
   9.7007809e+01  -3.6810129e+01
  -7.7323816e+00   3.2333348e+01
   8.2541524e+01  -1.8072500e+01
  -7.5629956e+01   2.6228312e+01
  -6.6440249e+01   2.5581264e+01
  -5.1801244e+01   4.4463007e+01
   7.4771958e+01  -2.5502286e+01
  -8.5480045e+01   1.7819583e+01
  -6.6216409e+01  -5.6013046e+01
   8.3484756e+01  -3.0409831e+01
  -5.9853043e+01   1.7446035e+01
   1.5034351e+01  -5.0953309e+01
  -9.0929043e+01  -7.8666436e+01
  -8.5603285e+01  -8.7128758e+01
   2.1348960e+00  -3.4639268e+01
   9.0321858e+00  -4.2966554e+01
   2.4320150e+01  -4.3512227e+01
  -9.9710196e+01   7.7220745e+01
  -6.9919594e+01  -6.5270600e+01
  -5.4357783e+01  -8.0350820e+01
  -5.1055468e+01  -7.0942133e+01
  -7.3454430e+01  -3.7469947e+01
   2.7972912e+01   3.1762130e+01
   2.8513545e+01   8.8609203e+01
  -8.1136712e+01  -3.1090306e+01
   1.7262229e+00  -2.4655182e+01
   4.9945157e+00   2.8776076e+01
   1.8564021e+01   2.8383628e+01
   9.8909581e+01   3.1935832e+01
   6.3681585e+00  -5.2430490e+00
  -1.6317621e+01  -2.7264939e+01
   1.0555448e-01  -1.3050219e+01
  -7.0912767e+00  -2.0008665e+01
   8.6067721e+01   9.5697826e+01
   4.7329658e+01  -1.3059712e+01
   4.7383620e+01   6.5922004e+00
   7.6104293e+01  -3.7684138e+00
   8.6846953e+01   7.1200495e+01
   6.5273903e+01   2.2602573e+01
   8.4979190e+01  -8.3755506e+00
   5.5924396e+01   6.0728839e+01
  -8.9377739e+01  -9.9667612e+01
  -8.5945372e+01  -5.3250691e+01
   6.9285744e+01   7.6951843e+01
  -8.9427504e+01  -6.7524930e+01
   4.1067773e+01   6.8127503e+01
  -1.4509675e+01  -5.1138850e+01
   6.1678481e+01   4.2863437e+01
   3.6986354e+01   4.1212570e+00
   8.9862502e+01  -6.2604552e+01
  -1.5518773e+01  -8.0133572e+01
  -1.6345875e+01  -9.2676370e+01
  -1.7368378e+01  -6.0710177e+01
  -3.0544437e+01  -4.1031476e+01
  -4.4956985e+01  -2.9119509e+01
  -5.4485737e+01  -1.7604487e+01
  -4.8688093e+01  -7.8383695e+00
  -7.2730804e+01  -9.1105944e+00
  -6.0369987e+01  -9.5457865e+00
  -8.1469241e+01   8.8650134e+00
  -2.5098092e+01  -2.2519079e+01
  -2.0995425e+01  -8.2479511e+00
  -3.5077706e+01  -2.2081235e+01
  -2.7285596e+01  -6.1988140e+01
   3.9942732e+01   2.4241157e+01
  -6.6061131e+01  -8.3104896e+01
  -2.6726988e+01  -7.6386056e+01
   1.8137214e+01  -2.1643301e+01
   2.8513188e+01  -8.1352646e+01
   3.8186976e+01  -8.2883859e+01
   4.0863053e+01  -7.3227783e+01
   9.4801691e+01  -8.2431038e+01
   1.1986773e+01   3.5873253e+01
   4.4729798e+01   4.3599314e+01
   4.8669581e+01  -4.1245933e+01
   2.5183939e+01   4.2492009e+01
  -8.5401992e+01   2.7641975e+01
   5.7402085e+01  -7.2690260e+01
   5.6522137e+01  -8.2608865e+01
  -6.4013672e+00   4.4101104e+01
   2.7086990e+00   4.8012543e+01
   2.1906205e+01   8.1108696e+01
  -1.2806183e+01   7.0193190e+01
   2.5981949e+00   5.8420670e+01
   5.2497765e+01  -9.7464512e+01
  -7.9620297e+01   6.8694490e+01
  -6.2478708e+01   7.9544895e+00
  -4.7221437e+01   2.2872847e+00
   4.4121747e+01  -3.2437445e+01
   5.6109417e+01  -1.8141553e+01
   3.5487911e+01  -2.7489162e+01
  -7.1731698e+01   8.7736644e+01
   3.7452861e+01  -9.5413580e+01
  -2.4217610e+01   6.5818627e+01
   5.0708570e+00   7.7147639e+01
  -8.3502882e+01   4.8621329e+01
  -1.6347706e+01   9.7102511e+01
  -3.1876820e+01   8.8560995e+01
   2.9147549e+01  -6.2252235e+01
   1.1721283e+01  -7.1038735e+01
  -4.4501934e+01   5.1223097e+01
  -6.7977441e+01   9.7352552e+01
  -6.5393252e+01   8.0056776e+01
  -7.4209715e+01  -2.3892633e+01
   4.0857120e+01  -6.0683768e+01
  -9.9983480e+01   9.1479632e+01
  -3.3730074e+01   1.8571876e+01
   4.4556170e+01  -5.1104850e+01
  -3.7419323e+01   3.8544094e+00
   5.9949751e+01  -6.3158964e+01
  -1.7312600e+01   2.9221958e+01
   2.8361882e+01  -9.1312418e+01
   5.8671365e+01  -3.9779665e+01
   7.8731857e+01  -4.4479438e+01
  -9.4803197e+01   2.1329192e+01
  -5.9080221e+01   5.1240502e+01
  -5.1015397e+01   6.9103299e+01
  -7.6163942e+01  -5.5266367e+01
   3.1372689e+01  -3.6529332e+01
  -7.5006612e+01   5.3906603e+01
  -9.4765403e+01  -9.1127953e+01
  -9.0696123e+01   8.1549286e+01
  -7.5696841e+00   9.2312279e+01
  -8.2950484e-01  -4.4164321e+01
   6.5017784e+01  -3.2130974e+01
  -6.0614554e+01  -4.5818560e+01
   1.2354017e+01   9.8917186e+01
  -5.6344789e+01  -5.4798065e+01
  -9.1094990e+01  -1.2769938e+01
  -9.6188110e+01  -4.1642177e+00
  -9.2979576e+01  -4.4993415e+01
  -8.1681429e+01  -1.7307357e+01
  -1.3603108e+01  -1.2185702e+00
   5.2966556e+01   3.7956790e+01
   5.5822207e+01   1.9351963e+01
   7.9395583e+01   7.8174399e+01
   9.5243083e+01   9.0878283e+01
  -1.6356486e+00   7.2058790e+00
   1.7993405e+00  -6.7616555e+01
  -6.3811022e-02  -7.7367329e+01
  -9.2926219e+01   4.5281239e+01
   5.5250237e+01  -6.9939185e+00
   6.4625902e+01  -3.5564779e+00
   6.1900925e+01   1.1414872e+01
  -2.3220876e+01   1.4871120e+00
   9.2950055e+01  -1.4461525e+01
   1.3896492e+01   1.3320428e+00
  -3.4965974e+00   2.3561201e+01
   6.7128680e+01   9.2466716e+01
   5.1729781e+01   9.5893272e+01
   5.9582613e+01   7.4537053e+01
  -8.0222641e+01  -9.5557698e+01
   2.9353992e+01   5.1579956e+01
   3.4413600e+01   6.0678665e+01
   3.0219343e+01   2.2020136e+01
  -9.9605864e+01  -5.2482174e+01
   7.4283127e+01   5.8862302e+01
   4.6012553e+01   5.9438525e+01
   4.9725615e+01   8.6098959e+01
   9.7816049e+01   6.2107625e+01
   7.8165575e+01   4.9657636e+01
   5.5513277e+01   5.0737618e+01
   8.2791012e+01  -5.5592737e+01
   8.7420708e+01  -3.9598268e+01
  -8.8554313e+00  -7.2735092e+01
  -9.0363149e+01   6.6324090e+01
  -9.6350742e+01   5.5001267e+01
   7.1352854e+01   1.4675474e+01
   8.9497964e+01   8.8890782e+00
   8.8682373e+01   2.8855580e+01
  -4.2621393e+01  -7.6239777e+01
  -4.3997626e+01  -9.7366454e+01
  -8.2681271e+01  -7.4130489e+00
   9.7840030e+01   4.6095654e+01
   9.3490769e+01   7.9100943e+01
   8.8005574e+01   4.7902663e+01
   9.8716366e+01   2.1938700e+01
  -7.0529454e+01  -4.7012367e+01
  -3.4602455e+01  -7.0317573e+01
  -2.4165596e+01  -4.8767529e+01
  -4.8821561e+01  -6.1246688e+01
   3.6966142e+01  -8.2449226e+00
  -2.3671851e+01  -8.5877147e+01
  -2.5062780e+01  -9.7250180e+01
   2.3228323e+01  -1.2087723e+01
  -5.4122977e+01  -9.6879995e+01
   8.0137137e+01   5.3819529e+00
   2.3958026e+01  -2.9875227e+01
   2.7203078e+01   1.0542148e+01
   9.5423251e+01  -9.2411702e+01
   1.3763195e+00  -8.7218694e+01
   9.8402850e+01  -5.7417116e+01
  -9.4167978e+01   3.2304370e+01
   6.5675123e+01  -8.2287474e+01
   6.1394922e+01  -9.1228525e+01
   7.9500309e+01  -9.4983212e+01
  -1.7701313e+01   8.6463619e+01
  -2.3151452e+01   4.2864763e+01
  -3.5081382e+01   6.0415790e+01
  -5.8445844e+00   5.5174534e+01
  -1.9748737e+01   7.4214515e+01
  -3.6829352e+01   7.8042208e+01
  -5.9368968e+01   2.7107111e+01
   5.0950047e+01  -9.4094658e+01
