   4.0726619e+01  -3.2157673e+01
   7.0727772e+01  -5.3521123e+00
  -2.7458790e+01   5.0189265e+01
  -8.2485959e+01  -6.9431479e+01
  -6.1024904e+01  -7.6218654e+01
  -4.9714055e+00  -1.1343049e+01
  -5.7976949e+01   1.4770756e+01
   7.4746951e+01   5.7087202e+01
  -5.8619198e+01   3.2179600e+01
   1.7769654e+01   5.7599200e+01
  -5.8662653e+01  -5.1156810e+01
  -4.8322517e+01   5.0170674e+00
   5.7826398e+01  -5.2692567e+01
   7.1738321e+01  -4.1478441e+01
  -9.7021949e+01  -2.8559227e+01
   5.5958947e+01  -3.5381813e+01
  -2.2383058e+01   9.6316535e+01
   6.5607977e+00   7.1438023e+01
  -1.0767251e+01   6.6420956e+01
  -2.9472390e+01   1.0030757e+01
  -3.9748857e+01   1.0092234e+01
  -8.7723207e+01   4.8063496e+01
   2.2136370e+01   3.5972698e+01
  -7.9856449e+01   6.2948512e+01
   1.1525338e+01  -5.1104736e+01
  -2.8536696e+01   8.7920043e+01
   3.0671553e+01  -4.8448031e+01
   7.6188390e+01  -3.2571935e+01
   4.6322353e+01   7.3639484e+00
   2.1686473e+00  -6.5001051e+01
  -2.9804530e+01  -9.8475973e+01
   4.6523056e+01   6.1365109e+01
  -2.0100763e+01  -2.9910208e+01
   8.7927082e+01   7.9308128e+01
   8.2637084e+01   6.0987707e+01
  -6.5592681e+01  -2.5123468e+01
   7.3617279e+01   7.2465120e+00
   6.8465908e+01   7.5644261e+01
   9.4581808e+01  -3.5242310e+01
   1.9496602e+01   9.7437553e+01
  -7.9231489e+00   2.7589277e+01
  -7.1466259e-01   5.4877574e+01
  -2.1929615e+00   3.6254018e+01
   3.1562201e+01   3.0150412e+01
  -5.9008451e+01   5.1295903e+01
  -7.9605282e+01   8.5152238e+01
   5.6068327e+01   6.1238494e+00
  -6.9050684e+01   2.1920013e+01
  -7.8576801e+01  -1.3752638e+01
   6.8974121e+01  -6.9849179e+01
   7.9946041e+00   6.0462425e+01
   3.9231847e+01  -8.4044622e+01
  -6.7218153e+01  -3.4935451e+01
  -6.7661172e+01   2.3921535e+00
  -9.5744721e+01  -9.6263103e+00
  -3.2517699e+01   7.7517888e+01
   5.9087003e+01  -6.8461000e+00
  -8.6970935e+01   2.6286857e+01
   6.1395744e+01  -1.6487018e+01
   4.2701660e+01  -2.0380686e+01
   5.9371092e+01  -2.6074295e+01
  -4.0100535e+01  -5.9177279e+01
  -8.2369628e+01  -5.4186818e+01
  -9.4180255e+01  -8.3262865e+01
  -1.9546144e+01  -4.3243979e+01
  -3.9737417e+01  -9.7319390e+01
  -2.9158206e+01  -5.6184057e+01
   5.4707493e+01  -7.3194283e+01
   4.5078516e+01   1.8069199e+01
   2.9845032e+01   5.2896124e+01
   3.9268417e+01   5.5164077e+01
  -4.2026249e+00   7.3793730e+01
  -6.3624010e+01  -8.8024704e+01
  -5.7252111e+00   9.2105548e+01
   7.4261637e+01   6.7465333e+01
   2.5238246e+00  -9.3346577e+01
   1.5719428e+01   1.1686941e+01
   2.1329792e+01   3.1522099e+00
  -7.6156925e+01  -4.6535698e+01
  -4.6758866e+01  -9.0168288e+01
   2.7629895e+01  -3.8036474e+01
   7.9874603e+01  -1.3742336e+01
   9.0483528e+01   5.7286917e+01
   6.4002986e+01   1.1719013e+01
   4.5200993e+01   3.7148620e+01
  -4.4274825e+01  -6.8264374e+01
   3.8363247e+01   9.9439468e+01
   6.5882685e+01   8.5009768e+01
   2.4709987e+01   7.1484378e+01
   5.2598693e+01   9.9189382e+01
   2.2640590e+01   2.6012718e+01
   4.2163050e+00   2.8643387e+01
   1.0254474e+01   3.9927913e+01
  -3.1008020e+01  -4.0925431e+00
  -4.3902912e+01   2.5258737e+01
  -2.7058946e+01   2.2676628e+01
  -3.9997559e+01   7.0906990e+01
   3.6390526e+01   3.8403555e+01
   3.7559688e+01   1.1786112e+01
  -2.9141997e+01   6.8114660e+01
  -4.8741692e+01   7.7816618e+01
  -3.7491915e+01   3.2857817e+01
  -6.9383987e+01   5.0710745e+01
  -5.2657248e+01   9.6897521e+01
  -3.2197300e+01  -1.6592836e+01
   5.5420152e+01   5.7460870e+01
  -8.5609786e+01   3.8312919e+01
  -9.7551207e+01   4.9814822e+01
   2.0845324e+01  -4.6605634e+01
   2.1750172e+01  -6.6897729e+01
   7.1520508e+01  -6.0243352e+01
  -2.2797210e+01   7.9741177e+01
   3.1477849e+01  -6.9179902e+01
  -1.0057367e+01  -7.9889067e+01
   4.1486561e+00  -3.5282424e+01
  -1.8745849e+00  -7.4143381e+01
   1.8697960e+01  -3.3667269e+01
  -1.1350533e+01  -2.3372618e+01
   3.4553130e+00  -4.5326249e+01
  -9.3767159e+01  -7.1354264e+01
  -7.8475388e+01  -8.6463133e+01
  -2.3782512e+01  -1.0647137e+01
  -3.9382930e+01  -2.3539978e+01
  -4.0394292e+01  -7.7480743e+01
  -8.2617980e+01  -9.8666645e+01
  -6.8248226e+00  -8.9698929e+01
  -7.6979680e+01  -3.4319881e+01
   9.9588219e+01   8.4332057e+01
  -1.7300929e+00   7.1076120e+00
  -1.1350284e+00   2.0248489e+01
  -5.7524772e+01  -1.1491762e+01
   9.3817182e+00  -2.5950117e+01
   2.8130803e+01  -1.8090963e+01
   9.0295943e+01   3.7279095e+01
   9.9148742e+01   3.1254998e+01
   6.1231760e+01   2.9799060e+01
   4.1424823e+01   7.9553387e+01
   8.3068246e+01   9.5790797e+01
   3.8559640e+01  -6.1788545e+01
   4.7169139e+01  -6.6714595e+01
   6.5780844e+01  -3.3610241e+01
   5.8046693e+01   9.0904453e+01
  -2.1526553e+01   4.0229647e+01
  -7.9458184e+00   4.6603742e+01
  -8.9532128e-01   6.4731401e+01
  -1.2131300e+01   3.6912093e+01
  -4.8044014e+01   1.5501216e+01
  -3.9701159e+01   3.3827825e-01
  -3.6166611e+01   1.9178027e+01
  -3.1938398e+01   4.1315226e+01
  -7.7385353e+01   1.0499650e+01
  -6.7560883e+01   1.2203997e+01
   2.8635047e+01   4.3211694e+01
   2.4458357e+01   1.6241676e+01
  -4.2227496e+01   6.1176285e+01
  -4.1866164e+01   4.1798858e+01
   4.2324131e+01   2.7659961e+01
   5.4851085e+01   1.5614172e+01
   5.2221826e+01   2.4695392e+01
   6.0780210e+01   3.9426834e+01
  -3.2562739e+01   5.8737369e+01
  -5.8489628e+01   8.8616511e+01
  -5.6297440e+01   4.1758146e+01
  -4.9650750e+01   6.7881762e+01
  -4.8524476e+01   8.7799936e+01
  -8.9654730e+01   5.8251339e+01
   4.2468323e+01   4.6225413e+01
   2.2473884e+01  -8.5924181e+01
  -7.5900134e+01   7.5417888e+01
   5.9817588e+01  -6.4409170e+01
   6.8415670e+01  -5.0836071e+01
  -3.8868125e+01   8.5223503e+01
  -1.2848658e+01   7.9142762e+01
   5.0584376e+01  -1.6521832e+00
   4.5339537e+01  -9.6652636e+00
   1.1523546e+01  -8.6402652e+01
  -1.7540912e+01   4.9300707e+01
   9.4429108e+00  -7.3880545e+01
   4.0182419e+01  -7.4091284e+01
   3.0284109e+01  -7.9529394e+01
   4.9586411e+01  -2.7681372e+01
   9.5056661e+01  -2.5318404e+01
   1.2434676e+01  -4.1208969e+01
   4.8740104e+01  -5.6845594e+01
  -6.7498124e+01  -1.4728907e+01
  -3.2047066e+01   9.8885543e+01
   3.9355360e+01  -4.2008676e+01
   6.4975523e+01   2.2371180e+00
   5.1877516e+01  -1.6898155e+01
   7.0119127e+01  -2.4732774e+01
  -9.7535838e+01   8.7519715e-01
   2.0438730e+01  -2.4071593e+01
   2.9908221e-01  -5.4794328e+01
   4.0359766e+01  -6.3355744e-01
   3.1178694e+01   4.4106993e+00
  -8.4126776e+01  -4.1158108e+01
  -6.2855065e+00  -4.3783153e+01
   6.1717875e+01  -4.3489038e+01
  -9.1346784e+01   8.7276301e+00
  -7.0350548e+01  -8.0660409e+01
  -9.5481172e+01   3.6780242e+01
  -6.8998647e+01  -5.4873584e+01
  -1.8132786e+01  -6.3132572e+01
  -5.5424216e+01  -6.7670201e+01
  -7.6046353e+01  -6.1852250e+01
  -5.3816255e+01  -9.7249614e+01
  -1.5878818e+01   8.8721088e+01
  -1.9832761e+01  -9.7725162e+01
   2.6437373e+01   6.2268006e+01
   2.0768424e+01   4.8481974e+01
   3.6112882e+01   6.4505997e+01
   1.7173453e+01   8.7338389e+01
   2.6447711e+01   8.3763829e+01
   3.2693886e+01   7.6032360e+01
  -5.7055004e+01  -3.0300780e+01
  -7.5383420e+01  -2.3184987e+01
   7.8098439e+00   9.0708410e+01
  -6.6654784e+01  -4.5284486e+01
   6.5230977e+01   5.7592856e+01
   8.4581092e+01   7.0126659e+01
   5.5126860e+01   7.0560905e+01
  -3.6793114e+00   8.3148255e+01
   1.5455058e+01   6.7031783e+01
   4.6690732e+00  -1.3109791e+01
  -1.4400633e+01  -1.3881340e+01
  -1.5859827e+01  -4.1158777e+00
  -2.7188239e+01  -3.6795985e+01
   5.9225570e+00   1.3184106e+01
   7.8089295e+01   7.7440769e+01
   9.0482910e+01   4.7725701e+01
   3.1571814e+01  -2.8218437e+01
   1.9282937e+01  -5.7232930e+01
   1.1360070e+01   2.7990398e+00
  -6.4609578e+01  -6.3799709e+01
   8.8288280e+01   2.7558980e+01
   1.2122622e+01  -6.4185319e+01
   8.3464996e+01   9.0501455e+00
   8.0630531e+01   2.1303050e+01
   6.3446286e+01   2.1054299e+01
   8.7444019e+01  -7.9106091e+00
   7.0657031e+01   4.8922188e+01
   8.8690475e+01  -1.7815492e+01
   6.4113294e+01   6.7090988e+01
   5.7114722e+01   8.0264375e+01
   9.4155651e+01   9.3015904e+00
   6.5505338e+01   9.7567387e+01
  -5.1710868e+01   5.8131176e+01
   1.6302778e+00   9.8547213e+01
  -3.0069294e+01  -4.6282174e+01
   4.0043632e+01  -5.1934663e+01
  -2.0057309e+01  -7.7953672e+01
   4.8841749e+01  -8.1286675e+01
   7.8687351e+01  -4.8586385e+01
  -3.2212422e+01  -6.5676721e+01
   2.8682467e+01   9.3491972e+01
   1.3888704e+01   3.0720963e+01
   1.1662291e+01   2.1155872e+01
  -7.6678205e+01   4.3003195e+01
   1.9318157e+00   4.5322648e+01
  -1.7860465e+01   2.8722994e+01
   1.0274901e+01   5.0806361e+01
  -1.0648837e+01   5.6464176e+01
  -5.8136329e+01   4.8277786e+00
  -5.3664475e+01   2.3682159e+01
  -2.7560287e+01   3.2430522e+01
  -2.1768095e+01  -2.0252504e+01
  -3.9078105e+01  -9.4529159e+00
  -1.2395988e+01  -3.6037238e+01
  -4.9105321e+01   4.8576989e+01
  -3.9571806e+01   5.1534959e+01
  -4.8310026e+01   3.4179315e+01
  -6.8519037e+01   3.1747701e+01
  -7.8911673e+01   2.0372892e+01
  -7.8427552e+01   3.1407983e+01
   1.9085928e+01  -7.6522041e+01
  -6.9993993e+01   8.7913236e+01
   6.3382892e+01  -7.8103529e+01
  -5.8714562e+01   7.8619401e+01
  -6.4305691e+01   9.6750495e+01
  -9.4359140e+01   6.7718162e+01
   2.8914351e+01  -5.9517020e+01
  -8.5086530e+01   7.1460086e+01
   8.1077663e+01  -6.3092624e+01
  -2.0854877e+01   6.2520540e+01
  -4.6005837e+01  -1.6161790e+01
  -5.4482511e+01  -2.0926725e+01
  -4.1232983e+01   9.4934850e+01
   1.9977703e+00  -8.3361262e+01
  -6.6249405e+01   4.1345259e+01
   8.4530614e+01  -2.7097783e+01
   1.3724279e+01  -1.6924264e+01
   3.7646494e+01  -9.3916938e+01
  -8.0235304e+01   9.3294958e-01
   4.9788002e+01  -4.3197697e+01
  -9.7253943e+01  -6.1981839e+01
   8.4960629e+01  -3.7928565e+01
  -2.4214058e+01  -8.8731852e+01
  -3.7246483e+01  -8.7088490e+01
  -2.9827872e+01  -8.0384010e+01
  -7.2634447e+01  -5.9840944e+00
  -8.6084531e+01  -7.1575835e+00
  -8.5136453e+01  -7.9034401e+01
  -4.8217065e+01  -5.4251022e+00
  -7.9064961e+01   5.2999755e+01
  -7.8012891e+00  -6.4313517e+01
  -7.3312553e+01  -9.5009646e+01
  -9.8972701e+01  -1.8982540e+01
  -1.0363708e+00  -2.6731664e+01
  -9.3259844e+01   1.8536701e+01
  -5.1792034e+01  -5.8371064e+01
  -5.0520031e+01  -7.6363563e+01
  -9.9422109e+00  -9.9200606e+01
  -6.3782669e+01  -9.8014715e+01
  -7.1716309e+01  -7.0804401e+01
   3.7844838e+01   8.9451731e+01
  -9.0680691e+01  -4.8693235e+01
  -4.7037255e+01  -3.0139000e+01
  -9.2768448e+01  -9.5686094e+01
   4.8165358e+01   8.9791314e+01
  -1.9606376e+01  -5.3241812e+01
   9.4211488e+01   6.7680243e+01
   9.1133643e+01   8.9672483e+01
  -9.6908657e+00  -5.4494881e+01
  -6.3477291e+00  -1.5448245e+00
   3.4548499e+00  -3.2198920e+00
  -2.9501008e+01  -2.6153249e+01
  -3.6375888e+01  -3.2969066e+01
   3.3344296e+01   2.0592470e+01
  -8.5936008e+01  -3.0142400e+01
  -8.6005466e+01  -2.0234873e+01
  -5.8790029e+01  -3.9843655e+01
   9.8821548e+01   4.2547534e+01
   2.7898269e+01  -4.9262832e+00
  -2.3593424e+01   1.9667058e+00
   1.2685450e+01  -7.0497006e+00
   3.6205440e+01  -1.2728290e+01
   8.0648311e+01   4.8861160e+01
   7.0635150e+01  -1.5009407e+01
   7.9715134e+01  -5.7210460e-01
   9.3303272e+01  -3.0746683e-01
   8.9407112e+01   1.7667992e+01
   7.2209123e+01   1.6966175e+01
   5.1927901e+01   4.8097046e+01
   5.3120446e+01   3.3966708e+01
   9.8546729e+01   2.1309626e+01
   9.7943185e+01  -1.4222582e+01
   4.5470082e+01   7.0858034e+01
   7.3422627e+01   9.1401635e+01
  -9.2901482e+01  -3.7304468e+01
   6.1313307e+01   4.8825851e+01
  -1.1180603e+01   9.9806055e+01
   1.7093006e+01   7.6828057e+01
   9.9371569e+01   5.8279795e+01
