   3.2243590e+01   6.3499534e+01
   6.2509818e+01  -4.3038847e+01
  -1.0644598e+01  -4.5947821e+01
   2.2680795e+00  -6.2494921e+01
  -3.8820141e+01   1.5489727e+01
   2.1643340e+01   4.6850827e+01
  -8.3304359e+01  -5.6323984e+01
   4.0910505e+01   2.5094913e+01
   4.5636046e+00   8.7198736e+01
  -3.7705550e+01  -7.8134538e+01
   2.5632289e+01  -4.3914709e+01
  -6.0135237e+01   3.1161430e+01
  -7.3133790e+01  -5.3594451e-01
   6.2064721e+00  -5.0059693e+01
   1.8798481e+01  -8.9840057e+01
  -2.0431055e+01  -4.7547908e+01
   3.3304718e+01  -1.3246332e+01
  -5.9377106e+00   6.4679177e+01
   1.5363633e+01  -5.2432734e+00
   3.4534007e+01  -3.9373613e+01
   4.3099414e+01  -5.0244659e+01
   2.9849563e+01  -6.1242347e+01
  -5.4051608e+01  -4.7254370e+00
   8.0611241e+00  -8.3702755e+01
   6.9184212e+01   6.1475042e+00
  -5.3485473e+01  -2.1879418e+01
   2.6530960e+00   4.6447187e+01
  -2.1350737e+01   7.5744748e+01
   1.4703816e+01   6.8474917e+00
   8.5981209e+01  -2.0139583e+01
   4.7891655e+01   8.0102332e+01
  -2.3413310e+01   2.6555627e+01
   4.1587985e+01   5.0018764e+01
   5.1707141e+01   6.1232155e+01
   5.2506741e+01  -4.6870659e+01
   3.6495380e+01  -8.8335128e+01
  -8.9651795e+01   2.4124839e+01
  -6.9688990e+01   3.9685902e+01
  -6.8333338e+01  -1.9603281e+01
  -1.6826161e+01  -9.9378294e+01
   4.8755683e+00  -7.4237636e+01
  -4.8819231e+01   1.4576242e+01
  -2.6068195e+01  -5.6826137e+01
   1.6089826e+01  -4.6870559e+01
   3.1378824e+01   1.7757043e+01
   5.2828194e+01   3.7436664e+01
  -6.5017813e+01  -5.3302876e+01
   2.3663167e+01   8.3949950e+01
  -2.3716316e+01   5.7083105e+01
   6.9610041e+01  -3.3392445e+01
  -3.5149883e+01   5.0302966e+01
  -4.3272360e+01  -2.1742713e+01
   1.3383859e+01   5.3440949e+01
  -1.9308787e+01  -1.0413522e+01
   7.2162270e+00   3.4956555e+01
  -9.4363327e+00  -9.9453708e+00
   4.0369310e+01  -2.0294822e+01
   5.4473222e+01  -3.7070105e+01
   3.9081503e+01  -7.8681087e+01
  -4.6996810e+01  -9.5300752e+01
  -2.3236025e+01  -7.6501613e+01
  -2.6823539e+01   4.4779994e+01
  -5.8797940e+01   1.3929490e+01
  -5.9701957e+01   4.1123822e+01
  -7.2794837e+01   1.6713548e+01
  -7.9989907e+01   3.3941819e+01
  -2.4668430e+01  -3.1548252e-01
  -6.7952050e+01   7.9898304e+00
  -8.1984251e+01  -8.9242129e+00
  -4.4560907e+01   2.3638932e+01
   4.7551460e+01  -6.5691499e+01
   1.0019191e+01  -2.1006378e+01
   7.7013324e+01  -6.0597351e-02
   1.4394964e+01  -7.1320706e+01
  -1.6151583e+01  -5.6538884e+01
  -1.3662297e+01  -1.8918982e+01
  -7.3113083e+01  -7.7852111e+01
  -9.5307523e+00  -7.9588656e+01
  -1.3993396e+01   8.2509015e+01
   3.3455851e+01  -2.9310049e+00
  -3.6533763e+01   7.5326597e+01
  -1.1812837e+01   7.2754857e+01
   7.7233069e+01   4.9828430e+01
   5.8892955e+01   2.1245225e+01
  -2.0489466e+01   3.6284378e+01
   2.2802123e+01   5.6753820e+01
   1.3385162e+01   6.3408734e+01
   4.8918409e+01  -2.2518830e+00
  -7.0342389e+00   4.9934618e+01
   9.1448977e+01  -1.1100739e+01
   8.7700045e+01  -2.9989681e+01
  -5.0504223e+01   4.5030790e+01
   6.1655420e+01  -7.4975023e+00
  -5.0601778e+01   6.9191793e+01
  -4.8287488e+01  -3.0381676e+01
  -2.7415339e+01  -2.9081713e+01
   1.8565938e+01   3.0884712e+01
   6.1655349e+01   6.1991868e+01
   3.3871584e+01   4.3647709e+01
   1.9373155e+00   8.8571654e+00
   5.8032882e+01   1.8099060e+00
  -4.7089298e-01   1.8521275e+01
   3.6854646e+01  -2.9648492e+01
   3.3065674e+01  -5.0601754e+01
   2.3331609e+01  -5.3700425e+01
   7.2553010e+01  -4.2943383e+01
   3.5773267e+01  -6.9264288e+01
   4.6800897e+01  -3.0656400e+01
   6.0015754e+01  -2.8751099e+01
   4.6432640e+01  -8.5447769e+01
   5.2354973e+01  -5.6868306e+01
  -5.5080683e+01  -8.9408795e+01
  -2.2824848e+01  -9.1377503e+01
   1.8317691e+01  -3.6942018e+01
  -7.4090802e+01   4.8662610e+01
  -3.0331107e+01  -4.7846991e+01
  -7.0912746e+01   2.9765794e+01
  -8.9986115e+01   3.4110931e+01
  -5.4493264e+01   2.2927676e+01
  -8.4811592e+01   1.5395619e+01
  -8.4723948e+01   4.2739306e+01
  -2.3525754e+01  -1.9959065e+01
  -9.1891741e+01  -7.6479378e+00
  -3.8925319e+01   5.5291138e+00
  -3.3460344e+00  -5.2700466e+01
  -6.3994883e+01  -4.5779456e+00
  -4.4107881e+01  -4.2138680e+00
  -5.9743282e+01  -1.3842039e+01
  -2.9374463e+01   8.4925787e+00
  -7.7942284e+01   8.1739915e+00
   4.0460902e+01   1.3641482e+01
  -2.6065117e+00  -8.6823683e+01
   8.4866092e+00  -4.0475774e+01
   1.1390011e+01  -5.8485525e+01
  -2.3424843e+00   3.7799020e+01
  -2.9098976e+01  -1.1751035e+01
  -8.4534784e+01   6.8750520e-01
  -1.1491102e+00  -4.2967171e+01
  -7.6663403e+00  -6.1630922e+01
   8.3607835e+01   7.9666242e+00
  -1.2138363e+01   9.5039381e+01
   8.8225078e+01   4.2077890e+01
   2.5287135e+01  -7.1702548e+01
  -4.5259377e+00  -7.1012402e+01
  -6.3003643e+01  -8.3308861e+01
  -2.3897093e+01  -6.6542081e+01
  -7.4710895e+00  -2.6674260e+01
   2.6630941e+01  -2.0619945e+01
   2.0115909e+01  -6.3168590e+01
  -6.4444756e+01   2.2158708e+01
  -3.3557579e+01  -6.9044126e+01
  -3.6001782e+01  -5.6969245e+01
   2.3359119e+01   1.8925597e+00
   4.0892034e+01   3.6795352e+00
  -3.7472606e+01   8.5281331e+01
  -1.3196306e+01  -8.8833990e+01
  -2.7630524e+01   8.3521172e+01
   6.0587434e+01  -6.2544416e+01
  -7.5483646e+01  -4.1196421e+01
   6.1464820e+01   5.1971895e+01
  -5.6751311e+01  -3.5703844e+01
   5.0740302e+01   2.7660916e+01
   3.8817767e+00   6.6380711e+01
  -1.4823546e+01  -7.0703207e+01
   4.7270443e+01   7.0136077e+01
   1.3703807e+01   8.3165238e+01
  -7.4099467e+01  -2.7601311e+01
  -8.4297794e+01  -3.6304766e+01
  -1.1745612e+01   4.1103640e+01
  -3.5049644e+01   2.6634980e+01
  -1.7796470e+01   4.9034012e+01
  -1.3710118e+01   2.8943248e+01
  -1.3273738e+01   5.7923718e+01
  -3.3241031e+01   6.0106786e+01
   9.7712548e+01  -2.9819574e+01
   7.6385692e+01  -1.7339466e+01
   6.8501041e+01  -2.3465913e+01
   7.1583562e+01  -8.5732985e+00
   3.8284723e+00   5.6372384e+01
   1.1514722e+01   7.3410373e+01
   6.5669644e+01   7.1143327e+01
  -3.0440109e+01   3.5476491e+01
   2.2775994e+01   6.6708537e+01
   2.5795472e+01   3.7770958e+01
   4.1625880e+01   6.0041633e+01
  -5.6174252e+00   2.3940600e+00
   7.1598011e+00   3.8049942e-01
   7.1594821e+00   2.5009836e+01
  -4.5470984e+01   3.3583435e+01
   7.5538061e+01   1.3861534e+01
   9.0921516e+01   2.5752825e+01
  -6.2282904e+01  -6.2923004e+01
  -9.3298079e+01  -4.4857199e+01
   8.1025211e+01  -3.7435483e+01
   6.3527409e+01  -5.2986759e+01
   2.9425455e+01  -8.1266138e+01
   2.7278396e+01  -3.2504128e+01
   4.4477859e+01  -4.0363979e+01
   5.5791286e+01  -8.1930417e+01
   3.5308427e+01  -9.8261096e+01
  -3.9895325e+01  -8.8106935e+01
  -4.7987878e+01  -8.2376764e+01
  -2.9700296e+01  -8.4122086e+01
  -3.2284255e+01  -9.4509048e+01
  -5.4387107e+01  -7.4830421e+01
  -6.4190844e+01   5.0033050e+01
   1.8975084e+01  -2.6962737e+01
  -3.8771070e+01   4.0993159e+01
  -9.9934964e+01   3.5104002e+01
  -8.8264700e+01  -1.6975008e+01
  -2.1344774e+01  -3.7604186e+01
  -9.8937920e+01  -1.9011862e+01
  -8.3267512e+01   5.2629071e+01
   9.8102212e+00  -3.0787640e+01
  -5.8835590e+01   3.9744608e+00
  -6.1869139e+01  -2.7149702e+01
   3.9654169e+01  -5.9598047e+01
  -5.4177194e+00   8.7638216e+01
  -3.4198660e+01  -3.2271398e+00
  -7.0512210e+00  -9.6694356e+01
  -9.1426528e+01   7.9018671e+00
   9.5349717e+00  -9.3600634e+01
  -1.1039855e+01  -3.5990206e+01
   1.7760583e+01   2.0934754e+01
  -2.9299747e+01   1.8481117e+01
  -7.2042875e+01  -1.0389296e+01
  -8.2888587e+01  -7.5821106e+01
   9.5114952e+01   3.4830376e+01
  -7.9655085e+01   2.3959493e+01
  -5.5404664e+01  -5.5710002e+01
   8.9902974e+01   1.5794700e+01
   8.7915293e+01  -1.0537315e+00
  -1.9175910e+01   6.5989023e+01
   1.9531209e+01  -7.9876916e+01
   4.2704016e+01  -1.0050780e+01
   5.0310240e+01  -2.1305736e+01
   5.2544974e+01  -1.1566916e+01
   1.8164461e+01  -1.5302566e+01
   5.7677325e+01  -7.2110846e+01
  -1.7448617e+01  -2.8326058e+01
  -3.1767158e+01  -3.7993161e+01
   1.2573026e-01  -3.3086316e+01
  -2.8760246e+01   6.9038580e+01
  -2.1441235e+01   9.1373964e+01
  -4.6130918e+01   7.8134349e+01
   2.8133123e+01   7.5069374e+01
   2.4890338e+01  -7.9704471e+00
  -6.4203649e+01  -7.3381469e+01
  -8.3675968e+01  -4.6510317e+01
   2.2963187e+01   1.2409090e+01
   4.3231448e+01   4.0163818e+01
   5.1496050e+01   5.1262338e+01
   6.1726669e+01   4.1979103e+01
   3.5677193e+01   3.3625799e+01
   7.0321042e+01   5.7037424e+01
   2.8049215e+01   2.7170809e+01
  -6.7806197e+01  -3.5047055e+01
   3.7955063e+01   7.3591872e+01
   6.0529554e+01   3.1087950e+01
   3.2235525e+01   5.3504034e+01
   1.8541507e+01   9.2505194e+01
   1.7962571e+00   7.6150357e+01
  -5.4661421e+01   5.4131983e+01
  -9.4964181e+01  -3.5476417e+01
  -7.4735036e+01  -5.1173658e+01
  -7.8195885e+01  -1.8095146e+01
   5.0000500e+01   7.7583872e+00
  -6.2891630e+01  -4.3587837e+01
  -8.3556745e+01  -2.6276891e+01
  -4.8818612e+01  -1.3143091e+01
  -3.8292469e+01  -3.0413541e+01
  -4.8864240e+01   4.5779301e+00
   9.6097585e+01  -1.9952027e+01
   6.0702374e+01   1.1428615e+01
  -4.4869152e+01   5.6159660e+01
   7.7809567e+01  -2.7235361e+01
   6.0071591e+01  -1.8117278e+01
   8.1702555e+01  -8.8840381e+00
  -4.1011147e+01   6.6387120e+01
   5.6251876e+01   7.4481137e+01
   1.2224250e+01   4.3550039e+01
   3.1646787e+01   7.4703409e+00
  -1.4780734e+01  -1.5088733e+00
  -3.8926292e+01  -1.2755099e+01
   4.9552286e+01   1.7740024e+01
  -3.7759930e+00   2.7924540e+01
   9.4955183e+00   1.5339381e+01
   6.8880009e+01   2.1310350e+01
  -4.2455899e+01  -6.4546560e+01
   7.6650006e+00  -1.1484562e+01
  -4.4528233e-01  -5.9770388e+00
  -8.1459829e+01  -6.6002696e+01
  -7.1533804e+01  -6.6642303e+01
  -5.2380339e+01  -6.5130989e+01
   8.1806624e+01   2.1642799e+01
  -6.9555958e+01  -9.0863083e+01
   9.5003414e+01   7.2010592e+00
   5.1343851e+01   8.9478603e+01
   3.8513508e+01   8.3569568e+01
  -9.2916555e+01  -2.6334689e+01
