   4.0273821e+01   1.1591157e+01
   3.0054144e+01  -1.4145367e+01
  -2.7573024e+01  -2.1793173e+01
   3.3025133e-02   2.2809125e+01
   5.7513002e+00  -3.1480729e+01
   9.8089785e+00   9.7509146e+00
   4.5534217e+00  -2.1554311e+01
  -1.5194015e+01  -2.1728078e+01
   2.6828673e+01  -3.1921474e+00
   7.0698764e+00   1.3347061e-01
   2.9179353e+01   4.2268366e+01
  -3.7619799e+01   9.8272048e+00
   9.5527945e+00   1.9747550e+01
  -1.1026546e+01   2.8464151e+01
   3.2817763e+01  -2.5651139e+01
  -4.6943264e+00  -1.7757730e+01
  -1.9900476e+01  -4.4130516e+01
  -2.2116524e+00  -5.0582762e+01
  -2.7597389e+01  -3.7746484e+01
  -2.8115040e+01   6.7206434e+00
  -3.9483302e+01  -1.0908158e+01
  -1.5569938e+01  -9.8652321e-01
   4.1606249e+00   4.0547075e+01
   3.3839399e+01   3.9371571e+00
  -2.1026349e+01   2.8526962e+01
   1.3856979e+01   3.8101529e+01
   2.4672066e+01  -3.2090627e+01
   2.0566419e+01  -1.0986637e+01
  -2.6697790e+00  -3.7282939e+01
  -4.4545703e+01   2.0467427e+00
   6.4165637e+00  -4.1457585e+01
  -1.9495560e+01  -1.2697465e+01
  -3.5322314e+01  -1.8152291e+00
  -1.2807473e+01  -3.4622182e+01
  -2.9542558e+01  -1.1990269e+01
  -3.5161018e+01  -2.8306002e+01
   4.6205680e+01   2.0080620e+01
  -2.5382590e+01  -2.8981918e+00
   1.6903564e+01  -1.6819091e+00
   7.7743796e+00   3.0114034e+01
  -6.0908084e+00   4.1707451e+01
   4.6203416e+01  -4.8467745e+00
  -3.7708819e+00   3.5669259e+00
   2.6552786e+01   2.3265897e+01
  -1.5506935e+01   3.7833596e+01
   1.7046538e+01   2.6368903e+01
   3.2647986e+01   3.1300725e+01
  -1.9286345e+00   3.2614812e+01
   2.5268900e+01  -4.2220304e+01
   2.3597373e+01  -2.1781300e+01
   3.9274810e+01  -1.8015327e+01
   1.5320981e+01  -2.8547133e+01
   1.4110786e+01  -1.8621060e+01
  -5.5765636e+00  -2.7716081e+01
  -9.9008492e+00  -4.4189836e+01
  -4.8707171e+01  -7.0462235e+00
  -4.6884496e+01   1.3590296e+01
  -2.9772301e+01   1.6603674e+01
   7.7575110e+00  -5.1366597e+01
   1.5976748e+01  -3.8525337e+01
  -2.1555192e+01  -2.9778556e+01
   5.0051519e+01   9.4957760e+00
  -1.0077323e+01  -9.3364407e+00
   3.6227158e+01   2.0735466e+01
  -4.1624853e+01  -2.0675955e+01
   2.2385815e+01   6.6812490e+00
   1.9436984e+01   1.6236539e+01
   3.6317071e+01  -6.3496441e+00
  -1.1669825e+01   5.0006514e+01
  -5.2836122e-01  -6.3675643e+00
   5.4597129e+01   5.8873203e-01
   1.0185125e+01   4.8528637e+01
  -3.0995658e+01   2.9309823e+01
   4.7681054e-02   1.2809140e+01
   2.3113992e+01   3.4317826e+01
   1.0248411e+01  -9.3560599e+00
   1.9882543e+01   4.6087309e+01
