   3.0686449e+01  -7.8967769e+00
  -1.9455043e+01  -1.9736249e+01
   6.9483699e+00   2.5713204e+01
   2.4344647e+00  -2.5262284e+01
   3.1307202e+01   5.2540691e+01
  -1.2988963e+01   3.6037274e+01
   4.8772324e+01  -3.1883558e+01
  -1.3607694e+01  -3.8858770e+01
  -8.3972376e+00  -6.0063553e+01
  -2.3493529e+01  -3.6245158e+01
  -2.8265019e+01   6.9971949e+00
  -4.2825686e+01  -8.8561451e+00
  -1.9842463e+01  -1.9684990e-01
   1.0027334e+01   3.5227403e+01
   3.9523120e+01   8.6119469e+00
  -2.2500968e+01   3.9123008e+01
   5.3944571e+00  -4.4706443e+01
  -3.6938974e+01  -1.6939870e+01
  -5.7927456e+01  -3.0235348e+01
   4.8165178e+01   3.6692095e+01
  -2.9136519e+01  -3.8874482e+00
  -6.8544281e+00   5.1531431e+01
   5.8866541e+01  -1.3730457e+01
   2.1924383e+01   4.9081976e+01
   3.7393224e+01   3.5791664e+01
   2.6162252e+01  -4.3228712e+01
   2.5768823e+01  -1.6604070e+01
   6.1013845e+00  -1.5958860e+01
  -1.6353960e+01  -2.9243261e+01
  -1.0954642e+01  -5.0396099e+01
  -5.0518079e+01  -2.4665376e+00
  -4.9288550e+01   1.6127504e+01
  -2.9219286e+01   2.0313837e+01
   1.8993908e+01  -5.7023299e+01
   1.6826500e+01  -4.6812527e+01
   6.7345990e+01   9.8539869e+00
   3.4968455e+01   2.2608459e+01
  -4.6314081e+01  -2.0419433e+01
   3.0807701e+01   1.3515158e+01
   2.5013048e+01   2.1665127e+01
   3.8202325e+01  -1.3004445e+00
  -2.2628436e+01   5.2359686e+01
   4.3817980e+00  -6.1078182e+00
   6.5535327e+01   1.9278129e-02
   1.5495051e+01   6.3086172e+01
  -3.9052654e+01   4.1035923e+01
   5.8766170e+00   1.2950901e+01
   2.8557245e+01  -3.3519746e+01
   2.8145688e+01  -6.2561951e+01
   1.5876506e+01  -1.8067651e+01
  -2.9917082e+01  -6.4274639e+01
   2.1959029e+01  -2.6005524e+01
  -4.4262202e+00  -4.2821160e+01
   3.2244328e+01  -2.4224295e+01
  -4.9527048e+01   2.6124659e+01
  -5.9293353e+01   2.3807187e+01
  -6.1164748e+01  -7.9029950e+00
  -4.5735069e+01   6.7801636e+00
  -5.2200827e+01  -1.2335617e+01
  -1.6865957e+01  -1.0077231e+01
   2.1148915e+00  -3.5257176e+01
  -1.1339653e+00  -5.2281382e+01
  -2.8914777e+01  -2.3640606e+01
  -2.7462611e+01  -1.3746354e+01
   1.2375590e+01  -6.4805229e+01
   4.7447105e+01   2.5119096e+00
  -5.8322187e+01  -2.0243142e+01
   5.1599498e+01   2.2020182e+01
  -3.3458961e+01  -3.5414397e+01
  -3.0001366e+01  -4.4797629e+01
   1.1973686e-01   3.3018666e+01
   2.0947891e+01   1.1846581e+01
   2.0686606e+01  -7.9528218e+00
  -1.2264979e+01   5.9941303e+01
   1.8732458e+01   2.9499425e+01
   5.7048266e+01   5.3079264e+00
  -4.7805531e+00   4.1748843e+01
   2.9185762e+00   5.3650013e+01
   5.4140360e+01  -4.9177832e+00
   8.5692868e+00   3.3202253e+00
  -2.8892187e+01   3.1431953e+01
  -3.8884398e+01   3.1037338e+01
   4.9924512e+00   4.3867424e+01
   3.8616832e+01   4.5716520e+01
  -1.5063450e+01   4.5819733e+01
   3.8556890e+01  -3.3604018e+01
   4.2243973e+01  -2.4308557e+01
   3.6246706e+01  -4.3416816e+01
   2.9502355e+01  -5.2654406e+01
   9.5226902e+00  -5.3814555e+01
   1.2584800e+01  -3.7756698e+01
   1.2115519e+01  -2.7767715e+01
  -1.8143586e+01  -5.7511324e+01
  -4.0637119e+01   2.1192138e+01
  -6.1710236e+01   1.4103648e+01
  -6.7286107e+01  -1.5810520e+01
  -5.5712066e+01   6.1022758e+00
  -3.6991746e+01   1.1880250e+01
  -3.8319651e+01   7.1096814e-02
  -6.3813324e+00  -2.9982654e+01
  -3.6680480e+00  -6.8874612e+01
  -2.0136114e+01  -4.6433709e+01
  -5.2825050e+00  -1.1400359e+01
  -9.4824151e+00  -2.0475642e+01
   2.9736607e+00  -6.1398804e+01
   5.8858930e+01   1.5142635e+01
   2.8620475e+01   3.0991781e+01
   4.3480052e+01   2.7857527e+01
   1.5153238e+01   1.9996550e+01
  -2.7687680e+01  -5.4526318e+01
   3.7443777e+01  -1.5512884e+01
   2.9466214e+01   3.5946712e+00
   5.6336228e+01   3.0827190e+01
   4.4850827e+01  -8.7886251e+00
  -4.7927597e+01  -3.0288468e+01
   4.8765477e+01   1.2430170e+01
  -8.0949894e+00   2.7316187e+01
  -3.7763787e+00   6.5227480e+01
  -2.1973471e+01   6.2338214e+01
  -1.2413038e+00   1.9974804e+01
   7.2224312e+01  -7.4142595e+00
  -1.3545062e+00   2.0880195e+00
   2.5128492e+01   6.0403486e+01
   4.9633369e+01  -1.7570840e+01
  -1.9380181e+01   2.8346219e+01
  -3.8552516e+01  -2.6808835e+01
  -3.0437430e+01   4.6113117e+01
   1.9069495e+01   3.9498156e+01
   1.2916404e+01   5.3424362e+01
   1.9410657e+01   1.9654419e+00
   2.8873185e+01   4.1631370e+01
   4.5422524e+01   5.3043359e+01
  -1.0152124e+01  -2.6661271e+00
