   4.0849945e+01  -3.3169475e+01
   5.3275910e+01   8.2375025e+01
   6.6063536e+01  -6.7491103e+00
  -3.0813655e+01  -6.0344830e+01
  -2.2220813e+01   4.0572648e+01
  -7.1864386e+01  -7.7608332e+01
  -4.8526914e+01  -7.9487889e+01
  -3.4148613e+00  -2.0780772e+01
  -8.4949135e+01  -8.1980204e+01
  -7.3011707e+01  -2.8405868e+01
  -7.4565390e+00   5.6199126e+01
   3.8128472e+01   2.4563349e+01
  -5.0071978e+01  -6.3046484e+01
  -6.0060754e+00   6.0194319e-01
   6.6013776e+01   1.1296548e+01
   4.6205338e-01   5.0544352e+01
  -3.2260514e+01   4.0758600e+01
  -5.0732340e+01   1.0885035e+01
   6.8125845e+01   4.8339910e+01
  -6.0052173e+01   3.7399000e+01
   5.6215459e+01  -5.9399450e+01
  -6.0268366e+01  -2.5662732e+01
  -2.8778009e+01   6.8225638e+01
   5.0489276e+01  -1.5394036e+01
   2.5465413e+01  -1.9929502e+01
   2.5199814e+01   6.0306673e+01
  -1.1466723e+01  -5.1924592e+01
   8.0220203e+00   8.3298477e+01
  -8.8688489e+01  -9.1254752e+01
   1.1074769e+01  -1.1125580e+01
   9.5273087e+01   6.1018428e+01
  -5.6968443e+01  -5.4039655e+01
   8.9110609e+01   2.8195029e+01
   6.8336342e+01   9.5691548e+01
   3.3363375e+01   7.6748512e+01
  -9.2333892e+01  -3.5870609e+01
   8.3313445e+00   3.0292942e+01
  -3.5182830e+01  -4.8364910e-01
  -5.0659495e+01   2.0543740e+01
  -4.6217531e+01   5.2604986e+01
   4.6796334e+01   3.2764721e+01
  -5.0396997e+01   3.4891884e+01
  -8.1834178e+01   1.5785880e+01
   5.3961286e+01  -4.9722466e+01
  -4.5614458e+01  -1.3898210e+01
  -7.8111012e+01  -2.0124096e+01
   6.1679053e+01   2.2380173e+00
  -1.9095588e+01   6.7657078e+01
   3.6646960e+01  -2.9258280e+00
   6.4812004e+01  -3.7159672e+01
  -2.9183819e+00  -4.7449174e+01
   4.8636235e+00  -3.5520832e+01
  -8.2215205e+01  -3.8079185e+01
   3.5927693e+01   6.3680411e+01
  -3.4124743e+01  -3.3579707e+01
  -3.1712770e+01  -7.0303238e+01
   5.5220342e+01  -3.9840716e+01
  -5.1511437e+01  -9.9467472e+01
  -2.5506740e+01   9.4429691e+01
  -4.7475994e+00   6.9953157e+01
  -9.8033281e+01  -6.6860287e+01
   1.1759498e+01   6.8205374e+00
   3.0291981e+01  -1.1124818e+01
  -8.7204910e+01  -6.3988151e+01
   7.1703164e+01   7.0042379e+01
  -6.9431809e+01  -5.3885158e+01
   8.8806752e+01   1.4576244e+01
   4.6929194e+01   9.0095033e+01
   5.4724847e+01   9.7105872e+01
   1.6745138e+01   6.5657863e+01
   8.5263413e+01  -3.6004056e+00
  -1.7001679e+01   5.7597109e+01
   1.5085053e+01   4.1098657e+01
  -3.1508197e+01   3.0897164e+01
  -2.7438431e+01   4.9317383e+00
  -3.2127556e+01   1.3562688e+01
  -7.7172039e+01   4.8867681e+01
   2.6985257e+01   3.4883133e+01
   6.0037717e+01   2.0657255e+01
  -4.3650417e+01   8.0063294e+01
   4.9487866e+01   4.2372171e+01
  -8.0495884e+01   5.8285486e+01
  -8.0788677e+01   2.5679414e+01
   1.3532813e+01  -5.7556886e+01
  -5.9898867e+01  -5.1722159e+00
  -3.3048208e+01   8.8108350e+01
   6.3814153e+01  -4.7903425e+01
   3.5325767e+01  -5.6986566e+01
  -5.7357548e+01   4.1700434e+00
  -8.0554473e+01  -7.4156902e+00
   8.0921163e+01  -2.8113703e+01
  -9.5199200e+01  -2.6236887e+01
   4.0614241e+01  -1.4695611e+01
   5.1639477e+01   2.5758482e+00
   5.2356455e+01  -3.0279922e+01
  -5.7204099e+00  -3.8283892e+01
   8.5171169e+00  -2.6768675e+01
  -8.5445735e-01  -6.5235259e+01
  -2.8674494e+01  -7.9902561e+01
   4.5867727e+01   6.2641740e+01
  -9.1662264e+01  -5.5037215e+01
  -2.1097547e+01  -6.2704650e+01
  -1.9468762e+01  -3.4951879e+01
  -4.1949488e+01  -6.9318673e+01
   3.2026466e+01  -3.7352832e+01
  -4.1511963e+01  -9.9570038e+01
   3.7885120e+01   4.4417106e+01
  -8.0934096e+01  -7.2680870e+01
  -2.1861877e+01  -7.2708321e+01
  -9.8031864e+00   8.3858237e+01
  -7.6112366e+01  -8.6661177e+01
   6.0145508e+00   9.3089110e+01
  -6.5998118e+01  -9.6454492e+01
   8.9896811e+01   3.8158513e+01
   8.7415437e+01   6.7661277e+01
   2.6447177e+00  -4.4096639e+00
   2.0552480e+01  -1.0796545e+01
   1.4123567e+01  -2.4800246e+00
   7.6926263e+01   5.3039693e+01
   1.5553453e+01  -1.9584590e+01
  -6.3153063e+01  -6.1892933e+01
  -5.8074203e+01  -3.7972741e+01
   6.4033739e+00  -4.4852432e+01
   7.6030144e+01   1.2970559e+01
   9.8158341e+01   3.2534278e+01
   6.1890652e+01   6.8179136e+01
   4.3545482e+01   7.7456884e+01
   6.9888432e+01   8.4687373e+01
   1.4400702e+01   7.5603088e+01
   9.2552672e+01  -2.6368622e+01
   3.6828743e+01   9.5627901e+01
   1.7036902e+01   8.7508408e+01
   6.2050880e+00   1.5858928e+01
  -2.6865001e+01   4.9098030e+01
  -1.4788157e+01   4.7775555e+01
  -4.2068313e+01   4.3573721e+01
  -8.7450273e+00   2.7584787e+01
  -5.9971913e+00   4.2934509e+01
  -2.1620222e+01   3.0663618e+01
  -1.0780064e+00   3.4159841e+01
  -7.1348014e+01  -6.7621853e+01
  -4.1055431e+01   1.0193264e+01
  -2.8887771e+01  -7.5176689e+00
  -4.3358974e+01   1.2591599e+00
  -6.0905311e+01   1.3241252e+01
  -4.6519894e+01   7.0334201e+01
   2.7652182e+01   4.4858303e+01
  -3.6372309e+01   5.1608307e+01
   2.9628193e+01   1.9303234e+01
  -5.7623488e+01   5.2165555e+01
   4.6327308e+01   1.4468797e+01
  -6.1020881e+01   8.4504520e+01
   5.9641367e+01   3.3488681e+01
  -9.2225282e+01   2.0871211e+01
  -6.9069089e+01   3.3207229e+01
   5.5959647e+01   1.1551318e+01
  -8.6317539e+01   4.5000330e+01
  -9.8953002e+01   5.0586744e+01
   2.6432301e+01  -5.3228376e+01
  -7.1944489e+01   1.4476414e+01
  -7.2942703e+01  -1.2559537e+01
   6.3914339e+01  -6.5631839e+01
   8.0780694e-01   6.1647519e+01
   3.7736789e+01  -7.5972386e+01
  -5.1260820e+01  -3.1511135e+01
   4.3771495e+01  -5.2080164e+01
  -2.9415794e+01   7.8969553e+01
  -6.6389008e+01   4.9438135e+00
  -8.7066489e+01  -1.4769771e+01
  -9.3980352e+01  -1.5897662e+00
   6.9077549e+01  -1.8281808e+01
   4.6049239e+01  -6.2948503e+00
  -3.7130889e+01   7.2747773e+01
  -8.5452423e+01  -2.6064018e+01
  -9.9180204e+01  -4.3097689e+01
   5.6021269e+01  -6.2890926e+00
  -1.0769804e+01  -6.1129149e+01
  -1.2027395e+01  -1.9711726e+01
   7.0616559e+01  -2.9035969e+01
   2.5133125e+01  -3.1123326e+01
   9.9002540e+01   1.1018684e+01
   4.2095651e+01   5.4374589e+00
  -1.3930127e+01  -4.2852426e+01
  -8.8120428e+01   3.2411208e+01
  -2.1732317e+01  -8.7097760e+01
   6.0197378e+01  -1.5140183e+01
   4.4736707e+01  -2.3816010e+01
   6.1207605e+01  -2.5632248e+01
  -2.1101523e+01  -4.9525732e+01
  -4.0766114e+01  -5.9389350e+01
  -7.3958192e+01  -4.3693332e+01
  -8.9034322e+01  -4.5390283e+01
  -5.7530255e+01  -9.1135158e+01
   4.5604546e+01  -4.2395936e+01
  -9.1325000e+01  -7.4276416e+01
  -2.7428994e+01  -4.1006122e+01
  -3.7681683e+01  -8.9867212e+01
  -3.0998114e+01  -5.0349970e+01
   3.3307444e+01  -2.6356703e+01
   4.6618321e+01  -6.1592401e+01
   5.0497844e+01   2.3520290e+01
   3.2578437e+01   5.3560529e+01
  -7.5995995e+01  -9.6660494e+01
   2.4592013e+01  -4.3726121e+01
  -9.8549597e+01  -9.2915640e+01
  -7.7490944e+01  -5.9730187e+01
  -2.1675416e+01   8.5268535e+01
  -1.4559790e+01   9.2627041e+01
   2.0292223e+01   5.1609288e+01
   4.2630182e+01   5.3194786e+01
   2.3692277e+01   8.0059538e+01
  -1.0357395e+00   7.9212559e+01
  -6.5863908e+01  -8.5607940e+01
   5.2854422e+00   7.1500944e+01
  -3.6765705e+00   9.1350347e+01
   9.4459032e+01   4.7799000e+01
  -1.1671742e+01  -9.6086240e+01
   7.8649270e+01   6.2868638e+01
  -1.2098043e+01  -7.3382543e+00
   5.4398150e-01  -9.4516234e+01
   1.8048495e+00   6.8802896e+00
   6.8956021e+01   5.9205245e+01
  -6.7449339e+01  -3.6340145e+01
   2.6765213e+01  -1.4467992e+00
  -6.3182228e+01  -4.6244837e+01
  -4.7673032e+01  -8.9451368e+01
   9.6825326e+01  -1.7009731e+00
   1.6361130e+01  -3.8441748e+01
   7.6037461e+01  -7.4521108e+00
   8.4537132e+01   4.6583621e+01
   8.3350484e+01   6.2002628e+00
   6.9988229e+01   2.0884996e+01
   8.1640518e+01   2.1550028e+01
   5.9410571e+01   4.3481192e+01
  -5.7274679e+01  -6.9982421e+01
   8.6354436e+01   5.6496828e+01
   9.7295902e+01   2.0006109e+01
   5.2190827e+01   7.2431149e+01
   3.7855022e+01   8.5681420e+01
   6.2330368e+01   7.8154339e+01
   2.5738979e+01   7.0281106e+01
  -9.6525788e+01  -1.1581216e+01
   8.7908112e+01  -1.7678514e+01
   9.4734690e+01  -1.0856592e+01
   6.0776908e+01   8.9145178e+01
   2.5057201e+01   9.3436477e+01
   1.4167794e+01   2.1906799e+01
   5.3600247e-01   2.4059662e+01
  -1.3377986e+01   3.6292282e+01
   1.0343154e+01   5.1247024e+01
   5.1792847e+00   4.1894401e+01
  -1.9209305e+01  -4.1700235e-01
  -3.8741378e+01   2.1314278e+01
  -2.7476663e+01   2.2097077e+01
  -2.9711753e+01  -1.7320432e+01
  -5.7161587e+01   2.7868970e+01
  -5.0533116e+01   6.1393917e+01
   3.6964544e+01   3.4482154e+01
   3.3191143e+01   9.9626945e+00
  -3.6178199e+01   6.1501026e+01
  -5.4690146e+01   7.5881301e+01
  -4.0732811e+01   3.3817427e+01
  -5.1894759e+01   4.4465916e+01
  -6.7345853e+01   5.0181019e+01
  -5.1404511e+01   8.6324551e+01
  -3.7001572e+01  -2.3970689e+01
  -6.6082155e+01   2.3692520e+01
   5.5607291e+01   6.0422838e+01
  -9.4811342e+01   3.9791614e+01
  -7.8707707e+01   3.5498705e+01
  -8.9711360e+01   5.4404493e+01
   1.5622149e+01  -4.8030923e+01
   2.2354478e+01  -6.2200334e+01
  -9.7630890e+01   2.9550287e+01
   6.8541525e+01  -5.6715258e+01
  -8.8914935e+01   8.8006403e+00
  -4.6761056e+01  -2.3405844e+01
  -1.6427697e+01   7.6923359e+01
  -2.6635123e+01   5.8793441e+01
  -6.0990350e+01  -1.4822173e+01
  -6.9585854e+01  -3.9615853e+00
   3.7966345e+01  -6.6266754e+01
  -4.2513875e+01   9.0158916e+01
  -1.2357200e+01  -7.0450450e+01
   7.8444590e+01  -1.8521254e+01
  -2.7866863e+00  -2.9712707e+01
  -3.5812524e+00  -7.4845454e+01
   3.2907193e+00  -1.5104070e+01
   1.6941365e+01  -2.9016971e+01
  -5.0759200e+01  -1.0269381e+00
  -8.5397554e+01  -3.1143931e-01
  -1.9010713e+01  -2.4760021e+01
   9.4320616e+01   6.2645401e+00
