   3.9647133e+01  -3.3690527e+01
   5.3464074e+01   8.2335632e+01
  -7.7497744e+01   4.2631213e+01
   6.6050023e+01  -6.6959455e+00
  -5.1430809e+01  -7.1850526e+00
  -3.0806926e+01  -6.0342447e+01
  -3.9439846e+01   1.9440698e+01
  -1.9484054e+01   3.6632628e+01
  -7.1863131e+01  -7.7605591e+01
  -4.8526605e+01  -7.9488095e+01
  -5.2893882e+01   3.9979516e+01
  -3.8777892e+00  -2.6301290e+01
  -8.4948639e+01  -8.1980233e+01
  -7.2252617e+01  -2.9292603e+01
  -9.1045528e+00   5.2956300e+01
   3.6219592e+01   2.6115375e+01
  -5.0068367e+01  -6.3045747e+01
  -5.9047859e+00   3.9302311e-01
   6.6010994e+01   1.1296663e+01
  -5.5475802e-01   4.7770378e+01
  -2.8659093e+01   4.0605432e+01
  -5.0736398e+01   1.0777243e+01
  -4.1483310e+01   6.3297866e+01
   6.7993339e+01   4.8263022e+01
  -6.4919569e+01   3.2518284e+01
   5.5162514e+01  -5.9763099e+01
  -5.9746619e+01  -2.5260419e+01
  -3.1107675e+01   6.3997741e+01
   5.1197356e+01  -1.5380158e+01
   2.5095317e+01  -1.9983217e+01
   2.5227861e+01   5.9993302e+01
  -1.0849318e+01  -5.3061921e+01
  -3.8555830e+01  -7.8724250e+01
   7.7297238e+00   8.3170728e+01
  -8.8688468e+01  -9.1254550e+01
   9.0108374e+00  -1.2435652e+01
   9.5143838e+01   6.0956006e+01
  -5.6983473e+01  -5.4018820e+01
   8.9097701e+01   2.8249822e+01
   6.8307902e+01   9.5666914e+01
   3.3151843e+01   7.6704203e+01
  -9.2445610e+01  -3.5988342e+01
   6.4652382e+00   2.8418950e+01
  -3.4909509e+01  -8.9241697e-01
  -5.3011176e+01   2.0500465e+01
  -4.6899933e+01   4.8726798e+01
  -5.0716600e+01   5.7969657e+01
   4.3823079e+01   3.2595388e+01
  -4.3342148e+01   3.7019496e+01
   5.1750329e+01   5.0495954e+01
  -8.3440994e+01   1.5712236e+01
   3.4067307e+01  -4.7581554e+01
   5.4340428e+01  -4.9811693e+01
  -4.3731456e+01  -1.8014945e+01
  -5.4782649e+01  -1.6595442e+01
  -7.7199559e+01  -1.7258561e+01
   6.1396468e+01   2.1687522e+00
  -2.4079910e+01   7.1122521e+01
   3.6951954e+01  -2.1739599e+00
   6.4664434e+01  -3.6855772e+01
  -3.1312567e+00  -4.6703352e+01
   4.3839027e+00  -3.4042992e+01
  -8.2027774e+01  -3.8225266e+01
   3.8781525e+01   6.2991674e+01
  -3.4122251e+01  -3.3582468e+01
  -3.1712599e+01  -7.0301348e+01
   5.5221213e+01  -3.9877428e+01
  -5.1511437e+01  -9.9467472e+01
  -2.5693837e+01   9.1594959e+01
  -4.7080128e+00   6.9784620e+01
  -9.8032867e+01  -6.6860745e+01
   1.1776870e+01   6.2345572e+00
   2.9750687e+01  -1.1132942e+01
  -8.7207984e+01  -6.3981968e+01
   7.0406504e+01   6.9060935e+01
  -6.9390356e+01  -5.3824600e+01
   8.8786099e+01   1.4540242e+01
   4.7028062e+01   8.9976289e+01
   5.4733951e+01   9.7093860e+01
   1.6847586e+01   6.5654765e+01
   8.5131521e+01  -3.2786001e+00
  -3.3041502e+00   3.0552215e+01
  -1.8635803e+01   5.5980593e+01
   1.0443250e+01   4.4961050e+01
  -3.3799079e+01   2.7697093e+01
  -2.7282641e+01   5.4589031e+00
  -5.5185137e+01   3.0250573e+01
  -2.9326192e+01   1.8445246e+01
  -4.5635192e+01   2.7287450e+01
  -6.9004147e+01   5.0544399e+01
   3.3426341e+01   3.5717194e+01
  -6.3237236e+01   4.2375076e+01
   5.9322942e+01   2.1149085e+01
  -4.5703002e+01   7.6878338e+01
   4.9569039e+01   4.0759567e+01
   5.8979553e+01   5.7356206e+01
  -6.5077246e+01   2.2513472e+01
  -9.4631605e+01   3.6011579e+01
  -8.3440006e+01   5.3851868e+01
   7.1459807e+01   2.1179155e+00
  -8.1591781e+01   2.5539319e+01
   1.5341895e+01  -5.0383945e+01
  -6.1345971e+01  -6.0929048e+00
  -3.9410577e+01   8.4649432e+01
   6.4480710e+01  -5.0513591e+01
  -1.3047906e+01   6.4271424e+01
   3.5217002e+01  -5.9168899e+01
  -5.5443510e+01   1.9670518e+00
  -6.7337186e+01  -1.8805635e+01
  -4.1526597e+01  -8.3033575e+00
  -8.0391787e+01  -6.9061343e+00
   7.9130763e+01  -2.3952587e+01
  -9.4150734e+01  -2.6134840e+01
   4.0690839e+01  -1.4741389e+01
   5.1094685e+01   3.0092811e+00
   5.2417165e+01  -3.0304056e+01
  -5.3834026e+00  -3.6187269e+01
   5.2462250e+00  -2.2208351e+01
   1.3639917e+01  -3.0258259e+01
  -2.7140818e+00  -6.8512554e+01
  -2.8618822e+01  -7.9844596e+01
   4.8940229e+01   6.1502303e+01
  -9.1654148e+01  -5.5024941e+01
  -2.1089452e+01  -6.2702059e+01
  -1.9004543e+01  -3.5596058e+01
  -4.1949060e+01  -6.9317616e+01
   3.0659232e+01  -3.8139499e+01
  -4.1511963e+01  -9.9570038e+01
   3.8646261e+01   4.4256800e+01
  -8.0934096e+01  -7.2680870e+01
  -2.1635257e+01  -7.2687127e+01
  -1.1018688e+01   8.2141415e+01
  -7.6110164e+01  -8.6657479e+01
   5.0860590e+00   9.2817465e+01
  -6.5997891e+01  -9.6454209e+01
   8.9826348e+01   3.8221618e+01
   8.7227690e+01   6.7560276e+01
   2.7261720e+00  -4.6573366e+00
   1.9758017e+01  -1.1515610e+01
   1.3666156e+01  -3.5853457e+00
   7.6775778e+01   5.3052615e+01
   1.5102666e+01  -2.0365885e+01
  -6.3150107e+01  -6.1886477e+01
  -5.5372462e+01  -3.4206220e+01
   6.6844953e+00  -4.4792622e+01
   7.5769250e+01   1.3483973e+01
   9.8121930e+01   3.2559092e+01
   6.0639320e+01   6.7175920e+01
   4.3692210e+01   7.7475282e+01
   6.9576694e+01   8.4431390e+01
   1.4297452e+01   7.5621718e+01
   9.2410936e+01  -2.6120495e+01
   3.6853285e+01   9.5375937e+01
   1.6892610e+01   8.7152809e+01
  -1.5805379e+00   2.0702039e+01
  -2.6972690e+01   5.0461358e+01
  -1.6436051e+01   4.6156137e+01
  -3.7553798e+01   4.5172011e+01
  -1.3163150e+01   2.8886211e+01
  -8.1955005e+00   4.0024701e+01
  -2.3823232e+01   2.7005050e+01
   2.9066486e+00   3.8388845e+01
  -7.1338586e+01  -6.7621809e+01
  -3.6193479e+01   9.9857399e+00
  -3.1676576e+01  -1.0812989e+01
  -4.3869930e+01   3.5211792e+00
  -6.1060566e+01   1.3355619e+01
  -5.0304965e+01   6.8001761e+01
   2.7818478e+01   4.3995858e+01
  -3.5867726e+01   5.5027055e+01
   3.2994900e+01   1.6654160e+01
  -5.6813160e+01   5.0038215e+01
   4.6683820e+01   1.5295034e+01
  -5.4291528e+01   8.2000236e+01
   5.9639466e+01   3.3578212e+01
  -9.2952952e+01   2.5113233e+01
  -7.4905049e+01   3.2973523e+01
   5.6019639e+01   1.1711703e+01
  -8.7464651e+01   4.4697738e+01
  -9.6804282e+01   4.8270970e+01
   2.5853644e+01  -5.5663858e+01
  -7.3465841e+01   1.4680133e+01
  -7.0744108e+01  -9.4255541e+00
   6.5093419e+01  -6.0903376e+01
  -2.0374639e+00   6.0031000e+01
   3.8062799e+01  -6.8904459e+01
  -4.9772871e+01  -2.5945797e+01
   4.2728429e+01  -5.2581142e+01
  -3.0587310e+01   7.9944223e+01
  -6.5333724e+01   3.8660795e+00
  -8.6818682e+01  -1.4563202e+01
  -8.9312884e+01  -2.4295031e+00
   7.0775482e+01  -1.8311794e+01
   4.6057067e+01  -6.3071087e+00
  -3.6879139e+01   7.2173365e+01
  -8.4328083e+01  -2.4267185e+01
  -9.9281036e+01  -4.3288699e+01
   5.6054723e+01  -6.4244562e+00
  -1.1095933e+01  -6.3058824e+01
  -1.2818837e+01  -2.1822729e+01
   7.0705017e+01  -2.9031451e+01
   2.3608611e+01  -3.1048076e+01
   9.7461426e+01   9.3627101e+00
   4.1752170e+01   6.5975320e+00
  -1.2511180e+01  -4.3201039e+01
  -8.4674832e+01   3.5095313e+01
  -2.1733445e+01  -8.7096580e+01
   6.1196574e+01  -1.5442516e+01
   4.4814218e+01  -2.3840083e+01
   6.1301847e+01  -2.5768550e+01
  -2.0476035e+01  -4.9247559e+01
  -4.0761180e+01  -5.9388529e+01
  -7.2976246e+01  -4.2469199e+01
  -8.9012648e+01  -4.5380548e+01
  -5.7531566e+01  -9.1132590e+01
   4.5803528e+01  -4.3090884e+01
  -9.1324689e+01  -7.4276834e+01
  -2.7417503e+01  -4.1001783e+01
  -3.7683176e+01  -8.9867150e+01
  -3.0984258e+01  -5.0344046e+01
   3.2575010e+01  -2.6620532e+01
   4.5466505e+01  -6.2189050e+01
   4.9990858e+01   2.4730129e+01
   3.2298454e+01   5.2932646e+01
  -7.5995815e+01  -9.6656127e+01
   2.4227867e+01  -4.5797201e+01
  -9.8549533e+01  -9.2915630e+01
  -7.7466883e+01  -5.9721023e+01
  -2.0996114e+01   8.2767644e+01
  -1.4556598e+01   9.2621141e+01
   2.0646571e+01   5.0964739e+01
   4.2266034e+01   5.3621744e+01
   2.3588295e+01   7.9727891e+01
  -1.4546581e+00   7.9236660e+01
  -6.5864223e+01  -8.5605109e+01
   5.1124832e+00   7.1668259e+01
  -4.3928877e+00   8.9631647e+01
   9.4385412e+01   4.7790226e+01
  -1.1671742e+01  -9.6086240e+01
   7.8329726e+01   6.3003748e+01
  -1.4252274e+01  -5.1132768e+00
   5.4398150e-01  -9.4516234e+01
   1.7919141e+00   6.7828652e+00
   6.8817461e+01   5.9098402e+01
  -6.5124562e+01  -3.6296168e+01
   2.6977259e+01  -1.4703657e+00
  -6.3063637e+01  -4.6080677e+01
  -4.7674303e+01  -8.9451671e+01
   9.6561847e+01  -1.4508078e+00
   1.5505822e+01  -4.0082623e+01
   7.6023194e+01  -7.4214416e+00
   8.4451654e+01   4.6650894e+01
   8.2888239e+01   6.4651033e+00
   6.9318326e+01   2.1119763e+01
   8.1665040e+01   2.1560943e+01
   5.9164842e+01   4.3568286e+01
  -5.7275588e+01  -6.9978369e+01
   8.6089567e+01   5.6717990e+01
   9.7293252e+01   1.9796152e+01
   5.2233378e+01   7.2434329e+01
   3.7825340e+01   8.5488833e+01
   6.2293559e+01   7.7144650e+01
   2.5842605e+01   6.9958512e+01
  -9.9297213e+01  -2.0627882e+00
  -9.6370861e+01  -1.1624801e+01
   8.6837119e+01  -1.7821778e+01
   9.4073177e+01  -1.1081552e+01
   6.0762730e+01   8.9129687e+01
   2.4810653e+01   9.3250962e+01
