   3.9925827e+01  -3.2551653e+01
   6.8666602e+01  -7.9439966e+00
  -1.5323624e+01  -6.7884912e+01
  -2.6319056e+01   4.9479822e+01
  -7.5535930e+01  -7.1552477e+01
  -1.7029776e+00  -2.5466730e+01
  -8.4244842e+01  -8.8915160e+01
  -5.8485162e+01  -7.5160052e+01
  -6.2204600e+00  -9.3117328e+00
  -5.5842865e+01   1.3106128e+01
   7.6462282e+01   4.9876467e+01
  -6.0282664e+01   3.3116029e+01
  -5.7133241e+01  -2.3582838e+01
   1.8476780e+01   5.7591255e+01
   1.4599860e+01   7.6738213e+01
   1.2346741e+01  -1.1755926e+01
  -5.7202656e+01  -5.3653744e+01
   9.3105437e+00   3.5576034e+01
  -4.1982778e+01  -1.1523955e+00
  -5.3135619e+01   2.2697540e+01
  -4.7013704e+01   4.9260183e+01
  -5.0333273e+01   3.2279040e+01
  -8.2635408e+01   1.5426011e+01
   5.7103571e+01  -5.1382365e+01
  -4.4799970e+01  -1.0664168e+01
  -8.7224631e+01  -1.8877696e+01
  -1.7537780e+01   6.7427359e+01
   7.1741271e+01  -3.8395287e+01
   1.2738984e-01  -5.5208010e+01
  -8.7814506e+01  -3.2266312e+01
  -2.8800489e+01  -2.6924785e+01
  -3.0136280e+01  -7.1680561e+01
   5.4767322e+01  -3.8000567e+01
  -2.3717375e+01   9.6216240e+01
   3.0508227e+01  -7.1312892e+00
  -8.8027341e+01  -5.9080872e+01
   5.6075620e+00   6.9978580e+01
  -1.1933733e+01   5.8938070e+01
   1.5900005e+01   4.2555147e+01
  -3.1607113e+01   4.0987226e+01
  -2.9592324e+01   1.0758647e+01
  -3.9233485e+01   8.3809989e+00
  -8.0057246e+01   4.6778606e+01
   2.2178950e+01   3.5035158e+01
  -7.9433549e+01   5.6971193e+01
   9.6850038e+00  -5.2296340e+01
  -6.1266384e+01  -5.7371473e+00
  -2.9167289e+01   8.7831823e+01
   3.0314373e+01  -4.9074279e+01
   8.0336574e+01  -3.3427905e+01
   4.6690074e+01   7.9829668e+00
   7.3400274e+00  -2.9549464e+01
  -7.4008495e-01  -6.5143301e+01
  -2.8560457e+01  -9.1186721e+01
   4.5896415e+01   6.3868514e+01
  -9.5208776e+01  -5.2164829e+01
  -1.9168338e+01  -2.9281137e+01
   8.7252378e+01   7.8408317e+01
   1.4984530e+01  -2.2119957e+00
   8.1663905e+01   5.8386649e+01
   2.2214100e+01  -1.2647737e+01
  -6.4828863e+01  -3.0014677e+01
   7.2588094e+01   8.2624687e+00
   6.7751300e+01   7.4366604e+01
   4.3304141e+01   8.3176424e+01
   7.8534846e+01   8.6228013e+01
   9.4566035e+01  -3.4047411e+01
   1.7054186e+01   9.6145083e+01
   8.6813410e+00   1.8317933e+01
  -7.6851627e+00   2.7221068e+01
   6.6506165e-01   5.2569196e+01
  -2.5321568e+00   3.6871180e+01
  -2.5367914e+01  -7.9579170e+00
  -4.8910316e+01   5.9861855e+00
  -4.4091612e+01   7.6399764e+01
  -3.7025440e+01   4.9309994e+01
   3.2599495e+01   2.7789460e+01
  -5.8868483e+01   5.1334605e+01
  -7.0253171e+01   8.7327460e+01
  -7.1891621e+01   3.7420349e+01
   5.6592403e+01   6.6135876e+00
   2.7425439e+01  -5.8626606e+01
  -7.2892061e+01   1.7599489e+01
  -7.7996936e+01  -1.5171076e+01
   6.8518456e+01  -7.0364011e+01
   7.1048569e+00   6.0154979e+01
   3.9064534e+01  -8.5948789e+01
  -5.6853943e+01  -3.5867804e+01
  -6.8286500e+01   1.3466966e+00
  -9.1167908e+01  -9.6955520e+00
  -3.3889756e+01   7.6084385e+01
   5.7364643e+01  -6.2651354e+00
  -9.1868450e+00  -6.0392995e+01
  -9.1088173e+00  -1.8838697e+01
  -8.5814817e+01   2.7796353e+01
  -1.7140943e+01  -8.6011275e+01
   6.4107541e+01  -1.6792243e+01
   4.3669127e+01  -2.1246891e+01
   5.8089255e+01  -2.4714888e+01
  -4.0543023e+01  -5.8863979e+01
  -8.4689712e+01  -4.9700730e+01
  -9.4979719e+01  -8.2031939e+01
  -1.7370234e+01  -4.5519513e+01
  -3.8095579e+01  -8.8032060e+01
  -2.7316842e+01  -5.3993024e+01
   5.3162592e+01  -7.2205290e+01
   4.5542325e+01   1.8079458e+01
   3.2670924e+01   5.0669846e+01
   4.1134753e+01   5.5303695e+01
  -5.1730560e+00   7.3111286e+01
  -6.6254080e+01  -8.7754364e+01
  -6.7275669e+00   9.2764823e+01
   7.4932913e+01   6.6682542e+01
   3.6073455e+00  -9.4073364e+01
   1.3556837e+01   7.7552701e+00
   2.4390174e+01   6.2487656e-01
  -7.4984525e+01  -4.7398600e+01
  -4.7561719e+01  -9.1141049e+01
   2.5495625e+01  -3.6575486e+01
   7.8245315e+01  -1.0823676e+01
   9.1183797e+01   5.5330791e+01
   6.4526160e+01   1.3957349e+01
   9.4339715e+01   2.0196286e+01
   5.0157546e+01   3.5932744e+01
  -4.8986873e+01  -7.2500528e+01
   3.9046067e+01   9.2119435e+01
   6.5792542e+01   8.4032246e+01
   2.3912287e+01   7.2727703e+01
   9.6732890e+01  -1.7254015e+01
   5.2975766e+01   9.7267618e+01
   2.1297279e+01   2.5484382e+01
   2.4796815e+00   2.8451189e+01
  -1.2378315e+01   3.7247280e+01
   1.1048774e+01   5.1106105e+01
   4.5830243e+00   4.3705544e+01
  -2.2396292e+01   1.1905280e+00
  -4.3446137e+01   2.5089906e+01
  -2.7507413e+01   2.2237665e+01
  -2.8447203e+01  -1.7139559e+01
  -6.3086457e+01   2.3527886e+01
  -3.9249276e+01   6.7666365e+01
   3.8435490e+01   3.6549196e+01
   3.6397593e+01   1.5434319e+01
  -2.7539671e+01   6.6879974e+01
  -5.6063224e+01   7.7052690e+01
  -3.6887976e+01   3.2547539e+01
  -5.3545677e+01   4.1714916e+01
  -7.1148598e+01   5.1318637e+01
  -5.3866243e+01   9.3782045e+01
  -3.8140949e+01  -1.7847020e+01
  -7.2256022e+01   2.7501002e+01
   5.0980080e+01   5.5345512e+01
  -8.1798200e+01   3.6933819e+01
  -9.3809374e+01   5.3374166e+01
   2.0335838e+01  -4.9028151e+01
   2.2122742e+01  -6.7425661e+01
   7.2314059e+01  -6.1123562e+01
  -4.7648767e+01  -2.0540941e+01
  -2.3899957e+01   7.6190782e+01
  -2.1901974e+01   5.8440745e+01
  -6.3890538e+01  -1.5373368e+01
  -7.8170222e+01  -1.6174515e+00
   3.2121538e+01  -6.7420209e+01
  -4.3874048e+01   9.3393880e+01
  -9.9957330e+00  -7.5909698e+01
   7.8384998e+01  -2.0844678e+01
  -5.4783066e-01  -3.5376355e+01
  -1.9615215e-01  -7.4950181e+01
   4.0719485e+00  -1.7534070e+01
   1.7107499e+01  -3.1212240e+01
  -5.1645636e+01  -3.5298424e+00
  -8.6093964e+01   4.3772224e+00
  -1.8977523e+01  -1.9642458e+01
   6.9255414e-01  -4.5256060e+01
  -9.6680336e+01  -2.2033175e+01
  -2.8742640e+01  -8.1341308e+01
  -9.4424830e+01  -7.1267593e+01
  -7.6597630e+01  -8.2555637e+01
  -3.5170059e+01  -8.3762332e+00
  -8.5669287e+01  -7.8435706e+01
  -8.4884324e+01  -6.8485267e+01
  -9.6117951e+00  -3.1214908e+01
  -3.6057964e+01  -9.7753847e+01
  -4.9696529e+01  -5.9805290e+01
  -3.9971493e+01  -6.8592035e+01
  -3.9098953e+01  -2.7598382e+01
  -3.8195340e+01  -7.8187506e+01
  -2.3502746e+01  -3.7842745e+01
  -7.4779557e+01  -9.2993457e+01
  -9.1854731e+01  -9.8380357e+01
  -9.8856056e+01  -9.1242581e+01
  -2.3325562e+01  -6.3065643e+01
  -6.9576867e+00  -9.0531249e+01
  -7.4030522e+01  -3.3859985e+01
   9.5867693e+01   8.3457007e+01
  -3.9652590e+00   3.7709509e+00
   2.3068414e+01   1.0392376e+01
  -1.1923276e+00   1.9460885e+01
  -5.4316479e+01  -1.3150826e+01
  -8.0160995e+01  -2.5933180e+01
   1.3118260e+01  -2.1587940e+01
   3.1178445e+01  -1.7031431e+01
   9.0551630e+01   3.7985746e+01
   7.5931223e+01  -1.1121775e+00
   9.7992695e+01   3.1323000e+01
  -5.4712268e+01  -8.4249149e+01
   6.0081290e+01   3.2710754e+01
   8.3536822e+01   1.9123561e+01
   6.0806019e+01   5.5825607e+01
   9.8004406e+01   6.3311415e+01
   9.8280611e+01   3.3063803e+00
  -9.7717222e+01  -3.3315676e+01
   4.3446466e+01   7.3346040e+01
   7.8887311e+01   9.6529097e+01
   5.5808306e+00   8.0996009e+01
   3.7601989e+01  -5.9063748e+01
   4.4946877e+01  -6.5897636e+01
   6.3388033e+01  -3.3086926e+01
   5.2288640e+01   8.7380988e+01
  -2.1668667e+01   4.0662543e+01
  -6.9187844e+00   4.5807778e+01
  -2.2696486e+00   6.3553992e+01
  -1.7567186e+01   2.8753252e+01
  -4.6171584e+01   1.5536815e+01
  -3.2316421e+01   1.1725704e+00
  -3.6491844e+01   1.7958937e+01
  -2.6925902e+01   3.2180384e+01
  -7.5696141e+01   8.0433005e+00
  -6.5529835e+01   1.0909474e+01
   2.9710768e+01   4.1272373e+01
   2.7706310e+01   1.8939096e+01
  -4.1789275e+01   5.8036974e+01
  -4.3747240e+01   3.9801940e+01
   4.2595478e+01   2.7534342e+01
   5.5068831e+01   1.6480458e+01
   5.2503353e+01   2.6186881e+01
   5.7531162e+01   4.2688194e+01
  -3.1847090e+01   5.7861610e+01
  -6.0329145e+01   8.6097131e+01
  -6.3463641e+01   4.2571926e+01
  -5.0451791e+01   6.8653714e+01
  -4.9562116e+01   8.4760300e+01
  -8.8271943e+01   6.1697032e+01
   4.8035602e+01   4.5822955e+01
   2.1392049e+01  -7.7398420e+01
  -7.9852882e+01   6.7088870e+01
  -9.8905757e+01   4.4775117e+01
   6.0092007e+01  -6.5004521e+01
  -9.9810642e+01   3.0223273e+01
   6.8062469e+01  -5.2093193e+01
  -9.4011210e+01   2.2091970e+01
  -3.8714428e+01   8.4833030e+01
  -1.4229239e+01   7.8713876e+01
   4.8415497e+01  -1.8659957e+00
   4.5029615e+01  -1.1304473e+01
   3.3761335e+00  -8.4143554e+01
  -1.6113126e+01   4.9737697e+01
   9.6270854e+00  -7.3437592e+01
   3.9321894e+01  -7.4329326e+01
   3.1056476e+01  -7.9962379e+01
   4.9404185e+01  -2.9551578e+01
   8.7243891e+01  -2.6257934e+01
   1.4442372e+01  -4.0972373e+01
   4.8571628e+01  -5.6581676e+01
  -7.0844468e+01  -8.2902085e+00
  -3.4461814e+01   9.6821496e+01
   4.5289343e+01  -4.0895818e+01
   6.5098268e+01   1.3808069e+00
   5.4004392e+01  -1.5656412e+01
   6.9482859e+01  -2.5211412e+01
  -9.5896889e+01   2.4665316e+00
   2.2911822e+01  -2.2610689e+01
  -9.7808741e+01  -6.1859694e+01
  -8.7573013e+00  -5.0675914e+01
   3.8494661e+01  -1.2147212e+00
   3.2293718e+01   6.5431036e+00
  -8.1769457e+01  -4.0160448e+01
  -8.6242442e+00  -4.0959238e+01
   6.3132180e+01  -4.3421345e+01
  -9.2132753e+01   1.2297308e+01
  -6.7888953e+01  -7.7901906e+01
  -9.1707246e+01   3.7862747e+01
  -6.6984043e+01  -5.3175964e+01
  -1.7547953e+01  -5.5269865e+01
  -5.7224106e+01  -6.5475201e+01
  -6.6216617e+01  -9.8148215e+01
  -7.7880233e+01  -5.7051575e+01
  -5.7192934e+01  -9.3881727e+01
  -1.6197987e+01   8.9562558e+01
  -1.6011152e+01  -9.5909922e+01
  -8.1977159e+01  -9.9934325e+01
   2.6690060e+01   6.3135041e+01
   2.3145668e+01   4.8918154e+01
   3.6175576e+01   6.6114262e+01
   1.7631946e+01   8.6198914e+01
   2.6887719e+01   8.2755915e+01
   3.3836740e+01   7.5775230e+01
  -4.8570942e+01  -3.0444149e+01
  -7.0976842e+01  -2.2241254e+01
   8.6914273e+00   9.0492298e+01
   9.5671640e+01   7.3031926e+01
  -6.2351135e+01  -4.4163983e+01
   7.0527046e+01   5.7776167e+01
   8.4856924e+01   6.7850993e+01
   5.4614228e+01   6.8591324e+01
  -4.1906666e+00   8.3058346e+01
   1.5092478e+01   6.6851274e+01
   9.8967834e+01  -6.6677670e+00
   3.3643318e+00  -7.7779797e+00
  -1.5888727e+01  -1.0406486e+01
  -1.2655504e+01  -1.0476396e+00
  -3.3383843e+01  -3.5597206e+01
   3.1193388e+00   1.0638942e+01
   7.7515088e+01   7.6301860e+01
   8.5939289e+01   4.6830242e+01
   3.1784412e+01  -2.6965975e+01
   1.7485783e+01  -5.8565778e+01
   5.8767765e+00   1.4909533e+00
  -6.6672121e+01  -6.7436515e+01
   8.8379018e+01   2.8220903e+01
   8.9306406e+00  -6.3483187e+01
   8.2385565e+01   6.5165399e+00
   9.6265381e+01   4.6646026e+01
   7.3542761e+01   1.8778965e+01
   6.4874420e+01   2.3938205e+01
   8.7227946e+01  -6.3095095e+00
   6.6304849e+01   4.7524176e+01
   8.7071124e+01  -1.6249450e+01
   6.3972464e+01   6.5242005e+01
   5.7340467e+01   7.8823117e+01
   9.1475672e+01   1.0625194e+01
  -9.3215263e+01  -4.2373464e+01
   6.9643235e+01   9.3052197e+01
  -5.1680230e+01   5.8182263e+01
   1.9129251e+00   9.7786971e+01
  -3.0153368e+01  -4.4832497e+01
   4.0279882e+01  -4.9464260e+01
  -2.0061986e+01  -7.6520061e+01
   4.7321423e+01  -8.0313485e+01
   7.6683809e+01  -4.7028848e+01
  -3.2398063e+01  -6.2323692e+01
   2.9082869e+01   9.2469341e+01
   1.2179835e+01   2.6899003e+01
   6.2540254e+01   9.9925185e+01
   9.9742680e+01  -2.6168114e+01
