  -2.2388002e+01  -2.6963367e+01
   3.0537931e+01   5.5376765e+01
   6.5734828e+01  -3.9367558e+01
  -7.4721523e+00  -4.1259947e+01
  -1.7276881e+00  -5.7584012e+01
  -2.9794852e+01   1.1528945e+01
  -8.6096060e+00  -1.0271320e+01
   2.1765004e+01   3.9073145e+01
   4.0289034e+01   5.0603223e+00
   1.2818731e+01  -4.3582362e+01
  -3.7534146e+01  -7.7379085e+00
  -7.0258130e+01  -4.2677760e+01
   5.1882683e+01   4.3981330e+01
   5.7162939e+01  -1.2903797e+01
   2.2804557e+01  -4.3991835e+01
  -3.9335196e+01   1.4520268e+01
   8.0815134e+01   1.7467886e+01
   3.3761834e+01   2.8727867e+01
   4.2468477e+01   2.3810613e+01
   4.1563918e+01  -5.7842915e+00
   7.0857686e+01   4.3430895e-01
   9.4922301e+00   7.8586884e+01
  -5.3833232e+01   3.8428771e+01
   2.6503686e+01  -6.3309671e+01
   2.7258229e+01  -1.8204095e+01
  -3.2790219e+01  -7.7268142e+01
   2.1181813e+01  -3.4124901e+01
  -5.3495409e+01   2.8434866e+01
  -6.5792541e+01   2.7149367e+01
  -6.8127757e+01  -6.7958362e+00
   4.1402682e+00  -3.8625981e+01
  -2.7022584e+01  -1.8108742e+01
   2.1362864e+01  -7.6586810e+01
  -3.2373735e+01  -2.6551523e+01
  -3.0057207e+01  -4.6356073e+01
  -1.0229128e+00   4.4286748e+01
   2.4725416e+01  -7.4772092e+00
   2.1345745e+00   5.8327444e+01
   1.6929879e+01  -1.2218543e+00
  -3.8355985e+01   3.9545225e+01
  -1.4012086e+01   5.9132352e+01
   3.8390130e+01  -3.1909620e+01
   3.7033039e+01  -4.7642971e+01
   2.6625279e+01  -5.3229344e+01
   1.7563140e+01  -5.7442747e+01
  -1.1142795e+01  -5.4219063e+01
  -6.0147567e+01   1.0059130e+01
  -6.4565338e+01  -1.6139399e+01
  -5.5818431e+01   3.4552347e-01
  -4.6688590e+01  -3.7269151e+00
   1.6399503e+00  -8.7327251e+01
  -3.1936594e+00  -2.2154670e+01
   7.3180392e+00  -6.2611989e+01
   5.6744448e+01   1.4847501e+01
   8.3886152e+00   2.2818779e+01
  -3.9814225e+01  -6.9951425e+01
   5.5660095e+01   3.4722287e+01
  -5.1625369e+01  -2.2097753e+01
  -8.4536158e+00   3.7594772e+01
  -3.3253245e+00   7.4335369e+01
  -2.4752680e+01   7.4254671e+01
   6.9121318e+00   1.2935271e+01
   8.5155397e+01  -1.6861565e+01
   3.9861843e+01   7.0426057e+01
   5.4796528e+01  -2.3118349e+01
  -2.3513566e+01   2.6631605e+01
  -2.7523519e+01   4.4511842e+01
   1.7271368e+01   5.0901313e+01
   3.6528359e+01   3.8337258e+01
   5.0021280e+01   5.5646148e+01
   4.9888804e-02  -3.2129589e+00
   4.8319857e+01  -3.0737164e+01
   5.1458514e+01  -4.6763669e+01
   3.6821764e+01  -7.9248654e+01
  -2.1331728e+01  -7.3874342e+01
   2.9109511e+01  -2.8030241e+01
   8.9665943e+00  -1.9272074e+01
  -4.5571412e+01   2.2336094e+01
  -2.0817577e+01  -6.3894557e+01
  -7.5407037e+01   2.4401298e+01
  -1.7751937e+01  -1.4365951e+01
  -2.7547376e+01  -8.1281867e+00
  -6.9014925e+01   3.6614849e+01
  -7.1872918e+01  -2.2963929e+01
  -3.5516846e+01   2.0523450e+00
  -5.0906046e+01   1.3878768e+01
  -4.6182098e+01  -1.3711333e+01
  -1.6730428e+01  -4.4967750e+01
  -5.5862721e+01  -1.1217217e+01
  -1.0831205e+01  -6.4344665e+01
  -1.3544895e+01  -8.3445687e+01
   9.4751127e-02  -4.7763149e+01
  -3.8206338e+01   2.9099568e+01
   3.5641036e+01  -5.7545313e+01
   6.3715049e+01   7.4330078e+00
   8.7251727e+00  -7.2511367e+01
  -1.3669175e+00  -6.7567943e+01
  -4.4672492e+01   6.0647157e+00
  -3.0785682e+01  -5.6490241e+01
   8.7614390e+00  -5.2719675e+01
  -2.2668202e+01  -3.6947673e+01
   3.0077227e+01   8.3337383e+00
   2.0487518e+01   1.1166064e+01
   4.7041567e+01   1.2432663e+01
  -5.6453605e+00   6.4608600e+01
   5.7175367e+01   2.4837955e+01
  -2.3270679e+01   6.2910808e+01
   4.5669790e+01   3.4283533e+01
  -5.9988639e+01  -4.4417244e+01
  -6.1030434e+01  -2.5493490e+01
   4.4577987e+00   3.4268023e+01
   2.4478597e+01   7.2714755e+01
   6.1387648e+01  -3.1718912e+00
   4.8095405e+00   6.7978817e+01
   7.6112627e+01  -8.0735860e+00
  -2.1470934e+01   5.2471979e+01
   6.7006296e+01  -2.2514257e+01
  -2.0086747e+01   3.6998851e+01
  -3.7486519e+01   4.9507324e+01
   7.1601017e+01   1.3582053e+01
  -4.2537281e+01  -2.6802714e+01
  -3.1843888e+01   5.7763144e+01
   1.3953391e+01   3.1121155e+01
   7.3307138e+00   4.9785506e+01
  -6.2757732e+00   5.2795993e+01
   1.1880761e+01   6.0566011e+01
   4.1250735e+01   6.0450038e+01
  -1.8281117e+01  -4.3885329e+00
  -3.8544905e+00   2.8710027e+01
  -9.3638035e+00   1.0642079e-01
   3.1602097e+01  -3.9247210e+01
   4.2209269e+01  -2.2670742e+01
   4.7227537e+01  -1.4023637e+01
   5.8073176e+01  -3.2941582e+01
   4.3825201e+01  -4.0303625e+01
   3.4300220e+01  -6.9571784e+01
  -4.4828487e+01  -7.8602436e+01
  -3.0090683e+01  -6.7626611e+01
  -2.9754878e+01   3.4444476e+01
   1.7701309e+01  -2.4750369e+01
  -5.8828580e+01   1.9975732e+01
  -6.2188928e+01   4.3922304e+01
   5.9711791e+00  -2.8802494e+01
  -6.9736196e+01   1.5611327e+01
  -7.8691092e+01   3.4091340e+01
  -8.1633121e+01  -2.0788888e+01
  -2.5530358e+01   2.4888712e+00
  -6.7402956e+01   3.1776132e+00
   3.3251761e-03  -7.7466043e+01
  -7.6562546e+01  -1.2167387e+01
  -3.1964879e+01   2.1288023e+01
   4.2895562e+01  -6.4424772e+01
  -3.4549212e+00  -3.2128497e+01
   1.0775446e+00  -1.3139229e+01
   7.8743701e+01   6.5833446e+00
   1.7339386e+01  -6.7434704e+01
  -2.1136814e+01  -5.3914811e+01
  -1.3124845e+01  -2.3221671e+01
  -4.8982351e+01  -6.4361336e+01
   1.8278526e+01   2.0918835e+01
  -9.5726863e+00  -7.4268456e+01
  -1.2359119e+01   7.8623703e+01
  -1.3399669e+01  -3.3212088e+01
   3.2609624e+01  -1.3383003e+00
   1.7875953e+01  -1.4752298e+01
   3.6523441e+01  -1.4445024e+01
   9.9870740e+00  -8.6081929e+00
  -3.3560057e+01   6.7614758e+01
   2.8277600e+01   2.0305022e+01
  -1.5418741e+01   6.9103273e+01
   6.1989180e+01   4.2464437e+01
   6.6871880e+01   2.2393120e+01
  -7.3432015e+01  -3.2841113e+01
   2.9482053e+01   4.5432788e+01
  -6.3697705e+01  -3.5130733e+01
   7.8712878e+00   2.9927077e+00
   3.7295887e+01   1.5252808e+01
  -1.3842709e+01   2.9171394e+01
   3.1244999e+01   6.5351659e+01
   2.1778200e+01   6.1994447e+01
   1.4819955e+01   7.0124303e+01
   5.1499754e+01  -4.6620732e+00
  -1.3819869e+01   4.6032933e+01
   8.6026591e+01  -6.7675607e+00
   7.8077165e+01  -2.3925462e+01
  -4.6548595e+01   4.5279258e+01
   6.7154169e+01  -1.2515495e+01
  -4.6464984e+01   5.5278818e+01
  -5.2571606e+01  -3.2051762e+01
  -3.7026296e+01  -1.7716532e+01
  -3.2637319e+01  -3.6530604e+01
   1.1935678e+01   4.0911866e+01
   2.3778205e+01   2.9270998e+01
   5.9377985e+01   5.2117451e+01
   3.9405311e+01   5.0540965e+01
  -1.7624780e+00   6.6248309e+00
   5.4011298e+01   5.0172470e+00
  -9.1467602e-01   1.9153822e+01
  -4.0381281e+01  -5.9270402e+01
