   3.3528970e+01   6.5524354e+01
  -2.5180756e+00  -6.2251641e+01
   2.1648632e+01   3.9227972e+01
   4.7073887e+00   8.8145125e+01
   2.6967966e+01  -4.1127830e+01
   5.4868225e+00  -4.7232190e+01
   1.9664306e+01  -9.1079884e+01
   3.2330283e+01  -1.4228448e+01
  -4.5700455e+00   6.7447376e+01
   3.6356662e+01  -3.8532782e+01
   3.8002801e+01  -4.8334399e+01
   1.0543825e+01  -8.6132836e+01
  -2.1727608e+01   7.5341861e+01
   8.8157061e+01  -1.9675964e+01
   4.7868374e+01   8.3448967e+01
   4.5924809e+01   4.8609077e+01
   5.6712916e+01  -5.4957799e+01
  -7.1506145e+01  -1.9436627e+01
   7.7077423e+00  -7.6628611e+01
   1.5061516e+01  -4.7553641e+01
   2.4417269e+01   8.6497863e+01
   7.5987970e+01  -3.8391983e+01
  -3.0368835e+01   5.3095669e+01
   7.5561130e+00   5.1814849e+01
   5.8145241e+00   2.9961338e+01
   4.0312759e+01  -2.0046785e+01
   4.1020244e+01  -8.5082183e+01
  -8.3596504e+01   3.6252085e+01
   9.8974856e+00  -2.0174804e+01
   1.6200295e+01  -7.1658344e+01
  -1.1032210e+01  -4.7627489e+01
  -7.3261280e+01  -7.8035761e+01
  -1.0042218e+01  -7.9530225e+01
   3.3926388e+01  -4.5208218e+00
  -1.1788784e+01   7.4340296e+01
   1.3805682e+01   6.5467870e+01
  -4.2849417e+00   5.3325853e+01
   9.2275834e+01  -1.0569630e+01
   8.9583167e+01  -2.9565061e+01
   6.6657852e+01  -1.0451189e+01
   3.8442249e+01   4.3382118e+01
   3.5865320e+01  -2.8746506e+01
   3.0001924e+01  -5.7850075e+01
   3.4954094e+01  -6.8158511e+01
   6.1378847e+01  -2.8660704e+01
  -5.5404099e+01  -8.7772473e+01
  -2.4109114e+01  -9.3394668e+01
  -5.5557661e+01   2.6706960e+01
  -6.4530081e+01   1.5645026e+00
  -5.3722610e+01  -9.6999652e+00
  -8.0717452e+01   9.7496501e+00
   2.4345015e+00  -9.1919751e+01
   7.5468420e+00  -3.7712601e+01
   7.6001599e+00  -5.7053602e+01
  -8.7083706e+01  -3.5926844e+00
  -1.1953302e+01   9.5734421e+01
   8.8210236e+01   4.2105608e+01
   2.6333070e+01  -7.4100045e+01
  -4.0328797e+00  -7.1821657e+01
  -6.4097950e+01  -8.2842596e+01
  -3.1984908e+01  -6.6299984e+01
   2.6107887e+01  -2.1811483e+01
   1.7424033e+01  -5.7249401e+01
  -7.0573032e+01   1.9284974e+01
  -3.7220640e+01  -5.6535547e+01
   4.0790174e+01   8.9934372e+00
  -1.4514527e+01  -9.6465192e+01
   5.0174119e+00   7.0153316e+01
  -1.5191011e+01  -7.0999133e+01
   5.2605839e+01   6.4608214e+01
   1.4446630e+01   8.5937488e+01
  -8.8539993e+01  -4.1172342e+01
  -1.5558816e+01   4.1679524e+01
  -2.9585532e+01   1.9114271e+01
  -2.3247776e+01   2.6849802e+01
  -1.7333228e+01   5.2157039e+01
   6.9041665e+01  -2.0156846e+01
   2.6172100e+00   6.0493127e+01
   1.3051402e+01   7.6051241e+01
  -3.5015231e+01   3.6835030e+01
   2.3104865e+01   6.9032353e+01
   6.0853937e+00  -8.5244255e-01
   9.1027314e+01   2.5881714e+01
  -6.2784413e+01  -6.2820149e+01
  -9.5791504e+01  -4.7596111e+01
   3.1542060e+01  -8.2290222e+01
   2.6319485e+01  -3.1516660e+01
   4.6004570e+01  -4.0264673e+01
  -4.2226753e+01  -9.1561476e+01
  -3.1411502e+01  -8.6628703e+01
  -3.3604962e+01  -9.6625289e+01
  -5.4573364e+01  -7.5233046e+01
  -4.5008370e+01   3.9488756e+01
   4.7059781e+00  -2.8350260e+01
   3.9574316e+01  -5.8972076e+01
  -5.2856706e+00   8.8285050e+01
  -4.8558058e+00  -9.9011224e+01
   1.1282299e+01  -9.6462157e+01
  -7.3491667e+01  -9.8755134e+00
  -8.3135996e+01  -7.6457869e+01
   9.5210694e+01   3.4964628e+01
  -5.5570721e+01  -5.5642362e+01
   9.0166698e+01   1.5918816e+01
  -1.9785881e+01   6.5576657e+01
   1.9330801e+01  -8.1134373e+01
   4.3129597e+01  -1.0598568e+01
   4.9897082e+01  -2.2319752e+01
   1.8506763e+01  -1.5533591e+01
  -3.0862725e+00  -3.4412467e+01
   2.8454593e+01   7.7419943e+01
   2.4525191e+01  -7.7275101e+00
  -6.4281675e+01  -7.2854293e+01
   4.5190804e+01   3.6604829e+01
   3.7949381e+01   7.4488459e+01
   1.9026396e+01   9.4880320e+01
   5.5606144e-01   7.9062131e+01
  -9.6894776e+01  -3.5839713e+01
  -7.5059989e+01  -5.1417956e+01
  -7.6101633e+01  -2.7741340e+01
   5.9209596e+01  -1.9016148e+01
  -4.3547049e+01  -6.3018565e+01
   8.5245763e+00  -1.0426908e+01
  -8.2067443e+01  -6.6515495e+01
  -7.2073416e+01  -6.6602730e+01
  -5.3122338e+01  -6.5343005e+01
   8.1942181e+01   2.1703154e+01
  -6.9725032e+01  -9.1101388e+01
   9.5018746e+01   7.1748107e+00
   5.2640662e+01   9.2236436e+01
   3.7922894e+01   8.4491297e+01
  -9.5795927e+01  -2.5926212e+01
  -1.3465089e+01   2.8923082e+01
  -2.5016298e+01   3.6692148e+01
  -3.5891792e+01   2.6874159e+01
   4.6389315e+01  -6.6093840e+01
   3.3352104e+00   3.9745271e+01
  -2.2222186e+01  -6.3937662e+01
   1.2648510e+01   3.7000816e+01
  -7.1323091e+00  -8.9334593e+01
  -4.3149927e-01  -8.2087904e+01
   5.1477027e+00   9.0385527e+00
  -1.6655852e+01  -8.6810388e+01
  -4.1751768e+01   5.5804406e+01
  -3.7937780e+01   4.6560300e+01
  -5.7823389e+00   4.3505534e+01
   5.3627974e+01   4.3418138e+01
   6.6074176e+01  -3.7382309e+01
   8.6002099e+01  -3.8897910e+01
  -6.4314275e+01  -2.7917319e+01
  -1.1435090e+01   6.0220560e+01
   5.7551519e+01  -4.4924452e+01
  -5.2029237e+01   1.7355192e+01
  -7.4649135e+01   3.1805750e+01
  -6.5474586e+01   2.7862343e+01
   2.5347299e+01   5.1078521e+01
  -7.0757030e+01   9.3221977e+00
   4.7058866e+01  -5.2537676e+01
  -6.1770009e+01  -1.8155192e+01
  -8.5970235e+01  -2.4094164e+01
   4.7849499e+01   7.3439927e+01
  -2.5434539e+01   8.4597651e+01
  -2.9734416e+01   6.6151235e+01
   6.4387065e+01  -7.1765085e-01
   4.2193564e+01  -7.5141995e+01
  -1.5510752e+01  -5.6551683e+01
   2.4285073e+01  -5.0233245e+01
   2.3385571e+01  -6.4935806e+01
   1.6668126e+01   5.5911586e+01
   7.8513986e+01  -1.7124560e+01
   7.4432099e+01  -2.8530159e+01
  -6.3618309e+01  -8.3492899e+00
   3.1114185e+01   4.9936919e+00
   6.2616655e+00  -6.6879580e+01
   2.9597686e+01  -9.1981649e+01
   5.2279751e+01  -3.2614961e+01
  -8.9962192e+01   5.9826560e+00
  -4.0026647e+01  -8.1663273e+01
  -5.3933747e+01  -9.7660952e+01
   4.3086188e+01  -6.8500731e-01
   5.6305971e+01  -9.5561291e+00
   1.4752404e+01  -2.9350406e+01
  -2.4050378e+00  -5.2614999e+01
  -8.0603049e+01  -3.6009659e+01
  -2.3869540e+01  -8.0126486e+01
   3.8806293e+01   5.4869524e+01
   2.9887927e+01   4.2503442e+01
  -3.0596849e+01  -5.6960974e+01
