   3.2165284e+01   6.3325027e+01
   6.2391560e+01  -4.3008703e+01
  -1.0861222e+01  -4.5140251e+01
   1.1354999e+00  -6.0662254e+01
  -3.8480705e+01   1.5155679e+01
   2.0743771e+01   4.6443265e+01
  -7.8986063e+01  -5.5121599e+01
   4.0932933e+01   2.5146678e+01
   4.3828072e+00   8.6970550e+01
  -3.7488749e+01  -7.7664978e+01
   2.5312972e+01  -4.3889894e+01
  -5.9250359e+01   3.0999728e+01
  -7.2645668e+01  -1.1632727e+00
   5.9406894e+00  -4.8807541e+01
   1.7640468e+01  -8.9489316e+01
  -2.0364521e+01  -4.7818910e+01
   3.2518224e+01  -1.3161479e+01
  -6.0978398e+00   6.4046938e+01
   1.4200092e+01  -4.9225314e+00
   3.4275515e+01  -3.9504541e+01
   4.2865652e+01  -5.0058506e+01
   2.8981415e+01  -6.1150023e+01
  -5.3401600e+01  -4.8009767e+00
   8.1136939e+00  -8.4573499e+01
   7.3018086e+01   9.2769160e+00
  -5.2851969e+01  -2.1523838e+01
   1.2893002e+00   4.4381213e+01
  -2.1225306e+01   7.5171312e+01
   1.3979834e+01   6.8789583e+00
   8.5433956e+01  -2.0123190e+01
   4.6879541e+01   8.2766594e+01
  -2.3198002e+01   2.6535837e+01
   4.1642600e+01   4.9864760e+01
   5.1169124e+01   6.2058152e+01
   5.2448332e+01  -4.6709149e+01
   3.6447472e+01  -8.8053113e+01
  -8.8824397e+01   2.3669657e+01
  -6.9947908e+01   3.9184708e+01
  -6.7607953e+01  -2.0196145e+01
  -1.5322958e+01  -9.7801727e+01
   3.9426145e+00  -7.2532140e+01
  -4.8422270e+01   1.4305556e+01
  -2.8995695e+01  -5.7000003e+01
   1.5593529e+01  -4.6462603e+01
   3.2155014e+01   1.6374608e+01
   5.3029029e+01   3.6806830e+01
  -5.9129888e+01  -5.4137446e+01
   2.3615803e+01   8.2959086e+01
  -2.3794620e+01   5.6317778e+01
   6.9617718e+01  -3.2615775e+01
  -3.4295168e+01   5.0034469e+01
  -4.2650845e+01  -2.1422403e+01
   1.3384494e+01   5.3759134e+01
  -1.8620180e+01  -9.9060458e+00
   6.4522540e+00   3.4783288e+01
  -8.7457517e+00  -8.9970614e+00
   3.9759799e+01  -2.0031931e+01
   5.4469841e+01  -3.6943158e+01
   3.8709653e+01  -7.8322804e+01
  -4.7710744e+01  -9.4264169e+01
  -2.3732890e+01  -7.5768323e+01
  -2.6344085e+01   4.4109054e+01
  -5.8371669e+01   1.3662216e+01
  -6.0096182e+01   4.0896351e+01
  -7.1989761e+01   1.6158181e+01
  -7.9621756e+01   3.3324279e+01
  -2.4313611e+01  -3.7840685e-01
  -6.7437793e+01   7.3375316e+00
  -8.0942401e+01  -9.7257602e+00
  -4.4199593e+01   2.3259350e+01
   4.6909249e+01  -6.5061576e+01
   6.9478738e+00  -1.7194710e+01
   7.6024506e+01   1.9389788e-01
   1.3829398e+01  -7.1270086e+01
  -1.8728486e+01  -5.7651540e+01
  -1.2835299e+01  -1.7985113e+01
  -7.0413517e+01  -7.0592854e+01
  -8.8670320e+00  -7.8875114e+01
  -1.3935688e+01   8.1922691e+01
   3.2566749e+01  -3.2327490e+00
  -3.6589813e+01   7.4826525e+01
  -1.1727170e+01   7.2196411e+01
   7.6852643e+01   4.9882347e+01
   5.8997937e+01   2.0958407e+01
  -2.0155114e+01   3.5966571e+01
   2.2903763e+01   5.6809892e+01
   1.3551533e+01   6.3725536e+01
   4.8023956e+01  -2.4181174e+00
  -7.0703459e+00   4.9788914e+01
   9.0099719e+01  -1.1216040e+01
   8.7619307e+01  -2.9876728e+01
  -5.0922753e+01   4.4850587e+01
   6.0881362e+01  -7.5105424e+00
  -5.0432974e+01   6.8355273e+01
  -4.8739619e+01  -3.0524492e+01
  -2.6707977e+01  -2.8692835e+01
   1.9114998e+01   2.9320912e+01
   6.1131080e+01   6.1801196e+01
   3.3416577e+01   4.3441921e+01
  -9.2968958e-02   8.4487279e+00
   5.7118183e+01   1.6712034e+00
  -7.6149899e-01   1.7981644e+01
   3.6875925e+01  -2.9602614e+01
   3.2881203e+01  -5.0397490e+01
   2.2627835e+01  -5.3490560e+01
   7.2354081e+01  -4.2329709e+01
   3.5062171e+01  -6.9041131e+01
   4.6799159e+01  -3.0585410e+01
   6.0253202e+01  -2.8829152e+01
   4.6146285e+01  -8.4991230e+01
   5.2370396e+01  -5.6692263e+01
  -5.4568654e+01  -8.6986432e+01
  -2.2295443e+01  -9.0634258e+01
   1.8243867e+01  -3.6890115e+01
  -7.3761967e+01   4.8411320e+01
  -3.0218132e+01  -4.7167717e+01
  -7.0564506e+01   2.9234983e+01
  -8.9587580e+01   3.3620304e+01
  -5.3996386e+01   2.2582725e+01
  -8.4119661e+01   1.4892437e+01
  -8.4175358e+01   4.2189334e+01
  -2.2573106e+01  -1.9699502e+01
  -9.0767486e+01  -8.0339221e+00
  -3.8447512e+01   5.2539919e+00
  -3.5382151e+00  -5.1853188e+01
  -6.3335025e+01  -4.7787647e+00
  -4.3493599e+01  -4.1713843e+00
  -5.9404912e+01  -1.3989399e+01
  -2.9035072e+01   8.6223395e+00
   1.5386281e+00  -7.9911124e+00
  -7.7367242e+01   7.6069794e+00
   4.1779611e+01   1.5036626e+01
  -2.7005585e+00  -8.6745874e+01
   8.3844082e+00  -3.8384553e+01
   1.0645056e+01  -5.7591694e+01
  -3.5297682e+00   3.6206849e+01
  -2.8296805e+01  -1.1677360e+01
  -8.3629284e+01  -1.4840242e-01
  -1.4000069e+00  -4.2110822e+01
  -9.0678859e+00  -6.0135997e+01
   8.4066208e+01   8.8552991e+00
  -1.2133478e+01   9.4809867e+01
   9.2111116e+01   3.7941224e+01
   2.4836128e+01  -7.1032749e+01
  -5.5301293e+00  -6.9456785e+01
  -6.4247857e+01  -8.4474058e+01
  -2.4454382e+01  -6.5830204e+01
  -6.9715863e+00  -2.5892787e+01
   2.5090510e+01  -1.9594566e+01
   1.9135151e+01  -6.2830097e+01
  -6.3878833e+01   2.1932860e+01
  -3.4183816e+01  -6.8069892e+01
  -4.0547137e+01  -6.0369986e+01
   2.2127531e+01   1.5439565e+00
   3.9947206e+01   3.3751285e+00
  -3.7095655e+01   8.4787232e+01
  -1.2612470e+01  -8.8142714e+01
  -2.7258680e+01   8.3087666e+01
   6.0497030e+01  -6.2511542e+01
  -7.5522705e+01  -4.3044953e+01
   6.1394632e+01   5.1816837e+01
  -5.7155452e+01  -3.6363328e+01
   5.0746849e+01   2.7048665e+01
   3.7209455e+00   6.3700510e+01
  -1.5473654e+01  -7.0142338e+01
   4.6538065e+01   7.0907587e+01
   1.3647753e+01   8.3305349e+01
  -7.3574598e+01  -2.8241040e+01
  -8.3770488e+01  -3.7001713e+01
  -1.1764251e+01   4.0999582e+01
  -3.4986274e+01   2.6577226e+01
  -1.7637287e+01   4.8648400e+01
  -1.2914303e+01   2.8854288e+01
  -1.3408977e+01   5.7472599e+01
  -3.3051659e+01   5.9797787e+01
   9.7597534e+01  -2.9222422e+01
   7.6014149e+01  -1.6789620e+01
   6.8127327e+01  -2.2754569e+01
   7.0792280e+01  -8.2700662e+00
   3.1961506e+00   5.3879327e+01
   1.1542694e+01   7.3535240e+01
   6.5212080e+01   7.0915905e+01
  -2.9960518e+01   3.4952151e+01
   2.2892201e+01   6.6834821e+01
   2.5320499e+01   3.7563213e+01
   4.1466695e+01   5.9829335e+01
  -4.5914891e+00  -1.3997929e-01
   6.1100954e+00   8.2530394e-01
   7.4704996e+00   2.4831251e+01
  -4.4176519e+01   3.3167292e+01
   7.6458192e+01   1.8118042e+01
  -2.9006662e+00  -1.6907111e+01
   8.4340728e+01   2.3203616e+01
  -4.3975766e+01  -7.0058500e+01
  -6.4817670e+01  -6.2325829e+01
  -9.3646809e+01  -4.2409661e+01
   8.1040804e+01  -3.7398139e+01
   6.3494464e+01  -5.2939587e+01
   2.9142787e+01  -8.1223381e+01
   2.7230341e+01  -3.2185560e+01
   4.4237309e+01  -4.0185799e+01
   5.5651835e+01  -8.1896189e+01
   3.5339023e+01  -9.7986431e+01
  -4.0697154e+01  -8.7136174e+01
  -5.0560900e+01  -7.7825391e+01
  -2.9617139e+01  -8.3825757e+01
  -3.2681351e+01  -9.3332797e+01
  -5.3825665e+01  -6.8374817e+01
  -6.3913073e+01   5.0070552e+01
   1.8622660e+01  -2.7011361e+01
  -3.7948026e+01   4.0861247e+01
  -9.9468177e+01   3.5044663e+01
  -8.7299498e+01  -1.7423358e+01
  -2.1338114e+01  -3.7675988e+01
  -9.6675208e+01  -2.0833752e+01
  -8.3042147e+01   5.2111770e+01
   8.7211883e+00  -2.6984693e+01
  -5.8246635e+01   3.7760013e+00
  -6.0869103e+01  -2.7308342e+01
   3.8786169e+01  -5.9234917e+01
  -5.5647879e+00   8.7288189e+01
  -3.3690066e+01  -3.4247511e+00
  -3.3085781e+00  -9.6726891e+01
  -9.0435330e+01   7.1477158e+00
   6.4571428e+00  -9.4435336e+01
  -1.0131113e+01  -3.5258549e+01
   1.6267518e+01   1.9845083e+01
  -2.9194879e+01   1.8590044e+01
   9.6362544e+01   7.5487911e+00
  -7.1091035e+01  -1.0972072e+01
  -8.0383687e+01  -6.9916172e+01
   9.2673390e+01   2.8052755e+01
  -7.8835267e+01   2.3378475e+01
  -5.0426274e+01  -5.8983170e+01
   9.1360424e+01   1.6162389e+01
   8.7601611e+01  -4.9889391e-01
  -1.9347414e+01   6.5392476e+01
   1.9278487e+01  -7.9631818e+01
   4.1912017e+01  -1.0179868e+01
   4.9697077e+01  -2.1129981e+01
   5.1781689e+01  -1.1487637e+01
   1.6467274e+01  -1.4638377e+01
   5.7687428e+01  -7.2107153e+01
  -1.6758950e+01  -2.7792227e+01
  -3.1516915e+01  -3.7359329e+01
   4.3195139e-01  -3.2392324e+01
  -2.8741783e+01   6.8702768e+01
  -2.1455821e+01   9.1214402e+01
  -4.6386486e+01   7.7476108e+01
   2.9053573e+01   7.4608396e+01
   2.3921345e+01  -8.1480085e+00
  -6.1392110e+01  -7.4896067e+01
  -8.4737588e+01  -4.6948161e+01
   2.2472698e+01   1.2126557e+01
   4.3659714e+01   4.0111295e+01
   5.1398136e+01   5.2061016e+01
   6.1657614e+01   4.1835735e+01
   3.5946345e+01   3.3795498e+01
   6.9931452e+01   5.7087349e+01
   2.8793071e+01   2.6840382e+01
  -6.7973866e+01  -3.6485999e+01
   3.8688698e+01   7.7070219e+01
   6.0732766e+01   3.0595024e+01
   3.2275196e+01   5.3346712e+01
   1.8950080e+01   9.1791732e+01
   1.8396065e+00   7.5954029e+01
  -5.4661421e+01   5.4131983e+01
  -9.2995651e+01  -3.2431162e+01
  -6.9653061e+01  -5.1592499e+01
  -7.7470770e+01  -1.9060081e+01
   4.8952208e+01   7.2809353e+00
  -6.2415629e+01  -4.4758364e+01
  -8.3499802e+01  -2.7015571e+01
  -4.7964244e+01  -1.3011963e+01
  -3.8762174e+01  -3.0566908e+01
  -4.8366159e+01   4.4177329e+00
   9.5555890e+01  -1.9479225e+01
   6.3217078e+01   9.4711993e+00
  -4.4869152e+01   5.6159660e+01
   7.7611735e+01  -2.6615549e+01
   5.9678755e+01  -1.7502033e+01
   9.9431477e+01  -7.8363566e+00
   8.0791875e+01  -8.2057324e+00
  -4.0868180e+01   6.5820878e+01
   5.5871535e+01   7.4482851e+01
   1.1120122e+01   4.4035521e+01
   3.0639554e+01   6.5465847e+00
  -1.4459117e+01  -9.1255196e-01
  -3.8095539e+01  -1.2552407e+01
   5.1097854e+01   1.6603938e+01
  -2.3442507e+00   2.7053499e+01
   8.0511029e+00   1.4485148e+01
   6.7970830e+01   2.2086565e+01
