   9.7078403e+01   2.1947714e+00
  -4.9871972e+01   2.4975843e+01
   2.1401748e+01   5.8537447e+01
   5.6252769e+01   6.9875155e+01
   6.5677538e+01   4.7774826e+01
   2.2815292e+00   6.6693872e+01
   2.3004522e+01  -9.9027917e+00
  -1.8659651e+01  -7.8745916e+01
  -2.3928071e+01   5.3089437e+01
  -7.3702200e+01   2.5582217e+01
  -7.6325958e+01   8.6225597e+01
  -5.7036749e+01  -9.7762579e+01
  -3.3694951e+01  -6.4689794e+01
   3.0676408e+01  -8.4597782e+01
  -2.6298168e+01   2.3848800e+01
  -3.3272826e+01   4.9291217e+01
  -5.2096872e+01   1.0513869e+01
   4.2237504e+00  -8.2894427e+01
  -8.7610836e+01  -9.6690307e+01
   3.6753234e+01   3.3309466e+01
  -3.0147466e+00  -1.6258710e+01
  -7.9293753e+01  -8.3399699e+01
  -1.0966354e+01  -6.9035691e+01
   4.8670414e+01  -8.9858764e+01
  -2.2162813e+01  -5.0454824e+01
   1.8750591e+01   1.3844068e+01
  -2.5364571e+01  -3.5596255e+01
   6.5487007e+00   8.0112444e+01
  -3.2476695e+00   3.1028072e+01
  -1.1553337e+01   7.9343374e+01
  -1.5940162e+01   5.9170041e+01
  -7.2380870e+01   9.0375376e+00
  -8.5559792e+01  -6.7192274e+00
   5.3626249e+01  -4.6882629e+01
  -6.7572505e+01   1.7743358e+01
   5.7104745e+00  -3.4144602e+01
  -8.5094732e+01   7.1560798e+00
  -7.9009814e+01  -6.3389919e+01
   5.2100179e+01  -3.3907365e+01
   7.9993651e+01  -1.3684631e+00
  -2.0099112e+01  -8.9083911e+01
   6.4346358e+01  -6.7137012e+01
  -6.0751476e+01  -6.6336627e+01
  -6.0047705e+00  -4.2282210e+01
  -5.8506170e+01  -1.6791704e+01
   6.4863635e+01  -3.5441554e+01
  -2.7128916e+01   5.0150614e+00
   7.5397511e+01   7.5043428e+00
   4.4800662e+01  -5.8663438e+01
  -8.1243909e+01   9.4932706e+01
  -6.3729871e+01   5.0166733e+01
  -4.9385545e+01   6.6765052e+01
   2.9449021e+01  -4.9367364e+01
  -3.7619513e+01   4.0272480e+01
   2.3359916e+01  -2.5490132e+01
   1.3894854e+01  -4.2773107e+01
   2.6940595e+01   9.9224973e+01
   2.1391470e+01  -8.7899153e+01
   6.3494227e+01  -4.5300370e+01
  -8.3194392e+01  -4.4241078e+01
   7.4264116e+01  -3.8864715e+01
   8.2248083e+01  -4.6837567e+01
  -8.4502704e+01   8.0468790e+01
  -6.0776297e+01  -7.6367938e+01
   6.5105855e+01   8.0202667e+01
   3.9913009e+01   5.8926435e+01
   1.2549450e+01   4.1707587e+01
   1.3853179e+01   7.3392049e+01
   3.6920871e+01   2.1411658e+01
  -3.0197168e-01   1.1094708e+01
   7.4169299e+01   7.6321775e+01
   1.1365896e+01  -2.5978783e+01
   1.2707044e+01   6.1681255e+00
   8.2667519e+01   5.9143601e+01
   3.1218034e+01   7.2129837e+01
   3.2081511e+01   9.0721030e+01
   5.6288995e+01   5.6053764e+01
  -6.3340236e+01  -2.5482544e+01
  -5.2066671e+01  -8.1378734e+01
  -2.3206714e+00   7.5562035e+01
  -9.9807069e+01   3.8229105e+01
  -4.6580483e+00   4.0827728e+01
   1.5778717e+01   3.2255151e+01
  -4.9358480e-01   2.1471085e+01
  -3.1969957e+01   3.2062031e+01
  -2.7377724e+01  -2.5825448e+01
  -5.3000493e+01  -8.4878600e+00
  -4.1628656e+01   7.6963889e+01
  -6.8194344e+01   1.7141664e-01
  -7.8158557e+01  -2.9394532e-02
  -8.9022456e+01   1.6349443e+01
  -2.1739223e+01   6.7333720e+01
  -3.0363699e+01   8.3064842e+01
   5.4871056e+01  -4.9298008e+00
  -1.2918328e+01   2.8833950e+01
  -4.3196912e+01  -6.8875375e+00
  -6.9485801e+01   3.4571609e+01
  -4.3347771e+01   4.8439879e+01
  -5.7716920e+01   7.8112246e+01
  -3.5742209e+01  -8.8797612e+01
  -6.8127198e+01   9.1964614e+01
  -5.5327185e+01   3.3131411e+01
   1.7665636e+01  -6.9724683e+01
  -2.4744216e+00  -9.0305594e+01
   5.9972907e+01  -5.4571786e+01
   2.4557451e+01  -4.0731767e+01
  -1.2018925e+01  -9.5004584e+01
  -8.9736102e+01   5.9455140e+01
   3.0635459e+01  -3.2293435e+01
  -7.9677356e+01  -3.3046571e+01
  -6.9740759e+01  -5.0234361e+01
  -1.5940916e+01  -4.2750148e+01
   2.8897865e+00  -8.1989214e+00
   8.3326814e+01   8.9307974e+01
   8.4780133e+01   6.8919046e+01
   9.7225949e+00  -5.1771445e+01
   4.4960594e+01  -6.1239411e+00
   4.3552086e+01  -1.6007208e+01
   9.0862936e+01  -1.4267381e+01
   5.3612247e+01   2.2940665e+01
   5.2280649e+01   9.8247807e+01
   3.1960510e+01   4.2041015e+01
   3.5533161e+01   8.1002174e+01
   4.5870310e+01   1.6702693e+01
  -3.7140273e+01  -2.3902092e+01
  -7.9474758e-01  -6.8477278e+01
   9.5442819e+01   2.2053260e+01
   4.6499405e+01  -7.8481685e+01
  -1.5038433e+01  -5.9936192e+01
  -5.3352464e+01  -2.5127565e+01
  -4.9668255e+00  -5.9416693e+01
  -7.0528140e+01  -7.8551418e+01
  -4.2297364e+01  -6.9728521e+01
   8.3744470e+01  -2.1286910e+01
   7.5273297e+01  -1.0177482e+01
  -9.2856103e+01   4.8666680e+01
  -2.1219711e+01  -8.6702546e+00
  -1.3318012e+01  -1.4693486e+01
  -6.0915282e+00   6.1099688e+01
  -3.0152810e+01   7.3068616e+01
  -1.1920100e+01   6.9221293e+01
  -3.6293139e+01   2.2904049e+01
  -2.7177227e+01   4.1382126e+01
   5.4733946e+01  -8.2045984e+01
   6.5265117e+01  -7.7192378e+01
   6.1648814e+01  -8.6794507e+01
  -9.3072132e+01   7.2512061e+01
  -4.4350205e+01   1.6830482e+01
  -2.7948802e+00   9.7739767e+01
  -4.1993635e+01   3.1116890e+01
  -7.3380217e+01   5.2679369e+01
  -8.4547840e+00   8.8842691e+01
  -2.1423444e+01   7.7889095e+01
  -1.8344570e+01   8.7396251e+01
   2.2214750e+01   6.8161979e+01
  -5.2250603e+01   5.7105964e+01
  -4.2338126e+01   5.8348320e+01
  -4.9249606e+01   8.3429050e+01
  -5.0482164e+01   9.3484572e+01
  -6.6913227e+01   8.2038786e+01
   2.8527615e+01  -9.9294277e+01
   1.4052601e+01  -8.1183296e+01
   2.5888479e+01  -7.5397847e+01
  -1.4167226e+01   3.8758932e+01
   5.4768120e+01  -6.2917531e+01
  -6.8568896e+01  -1.6554828e+01
  -9.5539604e+01   8.7849087e+00
  -7.9047134e+01   1.6294558e+01
  -6.1637833e+01   4.0624964e+01
   3.3847830e+01  -5.8206272e+01
   9.5128168e+01  -3.6819293e+01
  -6.7027934e+01  -9.8173275e+01
   9.2208174e+01  -4.7446645e+01
   3.7783477e+00  -4.3866830e+01
  -7.9210391e+01  -7.3402269e+01
   1.9632487e+01  -5.0960834e+01
  -7.9517854e+01   6.1284846e+01
  -8.8825855e+01  -8.6421202e+01
  -5.9357032e+01  -5.4327431e+01
  -4.9593993e+01  -9.1084074e+01
  -5.2128800e+01  -7.1375900e+01
   1.2672526e+01   8.7973424e+01
  -9.9855163e+01   9.6185132e+01
   1.7239680e+01   9.6868058e+01
  -9.9113005e+01   1.8127837e+01
  -9.7532213e+01  -6.5830169e+01
  -8.9655518e+01  -3.3270377e+01
  -9.3720677e+01   2.6538316e+01
   2.2888479e+01   7.8053887e+01
   2.8169049e+01   1.6844150e+01
   2.2281303e+01   3.9811343e+01
   1.4190722e+00  -2.5159723e+01
   1.7655350e+01  -3.3607143e+01
   1.2926219e+01  -8.6562319e+00
   2.0599544e+01   2.3537611e+01
   2.9444926e+01  -2.2772285e+00
   1.5332931e+00   8.8731820e+01
   9.9852237e+01   3.8716066e+01
  -5.5160268e+00   2.5680895e+00
   8.0160608e+01   9.8780669e+01
   7.1367102e+00  -1.7043862e+01
  -5.3168511e+00  -3.2434390e+01
   8.7625698e+00   1.5210754e+01
   7.3284682e+01   8.7403676e+01
  -3.8252631e+01   9.0563849e+00
   9.0353584e+01   9.7982193e+01
   7.0328412e+01   9.6960912e+01
   1.5239906e+01  -6.0048590e+01
   3.8622999e+01   1.5660759e+00
  -9.0312822e+01  -5.8454444e+01
   7.1157224e+01   2.0432243e+01
   9.8727971e+01  -2.0441052e+01
   5.2354586e+01   3.3746840e+01
   2.9077867e+01   5.2204340e+01
   7.5015426e+01   6.5546272e+01
   4.0916313e+01   6.9890184e+01
   9.5080804e+01   5.8093023e+01
   4.1678366e+01   8.8745776e+01
   4.5357119e+01   7.8831394e+01
   4.0617069e+01   9.8658269e+01
   8.8805474e+01   4.0861965e+01
   8.9529645e+01  -4.3597756e+00
   3.5722919e+01  -9.9233703e+00
   2.2594310e+01   8.8011677e+01
  -2.4994870e+01  -5.9939672e+01
  -2.7802900e+01  -8.2745836e+01
  -3.6285918e+01  -1.4019360e+01
  -1.5807461e+01  -3.2830382e+01
   4.8281927e+01   4.1230308e+00
   8.8686457e+00   2.5075622e+01
  -4.4840268e+01  -3.0082528e+01
   8.6568033e+01  -6.6514659e+01
   8.6188128e+01   8.2425966e+00
   8.0218976e+01   1.6252649e+01
  -5.5871865e+01  -3.4724881e+01
  -6.2958632e+01  -8.0797075e+00
  -4.6241368e+01  -1.7731093e+01
  -9.6164031e+01  -7.5243543e+00
  -3.2964145e+01  -5.3934735e+01
  -3.0044047e+01  -4.4377544e+01
  -1.0481276e+01  -5.1111473e+01
  -7.0470640e+01  -6.8560156e+01
  -5.2165771e+01  -6.1263199e+01
   8.4156099e+01  -3.7022533e+01
  -5.9544643e+01  -8.8015257e+01
  -9.4518223e+01  -2.4554917e+01
  -2.1213383e+01  -6.9129268e+01
   3.7139885e+01  -7.7354601e+01
   5.9788364e+00   3.4532278e+01
  -8.3899235e+01   2.4920216e+01
   1.6245329e+01   5.0562422e+01
   3.5413746e+00   4.5823537e+01
  -9.7551198e+01  -5.1562204e+01
  -9.3043561e+01  -4.2656444e+01
  -8.3628618e+01   4.2749550e+01
   9.4833863e+01  -8.2220439e+01
   5.9990332e+01  -9.5586213e+01
   5.6101417e+01  -7.2589615e+01
  -1.0876394e+01  -2.4236312e+01
  -6.3203551e+01   2.6980337e+01
  -6.2019127e+01   9.2722402e+00
  -5.2160780e+00   5.1141743e+01
   4.4750447e+01   2.7418730e+01
   8.5997134e+01  -9.4228276e+01
  -2.9686127e+01   6.1264346e+01
  -1.4937672e+01   4.8716220e+01
  -4.7576283e+01   3.9406410e+01
  -7.5022512e+01   7.6187852e+01
   5.2010323e+01  -9.9945739e+01
   3.5116648e+01  -4.1201539e+01
  -5.7661805e+01   1.8744089e+01
  -5.6834084e+01   7.3099631e-01
  -3.7693010e+01   9.7417347e+01
  -3.9660873e+01   8.6762385e+01
   7.2509834e+00   9.6924474e+01
   5.3461106e+01  -1.4829445e+01
   4.0611679e+01  -3.2900577e+01
   8.2423726e+00  -7.3064721e+01
   2.2113019e+00  -9.9126213e+01
  -3.8428117e+01   6.7507627e+01
  -7.4379371e+01   4.2939596e+01
  -1.0976517e+01  -8.5086585e+01
  -2.5894071e+01   9.3949725e+01
  -9.0791743e+01   9.1959683e+01
  -2.2045074e+01   3.2829284e+01
  -4.5982016e+01   2.6687519e+00
  -1.2794628e+01   9.7846936e+01
  -5.3804469e+01   4.7230665e+01
  -2.9977436e+01   1.4595787e+01
   7.4248604e+01  -6.6153214e+01
  -7.9411483e+01   3.3761353e+01
  -5.8873224e+01   8.8044973e+01
   1.8663921e+01  -9.7470769e+01
   2.4885940e+01  -6.2618380e+01
  -6.0259080e+01   9.8136455e+01
   4.6698730e+01  -6.8676407e+01
   4.5094609e+01  -4.1764434e+01
   4.7066125e+01  -2.5300024e+01
   3.6813825e+01  -6.7574333e+01
   3.6195856e+01  -9.2879354e+01
   3.9639300e+01  -5.0105360e+01
   7.2595322e+01  -4.9418615e+01
   3.7070604e+01  -2.3637047e+01
  -7.8456593e+01  -1.4917920e+01
   7.3825036e+01  -2.0065841e+01
   9.1606961e+01  -2.7461245e+01
  -3.9881195e+01  -9.7892199e+01
  -7.3322263e+01  -2.5347532e+01
   6.5429278e+01  -2.5480009e+01
  -7.3749115e+01  -4.1088727e+01
  -6.1045769e+01  -4.4474859e+01
  -8.3242794e+01   5.2146712e+01
  -8.3270715e+01   7.0535052e+01
  -9.4286403e+01   8.2537418e+01
  -9.0160206e+01  -1.5574375e+01
  -8.3456082e+01  -2.3578469e+01
  -9.4604383e+01  -7.5452936e+01
   6.6171855e+01   7.0126537e+01
   9.2755784e+01   3.1682639e+01
  -6.9744169e+00  -7.1407880e+00
  -4.3137960e+00  -7.7733012e+01
   4.9789517e+00  -6.0437834e+01
   6.2911516e+01   8.9927163e+01
   9.3282829e+01   8.8380700e+01
   8.3607301e+01   7.9336361e+01
   5.4653185e+01   1.1828640e+01
   6.2970983e+01   2.6125722e+01
  -7.9222504e+01  -5.3405675e+01
  -8.7802156e+01  -6.8131041e+01
   6.6444244e+01   3.0624872e+00
   6.4595661e+01   1.2888955e+01
  -3.5550507e+01  -4.9626941e-01
   4.4392075e+01   4.0561899e+01
   2.7064286e+01   3.1062658e+01
   4.1863054e+00   1.5418421e+00
  -7.8070815e+01  -9.3695523e+01
   3.9063882e+01   4.9010908e+01
  -6.9531860e+01  -8.8494924e+01
   6.0630507e+01   3.9192556e+01
   3.0545705e+01   6.2205021e+01
   4.8658803e+01   6.3585316e+01
   5.3713518e+01   4.6394963e+01
   9.8831457e+01  -8.0261994e+00
   5.5287520e+01   7.9600228e+01
   7.8022773e+01   4.9692271e+01
   9.3456166e+01   7.7929468e+01
   9.5112993e+01   6.8081602e+01
   9.8007578e+01   4.8538396e+01
   7.0591773e+01   5.6458658e+01
   3.7400950e+01   1.1448130e+01
  -1.4840390e+01  -9.9030037e-01
   8.8208409e+01   5.0834353e+01
   8.0670023e+01  -5.8468214e+01
   9.4712585e+01  -7.2259143e+01
  -3.5160661e+01  -3.3691581e+01
   8.5762095e+01   2.4554644e+01
  -6.5801552e+01  -3.5129546e+01
   9.5430655e+01   1.2056070e+01
  -4.2319675e+01  -5.9736133e+01
  -4.2209081e+01  -7.9723305e+01
  -3.3603712e+01  -7.4647144e+01
  -2.7662783e+01  -9.5599418e+01
   2.9283378e+01  -1.7521719e+01
   1.9683218e+01  -6.5158702e-01
   1.7038119e+01  -1.7806997e+01
   2.6106901e+01   7.0925927e+00
   6.5821673e+01  -6.9158300e+00
  -9.7959744e+01  -9.0491485e+01
   9.5774960e+01  -9.2145916e+01
   5.1423454e+01   8.8470566e+01
   6.9507924e+01  -9.0106723e+01
   7.4102941e+00   5.4713229e+01
   7.5399437e+01  -9.7094192e+01
  -9.0768269e+01   3.7752095e+01
   9.5710854e+01  -5.6597473e+01
