   3.7104952e+01   1.1600754e+01
   2.3602532e+01  -1.3309681e+01
  -2.5817419e+01  -1.7958169e+01
   4.0682076e+00   2.7284818e+01
   3.7327344e+00  -2.9681217e+01
  -2.1773557e+00   6.2167232e+00
  -6.5574564e+00  -2.8154695e+00
   3.9141202e+00  -1.9682864e+01
  -1.3243336e+01  -1.8679019e+01
   2.3514445e+01  -3.3100696e+00
   3.5829141e+00  -1.9575605e+00
   2.0521058e+01   3.4075925e+01
   1.4929473e+01  -1.8287434e+01
  -1.9085776e+01  -1.0563240e+01
  -4.9633082e+00  -2.4286257e+01
  -3.5564174e+01   4.1317201e+00
   2.1402462e+01   1.8351913e+01
   1.3580875e+01  -2.1593554e+00
   1.6833861e-01   1.8076614e+01
   1.0716136e+01   1.7031713e+01
  -6.0005157e+00   2.6000387e+01
   1.3622676e+01  -2.8201677e+01
   2.3324500e+01  -2.3720982e+01
  -2.4296327e+00  -1.1923766e+01
  -6.6661440e+00  -3.4140208e+01
   2.1783847e+00  -3.9559677e+01
   8.3765082e+00  -1.0733730e+01
  -1.5270534e+01  -2.8471387e+01
  -2.5651039e+01   2.8165162e+00
  -2.8521521e+01  -7.2516367e+00
  -1.6379333e+01  -9.3644623e-01
   2.7220989e+01   1.0081800e+01
   1.7727181e+01   6.9405418e+00
   7.7419795e+00   7.4842341e+00
  -1.9450423e+00   3.5274864e+01
   3.2299459e+01   1.4673273e+00
  -1.2864231e+01   3.3272898e+01
   1.4034551e+01   2.6465063e+01
