   3.0253779e+01  -3.3457695e+01
   4.0473030e+01  -4.9259305e+01
   5.5277871e+01   7.5679896e+01
   4.6437917e+01   5.1704100e+01
  -2.8828018e+01   5.3453915e+01
  -8.1383479e+01   3.7036273e+01
   1.4342942e+01  -2.1215065e+01
  -1.6910004e+01   6.9837824e+01
   6.6047527e+01  -1.3626532e+01
  -5.5367661e+01  -5.1155659e+00
   8.8709845e+01   4.1456524e+01
  -6.5605873e+01  -7.9592772e+01
  -3.2151771e+01  -5.5066095e+01
  -9.7611036e+01  -4.1018549e+01
  -2.8484578e+01   2.0586609e+01
  -2.1356556e+01   2.7584104e+01
  -3.9173786e+01   3.2325697e+01
  -6.8493198e+01  -6.7506100e+01
  -4.5858931e+01  -8.3165890e+01
  -5.2308546e+01   3.7248341e+01
  -7.0853724e-02  -2.8115323e+01
  -8.3866541e+01  -7.6116522e+01
  -6.8020925e+01  -3.8610637e+01
   9.2933864e+01   1.7550676e+01
  -1.2409804e+01   6.0895255e+01
   4.0683721e+01   3.4965699e+01
   4.2852960e+01   7.0754028e+01
  -7.1760508e+01  -2.8174253e+01
   5.8949992e+01  -2.0712341e+01
  -4.9163491e+01  -6.1768767e+01
   1.3011922e+00  -6.2590410e+00
  -7.9371849e+01  -6.7183632e+01
   7.2502480e+01   2.0209382e+01
  -7.2464906e+01  -8.8936532e+01
   5.1719726e+01   9.8235296e+01
   3.7103024e+01   8.4322748e+01
  -6.9536448e+00   3.9964287e+01
  -2.5907996e+01   4.3925106e+01
  -3.8387408e+01   1.9204136e+01
  -4.2848046e+01   6.3872306e+01
  -3.8734062e+01   5.2122667e+01
   5.8130316e+01   4.0683464e+01
  -7.0208803e+01   3.2398815e+01
   4.5622543e+01  -5.7831500e+01
  -6.4891820e+01  -2.0906509e+01
  -8.5360579e+01  -2.3482907e+01
  -3.2858270e+01   6.4317464e+01
   6.0194686e+01  -4.0255636e+00
   5.4110480e+01  -1.1961460e+01
   1.8566031e+01  -3.0591258e+01
  -8.0825906e+01  -3.2395317e+01
   3.5341224e+01   5.3118183e+01
  -1.2783488e+01  -5.5292740e+01
   4.4678810e+01  -3.1895937e+01
  -3.7900561e+01  -7.7110787e+01
  -7.2814459e+01  -5.0660547e+01
  -5.6237640e+01  -8.3090750e+01
  -6.4199377e-01   8.1046208e+01
  -8.2005945e+01  -8.5941837e+01
   1.0047726e+01  -1.1115565e+01
  -9.9406987e+01  -6.3148402e+01
   3.7268019e+00  -1.8864495e+01
   8.4410840e+01   5.0485238e+01
  -5.6346221e+01  -5.4811249e+01
   7.5083344e+01   9.2434668e+00
   8.6069233e+01   2.4877288e+01
   6.1065807e+01   9.4678818e+01
   4.5879615e+01   9.0118777e+01
   3.1478939e+01   7.6054153e+01
  -9.3510356e+01  -5.0139065e+01
  -9.1579808e+01  -3.3034762e+01
  -9.3303698e+01  -1.4279654e+01
   8.3652722e+01  -1.2692164e+01
   3.8597147e+01   9.6970927e+01
  -2.9268230e+01   3.3687109e+01
  -3.4335728e+01   4.2991086e+01
  -6.9159284e+00   2.6056556e+01
  -1.9040611e+01   3.7639771e+01
  -3.2144207e+01   1.1281716e+01
  -4.6324649e+01   2.5335593e+01
  -6.3032938e+01  -9.2258847e+01
  -5.0048011e+01   4.8801941e+01
  -5.1396015e+01   5.8687047e+01
   5.0809999e+01   3.2209490e+01
  -4.3460694e+01   4.1429668e+01
   5.6603326e+01   5.1226052e+01
  -9.0561234e+01   4.1007270e+01
  -7.8889539e+01   2.7352252e+01
   3.0542848e+01  -4.6216553e+01
   5.3632855e+01  -5.1704592e+01
  -4.7097952e+01  -1.2648781e+01
  -5.6815108e+01  -1.5010244e+01
  -7.5940935e+01  -1.8820236e+01
   6.7142285e+01   3.1663602e+00
  -2.7918376e+01   7.3012119e+01
  -2.3128930e+01   6.2006802e+01
   7.2145090e+01  -5.7006419e+00
   5.0536964e+01  -1.4318548e+00
   6.0235947e+01  -3.0629280e+01
  -1.4128800e-01  -3.8115075e+01
   8.8487879e+00  -3.2952443e+01
  -8.7485340e+01  -4.2158008e+01
  -7.7491124e+01  -4.1822335e+01
  -2.2496783e+01  -5.7670047e+01
   4.2233176e+01   6.0775054e+01
  -2.9440830e+01  -4.5440613e+01
  -3.1933551e+01  -6.9086158e+01
   4.8200089e+01   4.1862079e+01
  -3.9172426e+01  -6.2187084e+01
  -8.0351940e+01  -5.7231860e+01
   3.8207122e+01  -3.9519405e+01
   4.8000553e+01  -4.1570168e+01
  -5.2801285e+01  -9.2481700e+01
  -1.9037597e+01   8.0200987e+01
  -9.6020513e+01  -7.8285067e+01
  -9.6606033e+00   7.6725943e+01
  -8.2549269e+01  -9.5927033e+01
  -9.1325400e+01  -6.9455853e+01
   1.0114897e+01  -1.1157903e+00
   1.9952728e+01  -9.7404515e+00
  -9.0083329e+01  -5.9533393e+01
   9.5648369e+01   4.8657686e+01
  -9.7705165e+00  -9.8640995e+01
   7.4419511e+01   5.0069129e+01
  -6.2637804e+01  -4.7038089e+01
  -5.8688644e+01  -6.4813093e+01
  -5.3627710e+01  -7.3437504e+01
  -6.5871202e+01  -5.7856091e+01
   8.6800661e+01   6.1169967e+00
   9.6590132e+01   8.1579003e+00
  -7.0663790e+01  -9.8795971e+01
   8.2991756e+01   1.5363033e+01
   9.4049218e+01  -4.5101172e+00
   9.2756582e+01   3.2311996e+01
   4.6323231e+01   8.0130408e+01
   5.6437932e+01   8.5782780e+01
   3.3899436e+01   6.6301261e+01
   2.4291052e+01   6.9070909e+01
  -9.5791814e+01  -2.3965149e+01
   8.2255535e+01  -2.7902998e+00
   9.2591782e+01  -1.7174674e+01
   3.0081868e+01   9.1728027e+01
  -1.2604707e+01   3.2305804e+01
  -1.7955390e+01   4.7258027e+01
  -3.0115812e+00   3.7750385e+01
