   1.1470000e+03
   1.1110000e+03
   9.5500000e+02
   1.1790000e+03
   1.1650000e+03
   8.9700000e+02
   1.1950000e+03
   1.1810000e+03
   1.1150000e+03
   8.6900000e+02
   1.1230000e+03
   1.1390000e+03
   1.0370000e+03
   1.1730000e+03
   1.1030000e+03
   1.0990000e+03
   1.0810000e+03
   9.2300000e+02
   1.0950000e+03
   1.0870000e+03
   1.1370000e+03
   1.1290000e+03
   1.1070000e+03
   1.2150000e+03
   7.0900000e+02
   1.1310000e+03
   1.0230000e+03
   1.0790000e+03
   1.1450000e+03
   1.2030000e+03
   1.0450000e+03
   1.0970000e+03
   1.1270000e+03
   1.1750000e+03
   1.1830000e+03
   1.1330000e+03
   1.1510000e+03
   1.2050000e+03
   1.1430000e+03
   1.1170000e+03
   1.1130000e+03
   1.1530000e+03
   1.1930000e+03
   1.2190000e+03
   1.2010000e+03
   1.0330000e+03
   1.1350000e+03
   1.1090000e+03
   1.1770000e+03
   1.1590000e+03
   1.0850000e+03
   1.1970000e+03
   1.1210000e+03
   9.5300000e+02
   1.1670000e+03
   1.0590000e+03
   1.0470000e+03
   1.1410000e+03
   1.0490000e+03
   1.1910000e+03
   1.0310000e+03
   1.1870000e+03
   1.0410000e+03
   1.1490000e+03
   1.1550000e+03
   1.1690000e+03
   1.1710000e+03
   1.1890000e+03
   1.0890000e+03
   1.1630000e+03
   1.1990000e+03
   1.2130000e+03
   1.2170000e+03
   1.2070000e+03
   1.2210000e+03
   1.2230000e+03
   1.0350000e+03
   1.1250000e+03
   8.9600000e+02
   8.9800000e+02
   9.0000000e+02
   9.2400000e+02
   9.2600000e+02
   1.0930000e+03
   1.0390000e+03
   9.5200000e+02
   1.0430000e+03
   1.1190000e+03
   1.1610000e+03
   1.1850000e+03
   1.2090000e+03
   1.2110000e+03
   1.0220000e+03
   1.0280000e+03
   1.0300000e+03
   1.0320000e+03
   1.0340000e+03
   1.0360000e+03
   1.0380000e+03
   1.0420000e+03
   1.0460000e+03
   1.0480000e+03
   1.0580000e+03
   1.0640000e+03
   1.0780000e+03
   1.0800000e+03
   1.0840000e+03
   1.0860000e+03
   1.0880000e+03
   1.0920000e+03
   1.0940000e+03
   1.1000000e+03
   1.1020000e+03
   1.1060000e+03
   1.1080000e+03
   1.1100000e+03
   1.1120000e+03
   1.1140000e+03
   1.1160000e+03
   1.1180000e+03
   1.1200000e+03
   1.1220000e+03
   1.1240000e+03
   1.1260000e+03
   1.1280000e+03
   1.1300000e+03
   1.1320000e+03
   1.1340000e+03
   1.1360000e+03
   1.1380000e+03
   1.1400000e+03
   1.1420000e+03
   1.1440000e+03
   1.1460000e+03
   1.1480000e+03
   1.1500000e+03
   1.1520000e+03
   1.1540000e+03
   1.1580000e+03
   1.1600000e+03
   1.1620000e+03
   1.1640000e+03
   1.1660000e+03
   1.1680000e+03
   1.1720000e+03
   1.1740000e+03
   1.1760000e+03
   1.1780000e+03
   1.1800000e+03
   1.1820000e+03
   1.1840000e+03
   1.1860000e+03
   1.1880000e+03
   1.1900000e+03
   1.1920000e+03
   1.1940000e+03
   1.1960000e+03
   1.1980000e+03
   1.2000000e+03
   1.2020000e+03
   1.2040000e+03
   1.2060000e+03
   1.2080000e+03
   1.2100000e+03
   1.2140000e+03
   1.2180000e+03
   1.2220000e+03
