   2.9287838e+01  -9.3314803e+00
  -2.0091928e+01  -2.4822439e+01
   3.3538144e+00  -2.2912110e+01
   3.4912180e+01   5.3560228e+01
   5.7928887e+01  -3.3181652e+01
  -6.0904798e+00  -3.8882513e+01
  -4.2477352e+00  -5.8375162e+01
  -2.7595151e+01   5.8451584e+00
  -1.2159320e+01  -7.7096664e+00
   1.2328949e+01   4.0164501e+01
   3.8435560e+01   6.7317196e+00
   9.8176883e+00  -4.2030105e+01
  -3.5277755e+01  -1.1659414e+01
  -6.7765698e+01  -3.2003946e+01
   5.1229117e+01   4.3238727e+01
   5.6687595e+01  -1.2883330e+01
   2.5154270e+01   5.1381361e+01
   3.6775501e+01   3.5277010e+01
   2.6667329e+01  -4.1463625e+01
  -1.3960653e+01  -3.2717534e+01
  -5.1752348e+01  -5.3299567e+00
  -3.3393852e+01   1.3991922e+01
   1.8421625e+01  -4.7118384e+01
   7.6239689e+01   1.2884514e+01
   3.3165472e+01   2.5953572e+01
   3.7014790e+01   1.6665364e+01
   2.4109471e+01   2.1722101e+01
   3.9717170e+01  -3.3431392e+00
  -2.3868561e+01   5.2100985e+01
   9.3120348e+00  -9.4741275e+00
   6.6403507e+01  -1.2780951e+00
   1.4210136e+01   6.8860868e+01
  -4.5928582e+01   3.9033234e+01
   9.7402462e+00   1.0650848e+01
   2.9149189e+01  -3.1778332e+01
   2.7611297e+01  -6.4974140e+01
   2.2170289e+01  -1.6342556e+01
  -3.4730295e+01  -7.2061426e+01
   2.0824993e+01  -2.6246707e+01
  -5.2234503e+01   3.1273499e+01
  -5.9560176e+01   2.4367919e+01
  -6.4382873e+01  -4.2523337e+00
   3.0029696e+00  -3.4728153e+01
  -2.8199199e+01  -1.8971833e+01
   1.8666237e+01  -6.9609855e+01
   5.3010691e+01   2.3564184e+01
  -3.2627340e+01  -3.4133743e+01
  -3.0040415e+01  -4.4020052e+01
  -6.0276457e+00   3.6798046e+01
   1.8965967e+01  -6.8707767e+00
  -1.3585036e+01   6.4915175e+01
   5.4473619e+00   5.1530044e+01
   1.1153943e+01   3.5435213e-01
  -3.0573411e+01   3.3644279e+01
   4.1680201e+01   4.6199133e+01
  -1.4281702e+01   5.4941974e+01
   3.8822816e+01  -3.4296650e+01
   4.0183322e+01  -2.4390520e+01
   3.5903112e+01  -4.5296462e+01
   2.7455897e+01  -5.1432083e+01
   1.5542048e+01  -6.0111640e+01
   1.8059527e+01  -3.6370478e+01
   1.1235769e+01  -2.9061062e+01
  -1.3895703e+01  -5.5765698e+01
  -4.0138807e+01   2.3320292e+01
  -6.3384393e+01   1.1492963e+01
  -6.9490512e+01  -1.2848971e+01
  -5.7542116e+01   3.0407969e+00
  -4.3376637e+01   1.3323900e+01
  -4.1829270e+01  -4.1309884e+00
  -4.8693455e+00  -2.8585208e+01
  -1.2212604e-01  -7.7924062e+01
  -2.2209202e+01  -5.0222295e+01
  -2.7617280e+00  -1.5006779e+01
  -1.0983391e+01  -2.0688682e+01
   5.3833011e+00  -6.1053482e+01
   5.6891407e+01   1.4349740e+01
   2.5411776e+01   3.2273118e+01
   4.3071965e+01   2.4612614e+01
   1.2676141e+01   2.0195929e+01
  -3.7571852e+01  -6.2473652e+01
   3.7720030e+01  -1.4700382e+01
   3.0522662e+01   5.8294951e-01
   5.6641629e+01   3.4832713e+01
   4.7082620e+01  -1.0104226e+01
  -4.9595077e+01  -2.3685326e+01
   4.7016837e+01   1.2771890e+01
  -1.1783721e+01   2.8643032e+01
  -5.2876194e+00   7.3248403e+01
  -2.1973118e+01   7.0358064e+01
   1.4271783e-01   1.4202651e+01
   8.0133517e+01  -1.5751965e+01
   1.9959426e+00   4.3681258e+00
   3.3452670e+01   6.3452255e+01
   4.9115477e+01  -1.9894827e+01
  -2.1773324e+01   2.8897310e+01
  -3.7908373e+01  -2.1277978e+01
  -2.9001579e+01   4.3519510e+01
   2.2195171e+01   4.1741272e+01
   1.5298545e+01   4.9705979e+01
   2.0808812e+01   2.9570508e+00
   3.1924781e+01   4.4019156e+01
   5.0343879e+01   5.3198851e+01
   1.5938240e-01  -5.4523239e+00
   4.8206498e+01  -3.0844338e+01
   4.5503688e+01  -4.1735158e+01
   3.4744344e+01  -7.1982680e+01
  -2.4941609e+01  -7.0017341e+01
   3.0509176e+01  -2.1859769e+01
   1.2522633e+01  -1.8942877e+01
  -4.9972573e+01   2.1534842e+01
  -2.3947988e+01  -6.0067904e+01
  -6.8574259e+01   2.0039852e+01
  -1.9101274e+01  -1.4875263e+01
  -2.6099723e+01  -7.7453079e+00
  -6.7347862e+01   3.0639325e+01
  -7.1360055e+01  -2.2672367e+01
  -3.7620290e+01   4.9346321e+00
  -5.3409550e+01   1.2149763e+01
  -4.5365747e+01  -1.4624612e+01
  -1.5124645e+01  -4.3166737e+01
  -5.8264709e+01  -1.2916354e+01
  -1.3378177e+01  -6.5750301e+01
  -9.7503449e+00  -7.5068004e+01
  -8.9387799e-01  -4.7424835e+01
  -3.0145185e+01   2.3443985e+01
   3.4898551e+01  -5.8110696e+01
   6.5096291e+01   8.6348689e+00
   8.5258805e+00  -7.0544366e+01
  -1.7526692e+00  -6.8058326e+01
  -4.7592042e+01   4.0264723e+00
  -3.2125528e+01  -5.4086907e+01
   9.6674022e+00  -5.2022102e+01
  -2.3023472e+01  -3.6911788e+01
   2.9169251e+01   1.0481223e+01
   1.9474103e+01   1.2867028e+01
   4.7620930e+01   2.7832982e+00
  -3.7255903e+00   6.3246128e+01
   6.2492047e+01   2.6725487e+01
  -2.7359820e+01   6.1933086e+01
   4.6683611e+01   3.3933901e+01
  -5.8352946e+01  -3.8166503e+01
  -5.8531579e+01  -2.8168401e+01
   2.7315590e+00   3.1770973e+01
   2.3705706e+01   6.5686849e+01
   5.6524035e+01  -2.8243840e+00
   4.1787677e+00   6.9371364e+01
   7.3774876e+01  -8.0344341e+00
  -1.0838208e+01   4.5558409e+01
   6.6485601e+01  -1.4880142e+01
  -1.6985764e+01   3.7673298e+01
  -4.1543121e+01   4.8019339e+01
   6.7808027e+01   1.8258903e+01
  -4.2108047e+01  -3.0305123e+01
  -3.3653252e+01   5.4162225e+01
   1.2604328e+01   3.0181050e+01
   2.5067985e+00   4.1979802e+01
  -4.3996128e+00   5.3268965e+01
   1.1947200e+01   5.9123876e+01
   4.2776109e+01   5.9734999e+01
  -1.9424973e+01  -3.2361642e-01
  -3.1140284e+00   2.3657468e+01
  -7.4200922e+00   1.0675985e+00
