   4.0279022e+01   1.1597060e+01
   3.0056636e+01  -1.4145870e+01
  -2.7575487e+01  -2.1797140e+01
   3.2460210e-02   2.2809079e+01
   5.7534201e+00  -3.1490656e+01
   9.8095211e+00   9.7512360e+00
   4.5586381e+00  -2.1562293e+01
  -1.5194015e+01  -2.1728078e+01
   2.6830788e+01  -3.1856584e+00
   7.0690291e+00   1.3407963e-01
   2.9179521e+01   4.2268587e+01
  -3.7623455e+01   9.8281079e+00
   9.5524058e+00   1.9747930e+01
  -1.1026549e+01   2.8464152e+01
   3.2824265e+01  -2.5654702e+01
  -4.6933714e+00  -1.7767546e+01
  -1.9902806e+01  -4.4131420e+01
  -2.2083330e+00  -5.0586420e+01
  -2.7600602e+01  -3.7748322e+01
  -2.8117330e+01   6.7243116e+00
  -3.9488969e+01  -1.0909560e+01
  -1.5577096e+01  -9.8888595e-01
   4.1606457e+00   4.0547117e+01
   3.3845184e+01   3.9416251e+00
  -2.1026352e+01   2.8526962e+01
   1.3856990e+01   3.8101526e+01
   2.4672777e+01  -3.2090897e+01
   2.0569935e+01  -1.0983198e+01
  -2.6676770e+00  -3.7296738e+01
  -4.4557152e+01   2.0516731e+00
   6.4206372e+00  -4.1468369e+01
  -1.9495818e+01  -1.2697557e+01
  -3.5334320e+01  -1.8134692e+00
  -1.2810107e+01  -3.4631480e+01
  -2.9547901e+01  -1.1993594e+01
  -3.5163916e+01  -2.8309875e+01
   4.6205922e+01   2.0080605e+01
  -2.5393255e+01  -2.8975062e+00
   1.6903160e+01  -1.6797183e+00
   7.7735032e+00   3.0114388e+01
  -6.0908349e+00   4.1707548e+01
   4.6204144e+01  -4.8469666e+00
  -3.7708981e+00   3.5668868e+00
   2.6552039e+01   2.3265951e+01
  -1.5506935e+01   3.7833596e+01
   1.7045893e+01   2.6369686e+01
   3.2648032e+01   3.1300710e+01
  -1.9286723e+00   3.2614891e+01
   2.5271442e+01  -4.2221314e+01
   2.3603370e+01  -2.1784937e+01
   3.9277532e+01  -1.8015634e+01
   1.5320855e+01  -2.8549492e+01
   1.4116673e+01  -1.8622261e+01
  -5.5747453e+00  -2.7728620e+01
  -9.9030394e+00  -4.4199600e+01
  -4.8711803e+01  -7.0444181e+00
  -4.6888159e+01   1.3591783e+01
  -2.9772301e+01   1.6603674e+01
   7.7602693e+00  -5.1378230e+01
   1.5978528e+01  -3.8527841e+01
  -2.1555660e+01  -2.9782227e+01
   5.0055855e+01   9.4962276e+00
  -1.0076326e+01  -9.3400039e+00
   3.6227661e+01   2.0739623e+01
  -4.1626263e+01  -2.0678489e+01
   2.2387231e+01   6.6823963e+00
   1.9436772e+01   1.6237227e+01
   3.6317491e+01  -6.3483257e+00
  -1.1669882e+01   5.0006598e+01
  -5.2797029e-01  -6.3686574e+00
   5.4598532e+01   5.8757551e-01
   1.0185147e+01   4.8528682e+01
  -3.0995661e+01   2.9309823e+01
   4.7697333e-02   1.2809091e+01
   2.3114114e+01   3.4318062e+01
   1.0248411e+01  -9.3560599e+00
   1.9882553e+01   4.6087306e+01
