   3.0290000e+03
   2.5450000e+03
   2.4850000e+03
   2.9370000e+03
   2.8410000e+03
   2.7910000e+03
   2.7470000e+03
   2.8190000e+03
   2.5950000e+03
   2.9070000e+03
   2.9250000e+03
   2.6090000e+03
   2.6250000e+03
   2.7310000e+03
   2.6370000e+03
   2.8210000e+03
   2.9430000e+03
   2.8070000e+03
   2.7730000e+03
   2.8330000e+03
   2.8090000e+03
   3.0130000e+03
   2.6690000e+03
   2.5230000e+03
   2.6550000e+03
   2.7230000e+03
   2.5250000e+03
   2.9830000e+03
   3.0070000e+03
   2.6070000e+03
   2.9930000e+03
   2.6050000e+03
   2.8750000e+03
   2.4910000e+03
   2.9690000e+03
   2.6790000e+03
   2.7550000e+03
   2.8310000e+03
   2.4690000e+03
   2.8670000e+03
   2.6330000e+03
   2.4750000e+03
   2.8690000e+03
   2.9470000e+03
   2.7250000e+03
   2.9550000e+03
   3.0250000e+03
   2.9170000e+03
   2.9490000e+03
   2.8790000e+03
   2.9190000e+03
   2.7410000e+03
   2.6730000e+03
   3.0490000e+03
   2.8110000e+03
   2.7130000e+03
   3.0150000e+03
   2.7570000e+03
   2.5150000e+03
   3.0550000e+03
   2.8630000e+03
   2.8250000e+03
   2.9230000e+03
   3.0510000e+03
   2.5370000e+03
   2.8470000e+03
   2.8550000e+03
   2.8590000e+03
   2.9210000e+03
   2.8030000e+03
   2.6570000e+03
   2.6390000e+03
   2.5730000e+03
   2.9890000e+03
   2.9630000e+03
   3.0630000e+03
   2.6830000e+03
   2.6530000e+03
   2.9310000e+03
   2.5930000e+03
   2.7190000e+03
   3.0410000e+03
   2.9850000e+03
   2.7050000e+03
   2.6030000e+03
   2.5090000e+03
   2.7290000e+03
   2.7530000e+03
   2.7610000e+03
   3.0190000e+03
   2.6890000e+03
   2.7830000e+03
   2.7850000e+03
   2.4950000e+03
   2.9290000e+03
   2.7390000e+03
   2.8130000e+03
   2.7770000e+03
   2.6270000e+03
   3.0530000e+03
   2.8050000e+03
   2.8970000e+03
   2.8730000e+03
   2.7210000e+03
   2.8230000e+03
   2.5470000e+03
   2.8390000e+03
   2.9750000e+03
   2.8350000e+03
   2.7870000e+03
   2.8910000e+03
   2.5850000e+03
   2.8870000e+03
   2.7430000e+03
   2.7950000e+03
   2.8950000e+03
   2.9150000e+03
   2.9130000e+03
   2.6190000e+03
   2.9650000e+03
   2.9390000e+03
   2.6410000e+03
   2.9730000e+03
   3.0210000e+03
   2.9910000e+03
   2.9590000e+03
   3.0030000e+03
   2.6930000e+03
   2.7510000e+03
   2.9710000e+03
   2.6870000e+03
   2.8530000e+03
   3.0450000e+03
   2.9990000e+03
   3.0350000e+03
   3.0370000e+03
   3.0270000e+03
   2.7450000e+03
   2.9450000e+03
   2.7650000e+03
   2.7690000e+03
   2.7710000e+03
   2.8270000e+03
   2.7790000e+03
   2.4900000e+03
   2.9010000e+03
   2.8490000e+03
   2.8770000e+03
   2.7990000e+03
   2.5080000e+03
   2.8150000e+03
   2.5120000e+03
   2.9510000e+03
   2.8990000e+03
   2.5180000e+03
   2.5200000e+03
   2.5220000e+03
   2.5240000e+03
   2.5280000e+03
   2.9530000e+03
   2.5340000e+03
   2.5360000e+03
   2.8830000e+03
   2.8430000e+03
   2.5460000e+03
   2.8810000e+03
   2.5520000e+03
   2.5540000e+03
   2.5560000e+03
   2.8570000e+03
   2.5680000e+03
   2.5720000e+03
   2.8710000e+03
   2.5840000e+03
   2.8850000e+03
   2.5880000e+03
   2.5900000e+03
   2.8890000e+03
   3.0230000e+03
   2.8930000e+03
   2.6020000e+03
   2.6040000e+03
   2.6060000e+03
   2.6080000e+03
   2.9330000e+03
   2.9110000e+03
   2.9090000e+03
   2.9270000e+03
   2.6180000e+03
   2.6200000e+03
   2.6220000e+03
   2.6240000e+03
   2.9350000e+03
   2.9410000e+03
   2.6300000e+03
   2.6320000e+03
   2.6340000e+03
   2.6360000e+03
   2.6380000e+03
   2.6400000e+03
   2.6420000e+03
   2.9790000e+03
   2.6460000e+03
   2.9570000e+03
   2.9810000e+03
   2.6520000e+03
   2.6540000e+03
   2.6560000e+03
   2.9670000e+03
   2.6660000e+03
   3.0050000e+03
   2.6720000e+03
   3.0010000e+03
   2.6760000e+03
   2.6780000e+03
   3.0470000e+03
   2.6840000e+03
   3.0170000e+03
   3.0110000e+03
   2.9870000e+03
   2.7040000e+03
   3.0310000e+03
   2.7080000e+03
   2.7120000e+03
   2.7180000e+03
   2.7200000e+03
   2.7220000e+03
   2.7240000e+03
   2.7280000e+03
   2.7300000e+03
   3.0610000e+03
   2.7380000e+03
   2.7400000e+03
   3.0590000e+03
   2.7440000e+03
   2.7460000e+03
   2.7500000e+03
   2.7520000e+03
   2.7540000e+03
   2.7560000e+03
   2.7660000e+03
   2.7680000e+03
   2.7700000e+03
   2.7720000e+03
   2.7740000e+03
   2.7760000e+03
   2.7820000e+03
   2.7840000e+03
   2.7860000e+03
   2.7880000e+03
   2.7900000e+03
   2.7920000e+03
   2.7940000e+03
   2.7980000e+03
   2.8000000e+03
   2.8020000e+03
   2.8040000e+03
   2.8060000e+03
   2.8080000e+03
   2.8100000e+03
   2.8120000e+03
   2.8140000e+03
   2.8160000e+03
   2.8200000e+03
   2.8220000e+03
   2.8240000e+03
   2.8260000e+03
   2.8280000e+03
   2.8300000e+03
   2.8320000e+03
   2.8340000e+03
   2.8380000e+03
   2.8400000e+03
   2.8420000e+03
   2.8440000e+03
   2.8460000e+03
   2.8480000e+03
   2.8520000e+03
   2.8540000e+03
   2.8560000e+03
   2.8600000e+03
   2.8620000e+03
   2.8680000e+03
   2.8700000e+03
   2.8720000e+03
   2.8740000e+03
   2.8760000e+03
   2.8780000e+03
   2.8800000e+03
   2.8820000e+03
   2.8840000e+03
   2.8860000e+03
   2.8880000e+03
   2.8900000e+03
   2.8940000e+03
   2.8960000e+03
   2.8980000e+03
   2.9000000e+03
   2.9020000e+03
   2.9060000e+03
   2.9080000e+03
   2.9100000e+03
   2.9120000e+03
   2.9140000e+03
   2.9160000e+03
   2.9180000e+03
   2.9200000e+03
   2.9220000e+03
   2.9240000e+03
   2.9260000e+03
   2.9300000e+03
   2.9320000e+03
   2.9340000e+03
   2.9360000e+03
   2.9380000e+03
   2.9400000e+03
   2.9420000e+03
   2.9440000e+03
   2.9460000e+03
   2.9480000e+03
   2.9500000e+03
   2.9520000e+03
   2.9540000e+03
   2.9560000e+03
   2.9580000e+03
   2.9620000e+03
   2.9640000e+03
   2.9660000e+03
   2.9700000e+03
   2.9720000e+03
   2.9740000e+03
   2.9780000e+03
   2.9800000e+03
   2.9820000e+03
   2.9840000e+03
   2.9860000e+03
   2.9880000e+03
   2.9900000e+03
   2.9940000e+03
   2.9960000e+03
   2.9980000e+03
   3.0000000e+03
   3.0020000e+03
   3.0040000e+03
   3.0060000e+03
   3.0100000e+03
   3.0120000e+03
   3.0140000e+03
   3.0160000e+03
   3.0180000e+03
   3.0200000e+03
   3.0220000e+03
   3.0240000e+03
   3.0260000e+03
   3.0280000e+03
   3.0300000e+03
   3.0320000e+03
   3.0340000e+03
   3.0360000e+03
   3.0380000e+03
   3.0400000e+03
   3.0420000e+03
   3.0460000e+03
   3.0480000e+03
   3.0500000e+03
   3.0520000e+03
   3.0580000e+03
   3.0600000e+03
   3.0620000e+03
