   2.5492553e+01   6.2230416e+01
   6.8164678e+01   5.0502098e+01
  -4.6708094e+01   3.6398666e+01
  -7.1719888e+00  -6.2977344e+01
  -4.7214781e+00  -5.3307118e+01
  -2.5632429e+01  -3.2621385e+01
   2.3489962e+00   3.7467332e+01
  -7.1938826e+01   1.1597521e+01
   5.5154560e+01  -4.8760682e+01
   5.5307590e+01  -2.9544954e+01
   9.1616716e+01  -8.8413955e-01
   7.2845413e+01  -5.5327669e+01
  -7.1972958e+01  -7.5084626e+01
  -9.4822078e+00  -3.9460224e+01
   6.5268228e+01  -2.1952016e+01
  -3.1026719e+01  -4.4853316e+00
   7.0179158e+01   4.7362960e+00
   1.6888581e+01  -3.6739400e+01
   6.7461941e+01  -4.4629558e+01
  -9.0592981e+01  -3.5280855e+01
   7.4567903e+01  -3.5457729e+01
   3.9680467e+01   5.1670260e+01
   1.3627328e+01   4.3735398e+01
   1.5237467e+01   7.2663155e+01
   4.6350127e+01   1.6519149e+01
   7.5809713e+01   8.7511919e+01
   1.2759703e+01   1.1156403e+01
   3.3599788e+01   9.8071102e+01
  -6.4769006e+01  -2.6929861e+01
  -4.8616686e+01  -8.8568787e+01
   3.6938303e+00   1.5340696e+01
  -7.6456549e+01   2.1034693e-01
  -9.1598984e+01   9.9672927e+00
  -2.7491134e+01   7.9706539e+01
   5.6698569e+01   2.9155635e+00
  -3.9153944e+01  -1.0721757e+01
  -7.0713624e+01   3.3526125e+01
  -3.4611553e+01  -9.4459946e+01
  -7.9820279e+01   9.7020522e+01
   5.3114911e+00  -9.6667757e+01
   5.1757284e+00  -5.2164868e+01
   3.5300186e+01   3.9629098e+01
   3.8157474e+01   8.3822002e+01
   4.7473027e+01  -7.9521038e+01
  -7.6061272e+01  -8.4207290e+01
  -2.9782199e+01  -1.4175842e+01
  -1.6735175e+01  -1.7317793e+01
  -1.2307104e+00   7.1152326e+01
  -2.4309195e+01   5.4001794e+01
   6.6781210e+01  -7.3049519e+01
  -6.5346970e+01   4.1515448e+01
  -4.9610964e+01   6.1286720e+01
   4.9932599e+01  -6.7251792e+01
  -6.6883151e+01  -1.7169942e+01
   3.4482474e+01  -5.2909140e+01
  -8.1944489e+01  -7.4352452e+01
  -5.8777954e+01  -6.4475201e+01
   1.0659767e+01  -2.8961314e+01
   2.1146638e+01   1.7759640e+01
   2.8887922e+01  -2.1106270e+00
  -3.1229487e+00  -2.8270200e+00
   8.9131175e+00  -1.7547363e+01
  -9.7991729e+01  -6.2344199e+01
   7.9401937e+01   2.0664952e+01
   5.1154580e+01   2.7954675e+01
   7.6538054e+01   6.8619927e+01
   4.5647098e+01   7.7302030e+01
   4.2232071e+01   9.2949082e+01
   9.1364558e+01   3.8488800e+01
   9.9574850e+01  -6.9353903e+00
   2.1099057e+01   9.9380190e+01
   4.5623449e+01  -3.1981726e+00
   1.1834399e+01   2.1076359e+01
  -4.4631645e+01  -1.9085782e+01
   9.2913746e+01  -7.2368805e+01
   9.9032555e+01   1.1945096e+01
  -5.4812015e+01  -2.7501926e+01
  -6.6608506e+01  -1.4827129e+00
  -3.2841878e+01  -5.3751490e+01
  -1.9358273e+01  -4.0289852e+01
  -6.2041052e+01  -7.3926926e+01
   9.0738133e+01  -4.8970995e+01
  -6.6514706e+01  -9.3112369e+01
  -1.8719308e+01  -7.0494411e+01
  -6.5925663e+00  -2.9936001e+01
  -5.0598491e+01   2.7728844e+01
  -1.4748116e+01   5.1325626e+01
  -7.4526767e+01   7.6963277e+01
  -4.8763930e+01   1.8340092e+01
  -5.6683903e+01  -2.5415107e-01
  -4.7244524e+01   9.6639933e+01
  -7.4809303e+01   4.4246222e+01
  -8.4368746e+00  -8.6801706e+01
  -2.6860015e+01   9.9176518e+01
  -8.7603415e+01   9.1060415e+01
  -2.5568209e+01   3.1518573e+01
  -5.3045804e+01   9.5041125e+00
  -5.7366906e+01   3.5824621e+01
  -2.9131234e+01   9.0397755e+00
   7.5951852e+01  -6.5712832e+01
  -8.0317291e+01   3.6196484e+01
  -6.2269119e+01   9.0607858e+01
   3.8625493e+01  -4.2076969e+01
   4.7437741e+01  -2.2995085e+01
   2.3315545e+01  -7.0238238e+01
   3.8697922e+01  -1.7873080e+01
   9.3078100e+01  -2.7586545e+01
  -8.3085700e+01  -4.3532225e+01
  -6.0295603e+01  -3.5846453e+01
  -9.7876749e+01  -2.0502356e+01
  -8.8758933e+01  -2.4591034e+01
   9.1809810e+00  -6.1286794e+01
   7.6223986e+01   9.7504258e+01
   8.6130690e+01   8.5821806e+01
   6.0535809e+01   3.1223575e+01
  -7.9906110e+01  -6.4565962e+01
  -9.8669861e+01  -7.2320920e+01
   4.3057123e+01   3.3579405e+01
   5.2420450e+01   6.9389433e+01
   5.9686149e+01   8.5063340e+01
   6.5763667e+01   6.3873438e+01
   3.6695299e+01   1.4003810e+01
  -9.6487652e+00  -1.0325438e+01
   8.8755474e+01   5.7886971e+01
  -3.5595970e+01  -3.2466884e+01
   8.9231291e+01   1.8872329e+01
  -3.8974690e+01  -6.1572495e+01
  -3.9092105e+01  -8.5527341e+01
   2.8078676e+01  -2.0522784e+01
   7.0458685e+01  -9.7715775e+01
   1.1532803e+01   5.3157000e+01
   1.3121739e+01   8.2386404e+01
  -5.9066852e+00   6.2547005e+01
   9.1877950e+00  -8.0962730e+01
  -8.0890502e+01   8.4394639e+01
  -1.5700038e+01   6.0954066e+01
   4.5195688e+01  -8.9411751e+01
  -9.3899507e+00   8.1019526e+01
  -4.4941514e-01   9.9351980e+01
  -8.5224567e+01   5.7822957e+01
  -3.3795679e+01   5.1528526e+01
   1.5062053e+01  -9.0186469e+01
  -2.6194892e+01   2.3233791e+01
  -4.1590684e+01   1.1793179e+01
   1.9126842e+01  -6.1341409e+01
  -5.1639122e+01   8.2170948e+01
   5.0088998e+01  -5.7363512e+01
  -8.7764516e+01   8.8634072e-01
  -1.3831568e+01   3.7851739e+01
   9.7090861e+01  -3.6786117e+01
   8.3762474e+01  -1.9092524e+01
  -7.7043209e+01   2.6088139e+01
  -6.8486128e+01   2.1370604e+01
  -5.2564033e+01   4.4058509e+01
  -8.5614287e+01   1.7942589e+01
  -6.6296000e+01  -5.5994036e+01
   8.3470605e+01  -3.0363228e+01
  -5.9537152e+01   1.6999359e+01
   1.5083048e+01  -5.0995106e+01
  -9.0955859e+01  -7.8683318e+01
  -8.5619855e+01  -8.7140194e+01
   2.2418025e+00  -3.4600996e+01
   9.1315014e+00  -4.2970919e+01
   2.4239893e+01  -4.3479318e+01
  -9.9940556e+01   7.7104173e+01
  -6.9934054e+01  -6.5300898e+01
  -5.4497296e+01  -8.0489283e+01
  -5.1243856e+01  -7.1048034e+01
  -7.3411743e+01  -3.7391671e+01
   2.9062841e+01   3.1450122e+01
   2.9660315e+01   8.8911066e+01
  -8.1219632e+01  -3.1152446e+01
   1.7574749e+00  -2.4499199e+01
   4.7599478e+00   2.7911727e+01
   1.9433138e+01   2.7529179e+01
   9.8918619e+01   3.1938211e+01
   6.5255604e+00  -5.3723228e+00
  -1.6227471e+01  -2.7395763e+01
   3.8379826e-02  -1.2995328e+01
  -7.1204927e+00  -1.9971171e+01
   8.6075021e+01   9.5797381e+01
   4.7401675e+01  -1.3017304e+01
   4.7414814e+01   6.6096503e+00
   7.6100456e+01  -3.7686391e+00
   8.6918890e+01   7.1130165e+01
   6.5372091e+01   2.2532340e+01
   8.5070632e+01  -8.2177357e+00
   5.6478853e+01   6.0316383e+01
  -8.9377739e+01  -9.9667612e+01
  -8.6047612e+01  -5.3229570e+01
   6.9990610e+01   7.7190303e+01
  -8.9450457e+01  -6.7543334e+01
   4.2758664e+01   6.7878059e+01
  -1.4410441e+01  -5.1040035e+01
   6.1825771e+01   4.2774620e+01
   3.6989254e+01   4.0344241e+00
   9.4705732e+01  -6.1870260e+01
  -1.5835821e+01  -8.0075960e+01
  -1.6372434e+01  -9.2880439e+01
  -1.7364975e+01  -6.0591480e+01
  -3.0489086e+01  -4.1296510e+01
  -4.4970224e+01  -2.9077364e+01
  -5.4499382e+01  -1.7518228e+01
  -4.8763811e+01  -7.9847171e+00
  -7.2887845e+01  -9.2001594e+00
  -6.0466900e+01  -9.5047066e+00
  -8.1529820e+01   8.8186613e+00
  -2.5044607e+01  -2.2780994e+01
  -2.1019926e+01  -8.2979134e+00
  -3.5241996e+01  -2.2491231e+01
  -2.7258406e+01  -6.2041125e+01
   3.9937657e+01   2.4141171e+01
  -6.6030408e+01  -8.3124918e+01
  -2.6630098e+01  -7.6595643e+01
   1.8090711e+01  -2.1360281e+01
   2.2787215e+01  -8.0089562e+01
   3.8693464e+01  -8.2771085e+01
   4.1819894e+01  -7.1550108e+01
   9.4801691e+01  -8.2431038e+01
   1.1933986e+01   3.4139660e+01
   4.4945556e+01   4.3341500e+01
   4.8600020e+01  -4.1218647e+01
   2.1070412e+01   3.7210619e+01
  -8.6385121e+01   2.8675809e+01
   5.6950019e+01  -7.4220134e+01
   5.5691964e+01  -8.4683224e+01
  -5.6682633e+00   4.3133105e+01
   3.3685181e+00   4.7381116e+01
   2.3554345e+01   7.9748193e+01
  -1.0827118e+01   7.1103590e+01
   2.7655382e+00   5.7421923e+01
  -7.9879816e+01   6.6132109e+01
  -6.2790906e+01   7.6567953e+00
  -4.6894857e+01   1.7865830e+00
   4.4017410e+01  -3.2367735e+01
   5.6091967e+01  -1.7997659e+01
   3.5445179e+01  -2.7265069e+01
  -7.3181567e+01   9.0438675e+01
  -2.4680492e+01   6.5078393e+01
   3.8397852e+00   7.9333334e+01
  -8.4022398e+01   4.7965910e+01
  -1.6601721e+01   9.6445432e+01
  -2.7727865e+01   8.9407792e+01
   2.9731282e+01  -6.1911802e+01
   1.1287957e+01  -7.1058393e+01
  -4.3553119e+01   5.2173265e+01
  -6.8092257e+01   9.8742400e+01
  -6.1438482e+01   7.9063719e+01
  -7.4277233e+01  -2.3964773e+01
   4.0735816e+01  -6.0726740e+01
  -3.5216617e+01   1.9029439e+01
   4.4006828e+01  -5.0060326e+01
  -3.7065251e+01   3.1785463e+00
   5.8009295e+01  -6.2578267e+01
  -1.6573422e+01   2.8624146e+01
   2.6424433e+01  -8.9509203e+01
   5.8591457e+01  -3.9392527e+01
   7.8800984e+01  -4.4512788e+01
  -9.4559055e+01   2.3808928e+01
  -6.2362800e+01   5.0461142e+01
  -4.8663981e+01   6.8766596e+01
  -7.6261245e+01  -5.5261272e+01
   3.0944676e+01  -3.6124099e+01
  -7.5253089e+01   5.4106196e+01
  -9.4785618e+01  -9.1136772e+01
  -9.1144961e+01   8.1752753e+01
  -7.5133920e+00   9.2273829e+01
  -7.4364431e-01  -4.4149187e+01
   6.5219932e+01  -3.1935146e+01
  -6.0731862e+01  -4.5801770e+01
   1.1044493e+01   9.9644959e+01
  -5.6388055e+01  -5.4766491e+01
  -9.1234817e+01  -1.2859378e+01
  -9.6328981e+01  -4.2529847e+00
  -9.2978500e+01  -4.4992064e+01
  -8.1800296e+01  -1.7452969e+01
  -1.3478290e+01  -1.1040047e+00
   5.3150905e+01   3.7825675e+01
   5.5937262e+01   1.9260962e+01
   7.9830937e+01   7.8125527e+01
   9.5243083e+01   9.0878283e+01
  -1.7412464e+00   7.0152789e+00
   1.6011872e+00  -6.7758115e+01
  -2.1739105e-01  -7.7574694e+01
  -9.3559784e+01   4.5082857e+01
   5.5326431e+01  -6.9733361e+00
   6.4728456e+01  -3.6249985e+00
   6.2005124e+01   1.1369069e+01
  -2.3116238e+01   1.4465291e+00
   9.2950055e+01  -1.4461525e+01
   1.3990203e+01   1.2603407e+00
  -3.0902309e+00   2.2659481e+01
   6.7124787e+01   9.2468939e+01
   5.1778794e+01   9.6096791e+01
   6.0362707e+01   7.5131795e+01
  -8.0222249e+01  -9.5558310e+01
   3.0005553e+01   5.3580240e+01
   3.5595021e+01   6.1396450e+01
   3.0301881e+01   2.1617144e+01
  -9.9610155e+01  -5.2476503e+01
   7.4382461e+01   5.8861153e+01
   4.6678930e+01   5.8678872e+01
   4.9779946e+01   8.6329513e+01
   9.7819974e+01   6.2109457e+01
   7.8194282e+01   4.9644683e+01
   5.5388848e+01   5.0412308e+01
   8.2745874e+01  -5.4918899e+01
   8.7473191e+01  -3.9524953e+01
  -8.9922712e+00  -7.2794283e+01
  -9.0407096e+01   6.6370165e+01
  -9.6350742e+01   5.5001267e+01
   7.1446521e+01   1.4632609e+01
   8.9515296e+01   8.8800370e+00
   8.8683959e+01   2.8856320e+01
  -4.2687054e+01  -7.6205239e+01
  -4.4134780e+01  -9.7504404e+01
  -8.2711973e+01  -7.5852379e+00
   9.7862243e+01   4.6097051e+01
   9.3510143e+01   7.9083541e+01
   8.8033069e+01   4.7914263e+01
   9.8744854e+01   2.1940774e+01
  -7.0648499e+01  -4.6994511e+01
  -3.4504022e+01  -7.0474792e+01
  -2.4141734e+01  -4.8995758e+01
  -4.8922740e+01  -6.1346873e+01
   3.6903951e+01  -8.0656148e+00
  -2.3770202e+01  -8.6161625e+01
  -2.5146426e+01  -9.7671431e+01
   2.3102418e+01  -1.1865561e+01
  -5.4139051e+01  -9.6904391e+01
   8.0153911e+01   5.3729702e+00
   2.3712882e+01  -2.9493204e+01
   2.7486309e+01   1.0126196e+01
   9.5423251e+01  -9.2411702e+01
   1.5421592e+00  -8.7409634e+01
  -9.5545965e+01   3.3701147e+01
   6.5364653e+01  -8.2858669e+01
   6.2177799e+01  -9.2232351e+01
   8.0057261e+01  -9.4996412e+01
  -1.7754573e+01   8.6499407e+01
  -2.0727594e+01   4.4822878e+01
  -3.3948935e+01   6.1558310e+01
  -5.5604947e+00   5.2814672e+01
  -1.9975609e+01   7.3762818e+01
  -3.7072402e+01   7.7505158e+01
  -6.0362911e+01   2.6746613e+01
   5.2814246e+01  -9.5411557e+01
  -3.9624627e+01   4.3062381e+01
   3.5779761e+01  -9.2560195e+01
   1.9800300e+01   8.9551944e+01
  -8.3975404e+01   7.5041489e+01
   3.9530882e+00   8.9202955e+01
   8.5503960e+01  -6.5186450e+01
   3.2724120e+01  -7.2007327e+01
   6.7029438e+01  -6.3178883e+01
   3.3286031e+01   7.1074156e+01
   7.0670829e+00   6.6216079e+01
   1.5769689e+01   6.1968908e+01
   2.6885719e+01   4.4691648e+01
  -5.3295964e+01   5.3281372e+01
  -3.7515696e+01   8.7429802e+01
  -5.6819879e+01   9.8306963e+01
  -9.9721126e+01   1.5630076e+01
  -3.7448542e+01   9.7359594e+01
   2.1918006e+01  -9.8108857e+01
  -9.6331005e+01   9.4906681e+01
  -6.8106455e+01   8.3375285e+01
  -2.7232273e+01   3.9392776e+01
   3.0808796e+01  -8.0906061e+01
  -5.4741898e+01   7.6016586e+01
  -4.7283745e+01   7.4326982e+01
   7.9439959e+01  -1.5613972e+01
  -3.1498564e+01   1.6100320e+01
