   3.0253805e+01  -3.3457716e+01
   4.0473038e+01  -4.9259283e+01
   5.0018822e+01   7.8813564e+01
   4.5713651e+01   5.2536572e+01
  -2.8810731e+01   5.3395151e+01
  -8.1383479e+01   3.7036273e+01
   1.4342942e+01  -2.1215065e+01
  -1.6909182e+01   6.9836673e+01
   9.6171639e+01  -1.4235160e+01
   6.6100601e+01  -1.3547352e+01
  -5.5374056e+01  -5.1585457e+00
   8.9774233e+01   3.7648541e+01
  -6.5367078e+01  -7.9660184e+01
  -3.2474103e+01  -5.5574188e+01
  -9.7023555e+01  -4.1414048e+01
  -2.8483483e+01   2.0587702e+01
  -2.1333168e+01   2.7596873e+01
  -3.9175812e+01   3.2333890e+01
   9.6325803e+01   2.9613252e+01
  -6.8052352e+01  -6.7108813e+01
  -4.5801015e+01  -8.3048569e+01
  -5.2236752e+01   3.7282030e+01
  -5.1275808e-02  -2.8097949e+01
  -8.4318855e+01  -7.6223521e+01
  -6.8055244e+01  -3.9401700e+01
   9.1087814e+01   1.7922431e+01
  -1.2409804e+01   6.0895255e+01
   4.0683721e+01   3.4965699e+01
   4.1400052e+01   7.2541580e+01
  -7.1868437e+01  -2.8150863e+01
   5.8670577e+01  -2.0256032e+01
  -4.9198800e+01  -6.1492968e+01
   1.3011922e+00  -6.2590410e+00
  -7.9419530e+01  -6.6740865e+01
   7.3093800e+01   2.0298098e+01
  -7.2547939e+01  -8.8913356e+01
   5.0884136e+01   9.6683186e+01
   3.6751277e+01   8.2421234e+01
  -9.9773540e+01  -2.6774866e+01
  -7.0647485e+00   3.8256606e+01
  -2.3363751e+01   4.4218165e+01
  -3.8387310e+01   1.9204149e+01
  -4.2848647e+01   6.3857635e+01
  -3.8729517e+01   5.2123270e+01
   5.7959077e+01   4.0712816e+01
  -7.0208803e+01   3.2398815e+01
   4.5622522e+01  -5.7831465e+01
  -6.4916445e+01  -2.0971379e+01
  -8.5455042e+01  -2.4329233e+01
  -3.2865729e+01   6.4317157e+01
   6.1737010e+01  -2.1495428e+00
   5.6086004e+01  -1.0595809e+01
   1.8566031e+01  -3.0591258e+01
  -8.0445527e+01  -3.3284918e+01
   3.5341224e+01   5.3118183e+01
  -1.3103158e+01  -5.5366022e+01
   4.4678793e+01  -3.1895958e+01
  -3.7921391e+01  -7.7036922e+01
  -7.2229641e+01  -5.2471507e+01
  -5.5556464e+01  -8.1317813e+01
  -6.4734074e-01   8.1043645e+01
  -8.1907397e+01  -8.5682473e+01
   1.0036243e+01  -1.1129960e+01
  -9.8733111e+01  -6.2898358e+01
   3.7420300e+00  -1.8869718e+01
   8.4694245e+01   4.9293760e+01
  -5.5845780e+01  -5.4574646e+01
   7.6011731e+01   1.0296234e+01
   8.6672473e+01   2.6191344e+01
   5.8637945e+01   9.0251714e+01
   4.5986592e+01   8.7964581e+01
   3.0900924e+01   7.4311156e+01
  -9.2727596e+01  -5.0321141e+01
  -9.1849888e+01  -3.2874559e+01
  -9.3771602e+01  -1.8776322e+01
   8.5139833e+01  -8.9130521e+00
   3.6616702e+01   9.2420329e+01
  -2.9268067e+01   3.3681308e+01
  -3.3300675e+01   4.3105527e+01
  -1.1055377e+01   2.8471992e+01
  -1.6921358e+01   3.6570596e+01
  -3.2144165e+01   1.1281822e+01
  -4.6321070e+01   2.5339094e+01
  -6.3185498e+01  -9.2224245e+01
  -5.0009220e+01   4.8788132e+01
  -5.1398563e+01   5.8685056e+01
   5.0571071e+01   3.3135693e+01
  -4.3169271e+01   4.1499300e+01
   5.6603326e+01   5.1226052e+01
  -9.0561234e+01   4.1007270e+01
  -7.8889539e+01   2.7352252e+01
   3.0542848e+01  -4.6216553e+01
   5.3632855e+01  -5.1704592e+01
  -4.7161326e+01  -1.2664245e+01
  -5.6870773e+01  -1.5043786e+01
  -7.5940935e+01  -1.8820236e+01
   6.9129852e+01   4.0061102e+00
  -2.7920945e+01   7.3007601e+01
  -2.3138113e+01   6.2018388e+01
   7.1957387e+01  -5.4822327e+00
   5.1685226e+01  -1.6162158e+00
   6.0166413e+01  -3.0143520e+01
  -1.4104004e-01  -3.8084185e+01
   8.8487879e+00  -3.2952443e+01
  -8.7082285e+01  -4.2164236e+01
  -7.7240790e+01  -4.3077072e+01
  -2.2807302e+01  -5.7451771e+01
   4.1781998e+01   6.1731229e+01
  -2.9644912e+01  -4.6142855e+01
  -3.2816979e+01  -6.8535299e+01
   4.8189687e+01   4.2847986e+01
  -3.9841521e+01  -6.1780773e+01
  -8.0452824e+01  -5.6847708e+01
   3.8207126e+01  -3.9519421e+01
   4.8000553e+01  -4.1570168e+01
  -5.3467506e+01  -9.0568186e+01
  -1.9037596e+01   8.0200987e+01
  -9.5654435e+01  -7.7606467e+01
  -9.6623788e+00   7.6721740e+01
  -8.2527299e+01  -9.5548924e+01
  -9.0852339e+01  -6.9008095e+01
   1.0114712e+01  -1.1411723e+00
   1.9929341e+01  -9.7437135e+00
  -8.9508910e+01  -5.9492579e+01
   9.4404010e+01   4.6936349e+01
  -9.7705165e+00  -9.8640995e+01
   7.4731488e+01   5.0064145e+01
  -6.2294618e+01  -4.7331009e+01
  -5.8529320e+01  -6.3816988e+01
  -5.5987847e+01  -7.2268936e+01
  -6.4744014e+01  -5.7329253e+01
   8.5377768e+01   8.3364235e+00
   9.5028666e+01   9.2634023e+00
  -7.0605179e+01  -9.8744504e+01
   8.2010065e+01   1.7764464e+01
   9.4000909e+01  -4.5833225e+00
   8.8704386e+01   2.8573509e+01
