  -2.2424326e+01  -2.7887106e+01
   3.0439915e+01   5.7171835e+01
   6.3838576e+01  -4.3200937e+01
  -1.2822454e+01  -4.2372878e+01
  -6.9664602e-01  -5.8152744e+01
  -2.9982901e+01   1.4444576e+01
   2.0541040e+01   4.6844358e+01
  -4.0104504e+01  -7.8418225e+00
  -7.9118312e+01  -4.7363012e+01
   9.3243877e+01   1.7807269e+01
   3.3646969e+01   2.5825009e+01
   4.3123779e+01   2.6826073e+01
   4.3398441e+01  -9.8246158e+00
   2.9759747e+00   8.1537747e+01
  -5.1376049e+01   4.1722760e+01
   2.8865693e+01  -2.0778417e+01
  -3.4716261e+01  -7.9381675e+01
   2.2128051e+01  -4.2027545e+01
  -5.8816313e+01   3.2956101e+01
  -7.0632951e+01  -4.9054563e+00
   5.3191386e+00  -4.7132694e+01
   1.7599477e+01  -8.1829152e+01
  -3.1372868e+01  -2.3503907e+01
  -2.1462044e+01  -4.7770727e+01
   3.3694510e+01  -1.2067146e+01
  -4.4370187e+00   6.3399424e+01
   1.6064349e+01  -5.8810983e+00
  -3.8967798e+01   4.0739353e+01
   3.3085980e+01  -3.7132671e+01
   4.3523174e+01  -4.9572495e+01
   2.7593535e+01  -6.1224016e+01
  -6.7528046e+01  -1.4496890e+01
  -4.9682708e+01  -1.0646256e+01
   6.3217228e+00  -8.8766352e+01
   6.2257248e+01   1.3458967e+01
   5.0209321e+01   3.6099337e+01
  -5.0318312e+01  -2.3191088e+01
   1.4262517e+00   4.0594810e+01
  -3.5649476e+00   7.3974393e+01
  -2.1668390e+01   7.4496373e+01
   9.7217349e+00   1.2254797e+01
   8.5352926e+01  -1.6219388e+01
   3.7804271e+01   7.5648718e+01
   5.8522510e+01  -2.2779727e+01
  -2.2723820e+01   2.6862807e+01
   4.2746088e+01   4.2670200e+01
   5.1799663e+01   5.7970602e+01
   5.3313129e+01  -4.7544366e+01
   3.5411443e+01  -8.6510273e+01
  -2.0687485e+01  -7.9349783e+01
  -4.4864287e+01   1.2031276e+01
  -8.1955337e+01   2.2884227e+01
  -6.8496946e+01   3.5262134e+01
  -6.4089351e+01  -2.4135651e+01
  -1.8513456e+01  -9.3678912e+01
  -4.8986168e+01   3.2032594e+01
   3.6481842e+01  -5.6663404e+01
   5.3111341e+00  -7.0909017e+01
  -5.3347426e+01   6.8965308e+00
  -3.1727376e+01  -5.2721489e+01
   1.5117545e+01  -4.9108500e+01
  -2.1639248e+01  -3.7781329e+01
   3.2431673e+01   1.0284528e+01
   1.9618186e+01   1.2407898e+01
   4.5265403e+01   9.5784426e+00
   5.9979379e+01   3.4070917e+01
  -2.2256350e+01   6.4524589e+01
  -5.9693227e+01  -5.0883400e+01
   2.5618687e+01   7.5963607e+01
   6.2523595e+01  -3.3376992e-02
   8.0230719e+01  -7.6260547e+00
  -2.3906248e+01   5.4679756e+01
   7.0002764e+01  -2.8164107e+01
  -3.3532280e+01   5.2015865e+01
   7.0563780e+01   7.9065058e+00
  -4.1364901e+01  -2.7617240e+01
   1.5728112e+01   3.3292188e+01
   1.1359688e+01   5.2262616e+01
  -1.7774373e+01  -9.6071146e+00
   6.0257932e+00   3.1746780e+01
  -8.7690859e+00  -5.4943672e+00
   4.0466277e+01  -1.9384904e+01
   5.1071850e+01  -1.6163103e+01
   5.2464713e+01  -3.7589299e+01
   4.2716717e+01  -3.9618798e+01
   3.4717530e+01  -7.6541278e+01
  -4.2739013e+01  -8.5346274e+01
  -2.7716376e+01  -7.2248150e+01
  -2.7591009e+01   4.4003926e+01
   1.9387632e+01  -2.3849412e+01
  -5.9858391e+01   1.4382267e+01
  -6.1328443e+01   4.2568173e+01
   1.0288525e+01  -2.7909709e+01
  -6.9599831e+01   1.6553756e+01
  -7.8576168e+01   3.4022106e+01
  -9.2173794e+01  -2.3462815e+01
  -2.0175544e+01  -3.0173485e-02
  -6.2398084e+01   2.7974857e+00
   1.3017226e+00  -8.0069686e+01
  -7.8380984e+01  -1.1224562e+01
  -4.2957374e+01   2.1730148e+01
   4.4881458e+01  -6.2066267e+01
  -1.5581792e+00  -3.1244314e+01
   5.0232788e+00  -1.9474272e+01
   8.0452629e+01   2.3705178e+00
   1.5235185e+01  -7.2116712e+01
  -2.0305407e+01  -5.7698516e+01
  -1.7165336e+01  -1.9475566e+01
  -5.8762126e+01  -6.0836536e+01
   1.7306498e+01   2.2081620e+01
  -8.1017965e+00  -7.6668469e+01
  -1.2499649e+01   7.8455009e+01
  -1.3200962e+01  -3.2383978e+01
   3.2625397e+01  -2.1897538e+00
   1.4117857e+01  -1.5513123e+01
   6.3425769e+00  -8.3340216e+00
  -3.9717670e+01   6.8707309e+01
   2.7044562e+01   1.8688900e+01
  -1.3063530e+01   6.8453182e+01
   6.9947468e+01   4.9173110e+01
   6.1969360e+01   2.4323306e+01
  -7.5481588e+01  -3.8056256e+01
  -6.6446014e+01  -3.3816632e+01
   1.4950704e+01   3.8209458e+00
   3.9257301e+01   1.7554235e+01
  -2.0348843e+01   3.6996101e+01
   3.5045648e+01   6.6040176e+01
   2.0449898e+01   5.6833349e+01
   1.4986475e+01   6.5762810e+01
   5.1618832e+01  -3.5281106e+00
  -8.3951637e+00   4.9425281e+01
   9.0758121e+01  -7.8578430e+00
   8.2790447e+01  -2.8083454e+01
  -5.3595884e+01   5.1470322e+01
   6.0250940e+01  -9.7712239e+00
  -5.0557508e+01   6.0996225e+01
  -5.3525324e+01  -3.2659471e+01
  -3.9551506e+01  -1.7794595e+01
  -3.3176938e+01  -3.3338266e+01
   1.1612086e+01   4.2308239e+01
   2.4463975e+01   2.8938846e+01
   6.0917872e+01   5.3884198e+01
   3.4289274e+01   4.7957492e+01
  -1.4856156e-01   1.2417243e+01
   5.4659737e+01   6.1437771e+00
  -2.5216758e+00   2.2244535e+01
  -3.8861811e+01  -5.9715125e+01
   3.9260129e+01  -2.9293651e+01
   3.3765024e+01  -4.7070687e+01
   2.4863548e+01  -5.1619283e+01
   7.2310965e+01  -3.7889905e+01
   3.5990501e+01  -6.6636519e+01
   4.8645646e+01  -2.5860316e+01
   6.0996105e+01  -3.2447079e+01
   4.4712407e+01  -7.7039509e+01
   5.3787327e+01  -5.7527825e+01
  -5.0462810e+01  -7.8995482e+01
  -2.7685608e+01  -8.6492575e+01
   2.4400649e+01  -3.2353120e+01
  -6.7620036e+01   5.0268126e+01
  -3.0176878e+01  -4.2869988e+01
  -7.2507842e+01   2.6109832e+01
  -8.8054893e+01   3.0882944e+01
  -5.2877066e+01   2.2834670e+01
  -7.9052671e+01   1.3321560e+01
  -7.4597332e+01   4.3164795e+01
  -2.6561806e+01  -1.4291784e+01
  -8.2713886e+01  -2.0233881e+01
  -3.8803917e+01   4.1623025e+00
  -7.0710674e+00  -5.0497973e+01
  -6.0866190e+01  -7.0434040e+00
  -4.7322496e+01  -9.8016824e-01
  -5.7726943e+01  -1.6499376e+01
  -2.8893998e+01   4.6513582e+00
  -2.8046719e+00  -1.3403679e+01
  -7.1534998e+01   6.7536593e+00
   5.2669807e+01   1.6262178e+01
   7.8159093e+01   1.4375300e+01
  -3.6486071e+00  -8.9517041e+01
   6.9414424e+00  -3.7287574e+01
   9.2172037e+00  -5.7147516e+01
  -3.7990190e+00   3.2128984e+01
  -3.0519603e+01  -5.1436322e+00
  -8.0811589e+01  -1.5251869e+00
  -2.9116828e+00  -4.1149098e+01
  -1.0546537e+01  -5.9871363e+01
   8.6930504e+01   1.0117562e+01
  -9.2257994e+00   8.7898738e+01
   8.3892839e+01   2.2920372e+01
   2.4878347e+01  -7.4760570e+01
  -4.0976453e+00  -6.7527441e+01
  -5.1722474e+01  -6.9075568e+01
  -2.9147492e+01  -6.2365234e+01
  -8.1603295e+00  -2.3747103e+01
   2.3735633e+01  -1.2199468e+01
   1.7683659e+01  -6.2429618e+01
  -6.2806978e+01   2.3870108e+01
  -3.7422195e+01  -6.9607705e+01
  -4.8854641e+01  -5.9496137e+01
   2.4816316e+01   3.8931515e+00
   4.2308610e+01   7.7652774e-02
  -3.1652528e+01   7.4570703e+01
  -1.2795539e+01  -8.5483488e+01
  -2.6645142e+01   8.3215176e+01
   5.3260111e+01  -6.7513865e+01
   5.1869510e+01   4.6733029e+01
  -6.8357587e+01  -4.5365934e+01
   6.1455162e+01   4.3918521e+01
   3.5796398e+01   3.5539391e+01
  -5.9415933e+01  -4.0894156e+01
   5.2659306e+01   2.6464852e+01
   4.9316641e+00   5.9912801e+01
  -1.6016241e+01  -7.0196988e+01
   4.5816457e+01   6.9308926e+01
   1.6220337e+01   8.2299041e+01
  -7.4014487e+01  -2.5146244e+01
  -8.2293389e+01  -3.0740640e+01
  -1.0386396e+01   3.9626216e+01
  -3.2179377e+01   2.4034553e+01
  -1.7968024e+01   4.6665877e+01
  -1.3358301e+01   2.9903882e+01
  -1.3932116e+01   5.7751794e+01
  -4.0821817e+01   5.8816510e+01
   9.2744487e+01  -2.2940401e+01
   9.2420573e+01   1.9315212e+00
   7.6326834e+01  -2.0448703e+01
   6.6855269e+01  -1.7277405e+01
   7.0235570e+01  -7.8725918e+00
  -4.3861359e+01   4.9347181e+01
   1.5152177e+00   5.0544401e+01
   1.0028050e+01   7.4446934e+01
   5.9403794e+01   6.4456704e+01
  -2.9914324e+01   3.4301858e+01
   2.4984033e+01   6.5983767e+01
   2.6339849e+01   3.8727849e+01
   4.3367269e+01   5.2621461e+01
  -4.5445225e+00   3.4035945e+00
   5.2148464e+00   3.1064192e+00
   7.3871894e+00   2.1905649e+01
  -3.9217107e+01   3.0883900e+01
   7.0823852e+01   2.0646105e+01
