  -2.3119298e+01  -2.7891516e+01
   3.0530506e+01   5.7239679e+01
   6.3807612e+01  -4.3219886e+01
  -1.2394190e+01  -4.3332288e+01
  -1.4541178e-01  -5.9131631e+01
  -2.9985635e+01   1.4652995e+01
   2.0214585e+01   4.7146778e+01
  -3.9808461e+01  -7.7130790e+00
  -7.9276786e+01  -4.7547917e+01
   9.3700855e+01   1.8463790e+01
   3.4128646e+01   2.6442444e+01
   4.3836595e+01   2.8832981e+01
   4.3739028e+01  -9.7902458e+00
   2.9788411e+00   8.1541073e+01
  -5.1227738e+01   4.1863802e+01
   2.9948988e+01  -2.2031817e+01
  -3.4820191e+01  -7.9890210e+01
   2.2666379e+01  -4.2297700e+01
  -5.9379186e+01   3.3140937e+01
  -7.0235875e+01  -3.9945826e+00
   5.1442884e+00  -4.7793404e+01
   1.7693151e+01  -8.2211294e+01
  -3.2336047e+01  -2.3995381e+01
  -2.1261857e+01  -4.7951193e+01
   3.4091619e+01  -1.2420752e+01
  -4.6333141e+00   6.3394722e+01
   1.8245869e+01  -5.8170109e+00
  -3.8242114e+01   4.1631505e+01
   3.3281712e+01  -3.7319758e+01
   4.3781082e+01  -4.9823896e+01
   2.7863877e+01  -6.1592364e+01
  -6.7654781e+01  -1.4484005e+01
  -4.9176324e+01  -1.1211363e+01
   6.8484770e+00  -8.8711591e+01
   6.2175480e+01   1.4021782e+01
   5.0287621e+01   3.6472757e+01
  -5.0007229e+01  -2.2503604e+01
   1.3483992e+00   4.0970254e+01
  -3.5376394e+00   7.3955859e+01
  -2.1628616e+01   7.4556558e+01
   9.9104659e+00   1.2178333e+01
   8.5705901e+01  -1.6617393e+01
   3.7833161e+01   7.5750162e+01
   5.8694017e+01  -2.3061809e+01
  -2.3090774e+01   2.6707216e+01
   4.2932412e+01   4.3246295e+01
   5.1869441e+01   5.8091966e+01
   5.3538364e+01  -4.7634454e+01
   3.5430575e+01  -8.6790603e+01
  -2.0097685e+01  -8.0083808e+01
  -4.4901904e+01   1.2349673e+01
  -8.2253383e+01   2.2921929e+01
  -6.9111410e+01   3.5435979e+01
  -6.3890071e+01  -2.4193212e+01
  -1.8869897e+01  -9.4147998e+01
  -4.9442835e+01   3.2024396e+01
   3.6669410e+01  -5.6853760e+01
   5.4381090e+00  -7.1036325e+01
  -5.3333836e+01   6.9737748e+00
  -3.0063887e+01  -5.3277196e+01
   1.5090918e+01  -4.8824101e+01
  -2.1738420e+01  -3.7795586e+01
   3.3307866e+01   1.0095386e+01
   1.9899900e+01   1.2668486e+01
   4.5199118e+01   9.7949495e+00
   6.0022763e+01   3.4192619e+01
  -2.2368875e+01   6.4584046e+01
  -6.0302739e+01  -4.9761441e+01
   2.5623434e+01   7.6042493e+01
   6.1609636e+01  -7.5285528e-01
   8.0126878e+01  -8.2978204e+00
  -2.3994187e+01   5.4717144e+01
   7.0357803e+01  -2.8285172e+01
  -3.3608186e+01   5.1965836e+01
   6.8621513e+01   6.3768218e+00
  -4.1560513e+01  -2.7855414e+01
   1.5761792e+01   3.4027814e+01
   1.1476113e+01   5.2899221e+01
  -1.9234566e+01  -1.0031345e+01
   6.0260797e+00   3.1747445e+01
  -1.1309935e+01  -3.9353695e+00
   4.1105158e+01  -1.9547873e+01
   5.1355746e+01  -1.6269030e+01
   5.2709232e+01  -3.7669071e+01
   4.2952849e+01  -3.9858599e+01
   3.4856637e+01  -7.6807228e+01
  -4.2866798e+01  -8.5827240e+01
  -2.7369875e+01  -7.3220466e+01
  -2.7539457e+01   4.4014546e+01
   2.0044873e+01  -2.3543213e+01
  -6.0183269e+01   1.4259553e+01
  -6.1165227e+01   4.2980022e+01
   1.1807747e+01  -2.9268919e+01
  -6.9917009e+01   1.6551710e+01
  -7.9010308e+01   3.4020789e+01
  -9.2484324e+01  -2.3631660e+01
  -2.0552088e+01  -1.1810768e-01
  -6.2575201e+01   3.1535245e+00
   1.2812863e+00  -8.0131396e+01
  -7.7826894e+01  -1.0504257e+01
  -4.2903825e+01   2.2147948e+01
   4.5133997e+01  -6.2177848e+01
  -9.9188132e-01  -3.1472166e+01
   6.0975245e+00  -2.1060193e+01
   8.1084969e+01   1.6561715e+00
   1.5330810e+01  -7.2494539e+01
  -1.9797565e+01  -5.7842005e+01
  -1.7210641e+01  -1.9824047e+01
  -6.5261925e+01  -6.5800465e+01
   1.7270091e+01   2.2315509e+01
  -8.3798770e+00  -7.7355941e+01
  -1.2454075e+01   7.8534922e+01
  -1.2786582e+01  -3.3341362e+01
   3.2941868e+01  -2.4879263e+00
   1.4309560e+01  -1.5354613e+01
   8.3601017e+00  -7.3205142e+00
  -3.9874999e+01   6.8984612e+01
   2.7980005e+01   1.8557745e+01
  -1.3194402e+01   6.8562426e+01
   7.0178726e+01   4.9315806e+01
   6.3395998e+01   2.4687833e+01
  -7.5954486e+01  -3.8116016e+01
  -6.6981125e+01  -3.3703130e+01
   1.5365625e+01   3.7579613e+00
   3.9456499e+01   1.7980903e+01
  -2.0181173e+01   3.7057911e+01
   3.5114514e+01   6.6126910e+01
   2.0531211e+01   5.7141527e+01
   1.4986475e+01   6.5762810e+01
   5.1853041e+01  -3.6215169e+00
  -8.2495079e+00   4.9662294e+01
   9.1118349e+01  -8.2089825e+00
   8.2795616e+01  -2.8089658e+01
  -5.4026639e+01   5.1560087e+01
   5.9555731e+01  -1.0539604e+01
  -5.0546590e+01   6.0987650e+01
  -5.2708000e+01  -3.2131951e+01
  -4.0170578e+01  -1.7780920e+01
  -3.3604709e+01  -3.3913236e+01
   1.1159082e+01   4.2904768e+01
   2.4519050e+01   2.9202416e+01
   6.1008409e+01   5.4032654e+01
   3.4076399e+01   4.7889761e+01
  -8.9958931e-02   1.2359672e+01
   5.4596235e+01   6.3753713e+00
  -2.6882036e+00   2.2567399e+01
  -3.7603369e+01  -5.9846169e+01
   3.9385226e+01  -2.9398647e+01
   3.3679940e+01  -4.7311372e+01
   2.4874097e+01  -5.2050228e+01
   7.2052797e+01  -3.8250818e+01
   3.6328244e+01  -6.6916348e+01
   4.8792462e+01  -2.5943115e+01
   6.1382516e+01  -3.2693379e+01
   4.4853780e+01  -7.7043588e+01
   5.4035683e+01  -5.7621953e+01
  -5.0489527e+01  -7.9354717e+01
  -2.7547924e+01  -8.6754181e+01
   2.4535232e+01  -3.2475421e+01
  -6.7979337e+01   5.0298910e+01
  -3.0100384e+01  -4.3277707e+01
  -7.2783544e+01   2.6134625e+01
  -8.8463591e+01   3.0760284e+01
  -5.2965740e+01   2.2665569e+01
  -7.9417314e+01   1.3332574e+01
  -7.5193221e+01   4.3373681e+01
  -2.7886894e+01  -1.5041833e+01
  -8.3960762e+01  -1.8402061e+01
  -3.9308112e+01   4.0606669e+00
  -6.0553244e+00  -5.1065490e+01
  -6.0594410e+01  -6.6480475e+00
  -4.7740027e+01  -1.3151731e+00
  -5.7812248e+01  -1.6252760e+01
  -2.9327319e+01   4.6761037e+00
  -1.5788872e+00  -6.2352887e+00
  -7.1918554e+01   6.7169576e+00
   5.2516492e+01   1.6609587e+01
   7.7494180e+01   1.0989231e+01
  -3.0661204e+00  -9.0014938e+01
   6.8009144e+00  -3.7924891e+01
   9.6699844e+00  -5.7226189e+01
  -3.9457238e+00   3.2487235e+01
  -3.0106203e+01  -5.2923388e+00
  -8.0965365e+01  -1.0094599e+00
  -2.5927835e+00  -4.1352626e+01
  -1.0085255e+01  -6.0217467e+01
   8.8233275e+01   9.4705877e+00
  -9.1947947e+00   8.7988829e+01
   8.8150064e+01   2.7783644e+01
   2.5055340e+01  -7.4824502e+01
  -4.1750656e+00  -6.8283422e+01
  -5.6741591e+01  -7.1251902e+01
  -2.8203661e+01  -6.3256088e+01
  -8.3182262e+00  -2.4397784e+01
   2.4195618e+01  -1.3853198e+01
   1.7943047e+01  -6.2842171e+01
  -6.3050562e+01   2.3839500e+01
  -3.6842564e+01  -6.9958685e+01
  -4.7602532e+01  -5.9868381e+01
   2.5359302e+01   4.0294891e+00
   4.2588827e+01   1.4275478e-01
  -3.1628243e+01   7.4640605e+01
  -1.2427705e+01  -8.6499796e+01
  -2.6603663e+01   8.3286607e+01
   5.3486294e+01  -6.7676605e+01
   5.2153987e+01   4.7114220e+01
  -6.9443433e+01  -4.5705998e+01
   6.1674487e+01   4.4054984e+01
   3.5726433e+01   3.6313406e+01
  -5.9083084e+01  -3.9836291e+01
   5.3571907e+01   2.6552881e+01
   4.9241391e+00   6.0453414e+01
  -1.6016241e+01  -7.0196988e+01
   4.5816457e+01   6.9308926e+01
   1.6220337e+01   8.2299041e+01
  -7.3868335e+01  -2.4850312e+01
  -8.3225065e+01  -2.8378819e+01
  -1.0607218e+01   3.9944503e+01
  -3.2784023e+01   2.4252051e+01
  -1.7891018e+01   4.6795822e+01
  -1.3514961e+01   2.9586375e+01
  -1.3996814e+01   5.7845558e+01
  -4.0699445e+01   5.9018729e+01
   9.3146292e+01  -2.3298615e+01
   9.4064768e+01   1.3469798e+00
   7.6427560e+01  -2.0346423e+01
   6.6891823e+01  -1.7335235e+01
   7.0138791e+01  -7.8098556e+00
  -4.4209851e+01   4.9655258e+01
   1.6651179e+00   5.0965041e+01
   1.0028050e+01   7.4446934e+01
   5.9508330e+01   6.4545343e+01
  -2.9782904e+01   3.4265252e+01
   2.5056506e+01   6.6058707e+01
   2.6115234e+01   3.9073711e+01
   4.3123322e+01   5.3244056e+01
  -4.4519437e+00   3.3399938e+00
   5.4837570e+00   2.2550675e+00
   7.2831680e+00   2.1826889e+01
  -3.9449213e+01   3.1705160e+01
   7.2333955e+01   2.0203573e+01
  -2.6282044e+00  -1.6177365e+01
   8.3707382e+01   1.8824732e+01
  -4.6841852e+01  -6.9839402e+01
  -5.7590346e+01  -5.9386294e+01
  -8.5953699e+01  -3.7999342e+01
   7.4995374e+01  -3.6870521e+01
