   2.9172467e+01  -9.3058587e+00
  -2.0029916e+01  -2.4730182e+01
   3.3331924e+00  -2.2893412e+01
   3.4861508e+01   5.3516984e+01
   5.7882014e+01  -3.3170535e+01
  -6.0955360e+00  -3.8834094e+01
  -4.3072054e+00  -5.8369194e+01
  -2.7607647e+01   5.8627186e+00
  -1.2360142e+01  -7.4557920e+00
   1.2310014e+01   4.0035188e+01
   3.8355577e+01   6.7632306e+00
   9.6736146e+00  -4.1984159e+01
  -3.5295540e+01  -1.1792395e+01
  -6.7739779e+01  -3.1975306e+01
   5.1138669e+01   4.3201866e+01
   5.6650011e+01  -1.2867918e+01
   2.5103245e+01   5.1377312e+01
   3.6758200e+01   3.5279945e+01
   2.6650465e+01  -4.1443896e+01
  -1.3962506e+01  -3.2669416e+01
  -5.1614193e+01  -5.3601431e+00
  -3.3398739e+01   1.4012046e+01
   1.8326022e+01  -4.6975479e+01
   7.6182446e+01   1.2921017e+01
   3.3146856e+01   2.5956492e+01
   3.6852020e+01   1.6650590e+01
   2.4132623e+01   2.1628457e+01
   3.9674214e+01  -3.3488365e+00
  -2.3858469e+01   5.2096304e+01
   9.2172057e+00  -9.4167332e+00
   6.6410401e+01  -1.2445042e+00
   1.4167964e+01   6.8679271e+01
  -4.5941004e+01   3.9032150e+01
   9.6511950e+00   1.0657373e+01
   2.9077613e+01  -3.1752135e+01
   2.7611297e+01  -6.4974140e+01
   2.2120490e+01  -1.6353987e+01
  -3.4720500e+01  -7.2058872e+01
   2.0775113e+01  -2.6234040e+01
  -5.2184230e+01   3.1224852e+01
  -5.9497777e+01   2.4343766e+01
  -6.4358964e+01  -4.2458765e+00
   2.9570120e+00  -3.4624475e+01
  -2.8079057e+01  -1.8806878e+01
   1.8648597e+01  -6.9556539e+01
   5.2998150e+01   2.3587373e+01
  -3.2531498e+01  -3.4161733e+01
  -3.0055398e+01  -4.3974071e+01
  -6.0188451e+00   3.6711044e+01
   1.8879428e+01  -6.9095352e+00
  -1.3612492e+01   6.4803360e+01
   5.4455707e+00   5.1344359e+01
   1.1110890e+01   3.9951168e-01
  -3.0495116e+01   3.3633154e+01
   4.1593717e+01   4.6129319e+01
  -1.4244656e+01   5.4833030e+01
   3.8738451e+01  -3.4244004e+01
   4.0159296e+01  -2.4338482e+01
   3.5880977e+01  -4.5287265e+01
   2.7462583e+01  -5.1407549e+01
   1.5492419e+01  -6.0071890e+01
   1.7957801e+01  -3.6394721e+01
   1.1208137e+01  -2.9022195e+01
  -1.3942254e+01  -5.5730249e+01
  -4.0114735e+01   2.3269421e+01
  -6.3280879e+01   1.1521480e+01
  -6.9466796e+01  -1.2834126e+01
  -5.7523824e+01   3.0398307e+00
  -4.3373946e+01   1.3324084e+01
  -4.1696439e+01  -4.1537802e+00
  -4.9056913e+00  -2.8515199e+01
  -1.2488148e-01  -7.7907268e+01
  -2.2233458e+01  -5.0166313e+01
  -2.7067482e+00  -1.4957500e+01
  -1.0935164e+01  -2.0588549e+01
   5.3418098e+00  -6.0968211e+01
   5.6892185e+01   1.4380338e+01
   2.5406001e+01   3.2289950e+01
   4.3048358e+01   2.4465309e+01
   1.2657151e+01   2.0147696e+01
  -3.7571633e+01  -6.2473970e+01
   3.7594939e+01  -1.4676546e+01
   3.0499227e+01   5.7644474e-01
   5.6584189e+01   3.4833369e+01
   4.7059948e+01  -1.0066567e+01
  -4.9469802e+01  -2.3870528e+01
   4.7024088e+01   1.2764325e+01
  -1.1788026e+01   2.8625608e+01
  -5.2876194e+00   7.3248403e+01
  -2.1943203e+01   7.0329532e+01
   1.3052781e-01   1.4205936e+01
   8.0121538e+01  -1.5737453e+01
   1.9575978e+00   4.3888306e+00
   3.3451162e+01   6.3414202e+01
   4.9095502e+01  -1.9852373e+01
  -2.1747985e+01   2.8803442e+01
  -3.7634178e+01  -2.1464491e+01
  -2.8990437e+01   4.3516569e+01
   2.2130761e+01   4.1737123e+01
   1.5284749e+01   4.9552145e+01
   2.0784268e+01   2.8931164e+00
   3.1845701e+01   4.3986118e+01
   5.0327691e+01   5.3163921e+01
   9.7400287e-02  -5.4047364e+00
   4.8149409e+01  -3.0893031e+01
   4.5435616e+01  -4.1659534e+01
   3.4744344e+01  -7.1982680e+01
  -2.4945061e+01  -6.9955200e+01
   3.0479507e+01  -2.1834850e+01
   1.2460091e+01  -1.8860065e+01
  -4.9928875e+01   2.1488759e+01
  -2.3933414e+01  -6.0011378e+01
  -6.8519079e+01   2.0038670e+01
  -1.9022883e+01  -1.4787772e+01
  -2.6162330e+01  -7.8056710e+00
  -6.7294348e+01   3.0596322e+01
  -7.1347043e+01  -2.2650890e+01
  -3.7607404e+01   4.9579826e+00
  -5.3302266e+01   1.2094636e+01
  -4.5110283e+01  -1.4863947e+01
  -1.5084162e+01  -4.3188402e+01
  -5.8219162e+01  -1.2863958e+01
  -1.3369431e+01  -6.5710048e+01
  -9.7630800e+00  -7.5035185e+01
  -9.1723554e-01  -4.7386378e+01
  -3.0143736e+01   2.3445971e+01
   3.4889214e+01  -5.8102299e+01
   6.5094033e+01   8.6634277e+00
   8.4950812e+00  -7.0451599e+01
  -1.7256869e+00  -6.8037450e+01
  -4.7565671e+01   3.9194071e+00
  -3.2125613e+01  -5.4087038e+01
   9.6561298e+00  -5.1961640e+01
  -2.2944501e+01  -3.6985020e+01
   2.9060417e+01   1.0438268e+01
   1.9385261e+01   1.2783485e+01
   4.7573468e+01   2.7770341e+00
  -3.7354380e+00   6.3247694e+01
   6.2468373e+01   2.6766719e+01
  -2.7365212e+01   6.1927702e+01
   4.6643606e+01   3.3783501e+01
  -5.8348744e+01  -3.8158447e+01
  -5.8498341e+01  -2.8160150e+01
   2.7216737e+00   3.1745025e+01
   2.3712978e+01   6.5685167e+01
   5.6536750e+01  -2.8223725e+00
   4.1730233e+00   6.9366916e+01
   7.3749030e+01  -8.0329117e+00
  -1.0833396e+01   4.5451351e+01
   6.6444230e+01  -1.4860181e+01
  -1.7010517e+01   3.7595878e+01
  -4.1532767e+01   4.8004814e+01
   6.7756638e+01   1.8296101e+01
  -4.1901606e+01  -3.0383943e+01
  -3.3643972e+01   5.4145997e+01
   1.2582252e+01   3.0089633e+01
   2.5140071e+00   4.1811992e+01
  -4.3650645e+00   5.3267961e+01
   1.1912840e+01   5.8950819e+01
   4.2737184e+01   5.9670551e+01
  -1.9660453e+01  -2.4429638e-01
  -3.1315394e+00   2.3643750e+01
  -7.4166803e+00   1.1227851e+00
