   3.8799599e+01  -4.2044620e+01
   7.2012208e+01  -4.8051678e+00
  -6.7326632e+01   9.0869059e+00
   7.6616683e+01   6.0676843e+01
  -6.2418539e+01  -5.6370669e+01
   7.2196802e+01  -4.1568814e+01
   5.6131423e+01  -3.2027115e+01
  -7.3126448e-01   6.6743923e+01
  -9.6300182e+00   6.2244189e+01
  -3.0022079e+01   4.0350886e+00
  -4.5203744e+01   1.6135436e+01
   2.5381336e+01  -4.8460334e+01
   4.2161606e+01   8.8059867e+00
   3.4301584e+00  -7.3733419e+01
  -1.5229718e+01  -2.7338496e+01
   8.3482009e+01   8.2362715e+01
  -6.3631390e+01  -2.4541644e+01
   7.8391016e+01   2.8402618e+00
   7.4711640e+01   7.9769511e+01
  -6.0435155e+01   5.0711717e+01
  -8.4116626e+01   8.8953687e+01
  -8.0595682e+01  -1.7371291e+01
   6.2213487e+01  -6.8672773e+01
   4.4888130e+01  -9.4796794e+01
  -7.5987643e+01   3.5483967e+00
  -3.2629172e+01   7.6738641e+01
   5.5893587e+01   2.2212173e+00
  -9.3106519e+01   2.8008133e+01
   6.4846131e+01  -2.3311279e+01
  -3.3580131e+01  -6.7657167e+01
  -8.7002453e+01  -5.5991898e+01
  -9.8892977e+01  -8.9916059e+01
   3.8407904e+01   5.7185871e+01
  -6.1237092e+01  -8.8653247e+01
   1.4286122e+01   2.9065557e+00
   9.5911809e+01   6.4230264e+01
   4.1739336e+01   3.8302063e+01
   2.7629267e+01   7.2223945e+01
  -3.7794668e+01  -2.2277454e+00
  -3.7379187e+01   2.2351476e+01
   2.5634749e+01   4.2396490e+01
  -4.5468484e+01   3.6819886e+01
  -7.8725688e+01   4.3049651e+01
  -3.3786070e+01  -1.4328450e+01
   6.7373440e+01   6.7688258e+01
  -8.7668730e+01   3.8601964e+01
   7.4141958e+01  -5.7592100e+01
  -8.5948902e+00  -8.7443437e+01
   6.9163521e+00  -4.2188288e+01
  -5.5302635e+00  -2.4901722e+01
   4.0611456e+00  -5.0687749e+01
  -9.4790636e+01  -7.6174841e+01
  -7.4777609e+01  -9.3014462e+01
  -8.4573932e+01  -9.8062521e+01
  -9.7788866e+00  -9.7250571e+01
   9.4736179e+00   1.1172517e+01
   7.9817456e+00   2.2800613e+01
   1.1513968e+01  -3.1300227e+01
   2.5218115e+01  -1.7333025e+01
   5.9329453e+01   2.9903696e+01
   3.9619003e+01   8.5795691e+01
  -3.9348746e+00   4.9363455e+01
   2.3464049e+01   1.0849936e+01
  -3.2010096e+01   5.6911802e+01
   4.4170965e+01   2.8606925e+01
   5.2214384e+01   4.5740581e+01
  -6.1766711e+01   9.8006626e+01
  -4.7787737e+01   7.7430733e+01
  -8.6711108e+01   5.9435716e+01
  -7.7174276e+01   8.1818871e+01
   5.2466839e+01  -8.0168241e+00
  -2.3204019e+01   5.2232568e+01
   4.0947860e+01  -6.3562512e+01
   1.9387934e+01  -3.7300828e+01
   4.4651169e+01  -5.1943649e+01
  -6.0819075e+01  -1.4996302e+01
   4.6080693e+01  -1.5577560e+01
   7.5502297e+01  -2.3280486e+01
   3.6846114e+01  -1.9918595e+00
  -7.9794664e+01  -4.5266659e+01
  -9.9006883e+01   3.6079952e+01
  -1.9095377e+01  -6.8847399e+01
  -1.4926266e+01   8.7521484e+01
   1.9320233e+01   6.6010576e+01
   2.2169525e+01   5.6407700e+01
   1.1659609e+01   9.6530583e+01
  -7.0417127e+01  -4.4653038e+01
   8.0563928e+01   7.2539758e+01
   4.9009338e+01   6.9126405e+01
  -5.3572703e+00   8.4664588e+01
   9.8389864e+00  -1.6198570e+01
  -9.3760446e+00  -9.2851679e+00
  -2.4769843e+01  -3.0026924e+01
   9.7946680e+01   4.9744561e+01
   3.2242682e+01  -2.4340325e+01
   2.0692632e+01  -5.8319010e+01
   8.8018323e+01   7.8436350e+00
   8.4047211e+01   1.6655311e+01
   7.4842435e+01   2.0138632e+01
   9.2946472e+01  -9.9947328e+00
   6.7193229e+01   5.7694273e+01
  -2.6899607e+01  -3.9755947e+01
  -2.6900283e+01  -7.5071544e+01
   5.3748783e+01  -8.9721723e+01
   8.4025598e+01  -5.5228653e+01
   1.3251255e+01   3.1048921e+01
   2.4768746e+01   2.3048142e+01
   7.1617282e+00   3.8790755e+01
  -1.5641308e+01   3.3774678e+01
   1.2244220e+01   5.7313676e+01
  -3.9918711e+01   5.0842682e+01
  -7.2485854e+01   3.5237222e+01
  -8.3912243e+01   1.9918680e+01
  -7.4234442e+01   2.4898747e+01
   2.2478945e+01  -7.3795618e+01
  -7.6738223e+01   9.5744999e+01
   6.5142024e+01  -7.8114184e+01
  -5.7688816e+01   7.8093979e+01
   3.1587564e+01  -6.9870841e+01
  -9.1825933e+01   6.8302189e+01
   9.0514865e+01  -6.9147606e+01
  -3.5911078e+00  -7.9290498e+01
   8.6524812e+01  -2.8057993e+01
   3.5404414e+01  -9.8768532e+01
   9.1520604e+01  -4.1526206e+01
  -2.3151467e+01  -9.3634220e+01
  -3.7792150e+01  -8.7514868e+01
  -9.0609010e+01  -3.6005657e+00
  -8.9852940e+01  -8.4809204e+01
  -5.7228080e+01  -5.4961984e+00
  -9.3708149e+01   1.7988801e+01
  -6.1445039e+01  -6.5869451e+01
  -5.3390788e+01  -8.2543861e+01
  -6.7196498e+01  -7.4159001e+01
   3.2912490e+01   9.3091346e+01
  -5.1267345e+01  -2.2979115e+01
   4.3450468e+01   9.7462404e+01
  -1.3782046e+01  -4.6058098e+01
   8.7902061e+01   9.3679725e+01
   3.8634640e+00  -1.5614713e+00
  -2.3870676e+01  -1.9201775e+01
  -4.4075503e+01  -2.9987791e+01
  -9.1779551e+01  -2.7241776e+01
  -9.0525295e+01  -1.7365077e+01
  -2.1140585e+01   2.0193206e-01
   2.1768281e+01  -8.4333784e+00
   3.7051586e+01  -1.0302978e+01
   8.4732514e+01   4.7770649e+01
   7.9059879e+01  -1.1837662e+01
   8.7093964e+01  -1.9753902e+00
   9.7738397e+01   1.0051213e+01
   7.2360946e+01   1.0706325e+01
   4.8353821e+01   5.6358555e+01
   5.1250751e+01   3.5683181e+01
   3.6636952e+01   7.6424029e+01
   7.5302590e+01   9.2257300e+01
   5.8013792e+01   5.3865674e+01
   2.0235125e+01   7.8889453e+01
  -1.8213139e+01  -8.4970230e+01
  -3.4981123e+01  -5.7783484e+01
   5.2460869e+01  -6.7539617e+01
   4.5863570e+01  -8.3596483e+01
   3.6349990e+01  -7.8611945e+01
   6.1734865e+01  -4.0221730e+01
   2.2128833e+01   9.8559539e+01
   6.8092555e+01  -3.2590643e+01
   5.9448486e+01  -1.5072483e+01
   6.2102791e+01  -5.6009075e+00
  -3.2539951e+01   1.3633992e+01
  -2.1926799e+01   4.2318685e+01
   1.0509005e+01   7.6707598e+01
  -1.8830037e+01   7.8319093e+01
  -2.5508190e+01   3.2210289e+01
   7.2773208e+00   4.8687141e+01
   2.2142778e+00   5.7239038e+01
   1.4596352e+00   3.0382065e+01
  -4.0368117e+01   7.4042540e+00
  -5.8097819e+00   9.8740195e+01
  -5.4198933e+01   2.0481759e+01
   1.0000590e+01   8.6675793e+01
   4.2542278e+01   4.8184586e+01
   3.4716961e+01   2.5435403e+01
   5.1293686e+01   1.2857165e+01
   5.2298163e+01   2.2799684e+01
  -7.6251038e+01   1.3540132e+01
  -2.6552710e+01   8.4663563e+01
  -4.0591987e+01   7.0540474e+01
   6.1276633e+01   1.2534017e+01
   6.6238132e+01  -8.7985284e+01
   2.3166795e+01  -9.1616045e+01
   4.6375566e+01  -2.2016147e-01
   7.1984139e+01  -6.7341873e+01
  -4.3121764e+01   6.0694494e+01
   8.1558875e+01  -6.4853991e+01
  -4.8851421e+01   8.8246248e+01
  -9.5268712e+01   9.1789479e+01
  -1.2925631e+01  -7.6556683e+01
  -5.7330734e+01   4.1108761e+01
  -3.7161415e+01   9.3134393e+01
   3.0584219e+01   5.1038006e+01
  -8.4748265e+01   7.5347916e+01
  -3.5496526e+01   3.2603009e+01
   1.0788858e+01  -9.1239138e+01
  -2.5199370e+01   9.4562414e+01
   3.0400662e+01  -6.0007473e+01
   5.3059816e+01  -2.2609368e+01
   4.8513361e+01  -3.8844072e+01
   1.2774918e+01  -7.4855157e+01
  -4.1215042e+00  -4.3609440e+01
   1.5770069e+01  -4.6450519e+01
   2.4734112e+01  -2.9281515e+01
   3.7114417e+01  -8.8533785e+01
  -5.5297478e+01   3.1099421e+01
   3.2478074e+01   6.1947529e+00
   2.9135063e+01  -3.9256022e+01
  -9.5762503e+01   6.5299115e+00
  -7.1313254e+01  -5.5523997e+01
   6.2513661e+01  -5.8770530e+01
   8.0266648e+01  -3.5772236e+01
  -7.9888417e+01  -7.4448614e+01
   6.7426476e+01  -5.0199800e+01
  -9.8830636e+01   7.5443143e+01
  -8.5185304e+01  -3.4338089e+01
  -6.9792045e+01  -8.3560380e+01
  -7.9875293e+01  -8.4432736e+01
  -5.5846835e+01  -9.7483205e+01
  -5.2809121e+01  -5.8378066e+01
  -5.4480236e+01  -7.2712452e+01
  -8.1761475e+01  -2.7248152e+01
   5.7025785e+01   7.3601095e+01
   3.0016496e+01   6.2558079e+01
   1.7212276e+01   4.7736060e+01
   6.6144295e+01   4.7773856e+01
  -5.9703869e+01  -4.7235717e+01
  -9.5439521e+01  -9.9300793e+01
   2.2883573e+01   3.2820802e+01
   6.3375643e+01   9.6122625e+01
   3.2011174e+01   1.5935662e+01
  -1.2135934e+01  -5.7050930e-01
   9.7607980e+01   7.8828899e+01
   6.3406823e+01   7.9099190e+01
  -1.2667052e+01  -1.8074978e+01
   9.0299226e+01   7.2718002e+01
  -6.4590778e-02  -1.2114336e+01
   9.2627870e+01   4.2184183e+01
   1.2744346e+01  -6.4986522e+01
   1.1588665e+01  -5.5391662e+01
   1.4905435e-01   1.0797716e+01
  -7.3056595e+01  -6.7062026e+01
   2.4019533e+01   1.0240284e+00
   6.5680556e+01   3.5648616e+00
   9.6978274e+01  -4.4129082e-01
   8.7239715e+01   2.5414311e+01
   8.5672490e+01   6.4301531e+01
   6.9425093e+01  -1.4455144e+01
   9.9188071e+01   3.2376313e+01
   6.0273260e+01   3.9822966e+01
   4.8790305e+01   8.9159309e+01
   8.6780823e+01  -1.8109702e+01
   4.7832102e+01   7.9209837e+01
   3.9570360e+01   6.6988281e+01
  -9.4323828e+01  -3.7099055e+01
   4.5718264e-01  -9.1689535e+01
   2.8915916e+01   8.3845990e+01
   1.9755258e+01   8.8856436e+01
   9.0352630e+01   5.5904847e+01
  -4.3736504e+01  -6.2501309e+01
  -2.5731466e+01  -6.1473802e+01
   5.7830496e+01   6.3942271e+01
   9.4975540e+01   1.9498834e+01
   7.5489569e+01   5.0837111e+01
  -2.1267418e+01  -5.2584058e+01
   5.7314886e+01  -9.9056018e+01
   4.4856549e+01  -7.3681359e+01
  -3.0539765e+01  -4.8930780e+01
   1.6466403e+01   1.7809072e+01
  -1.7496842e+01  -3.6875950e+01
  -3.4916720e+01  -3.3913723e+01
  -5.3685338e+01  -3.2704007e+01
   9.6615639e+01  -5.0130750e+01
   9.2581164e+00   6.6817657e+01
  -9.3550848e+00   7.5123016e+01
   5.3408061e-01   7.6620446e+01
  -8.0521585e+00   2.7295088e+01
  -2.7420068e+00   3.9441668e+01
  -7.5295802e+01   5.4045022e+01
  -9.5082976e+01   4.5272145e+01
  -1.1990765e+01   4.3073154e+01
  -1.3435338e+00   2.0056644e+01
  -1.7477044e+01   6.8419969e+01
  -2.7407217e+01   2.2403177e+01
  -3.1247328e+01   4.5885006e+01
  -1.3256326e+01   5.2960234e+01
   1.5039089e+00   9.1930107e+01
  -6.4445307e+01   1.8660719e+01
  -6.4973922e+01   2.8643655e+01
  -5.7536329e+01   1.1058688e+01
  -7.9340801e+00  -3.4479772e+01
  -4.7887806e+01  -1.9295560e+00
  -2.8589885e+01  -5.9646826e+00
  -4.3077999e+01  -1.0701690e+01
  -3.2798723e+01  -2.4185654e+01
  -1.9501805e+01  -1.0208431e+01
   3.2440366e+01   3.5108452e+01
   7.0353451e+01  -9.7062693e+01
   5.5306427e+01  -7.9845666e+01
  -5.0249972e+01   6.7727025e+01
  -4.8773588e+01   4.6255413e+01
   9.3058549e+01  -5.9477398e+01
   9.8856308e+01  -7.4598454e+01
  -8.2911690e+01   2.9842917e+01
   6.5035681e+01   2.1772017e+01
  -3.1315306e+01   6.6852852e+01
   2.7252426e+01  -8.2531939e+01
  -6.6062327e+01  -8.2081826e-01
  -7.0998654e+01  -1.3878444e+01
   3.4841470e+01  -5.1131395e+01
  -5.8849773e+01   8.8418052e+01
  -6.8765783e+01   8.9709322e+01
  -9.5841223e+01  -5.6632310e+01
  -4.5951983e+01   9.7896150e+01
   9.5528952e+01  -3.2365114e+01
  -5.1824356e+01   5.5778603e+01
  -6.7460023e+01   7.9795814e+01
  -8.7660168e+01   9.8280055e+01
  -3.9926443e+01   8.3547423e+01
  -1.5767128e+01   9.7869991e+01
  -6.9116311e+01   4.5771735e+01
  -9.6440647e+01  -6.6432845e+01
   6.1521556e+00  -8.2630000e+01
  -1.1068580e+01  -6.2906174e+01
   1.7273832e+01  -8.3596644e+01
   5.7496285e+01  -4.9144915e+01
  -4.6268808e+01   2.6855554e+01
  -8.1398498e+01  -7.4510490e+00
   3.6430358e+01  -3.2628711e+01
   4.5707942e+01  -2.9260604e+01
   9.6699474e+01  -1.9238412e+01
  -2.8160465e+01  -8.4971362e+01
  -4.0779021e+01  -9.7041153e+01
  -3.1127548e+01  -9.9645273e+01
   5.2627742e+01  -5.7728137e+01
  -9.8752664e+01  -1.1769234e+01
  -7.9874789e+01   6.6674285e+01
   1.9184862e+00  -3.4005090e+01
   1.7077748e+01  -2.3040583e+01
   4.3408324e+00  -2.4433920e+01
   8.1246986e+01  -4.5694025e+01
  -8.5819819e+01   5.4607879e+00
  -9.5754420e+01   5.5230290e+01
  -9.1718595e+01   8.2463215e+01
  -4.3857964e+01  -7.9585720e+01
  -6.5848880e+01  -9.7497134e+01
  -6.2646194e+01  -3.7897434e+01
  -7.3228819e+01  -2.4051195e+01
   5.8356172e+01   8.7634715e+01
   9.9820844e+01   9.1324471e+01
   8.9650152e+01   3.3956947e+01
  -4.3505269e+00   3.2502068e+00
  -7.9768406e+01  -6.1519744e+01
  -7.8958477e+01  -5.2425450e+01
   9.1975916e+01   8.5664542e+01
   6.8228186e+01   8.6040936e+01
   1.2842856e+01  -6.5685083e+00
   3.6699028e+01  -1.7887509e+01
  -8.5199371e+01  -4.1215342e+01
   2.8547877e+00  -6.5405555e+01
  -3.6800991e+00  -5.3701770e+01
