  -2.3117347e+01  -2.7891039e+01
   3.0530038e+01   5.7238243e+01
   6.3807774e+01  -4.3219789e+01
  -1.2398249e+01  -4.3330166e+01
  -1.4711013e-01  -5.9127619e+01
  -2.9985593e+01   1.4650736e+01
   2.0216021e+01   4.7144371e+01
  -3.9807508e+01  -7.7133811e+00
  -7.9276288e+01  -4.7546502e+01
   9.3700686e+01   1.8463796e+01
   3.4126875e+01   2.6440361e+01
   4.3833399e+01   2.8831652e+01
   4.3738529e+01  -9.7876654e+00
   2.9788411e+00   8.1541073e+01
  -5.1228037e+01   4.1863667e+01
   2.9944819e+01  -2.2025888e+01
  -3.4818003e+01  -7.9887857e+01
   2.2661975e+01  -4.2294572e+01
  -5.9375772e+01   3.3140703e+01
  -7.0235127e+01  -3.9952212e+00
   5.1461229e+00  -4.7793594e+01
   1.7692342e+01  -8.2207966e+01
  -3.2331802e+01  -2.3991055e+01
  -2.1265305e+01  -4.7947753e+01
   3.4090724e+01  -1.2415904e+01
  -4.6322123e+00   6.3394897e+01
   1.8240720e+01  -5.8131161e+00
  -3.8246240e+01   4.1625992e+01
   3.3279545e+01  -3.7317539e+01
   4.3778946e+01  -4.9820910e+01
   2.7862057e+01  -6.1587970e+01
  -6.7654781e+01  -1.4484005e+01
  -4.9175890e+01  -1.1209521e+01
   6.8465925e+00  -8.8711839e+01
   6.2171636e+01   1.4021303e+01
   5.0288242e+01   3.6467512e+01
  -5.0004952e+01  -2.2504796e+01
   1.3503335e+00   4.0967279e+01
  -3.5376394e+00   7.3955859e+01
  -2.1628733e+01   7.4555926e+01
   9.9099110e+00   1.2180371e+01
   8.5703660e+01  -1.6617682e+01
   3.7832737e+01   7.5748664e+01
   5.8691970e+01  -2.3060206e+01
  -2.3090083e+01   2.6707950e+01
   4.2933915e+01   4.3241153e+01
   5.1868945e+01   5.8091008e+01
   5.3536670e+01  -4.7633827e+01
   3.5430438e+01  -8.6788218e+01
  -2.0099530e+01  -8.0081653e+01
  -4.4902253e+01   1.2348277e+01
  -8.2252473e+01   2.2921281e+01
  -6.9107584e+01   3.5434428e+01
  -6.3889054e+01  -2.4192571e+01
  -1.8868403e+01  -9.4146224e+01
  -4.9440317e+01   3.2024781e+01
   3.6668354e+01  -5.6851532e+01
   5.4378275e+00  -7.1035715e+01
  -5.3334802e+01   6.9736122e+00
  -3.0067000e+01  -5.3272460e+01
   1.5092416e+01  -4.8826766e+01
  -2.1737200e+01  -3.7795167e+01
   3.3297609e+01   1.0093139e+01
   1.9898875e+01   1.2666091e+01
   4.5199225e+01   9.7954927e+00
   6.0023433e+01   3.4191132e+01
  -2.2368054e+01   6.4583364e+01
  -6.0301973e+01  -4.9762024e+01
   2.5623315e+01   7.6040409e+01
   6.1609869e+01  -7.5259949e-01
   8.0126884e+01  -8.2977361e+00
  -2.3993006e+01   5.4716455e+01
   7.0359712e+01  -2.8297726e+01
  -3.3607254e+01   5.1966102e+01
   6.8620171e+01   6.3785730e+00
  -4.1555681e+01  -2.7851550e+01
   1.5762108e+01   3.4025335e+01
   1.1476037e+01   5.2896662e+01
  -1.9230871e+01  -1.0030049e+01
   6.0258496e+00   3.1749416e+01
  -1.1309272e+01  -3.9327558e+00
   4.1100621e+01  -1.9546166e+01
   5.1353771e+01  -1.6267696e+01
   5.2706060e+01  -3.7668706e+01
   4.2949892e+01  -3.9855953e+01
   3.4855537e+01  -7.6805010e+01
  -4.2864335e+01  -8.5824931e+01
  -2.7369465e+01  -7.3216688e+01
  -2.7539457e+01   4.4014546e+01
   2.0039238e+01  -2.3546040e+01
  -6.0182663e+01   1.4260603e+01
  -6.1165610e+01   4.2978965e+01
   1.1801136e+01  -2.9267068e+01
  -6.9916635e+01   1.6551622e+01
  -7.9006295e+01   3.4020612e+01
  -9.2484189e+01  -2.3631577e+01
  -2.0551042e+01  -1.1716682e-01
  -6.2574885e+01   3.1506915e+00
   1.2814794e+00  -8.0130973e+01
  -7.7826715e+01  -1.0504191e+01
  -4.2904135e+01   2.2146426e+01
   4.5131454e+01  -6.2177651e+01
  -9.9188132e-01  -3.1472166e+01
   6.0947385e+00  -2.1055883e+01
   8.1084894e+01   1.6562605e+00
   1.5330502e+01  -7.2491259e+01
  -1.9795390e+01  -5.7836497e+01
  -1.7209535e+01  -1.9823071e+01
  -6.5258283e+01  -6.5797421e+01
   1.7269489e+01   2.2312671e+01
  -8.3785526e+00  -7.7353219e+01
  -1.2454248e+01   7.8534391e+01
  -1.2786365e+01  -3.3339529e+01
   3.2938783e+01  -2.4837183e+00
   1.4310145e+01  -1.5355366e+01
   8.3569088e+00  -7.3264211e+00
  -3.9874545e+01   6.8983683e+01
   2.7975332e+01   1.8558914e+01
  -1.3193670e+01   6.8561858e+01
   7.0177600e+01   4.9315110e+01
   6.3392162e+01   2.4687600e+01
  -7.5952550e+01  -3.8115210e+01
  -6.6979597e+01  -3.3702218e+01
   1.5357982e+01   3.7603314e+00
   3.9449294e+01   1.7975904e+01
  -2.0181913e+01   3.7057751e+01
   3.5113506e+01   6.6125633e+01
   2.0530870e+01   5.7139019e+01
   1.4986475e+01   6.5762810e+01
   5.1849816e+01  -3.6202066e+00
  -8.2494104e+00   4.9659931e+01
   9.1117063e+01  -8.2100647e+00
   8.2795616e+01  -2.8089658e+01
  -5.4024595e+01   5.1559691e+01
   5.9556596e+01  -1.0539450e+01
  -5.0546590e+01   6.0987650e+01
  -5.2708590e+01  -3.2132305e+01
  -4.0170030e+01  -1.7781355e+01
  -3.3599268e+01  -3.3907816e+01
   1.1160611e+01   4.2902446e+01
   2.4518037e+01   2.9199073e+01
   6.1007624e+01   5.4031137e+01
   3.4081302e+01   4.7890532e+01
  -8.9958931e-02   1.2359672e+01
   5.4596076e+01   6.3752213e+00
  -2.6879997e+00   2.2566498e+01
  -3.7599626e+01  -5.9849001e+01
   3.9384313e+01  -2.9397482e+01
   3.3680826e+01  -4.7308737e+01
   2.4873937e+01  -5.2045631e+01
   7.2391215e+01  -3.8089082e+01
   3.6324744e+01  -6.6913955e+01
   4.8788836e+01  -2.5940099e+01
   6.1378192e+01  -3.2692253e+01
   4.4852547e+01  -7.7043559e+01
   5.4032744e+01  -5.7621294e+01
  -5.0489217e+01  -7.9354980e+01
  -2.7547894e+01  -8.6754111e+01
   2.4533925e+01  -3.2473985e+01
  -6.7978560e+01   5.0298804e+01
  -3.0101501e+01  -4.3273289e+01
  -7.2782788e+01   2.6134302e+01
  -8.8459879e+01   3.0761564e+01
  -5.2965277e+01   2.2666798e+01
  -7.9416036e+01   1.3332090e+01
  -7.5190178e+01   4.3371291e+01
  -2.7882160e+01  -1.5039631e+01
  -8.3960695e+01  -1.8401884e+01
  -3.9306489e+01   4.0608155e+00
  -6.0587645e+00  -5.1062718e+01
  -6.0594261e+01  -6.6506109e+00
  -4.7738894e+01  -1.3136678e+00
  -5.7809561e+01  -1.6254099e+01
  -2.9326160e+01   4.6753301e+00
  -1.5797362e+00  -6.2332925e+00
  -7.1916891e+01   6.7170916e+00
   5.2513764e+01   1.6612490e+01
   7.7493733e+01   1.0989170e+01
  -3.0681489e+00  -9.0013221e+01
   6.7955955e+00  -3.7923534e+01
   9.6679255e+00  -5.7225731e+01
  -3.9456862e+00   3.2485902e+01
  -3.0105689e+01  -5.2920673e+00
  -8.0965365e+01  -1.0094599e+00
  -2.5972443e+00  -4.1352265e+01
  -1.0085546e+01  -6.0216078e+01
   8.8233606e+01   9.4701262e+00
  -9.1949830e+00   8.7988282e+01
   8.8149884e+01   2.7783316e+01
   2.5054069e+01  -7.4824082e+01
  -4.1742633e+00  -6.8280605e+01
  -5.6741585e+01  -7.1251901e+01
  -2.8198626e+01  -6.3252736e+01
  -8.3173427e+00  -2.4396981e+01
   2.4194695e+01  -1.3845345e+01
   1.7941997e+01  -6.2839030e+01
  -6.3049588e+01   2.3840462e+01
  -3.6842571e+01  -6.9958685e+01
  -4.7598008e+01  -5.9867955e+01
   2.5350596e+01   4.0261601e+00
   4.2585969e+01   1.4470264e-01
  -3.1628339e+01   7.4640412e+01
  -1.2428692e+01  -8.6496012e+01
  -2.6603778e+01   8.3286410e+01
   5.3484343e+01  -6.7675320e+01
   5.2153615e+01   4.7113411e+01
  -6.9442527e+01  -4.5706400e+01
   6.1673876e+01   4.4053549e+01
   3.5725860e+01   3.6310802e+01
  -5.9083196e+01  -3.9836963e+01
   5.3568848e+01   2.6555332e+01
   4.9242878e+00   6.0450840e+01
  -1.6016241e+01  -7.0196988e+01
   4.5816457e+01   6.9308926e+01
   1.6220337e+01   8.2299041e+01
  -7.3867112e+01  -2.4850574e+01
  -8.3223987e+01  -2.8378487e+01
  -1.0607577e+01   3.9942404e+01
  -3.2781773e+01   2.4249050e+01
  -1.7889763e+01   4.6795284e+01
  -1.3514722e+01   2.9586476e+01
  -1.3995633e+01   5.7843875e+01
  -4.0700115e+01   5.9017966e+01
   9.3145144e+01  -2.3297585e+01
   9.4063896e+01   1.3456851e+00
   7.6426610e+01  -2.0349256e+01
   6.6891530e+01  -1.7336272e+01
   7.0138793e+01  -7.8098557e+00
  -4.4208143e+01   4.9653735e+01
   1.6652311e+00   5.0961979e+01
   1.0028050e+01   7.4446934e+01
   5.9507539e+01   6.4544675e+01
  -2.9783450e+01   3.4265261e+01
   2.5054601e+01   6.6056804e+01
   2.6114529e+01   3.9070040e+01
   4.3125395e+01   5.3238659e+01
  -4.4521987e+00   3.3415922e+00
   5.4798633e+00   2.2478867e+00
   7.2829525e+00   2.1828940e+01
  -3.9447993e+01   3.1699535e+01
   7.2330869e+01   2.0205121e+01
  -2.6314707e+00  -1.6174448e+01
   8.3707207e+01   1.8824417e+01
  -4.6841858e+01  -6.9839316e+01
  -5.7585253e+01  -5.9385392e+01
  -8.5951640e+01  -3.7999283e+01
