   3.9646627e+01  -3.3690022e+01
   5.4141224e+01   8.2982243e+01
  -7.7496282e+01   4.2625783e+01
   6.6045436e+01  -6.6960408e+00
  -5.1447339e+01  -7.2644193e+00
  -3.0806968e+01  -6.0342347e+01
  -3.9439561e+01   1.9429486e+01
  -1.9488403e+01   3.6627468e+01
  -7.1855159e+01  -7.7588236e+01
  -4.8525926e+01  -7.9489467e+01
  -5.2910037e+01   3.9895004e+01
  -3.8778685e+00  -2.6302228e+01
  -8.4945454e+01  -8.1980419e+01
  -7.2164508e+01  -2.9377812e+01
  -9.1096551e+00   5.2954119e+01
   3.6385441e+01   2.6181737e+01
  -5.0065380e+01  -6.3044664e+01
  -5.9039411e+00   3.9219889e-01
   6.6012619e+01   1.1302858e+01
  -5.6077216e-01   4.7768895e+01
  -2.8648518e+01   4.0626095e+01
  -5.0797642e+01   1.0697997e+01
  -4.1483446e+01   6.3297383e+01
   6.7951237e+01   4.8240640e+01
  -6.4904991e+01   3.2513536e+01
   5.5153237e+01  -5.9695392e+01
  -5.9850905e+01  -2.5306225e+01
  -3.1107675e+01   6.3997741e+01
   5.1437400e+01  -1.5383023e+01
   2.5094579e+01  -1.9983377e+01
   2.5264841e+01   5.9963867e+01
  -1.0849605e+01  -5.3061539e+01
  -3.8555597e+01  -7.8721284e+01
   7.7353511e+00   8.3173609e+01
  -8.8688329e+01  -9.1253253e+01
   9.0113479e+00  -1.2436052e+01
   9.5126246e+01   6.0947833e+01
  -5.6972018e+01  -5.4014101e+01
   8.9073605e+01   2.8294169e+01
   6.7385998e+01   9.5004755e+01
   3.3281659e+01   7.7320145e+01
  -9.2411909e+01  -3.6024414e+01
   8.4335575e+01  -1.3180245e+01
   6.4562661e+00   2.8420909e+01
  -3.4849161e+01  -8.3344652e-01
  -5.2993179e+01   2.0427487e+01
  -4.6896117e+01   4.8725580e+01
  -5.0715527e+01   5.7967060e+01
   4.3948529e+01   3.2644819e+01
  -4.3332611e+01   3.7020802e+01
   5.1788464e+01   5.0517958e+01
  -8.3439724e+01   1.5718966e+01
   3.4068151e+01  -4.7582525e+01
   5.4362041e+01  -4.9726813e+01
  -4.3873355e+01  -1.7733591e+01
  -5.4845521e+01  -1.6663519e+01
  -7.7135877e+01  -1.7291109e+01
   6.1396468e+01   2.1687522e+00
  -2.4079910e+01   7.1122521e+01
   3.6965639e+01  -2.1457329e+00
   6.4815238e+01  -3.6091387e+01
  -3.1311904e+00  -4.6703549e+01
   4.3840339e+00  -3.4042087e+01
  -8.1993841e+01  -3.8256295e+01
   3.8802584e+01   6.2935394e+01
  -3.4122017e+01  -3.3582726e+01
  -3.1712589e+01  -7.0301233e+01
   5.5526373e+01  -3.9794954e+01
  -5.1511437e+01  -9.9467472e+01
  -2.5691589e+01   9.1590732e+01
  -4.7062808e+00   6.9783927e+01
  -9.8030223e+01  -6.6863667e+01
   1.1776884e+01   6.2343211e+00
   2.9750299e+01  -1.1133422e+01
  -8.7239304e+01  -6.3918128e+01
   7.0166113e+01   6.8864280e+01
  -6.9388086e+01  -5.3820403e+01
   8.8779369e+01   1.4529972e+01
   4.7091282e+01   9.0063276e+01
   5.7458790e+01   9.3547939e+01
   1.7114527e+01   6.5741341e+01
   8.5112603e+01  -3.2227396e+00
   9.6198139e+01  -1.4786728e+01
   2.9179161e+01   9.6715769e+01
  -3.3123810e+00   3.0553898e+01
  -1.8636867e+01   5.5985892e+01
   1.0438328e+01   4.4956759e+01
  -3.3802424e+01   2.7687910e+01
  -2.7239227e+01   5.4478855e+00
  -5.5191662e+01   3.0165969e+01
  -2.9326192e+01   1.8445246e+01
  -4.5616212e+01   2.7288472e+01
  -6.9001274e+01   5.0543631e+01
   3.3414585e+01   3.5727393e+01
  -6.3237120e+01   4.2372471e+01
   5.9328269e+01   2.1165091e+01
  -4.5707714e+01   7.6863038e+01
   4.9509892e+01   4.0861463e+01
   5.8927091e+01   5.7393457e+01
  -6.5077246e+01   2.2513472e+01
  -9.4614316e+01   3.6009990e+01
  -8.3441234e+01   5.3849074e+01
   7.1459807e+01   2.1179155e+00
  -8.1582417e+01   2.5544401e+01
   1.5342333e+01  -5.0383720e+01
  -6.1296820e+01  -6.1731619e+00
  -3.9413004e+01   8.4630119e+01
   6.4480710e+01  -5.0513591e+01
  -1.3035233e+01   6.4261874e+01
   3.5227304e+01  -5.9156192e+01
  -5.5495625e+01   1.9086087e+00
  -6.7312406e+01  -1.8783876e+01
  -4.1560428e+01  -8.0814184e+00
  -8.0161745e+01  -6.9566904e+00
   8.0253529e+01  -2.2302491e+01
  -9.4089222e+01  -2.6249297e+01
   4.0719128e+01  -1.4773547e+01
   5.1107067e+01   3.0311731e+00
   5.2587499e+01  -3.0236722e+01
  -5.3820006e+00  -3.6188176e+01
   5.2457146e+00  -2.2208580e+01
   1.3639239e+01  -3.0257821e+01
  -2.7176009e+00  -6.8510265e+01
  -2.8619252e+01  -7.9844046e+01
   4.8940229e+01   6.1502303e+01
  -9.1586698e+01  -5.4953547e+01
  -2.1091350e+01  -6.2701733e+01
  -1.9004200e+01  -3.5597446e+01
  -4.1947167e+01  -6.9314763e+01
   3.0658375e+01  -3.8138733e+01
  -4.1511963e+01  -9.9570038e+01
   3.8646261e+01   4.4256800e+01
  -8.0934096e+01  -7.2680870e+01
  -2.1636106e+01  -7.2686542e+01
  -1.1022063e+01   8.2141206e+01
  -7.6096100e+01  -8.6633818e+01
   5.0836102e+00   9.2815476e+01
  -6.5996492e+01  -9.6452459e+01
   8.9751400e+01   3.8258940e+01
   8.7215797e+01   6.7554227e+01
   2.7265165e+00  -4.6584870e+00
   1.9757640e+01  -1.1516045e+01
   1.3666166e+01  -3.5855384e+00
   7.6759288e+01   5.3070946e+01
   1.5102286e+01  -2.0366177e+01
  -6.3137213e+01  -6.1853887e+01
  -5.5218808e+01  -3.4085853e+01
   6.6844138e+00  -4.4792530e+01
   7.5755349e+01   1.3525955e+01
   9.8117977e+01   3.2557221e+01
   6.0316326e+01   6.7254567e+01
   4.3603404e+01   7.8074114e+01
   6.8403881e+01   8.5056744e+01
   1.4291648e+01   7.5621815e+01
   9.0269197e+01  -2.2839532e+01
   3.9159029e+01   9.6143242e+01
   2.1628654e+01   9.0162161e+01
  -1.5821882e+00   2.0705226e+01
  -2.6977841e+01   5.0482037e+01
  -1.6434902e+01   4.6148020e+01
  -3.7549833e+01   4.5174060e+01
  -1.3168471e+01   2.8885127e+01
  -8.1955005e+00   4.0024701e+01
  -2.3826026e+01   2.7005242e+01
   2.8996562e+00   3.8387794e+01
  -7.1280923e+01  -6.7622700e+01
  -3.6135511e+01   9.9968517e+00
  -3.1676576e+01  -1.0812989e+01
  -4.3815763e+01   3.5573192e+00
  -6.1060566e+01   1.3355619e+01
  -5.0305575e+01   6.7987825e+01
   2.7864236e+01   4.4039422e+01
  -3.5877969e+01   5.5028061e+01
   3.3040435e+01   1.6784803e+01
  -5.6809430e+01   5.0032225e+01
   4.6693064e+01   1.5308053e+01
  -5.4287892e+01   8.1998064e+01
   5.9639466e+01   3.3578212e+01
  -9.2952952e+01   2.5113233e+01
  -7.4888983e+01   3.2972153e+01
   5.6027670e+01   1.1731873e+01
  -8.7463528e+01   4.4693960e+01
  -9.6802008e+01   4.8270099e+01
   2.5856564e+01  -5.5664884e+01
  -7.3465841e+01   1.4680133e+01
  -7.0616144e+01  -9.4178153e+00
   6.5080178e+01  -6.0901819e+01
  -2.0414742e+00   6.0026986e+01
   3.8073992e+01  -6.8894280e+01
  -4.9661957e+01  -2.5819021e+01
   4.2762216e+01  -5.2523496e+01
  -3.0585671e+01   7.9934780e+01
  -6.5333724e+01   3.8660795e+00
  -8.6673281e+01  -1.4504958e+01
  -8.9087320e+01  -2.6516970e+00
   7.0988092e+01  -1.8541096e+01
   4.6052881e+01  -6.3152880e+00
  -3.6878596e+01   7.2168756e+01
  -8.4318468e+01  -2.4219774e+01
  -9.9279247e+01  -4.3286805e+01
   5.6050497e+01  -6.4245616e+00
  -1.1099223e+01  -6.3057752e+01
  -1.2818454e+01  -2.1822921e+01
   7.1364675e+01  -2.8534620e+01
   2.3607300e+01  -3.1048057e+01
   9.7461426e+01   9.3627101e+00
   4.1765282e+01   6.6195653e+00
  -1.2509534e+01  -4.3200968e+01
  -8.4657574e+01   3.5096365e+01
  -2.1734041e+01  -8.7095953e+01
   6.1435307e+01  -1.5584450e+01
   4.4878841e+01  -2.3867067e+01
   6.1674896e+01  -2.6063263e+01
  -2.0474717e+01  -4.9246559e+01
  -4.0759236e+01  -5.9386887e+01
  -7.2865549e+01  -4.2328594e+01
  -8.9094787e+01  -4.5348461e+01
  -5.7539871e+01  -9.1116388e+01
   4.6083991e+01  -4.3091329e+01
  -9.1322700e+01  -7.4279506e+01
  -2.7417601e+01  -4.1002247e+01
  -3.7692518e+01  -8.9866763e+01
  -3.0984401e+01  -5.0344247e+01
   3.2573703e+01  -2.6621040e+01
   4.5459890e+01  -6.2152746e+01
   5.0011003e+01   2.4726790e+01
   3.2369534e+01   5.2952713e+01
  -7.5994695e+01  -9.6628159e+01
   2.4228726e+01  -4.5797669e+01
  -9.8549120e+01  -9.2915560e+01
  -7.7437698e+01  -5.9752629e+01
  -2.0998359e+01   8.2761314e+01
  -1.4556598e+01   9.2621141e+01
   2.0649068e+01   5.0962329e+01
   4.2318181e+01   5.3584896e+01
   2.3138749e+01   8.0277952e+01
  -1.4556426e+00   7.9238480e+01
  -6.5866261e+01  -8.5587167e+01
   5.1084036e+00   7.1673818e+01
  -4.3942485e+00   8.9627930e+01
   9.4335845e+01   4.7784637e+01
  -1.1671742e+01  -9.6086240e+01
   7.8291061e+01   6.3045371e+01
  -1.4252009e+01  -5.1131020e+00
   5.4398150e-01  -9.4516234e+01
   1.7919463e+00   6.7828635e+00
   6.8747507e+01   5.8980344e+01
  -6.4934656e+01  -3.6267841e+01
   2.6990862e+01  -1.4713058e+00
  -6.3054097e+01  -4.6083987e+01
  -4.7682289e+01  -8.9453562e+01
   9.6475987e+01  -1.7594552e+00
   1.5505345e+01  -4.0081960e+01
   7.6018368e+01  -7.4210907e+00
   8.4405715e+01   4.6684411e+01
   8.2835818e+01   6.4958406e+00
   6.9302685e+01   2.1135541e+01
   8.1681712e+01   2.1571968e+01
   5.9120603e+01   4.3565925e+01
  -5.7288489e+01  -6.9960168e+01
   8.6054602e+01   5.6747352e+01
   4.8910482e+01   9.9895259e+01
   9.7281099e+01   1.9788639e+01
   5.2287259e+01   7.3161275e+01
   3.7843006e+01   8.6233207e+01
   6.2267843e+01   7.7160740e+01
   2.5855483e+01   7.0622997e+01
  -9.9037518e+01  -2.1039791e+00
  -9.6185189e+01  -1.1654161e+01
