   3.4215752e+01  -3.0818952e+01
   4.1519365e+01  -4.9739970e+01
   5.5200253e+01   7.7326384e+01
   4.5675687e+01   5.0372605e+01
  -7.8012806e+01   4.0565651e+01
  -1.6914337e+01   7.2197385e+01
   6.5147953e+01  -1.4472139e+01
  -5.2913099e+01  -7.1090081e+00
   9.8300941e+01   4.2925674e+01
  -6.6646036e+01  -7.9579264e+01
  -3.1607586e+01  -5.1772953e+01
  -3.9506816e+01   1.8545777e+01
  -1.7028948e+01   3.0330980e+01
  -3.7132946e+01   3.2551936e+01
  -7.0126456e+01  -7.0204691e+01
  -4.7041773e+01  -8.3586212e+01
  -5.3959511e+01   4.2612270e+01
  -5.5308702e+00  -2.6080998e+01
  -8.6988538e+01  -8.0466272e+01
  -6.7584055e+01  -3.3600153e+01
  -8.0226493e+00   5.5290884e+01
   3.7806731e+01   2.9547413e+01
   4.2497266e+01   6.8063795e+01
  -7.3932019e+01  -2.5879921e+01
   5.8043357e+01  -2.1509518e+01
  -4.6328505e+01  -5.9940219e+01
  -6.9969291e+00  -1.4112170e+00
  -7.7353750e+01  -6.3296998e+01
   6.7394738e+01   1.5574094e+01
   4.9737544e+01   9.9478082e+01
  -7.3638651e+00   4.3593837e+01
  -2.6072558e+01   4.6825059e+01
  -4.4291779e+01   9.7648853e+00
  -4.1581494e+01   6.2815300e+01
  -3.7952668e+01   5.3497026e+01
   6.3364459e+01   4.4466466e+01
  -7.0657810e+01   3.3500663e+01
   4.9011456e+01  -5.9655511e+01
  -5.9497867e+01  -2.5910855e+01
  -3.1605877e+01   6.3513174e+01
   6.1890526e+01  -5.0014276e+00
   5.3952646e+01  -1.2334292e+01
   2.4795247e+01  -2.7464240e+01
  -8.1750003e+01  -3.2109209e+01
   2.9432297e+01   5.7056299e+01
  -1.1180104e+01  -4.9186500e+01
   4.4543262e+01  -3.0378406e+01
  -3.8534022e+01  -7.8331098e+01
  -7.1750289e+01  -5.1098590e+01
  -5.7194220e+01  -8.2844507e+01
   2.5815735e+00   7.8381144e+01
  -8.9612047e+01  -9.0114683e+01
   9.0989214e+00  -1.2328278e+01
   8.8411967e+01   5.3042834e+01
  -5.8809527e+01  -5.0853332e+01
   7.8050933e+01   1.0016286e+01
   8.5577270e+01   2.4365110e+01
   6.6214934e+01   9.3930039e+01
   3.0839171e+01   7.6752390e+01
  -9.3248860e+01  -3.4433723e+01
  -9.5009168e+01  -8.1527763e+00
   8.3487405e+01  -1.3180126e+01
  -2.8198251e+01   3.7053709e+01
  -3.5599791e+01   4.3777876e+01
  -4.0410965e+00   2.4242186e+01
  -1.6947389e+01   4.0330641e+01
  -3.4254482e+01  -1.3512495e+00
  -5.3285191e+01   2.0552194e+01
  -4.7409034e+01   5.0216439e+01
  -5.1029833e+01   5.9537910e+01
   4.7748947e+01   3.0620514e+01
  -4.4531094e+01   3.9280018e+01
   5.5664429e+01   5.0846850e+01
  -9.6555726e+01   4.1656539e+01
  -7.9630830e+01   2.0318560e+01
   3.2093219e+01  -4.6401143e+01
   5.1518648e+01  -4.9859739e+01
  -4.4773894e+01  -1.6125170e+01
  -5.4727766e+01  -1.7084465e+01
  -7.9430663e+01  -1.7531999e+01
   5.9892786e+01   4.9743547e+00
  -2.7024470e+01   7.2401971e+01
  -2.1828939e+01   6.1412825e+01
   7.1857601e+01  -5.8032961e+00
   4.2923922e+01   1.3366543e+00
   6.4504703e+01  -3.1623167e+01
  -1.6552491e+00  -4.6144257e+01
   5.7608120e+00  -3.3525246e+01
  -8.5820984e+01  -4.1238704e+01
  -7.5797387e+01  -4.1623631e+01
  -1.7513919e+01  -5.6922617e+01
   3.9314814e+01   5.8584947e+01
  -3.0076222e+01  -4.1891108e+01
  -3.2597791e+01  -6.9842554e+01
   4.5508682e+01   4.0366340e+01
  -3.6353141e+01  -6.0574748e+01
  -8.1286012e+01  -5.4104349e+01
   3.9590631e+01  -3.9251666e+01
   4.9558412e+01  -4.0053747e+01
  -5.3482616e+01  -9.3427914e+01
  -2.3221907e+01   8.1650782e+01
  -7.6637756e+00   7.6592921e+01
  -9.7156156e+01  -6.7513814e+01
   7.4006281e+00   4.2297767e+00
   2.8009932e+01  -7.9916556e+00
  -8.7282271e+01  -6.2108794e+01
   9.8411273e+01   5.2925302e+01
  -1.3502372e+01  -9.9009440e+01
   6.9883554e+01   5.3359193e+01
  -6.5422289e+01  -4.3358364e+01
  -6.0142214e+01  -6.9760232e+01
  -5.1387109e+01  -7.4582822e+01
  -6.6245832e+01  -5.9445993e+01
   8.7729283e+01   4.4966298e+00
   9.7696273e+01   3.6904192e+00
   8.7004971e+01   1.4469056e+01
   9.3026111e+01  -5.3535977e+00
   4.8854637e+01   8.5457990e+01
   5.6399354e+01   9.2020325e+01
   3.2504761e+01   6.6634890e+01
   2.2516751e+01   6.7124446e+01
   8.1555862e+01  -3.3688378e+00
   9.5568504e+01  -1.5025011e+01
   2.9897240e+01   9.5709384e+01
  -7.5771444e+00   3.3596125e+01
  -1.6710041e+01   5.0338232e+01
   1.7300434e+00   3.7253327e+01
  -2.6524372e+01   2.7195071e+01
  -3.3857630e+01   8.6405528e+00
  -5.3328779e+01   3.2632197e+01
  -2.9545881e+01   1.7662847e+01
  -4.5259949e+01   2.6725099e+01
  -5.7767804e+01   5.1858670e+01
   3.5413648e+01   3.9256356e+01
  -6.3787801e+01   4.0767208e+01
   5.3757900e+01   2.2627253e+01
  -4.9064128e+01   6.9449267e+01
   5.5473640e+01   3.8323586e+01
   6.1570092e+01   5.8916736e+01
  -6.4700782e+01   2.5468618e+01
  -8.8690736e+01   3.5480627e+01
  -8.6826271e+01   4.5305278e+01
   6.9867843e+01   4.2684995e+00
  -8.0133744e+01   3.0305903e+01
   2.2792817e+01  -5.0075722e+01
  -6.2515707e+01  -9.8961197e+00
  -3.5831501e+01   7.7241947e+01
   6.0541869e+01  -5.4170363e+01
  -9.8464270e+00   6.5123164e+01
   3.9005447e+01  -5.9418824e+01
  -5.9180379e+01   6.8406503e-01
  -6.6701778e+01  -1.8975742e+01
  -4.2947236e+01  -6.2934852e+00
  -8.5073622e+01  -9.2791108e+00
   7.4297318e+01  -1.8508118e+01
  -8.9092938e+01  -2.5323075e+01
   4.6864430e+01  -1.9388170e+01
   9.6973673e+01   1.3679365e+01
   5.2447328e+01  -1.7127639e+00
   5.4531052e+01  -3.0872409e+01
  -5.2822851e+00  -3.6077908e+01
   4.1718087e+00  -2.3652316e+01
   1.5429993e+01  -3.0974250e+01
  -8.6991519e+00  -6.1643515e+01
  -2.8801792e+01  -8.0628741e+01
   4.9641034e+01   5.9713597e+01
  -9.0447460e+01  -5.0100112e+01
  -2.6400082e+01  -6.1503111e+01
  -2.0544184e+01  -4.5139675e+01
  -4.2881771e+01  -6.9326330e+01
   2.6839823e+01  -3.7892217e+01
  -4.3310991e+01  -9.2862570e+01
   3.5730918e+01   4.9250447e+01
  -7.9383445e+01  -7.3977264e+01
  -2.2317119e+01  -7.0630449e+01
  -1.3664373e+01   8.4592473e+01
  -7.8430207e+01  -8.5866172e+01
  -8.1182968e+01  -9.5494888e+01
  -2.0949540e+00   8.7220267e+01
  -6.3411523e+01  -9.0680306e+01
   8.7800942e+01   4.3061665e+01
   8.0222006e+01   5.9391106e+01
   2.3596503e+00  -4.9402992e+00
  -3.5507568e+00  -9.8026919e+01
   1.9096969e+01  -1.2525870e+01
   1.3870310e+01  -3.3953930e+00
   7.9081057e+01   4.9434160e+01
   1.3921219e+01  -2.1088726e+01
  -9.6535339e+01  -7.7493389e+01
  -5.6306174e+01  -6.0530128e+01
  -5.7837530e+01  -3.5833141e+01
   7.9274592e+00  -4.3287675e+01
  -9.7152254e+01  -5.7515560e+01
   7.6419302e+01   1.9882277e+01
   9.5545868e+01   2.3576882e+01
   9.0036832e+01   3.3315116e+01
   5.6245264e+01   6.7381139e+01
   4.2131759e+01   7.8056151e+01
   6.2621748e+01   8.4028727e+01
   1.5813334e+01   7.4544971e+01
  -9.6009725e+01  -1.8102280e+01
   8.8451934e+01  -2.2050282e+01
   3.9804409e+01   9.4349975e+01
   2.2801537e+01   8.8663036e+01
