   4.0507958e+01   1.3416485e+01
   3.2601971e+01  -1.2337566e+01
  -2.0680159e+01  -1.9952413e+01
   3.4578287e+00   2.0642467e+01
   6.2941578e+00  -3.5094830e+01
   9.7690334e+00   1.1306144e+01
   5.4573370e+00  -2.5129951e+01
   2.5261099e+01  -5.5470149e+00
   6.0237994e+00   2.0340586e+00
   2.9264925e+01   4.5792212e+01
  -3.8618012e+01   1.1951088e+01
  -1.4526568e+01   2.9331599e+01
   4.2260557e+01  -2.7399112e+01
  -3.2981186e+00  -2.0298656e+01
  -1.5877636e+01  -4.1302783e+01
  -6.0596067e+00  -5.9619629e+01
  -2.5581537e+01  -3.8739761e+01
  -2.9100253e+01   8.8831695e+00
  -4.1865246e+01  -6.2743898e+00
  -1.4372764e+01  -9.8687824e-01
   4.7303436e+00   3.3928236e+01
   3.5700201e+01   4.6480561e+00
  -2.2002852e+01   3.5972769e+01
   2.3850079e+01  -3.5186449e+01
  -4.6127249e+01   4.9354739e+00
   6.9236658e+00  -4.5074962e+01
  -3.6591040e+01  -1.4770412e+01
  -4.8653101e+01  -3.0451669e+01
   4.6832477e+01   2.8130607e+01
  -2.5103309e+01  -2.8330062e-01
   1.6023241e+01   1.9302732e+00
  -5.9006021e+00   5.0180851e+01
   5.1766104e+01  -1.4372622e+01
   2.8167774e+01   2.3207201e+01
   1.4282752e+01   3.6886524e+01
   3.4800588e+01   3.2554875e+01
   2.7748656e+01  -4.4395195e+01
   2.2842247e+01  -1.5250049e+01
   4.2210510e+01  -1.7320609e+01
   1.5113292e+01  -3.0321417e+01
   5.7199356e+00  -1.5133432e+01
  -1.1959312e+01  -2.5297000e+01
  -1.1205535e+01  -5.0144245e+01
  -5.1476557e+01  -3.5134820e+00
  -4.8631065e+01   1.4616941e+01
  -3.0714057e+01   1.8752064e+01
   1.3020545e+01  -5.3001358e+01
   1.6386672e+01  -4.1842087e+01
  -2.0810007e+01  -2.9951568e+01
   5.7462936e+01   1.2815905e+01
  -7.9288303e+00  -1.1435487e+01
   3.8167535e+01   2.3138742e+01
  -4.3784321e+01  -2.1717028e+01
   3.0141461e+01   1.3403915e+01
   1.3457728e+01   2.0600878e+01
   3.9116178e+01  -4.7504020e+00
  -1.7708371e+01   5.0965246e+01
   7.4481514e-01  -6.4589075e+00
   6.5024869e+01  -1.1005261e-01
   1.6095961e+01   5.6558532e+01
  -3.2254125e+01   3.8061788e+01
  -2.3599396e-01   1.1349695e+01
   2.5605615e+01   3.6485819e+01
   1.1571137e+01  -7.0239773e+00
   1.9351233e+01   4.7103205e+01
   3.3422423e+01  -3.2293316e+01
   2.7631958e+01  -5.4394513e+01
   1.4245899e+01  -2.0359111e+01
  -2.3353353e+01  -5.4859418e+01
   2.3962576e+01  -2.5187087e+01
  -5.0483227e+00  -4.0594326e+01
   3.3534919e+01  -2.2293950e+01
  -4.1423997e+01   2.1549338e+01
  -5.7378854e+01   1.9462160e+01
  -5.8700950e+01  -1.0570740e+01
  -3.6515959e+01   2.1745165e+00
  -4.9058552e+01  -1.3221011e+01
  -1.7870241e+01  -1.0355313e+01
  -3.5104337e+00  -3.0713288e+01
  -1.2313652e+00  -5.0862462e+01
  -2.9957148e+01  -2.3685706e+01
  -2.7859612e+01  -9.8959136e+00
   7.4589671e+00  -6.1312122e+01
   4.5697756e+01   4.8686218e+00
  -5.3927347e+01  -2.1955678e+01
   4.9172905e+01   1.8408344e+01
  -3.3790098e+01  -3.2921966e+01
  -3.0226283e+01  -4.7595619e+01
  -5.3104667e+00   2.5450456e+01
   1.9704025e+01   1.2444508e+01
   2.5702319e+01   4.4432349e+00
  -1.0599704e+01   5.9007993e+01
   1.9652773e+01   2.8450724e+01
   5.5522734e+01   3.0059295e+00
  -5.2794969e+00   3.5450406e+01
   7.6645707e+00   5.1168596e+01
   4.9116156e+01  -4.7301236e+00
  -4.9019920e+00   2.2231765e+00
  -2.4016126e+01   2.6177530e+01
  -3.3964279e+01   2.8209112e+01
   1.4144248e+00   4.3362465e+01
   3.9156304e+01   4.7262069e+01
  -1.2350011e+01   4.2522026e+01
