   3.5363989e+01   1.1287464e+01
   2.3279596e+01  -1.3330788e+01
  -2.5677980e+01  -1.7805519e+01
   4.1213880e+00   2.7283941e+01
   3.7345995e+00  -2.8938187e+01
  -2.4200362e+00   6.5766014e+00
  -6.3637942e+00  -2.2813424e+00
   3.5619498e+00  -1.9062631e+01
  -1.3248506e+01  -1.8591196e+01
   2.3327777e+01  -3.3527883e+00
   3.4631859e+00  -1.3079483e+00
   1.9880469e+01   3.3279862e+01
   1.4072525e+01  -1.7438169e+01
  -1.8927022e+01  -1.0454739e+01
  -5.0109319e+00  -2.4137114e+01
  -3.4903430e+01   4.0342678e+00
   2.1402462e+01   1.8351913e+01
   1.3440938e+01  -1.9732033e+00
   1.7945720e-01   1.8102679e+01
   1.0503786e+01   1.6559941e+01
  -6.0005331e+00   2.6000383e+01
   1.3578816e+01  -2.7363965e+01
   2.2700390e+01  -2.3293895e+01
  -2.4333086e+00  -1.1221697e+01
  -6.6382854e+00  -3.3978055e+01
   2.2997756e+00  -3.8765880e+01
   7.5820371e+00  -1.0049698e+01
  -1.5250436e+01  -2.8373858e+01
  -2.5142057e+01   2.4601823e+00
  -2.8384488e+01  -7.2983372e+00
  -1.5979327e+01  -9.7291982e-01
   2.5740813e+01   9.3345109e+00
   1.6274919e+01   7.5860304e+00
   6.7884227e+00   7.8083208e+00
  -1.9164021e+00   3.5236987e+01
   3.1999116e+01   1.5990851e+00
  -1.2864223e+01   3.3272889e+01
   1.3938974e+01   2.5521770e+01
