   2.9338721e+01  -9.3403098e+00
  -2.0103025e+01  -2.4854392e+01
   3.3652040e+00  -2.2912935e+01
   3.4932937e+01   5.3577445e+01
   5.7936477e+01  -3.3183481e+01
  -6.0762127e+00  -3.8897941e+01
  -4.2054591e+00  -5.8372808e+01
  -2.7592426e+01   5.8413272e+00
  -1.2073881e+01  -7.8150913e+00
   1.2336381e+01   4.0216246e+01
   3.8473926e+01   6.7170360e+00
   9.8723714e+00  -4.2053513e+01
  -3.5275913e+01  -1.1578300e+01
  -6.7787655e+01  -3.2016000e+01
   5.1255891e+01   4.3244246e+01
   5.6694970e+01  -1.2886259e+01
   2.5176393e+01   5.1384531e+01
   3.6786564e+01   3.5276926e+01
   2.6681902e+01  -4.1476098e+01
  -1.3957844e+01  -3.2743338e+01
  -5.1837610e+01  -5.3111714e+00
  -3.3385398e+01   1.3992484e+01
   1.8462651e+01  -4.7172013e+01
   7.6257593e+01   1.2873103e+01
   3.3160756e+01   2.5957453e+01
   3.7086470e+01   1.6670454e+01
   2.4076692e+01   2.1776901e+01
   3.9731463e+01  -3.3374259e+00
  -2.3871735e+01   5.2101131e+01
   9.3191643e+00  -9.4706699e+00
   6.6400615e+01  -1.2918277e+00
   1.4225492e+01   6.8926941e+01
  -4.5920509e+01   3.9034991e+01
   9.7544265e+00   1.0669279e+01
   2.9166069e+01  -3.1789585e+01
   2.7611297e+01  -6.4974140e+01
   2.2196882e+01  -1.6339446e+01
  -3.4733038e+01  -7.2062135e+01
   2.0842600e+01  -2.6247224e+01
  -5.2264933e+01   3.1305365e+01
  -5.9580117e+01   2.4374975e+01
  -6.4388793e+01  -4.2548109e+00
   3.0295505e+00  -3.4762357e+01
  -2.8234176e+01  -1.9033542e+01
   1.8674305e+01  -6.9634452e+01
   5.3013581e+01   2.3543553e+01
  -3.2683311e+01  -3.4117651e+01
  -3.0031019e+01  -4.4041945e+01
  -6.0299995e+00   3.6831184e+01
   1.8974676e+01  -6.8685816e+00
  -1.3574802e+01   6.4956084e+01
   5.4475609e+00   5.1598885e+01
   1.1158601e+01   3.5868346e-01
  -3.0593957e+01   3.3646381e+01
   4.1710344e+01   4.6224445e+01
  -1.4295772e+01   5.4982170e+01
   3.8841284e+01  -3.4317185e+01
   4.0198439e+01  -2.4409744e+01
   3.5920367e+01  -4.5303617e+01
   2.7504029e+01  -5.1443812e+01
   1.5565305e+01  -6.0130083e+01
   1.8091384e+01  -3.6357350e+01
   1.1248148e+01  -2.9065676e+01
  -1.3865630e+01  -5.5789088e+01
  -4.0139916e+01   2.3339935e+01
  -6.3463644e+01   1.1469410e+01
  -6.9495445e+01  -1.2852578e+01
  -5.7560238e+01   3.0506747e+00
  -4.3376637e+01   1.3323900e+01
  -4.1911631e+01  -4.0985196e+00
  -4.8527800e+00  -2.8609968e+01
  -1.2055614e-01  -7.7933544e+01
  -2.2185244e+01  -5.0241471e+01
  -2.7793963e+00  -1.5023745e+01
  -1.0997190e+01  -2.0721277e+01
   5.4153758e+00  -6.1099706e+01
   5.6891466e+01   1.4326146e+01
   2.5404704e+01   3.2269573e+01
   4.3078202e+01   2.4676354e+01
   1.2712727e+01   2.0221270e+01
  -3.7571915e+01  -6.2473560e+01
   3.7776119e+01  -1.4707613e+01
   3.0534060e+01   5.8769793e-01
   5.6668726e+01   3.4835873e+01
   4.7087755e+01  -1.0111202e+01
  -4.9669695e+01  -2.3586579e+01
   4.7013090e+01   1.2771295e+01
  -1.1779896e+01   2.8650099e+01
  -5.2876194e+00   7.3248403e+01
  -2.1982837e+01   7.0369454e+01
   1.4274159e-01   1.4202582e+01
   8.0138416e+01  -1.5757914e+01
   1.9933217e+00   4.3646460e+00
   3.3453231e+01   6.3467346e+01
   4.9124571e+01  -1.9901557e+01
  -2.1775780e+01   2.8930515e+01
  -3.7995993e+01  -2.1199786e+01
  -2.9005268e+01   4.3519370e+01
   2.2218145e+01   4.1748251e+01
   1.5308642e+01   4.9764102e+01
   2.0814119e+01   2.9607829e+00
   3.1953826e+01   4.4031557e+01
   5.0347593e+01   5.3202906e+01
   1.5659879e-01  -5.4648508e+00
   4.8215862e+01  -3.0836247e+01
   4.5523268e+01  -4.1756962e+01
   3.4744344e+01  -7.1982680e+01
  -2.4940649e+01  -7.0035062e+01
   3.0525148e+01  -2.1874644e+01
   1.2540630e+01  -1.8937518e+01
  -4.9981761e+01   2.1569616e+01
  -2.3952293e+01  -6.0084053e+01
  -6.8597032e+01   2.0051223e+01
  -1.9128467e+01  -1.4901775e+01
  -2.6061517e+01  -7.6960266e+00
  -6.7364208e+01   3.0652498e+01
  -7.1362338e+01  -2.2676754e+01
  -3.7620463e+01   4.9337585e+00
  -5.3490981e+01   1.2205849e+01
  -4.5441573e+01  -1.4524472e+01
  -1.5123929e+01  -4.3160682e+01
  -5.8292390e+01  -1.2948852e+01
  -1.3384396e+01  -6.5777400e+01
  -9.7416574e+00  -7.5090266e+01
  -8.8255930e-01  -4.7443443e+01
  -3.0140727e+01   2.3451270e+01
   3.4931010e+01  -5.8139886e+01
   6.5106397e+01   8.6240317e+00
   8.5435036e+00  -7.0597730e+01
  -1.7566618e+00  -6.8068314e+01
  -4.7616935e+01   4.1134562e+00
  -3.2125503e+01  -5.4086869e+01
   9.6721684e+00  -5.2051179e+01
  -2.3068231e+01  -3.6864992e+01
   2.9217340e+01   1.0500327e+01
   1.9505806e+01   1.2882865e+01
   4.7660373e+01   2.7663395e+00
  -3.7221986e+00   6.3245505e+01
   6.2498450e+01   2.6710985e+01
  -2.7356734e+01   6.1936124e+01
   4.6704121e+01   3.3995719e+01
  -5.8356135e+01  -3.8172590e+01
  -5.8554969e+01  -2.8174583e+01
   2.7307151e+00   3.1771333e+01
   2.3702805e+01   6.5687511e+01
   5.6518881e+01  -2.8251871e+00
   4.1806851e+00   6.9372851e+01
   7.3782742e+01  -8.0374743e+00
  -1.0839172e+01   4.5598692e+01
   6.6493497e+01  -1.4883411e+01
  -1.6975787e+01   3.7703076e+01
  -4.1547770e+01   4.8028225e+01
   6.7824592e+01   1.8247483e+01
  -4.2222908e+01  -3.0260374e+01
  -3.3655530e+01   5.4169221e+01
   1.2609700e+01   3.0220331e+01
   2.5047136e+00   4.2041884e+01
  -4.4119197e+00   5.3269321e+01
   1.1960651e+01   5.9186885e+01
   4.2794945e+01   5.9757096e+01
  -1.9235890e+01  -3.8903770e-01
  -3.1141981e+00   2.3657334e+01
  -7.4390607e+00   1.0452585e+00
