  -8.2543404e+01  -5.3110349e+01
   8.1915051e+00  -8.4786166e+01
  -6.2290721e+01  -2.7996366e+01
   9.2176744e+01   3.8349299e+00
  -5.8918041e+01   4.3158869e+01
   6.0332070e+01  -6.6042086e+01
   6.6428177e+01  -3.2329725e+01
  -9.6097902e+01  -5.2494739e+01
   3.8326619e+01   4.3891439e+01
   3.1140954e+01   7.7795134e+01
  -4.5200698e+01   2.0034935e+01
   2.3968048e+01   4.9222077e+01
  -5.0715124e+01   3.7471593e+01
  -3.9352481e+01  -7.5005187e+00
   6.0290675e+01   6.7705862e+01
  -5.1646109e+00  -9.5236019e+01
   5.8008994e+01   3.1186574e+01
   1.5753056e-02   5.7181663e+01
   5.1122669e+01   4.8542826e+01
   5.2608976e+01   3.7532461e+00
  -2.2346628e+01   5.5273154e+01
   1.8188917e+01  -3.3167058e+01
  -6.4408803e+01  -1.8363356e+01
   3.0627440e+01  -8.2149983e+00
  -2.6497339e+01  -7.5309425e+01
   8.3802846e+01   7.1215636e+01
   4.9401026e+01   5.9862004e+01
   1.5816534e+01  -6.4417520e+01
   8.0866392e+01   1.1187642e+01
   9.9981851e+01  -1.5496340e+01
  -1.8963853e+01  -4.7182030e+01
   5.8900669e+01  -9.3027987e+01
   2.8114427e+01   1.7000306e+01
   9.8456723e+00   3.9941346e+01
  -1.4042053e+01   3.9069068e+01
   9.9811223e+00   5.7227276e+01
  -3.1953890e+01   5.7760634e+01
  -7.9391057e+01   3.4355461e+01
  -7.3778792e+01   2.3784344e+01
   6.4488027e+01  -7.9752508e+01
  -6.4803656e+01   7.9981938e+01
   9.4705583e+01  -7.7042666e+01
  -3.6273670e+01  -9.7051616e+01
  -8.9822051e+01  -3.1428895e+00
  -9.6648206e+01   2.2019243e+01
  -6.3200766e+01  -7.4438096e+01
  -5.2938723e+01  -8.7734960e+01
   8.2306088e+01   9.8430165e+01
  -2.2834235e+01  -2.1072571e+01
  -5.4752448e+01  -2.0667862e+01
  -2.1262658e+01   4.3410045e-01
   8.8653415e+01   4.3341563e+01
   7.8694431e+01  -1.9912452e+01
  -3.4954059e+01  -5.6138466e+01
   3.4921183e+01  -7.7946867e+01
  -2.9703235e+01   1.6846616e+01
   1.4906456e+01   8.2865718e+01
  -1.1326990e+01   8.7825840e+01
  -2.3530337e+01   4.5412710e+01
  -4.1643886e+01   1.0834712e+01
  -3.2666097e+01   7.0011332e+01
   5.1798174e+01   1.3090064e+01
   6.6952426e+01  -5.8549514e+01
   8.9334654e+01  -6.8258440e+01
  -9.8413500e+01   9.4441791e+01
   1.9399202e+00  -7.7072545e+01
  -8.4670739e+01   7.9967746e+01
   2.9644673e+01  -6.9550648e+01
   6.1159234e+01  -1.9266352e+01
   9.1214090e+01  -3.3404192e+01
   7.5799181e+01  -5.3908740e+01
  -7.6507548e+01  -9.7600351e+01
  -8.4046513e+01  -9.1031828e+01
  -5.5098928e+01  -5.7925580e+01
   2.5604342e+01   5.8863751e+01
   6.7438385e+01   5.9023570e+01
  -7.0159334e+01  -4.3549172e+01
   3.8253295e+01   2.4735652e+01
  -1.4171728e+01  -6.3613505e+00
   9.1636381e+01   7.7348222e+01
   3.6297581e+00  -1.6177206e+01
   3.2112135e+00  -6.5505892e+01
   5.3974399e+00   1.4093880e+00
  -7.2405669e+01  -7.0034635e+01
   2.4290183e+01  -6.9032063e-01
   7.1264534e+01   9.6352145e+00
   6.8868911e+01  -1.1940467e+01
   4.4465945e+01   7.7474559e+01
  -9.9593787e+01  -3.0568360e+01
   4.7665124e+00  -9.4141811e+01
   1.1896319e+01   9.2402600e+01
  -3.6385603e+01  -7.5356487e+01
   8.9569672e+01   5.3134006e+01
  -1.3823695e+01  -5.7952422e+01
   5.3655441e+01  -8.4544090e+01
  -2.8854314e+01  -4.8283461e+01
   1.4749895e+01   1.3043494e+01
  -3.8322507e+01  -3.1674297e+01
   9.2725278e+00   7.4649866e+01
   4.9446492e+00   8.3596047e+01
  -8.6584133e+01   5.2544542e+01
  -9.4250580e+01   4.5557553e+01
  -6.5923971e+00   2.9640213e+01
  -1.3122884e+01   7.3551241e+01
  -2.3547710e+01   3.5627917e+01
  -9.8876845e+00   5.8036733e+01
  -1.8512868e+00   9.0852774e+01
  -6.2901318e+01   6.9777910e+00
  -5.8151415e+00  -3.3067307e+01
  -5.6411960e+01  -4.7460740e-01
  -4.9114962e+01   5.9188266e+01
   2.7755451e+01  -8.4895978e+01
  -7.3223357e+01  -1.3960434e+01
   3.8193359e+01  -5.1905425e+01
  -5.4315425e+01   9.5536542e+01
  -6.6296391e+01   9.8889362e+01
  -4.0963621e+01   5.3545680e+01
  -7.4728334e+01   7.9491495e+01
  -3.9001010e+01   8.4080967e+01
   5.9050525e+01  -4.2430992e+01
  -6.3755413e+01   2.4302660e+01
  -8.0952851e+01  -7.6914597e+00
   3.8046620e+01  -3.3342647e+01
  -8.5043011e+01   6.2402971e+01
  -8.4840458e-01  -4.2885847e+01
   4.8443785e-02  -2.5234742e+01
   8.2559495e+01  -3.8648223e+01
  -8.3450066e+01   6.3411135e+00
   8.9880273e+01   3.3523768e+01
  -1.5212438e+00  -7.6902070e+00
  -7.8285121e+01  -6.2081379e+01
   9.9239446e+01   8.7853340e+01
   1.8422521e+01  -8.6652370e+00
   4.2192013e+01  -2.4443831e+01
  -9.3653351e+01  -4.2844693e+01
  -8.2014148e+01  -1.8424265e+01
   4.4891254e+01   1.9344329e+01
   4.6783049e+01   2.9403463e+01
   5.1545723e+01   8.5428694e+01
   4.6973802e+01   3.9299169e+01
   8.0695532e+01  -3.5867301e+00
   6.3218694e+01  -3.9140337e+00
   4.2387985e+01   5.3084834e+01
   7.0802855e+01   4.9639480e+01
  -4.5727179e+01  -7.2010804e+01
  -1.6446940e+01  -9.8307085e+01
  -1.6891918e+01  -7.7649907e+01
   4.6523161e+01  -9.1544613e+01
   4.3808818e+01  -7.0589121e+01
  -2.3680366e+01  -5.6731219e+01
   6.9008284e+01  -7.0083294e+01
  -4.5805309e+01  -5.9920567e+01
  -1.5735817e+01  -3.3002002e+01
   7.7610453e+01  -6.5183243e+01
  -4.6273413e+01  -2.5813375e+01
   9.6023279e+00   2.2455856e+01
   9.9789541e+01  -5.0005499e+01
   7.6262854e+01  -3.0957836e+01
   5.6205442e+01  -1.0730431e+01
   6.9983794e+01  -2.3200447e+01
  -2.8462019e+01   7.1356950e+00
  -5.1393323e+01   8.6772968e+00
   4.9314227e+01  -3.6838012e+01
  -7.5387393e+01   4.6339375e+01
  -3.0042957e+01   7.9651182e+01
   4.9601027e+00   4.8573773e+01
   4.9359281e+00   6.5770748e+01
   3.5914766e+00   3.1206242e+01
  -1.7777822e+01   6.4096312e+01
  -2.9819065e+01  -4.4955069e+00
  -3.3373338e+01   3.4356004e+01
  -3.6160294e+01   2.4259110e+01
  -6.8103194e+01   1.5401917e+01
  -2.7193788e+01   9.9869706e+01
   6.2119374e+01   5.9056603e+00
   4.1050824e+01   1.0340782e+01
   9.4812820e+01  -5.8729377e+01
   7.1679526e+01  -9.8466955e+01
   1.9062607e+01  -9.2959299e+01
   4.2476618e+01  -6.0775767e+01
  -9.5593840e+01  -7.1526136e+01
  -7.8005663e+01   1.4714778e+01
  -4.0666779e+01   4.1113843e+01
  -4.8916080e+01   8.5306866e+01
   4.6878429e+01  -1.3913168e+01
  -8.2123237e+01   8.9678921e+01
  -1.9055330e+01   8.1578837e+01
  -5.6586419e+01   5.2725587e+01
  -7.2201282e+01   9.0759496e+01
  -9.4859167e+01   3.3714177e+01
  -4.9994433e+01   6.9056238e+01
   3.6451013e+01   6.3835441e+01
  -4.1582994e+01  -8.3822742e+01
   2.8461226e+01  -4.9942757e+01
  -4.2895267e+01   3.1431598e+01
  -5.1934074e+01   2.7265481e+01
   2.0157731e+01  -2.0654156e+01
   1.0527909e+01  -4.3047870e+01
   2.1921873e+01   8.9949999e+01
   8.4849038e+01  -5.8392910e+01
   1.6536501e+01  -5.0987463e+01
   1.7976284e+01  -8.3030928e+01
   6.6963977e+01  -4.8547508e+01
   5.8271865e+01  -5.3422770e+01
  -6.4147722e+01  -5.5387196e+01
   3.7351861e+01  -8.7616431e+01
  -7.1534728e+01  -7.9876150e+01
  -6.2198820e+01  -8.4191112e+01
  -9.0128233e+01  -1.2969213e+01
  -8.1388224e+01  -8.1402889e+01
   7.2637586e+01  -4.0323126e+01
   8.4168748e+01  -4.8467513e+01
  -9.3211361e+01   7.4804683e+01
  -7.9651116e+01   7.0804182e+01
  -6.4081101e+01  -6.4826437e+01
   5.6550623e+01   7.7374703e+01
   2.3273995e+01  -5.8228455e+01
  -8.7825758e+01   1.6322916e+01
  -5.3845454e+01  -7.7806516e+01
  -6.1797795e+01  -3.7812665e+01
   3.2909199e+01   5.2133653e+01
   1.4615927e+01   4.8535820e+01
   1.7168120e+01   6.4103910e+01
  -9.8164098e+01   2.1957478e+00
   2.3379661e+01   8.9185390e+00
   3.2494496e+01   5.3921786e+00
   1.9556495e+01   2.2359073e+01
  -1.6744436e+00   7.8460043e+00
   7.4330853e+01   6.8180942e+01
   7.7991850e+01   7.9138380e+01
   6.3661872e+01   8.4321020e+01
   8.5919165e+00  -7.7652966e+00
  -8.7470151e+00  -1.4554457e+01
   9.8146027e+01   9.8643311e+01
   9.8460716e+01   4.8821043e+01
   5.1782429e+01  -2.2160655e+01
  -1.0761505e+01  -4.1604060e+01
   4.2068127e+00  -3.4283094e+01
   1.0036582e+01  -2.5426421e+01
  -8.2245478e+01  -7.1454150e+01
   8.8641993e+01   6.2782021e+01
  -8.8886831e+01  -6.4008272e+01
   9.5533202e+01   1.7606560e+01
   1.5093947e+01   3.0045365e+00
   8.0552774e+01   4.9181129e+01
   6.4209170e+01   1.5856653e+01
   4.6533609e+01   9.6889145e+01
   2.7627638e+01   6.8527713e+01
   3.7772640e+01   8.4835911e+01
   7.2048687e+01   8.0521421e-02
   5.6137176e+01   9.4418887e+01
   1.9205594e+01   7.3857574e+01
   6.1411992e+01   4.7082821e+01
  -2.8223447e+01  -6.5526504e+01
  -3.8052366e+01  -6.5630726e+01
   8.3259819e+01   2.1256244e+01
  -6.9602747e+00  -5.0772569e+01
  -3.2363095e+01  -2.3898910e+01
   5.3989213e+01   2.2482061e+01
   3.8501236e+01  -9.7540269e+01
  -3.1385532e+01  -3.8750271e+01
  -5.3428155e+01  -3.2614965e+01
  -5.4696235e+01  -6.7863062e+01
  -5.1463971e+00   7.9592520e+01
   9.2586367e+01  -4.3136709e+01
   5.2452108e+00   1.3943300e+01
  -8.4688327e+01   4.2756879e+01
  -4.7487131e+00   6.8128670e+01
  -2.8835220e+00   3.8795639e+01
   1.4048856e+01   3.1084952e+01
  -6.9593827e+01   3.2849040e+01
  -1.0340730e+00   2.1513800e+01
  -4.7841448e+00   4.8497919e+01
  -1.4496465e+01   4.9200279e+01
  -1.3162647e+01  -2.3410593e+01
  -2.2538204e+01  -1.1193812e+01
  -9.4007828e+01  -9.0155280e+01
   4.4547606e+01  -8.0508722e+01
   5.5459956e+01  -7.4734356e+01
   4.1955328e+00   9.8789229e+01
  -3.3114042e+01   4.7551915e+01
  -2.6105437e+01   2.6064049e+01
  -6.2938570e+00   9.9790007e+01
   9.7937408e+01  -8.6506033e+01
  -3.1921489e+01  -1.4119700e+01
  -5.8091062e+01   1.6079150e+01
   8.1081759e+01  -9.5061403e+01
   9.9516951e+01  -6.7545266e+01
  -4.9078201e+01  -9.7117231e+00
   6.8102843e+01  -8.9129603e+01
  -4.0138432e+01   6.3473979e+01
   2.8667253e+01  -9.5731531e+01
  -4.1303533e+01  -1.7271513e+01
  -5.9045976e+01  -1.0028327e+01
  -7.2324344e+01   3.6618359e+00
  -6.8164995e+01  -5.4097492e+00
  -8.3657963e+01   2.5368958e+01
   3.5805995e+01   9.4789943e+01
  -3.4755403e+01   9.3336669e+01
  -2.3060085e+01   7.2500223e+01
  -2.5930441e+01   8.8763723e+01
  -4.1605306e+01   7.4439589e+01
   4.8130046e+01  -4.4969504e+00
  -1.6431016e+01   2.8862228e+01
  -3.6985831e+01   2.1697794e+00
  -6.6155248e+01   5.0043690e+01
  -4.6554574e+01  -6.1154797e-02
  -8.9396868e+01   9.9531508e+01
  -2.6213127e+01  -9.6161068e+01
  -7.7929309e+01   9.8948773e+01
  -4.8514707e+01   4.7128904e+01
  -1.8194437e+01   9.5081606e+01
   1.0658990e+01  -7.2705761e+01
  -5.5166872e+01   7.7535349e+01
   3.1499857e+01  -4.0672293e+01
  -9.9991058e+01  -9.0021796e+00
   5.6808333e+01  -3.0470656e+01
  -1.4861428e+01  -6.7847264e+01
  -7.5285927e+00  -7.4538838e+01
  -2.2697828e+01  -8.5736109e+01
  -3.2435746e+01  -8.7832130e+01
  -6.2299148e+01   8.9612137e+01
  -5.9725633e+01   3.3336470e+01
  -4.6007987e+01  -9.4864854e+01
   2.7991370e+01  -3.1464815e+01
  -4.4376977e+01   9.5822355e+01
   2.0538393e+01  -7.3409087e+01
  -4.0718128e+00  -8.4957754e+01
   5.2072436e+01  -6.1143006e+01
   4.1384956e+01  -4.2663448e+01
   3.2800168e+01  -6.0208188e+01
   2.1701648e+01  -4.2503613e+01
   2.6676090e+01   9.8731677e+01
   5.0287348e+01  -4.7244969e+01
  -7.0417906e+01  -8.9743338e+01
  -1.3226308e+01  -8.8856362e+01
   8.5101304e+01  -2.6140952e+01
  -9.8741439e+01  -6.2082906e+01
  -9.7655928e+01   5.4948142e+01
  -5.8846369e+01  -9.5815115e+01
  -7.7159976e+01   5.6217348e+01
   2.9978071e+01  -2.1866992e+01
  -9.1332494e+01  -8.0534726e+01
   5.0484209e+01   6.9609853e+01
  -9.1749960e+01   8.7002269e+01
  -9.4715488e+01   6.4925530e+01
  -7.0625719e+01  -3.3625974e+01
  -5.9631388e+01  -4.7141419e+01
  -9.6809957e+01   1.2044892e+01
  -2.5367609e+01  -3.0885991e+01
   9.8310882e+01   3.8860849e+01
  -7.3624395e+00   3.1081290e-01
  -7.8157460e+01  -2.7409461e+01
   8.1179525e+01   8.8525538e+01
   7.7456821e+01   5.8724768e+01
   9.0350346e+01   9.2412007e+01
   6.7108924e+01   7.4994168e+01
   6.7563727e+01   9.3462503e+01
   8.8515275e+00  -5.7288679e+01
   3.8593404e+01  -2.2955186e+00
   3.7410825e+01  -1.5638854e+01
   9.7638697e+01   2.7358658e+01
   9.7827180e+01   6.6550691e+01
  -7.3031848e+01  -5.3029124e+01
  -8.3709281e+01  -4.3320258e+01
   9.9966789e+01  -5.5211796e+00
   9.6952641e+01  -2.4999789e+01
   9.0070143e+01  -5.9425040e+00
  -9.6938241e+01  -2.0133348e+01
   7.3460568e+01   2.0076080e+01
   6.4688738e+01   2.4797258e+01
   2.5394919e+01   3.9694697e+01
   7.8411493e+01  -1.1670837e+01
   2.9976384e+01   2.6047798e+01
   4.4489331e+01   9.0271094e+01
