   2.7240098e+01   9.1702619e+00
   2.0552276e+01  -1.3578958e+01
  -2.4674573e+01  -1.0852149e+01
   4.2090465e+00   2.7087302e+01
   5.3881013e+00  -2.9291226e+01
  -5.4635761e+00  -9.4943601e+00
  -1.2638855e+00   7.9734708e+00
   7.8183233e+00  -9.0166091e+00
  -8.9386562e+00   2.7920879e-01
   1.3302766e+00  -1.6832177e+01
  -1.3094768e+01  -1.7354143e+01
   2.0850701e+01  -3.5834119e+00
   9.0875604e-01  -1.7876523e+00
   1.2454053e+01   2.1376775e+01
   1.1679777e+01  -1.8240987e+01
  -1.5259213e+01  -7.4830262e+00
  -3.8538906e+00  -2.5383458e+01
  -2.1693757e+01   1.7181836e-01
   1.7310219e+01   1.0352411e+01
   1.2207153e+01   1.4454139e+00
  -6.4248391e-01   1.8343010e+01
   7.5769699e+00   1.2646711e+01
  -6.4644906e+00   2.6473503e+01
