   2.7070000e+03
   2.5450000e+03
   2.4850000e+03
   2.6290000e+03
   2.8410000e+03
   2.3710000e+03
   2.7910000e+03
   2.4490000e+03
   2.7470000e+03
   2.8190000e+03
   2.5950000e+03
   2.6130000e+03
   2.6150000e+03
   2.6090000e+03
   2.6250000e+03
   2.3430000e+03
   2.4510000e+03
   2.7310000e+03
   2.4310000e+03
   2.6370000e+03
   2.8210000e+03
   2.3630000e+03
   2.8070000e+03
   2.7730000e+03
   2.8330000e+03
   2.8090000e+03
   2.9050000e+03
   2.3450000e+03
   2.6750000e+03
   2.6690000e+03
   2.3730000e+03
   2.5230000e+03
   2.6550000e+03
   2.7230000e+03
   2.5250000e+03
   2.4250000e+03
   2.7170000e+03
   2.6430000e+03
   2.6070000e+03
   2.4710000e+03
   2.6050000e+03
   2.8750000e+03
   2.4910000e+03
   2.6710000e+03
   2.6790000e+03
   2.7550000e+03
   2.8650000e+03
   2.8310000e+03
   2.4690000e+03
   2.8670000e+03
   2.6330000e+03
   2.4750000e+03
   2.8690000e+03
   2.3410000e+03
   2.3490000e+03
   2.5310000e+03
   2.7250000e+03
   2.6350000e+03
   2.4030000e+03
   2.3830000e+03
   2.6850000e+03
   2.4130000e+03
   2.4050000e+03
   2.8790000e+03
   2.3750000e+03
   2.3930000e+03
   2.7410000e+03
   2.6730000e+03
   2.4650000e+03
   2.8110000e+03
   2.7130000e+03
   2.6950000e+03
   2.7570000e+03
   2.3610000e+03
   2.5150000e+03
   2.4370000e+03
   2.7370000e+03
   2.8630000e+03
   2.8250000e+03
   2.6230000e+03
   2.4070000e+03
   2.4190000e+03
   2.5370000e+03
   2.8470000e+03
   2.8550000e+03
   2.8590000e+03
   2.3510000e+03
   2.3470000e+03
   2.3570000e+03
   2.8030000e+03
   2.6570000e+03
   2.3650000e+03
   2.6390000e+03
   2.5730000e+03
   2.3850000e+03
   2.6450000e+03
   2.7490000e+03
   2.6510000e+03
   2.6830000e+03
   2.6530000e+03
   2.4110000e+03
   2.6110000e+03
   2.5930000e+03
   2.7190000e+03
   2.5890000e+03
   2.4410000e+03
   2.4270000e+03
   2.7050000e+03
   2.6030000e+03
   2.7270000e+03
   2.5090000e+03
   2.7290000e+03
   2.7530000e+03
   2.7350000e+03
   2.7610000e+03
   2.5030000e+03
   2.6890000e+03
   2.7590000e+03
   2.7830000e+03
   2.7850000e+03
   2.4950000e+03
   2.6310000e+03
   2.7390000e+03
   2.8130000e+03
   2.7770000e+03
   2.6270000e+03
   2.5350000e+03
   2.8050000e+03
   2.8970000e+03
   2.8730000e+03
   2.7210000e+03
   2.8230000e+03
   2.5470000e+03
   2.8390000e+03
   2.6470000e+03
   2.8350000e+03
   2.7870000e+03
   2.6910000e+03
   2.8910000e+03
   2.5850000e+03
   2.8870000e+03
   2.7430000e+03
   2.7950000e+03
   2.8950000e+03
   2.3420000e+03
   2.6210000e+03
   2.6170000e+03
   2.6190000e+03
   2.3500000e+03
   2.3520000e+03
   2.3540000e+03
   2.3560000e+03
   2.3580000e+03
   2.3600000e+03
   2.3620000e+03
   2.3640000e+03
   2.3660000e+03
   2.3680000e+03
   2.3700000e+03
   2.6410000e+03
   2.3740000e+03
   2.7090000e+03
   2.3780000e+03
   2.6490000e+03
   2.6670000e+03
   2.6650000e+03
   2.6610000e+03
   2.6930000e+03
   2.7510000e+03
   2.6590000e+03
   2.4020000e+03
   2.4040000e+03
   2.4060000e+03
   2.6770000e+03
   2.6870000e+03
   2.4120000e+03
   2.8530000e+03
   2.4180000e+03
   2.7150000e+03
   2.4240000e+03
   2.4260000e+03
   2.4300000e+03
   2.4320000e+03
   2.4340000e+03
   2.4360000e+03
   2.4400000e+03
   2.4420000e+03
   2.7450000e+03
   2.4480000e+03
   2.4500000e+03
   2.4520000e+03
   2.4640000e+03
   2.7650000e+03
   2.7690000e+03
   2.7710000e+03
   2.8270000e+03
   2.7790000e+03
   2.4900000e+03
   2.9010000e+03
   2.8490000e+03
   2.8770000e+03
   2.7990000e+03
   2.5080000e+03
   2.8150000e+03
   2.5120000e+03
   2.5140000e+03
   2.8990000e+03
   2.5180000e+03
   2.5200000e+03
   2.5220000e+03
   2.5240000e+03
   2.5280000e+03
   2.5300000e+03
   2.5340000e+03
   2.5360000e+03
   2.8830000e+03
   2.8430000e+03
   2.5460000e+03
   2.8810000e+03
   2.5520000e+03
   2.5540000e+03
   2.5560000e+03
   2.8570000e+03
   2.5680000e+03
   2.8610000e+03
   2.5720000e+03
   2.8710000e+03
   2.5840000e+03
   2.8850000e+03
   2.5880000e+03
   2.5900000e+03
   2.8890000e+03
   2.5940000e+03
   2.8930000e+03
   2.6020000e+03
   2.6040000e+03
   2.6060000e+03
   2.6080000e+03
   2.6100000e+03
   2.6120000e+03
   2.6140000e+03
   2.6160000e+03
   2.6180000e+03
   2.6200000e+03
   2.6220000e+03
   2.6240000e+03
   2.6260000e+03
   2.6280000e+03
   2.6300000e+03
   2.6320000e+03
   2.6340000e+03
   2.6360000e+03
   2.6380000e+03
   2.6400000e+03
   2.6420000e+03
   2.6440000e+03
   2.6460000e+03
   2.6480000e+03
   2.6500000e+03
   2.6520000e+03
   2.6540000e+03
   2.6560000e+03
   2.6580000e+03
   2.6600000e+03
   2.6660000e+03
   2.6680000e+03
   2.6720000e+03
   2.6740000e+03
   2.6760000e+03
   2.6780000e+03
   2.6800000e+03
   2.6820000e+03
   2.6840000e+03
   2.6860000e+03
   2.6880000e+03
   2.6920000e+03
   2.6940000e+03
   2.7000000e+03
   2.7040000e+03
   2.7060000e+03
   2.7080000e+03
   2.7100000e+03
   2.7120000e+03
   2.7180000e+03
   2.7200000e+03
   2.7220000e+03
   2.7240000e+03
   2.7280000e+03
   2.7300000e+03
   2.7340000e+03
   2.7380000e+03
   2.7400000e+03
   2.7420000e+03
   2.7440000e+03
   2.7460000e+03
   2.7480000e+03
   2.7500000e+03
   2.7520000e+03
   2.7540000e+03
   2.7560000e+03
   2.7620000e+03
   2.7660000e+03
   2.7680000e+03
   2.7700000e+03
   2.7720000e+03
   2.7740000e+03
   2.7760000e+03
   2.7820000e+03
   2.7840000e+03
   2.7860000e+03
   2.7880000e+03
   2.7900000e+03
   2.7920000e+03
   2.7940000e+03
   2.7980000e+03
   2.8000000e+03
   2.8020000e+03
   2.8040000e+03
   2.8060000e+03
   2.8080000e+03
   2.8100000e+03
   2.8120000e+03
   2.8140000e+03
   2.8160000e+03
   2.8200000e+03
   2.8220000e+03
   2.8240000e+03
   2.8260000e+03
   2.8280000e+03
   2.8300000e+03
   2.8320000e+03
   2.8340000e+03
   2.8380000e+03
   2.8400000e+03
   2.8420000e+03
   2.8440000e+03
   2.8460000e+03
   2.8480000e+03
   2.8520000e+03
   2.8540000e+03
   2.8560000e+03
   2.8600000e+03
   2.8620000e+03
   2.8680000e+03
   2.8700000e+03
   2.8720000e+03
   2.8740000e+03
   2.8760000e+03
   2.8780000e+03
   2.8800000e+03
   2.8820000e+03
   2.8840000e+03
   2.8860000e+03
   2.8880000e+03
   2.8900000e+03
   2.8940000e+03
   2.8960000e+03
   2.8980000e+03
   2.9000000e+03
   2.9020000e+03
