   3.0290000e+03
   2.9370000e+03
   2.8410000e+03
   3.3310000e+03
   2.9070000e+03
   2.9250000e+03
   3.1070000e+03
   2.9430000e+03
   2.8070000e+03
   3.0790000e+03
   3.1190000e+03
   2.8090000e+03
   3.0130000e+03
   3.1770000e+03
   3.1690000e+03
   2.9830000e+03
   3.0070000e+03
   3.1910000e+03
   2.8750000e+03
   3.0930000e+03
   3.3410000e+03
   2.8310000e+03
   3.1510000e+03
   3.1350000e+03
   2.8690000e+03
   2.9470000e+03
   3.2250000e+03
   2.9550000e+03
   3.3050000e+03
   2.9170000e+03
   2.9490000e+03
   2.8790000e+03
   2.9190000e+03
   3.1570000e+03
   3.0490000e+03
   2.8110000e+03
   3.1090000e+03
   3.1470000e+03
   2.8250000e+03
   2.9230000e+03
   3.0510000e+03
   3.1310000e+03
   2.8550000e+03
   3.2090000e+03
   2.8030000e+03
   3.1270000e+03
   3.1490000e+03
   2.9630000e+03
   3.0630000e+03
   3.1930000e+03
   3.2170000e+03
   3.3170000e+03
   3.0410000e+03
   2.9850000e+03
   3.2610000e+03
   3.0950000e+03
   3.0190000e+03
   2.7850000e+03
   3.2150000e+03
   2.8130000e+03
   3.3630000e+03
   3.0530000e+03
   2.8050000e+03
   2.8970000e+03
   3.3670000e+03
   3.1210000e+03
   2.9750000e+03
   3.1230000e+03
   2.7870000e+03
   3.1810000e+03
   3.1710000e+03
   2.8950000e+03
   2.9150000e+03
   2.9130000e+03
   3.2110000e+03
   3.2570000e+03
   2.9390000e+03
   3.2550000e+03
   3.0210000e+03
   3.2750000e+03
   3.2450000e+03
   3.2930000e+03
   3.2430000e+03
   2.8530000e+03
   2.9990000e+03
   3.2910000e+03
   3.2990000e+03
   3.0270000e+03
   2.9450000e+03
   3.3690000e+03
   3.3610000e+03
   3.3710000e+03
   2.8270000e+03
   3.2690000e+03
   2.9010000e+03
   2.8770000e+03
   3.0890000e+03
   2.8150000e+03
   2.9510000e+03
   3.1850000e+03
   3.1110000e+03
   3.2190000e+03
   3.1010000e+03
   3.1030000e+03
   2.8830000e+03
   3.1390000e+03
   2.8570000e+03
   2.8710000e+03
   2.8850000e+03
   3.3330000e+03
   3.0230000e+03
   3.1970000e+03
   2.9330000e+03
   2.9110000e+03
   3.2730000e+03
   2.9270000e+03
   3.1990000e+03
   2.9410000e+03
   2.9790000e+03
   3.2370000e+03
   3.2330000e+03
   3.1830000e+03
   3.3210000e+03
   3.2810000e+03
   3.1590000e+03
   3.0010000e+03
   3.2350000e+03
   3.3530000e+03
   3.3350000e+03
   3.2870000e+03
   3.2510000e+03
   3.2010000e+03
   3.0310000e+03
   3.3390000e+03
   3.3470000e+03
   3.3270000e+03
   3.1050000e+03
   3.3370000e+03
   3.3450000e+03
   3.3590000e+03
   3.1790000e+03
   3.1130000e+03
   3.2950000e+03
   2.7840000e+03
   3.1530000e+03
   3.0770000e+03
   3.1450000e+03
   3.0830000e+03
   3.2390000e+03
   3.0910000e+03
   3.0970000e+03
   3.0990000e+03
   2.8100000e+03
   2.8120000e+03
   2.8140000e+03
   3.0870000e+03
   3.3230000e+03
   3.1870000e+03
   2.8260000e+03
   2.8300000e+03
   3.1410000e+03
   3.1170000e+03
   2.8400000e+03
   3.1950000e+03
   3.1290000e+03
   3.1330000e+03
   2.8520000e+03
   2.8540000e+03
   2.8560000e+03
   3.1430000e+03
   3.1610000e+03
   2.8680000e+03
   3.3190000e+03
   2.8720000e+03
   3.1550000e+03
   2.8760000e+03
   2.8780000e+03
   2.8820000e+03
   2.8840000e+03
   3.1730000e+03
   3.1750000e+03
   2.8940000e+03
   2.8960000e+03
   2.8980000e+03
   2.9000000e+03
   2.9060000e+03
   2.9080000e+03
   2.9100000e+03
   2.9120000e+03
   2.9140000e+03
   3.2030000e+03
   3.2050000e+03
   2.9200000e+03
   3.2130000e+03
   3.2070000e+03
   3.2230000e+03
   2.9300000e+03
   2.9320000e+03
   3.2270000e+03
   2.9360000e+03
   2.9380000e+03
   3.2290000e+03
   2.9420000e+03
   2.9440000e+03
   2.9460000e+03
   2.9480000e+03
   2.9500000e+03
   2.9520000e+03
   2.9540000e+03
   2.9580000e+03
   3.2590000e+03
   2.9640000e+03
   2.9720000e+03
   2.9740000e+03
   2.9780000e+03
   3.3250000e+03
   2.9820000e+03
   2.9840000e+03
   3.3030000e+03
   3.3090000e+03
   3.2650000e+03
   3.2630000e+03
   3.2770000e+03
   3.2790000e+03
   3.2850000e+03
   3.0060000e+03
   3.0120000e+03
   3.3650000e+03
   3.0160000e+03
   3.0180000e+03
   3.0200000e+03
   3.3290000e+03
   3.3070000e+03
   3.3430000e+03
   3.3150000e+03
   3.0300000e+03
   3.3130000e+03
   3.0340000e+03
   3.0400000e+03
   3.3010000e+03
   3.3550000e+03
   3.0480000e+03
   3.0500000e+03
   3.0520000e+03
   3.3490000e+03
   3.0600000e+03
   3.3570000e+03
   3.0680000e+03
   3.0760000e+03
   3.0780000e+03
   3.0820000e+03
   3.0860000e+03
   3.0900000e+03
   3.0920000e+03
   3.0940000e+03
   3.0960000e+03
   3.0980000e+03
   3.1000000e+03
   3.1020000e+03
   3.1040000e+03
   3.1060000e+03
   3.1080000e+03
   3.1100000e+03
   3.1120000e+03
   3.1140000e+03
   3.1160000e+03
   3.1180000e+03
   3.1200000e+03
   3.1220000e+03
   3.1260000e+03
   3.1280000e+03
   3.1300000e+03
   3.1320000e+03
   3.1340000e+03
   3.1380000e+03
   3.1400000e+03
   3.1420000e+03
   3.1440000e+03
   3.1480000e+03
   3.1520000e+03
   3.1540000e+03
   3.1560000e+03
   3.1580000e+03
   3.1680000e+03
   3.1700000e+03
   3.1720000e+03
   3.1740000e+03
   3.1760000e+03
   3.1780000e+03
   3.1800000e+03
   3.1820000e+03
   3.1840000e+03
   3.1860000e+03
   3.1880000e+03
   3.1900000e+03
   3.1920000e+03
   3.1940000e+03
   3.1960000e+03
   3.1980000e+03
   3.2000000e+03
   3.2020000e+03
   3.2040000e+03
   3.2060000e+03
   3.2080000e+03
   3.2100000e+03
   3.2120000e+03
   3.2160000e+03
   3.2180000e+03
   3.2220000e+03
   3.2240000e+03
   3.2260000e+03
   3.2280000e+03
   3.2300000e+03
   3.2320000e+03
   3.2340000e+03
   3.2360000e+03
   3.2380000e+03
   3.2400000e+03
   3.2420000e+03
   3.2440000e+03
   3.2460000e+03
   3.2500000e+03
   3.2520000e+03
   3.2540000e+03
   3.2560000e+03
   3.2580000e+03
   3.2600000e+03
   3.2640000e+03
   3.2720000e+03
   3.2760000e+03
   3.2780000e+03
   3.2860000e+03
   3.2880000e+03
   3.2900000e+03
   3.2920000e+03
   3.2940000e+03
   3.2960000e+03
   3.2980000e+03
   3.3020000e+03
   3.3040000e+03
   3.3060000e+03
   3.3080000e+03
   3.3100000e+03
   3.3140000e+03
   3.3160000e+03
   3.3180000e+03
   3.3200000e+03
   3.3220000e+03
   3.3240000e+03
   3.3260000e+03
   3.3280000e+03
   3.3300000e+03
   3.3320000e+03
   3.3360000e+03
   3.3400000e+03
   3.3420000e+03
   3.3440000e+03
   3.3460000e+03
   3.3480000e+03
   3.3500000e+03
   3.3520000e+03
   3.3540000e+03
   3.3560000e+03
   3.3600000e+03
   3.3620000e+03
   3.3640000e+03
   3.3660000e+03
   3.3680000e+03
   3.3700000e+03
