   3.0253779e+01  -3.3457695e+01
   4.0473030e+01  -4.9259305e+01
   5.5294959e+01   7.5671037e+01
   4.4486812e+01   5.2211935e+01
  -8.1383479e+01   3.7036273e+01
   1.4342942e+01  -2.1215065e+01
  -1.6782128e+01   7.0152501e+01
   6.6047527e+01  -1.3626532e+01
  -5.5367650e+01  -5.1154917e+00
   8.8709761e+01   4.1456646e+01
  -6.5605985e+01  -7.9592730e+01
  -3.2151620e+01  -5.5065883e+01
  -9.7611118e+01  -4.1018366e+01
  -3.8882773e+01   1.8956739e+01
  -1.7318995e+01   3.0673026e+01
  -3.7702197e+01   3.3005836e+01
  -6.8493406e+01  -6.7506864e+01
  -4.5858949e+01  -8.3165903e+01
  -5.4490402e+01   4.2460279e+01
  -7.0853724e-02  -2.8115323e+01
  -8.3866578e+01  -7.6116638e+01
  -6.8020830e+01  -3.8610590e+01
   9.2933864e+01   1.7550676e+01
  -1.2052514e+01   6.0864867e+01
   3.8916714e+01   3.0666088e+01
   4.2765684e+01   7.1229897e+01
  -7.1760392e+01  -2.8174332e+01
   5.8950113e+01  -2.0712446e+01
  -4.9163264e+01  -6.1768670e+01
   1.3011922e+00  -6.2590410e+00
  -7.9371621e+01  -6.7183814e+01
   7.2502480e+01   2.0209382e+01
  -7.2464854e+01  -8.8936546e+01
   5.1747420e+01   9.8282392e+01
   3.7125737e+01   8.4355709e+01
  -7.3655378e+00   4.3540051e+01
  -2.5337223e+01   4.6385802e+01
  -4.3899562e+01   1.0455609e+01
  -4.1002700e+01   6.2623160e+01
  -3.8668510e+01   5.3077005e+01
   6.2976730e+01   4.3111880e+01
  -7.0547878e+01   3.1936851e+01
   4.5622543e+01  -5.7831500e+01
  -6.4891805e+01  -2.0906425e+01
  -8.5361408e+01  -2.3481276e+01
  -3.1348859e+01   6.4607275e+01
   6.0194333e+01  -4.0260959e+00
   5.4109761e+01  -1.1961961e+01
   1.8566031e+01  -3.0591258e+01
  -8.0826549e+01  -3.2393903e+01
   3.4680672e+01   5.3178363e+01
  -1.2783392e+01  -5.5292717e+01
   4.4678810e+01  -3.1895937e+01
  -3.7900569e+01  -7.7110807e+01
  -7.2814632e+01  -5.0660321e+01
  -5.6237955e+01  -8.3091301e+01
  -4.1553117e-01   8.1152296e+01
  -8.2005964e+01  -8.5942018e+01
   1.0047726e+01  -1.1115565e+01
  -9.9407322e+01  -6.3148531e+01
   3.7268019e+00  -1.8864495e+01
   8.4410796e+01   5.0485427e+01
  -5.6346262e+01  -5.4811335e+01
   7.5083429e+01   9.2435191e+00
   8.6069769e+01   2.4877737e+01
   6.1070851e+01   9.4676883e+01
   4.5874140e+01   9.0229458e+01
   3.1423702e+01   7.6161873e+01
  -9.3510870e+01  -5.0139109e+01
  -9.1579881e+01  -3.3034588e+01
  -9.3303660e+01  -1.4279508e+01
   8.3652688e+01  -1.2692358e+01
   3.8564012e+01   9.7008489e+01
  -2.8478734e+01   3.6929442e+01
  -3.5614627e+01   4.3731986e+01
  -4.0681048e+00   2.4269955e+01
  -1.6944196e+01   4.0662539e+01
  -3.5634516e+01  -1.0505390e+00
  -5.3285118e+01   2.0552246e+01
  -6.3032878e+01  -9.2258868e+01
  -4.7991794e+01   4.9787934e+01
  -5.1181484e+01   5.9201235e+01
   4.8346536e+01   3.2646914e+01
  -4.4836732e+01   3.9999361e+01
   5.4228753e+01   5.2849047e+01
  -9.0561234e+01   4.1007270e+01
  -7.9237606e+01   2.7156029e+01
   3.0542848e+01  -4.6216553e+01
   5.3632855e+01  -5.1704592e+01
  -4.7097841e+01  -1.2648754e+01
  -5.6815021e+01  -1.5010193e+01
  -7.5940935e+01  -1.8820236e+01
   6.7141880e+01   3.1663689e+00
  -2.7555701e+01   7.3809340e+01
  -2.1947810e+01   6.1597703e+01
   7.2145090e+01  -5.7006419e+00
   5.0536716e+01  -1.4317884e+00
   6.0235966e+01  -3.0629430e+01
  -1.4128800e-01  -3.8115075e+01
   8.8487879e+00  -3.2952443e+01
  -8.7485697e+01  -4.2158053e+01
  -7.7491371e+01  -4.1821329e+01
  -2.2496678e+01  -5.7670124e+01
   4.2102816e+01   6.1501452e+01
  -2.9440752e+01  -4.5440335e+01
  -3.1933184e+01  -6.9086449e+01
   4.6167336e+01   4.2765736e+01
  -3.9172032e+01  -6.2187243e+01
  -8.0352072e+01  -5.7231996e+01
   3.8207122e+01  -3.9519405e+01
   4.8000553e+01  -4.1570168e+01
  -5.2801119e+01  -9.2482155e+01
  -1.9037597e+01   8.0200987e+01
  -9.6020649e+01  -7.8285323e+01
  -9.4980016e+00   7.6987281e+01
  -8.2549280e+01  -9.5927246e+01
  -9.1325564e+01  -6.9456045e+01
   1.0114897e+01  -1.1157903e+00
   1.9952728e+01  -9.7404515e+00
  -9.0083627e+01  -5.9533467e+01
   9.5648394e+01   4.8657713e+01
  -9.7705165e+00  -9.8640995e+01
   7.4419465e+01   5.0069127e+01
  -6.2637796e+01  -4.7038101e+01
  -5.8688246e+01  -6.4814100e+01
  -5.3626393e+01  -7.3438339e+01
  -6.5871240e+01  -5.7856776e+01
   8.6800916e+01   6.1166762e+00
   9.6590360e+01   8.1579478e+00
  -7.0663790e+01  -9.8795971e+01
   8.2992383e+01   1.5363030e+01
   9.4049218e+01  -4.5101172e+00
   9.2757442e+01   3.2312453e+01
   4.6470007e+01   8.0343377e+01
   5.6437932e+01   8.5782780e+01
   3.3594856e+01   6.6448982e+01
   2.4039965e+01   6.9141908e+01
  -9.5792003e+01  -2.3964968e+01
   8.2255297e+01  -2.7904748e+00
   9.2591847e+01  -1.7174707e+01
   3.0077595e+01   9.1725381e+01
  -7.7773879e+00   3.3552579e+01
  -1.6326767e+01   5.0690487e+01
   1.5260831e+00   3.7173549e+01
  -2.6659042e+01   2.7232205e+01
  -3.3395806e+01   8.6638824e+00
  -5.2435967e+01   3.2855399e+01
  -2.9323375e+01   1.7729487e+01
  -4.5148380e+01   2.6363665e+01
  -5.7912249e+01   5.1795588e+01
   3.6716715e+01   4.0415933e+01
  -6.3668582e+01   3.8991627e+01
   5.2884032e+01   2.3938902e+01
  -4.8532624e+01   6.8984490e+01
   5.4951082e+01   3.9213754e+01
   6.4064297e+01   5.2465016e+01
