   3.9590529e+01  -3.2645239e+01
   6.8595094e+01  -7.9929670e+00
  -1.8208795e+01  -6.7163550e+01
  -2.6098634e+01   4.9196768e+01
  -7.4752303e+01  -7.0672842e+01
  -2.5095557e+00  -2.5474152e+01
  -8.3864934e+01  -8.8596649e+01
  -5.8066088e+01  -7.4526571e+01
  -6.1201128e+00  -1.0174326e+01
  -5.5642366e+01   1.2851428e+01
   7.6066278e+01   4.9828522e+01
  -6.0279911e+01   3.3562291e+01
  -5.6603193e+01  -2.3417771e+01
   1.8587338e+01   5.7288573e+01
   1.4575117e+01   7.6359026e+01
   1.1942587e+01  -1.1854449e+01
  -5.6306947e+01  -5.4856477e+01
   1.1037098e+01   3.3266198e+01
  -4.1782873e+01  -1.3596650e+00
  -5.2930303e+01   2.2415970e+01
  -4.6916302e+01   4.9017932e+01
  -5.0457434e+01   3.2046751e+01
  -8.2336651e+01   1.5485204e+01
   5.7123235e+01  -5.1276256e+01
  -4.4424543e+01  -1.0917963e+01
  -8.6770267e+01  -1.8782458e+01
  -1.7668331e+01   6.7291316e+01
   7.3076394e+01  -4.1494710e+01
  -2.3510254e-01  -5.5235986e+01
  -8.7383222e+01  -3.2076417e+01
  -2.8821733e+01  -2.6841289e+01
  -3.0071906e+01  -7.0705905e+01
   5.3861136e+01  -3.8364527e+01
  -2.3718364e+01   9.6214719e+01
   3.0164596e+01  -7.0565134e+00
  -8.7789336e+01  -5.9121635e+01
   5.8931631e+00   6.9678952e+01
  -1.2060567e+01   5.8931499e+01
   1.5690075e+01   4.1786974e+01
  -3.1550718e+01   4.0853517e+01
  -2.9508551e+01   1.0578410e+01
  -3.9118524e+01   8.1603684e+00
  -8.0034379e+01   4.6712394e+01
   2.2344257e+01   3.4312678e+01
  -7.9433549e+01   5.6971193e+01
   9.3516267e+00  -5.2958671e+01
  -6.1002206e+01  -5.5428309e+00
  -2.9168640e+01   8.7832593e+01
   3.1118673e+01  -5.0552744e+01
   7.9417110e+01  -3.3763622e+01
   4.6726430e+01   8.0730974e+00
   6.6795908e+00  -2.8658271e+01
  -1.6525664e+00  -6.5006996e+01
  -2.8248941e+01  -8.9049205e+01
   4.5463780e+01   6.4017099e+01
  -9.5042598e+01  -5.2258586e+01
  -1.9788363e+01  -3.0785659e+01
   8.7074537e+01   7.8318194e+01
   1.4716083e+01  -2.3931164e+00
   8.1482267e+01   5.8138544e+01
   2.1817632e+01  -1.2462429e+01
  -6.4717709e+01  -3.0134546e+01
   7.2438303e+01   8.3068998e+00
   6.7620433e+01   7.4486069e+01
   4.3320458e+01   8.3616993e+01
   7.8470166e+01   8.5957029e+01
   9.6293653e+01  -2.9863168e+01
   1.7630634e+01   9.5683052e+01
   9.0967204e+00   2.0234403e+01
  -7.7376184e+00   2.7229130e+01
   1.0086717e+00   5.1799461e+01
  -2.2328589e+00   3.6502556e+01
  -2.5104679e+01  -7.8883927e+00
  -4.8772736e+01   5.7053040e+00
  -4.4074593e+01   7.6353346e+01
  -3.6948056e+01   4.9201949e+01
   3.2511836e+01   2.7371491e+01
  -5.9446254e+01   5.1205779e+01
  -7.0253171e+01   8.7327460e+01
  -7.1448650e+01   3.7155599e+01
   5.6615432e+01   6.6997304e+00
   2.7102005e+01  -5.8388615e+01
  -7.2637704e+01   1.7720031e+01
  -7.7534167e+01  -1.5143042e+01
   6.8594277e+01  -7.0264395e+01
   7.1438518e+00   5.9766427e+01
   4.0060076e+01  -8.4797269e+01
  -5.6446152e+01  -3.5389468e+01
  -6.8001394e+01   1.5026888e+00
  -9.1123110e+01  -9.7933798e+00
  -3.3964204e+01   7.5977385e+01
   5.6958354e+01  -6.2102286e+00
  -1.0672306e+01  -6.0846713e+01
  -9.9996081e+00  -1.9176725e+01
  -8.5858986e+01   2.8055749e+01
  -1.7394361e+01  -8.4348222e+01
   6.4052762e+01  -1.6875696e+01
   4.3686100e+01  -2.1160534e+01
   5.8400342e+01  -2.5115075e+01
  -3.7899594e+01  -5.8200850e+01
  -8.4656399e+01  -4.9671805e+01
  -9.4794690e+01  -8.2026997e+01
  -1.7100033e+01  -4.5441092e+01
  -3.8068476e+01  -8.7368614e+01
  -2.9330279e+01  -5.3600572e+01
   5.0512125e+01  -7.4149109e+01
   4.4647060e+01   1.7749148e+01
   3.2251316e+01   5.0771205e+01
   4.0919626e+01   5.5229508e+01
  -5.1493945e+00   7.3064634e+01
  -6.6255751e+01  -8.7744144e+01
  -6.7171663e+00   9.2772976e+01
   7.4747250e+01   6.6492938e+01
   3.5042804e+00  -9.2649147e+01
   1.3719859e+01   7.5012330e+00
   2.4105051e+01   8.3251072e-01
  -7.4733601e+01  -4.7531445e+01
  -4.7455177e+01  -9.0647240e+01
   2.4787402e+01  -3.6153105e+01
   7.8197048e+01  -1.0769274e+01
   9.1021954e+01   5.5165500e+01
   6.4232751e+01   1.3944974e+01
   9.4285294e+01   2.0158021e+01
   5.0163383e+01   3.5923877e+01
  -4.8513335e+01  -7.2001151e+01
   3.6690578e+01   9.1055559e+01
   6.6147684e+01   8.4262878e+01
   2.3937064e+01   7.2640825e+01
   9.6776404e+01  -1.9876179e+01
   5.7839770e+01   9.6418644e+01
   2.7606541e+01   9.5178894e+01
   1.7374691e+01   2.5693804e+01
   2.8347405e+00   2.8058449e+01
  -1.2111559e+01   3.7018126e+01
   1.1197950e+01   5.0669470e+01
   5.7481447e+00   4.2370884e+01
  -2.2307211e+01   1.2090744e+00
  -4.3298795e+01   2.4868723e+01
  -2.7532272e+01   2.2154080e+01
  -2.7921690e+01  -1.7069707e+01
  -6.2743734e+01   2.3945467e+01
  -3.9321919e+01   6.7589718e+01
   3.8062304e+01   3.6246791e+01
   3.4767713e+01   1.6411511e+01
  -2.7628706e+01   6.6684481e+01
  -5.6063224e+01   7.7052690e+01
  -3.6899359e+01   3.2444479e+01
  -5.3823361e+01   4.1805343e+01
  -7.1170201e+01   5.1329927e+01
  -5.3836275e+01   9.3723100e+01
  -3.7514897e+01  -1.7850287e+01
  -7.2072606e+01   2.7451677e+01
   5.0737183e+01   5.5548256e+01
  -8.1145929e+01   3.6788255e+01
  -9.3815878e+01   5.3349545e+01
   2.1151182e+01  -4.8873207e+01
   2.3029057e+01  -6.6939670e+01
   7.1668744e+01  -6.0758044e+01
  -4.6970334e+01  -2.0566958e+01
  -2.3986806e+01   7.5929103e+01
  -2.2035874e+01   5.8303056e+01
  -6.3569611e+01  -1.5170120e+01
  -7.7758139e+01  -1.3964372e+00
   3.3031908e+01  -6.8147874e+01
  -4.3837727e+01   9.3330628e+01
  -1.3262777e+01  -7.5455438e+01
   7.8373339e+01  -2.0751542e+01
  -3.6880877e-01  -3.5370288e+01
  -3.4692002e+00  -7.4697013e+01
   2.9933273e+00  -1.7378975e+01
   1.6131312e+01  -3.1323092e+01
  -5.1342185e+01  -3.8664932e+00
  -8.5890636e+01   4.2734547e+00
  -1.9374087e+01  -2.1386166e+01
   4.0255423e-01  -4.5299401e+01
  -9.6233597e+01  -2.1885416e+01
  -2.5954210e+01  -7.9461979e+01
  -2.5374775e+01  -9.8554038e+01
  -9.4060972e+01  -7.1147543e+01
  -7.6264045e+01  -8.2160656e+01
  -3.4863082e+01  -8.4251624e+00
  -8.5495402e+01  -7.8409433e+01
  -8.4443693e+01  -6.8490399e+01
  -1.0269115e+01  -3.1151109e+01
  -3.6113260e+01  -9.7105418e+01
  -4.7571332e+01  -5.9733162e+01
  -3.9532972e+01  -6.7947128e+01
  -3.8754830e+01  -2.7438593e+01
  -3.6959038e+01  -7.7593179e+01
  -2.3954054e+01  -3.8749182e+01
  -7.4758621e+01  -9.3013775e+01
  -9.1858965e+01  -9.8366981e+01
  -9.8807147e+01  -9.1177808e+01
  -2.6251385e+01  -6.2126391e+01
  -6.9576867e+00  -9.0531249e+01
  -7.3886511e+01  -3.3941789e+01
   9.5678032e+01   8.3346065e+01
  -4.0921340e+00   3.7238210e+00
   2.3017507e+01   1.0721837e+01
  -1.1243316e+00   1.9256894e+01
  -5.3911462e+01  -1.3504798e+01
  -7.9683738e+01  -2.5802685e+01
   1.3226333e+01  -2.1509311e+01
   3.0701154e+01  -1.6986504e+01
   9.0495628e+01   3.8239358e+01
   7.5810494e+01  -1.0792486e+00
   9.7825348e+01   3.1475205e+01
  -5.4809879e+01  -8.3923217e+01
   5.9973036e+01   3.2596682e+01
   8.3536822e+01   1.9123561e+01
   6.0537574e+01   5.6025331e+01
   9.7989727e+01   6.3371069e+01
   9.8243169e+01   3.3247976e+00
  -9.7277613e+01  -3.3267068e+01
   4.3049566e+01   7.3672431e+01
   7.7370522e+01   9.5876208e+01
   5.8178891e+00   8.1089218e+01
   3.7511915e+01  -5.9210988e+01
   4.4965862e+01  -6.5849581e+01
   6.3859629e+01  -3.3478318e+01
   5.2181449e+01   8.8194367e+01
  -2.1476279e+01   4.0360119e+01
  -6.6787476e+00   4.5412826e+01
  -2.0979589e+00   6.3547486e+01
  -1.7610660e+01   2.8732952e+01
  -4.6013507e+01   1.5278435e+01
  -3.2165068e+01   1.0508259e+00
  -3.6389200e+01   1.7727904e+01
  -2.6966886e+01   3.2049081e+01
  -7.5348144e+01   8.2321093e+00
  -6.5348469e+01   1.1057134e+01
   2.9510397e+01   4.1198779e+01
   2.5598784e+01   2.0249284e+01
  -4.2530349e+01   5.8204192e+01
  -4.3901729e+01   3.9526203e+01
   4.2472139e+01   2.7399456e+01
   5.4584288e+01   1.6468121e+01
   5.2344580e+01   2.6172388e+01
   5.7527397e+01   4.2685504e+01
  -3.2739336e+01   5.8228730e+01
  -6.0329145e+01   8.6097131e+01
  -6.3737422e+01   4.2766588e+01
  -5.0452981e+01   6.8653898e+01
  -4.9521669e+01   8.4714101e+01
  -8.8270362e+01   6.1659453e+01
   4.8066841e+01   4.5925936e+01
   2.2012458e+01  -7.6724975e+01
  -7.9856668e+01   6.7053150e+01
  -9.8452224e+01   4.4504863e+01
   5.8757527e+01  -6.8494444e+01
  -9.9693347e+01   3.0060809e+01
   6.9814922e+01  -5.0945919e+01
  -9.3776767e+01   2.2026172e+01
  -3.8685306e+01   8.4771353e+01
  -1.4402411e+01   7.8666721e+01
   4.8055462e+01  -1.7579224e+00
   4.5210569e+01  -1.1301840e+01
   2.2027479e+00  -8.2787820e+01
  -1.6113126e+01   4.9737697e+01
   7.9680720e+00  -7.3553914e+01
   4.0521660e+01  -7.4797744e+01
   3.1642991e+01  -7.9384798e+01
   4.9063266e+01  -2.9582916e+01
   8.6684075e+01  -2.6894987e+01
   1.4702048e+01  -4.1230652e+01
   4.8665229e+01  -5.6574318e+01
  -7.0541042e+01  -8.1308477e+00
  -3.4461814e+01   9.6821496e+01
   4.4533926e+01  -4.0799061e+01
   6.5017268e+01   1.3238630e+00
   5.4119808e+01  -1.5829650e+01
   6.9480391e+01  -2.5252392e+01
  -9.5713936e+01   2.5007368e+00
   2.2848499e+01  -2.3142302e+01
  -9.7802743e+01  -6.1875318e+01
  -9.1354257e+00  -5.1074830e+01
   3.8131333e+01  -1.1201803e+00
   3.2123448e+01   6.7941485e+00
  -8.1604685e+01  -4.0207213e+01
  -8.4851473e+00  -4.0842207e+01
   6.3263068e+01  -4.3417603e+01
  -9.1793706e+01   1.2273308e+01
  -6.7374790e+01  -7.7800228e+01
  -9.0886927e+01   3.8085619e+01
  -6.6094652e+01  -5.2608241e+01
  -1.9436590e+01  -5.4961263e+01
  -5.5893479e+01  -6.4848736e+01
  -6.6141288e+01  -9.8083423e+01
  -7.7895092e+01  -5.7035495e+01
  -5.7203113e+01  -9.3614136e+01
  -1.6188383e+01   8.9565808e+01
  -1.6406719e+01  -9.4168590e+01
  -8.1982488e+01  -9.9927836e+01
   2.6683596e+01   6.3034195e+01
   2.2765790e+01   4.8444722e+01
   3.5903467e+01   6.6704099e+01
   1.7828223e+01   8.5725249e+01
   2.8346803e+01   8.4996987e+01
   3.3320178e+01   7.6337361e+01
  -4.8077891e+01  -3.0361816e+01
  -7.0497018e+01  -2.2155243e+01
   9.0491146e+00   9.0545763e+01
   9.5549274e+01   7.3058484e+01
  -6.1898848e+01  -4.3607901e+01
   7.0284658e+01   5.7653869e+01
   8.4684232e+01   6.7569921e+01
   5.4571202e+01   6.7859160e+01
  -3.9749224e+00   8.2993692e+01
   1.5353018e+01   6.6537426e+01
   9.8966185e+01  -6.6444852e+00
   3.1817961e+00  -7.5500636e+00
  -1.5860523e+01  -1.1093357e+01
  -1.2667708e+01  -1.3862070e+00
  -3.3401867e+01  -3.5548096e+01
   4.6088164e+00   1.1402051e+01
   7.7417089e+01   7.6055291e+01
   8.5513738e+01   4.6848171e+01
   3.1882546e+01  -2.6839330e+01
   1.7467265e+01  -5.8441778e+01
   5.6771167e+00   1.7518186e+00
  -6.5408545e+01  -6.7408863e+01
   8.8364526e+01   2.8202511e+01
   8.2015653e+00  -6.3521372e+01
   8.2262273e+01   6.5761014e+00
   9.6265381e+01   4.6646026e+01
   7.3542761e+01   1.8778965e+01
   6.4913950e+01   2.3905642e+01
   8.7222939e+01  -6.4690504e+00
   6.6126734e+01   4.7789252e+01
   8.7386089e+01  -1.6462344e+01
   6.4108186e+01   6.5299178e+01
   5.7297884e+01   7.9608020e+01
   9.1396203e+01   1.0599381e+01
  -9.3226009e+01  -4.2428871e+01
   6.7549525e+01   9.4098890e+01
  -5.2133127e+01   5.7521497e+01
   2.0128442e+00   9.7648694e+01
  -3.0468010e+01  -4.4761191e+01
   3.9110202e+01  -4.7699649e+01
