   3.4215752e+01  -3.0818952e+01
   4.1519365e+01  -4.9739970e+01
   5.5200250e+01   7.7326390e+01
   4.5675668e+01   5.0372604e+01
  -7.8012806e+01   4.0565651e+01
  -1.6923821e+01   7.2206852e+01
   6.5147953e+01  -1.4472139e+01
  -5.2937044e+01  -7.1123405e+00
   9.8300941e+01   4.2925674e+01
  -3.1606546e+01  -5.1771948e+01
  -3.9271484e+01   1.8094752e+01
  -1.8648140e+01   3.6205429e+01
  -7.1200906e+01  -7.1181279e+01
  -4.7037262e+01  -8.3595398e+01
  -5.4039958e+01   4.2599207e+01
  -5.5308702e+00  -2.6080998e+01
  -8.6999061e+01  -8.0476465e+01
  -6.7576715e+01  -3.3591383e+01
  -7.8599189e+00   5.5378150e+01
   3.7807017e+01   2.9545611e+01
   4.2498762e+01   6.8064440e+01
  -7.3934177e+01  -2.5873767e+01
   5.8043357e+01  -2.1509518e+01
  -4.6328821e+01  -5.9940809e+01
  -6.9969291e+00  -1.4112170e+00
  -7.7362054e+01  -6.3290271e+01
   6.7394738e+01   1.5574094e+01
   4.9737313e+01   9.9478340e+01
  -1.8952594e+00   4.7418045e+01
  -2.6214550e+01   4.2466461e+01
  -4.4388803e+01   9.5995605e+00
  -4.1637372e+01   6.3460366e+01
  -3.8976326e+01   5.3869601e+01
   6.3364454e+01   4.4466471e+01
  -7.0678189e+01   3.3469122e+01
   4.9011456e+01  -5.9655511e+01
  -5.9495903e+01  -2.5912747e+01
  -3.1850465e+01   6.3615885e+01
   6.1889347e+01  -5.0020813e+00
   5.3952646e+01  -1.2334292e+01
   2.4795247e+01  -2.7464240e+01
  -8.1751626e+01  -3.2107769e+01
   2.9432297e+01   5.7056299e+01
  -1.1179622e+01  -4.9179723e+01
   4.4543262e+01  -3.0378406e+01
  -3.8533379e+01  -7.8333560e+01
  -7.1759871e+01  -5.1089632e+01
  -5.7193833e+01  -8.2844641e+01
   2.5815735e+00   7.8381144e+01
  -8.9615310e+01  -9.0121991e+01
   9.0989214e+00  -1.2328278e+01
   8.8411995e+01   5.3043634e+01
  -5.8810533e+01  -5.0853214e+01
   7.8050905e+01   1.0016278e+01
   8.5578629e+01   2.4365637e+01
   6.6216119e+01   9.3930270e+01
   3.0839171e+01   7.6752390e+01
  -9.3248860e+01  -3.4433723e+01
  -9.5014076e+01  -8.1504094e+00
   8.3487819e+01  -1.3182227e+01
   4.8581475e+00   2.8695263e+01
  -3.4158108e+01  -1.7136907e+00
  -5.3756903e+01   2.0231585e+01
  -4.8647573e+01   5.1026721e+01
  -5.0910331e+01   6.0445646e+01
   4.7749072e+01   3.0620556e+01
  -4.4586875e+01   3.5230370e+01
   5.5664416e+01   5.0846863e+01
  -9.6561239e+01   4.1660870e+01
  -7.9630368e+01   2.0309697e+01
   3.2093219e+01  -4.6401143e+01
   5.1518648e+01  -4.9859739e+01
  -4.4775707e+01  -1.6149067e+01
  -5.4730375e+01  -1.7084713e+01
  -7.9435668e+01  -1.7523948e+01
   5.9892774e+01   4.9743555e+00
  -2.7024469e+01   7.2401972e+01
  -2.2049163e+01   6.3536472e+01
   7.1856976e+01  -5.8047703e+00
   4.2922395e+01   1.3371433e+00
   6.4504703e+01  -3.1623167e+01
  -1.6520656e+00  -4.6143165e+01
   5.7607854e+00  -3.3525155e+01
  -8.5820814e+01  -4.1241479e+01
  -7.5797387e+01  -4.1623631e+01
  -1.7508940e+01  -5.6921280e+01
   3.9314973e+01   5.8584850e+01
  -3.0076021e+01  -4.1889812e+01
  -3.2597179e+01  -6.9844066e+01
   4.5508678e+01   4.0366357e+01
  -3.6350224e+01  -6.0575113e+01
  -8.1291351e+01  -5.4101961e+01
   3.9590631e+01  -3.9251666e+01
   4.9558412e+01  -4.0053747e+01
  -5.3482616e+01  -9.3427914e+01
  -2.3221907e+01   8.1650783e+01
  -7.6637755e+00   7.6592921e+01
  -9.7156571e+01  -6.7517344e+01
   7.4006281e+00   4.2297767e+00
   2.8009932e+01  -7.9916556e+00
  -8.7286792e+01  -6.2108253e+01
   9.8411294e+01   5.2925302e+01
  -1.3502372e+01  -9.9009440e+01
   6.9883557e+01   5.3359189e+01
  -6.5426363e+01  -4.3356234e+01
  -5.9700642e+01  -6.9853562e+01
  -5.1342702e+01  -7.4604514e+01
  -6.6203466e+01  -5.9224145e+01
   8.7731263e+01   4.4947148e+00
   9.7698784e+01   3.6902163e+00
   8.7005277e+01   1.4468142e+01
   9.3026111e+01  -5.3535977e+00
   4.8854806e+01   8.5458555e+01
   5.6400037e+01   9.2021260e+01
   3.2504761e+01   6.6634890e+01
   2.2516751e+01   6.7124446e+01
   8.1556078e+01  -3.3706386e+00
   9.5568504e+01  -1.5025011e+01
   2.9897239e+01   9.5709384e+01
  -5.6546126e+00   3.1310400e+01
  -1.7771847e+01   5.4923611e+01
   8.1246466e+00   4.3226246e+01
  -3.3304737e+01   2.6115406e+01
  -3.4299358e+01   8.2127483e+00
  -5.4109810e+01   3.2344645e+01
  -2.9560129e+01   1.6912538e+01
  -4.5495049e+01   2.5617844e+01
  -5.8524143e+01   5.1518586e+01
   3.5413102e+01   3.9254823e+01
  -6.3875667e+01   4.0794296e+01
   5.3757932e+01   2.2627210e+01
  -4.9078526e+01   7.0186421e+01
   5.5473639e+01   3.8323585e+01
   6.1570097e+01   5.8916741e+01
  -6.4693736e+01   2.5459175e+01
  -8.8699758e+01   3.5483796e+01
  -8.6826046e+01   4.5306460e+01
   6.9867828e+01   4.2684801e+00
  -8.0156199e+01   3.0293909e+01
   2.2792817e+01  -5.0075722e+01
  -6.2531638e+01  -9.8889820e+00
  -3.5831501e+01   7.7241947e+01
   6.0541869e+01  -5.4170363e+01
  -9.8453815e+00   6.5156388e+01
   3.9005447e+01  -5.9418824e+01
  -5.9184934e+01   6.8974217e-01
  -6.6697386e+01  -1.8975392e+01
  -4.2992585e+01  -6.3195417e+00
  -8.5076833e+01  -9.2675434e+00
   7.4297318e+01  -1.8508118e+01
  -8.9095620e+01  -2.5321031e+01
   4.6864430e+01  -1.9388170e+01
   9.6974094e+01   1.3679192e+01
   5.2446060e+01  -1.7122793e+00
   5.4531052e+01  -3.0872409e+01
  -5.2822851e+00  -3.6077908e+01
   4.1717918e+00  -2.3652211e+01
   1.5429993e+01  -3.0974250e+01
  -8.6953967e+00  -6.1645527e+01
  -2.8800450e+01  -8.0629057e+01
   4.9641034e+01   5.9713597e+01
  -9.0455504e+01  -5.0101873e+01
  -2.6394626e+01  -6.1507357e+01
  -2.0544184e+01  -4.5139675e+01
  -4.2872410e+01  -6.9323979e+01
   2.6839823e+01  -3.7892217e+01
  -4.3307327e+01  -9.2871682e+01
   3.5729494e+01   4.9249783e+01
  -7.9525110e+01  -7.4021159e+01
  -2.2314294e+01  -7.0636766e+01
  -1.3664373e+01   8.4592473e+01
  -7.8430207e+01  -8.5866172e+01
  -8.1181881e+01  -9.5495582e+01
  -2.0949540e+00   8.7220267e+01
  -6.3411523e+01  -9.0680306e+01
   8.7800549e+01   4.3062366e+01
   8.0222006e+01   5.9391106e+01
   2.3596503e+00  -4.9402992e+00
  -3.5507568e+00  -9.8026919e+01
   1.9096969e+01  -1.2525870e+01
   1.3870310e+01  -3.3953930e+00
   7.9081064e+01   4.9434158e+01
   1.3921219e+01  -2.1088726e+01
  -9.6541207e+01  -7.7498153e+01
  -5.6305605e+01  -6.0526785e+01
  -5.7831735e+01  -3.5834471e+01
   7.9311698e+00  -4.3286778e+01
  -9.7163417e+01  -5.7517651e+01
   7.6419302e+01   1.9882277e+01
   9.5547433e+01   2.3576898e+01
   9.0038373e+01   3.3316016e+01
   5.6245258e+01   6.7381142e+01
   4.2129826e+01   7.8057599e+01
   6.2621750e+01   8.4028729e+01
   1.5813334e+01   7.4544971e+01
  -9.6013534e+01  -1.8100284e+01
   8.8451934e+01  -2.2050282e+01
   3.9804409e+01   9.4349975e+01
   2.2801537e+01   8.8663036e+01
  -2.6068976e+00   2.2204832e+01
  -2.9199615e+01   5.1950728e+01
  -1.6917741e+01   4.5598391e+01
  -4.1573099e+01   4.4370536e+01
  -1.3980622e+01   2.8312404e+01
  -8.9204297e+00   4.0491673e+01
  -2.3595219e+01   2.7542346e+01
   5.6087213e-01   3.7775390e+01
  -6.7480062e+01  -6.7777100e+01
