  -2.3114284e+01  -2.7890071e+01
   3.0529497e+01   5.7235978e+01
   6.3808057e+01  -4.3219620e+01
  -1.2406762e+01  -4.3328807e+01
  -1.4955197e-01  -5.9121449e+01
  -2.9985535e+01   1.4645848e+01
   2.0218009e+01   4.7140477e+01
  -3.9806328e+01  -7.7142210e+00
  -7.9275130e+01  -4.7543218e+01
   9.3700416e+01   1.8463805e+01
   3.4124020e+01   2.6437208e+01
   4.3828325e+01   2.8829478e+01
   4.3737840e+01  -9.7836272e+00
   2.9788411e+00   8.1541073e+01
  -5.1228652e+01   4.1863391e+01
   2.9937790e+01  -2.2015881e+01
  -3.4813506e+01  -7.9883022e+01
   2.2653664e+01  -4.2289254e+01
  -5.9369518e+01   3.3140048e+01
  -7.0233628e+01  -3.9965021e+00
   5.1492632e+00  -4.7793921e+01
   1.7690803e+01  -8.2201635e+01
  -3.2323950e+01  -2.3983856e+01
  -2.1272791e+01  -4.7943232e+01
   3.4089628e+01  -1.2408831e+01
  -4.6305266e+00   6.3395141e+01
   1.8230487e+01  -5.8078653e+00
  -3.8254454e+01   4.1615005e+01
   3.3275813e+01  -3.7313916e+01
   4.3774834e+01  -4.9816036e+01
   2.7858765e+01  -6.1580429e+01
  -6.7654781e+01  -1.4484005e+01
  -4.9176200e+01  -1.1204591e+01
   6.8426218e+00  -8.8712359e+01
   6.2165581e+01   1.4020546e+01
   5.0289195e+01   3.6459147e+01
  -5.0000361e+01  -2.2507103e+01
   1.3532654e+00   4.0962042e+01
  -3.5376394e+00   7.3955859e+01
  -2.1628992e+01   7.4555112e+01
   9.9090404e+00   1.2183569e+01
   8.5699767e+01  -1.6618189e+01
   3.7832103e+01   7.5746421e+01
   5.8688705e+01  -2.3057666e+01
  -2.3089258e+01   2.6709182e+01
   4.2936243e+01   4.3232962e+01
   5.1868153e+01   5.8089473e+01
   5.3533211e+01  -4.7632792e+01
   3.5430187e+01  -8.6783868e+01
  -2.0103072e+01  -8.0077448e+01
  -4.4902446e+01   1.2344632e+01
  -8.2250514e+01   2.2919925e+01
  -6.9100582e+01   3.5431570e+01
  -6.3886772e+01  -2.4191274e+01
  -1.8866130e+01  -9.4143521e+01
  -4.9435649e+01   3.2025488e+01
   3.6666266e+01  -5.6847945e+01
   5.4372385e+00  -7.1034431e+01
  -5.3336563e+01   6.9730543e+00
  -3.0072543e+01  -5.3264630e+01
   1.5094918e+01  -4.8831931e+01
  -2.1735858e+01  -3.7794321e+01
   3.3282641e+01   1.0090360e+01
   1.9897649e+01   1.2662326e+01
   4.5199520e+01   9.7964512e+00
   6.0024495e+01   3.4188782e+01
  -2.2366848e+01   6.4582465e+01
  -6.0300390e+01  -4.9763125e+01
   2.5623122e+01   7.6037031e+01
   6.1610303e+01  -7.5225489e-01
   8.0126894e+01  -8.2976016e+00
  -2.3991418e+01   5.4715554e+01
   7.0352118e+01  -2.8297495e+01
  -3.3605995e+01   5.1966462e+01
   6.8618055e+01   6.3813396e+00
  -4.1546782e+01  -2.7845221e+01
   1.5762187e+01   3.4021297e+01
   1.1475891e+01   5.2892686e+01
  -1.9224961e+01  -1.0027226e+01
   6.0250200e+00   3.1752483e+01
  -1.1307864e+01  -3.9287401e+00
   4.1094174e+01  -1.9543767e+01
   5.1350665e+01  -1.6265615e+01
   5.2700460e+01  -3.7668096e+01
   4.2944745e+01  -3.9851678e+01
   3.4852973e+01  -7.6801008e+01
  -4.2859263e+01  -8.5820172e+01
  -2.7368400e+01  -7.3209223e+01
  -2.7539457e+01   4.4014546e+01
   2.0029807e+01  -2.3551116e+01
  -6.0181141e+01   1.4262458e+01
  -6.1166404e+01   4.2976736e+01
   1.1791210e+01  -2.9266646e+01
  -6.9915509e+01   1.6551357e+01
  -7.8998995e+01   3.4020297e+01
  -9.2483918e+01  -2.3631411e+01
  -2.0547782e+01  -1.1497705e-01
  -6.2574147e+01   3.1450536e+00
   1.2818888e+00  -8.0130077e+01
  -7.7826355e+01  -1.0504056e+01
  -4.2904913e+01   2.2142608e+01
   4.5126928e+01  -6.2177244e+01
  -9.9188132e-01  -3.1472166e+01
   6.0916145e+00  -2.1050998e+01
   8.1084775e+01   1.6564022e+00
   1.5329664e+01  -7.2485125e+01
  -1.9790226e+01  -5.7827475e+01
  -1.7208475e+01  -1.9820869e+01
  -6.5250927e+01  -6.5791276e+01
   1.7268727e+01   2.2308143e+01
  -8.3764570e+00  -7.7348861e+01
  -1.2454544e+01   7.8533610e+01
  -1.2785635e+01  -3.3338568e+01
   3.2934613e+01  -2.4774913e+00
   1.4311373e+01  -1.5356982e+01
   8.3502323e+00  -7.3379855e+00
  -3.9873656e+01   6.8981822e+01
   2.7968163e+01   1.8560850e+01
  -1.3192537e+01   6.8561011e+01
   7.0175750e+01   4.9313965e+01
   6.3386077e+01   2.4687236e+01
  -7.5948089e+01  -3.8113351e+01
  -6.6976106e+01  -3.3700221e+01
   1.5346769e+01   3.7639539e+00
   3.9439163e+01   1.7968902e+01
  -2.0183237e+01   3.7057449e+01
   3.5111992e+01   6.6123711e+01
   2.0530486e+01   5.7134892e+01
   1.4986475e+01   6.5762810e+01
   5.1845368e+01  -3.6183984e+00
  -8.2493265e+00   4.9656427e+01
   9.1114831e+01  -8.2119437e+00
   8.2795616e+01  -2.8089658e+01
  -5.4020519e+01   5.1558899e+01
   5.9558026e+01  -1.0539267e+01
  -5.0546590e+01   6.0987650e+01
  -5.2709684e+01  -3.2132960e+01
  -4.0168609e+01  -1.7782479e+01
  -3.3589250e+01  -3.3898619e+01
   1.1162754e+01   4.2898795e+01
   2.4516329e+01   2.9194061e+01
   6.1006367e+01   5.4028710e+01
   3.4088947e+01   4.7891615e+01
  -8.9958931e-02   1.2359672e+01
   5.4595936e+01   6.3749848e+00
  -2.6875358e+00   2.2564902e+01
  -3.7592281e+01  -5.9855398e+01
   3.9382980e+01  -2.9395843e+01
   3.3682355e+01  -4.7304386e+01
   2.4873548e+01  -5.2037676e+01
   7.2390532e+01  -3.8087326e+01
   3.6318580e+01  -6.6909750e+01
   4.8783708e+01  -2.5935836e+01
   6.1370744e+01  -3.2690592e+01
   4.4849691e+01  -7.7043490e+01
   5.4027566e+01  -5.7620183e+01
  -5.0488576e+01  -7.9355523e+01
  -2.7547807e+01  -8.6753935e+01
   2.4531672e+01  -3.2471782e+01
  -6.7976904e+01   5.0298577e+01
  -3.0103719e+01  -4.3265963e+01
  -7.2781160e+01   2.6133607e+01
  -8.8453132e+01   3.0763850e+01
  -5.2964421e+01   2.2669068e+01
  -7.9413336e+01   1.3331092e+01
  -7.5184475e+01   4.3367010e+01
  -2.7873932e+01  -1.5035987e+01
  -8.3960560e+01  -1.8401528e+01
  -3.9301692e+01   4.0610875e+00
  -6.0636332e+00  -5.1058199e+01
  -6.0593947e+01  -6.6557028e+00
  -4.7735303e+01  -1.3099533e+00
  -5.7804344e+01  -1.6256773e+01
  -2.9322581e+01   4.6734466e+00
  -1.5820648e+00  -6.2317462e+00
  -7.1913412e+01   6.7173885e+00
   5.2509522e+01   1.6617183e+01
   7.7493026e+01   1.0989073e+01
  -3.0724223e+00  -9.0009601e+01
   6.7841562e+00  -3.7921741e+01
   9.6643815e+00  -5.7225301e+01
  -3.9461114e+00   3.2483582e+01
  -3.0105354e+01  -5.2919440e+00
  -8.0965365e+01  -1.0094599e+00
  -2.6072047e+00  -4.1351690e+01
  -1.0085179e+01  -6.0213850e+01
   8.8234180e+01   9.4693261e+00
  -9.1952637e+00   8.7987468e+01
   8.8149598e+01   2.7782796e+01
   2.5051334e+01  -7.4823168e+01
  -4.1729503e+00  -6.8276274e+01
  -5.6741571e+01  -7.1251900e+01
  -2.8188669e+01  -6.3246269e+01
  -8.3174434e+00  -2.4396625e+01
   2.4193349e+01  -1.3831992e+01
   1.7940258e+01  -6.2833384e+01
  -6.3047628e+01   2.3841994e+01
  -3.6842586e+01  -6.9958685e+01
  -4.7589026e+01  -5.9867114e+01
   2.5338068e+01   4.0213635e+00
   4.2582138e+01   1.4774670e-01
  -3.1628560e+01   7.4640042e+01
  -1.2431290e+01  -8.6489421e+01
  -2.6604007e+01   8.3286016e+01
   5.3480821e+01  -6.7673003e+01
   5.2152955e+01   4.7112017e+01
  -6.9440689e+01  -4.5707216e+01
   6.1672846e+01   4.4051257e+01
   3.5724893e+01   3.6306751e+01
  -5.9083320e+01  -3.9838284e+01
   5.3564003e+01   2.6559284e+01
   4.9245489e+00   6.0446929e+01
  -1.6016241e+01  -7.0196988e+01
   4.5816457e+01   6.9308926e+01
   1.6220337e+01   8.2299041e+01
  -7.3864346e+01  -2.4851167e+01
  -8.3221540e+01  -2.8377719e+01
  -1.0608321e+01   3.9939290e+01
  -3.2777846e+01   2.4242596e+01
  -1.7888083e+01   4.6794565e+01
  -1.3514723e+01   2.9586527e+01
  -1.3993911e+01   5.7841422e+01
  -4.0701452e+01   5.9016434e+01
   9.3143153e+01  -2.3295799e+01
   9.4062382e+01   1.3434398e+00
   7.6424986e+01  -2.0354260e+01
   6.6891090e+01  -1.7338012e+01
   7.0138796e+01  -7.8098559e+00
  -4.4204737e+01   4.9650687e+01
   1.6654796e+00   5.0956567e+01
   1.0028050e+01   7.4446934e+01
   5.9506271e+01   6.4543603e+01
  -2.9784519e+01   3.4265208e+01
   2.5051520e+01   6.6053725e+01
   2.6113450e+01   3.9064456e+01
   4.3128715e+01   5.3230042e+01
  -4.4521736e+00   3.3437792e+00
   5.4744249e+00   2.2350283e+00
   7.2827921e+00   2.1832210e+01
  -3.9445714e+01   3.1688336e+01
   7.2325971e+01   2.0207576e+01
  -2.6357169e+00  -1.6172120e+01
   8.3706930e+01   1.8823917e+01
  -4.6841870e+01  -6.9839143e+01
  -5.7575069e+01  -5.9383493e+01
  -8.5946866e+01  -3.7999164e+01
