   3.7104763e+01   1.1600724e+01
   2.3602460e+01  -1.3309676e+01
  -2.5817407e+01  -1.7958157e+01
   4.0682089e+00   2.7284818e+01
   3.7327548e+00  -2.9681141e+01
  -2.1774585e+00   6.2166895e+00
  -6.5574620e+00  -2.8154701e+00
   3.9141421e+00  -1.9682800e+01
  -1.3243315e+01  -1.8679015e+01
   2.3514373e+01  -3.3100681e+00
   3.5828736e+00  -1.9574267e+00
   2.0521027e+01   3.4075889e+01
   1.4929285e+01  -1.8287214e+01
  -1.9085753e+01  -1.0563240e+01
  -4.9632660e+00  -2.4286212e+01
  -3.5564174e+01   4.1317201e+00
   2.1402462e+01   1.8351913e+01
   1.3580817e+01  -2.1593174e+00
   1.6833883e-01   1.8076615e+01
   1.0716126e+01   1.7031668e+01
  -6.0005157e+00   2.6000387e+01
   1.3622674e+01  -2.8201466e+01
   2.3324248e+01  -2.3720819e+01
  -2.4296335e+00  -1.1923765e+01
  -6.6661344e+00  -3.4140152e+01
   2.1783978e+00  -3.9559594e+01
   8.3763168e+00  -1.0733585e+01
  -1.5270533e+01  -2.8471378e+01
  -2.5651039e+01   2.8165162e+00
  -2.8521498e+01  -7.2516445e+00
  -1.6379338e+01  -9.3644345e-01
   2.7220823e+01   1.0081709e+01
   1.7726982e+01   6.9406399e+00
   7.7418151e+00   7.4842479e+00
  -1.9450417e+00   3.5274863e+01
   3.2299398e+01   1.4672977e+00
  -1.2864231e+01   3.3272898e+01
   1.4034548e+01   2.6465008e+01
