  -8.7988988e+01  -5.3173516e+01
   8.0811166e+00  -8.6550075e+01
  -6.7549132e+01  -2.8101015e+01
   9.2176744e+01   3.8349299e+00
  -5.8976693e+01   4.3174728e+01
   6.0245417e+01  -6.5289925e+01
  -9.7951393e+01  -5.3841642e+01
   2.7573093e+01   8.0328054e+01
  -4.7793670e+01   1.8020336e+01
   2.4933773e+01   4.9048815e+01
  -5.1294082e+01   3.7265660e+01
  -4.0020426e+01  -6.3458884e+00
   6.1398623e+01   6.7233651e+01
  -5.5068064e+00  -9.5896774e+01
   6.0005512e+01   3.4875311e+01
   2.7213179e+00   6.1207312e+01
   1.7591714e+01  -3.3241255e+01
  -6.5285529e+01  -1.8343231e+01
   3.0967045e+01  -7.7971954e+00
  -2.5563623e+01  -7.6515045e+01
   8.4054716e+01   7.2115237e+01
   5.4598966e+01   5.7037392e+01
   1.4427901e+01  -6.4537398e+01
   8.0358365e+01   1.0169570e+01
   5.4070783e+01  -9.4397902e+01
   2.8641228e+01   1.8725325e+01
   8.2035784e+00   3.9795866e+01
  -1.3367091e+01   3.7881874e+01
   1.2339738e+01   5.9125287e+01
  -2.7644837e+01   5.5054254e+01
  -8.0265510e+01   3.3684964e+01
  -7.4456256e+01   2.4111459e+01
  -6.5210326e+01   8.0046131e+01
  -3.5910178e+01  -9.8891746e+01
  -9.0005765e+01  -4.7031509e+00
  -9.6945071e+01   2.2203164e+01
  -6.0311112e+01  -7.9204510e+01
  -5.1303046e+01  -8.8689501e+01
   8.2397779e+01   9.9194934e+01
  -2.1955637e+01  -2.1651565e+01
  -5.5104584e+01  -1.6388401e+01
  -2.5900648e+01  -9.9284304e-01
   9.3871370e+01   4.0960606e+01
  -3.4146933e+01  -5.5383786e+01
   3.3704033e+01  -7.9541434e+01
  -2.8084437e+01   1.8334564e+01
   1.4357646e+01   8.4381007e+01
  -1.1236700e+01   8.8219839e+01
  -2.4851448e+01   4.5661404e+01
  -4.2804353e+01   1.0397916e+01
  -3.2798967e+01   7.0750639e+01
   5.2277203e+01   1.2501490e+01
   9.6650589e+01  -6.7687978e+01
  -9.8634468e+01   9.4691338e+01
   2.4420391e+00  -7.8341688e+01
  -8.5148226e+01   8.0823545e+01
   2.9927439e+01  -6.9239090e+01
   9.3544370e+01  -3.2224478e+01
   7.7282410e+01  -5.3607938e+01
  -7.8614162e+01  -9.0452000e+01
   2.6353800e+01   5.8884385e+01
  -7.6437748e+01  -4.2724604e+01
   3.8619549e+01   2.7766235e+01
  -9.9304016e+00  -8.2639913e+00
   9.2273279e+01   7.7811816e+01
   4.1981611e+00  -1.5524209e+01
   4.6280524e+00  -6.6277265e+01
  -7.7090637e+01  -7.2593340e+01
   2.5725597e+01   5.1770751e-01
   4.7265779e+01   7.7654745e+01
  -9.9667677e+01  -3.1497527e+01
   4.4812156e+00  -9.5858195e+01
   1.2118319e+01   9.4006130e+01
  -3.5024174e+01  -7.9045385e+01
   9.1636503e+01   5.3648795e+01
  -1.6678774e+01  -6.0514702e+01
   5.1461415e+01  -8.5596332e+01
  -3.0168044e+01  -4.6257757e+01
   1.5291600e+01   1.5000153e+01
  -3.2598244e+01  -3.6603616e+01
   8.8709075e+00   7.5531105e+01
   4.4081330e+00   8.4472197e+01
  -9.3787442e+01   4.9098517e+01
  -5.9898848e+00   3.0676874e+01
  -1.3349362e+01   7.4521965e+01
  -2.3501928e+01   3.5950118e+01
  -1.6510131e+01   5.5849776e+01
  -2.0525248e+00   9.2063673e+01
  -6.3410978e+01   7.5199325e+00
  -5.1520126e+00  -3.2862805e+01
  -5.6746517e+01   1.2872137e-01
  -5.0272934e+01   6.0133706e+01
   2.6989477e+01  -8.6941145e+01
  -7.3837118e+01  -1.3166247e+01
   3.8984588e+01  -5.2198472e+01
  -5.4774194e+01   9.6070525e+01
  -6.6296391e+01   9.8889362e+01
  -4.2091466e+01   5.4243198e+01
  -7.5124600e+01   7.9850894e+01
  -3.9079205e+01   8.5095000e+01
   5.5983055e+01  -4.0911873e+01
  -6.4309346e+01   2.4163664e+01
  -8.0039658e+01  -5.2310192e+00
   3.7306740e+01  -3.3150468e+01
  -8.4929586e+01   6.2454233e+01
   1.7404552e+00  -3.9958668e+01
   7.0498549e-01  -2.4855598e+01
   8.4767873e+01  -3.6999576e+01
  -8.3183909e+01   5.8369740e+00
   8.9672918e+01   3.1884741e+01
  -7.4643731e-01  -7.0803520e+00
  -8.0205911e+01  -6.3148615e+01
   9.9382031e+01   8.7778071e+01
   2.2938427e+01  -1.3691610e+01
   4.1382859e+01  -2.4132833e+01
  -9.6237605e+01  -4.1802998e+01
  -8.2964824e+01  -1.7225515e+01
   3.8075953e+01   1.5564100e+01
   5.2502291e+01   8.6163435e+01
   5.0099900e+01   3.7701332e+01
   8.3193857e+01  -1.1800557e+00
   6.3061814e+01  -3.0846034e+00
   6.5576717e+01   5.8149467e+01
  -1.6407959e+01  -9.9137674e+01
  -1.6444851e+01  -8.0231547e+01
   7.0393733e+01  -6.7600220e+01
  -5.1716584e+01  -5.8847620e+01
  -1.4964865e+01  -3.3892396e+01
  -4.8232067e+01  -2.4947750e+01
   1.0134591e+01   2.3647041e+01
   6.7827063e+01  -2.6267096e+01
  -2.8483053e+01   7.8660146e+00
   4.7823519e+01  -3.5130963e+01
  -7.3990076e+01   4.4276269e+01
  -3.0238562e+01   8.0422985e+01
   3.6069362e+00   3.0969765e+01
  -3.3597318e+01   3.4789063e+01
  -6.9327867e+01   1.5535560e+01
   6.7261506e+01   5.9895049e+00
   9.8708305e+01  -5.6743703e+01
   7.3206771e+01  -9.9688059e+01
   1.9103756e+01  -9.3424953e+01
   4.1877552e+01  -6.1781238e+01
  -9.6935756e+01  -7.1411356e+01
  -7.9287452e+01   1.5040198e+01
  -4.0949238e+01   4.1048541e+01
  -4.8950139e+01   8.6446372e+01
   4.7720067e+01  -1.4832350e+01
  -8.2241208e+01   8.9877986e+01
  -1.9326284e+01   8.2424500e+01
  -5.6515151e+01   5.2696846e+01
  -7.2339397e+01   9.0759417e+01
  -9.4317694e+01   3.1699261e+01
  -5.1057688e+01   7.0324227e+01
   3.7605942e+01   6.6950325e+01
  -4.2122984e+01  -8.5756020e+01
   2.8120398e+01  -5.0408977e+01
  -4.3245117e+01   3.2442005e+01
  -5.2815421e+01   2.7181885e+01
   2.0651293e+01  -2.3345235e+01
   1.1468332e+01  -4.1880329e+01
   2.2480331e+01   9.0187561e+01
   8.8713736e+01  -5.6799368e+01
   1.5885544e+01  -5.0839143e+01
   1.7596008e+01  -8.3541722e+01
   6.5084810e+01  -4.5052108e+01
   5.7993733e+01  -5.2456691e+01
  -6.8988972e+01  -4.9274875e+01
   3.8069153e+01  -8.8539550e+01
  -7.1723954e+01  -8.1204353e+01
  -6.0879015e+01  -8.9046846e+01
  -9.2531011e+01  -1.4345351e+01
  -8.2019892e+01  -8.1191076e+01
   7.4969570e+01  -4.3541069e+01
   8.4644598e+01  -4.6975170e+01
  -9.3836509e+01   7.5456128e+01
  -7.7619845e+01   7.0085952e+01
  -6.0792645e+01  -6.4761473e+01
   5.7203296e+01   7.6893612e+01
   2.2296004e+01  -5.8488245e+01
  -8.9232520e+01   1.5863919e+01
  -5.0416502e+01  -7.8761384e+01
  -6.7238278e+01  -3.8142008e+01
   3.6027814e+01   5.6574965e+01
   1.5057093e+01   4.9685706e+01
   1.9410661e+01   6.5906877e+01
   2.3826711e+01   1.0106694e+01
   3.3700949e+01   6.3352060e+00
   2.0028770e+01   2.3750524e+01
  -9.5771990e-01   8.3386963e+00
   7.4182112e+01   7.0521210e+01
   7.7740358e+01   7.9869303e+01
   6.2486441e+01   8.6456903e+01
   8.4600733e+00  -5.3801486e+00
  -5.6049103e+00  -1.7148211e+01
   9.8368597e+01   9.8822082e+01
   5.1194635e+01  -2.5718570e+01
  -1.0695512e+01  -4.2907590e+01
   7.6928876e+00  -3.2112196e+01
   1.0801367e+01  -2.2754660e+01
  -8.7004127e+01  -7.2300224e+01
   9.0453200e+01   6.3578216e+01
  -9.0282138e+01  -6.2883585e+01
   9.8902559e+01   1.7274762e+01
   1.4619849e+01   4.8260334e+00
   7.8161718e+01   5.3053500e+01
   6.2066142e+01   1.4526990e+01
   4.7335593e+01   9.9480916e+01
   2.8281018e+01   7.0379718e+01
   3.3678605e+01   8.8148942e+01
   7.3231035e+01  -2.0293679e+00
   5.6561789e+01   9.5414938e+01
   1.8855947e+01   7.5663081e+01
   5.9931622e+01   4.4864963e+01
  -2.4371265e+01  -6.6682239e+01
  -4.2613701e+01  -7.2659391e+01
   8.9206028e+01   1.4829919e+01
  -2.5844516e+00  -4.8744678e+01
  -3.1451783e+01  -2.3932947e+01
   5.4855760e+01   2.6324993e+01
  -2.2171820e+01  -4.0602669e+01
  -5.7989233e+01  -2.5855867e+01
  -5.1759255e+01  -6.8842695e+01
  -4.9279546e+00   7.9739690e+01
   9.4616647e+01  -4.6652061e+01
   5.4963217e+00   1.5245345e+01
  -8.8295379e+01   3.9554494e+01
  -5.0518589e+00   6.8566373e+01
  -1.7220289e+00   3.9347579e+01
   1.4717744e+01   3.2226068e+01
  -7.0376961e+01   3.3249115e+01
  -2.0622507e+00   2.1662483e+01
  -5.2759347e+00   4.8407491e+01
  -1.5060112e+01   4.6818808e+01
  -1.2392173e+01  -2.4338384e+01
  -2.6425230e+01  -1.0353139e+01
   4.3889187e+01  -8.0435049e+01
   5.4457899e+01  -7.3057080e+01
   4.1102265e+00   9.9907179e+01
  -3.4428009e+01   4.7905441e+01
  -3.0274214e+01   2.6698720e+01
   9.8106594e+01  -8.7568813e+01
  -3.4759530e+01  -1.4720580e+01
  -5.8335198e+01   1.6129128e+01
   8.0284612e+01  -9.4044038e+01
  -4.9867960e+01  -7.9485375e+00
   6.9197636e+01  -9.1297336e+01
  -4.2597639e+01   6.6027799e+01
   2.8895372e+01  -9.6752585e+01
  -4.4262930e+01  -1.6014540e+01
  -6.1411373e+01  -8.6788607e+00
  -7.3211755e+01   5.6281512e+00
  -7.0149135e+01  -3.8761217e+00
  -8.4517281e+01   2.4669958e+01
   3.6405184e+01   9.7739136e+01
  -3.5062784e+01   9.4122970e+01
  -2.3223575e+01   7.3262832e+01
  -2.6188987e+01   8.9604664e+01
  -4.1498514e+01   7.5626526e+01
   4.8781333e+01  -4.8919660e+00
  -1.4661401e+01   2.8856939e+01
  -3.6983694e+01   2.9368156e+00
  -6.6020861e+01   5.0092452e+01
  -4.6884844e+01   1.4778138e+00
  -8.9396868e+01   9.9531508e+01
  -2.6147896e+01  -9.6994665e+01
  -7.7979959e+01   9.9022080e+01
  -4.8656483e+01   4.6831433e+01
  -1.8105697e+01   9.5480003e+01
   1.1377335e+01  -7.4018268e+01
  -5.5429545e+01   7.8978060e+01
   3.1146906e+01  -4.0928020e+01
   5.9319592e+01  -3.1495376e+01
  -1.5076206e+01  -7.0347355e+01
  -7.2958534e+00  -7.6613068e+01
  -2.3220271e+01  -8.7464085e+01
  -3.2943980e+01  -8.9359136e+01
  -6.2417732e+01   8.9643516e+01
  -6.0503955e+01   3.3397707e+01
  -4.5603700e+01  -9.6766462e+01
   2.7437588e+01  -3.1644037e+01
  -4.4798151e+01   9.6249722e+01
   2.1333697e+01  -7.4282494e+01
  -3.9732326e+00  -8.6019657e+01
   5.1689782e+01  -6.0192120e+01
   4.0976926e+01  -4.2407851e+01
   3.2192649e+01  -5.9521977e+01
   2.1367068e+01  -4.2497026e+01
   2.6515622e+01   9.9329516e+01
   4.8999496e+01  -4.8245462e+01
  -6.9403134e+01  -9.3511062e+01
  -1.3291311e+01  -8.9657946e+01
   8.5807518e+01  -2.5647331e+01
  -9.9798775e+01   5.7071929e+01
  -5.7599187e+01  -9.8657473e+01
  -7.7153821e+01   5.6211205e+01
   3.0516634e+01  -2.2083227e+01
  -9.2376161e+01  -8.0698650e+01
   5.1495751e+01   6.8603316e+01
  -9.2134107e+01   8.7292540e+01
  -9.4450697e+01   6.5494840e+01
  -7.6245790e+01  -3.2796798e+01
  -5.9988948e+01  -4.5017141e+01
  -9.9205842e+01   1.2574123e+01
  -2.4466258e+01  -3.1004427e+01
  -6.6733464e+00   8.2612746e-01
  -8.4408923e+01  -2.7106132e+01
   8.1136458e+01   8.9274853e+01
   8.0489666e+01   6.2772600e+01
   9.0588451e+01   9.2539655e+01
   6.7156704e+01   7.7619884e+01
   6.8234686e+01   9.4634687e+01
   7.8895953e+00  -5.6826240e+01
   3.9180750e+01  -2.1041316e+00
   3.7750543e+01  -1.4940197e+01
   9.8543546e+01   2.7268309e+01
   9.9743685e+01   6.7272914e+01
  -7.8024196e+01  -5.3427538e+01
  -8.6375551e+01  -4.3321287e+01
   9.7784624e+01  -2.3171897e+01
   9.1533007e+01  -6.6982039e+00
  -9.9485476e+01  -2.1505571e+01
   7.2828073e+01   1.7589975e+01
   6.4613682e+01   2.4187462e+01
   2.8905509e+01   3.8542319e+01
   7.9420615e+01  -1.0502809e+01
   2.8680340e+01   2.8637770e+01
   4.3413035e+01   9.0292516e+01
   8.5222482e+01   4.5976881e+01
   4.0142243e+01   3.8463073e+01
   3.7358293e+01   7.8549913e+01
   3.4573786e+01   4.6718277e+01
   1.9291069e+01   4.0852369e+01
   4.5317161e+01   6.0671248e+01
   6.9118481e+01   4.8798423e+01
   5.0415620e+01   4.7924959e+01
   4.6601228e+01   2.0730969e+01
  -3.9530394e+01  -2.9515585e+01
  -5.3043514e+00  -6.6923860e+01
  -9.3094691e+01   4.7528339e+00
   8.1942838e+01   2.1703497e+01
   6.2990189e+01  -9.8276628e+01
   3.9649935e+01  -7.1507879e+01
  -3.4221927e+01  -6.7420845e+01
   8.6813842e+01  -6.6633829e+01
   7.7825194e+01  -6.3264431e+01
   4.1519933e+01  -9.7922512e+01
  -2.4236562e+01  -5.4141902e+01
  -5.6719051e+01  -3.5672228e+01
  -7.4001217e+00  -5.7267738e+01
  -6.7264561e+01  -7.2221724e+01
  -6.0821620e+01  -5.4886928e+01
  -4.2112567e+01  -6.1366885e+01
   5.5049451e+01   2.8962818e+00
   1.7948231e+01  -5.2244681e+00
   7.5260764e+01  -1.9591894e+01
   6.7476833e+01  -1.2055985e+01
   6.7486932e+01  -5.5405616e+01
   7.5425411e+01  -3.3451054e+01
   5.7536203e+01  -1.8006720e+01
  -9.6967252e+01  -8.9568522e+01
   5.3555210e+00   5.1572154e+01
  -8.3190272e+01   4.8079459e+01
  -8.7911333e+01  -9.3606447e+01
  -1.6269780e+01  -8.6425595e-01
  -1.7458284e+01  -1.3380894e+01
  -9.8897812e+01   4.0531127e+01
  -6.6688018e+00   5.8133234e+01
   9.4863653e+01  -7.8132833e+01
  -3.4863527e+01   6.1065214e+01
  -1.4123437e+01   6.4860584e+01
  -4.2216614e+01   2.4312810e+01
  -2.2306062e+01   2.6328426e+01
   5.8129377e+01  -8.1214903e+01
   6.5642420e+01  -7.4167745e+01
   6.5977606e+01  -8.3929239e+01
  -8.4595351e+01   7.2233001e+01
  -3.4778980e+01   1.4920914e+01
   8.6532433e+01  -9.7289605e+01
