   2.6446719e+01   6.4245162e+01
   6.6968432e+01   5.1503957e+01
  -4.6534686e+01   3.5728145e+01
  -8.5190951e+00  -6.4758970e+01
  -4.9971287e+00  -5.5400235e+01
  -2.2271746e+01  -3.3441296e+01
  -7.7174917e+01   1.0692016e+01
   5.5172340e+01  -5.0062426e+01
   5.5281350e+01  -2.9565344e+01
   7.3492016e+01  -5.4157696e+01
  -4.4643386e+00  -3.5156450e+01
   6.5183712e+01  -1.5298742e+01
  -3.2186995e+01  -3.7946389e+00
   7.0159081e+01   4.7287383e+00
   6.6065759e+01  -4.7542803e+01
  -9.0173734e+01  -3.4759560e+01
   7.7543204e+01  -3.0993006e+01
   3.8401734e+01   5.1426883e+01
   1.6847982e+01   4.4163952e+01
   1.4669258e+01   7.2394174e+01
   4.7048584e+01   1.8064083e+01
   1.4123957e+01   1.2519495e+01
  -6.4164155e+01  -2.3817010e+01
  -4.8481671e+01  -8.8739931e+01
   8.4043038e+00   2.0683123e+01
  -9.6668650e+01   1.3573552e+01
  -2.7249309e+01   8.2182026e+01
   6.0528269e+01   2.0088278e+00
  -4.0778014e+01  -9.1268993e+00
  -3.4298493e+01  -9.6024929e+01
   5.6856293e+00  -9.7494348e+01
   3.5723250e+01   4.0722649e+01
   4.8460849e+01  -7.9600234e+01
  -7.9338235e+01  -8.4329850e+01
  -3.1750032e+01  -1.3391542e+01
  -1.4708012e+00   7.3083385e+01
  -2.4478347e+01   5.5245636e+01
   6.7034443e+01  -7.2501079e+01
  -5.9127045e+01   3.4864170e+01
  -4.9469268e+01   6.2511041e+01
   5.0494325e+01  -6.8318446e+01
  -6.9061652e+01  -1.5702388e+01
   3.4132220e+01  -5.2730032e+01
  -7.5675192e+01  -7.5076746e+01
  -5.6790025e+01  -6.5790374e+01
   1.4381873e+01  -3.0638116e+01
   2.0852747e+01   1.9675529e+01
   2.7544693e+01  -2.4086022e+00
  -2.4253478e+00  -6.2253383e+00
   1.2005656e+01  -1.4525397e+01
   8.0073580e+01   2.0889418e+01
   5.0959637e+01   2.7439584e+01
   8.0918809e+01   6.5683238e+01
   3.8808903e+01   9.8274200e+01
   9.2776491e+01   3.7103344e+01
  -4.6861590e+01  -1.7039340e+01
   9.3876579e+01  -7.2877449e+01
   9.9189896e+01   1.1852670e+01
  -5.5100085e+01  -2.5935347e+01
  -6.8662651e+01  -2.0911977e+00
  -3.3816324e+01  -5.4956158e+01
  -2.0266116e+01  -4.3087852e+01
  -6.4784128e+01  -7.1790737e+01
   9.0899719e+01  -4.9654750e+01
  -6.6246012e+01  -9.7130039e+01
  -1.8342864e+01  -7.1321448e+01
  -1.2886753e+01  -3.0398726e+01
  -5.1858371e+01   2.7263223e+01
  -1.5347054e+01   5.1333988e+01
  -7.5258122e+01   7.5939622e+01
  -5.8505429e+01   2.2939664e-01
  -4.7119105e+01   9.6526809e+01
  -7.6400328e+01   4.4926493e+01
  -8.7566994e+01   9.1906626e+01
  -2.8027728e+01   3.4656318e+01
  -5.0326237e+01   1.5236390e+01
  -3.1644288e+01   1.0226035e+01
   7.7859402e+01  -6.5161583e+01
  -7.5450556e+01   3.4478560e+01
  -6.2288653e+01   9.0680425e+01
   3.9213138e+01  -4.1381446e+01
   4.7366092e+01  -2.3403752e+01
   2.1913561e+01  -7.3098552e+01
   3.8728996e+01  -1.8407409e+01
   9.9044369e+01  -3.1434541e+01
  -5.8143181e+01  -3.5313873e+01
  -8.7368323e+01  -2.5165009e+01
   7.6503822e+00  -6.1658441e+01
   7.6405796e+01   9.8310913e+01
   6.0540877e+01   3.1010140e+01
  -8.2967329e+01  -6.6734751e+01
   4.3014302e+01   3.4095981e+01
   6.1128870e+01   8.5646180e+01
   6.4219412e+01   6.4106700e+01
   3.6078805e+01   1.4198831e+01
  -1.2762963e+01  -1.7603763e+01
   9.1199997e+01   6.4922868e+01
  -2.9624338e+01  -2.5967929e+01
   8.9707564e+01   1.8240633e+01
  -3.9254966e+01  -6.3285933e+01
  -3.8625633e+01  -8.7050207e+01
   2.9130282e+01  -2.1104696e+01
   7.1323493e+01  -9.8819176e+01
   1.3000593e+01   5.3313082e+01
   1.2635720e+01   8.4794590e+01
  -3.9064132e+00   6.3433148e+01
   9.5400145e+00  -8.2273325e+01
  -8.0206777e+01   8.4924593e+01
  -1.3545211e+01   6.1045339e+01
   4.5740222e+01  -9.0435228e+01
  -9.3955064e+00   8.0953641e+01
  -8.8150788e+01   5.8965705e+01
  -3.4216995e+01   5.3219071e+01
   1.4450682e+01  -9.1321538e+01
  -2.4876345e+01   2.5235766e+01
  -4.0985096e+01   1.2606972e+01
   2.1287533e+01  -5.5431712e+01
  -5.3117723e+01   8.6717892e+01
   4.9111780e+01  -5.8471773e+01
  -8.8347538e+01   1.5124689e+00
   8.3236066e+01  -1.8764553e+01
  -8.9712862e+01   2.0891132e+01
  -6.4882274e+01  -5.9955712e+01
  -8.8882826e+01  -8.7230813e+01
   1.4568225e+01  -4.8099442e+01
   2.6128690e+01  -4.6782956e+01
  -7.7858580e+01  -3.5559758e+01
   3.0839584e+01   3.2143181e+01
   7.3216102e+00  -5.8311140e+00
   8.6214064e+01   9.5592522e+01
   4.4195658e+01   8.5283134e+00
   7.6819848e+01  -3.3586977e+00
   6.6347680e+01   2.2761803e+01
   5.7269345e+01   5.7421168e+01
  -8.8163571e+01  -4.8553818e+01
   6.9040123e+01   7.9689883e+01
   4.2848932e+01   6.8472214e+01
  -1.4337229e+01  -5.2078529e+01
   6.4251677e+01   4.3044450e+01
   3.5807974e+01   3.1367959e+00
   9.6975296e+01  -6.0948479e+01
  -1.6729128e+01  -8.1186282e+01
  -1.6164308e+01  -9.2880568e+01
  -1.7897107e+01  -6.1365844e+01
  -3.0065892e+01  -4.5129933e+01
  -4.7632901e+01  -3.0619502e+01
  -5.6524290e+01  -1.6624236e+01
  -5.0732435e+01  -7.9147615e+00
  -7.5834240e+01  -8.8551766e+00
  -6.1875895e+01  -8.9157825e+00
  -7.8151316e+01   7.8828098e-01
  -2.0095068e+01  -2.4024083e+01
  -2.2228753e+01  -1.4864271e+01
  -3.7924901e+01  -2.0485124e+01
  -2.7754063e+01  -6.2891240e+01
   3.9849569e+01   2.4876101e+01
  -6.8589969e+01  -8.2258564e+01
  -2.6052034e+01  -7.7656336e+01
   1.9140740e+01  -2.1350314e+01
   1.9521450e+01  -8.2739980e+01
   3.9068551e+01  -8.2989009e+01
   4.1468150e+01  -7.2504066e+01
   9.4881284e+01  -8.2811817e+01
   1.3573976e+01   2.9157895e+01
   4.4928654e+01   4.3883604e+01
   4.9129769e+01  -4.1781568e+01
   2.1401646e+01   3.5294679e+01
  -9.3130581e+01   3.0898340e+01
   5.7507402e+01  -7.5394255e+01
   5.5892651e+01  -8.6247937e+01
  -9.4867300e+00   4.3386507e+01
   3.9750390e+00   4.7276250e+01
   3.1095941e+01   8.1822320e+01
  -1.1127713e+01   7.0689363e+01
   3.8578338e+00   5.7234883e+01
  -7.9997734e+01   6.4755219e+01
  -6.7901731e+01   7.6066996e+00
  -4.8767885e+01   1.8504596e+00
   4.4508692e+01  -3.2941041e+01
   5.5500122e+01  -1.7654414e+01
   3.5429049e+01  -2.8811959e+01
  -7.4722313e+01   9.3466529e+01
  -2.2246110e+01   6.5837424e+01
   3.0894217e+00   8.1906704e+01
  -8.5355515e+01   4.9365133e+01
  -1.6794283e+01   9.6565255e+01
  -2.8116413e+01   9.2127657e+01
   2.9249755e+01  -6.1421362e+01
   1.0450946e+01  -7.2043670e+01
  -4.4070267e+01   5.1769073e+01
  -6.7079259e+01   9.9914577e+01
  -6.1015405e+01   8.0585771e+01
  -7.4348958e+01  -2.4332105e+01
   3.9491363e+01  -6.1171629e+01
  -4.3291375e+01   2.2199487e+01
   4.3756468e+01  -5.0174157e+01
  -3.9011238e+01   3.0107490e+00
   5.8333337e+01  -6.2141563e+01
  -8.8001383e+00   2.9512438e+01
   2.6114207e+01  -9.0254095e+01
   5.8962247e+01  -4.0592457e+01
   7.9908700e+01  -4.6512575e+01
  -9.9432217e+01   2.3159707e+01
  -5.8582853e+01   4.4824852e+01
  -4.3686809e+01   7.0653524e+01
  -7.2798532e+01  -5.3872063e+01
   3.0087028e+01  -3.7701458e+01
  -7.6842591e+01   5.5263662e+01
  -9.3696785e+01  -9.6259096e+01
  -9.9012524e+01   8.6127881e+01
  -8.5420722e+00   9.0917157e+01
  -3.4066780e-01  -4.3915776e+01
   6.5263474e+01  -3.2901840e+01
  -5.9969911e+01  -4.5021115e+01
   1.1064846e+01   9.9568051e+01
  -4.8428568e+01  -5.9588361e+01
  -9.1529594e+01  -1.5893936e+01
  -9.6264003e+01  -4.2741942e+01
  -8.1347117e+01  -1.7189487e+01
  -1.3120749e+01  -7.9341506e+00
   5.1845911e+01   3.6732651e+01
   5.6888993e+01   1.9635527e+01
   7.8927823e+01   7.9637563e+01
   9.4752805e+01   8.9810145e+01
   2.3296615e+00   1.2860194e+01
   6.4438718e-01  -6.8653764e+01
   2.5813037e-01  -7.8582422e+01
  -9.6057915e+01   4.0430530e+01
   5.5583194e+01  -7.6597597e+00
   6.7070179e+01  -5.5092585e+00
   6.2840908e+01   1.1697939e+01
  -2.5280760e+01   3.3342326e+00
   9.2791954e+01  -9.1387332e+00
   1.9594209e+01   3.5206678e+00
  -2.1830075e+00   2.1699394e+01
   6.4179929e+01   9.8193515e+01
   6.0518379e+01   7.4544932e+01
  -8.4045977e+01  -9.8866384e+01
   2.8600754e+01   5.4498873e+01
   3.5980564e+01   6.1220378e+01
   3.0329617e+01   2.2265894e+01
   7.2625841e+01   5.9516571e+01
   4.5575057e+01   5.8408629e+01
   5.1285113e+01   8.5213985e+01
   7.6174147e+01   4.9162758e+01
   5.2753909e+01   4.9337754e+01
   8.3262748e+01  -5.6075040e+01
   8.5616885e+01  -3.8313273e+01
  -8.9826335e+00  -7.4794795e+01
  -9.3094322e+01   6.7688007e+01
  -9.9020947e+01   5.9645145e+01
   7.2421533e+01   1.4474647e+01
   8.9829699e+01   8.2456641e+00
   8.8339966e+01   2.8143774e+01
  -4.1903706e+01  -7.7665550e+01
  -4.4127698e+01  -9.7830020e+01
  -8.5554045e+01  -7.9928453e+00
   9.7998968e+01   4.6092726e+01
   9.4704282e+01   7.9822493e+01
   8.7140270e+01   4.5362653e+01
   9.9026168e+01   2.1858330e+01
  -7.8652220e+01  -4.5770102e+01
  -3.3946149e+01  -7.1647148e+01
  -2.4120862e+01  -5.2732646e+01
  -4.7529942e+01  -6.9485176e+01
   3.6708987e+01  -7.7219402e+00
  -2.4617253e+01  -8.7526464e+01
  -2.4574366e+01  -9.8274858e+01
   2.5118842e+01  -1.2053854e+01
  -5.4115806e+01  -9.7435924e+01
   8.0066616e+01   6.0926486e+00
   2.4277440e+01  -2.9787066e+01
   2.7376971e+01   9.4965051e+00
   9.5445450e+01  -9.2788309e+01
   1.4229409e+00  -8.8472290e+01
   6.5259186e+01  -8.2761239e+01
   6.3086518e+01  -9.3167066e+01
   8.0557618e+01  -9.4989085e+01
  -1.7754656e+01   8.6499462e+01
  -1.9875174e+01   4.2480199e+01
  -3.9542853e+01   6.1590985e+01
  -5.3064480e+00   5.3202025e+01
  -1.9829318e+01   7.5528819e+01
  -3.5899223e+01   7.7198789e+01
  -6.1640998e+01   2.5214318e+01
   5.3604835e+01  -9.6609877e+01
  -3.9528115e+01   4.2861787e+01
   3.5836903e+01  -9.2591289e+01
   2.0284265e+01   9.1220057e+01
  -8.4934360e+01   7.3451805e+01
   4.6596197e+00   9.1752097e+01
   8.7824619e+01  -6.4949024e+01
   3.1645752e+01  -7.1083349e+01
   6.8241967e+01  -6.2609106e+01
   3.3327333e+01   7.1480289e+01
   6.3500362e+00   6.6890291e+01
   1.6599936e+01   6.2601808e+01
   2.6728997e+01   4.4717871e+01
  -5.3879185e+01   5.3581101e+01
  -3.7526424e+01   8.7439668e+01
  -5.6798120e+01   9.9040107e+01
  -3.7160877e+01   9.7439880e+01
   2.1414792e+01  -9.9075546e+01
  -9.6845670e+01   9.5890171e+01
  -7.0191468e+01   8.4554764e+01
  -2.9652451e+01   4.4427156e+01
   2.9323627e+01  -8.0793096e+01
  -5.3230259e+01   7.4311194e+01
  -4.5319635e+01   8.0493918e+01
   7.4946477e+01  -1.3178713e+01
  -3.3189091e+01   1.9829073e+01
   7.2594321e+01  -3.9696675e+01
  -8.6994860e+01   1.1338442e+01
  -3.6307849e+01   2.9206545e+01
  -8.7202596e-01   3.8561128e+01
  -1.8254303e+01   3.2663112e+01
  -3.1946140e+01   6.8044381e+01
   9.5386701e+01  -4.0733886e+01
  -9.8423312e+01  -7.7396751e+01
  -8.4621687e+01   3.9168889e+01
  -7.7498992e+01   2.0617064e+01
  -8.3441399e+01   2.8611489e+01
   2.8161478e+01   9.7851994e+01
  -9.8091803e+01   3.6899314e+00
   1.7212274e+01  -6.0854201e+00
  -8.9831457e+01   8.2167457e+01
   8.9656831e+01  -2.7933184e+01
   4.2122127e+01   8.8896561e+01
  -9.8864093e+01  -8.7575860e+01
  -6.7469930e+01   4.0362542e+01
  -6.7985745e+01   5.0318184e+01
   1.7136439e+01  -6.4430055e+01
   8.8542784e+00  -3.9984000e+01
  -6.8422491e+01  -3.2497891e+01
  -6.9436387e+01  -4.2264095e+01
  -2.3413771e+00   9.8879577e+01
   4.6119251e+00  -5.2317512e+01
  -5.9981787e+01  -8.9339737e+01
  -8.6254055e+01  -7.7081002e+01
  -7.3100039e+01  -6.5471879e+01
  -8.2369910e+01  -5.6753496e+01
  -5.8382254e+01  -7.9471564e+01
   6.9902394e+01  -2.4085421e+01
  -5.8495778e+01   1.0068797e+01
  -5.6749133e+01  -5.4321499e+01
  -9.2362564e+01  -5.7594189e+01
  -6.7985099e+01   1.7532907e+01
  -1.0305001e+01  -4.3079362e+01
  -4.3030487e+00  -2.5385366e+01
  -3.1913700e+00  -1.5734194e+01
   4.4776538e+00  -3.1108752e+01
  -9.8042227e+01  -2.3423637e+01
   2.1309350e+01   7.9839005e+01
   9.0506624e+00   3.8051211e+01
  -3.1594080e+01  -3.5781975e+01
  -9.5249487e+01  -5.8783192e+00
   4.6679184e+01  -1.2355772e+01
  -9.2605618e+01  -6.9278605e+01
   2.1178576e-01   3.2737217e+00
   4.8651410e+00  -2.1306703e+01
   9.8538497e+00   3.6984264e+00
   5.0615540e+01   9.7725222e-01
  -9.5297806e+01   5.0380072e+01
   7.2072604e+01   7.0198632e+01
   9.0474119e+01   5.5094532e+01
   8.6827298e+01   7.3728668e+01
   3.6207892e+00   2.9708073e+01
   7.0041314e+01   9.0056155e+01
   9.4221872e+01  -1.9035971e+01
  -2.2498212e+01  -5.5006307e+00
   5.2084370e+01   9.4998533e+01
   2.0060213e+01  -3.8854150e+01
  -7.5575442e+01  -9.3566827e+01
   5.2493504e+01   6.5945135e+01
  -9.0903892e+00   6.5749308e-01
  -3.8593563e+01  -2.9851395e+01
   5.0580212e+01   7.5529978e+01
   8.1395749e+01   5.6077077e+01
   5.7493772e+01   4.2280011e+01
