   2.7520959e+01  -4.4648517e+01
   5.2724380e+00  -4.6838825e+01
   2.0736272e+01  -9.5904259e+01
   3.4712903e+01  -3.7700430e+01
   3.7971153e+01  -4.8563629e+01
   1.0290691e+01  -8.5512204e+01
   8.8234014e+01  -1.9681726e+01
   4.9964242e+01   7.8937639e+01
   4.7111088e+01   4.9945809e+01
   2.3893201e+01   8.3674696e+01
  -3.0368835e+01   5.3095670e+01
  -8.3613794e+01   3.6260678e+01
   1.4336009e+01  -2.1215605e+01
  -7.2520769e+01  -7.8943778e+01
  -1.5078071e+01   7.2739700e+01
   9.5650102e+01  -1.1804375e+01
   6.7030942e+01  -1.0417634e+01
  -5.1799201e+01  -9.2377894e+01
  -5.3709629e+01  -9.7017110e+00
  -9.6286902e+00   9.8808756e+01
   8.8855623e+01   4.0746452e+01
   3.0767337e+01  -6.9338157e+01
  -6.3176890e+01  -8.3609444e+01
   1.4261939e+01  -5.7965856e+01
  -3.4010646e+01  -5.5295811e+01
  -1.4749367e+01  -9.6734915e+01
  -8.7391299e+01  -4.2466818e+01
  -2.9585173e+01   1.9113830e+01
  -2.3247786e+01   2.6849781e+01
  -3.5015229e+01   3.6835551e+01
   2.1306319e+01   7.0156475e+01
   9.6137982e+01   2.9739040e+01
  -6.2817450e+01  -6.3645566e+01
  -5.3143938e+01  -8.2469153e+01
  -4.5008371e+01   3.9488755e+01
   3.0359361e+00  -3.0666901e+01
  -4.3645416e+00  -9.9525819e+01
   1.0767719e+01  -9.6696674e+01
  -8.6343750e+01  -7.4606202e+01
   9.8787310e+01   3.9381691e+01
  -6.5985205e+01  -5.1843752e+01
   8.9495897e+01   1.5548001e+01
  -2.0617448e+01   6.4409563e+01
   4.7265098e+01  -7.4245443e+00
   2.6422596e+01  -1.0920380e+01
   4.5982969e+01   3.5740891e+01
   4.1400052e+01   7.2541580e+01
  -7.5840638e+01  -2.7220250e+01
   5.9160406e+01  -1.9000922e+01
  -4.2910646e+01  -5.9853735e+01
   5.0792788e+00  -4.7292751e+00
  -8.1966161e+01  -6.5616162e+01
  -7.2554256e+01  -6.8949649e+01
  -5.2114230e+01  -6.3762107e+01
   7.7903644e+01   2.0283721e+01
  -7.2049723e+01  -8.8927842e+01
   9.7284323e+01  -1.7707608e+00
   5.0827584e+01   9.6582491e+01
   3.6094361e+01   8.5257874e+01
  -9.9381783e+01  -2.7071764e+01
  -1.3465076e+01   2.8923084e+01
  -2.5016257e+01   3.6692164e+01
  -3.5892197e+01   2.6874079e+01
  -4.1751768e+01   5.5804406e+01
  -3.7937780e+01   4.6560300e+01
   5.4250920e+01   4.2944180e+01
  -7.4659363e+01   3.1808917e+01
   4.6975404e+01  -5.3226423e+01
  -6.1223126e+01  -1.8124948e+01
  -8.5410216e+01  -2.4311442e+01
  -3.0445896e+01   6.6253905e+01
   6.4386106e+01  -7.1354089e-01
   4.2181940e+01  -7.5166725e+01
  -4.0060234e+01  -8.1555035e+01
   5.7103553e+01  -9.2147400e+00
   1.3025237e+01  -3.1129310e+01
  -7.9388951e+01  -3.6544633e+01
  -2.4251536e+01  -7.9684317e+01
   3.8459785e+01   5.5148614e+01
   2.9602952e+01   4.2392169e+01
  -2.4011132e+01  -5.5256641e+01
   4.4507654e+01  -3.5684782e+01
   2.8373190e+01  -2.9966865e+01
  -3.9140516e+01  -6.9115732e+01
  -7.3017459e+01  -5.8953211e+01
  -5.6120811e+01  -7.2923269e+01
   3.0582090e+01   6.6233034e+01
  -1.9106761e+01   9.5620313e+01
   2.7177016e+01  -7.8671356e+01
  -6.5783327e+00   7.8007964e+01
  -6.1437569e+01  -9.5042698e+01
  -8.1646448e+01  -8.3433965e+01
   1.2550292e+01  -1.1376357e+01
  -9.1056151e+01  -6.1503272e+01
   4.0613223e+00  -2.0705452e+01
   8.2793229e+01   4.8699411e+01
  -5.6412478e+01  -5.4733794e+01
   4.0291202e+01  -1.4591466e+01
   8.0874138e+01   1.0481967e+01
   2.0121617e+00  -9.1121599e+01
   2.0282535e+01  -8.5914599e+01
   8.6608330e+01   2.5500175e+01
   2.1062732e+01  -2.4781140e+00
   9.6257618e+01   8.1757309e+00
  -7.0702744e+01  -9.8833988e+01
   2.9035149e+01   9.2340493e+01
   5.8637945e+01   9.0251714e+01
   4.5713762e+01   8.7989212e+01
   3.2010219e+01   7.6130295e+01
   9.8445702e+01   2.0008983e+01
  -9.1393863e+01  -5.1557149e+01
  -9.1766712e+01  -3.3516887e+01
  -9.3757732e+01  -1.8805354e+01
   8.6581430e+01  -8.4129718e+00
