   3.9321949e+01  -4.1956978e+01
  -6.7903973e+01   8.8563479e+00
   7.6332514e+01   6.3300183e+01
  -6.5868369e+01  -5.3753700e+01
   7.2323955e+01  -4.1571463e+01
  -1.1484289e+00   6.7767932e+01
  -9.7874263e+00   6.2764597e+01
  -4.5227198e+01   1.7068881e+01
   2.5721130e+01  -4.9596406e+01
   4.0850881e+01   6.6006728e+00
   3.6940562e+00  -7.2524631e+01
  -1.3482313e+01  -2.6645477e+01
   8.4416890e+01   8.2277434e+01
  -6.2001967e+01  -2.5058358e+01
   8.7557012e+01   3.6268699e+00
   7.4674384e+01   8.0077771e+01
  -6.0421002e+01   5.0758688e+01
  -8.4245129e+01   8.9046349e+01
   5.7455461e+01  -6.7354553e+01
   4.1461906e+01  -9.6446182e+01
  -7.6142784e+01   3.3544782e+00
  -3.2680443e+01   7.6872901e+01
  -9.3102645e+01   2.8002844e+01
   6.2341789e+01  -2.9584485e+01
  -3.1873904e+01  -7.2195558e+01
  -8.9150404e+01  -5.6211157e+01
  -9.8911058e+01  -8.9924513e+01
   3.8949561e+01   5.8899847e+01
  -6.1344645e+01  -8.9199247e+01
   1.4012456e+01   3.0987382e+00
   9.6831366e+01   6.2298313e+01
   3.7793795e+01   3.9277684e+01
   2.7321375e+01   7.2960018e+01
  -3.8917030e+01  -4.3376378e+00
  -3.7752700e+01   2.3886657e+01
   2.6677726e+01   4.4030548e+01
  -4.6782027e+01   3.6944243e+01
  -7.8852089e+01   4.3261106e+01
  -3.5845463e+01  -1.3798996e+01
   6.8209495e+01   6.9507246e+01
  -8.7731209e+01   3.8673005e+01
   7.5364583e+01  -5.5504921e+01
  -6.3283273e+00  -9.0150444e+01
   8.6115382e+00  -4.1878710e+01
  -4.4659131e+00  -2.2448662e+01
   3.8933539e+00  -5.0567563e+01
  -9.4873757e+01  -7.6231894e+01
  -7.4962354e+01  -9.3361498e+01
  -8.4573932e+01  -9.8062521e+01
  -1.3561391e+01  -9.8685513e+01
   1.0451033e+01   1.2382759e+01
   7.3615213e+00   2.1845563e+01
   1.2746352e+01  -3.0647622e+01
   6.2152392e+01   2.7324534e+01
   3.8286308e+01   8.7964849e+01
  -4.3286193e+00   4.9677000e+01
   2.1413449e+01   9.9742723e+00
  -3.2667751e+01   5.7183813e+01
   4.2588708e+01   3.0646331e+01
   4.8989330e+01   4.8341580e+01
  -6.1766711e+01   9.8006626e+01
  -4.7677007e+01   7.7438637e+01
  -8.6737753e+01   5.9336991e+01
  -7.7283307e+01   8.1868774e+01
   5.2283796e+01   3.2312839e-01
  -2.3419290e+01   5.3523680e+01
   1.8088523e+01  -3.9047639e+01
   4.5444106e+01  -4.9940793e+01
  -6.0971405e+01  -1.5129033e+01
   4.6602557e+01  -1.2014035e+01
   3.2947561e+01  -3.0101862e+00
  -7.9738870e+01  -4.1303990e+01
  -9.9019519e+01   3.6064519e+01
  -1.8637605e+01  -6.9255301e+01
  -1.5679562e+01   8.7873715e+01
   1.9097008e+01   6.7153910e+01
   2.0934088e+01   5.7329007e+01
   1.1742875e+01   9.6993908e+01
  -7.0517703e+01  -4.4994510e+01
   8.0852170e+01   7.2218979e+01
   4.8381562e+01   6.8189464e+01
  -5.9622534e+00   8.5571850e+01
   1.0794788e+01  -1.5620481e+01
  -8.2429879e+00  -9.5306555e+00
  -2.3406046e+01  -2.7054714e+01
   3.0265261e+01  -2.3008370e+01
   2.0757585e+01  -5.8070035e+01
   8.2048539e+01   1.3156658e+01
   7.4971995e+01   2.0054394e+01
   9.6923234e+01  -1.2576939e+01
   6.6620971e+01   5.9634488e+01
  -2.0418129e+01  -4.4990617e+01
   5.8070184e+01  -8.9714290e+01
   8.5474072e+01  -5.4287921e+01
   1.2226312e+01   3.0525981e+01
   2.7018657e+01   1.8519386e+01
   8.1381540e+00   3.9608377e+01
  -1.7767822e+01   3.4931745e+01
   1.0978154e+01   5.7613607e+01
  -4.0631091e+01   5.1190847e+01
  -7.2733533e+01   3.5403733e+01
  -8.4124775e+01   2.0035076e+01
  -7.4437284e+01   2.4653674e+01
   2.3182335e+01  -7.3666453e+01
  -7.6739582e+01   9.5746027e+01
   6.4343641e+01  -8.1947350e+01
  -5.7653377e+01   7.8077361e+01
   3.2343777e+01  -6.9680240e+01
  -9.1893717e+01   6.8234207e+01
   9.2951622e+01  -7.2433302e+01
  -2.8292396e+00  -8.0799374e+01
   8.7956652e+01  -2.9002717e+01
   9.0511689e+01  -4.0289666e+01
  -2.4469183e+01  -9.4779069e+01
  -3.6996201e+01  -8.8807776e+01
  -9.0619699e+01  -3.5961090e+00
  -9.0178517e+01  -8.5058689e+01
  -5.7733458e+01  -5.6983049e+00
  -9.3875296e+01   1.7954898e+01
  -6.2490028e+01  -6.6189029e+01
  -5.3364826e+01  -8.3178002e+01
  -6.5255282e+01  -7.5909849e+01
   3.0689452e+01   9.4459663e+01
  -5.2348639e+01  -2.1709954e+01
  -1.0638218e+01  -4.6263307e+01
   8.7286814e+01   9.4755987e+01
   5.7468202e+00  -4.2065107e+00
  -2.4648805e+01  -1.7158324e+01
  -4.6774324e+01  -3.0135757e+01
  -9.9067921e+01  -2.4464676e+01
  -2.2866881e+01   1.1819483e+00
   2.4574239e+01  -1.0407219e+01
   3.6453246e+01  -1.2367227e+01
   8.5632326e+01   4.5580815e+01
   8.0288935e+01  -1.5043119e+01
   3.5760060e+01   7.8319890e+01
   1.9767813e+01   7.9485522e+01
  -3.4485216e+01  -5.5649869e+01
   3.6025727e+01  -7.8963273e+01
   6.2479067e+01  -3.9851745e+01
   2.1913661e+01   9.9241384e+01
  -3.1162557e+01   1.6650240e+01
  -2.2519142e+01   4.3615117e+01
   1.0058214e+01   7.7225068e+01
  -1.8957713e+01   7.8428711e+01
  -2.7576480e+01   3.4433420e+01
   5.6327945e+00   4.9218294e+01
   1.0062977e+00   5.8058258e+01
   2.3457392e+00   3.1509131e+01
  -4.0239507e+01   5.4377447e+00
  -5.9931423e+00   9.9260739e+01
  -5.4722065e+01   2.0665743e+01
   9.7814324e+00   8.7192475e+01
   3.9049856e+01   4.9030663e+01
   3.3996298e+01   2.5627164e+01
   4.9111418e+01   1.2054199e+01
   5.5516741e+01   1.9676468e+01
  -7.6565536e+01   1.3610125e+01
  -2.6637076e+01   8.4830473e+01
  -4.0478806e+01   7.0497521e+01
   5.8859277e+01   1.0249015e+01
   6.8949872e+01  -9.0812503e+01
   2.3886002e+01  -9.2632766e+01
   4.2876003e+01  -2.9864772e+00
   6.7271597e+01  -6.2253380e+01
  -4.3092842e+01   6.0854190e+01
   8.6523139e+01  -6.4205008e+01
  -4.8854529e+01   8.8249612e+01
  -9.5304459e+01   9.1884363e+01
  -9.6581546e+00  -7.3572375e+01
  -5.7848012e+01   4.1182150e+01
  -3.7081992e+01   9.3328835e+01
   3.0086541e+01   5.3380131e+01
  -8.4852894e+01   7.5335030e+01
  -3.7399416e+01   3.3802178e+01
   1.3195203e+01  -9.4424451e+01
  -2.5377092e+01   9.4745892e+01
   3.0567726e+01  -5.9858664e+01
   5.0357745e+01  -2.1064077e+01
   4.9122324e+01  -4.0029880e+01
   1.3473159e+01  -7.6027023e+01
  -1.5591743e+00  -4.2296493e+01
   1.5754105e+01  -4.8861270e+01
   2.3640002e+01  -3.0730789e+01
   3.4916268e+01  -8.8894293e+01
  -5.5828534e+01   3.1486985e+01
   3.0897175e+01   6.8644936e+00
   2.7903140e+01  -4.0059687e+01
  -9.5796218e+01   6.5335207e+00
  -7.4273238e+01  -5.9080781e+01
   5.9071385e+01  -5.6718076e+01
   8.0274197e+01  -3.5301434e+01
  -8.0434652e+01  -7.4641692e+01
   6.6989412e+01  -5.0048840e+01
  -9.8859257e+01   7.5414574e+01
  -8.7340591e+01  -3.4890915e+01
  -7.0204562e+01  -8.4575382e+01
  -8.0194597e+01  -8.4635350e+01
  -5.5816499e+01  -9.7529118e+01
  -5.6879863e+01  -5.7921943e+01
  -5.5596473e+01  -7.3430865e+01
  -7.8669821e+01  -2.9387898e+01
   5.5531215e+01   7.5135998e+01
   2.9954117e+01   6.3340875e+01
   1.6566253e+01   4.7979165e+01
   7.2085636e+01   5.1260722e+01
  -5.9991411e+01  -4.5507540e+01
  -9.5439027e+01  -9.9302132e+01
   1.8593688e+01   3.8192142e+01
   6.3559704e+01   9.8448649e+01
   3.6411689e+01   1.5419489e+01
  -1.3356502e+01  -8.9202274e-01
   9.9374957e+01   7.8796560e+01
   6.4761365e+01   7.8919650e+01
  -1.4674555e+01  -1.6976842e+01
   9.0785216e+01   7.3362071e+01
   1.1206548e+00  -1.2974474e+01
   9.5157786e+01   4.2536867e+01
   1.5407051e+01  -6.6368011e+01
   1.0828637e+01  -5.7569646e+01
   3.7391210e+00   5.3982530e+00
  -7.2297553e+01  -6.8847934e+01
   2.3472591e+01  -1.1097505e-02
   6.8629409e+01   8.5162490e+00
   8.4683583e+01   2.3332859e+01
   8.6716367e+01   6.4107246e+01
   7.0015686e+01  -1.1712916e+01
   5.8769038e+01   3.6812292e+01
   4.6999521e+01   9.2849659e+01
   8.9393902e+01  -1.9138027e+01
   4.5726456e+01   7.7805517e+01
   3.8418635e+01   6.8776224e+01
  -9.7301439e+01  -3.4302894e+01
   3.3544169e+00  -9.2681431e+01
   2.8221083e+01   8.4789899e+01
   1.9470440e+01   8.9554955e+01
   9.1428112e+01   5.3884359e+01
  -3.8499056e+01  -6.4749797e+01
  -2.6839278e+01  -6.3602916e+01
   5.8341188e+01   6.5241426e+01
   8.1465019e+01   5.4718576e+01
  -1.4949273e+01  -5.5267186e+01
   4.5618743e+01  -7.6184033e+01
  -3.0174129e+01  -4.5680825e+01
   1.7173718e+01   1.9378459e+01
  -1.6415733e+01  -3.6019941e+01
  -3.6730383e+01  -3.2486118e+01
  -5.6239039e+01  -3.3219416e+01
   9.9847818e+01  -4.3872771e+01
   8.8369358e+00   6.7339911e+01
  -9.5913538e+00   7.4925748e+01
   9.0705530e-02   7.7648151e+01
  -8.5593036e+00   3.1742962e+01
  -2.9818530e+00   3.9891943e+01
  -7.5295802e+01   5.4045022e+01
  -9.5197731e+01   4.5307281e+01
  -1.2522765e+01   4.3462051e+01
  -3.4187554e+00   2.3478051e+01
  -1.7983836e+01   6.8480540e+01
  -2.5449436e+01   2.4728481e+01
  -3.2206442e+01   4.5883063e+01
  -1.3483673e+01   5.3494513e+01
   1.2971677e+00   9.2437392e+01
  -6.4993501e+01   1.8888849e+01
  -6.5348912e+01   2.8782300e+01
  -5.8500734e+01   1.1479206e+01
  -6.6960535e+00  -3.3806363e+01
  -4.8539787e+01  -1.9047055e+00
  -2.9274911e+01  -6.3770011e+00
  -4.5716702e+01  -1.1596170e+01
  -3.2596759e+01  -2.3223603e+01
  -1.9664883e+01  -8.4984772e+00
   2.9226352e+01   3.4407934e+01
   5.5561032e+01  -7.7172411e+01
  -5.0270040e+01   6.7791844e+01
  -4.9416819e+01   4.6514775e+01
   9.6419164e+01  -6.3022108e+01
  -8.2924676e+01   2.9928564e+01
   6.5293259e+01   1.7882454e+01
  -3.1050698e+01   6.7025515e+01
   2.6871187e+01  -8.2960109e+01
  -6.6527454e+01  -1.0056613e+00
  -7.0818479e+01  -1.2334201e+01
   3.5549257e+01  -5.1207323e+01
  -5.8851454e+01   8.8417855e+01
  -6.8766687e+01   8.9710627e+01
  -9.9140781e+01  -5.6592563e+01
  -4.5972047e+01   9.7906762e+01
   9.7178867e+01  -3.2821216e+01
  -5.1922458e+01   5.6157537e+01
  -6.7503183e+01   7.9790858e+01
  -8.7714447e+01   9.8424875e+01
  -3.9928627e+01   8.3747954e+01
  -1.5893733e+01   9.7904398e+01
  -6.9111896e+01   4.5760358e+01
  -9.6485951e+01  -6.6363756e+01
   6.7944916e+00  -8.3348196e+01
  -9.5073735e+00  -6.3616868e+01
   1.7153285e+01  -8.5263657e+01
   5.5869527e+01  -4.7329077e+01
  -4.7061048e+01   2.6988437e+01
  -8.1388894e+01  -7.4421780e+00
   3.3672788e+01  -3.2258039e+01
   4.3315661e+01  -3.1928997e+01
   9.8737046e+01  -2.2720741e+01
  -2.7836834e+01  -8.4798408e+01
  -4.1220095e+01  -9.7869958e+01
   4.9400103e+01  -5.9117633e+01
  -9.8758732e+01  -1.1765106e+01
  -7.9909671e+01   6.6642442e+01
   3.2161794e+00  -3.3572400e+01
   1.8227113e+01  -2.2307336e+01
   5.3763960e+00  -2.3913760e+01
   8.1682636e+01  -4.5099421e+01
  -8.5872460e+01   5.4752654e+00
  -9.5877065e+01   5.5280164e+01
  -9.1815504e+01   8.2512781e+01
  -4.3552497e+01  -8.1264701e+01
  -6.6099802e+01  -9.7995284e+01
  -6.5720330e+01  -3.6271223e+01
  -7.1610761e+01  -2.2305118e+01
   6.2113672e+01   8.8558731e+01
   8.9956011e+01   3.3853736e+01
  -3.6312173e+00  -8.5396718e-01
  -8.2934442e+01  -6.4042019e+01
  -8.0463231e+01  -5.1265456e+01
   9.3343091e+01   8.6771844e+01
   7.2038953e+01   8.9723161e+01
   1.5321118e+01  -6.7720626e+00
   4.0240273e+01  -2.1618680e+01
  -8.8727666e+01  -4.5660421e+01
   2.2126482e+00  -6.2635998e+01
  -5.0751609e+00  -5.4691206e+01
  -8.8884628e+01  -2.5032621e+01
  -8.1004109e+01  -1.8887687e+01
   9.5910276e+01  -2.5984517e+00
   9.4724704e+01   2.5067897e+01
   7.7601274e+01   4.3617211e+00
   9.1647999e+01   1.5585259e+01
   8.7639249e+01  -8.2189604e+00
   4.4679660e+01   2.0951883e+01
   5.7789809e+01   5.3050540e+01
   5.2392193e+01   2.9117170e+01
   5.2875659e+01   8.4769830e+01
   4.8856545e+01   3.8412260e+01
   3.9403837e+01   9.9347324e+01
   7.7609006e+01  -5.4597561e+00
   6.2250009e+01   8.3849203e-01
  -9.8610356e+01  -4.4213595e+01
   2.1817507e+01   2.7998875e+01
   4.9248671e+01   5.8280652e+01
   6.4077514e+01   4.5279672e+01
  -4.5806345e+01  -7.1532611e+01
  -1.6266057e+01  -8.9063448e+01
  -1.8042098e+01  -7.9230096e+01
  -3.6332545e+00  -9.9793848e+01
   5.1429558e+01  -9.7177409e+01
   4.8846443e+01  -8.5850743e+01
   4.1941933e+01  -6.6886428e+01
  -2.4719402e+01  -5.3929967e+01
   6.6366278e+01  -7.2181896e+01
  -4.7145676e+01  -5.9836764e+01
  -2.7426970e+01  -3.6139351e+01
   7.6658575e+01  -6.5408514e+01
  -4.2381722e+01  -2.1244600e+01
   4.9726125e-01   1.4594353e+01
   9.5855522e+01  -5.3039975e+01
   7.2100863e+01  -2.9838705e+01
   5.6583172e+01  -8.7228966e+00
   6.7297007e+01  -2.1117974e+01
  -3.0663987e+01   6.9196446e+00
  -4.9521737e+01   8.0082765e+00
   5.2822077e+01  -3.0627598e+01
