   1.3330000e+03
   1.2890000e+03
   1.2450000e+03
   1.3270000e+03
   1.0870000e+03
   1.2850000e+03
   1.2150000e+03
   1.0230000e+03
   1.2030000e+03
   1.2570000e+03
   1.3050000e+03
   1.2930000e+03
   1.2190000e+03
   1.2730000e+03
   1.3230000e+03
   1.3150000e+03
   1.2690000e+03
   1.2610000e+03
   1.2630000e+03
   1.2330000e+03
   1.1870000e+03
   1.3370000e+03
   1.2810000e+03
   1.3110000e+03
   1.2130000e+03
   1.2070000e+03
   1.2210000e+03
   1.2230000e+03
   1.2490000e+03
   1.3030000e+03
   1.2790000e+03
   1.2470000e+03
   1.2970000e+03
   1.3090000e+03
   1.3290000e+03
   1.2090000e+03
   1.2110000e+03
   1.0220000e+03
   1.0280000e+03
   1.2270000e+03
   1.2390000e+03
   1.2370000e+03
   1.2430000e+03
   1.2590000e+03
   1.2550000e+03
   1.2650000e+03
   1.2670000e+03
   1.2710000e+03
   1.2770000e+03
   1.2750000e+03
   1.2830000e+03
   1.2870000e+03
   1.2910000e+03
   1.2950000e+03
   1.1180000e+03
   1.3010000e+03
   1.2990000e+03
   1.3070000e+03
   1.3130000e+03
   1.3170000e+03
   1.3210000e+03
   1.3190000e+03
   1.3350000e+03
   1.3250000e+03
   1.3310000e+03
   1.1880000e+03
   1.2020000e+03
   1.2060000e+03
   1.2080000e+03
   1.2100000e+03
   1.2140000e+03
   1.2180000e+03
   1.2220000e+03
   1.2260000e+03
   1.2320000e+03
   1.2360000e+03
   1.2380000e+03
   1.2420000e+03
   1.2440000e+03
   1.2460000e+03
   1.2480000e+03
   1.2500000e+03
   1.2520000e+03
   1.2540000e+03
   1.2560000e+03
   1.2580000e+03
   1.2600000e+03
   1.2620000e+03
   1.2640000e+03
   1.2660000e+03
   1.2680000e+03
   1.2700000e+03
   1.2720000e+03
   1.2740000e+03
   1.2760000e+03
   1.2780000e+03
   1.2800000e+03
   1.2820000e+03
   1.2840000e+03
   1.2860000e+03
   1.2880000e+03
   1.2900000e+03
   1.2920000e+03
   1.2940000e+03
   1.2960000e+03
   1.2980000e+03
   1.3000000e+03
   1.3020000e+03
   1.3040000e+03
   1.3060000e+03
   1.3080000e+03
   1.3100000e+03
   1.3120000e+03
   1.3140000e+03
   1.3160000e+03
   1.3180000e+03
   1.3200000e+03
   1.3220000e+03
   1.3240000e+03
   1.3260000e+03
   1.3280000e+03
   1.3300000e+03
   1.3320000e+03
   1.3340000e+03
   1.3360000e+03
