   4.1351753e+01  -3.2228787e+01
   6.8899577e+01  -7.4204118e+00
  -1.3535150e+01  -7.0367452e+01
  -2.7679561e+01   4.9949634e+01
  -7.6135197e+01  -7.0669333e+01
  -6.1050886e+01  -7.6387272e+01
  -5.5823356e+00  -9.0406236e+00
  -5.7767654e+01   1.4847145e+01
   7.6883011e+01   4.9880078e+01
  -5.7525443e+01   3.1680906e+01
  -5.9978706e+01  -2.5934249e+01
   1.8788070e+01   5.7941836e+01
   1.4951502e+01   7.7486419e+01
  -5.9073784e+01  -4.9994895e+01
  -4.8165851e+01   4.8774778e+00
   5.7625021e+01  -5.2243075e+01
  -8.8583324e+01  -1.8225218e+01
   7.1025950e+01  -4.0946491e+01
  -9.0245557e+01  -3.0547999e+01
   5.5770302e+01  -3.4747115e+01
  -2.2186112e+01   9.6752014e+01
   3.2442479e+01  -7.5258352e+00
   6.8289170e+00   7.1638825e+01
  -1.0549545e+01   6.6118250e+01
  -2.9354927e+01   1.0102701e+01
  -3.8598661e+01   6.8129099e+00
  -8.7251889e+01   4.8328829e+01
   2.2232836e+01   3.5970012e+01
  -7.9792129e+01   6.2600183e+01
   1.0662919e+01  -5.0951247e+01
  -2.8493690e+01   8.7858736e+01
   3.0634936e+01  -4.8458608e+01
   7.5562170e+01  -3.2138746e+01
   4.6529077e+01   8.0197348e+00
   2.4711033e+00  -6.6269706e+01
  -2.7990478e+01  -9.8013571e+01
   4.6559859e+01   6.4057361e+01
  -2.0175876e+01  -2.8331301e+01
   8.7520935e+01   7.8524345e+01
   1.5271469e+01  -2.5459363e+00
   8.1803726e+01   5.8585519e+01
   2.3417209e+01  -1.1821379e+01
  -6.6655706e+01  -3.3198279e+01
   7.3773154e+01   7.9503150e+00
   6.7887045e+01   7.4739601e+01
   4.3190007e+01   8.3617904e+01
   7.8586760e+01   8.6740473e+01
   9.4465332e+01  -3.4480944e+01
   1.6996367e+01   9.7005561e+01
  -7.9323681e+00   2.7424770e+01
  -4.7862736e-01   5.4944340e+01
  -2.2641201e+00   3.6242956e+01
   3.3162819e+01   2.8068562e+01
  -5.8962965e+01   5.1277664e+01
  -7.9605282e+01   8.5152238e+01
   5.6431429e+01   6.6679375e+00
  -6.8537352e+01   2.1537393e+01
  -7.8883256e+01  -1.5892314e+01
   6.9353627e+01  -6.9473852e+01
   8.5267971e+00   6.0883483e+01
   3.9308184e+01  -8.3944805e+01
  -5.7709413e+01  -3.7245534e+01
  -6.7369253e+01   1.9277691e+00
  -9.5232269e+01  -9.5965825e+00
  -3.2488656e+01   7.7419018e+01
   5.8517054e+01  -6.6960531e+00
  -8.6753543e+01   2.6007829e+01
   6.3925697e+01  -1.6006423e+01
   4.2375222e+01  -2.0241134e+01
   5.9370998e+01  -2.4819734e+01
  -4.0412880e+01  -5.9227077e+01
  -8.3803481e+01  -5.0439064e+01
  -9.3513995e+01  -8.2951954e+01
  -1.7601645e+01  -4.6455957e+01
  -3.7760243e+01  -9.7071721e+01
  -2.5850028e+01  -5.5504265e+01
   5.3807757e+01  -7.2414085e+01
   4.6605286e+01   1.9081573e+01
   3.2137712e+01   5.1592519e+01
   4.1314487e+01   5.5547542e+01
  -4.4323161e+00   7.4134471e+01
  -6.4703821e+01  -8.6645090e+01
  -7.1173021e+00   9.3894427e+01
   7.5154733e+01   6.7107813e+01
   3.5837972e+00  -9.5122186e+01
   1.3468655e+01   8.8401001e+00
   2.5085214e+01  -7.7643619e-01
  -7.4702885e+01  -4.6766670e+01
  -4.8116460e+01  -9.1634416e+01
   2.6884939e+01  -3.7612738e+01
   7.8061613e+01  -1.1466834e+01
   9.1340868e+01   5.5573998e+01
   6.5905354e+01   1.4088746e+01
   9.4949421e+01   2.0676573e+01
   5.0051675e+01   3.6159416e+01
  -4.4899780e+01  -6.8662014e+01
   3.8957375e+01   9.2677435e+01
   6.5712951e+01   8.4498934e+01
   2.4190396e+01   7.3241103e+01
   9.9019596e+01  -1.6065010e+01
   5.2946313e+01   9.7621333e+01
   2.3383232e+01   2.6041154e+01
   4.3522376e+00   2.8809111e+01
   1.0056393e+01   3.9073746e+01
  -2.1233295e+01   3.6854172e-01
  -4.2758883e+01   2.4515774e+01
  -2.8073358e+01   2.1327802e+01
  -3.9825701e+01   7.0673893e+01
   3.9527486e+01   3.7767212e+01
   3.8041793e+01   1.4045648e+01
  -2.9366281e+01   6.7975529e+01
  -4.8794061e+01   7.7656178e+01
  -3.7313896e+01   3.2719867e+01
  -6.8853309e+01   5.0599983e+01
  -5.2581823e+01   9.6730897e+01
  -3.5399619e+01  -1.8609997e+01
   5.1302858e+01   5.5191320e+01
  -8.5559223e+01   3.8505323e+01
  -9.7064281e+01   4.9854949e+01
   2.0809626e+01  -4.6671170e+01
   2.1435243e+01  -6.6723445e+01
   7.1033238e+01  -5.9715077e+01
  -2.2794665e+01   7.9645743e+01
   3.1100573e+01  -6.8996515e+01
  -9.7893372e+00  -7.9595579e+01
   2.9941633e+00  -3.8265179e+01
  -6.0765595e-01  -7.5587130e+01
   1.9195651e+01  -3.1219394e+01
  -1.2028683e+01  -2.2500925e+01
   1.3908316e+00  -4.7987098e+01
  -9.3767160e+01  -7.1354261e+01
  -7.6306785e+01  -8.5473637e+01
  -2.8372905e+01  -1.1516742e+01
  -4.0794167e+01  -2.7399859e+01
  -4.0448151e+01  -7.7539845e+01
  -8.0828441e+01  -9.7849542e+01
  -9.1641323e+01  -9.8646170e+01
  -9.9263615e+01  -9.2173098e+01
  -2.1784570e+01  -6.4855287e+01
  -5.8569805e+00  -9.0871368e+01
  -7.6478442e+01  -3.3928926e+01
   9.6129884e+01   8.3611252e+01
  -3.2447286e+00   4.6877300e+00
   2.3414049e+01   9.2022173e+00
  -9.0308372e-01   2.0334159e+01
  -5.7022556e+01  -1.2516181e+01
  -8.1721107e+01  -2.5462977e+01
   9.4612901e+00  -2.5788808e+01
   3.2816878e+01  -1.7494676e+01
   9.0763416e+01   3.7868382e+01
   7.6916885e+01  -1.5365888e+00
   9.8177089e+01   3.1157996e+01
  -5.4962848e+01  -8.4349360e+01
   6.0066836e+01   3.3756020e+01
   8.4206119e+01   1.9060229e+01
   6.1273692e+01   5.5878234e+01
   9.8023782e+01   6.3227676e+01
   9.8819969e+01   3.8521872e+00
   4.3676290e+01   7.3630697e+01
   7.9232260e+01   9.6719078e+01
   5.4585875e+00   8.1542074e+01
   3.7583549e+01  -6.1422072e+01
   4.6091519e+01  -6.6293660e+01
   6.5582666e+01  -3.2589058e+01
   5.2345214e+01   8.7639815e+01
  -2.1806826e+01   3.9507752e+01
  -7.9942043e+00   4.6658951e+01
  -6.1225101e-01   6.4921416e+01
  -1.2189149e+01   3.6916092e+01
  -4.6731361e+01   1.5022475e+01
  -3.1117193e+01   2.9917339e-01
  -3.6854493e+01   1.6603013e+01
  -3.1683591e+01   4.0865653e+01
  -7.7092385e+01   1.0460831e+01
  -6.7217643e+01   1.1796671e+01
   3.0367457e+01   4.1759101e+01
   2.8743863e+01   1.7638485e+01
  -4.2243684e+01   6.1016631e+01
  -4.1898267e+01   4.1545679e+01
   4.3148458e+01   2.8453657e+01
   5.6273554e+01   1.6663612e+01
   5.3094987e+01   2.6636529e+01
   5.7351754e+01   4.3366453e+01
  -3.2609677e+01   5.8567144e+01
  -5.8386241e+01   8.8582067e+01
  -5.7044174e+01   4.1549818e+01
  -4.9659955e+01   6.7722279e+01
  -4.8459251e+01   8.7635234e+01
  -8.9654730e+01   5.8251339e+01
   4.7675577e+01   4.5872618e+01
   2.2453808e+01  -8.5867879e+01
  -7.5927861e+01   7.5405066e+01
   5.9817588e+01  -6.4409170e+01
   6.7885682e+01  -5.0357496e+01
  -3.8845468e+01   8.5045613e+01
  -1.2844064e+01   7.9486988e+01
   5.0052171e+01  -1.3902305e+00
   4.5049403e+01  -1.0627925e+01
   9.3165407e+00  -8.5925083e+01
  -1.7800409e+01   4.8655995e+01
   9.4588455e+00  -7.3884831e+01
   3.9723468e+01  -7.3979071e+01
   3.0284109e+01  -7.9529394e+01
   4.9695397e+01  -2.6917149e+01
   9.3781562e+01  -2.4520990e+01
   1.3490020e+01  -3.9872613e+01
   4.8720300e+01  -5.6686496e+01
  -6.8899832e+01  -1.5318936e+01
  -3.1962287e+01   9.8841186e+01
   3.9708262e+01  -4.1970390e+01
   6.5171266e+01   1.8343275e+00
   5.3902167e+01  -1.5567066e+01
   7.0336895e+01  -2.3656366e+01
  -9.7405763e+01   1.0453704e+00
   2.4145501e+01  -2.2431439e+01
  -7.5195144e+00  -5.1954240e+01
   4.0078562e+01  -1.0960287e+00
   3.2721739e+01   5.6343759e+00
  -8.3979417e+01  -4.0435037e+01
  -6.5399471e+00  -4.2002432e+01
   6.1260625e+01  -4.2974045e+01
  -9.1539341e+01   8.9371273e+00
  -7.0037306e+01  -7.8259356e+01
  -9.5360365e+01   3.6799977e+01
  -6.7996439e+01  -5.4339474e+01
  -1.6013663e+01  -5.6821516e+01
  -5.7655697e+01  -6.6322084e+01
  -7.7259814e+01  -5.7977585e+01
  -5.6184372e+01  -9.4594276e+01
  -1.5848525e+01   8.9020952e+01
  -1.8788659e+01  -9.7420614e+01
   2.7096508e+01   6.3507010e+01
   2.2571428e+01   4.8685239e+01
   3.6760847e+01   6.6076161e+01
   1.7885446e+01   8.7045525e+01
   2.6988470e+01   8.2907005e+01
   3.3888077e+01   7.5668820e+01
  -5.0101458e+01  -3.0934192e+01
  -7.1820623e+01  -2.4794766e+01
   8.7011447e+00   9.1000227e+01
   9.5848071e+01   7.2987980e+01
  -6.5739735e+01  -4.2974710e+01
   7.1044698e+01   5.7994091e+01
   8.5112530e+01   6.8022266e+01
   5.5100541e+01   6.9254329e+01
  -4.1290643e+00   8.4355686e+01
   1.5979862e+01   6.7540689e+01
   9.9144396e+01  -6.1090739e+00
   4.3471202e+00  -7.9372683e+00
  -1.5621053e+01  -1.0051030e+01
  -1.1416068e+01  -9.6129994e-01
  -3.4042706e+01  -3.4761899e+01
   3.9085917e+00   1.1611314e+01
   7.7674832e+01   7.6783293e+01
   8.6416955e+01   4.6871376e+01
   3.2405711e+01  -2.7953084e+01
   1.8720389e+01  -5.6441489e+01
   6.3206393e+00   1.8619654e+00
  -6.7558928e+01  -6.5588166e+01
   8.8346943e+01   2.8168463e+01
   1.1986223e+01  -6.3710190e+01
   8.3547265e+01   5.8910673e+00
   9.6413951e+01   4.6642933e+01
   7.4225282e+01   1.9621833e+01
   6.4775529e+01   2.4024637e+01
   8.7237741e+01  -5.4872319e+00
   6.6513934e+01   4.7365932e+01
   8.7207864e+01  -1.5507272e+01
   6.4325400e+01   6.5398247e+01
   5.7366315e+01   7.8992653e+01
   9.2011877e+01   1.1143906e+01
  -9.4307166e+01  -3.9620020e+01
   6.9710601e+01   9.3664032e+01
  -5.1684542e+01   5.7970874e+01
   1.8616613e+00   9.8294556e+01
  -3.0088319e+01  -4.6488890e+01
   4.0032545e+01  -5.1835558e+01
  -2.0050912e+01  -7.7946305e+01
   4.8890716e+01  -8.1103111e+01
   7.8099317e+01  -4.7991345e+01
  -3.1589341e+01  -6.3682161e+01
   2.8957542e+01   9.2711197e+01
   1.4236598e+01   2.9994440e+01
   9.9814912e+00   2.0553922e+01
  -7.6693938e+01   4.2987681e+01
   1.9590777e+00   4.5269202e+01
  -1.7848879e+01   2.8706867e+01
   1.0124488e+01   5.1019342e+01
  -1.1203736e+01   5.6146820e+01
  -5.7973593e+01   4.9235365e+00
  -5.2509088e+01   2.3182137e+01
  -2.7470713e+01   3.1289483e+01
  -2.1186711e+01  -1.8429835e+01
  -3.7426347e+01  -7.3120330e+00
  -1.5005859e+01  -3.6812641e+01
  -4.9490959e+01   4.8015186e+01
  -3.9891593e+01   5.1315219e+01
  -4.7546613e+01   3.3295433e+01
  -6.7472759e+01   3.1262610e+01
  -7.8435793e+01   2.0346430e+01
  -7.8600921e+01   3.1326736e+01
   1.9124076e+01  -7.6443968e+01
  -6.9993993e+01   8.7913236e+01
   6.2677927e+01  -7.6846636e+01
  -5.8741347e+01   7.8614775e+01
  -6.4241235e+01   9.6661138e+01
  -9.9914124e+01   5.9414637e+01
  -9.4317938e+01   6.7679243e+01
   2.8054543e+01  -5.9232492e+01
  -8.4942982e+01   7.1098072e+01
   8.0478432e+01  -6.2900030e+01
  -2.0960478e+01   6.2589421e+01
  -4.4355103e+01  -1.4340007e+01
  -5.1387659e+01  -2.1127644e+01
  -4.1090075e+01   9.4766068e+01
  -1.8286314e-01  -8.5038431e+01
  -6.6951420e+01   4.1013557e+01
   8.4260029e+01  -2.7368152e+01
   1.5362450e+01  -1.7738241e+01
   3.7666725e+01  -9.3794217e+01
  -7.9854881e+01   8.8695866e-01
   4.9947972e+01  -4.2997622e+01
  -9.7253942e+01  -6.1981842e+01
   8.5068556e+01  -3.7894195e+01
  -2.4263530e+01  -8.8679212e+01
  -3.9484445e+01  -8.7335954e+01
  -3.1365398e+01  -8.1697446e+01
  -7.2900492e+01  -6.2458496e+00
  -8.5335007e+01  -8.1668499e+00
  -8.2900227e+01  -7.8021784e+01
  -4.7635685e+01  -5.0147884e+00
  -7.8442483e+01   5.2799627e+01
  -6.8839879e+00  -6.2946232e+01
  -9.3665685e+01  -4.9557633e+01
  -7.1555883e+01  -9.4131480e+01
  -9.7416571e+01  -2.2851818e+01
  -4.8280444e-02  -2.8837442e+01
  -9.2867123e+01   1.8553237e+01
  -5.3015586e+01  -5.7633011e+01
  -5.1995803e+01  -7.4910389e+01
  -1.1336449e+01  -9.5312640e+01
  -6.1836419e+01  -9.4680757e+01
