   9.5407974e+01   2.8425379e+00
  -4.9258128e+01   2.3805648e+01
   2.0266358e+01   5.7909910e+01
   5.6688140e+01   7.0828126e+01
   6.5044493e+01   4.6650721e+01
   2.2334959e+00   6.6496228e+01
   2.5800577e+01  -1.3818465e+01
  -2.1093172e+01  -7.8854870e+01
   1.1902072e+01   6.3582079e+01
  -2.3881773e+01   5.3083544e+01
  -7.2626841e+01   2.5568288e+01
  -7.6325958e+01   8.6225597e+01
  -5.6991113e+01  -9.7591327e+01
  -2.7657549e+01  -7.1617177e+00
  -3.7872193e+01  -5.9010151e+01
   3.1010991e+01  -8.4043921e+01
  -2.6534734e+01   2.3462166e+01
  -3.2834544e+01   4.8613266e+01
  -5.1805630e+01   1.0622800e+01
   3.5805740e+00  -8.2623754e+01
  -8.6528869e+01  -9.6319532e+01
   3.6015320e+01   3.2510566e+01
  -3.1116682e+00  -1.5491827e+01
  -8.0220450e+01  -8.2347950e+01
  -1.1883829e+01  -6.7387073e+01
   4.9084807e+01  -8.9419325e+01
  -2.2204201e+01  -4.8481901e+01
   1.8590139e+01   1.1440744e+01
  -2.6863978e+01  -3.4071840e+01
   6.6523330e+00   7.9953924e+01
  -2.7234946e+00   3.1162518e+01
  -1.1860256e+01   7.9207457e+01
  -1.5940162e+01   5.9170041e+01
  -7.1493451e+01   7.3810102e+00
  -8.5048395e+01  -7.5271163e+00
   5.3365980e+01  -4.6097670e+01
  -6.7581609e+01   1.6945002e+01
   6.3888481e+00  -3.2324193e+01
  -8.4311527e+01   6.7727424e+00
  -7.7829297e+01  -6.2746569e+01
   5.1387298e+01  -3.2230777e+01
   7.9048344e+01  -1.3687586e+00
   6.2765826e+01  -5.7683226e+00
  -2.0326542e+01  -8.8757122e+01
   6.4192719e+01  -6.7258588e+01
  -5.9820534e+01  -6.5420102e+01
  -5.9325396e+00  -4.1252754e+01
  -5.6759027e+01  -1.8234685e+01
   6.4883494e+01  -3.5052264e+01
  -2.7246993e+01   5.3737470e+00
   7.6016697e+01   7.7686707e+00
   9.9208854e+01  -5.6514921e+01
   4.4128839e+01  -5.7539328e+01
  -8.1243909e+01   9.4932706e+01
  -6.3314992e+01   4.9880108e+01
  -4.9417834e+01   6.6657015e+01
   2.8755439e+01  -4.9064466e+01
  -3.7641811e+01   3.9847613e+01
   2.2120648e+01  -2.3082483e+01
   1.3826660e+01  -4.1700821e+01
   2.7073894e+01   9.8698031e+01
   2.1640645e+01  -8.7500087e+01
   6.3201066e+01  -4.4786189e+01
  -7.9630194e+01  -4.3648733e+01
   7.4201756e+01  -3.8842367e+01
   8.1769825e+01  -4.6913780e+01
  -8.4502704e+01   8.0468790e+01
  -6.0191390e+01  -7.5396614e+01
   6.4167086e+01   7.9809207e+01
   3.9789352e+01   5.8266137e+01
   1.2214040e+01   4.1033616e+01
   1.4073171e+01   7.3338247e+01
   3.6248785e+01   1.8357772e+01
  -4.3546446e-01   1.1437052e+01
   7.3637809e+01   7.7014095e+01
   1.0965620e+01  -6.7758310e+00
   5.6785328e+01  -2.3854121e+01
   1.2203853e+01  -2.4266491e+01
   1.4629785e+01   2.4284743e+00
   8.2781056e+01   5.8660066e+01
   3.1031646e+01   7.2275769e+01
   3.2619952e+01   9.0414533e+01
   5.6221856e+01   5.5750153e+01
  -1.7120274e+00  -5.0235347e+01
  -6.1864157e+01  -2.6766439e+01
  -5.0592248e+01  -8.0178845e+01
  -2.4594011e+00   7.5906427e+01
  -9.4793816e+01   3.8746937e+01
  -4.0934410e+00   4.1051704e+01
   1.6620644e+01   2.9601520e+01
  -5.2443688e-01   2.1421434e+01
  -2.3144807e+01  -1.6193326e+01
  -3.1731391e+01   3.1892920e+01
  -2.7783127e+01  -2.4496178e+01
  -5.1978357e+01  -9.5707619e+00
  -4.1604773e+01   7.6326555e+01
  -6.7870459e+01  -1.8538626e+00
  -7.7749832e+01  -7.2820565e-01
  -8.8247477e+01   1.5939465e+01
  -2.1722404e+01   6.7330979e+01
  -3.0391373e+01   8.2865389e+01
   5.2885187e+01  -5.2675429e+00
  -1.2346421e+01   2.8738739e+01
  -4.2680348e+01  -6.8712600e+00
  -6.9012228e+01   3.4881707e+01
  -4.3050795e+01   4.8175297e+01
  -5.7698887e+01   7.8099636e+01
  -3.0258825e+01  -8.9708495e+01
  -6.8121145e+01   9.1949339e+01
  -5.4321681e+01   3.2167640e+01
   1.7663695e+01  -6.9515616e+01
  -4.0038349e+00  -8.9135321e+01
   5.9454625e+01  -5.3993940e+01
   2.3718651e+01  -4.0471986e+01
  -1.2250765e+01  -9.4787934e+01
  -8.9494089e+01   5.9170602e+01
   2.8237852e+01  -3.0933273e+01
  -7.8900829e+01  -3.2694155e+01
  -7.0147489e+01  -4.9047527e+01
  -1.5760530e+01  -4.1135915e+01
   1.3793538e+00  -6.2808294e+00
   8.3302800e+01   8.9175784e+01
   8.4679849e+01   6.8442782e+01
   8.9328019e+00  -5.0465345e+01
   4.2995679e+01  -4.3773178e+00
   4.1975807e+01  -1.4658663e+01
  -9.7940465e+01  -3.9582213e+01
   9.0200222e+01  -1.3805189e+01
   5.3887711e+01   2.2555840e+01
   5.1888239e+01   9.2167958e+01
   3.1170606e+01   4.1193599e+01
   3.5804753e+01   8.0994353e+01
   4.5913171e+01   1.6907126e+01
  -3.7342496e+01  -2.2570281e+01
  -1.9289948e+00  -6.7094509e+01
   9.3572688e+01   2.1749837e+01
   4.7919229e+01  -7.8873080e+01
  -1.8030572e+01  -5.7490443e+01
  -5.2716111e+01  -2.7377828e+01
  -7.2054125e+00  -5.8621258e+01
  -6.9874388e+01  -7.7881217e+01
  -6.6791007e+01  -5.8346773e+01
  -4.1443202e+01  -6.8025775e+01
   5.8406269e+01   3.1739309e+00
   2.0674751e+01  -5.4424619e+00
   8.3046061e+01  -2.0759581e+01
   7.2288295e+01  -8.4367908e+00
   6.8453929e+01  -5.8196891e+01
   7.7049173e+01  -2.9256324e+01
   6.2783618e+01  -1.5690497e+01
   4.5820929e+00   5.6776556e+01
  -9.2414132e+01   4.8458364e+01
  -1.8414424e+01  -8.0469963e+00
  -1.2720066e+01  -1.5272993e+01
  -6.1035048e+00   6.0976495e+01
  -3.0363993e+01   7.2877364e+01
  -1.1886590e+01   6.9131317e+01
  -3.6431266e+01   2.3034866e+01
  -2.6823446e+01   4.0653675e+01
   5.6957120e+01  -8.3141561e+01
   6.5267533e+01  -7.7181266e+01
   6.6137139e+01  -8.7124392e+01
  -9.3066099e+01   7.2510845e+01
  -4.3457008e+01   1.6040616e+01
  -2.7095067e+00   9.7527871e+01
  -4.2339771e+01   3.1005169e+01
  -7.2993313e+01   5.2344365e+01
  -8.5216187e+00   8.8616548e+01
  -2.1683133e+01   7.7662243e+01
  -1.8389709e+01   8.7078367e+01
   2.2231145e+01   6.7661093e+01
  -5.2298361e+01   5.7095192e+01
  -4.2404974e+01   5.8005172e+01
  -4.9001943e+01   8.3021794e+01
  -5.0485348e+01   9.3482505e+01
  -6.6893676e+01   8.2025802e+01
   2.8541992e+01  -9.9281905e+01
   1.3524373e+01  -8.1674915e+01
   2.5796987e+01  -7.5333653e+01
  -1.4071946e+01   3.8582133e+01
   5.5188063e+01  -6.2976122e+01
  -6.8646071e+01  -1.6775490e+01
  -9.5405777e+01   8.9782235e+00
  -7.7453369e+01   1.5356752e+01
  -6.0435503e+01   3.9950676e+01
   3.3715078e+01  -5.7698053e+01
   9.4846581e+01  -3.6132992e+01
  -6.6982728e+01  -9.7583900e+01
   9.1674209e+01  -4.7459791e+01
   3.8939997e+00  -4.1924428e+01
  -7.8332611e+01  -7.2589981e+01
   1.8875497e+01  -5.0323602e+01
  -7.9527117e+01   6.1263345e+01
  -8.9229900e+01  -8.6649322e+01
  -5.6694672e+01  -5.5970687e+01
  -4.9981262e+01  -9.0239226e+01
  -5.1211029e+01  -7.0242975e+01
   1.2732448e+01   8.7875982e+01
  -9.9855163e+01   9.6185132e+01
   1.7272287e+01   9.6775074e+01
  -9.8852354e+01   1.8417372e+01
  -9.7369943e+01  -6.5962821e+01
  -8.8586262e+01  -3.3191650e+01
  -9.2240995e+01   2.5911467e+01
   2.2885561e+01   7.8078645e+01
   2.8225322e+01   1.2817706e+01
   2.1732433e+01   3.8126078e+01
  -3.3102568e-01  -2.4999764e+01
   1.7738657e+01  -3.2513866e+01
   1.6165906e+01  -1.5142300e+01
   2.1435984e+01   2.0892059e+01
   2.4582483e+01   3.5888617e+00
   1.4594491e+00   8.8455874e+01
   9.8586143e+01   3.8435689e+01
  -5.1033398e+00   2.6661151e+00
   8.0191665e+01   9.8656155e+01
   6.4911155e+00  -1.6161053e+01
  -8.1234688e+00  -3.1616146e+01
   9.0634099e+00   1.2898688e+01
   7.3284682e+01   8.7403676e+01
  -3.8361182e+01   7.8922754e+00
   9.0353584e+01   9.7982193e+01
   7.0337986e+01   9.6962616e+01
   1.5257748e+01  -5.9809359e+01
   3.4175235e+01   1.1796157e+00
  -9.0551607e+01  -5.8267467e+01
   7.0969104e+01   2.0633175e+01
   9.8004850e+01  -2.0124768e+01
   5.2056415e+01   3.2362885e+01
   2.8661470e+01   5.2502175e+01
   7.5224643e+01   6.5040406e+01
   4.0777200e+01   7.0162153e+01
   9.4389322e+01   5.7718664e+01
   4.2523963e+01   8.8591046e+01
   4.5520488e+01   7.8921013e+01
   4.0646365e+01   9.8413196e+01
   8.8853769e+01   4.0672172e+01
   8.8435862e+01  -3.9989985e+00
   3.4095739e+01  -8.6676311e+00
   2.2854023e+01   8.8078536e+01
  -2.7353270e+01  -6.0988869e+01
  -3.0737935e+01  -8.0002298e+01
  -3.5195868e+01  -1.3153099e+01
  -1.8080896e+01  -3.2122828e+01
   4.8624989e+01   3.7843148e+00
   9.3646670e+00   2.2799729e+01
  -4.4067221e+01  -2.9530746e+01
   8.6962173e+01  -6.6713937e+01
   8.6237043e+01   8.9142528e+00
   7.9614922e+01   1.6228542e+01
  -5.5907475e+01  -3.5994496e+01
  -6.1786995e+01  -9.6085802e+00
  -4.6845600e+01  -1.9751664e+01
  -9.7004502e+01  -8.5430012e+00
  -3.1406580e+01  -5.2171249e+01
  -3.0302700e+01  -4.2749421e+01
  -1.1655194e+01  -4.9859506e+01
  -6.9417571e+01  -6.7964111e+01
  -4.8105192e+01  -6.0737490e+01
   8.4112580e+01  -3.7221257e+01
  -5.8882750e+01  -8.5698321e+01
  -9.4465001e+01  -2.5252382e+01
  -2.1667697e+01  -6.8987069e+01
  -2.1519023e+01  -9.8648425e+01
  -9.8434274e+01  -9.5008193e+01
   3.8105315e+01  -7.7020500e+01
   7.1042277e+00   3.2500793e+01
  -8.2444103e+01   2.4035320e+01
   1.3145168e+01   5.0955035e+01
   4.0713628e+00   4.6796692e+01
  -9.5916360e+01  -4.9860801e+01
  -8.8873667e+01  -4.3087342e+01
  -8.5121455e+01   4.1248860e+01
   9.4286450e+01  -8.5496247e+01
   6.1878761e+01  -9.6162477e+01
   5.6114545e+01  -7.3151330e+01
  -1.4353289e+01  -2.4017488e+01
   7.1932683e+01  -9.5265260e+01
  -6.2820993e+01   2.7082523e+01
  -6.1627837e+01   8.9141971e+00
  -4.9641992e+00   5.1047224e+01
   4.3967586e+01   2.6610029e+01
   8.7941919e+01  -9.3225861e+01
  -2.9657156e+01   6.1245581e+01
  -1.4980872e+01   4.8532093e+01
  -4.7608956e+01   3.9405172e+01
  -7.5015365e+01   7.6193407e+01
   5.2537585e+01  -9.9721806e+01
   3.3700707e+01  -4.0378565e+01
  -5.7736986e+01   1.8560101e+01
  -5.6289860e+01  -5.6965402e-01
  -3.7693010e+01   9.7417347e+01
  -3.9655799e+01   8.6623645e+01
   7.2762184e+00   9.6841414e+01
   5.1911847e+01  -1.5188286e+01
   3.8130768e+01  -2.9174533e+01
   8.3201908e+00  -7.3138227e+01
   1.3363075e+00  -9.7589283e+01
  -3.8280752e+01   6.6947122e+01
  -7.5240368e+01   4.2654188e+01
  -1.2045318e+01  -8.3192235e+01
  -2.5756631e+01   9.3827336e+01
  -9.0791743e+01   9.1959683e+01
  -2.1692559e+01   3.2130907e+01
  -4.6591184e+01   2.2153988e+00
  -1.2706258e+01   9.7690537e+01
  -5.3683325e+01   4.7264786e+01
  -3.1055460e+01   1.4608472e+01
   7.4124672e+01  -6.6280541e+01
  -7.8884282e+01   3.3362511e+01
  -5.8868081e+01   8.8030305e+01
   1.8782603e+01  -9.7077305e+01
   2.4874055e+01  -6.2586232e+01
  -6.0262887e+01   9.8133465e+01
   4.6875166e+01  -6.8456464e+01
   4.5359090e+01  -4.0183382e+01
   4.6410666e+01  -2.3575580e+01
   3.6990612e+01  -6.7105971e+01
   3.6050353e+01  -9.2677506e+01
   3.8738007e+01  -4.9043081e+01
   7.2134389e+01  -4.8992698e+01
   3.2252724e+01  -2.1206022e+01
  -7.8466966e+01  -1.5042084e+01
   7.3463083e+01  -1.8219981e+01
   9.0776960e+01  -2.7024635e+01
  -3.8308256e+01  -9.5582946e+01
  -7.1301615e+01  -2.6695456e+01
   6.6613515e+01  -2.5322122e+01
  -7.1946697e+01  -3.9368251e+01
  -6.0405806e+01  -4.6747821e+01
  -8.2941448e+01   5.1624059e+01
  -8.3262655e+01   7.0539272e+01
  -9.9059236e+01  -8.4837999e+01
  -9.4286403e+01   8.2537418e+01
  -9.0287646e+01  -1.6031936e+01
  -8.3700746e+01  -2.3555309e+01
  -9.4769305e+01  -7.5618735e+01
   6.6602352e+01   6.9958581e+01
   9.0897435e+01   3.1212033e+01
  -8.0705368e+00  -6.9693123e+00
  -4.4683154e+00  -7.6717042e+01
   3.4363623e+00  -5.8745794e+01
   6.2933871e+01   8.9791960e+01
   9.3268016e+01   8.8381953e+01
   8.3255616e+01   7.9215715e+01
  -4.7284178e+01  -9.9939154e+01
   5.4520301e+01   1.2258167e+01
   6.2913260e+01   2.6263763e+01
  -7.9438645e+01  -5.3190079e+01
  -8.7022412e+01  -6.7610637e+01
   6.8104306e+01   2.4843289e+00
   6.4315138e+01   1.3387703e+01
  -3.4902055e+01  -1.0003899e+00
   4.4261802e+01   4.0741818e+01
   2.6584294e+01   2.9387936e+01
   4.7903982e+00   3.0301889e+00
  -7.7176303e+01  -9.2843026e+01
   3.7936419e+01   4.8476625e+01
  -6.8624790e+01  -8.7742670e+01
   6.0313044e+01   3.7862813e+01
   3.0656127e+01   6.2296029e+01
   4.8259910e+01   6.3551250e+01
   5.4434670e+01   4.5920763e+01
   9.7806848e+01  -7.3124029e+00
   5.4701433e+01   8.2616787e+01
   7.8054210e+01   4.9659976e+01
   9.2954334e+01   7.7221068e+01
   9.4931594e+01   6.7535130e+01
   9.7885259e+01   4.8394328e+01
   7.0542749e+01   5.6191861e+01
   4.0175258e+01   8.9504027e+00
  -1.4518890e+01  -2.0562390e-01
   8.7964502e+01   5.0305267e+01
   8.0780927e+01  -5.8855360e+01
   9.4189592e+01  -7.3620495e+01
  -3.5877001e+01  -3.3212051e+01
   8.4458057e+01   2.3942401e+01
  -6.4158599e+01  -3.6369120e+01
   9.5604262e+01   1.2454630e+01
  -4.0975096e+01  -5.9195457e+01
  -4.1696764e+01  -7.1218038e+01
  -3.3387803e+01  -7.8123809e+01
