  -8.8259850e+01  -5.3083768e+01
   4.7109150e+00  -8.9008898e+01
  -6.8663039e+01  -2.7809057e+01
   9.2176744e+01   3.8349299e+00
  -5.4440287e+01   4.2556534e+01
   6.0641609e+01  -6.5514056e+01
  -9.8207901e+01  -5.3860576e+01
   2.7881976e+01   8.1260405e+01
  -4.9064313e+01   1.9902744e+01
   2.5726082e+01   4.9636706e+01
  -4.0078270e+01  -7.7790421e+00
   6.1489178e+01   6.7272842e+01
  -5.8828490e+00  -9.6040281e+01
   6.0013257e+01   3.5228267e+01
   2.7332864e+00   6.1649630e+01
  -6.4139017e+01  -1.8630542e+01
   3.1162164e+01  -8.0427851e+00
  -2.5522899e+01  -7.6149072e+01
   8.4103320e+01   7.2108130e+01
   5.4879752e+01   5.6926893e+01
   1.3422189e+01  -6.2901867e+01
   8.0358353e+01   1.0169563e+01
   5.4592590e+01  -9.7989529e+01
   2.9773278e+01   1.9036252e+01
   1.0248017e+01   4.1430533e+01
  -9.2464637e+00   3.7877792e+01
   1.1960646e+01   5.8395573e+01
  -2.6168970e+01   5.5509966e+01
  -8.1742546e+01   3.3418631e+01
  -7.5234964e+01   2.4123767e+01
  -7.5202491e+01   8.2936997e+01
  -9.0002838e+01  -4.7193533e+00
  -9.7333729e+01   2.2231875e+01
  -5.3218735e+01  -8.9289105e+01
   8.2397788e+01   9.9195007e+01
  -2.2691788e+01  -2.2427915e+01
  -5.4359941e+01  -1.7621174e+01
  -2.6872675e+01  -2.0272739e+00
   9.3934990e+01   4.0927625e+01
  -3.4225016e+01  -5.5517559e+01
   3.3649323e+01  -8.1697575e+01
  -2.9612321e+01   1.7661776e+01
   1.5366512e+01   8.5902061e+01
  -2.4824638e+01   4.5897727e+01
  -4.7793704e+01   1.0076112e+01
  -3.1385841e+01   7.0544419e+01
   9.8178619e+01  -6.7792251e+01
   2.6907621e+00  -7.7469779e+01
   9.9319914e+01  -3.3401845e+01
  -7.8868104e+01  -9.0647424e+01
   3.9274946e+01   2.7691064e+01
  -9.7226340e+00  -8.2381736e+00
   9.2302227e+01   7.7831956e+01
   4.5403791e+00  -1.4385810e+01
   4.1159296e+00  -6.5936978e+01
  -7.8069756e+01  -7.5053115e+01
   2.6345591e+01   5.6973270e-01
   4.7379995e+01   7.7642050e+01
  -9.9668560e+01  -3.1599002e+01
   3.8807819e+00  -9.8807170e+01
   8.4995393e+00   9.3408726e+01
  -3.5002624e+01  -7.9061775e+01
   9.1643583e+01   5.3636681e+01
  -1.6360426e+01  -6.0241735e+01
   5.0752570e+01  -8.9042713e+01
  -3.0110350e+01  -4.6417194e+01
   1.6236402e+01   1.4876922e+01
  -3.2540243e+01  -3.6811303e+01
   8.8873243e+00   7.4378041e+01
   5.6929976e+00   8.3822919e+01
  -9.5238167e+01   4.9481005e+01
  -2.4915565e+00   3.0639059e+01
  -1.2917302e+01   7.4661693e+01
  -2.8365750e+01   3.6847388e+01
  -1.6324006e+01   5.5499322e+01
   1.9627875e-01   9.9377510e+01
  -6.2090290e+01   7.2997139e+00
  -5.5240082e+00  -3.0237688e+01
  -5.6147749e+01  -4.9609824e-01
  -7.8938815e+01  -8.8208348e+00
   3.7825830e+01  -4.9454218e+01
  -5.2715201e+01   9.6436562e+01
  -3.7505517e+01   8.8092843e+01
   5.5747113e+01  -4.1142840e+01
  -6.4960062e+01   2.6591012e+01
   3.7885758e+01  -3.2606820e+01
  -8.8717218e+01   6.0115493e+01
  -3.6344768e+00  -3.9581201e+01
   1.8023541e+00  -2.3844644e+01
  -8.1299617e+01   8.7713783e+00
   8.9672283e+01   3.1881805e+01
  -1.9132237e-01  -5.7390084e+00
  -8.1860665e+01  -6.2067528e+01
   9.9382052e+01   8.7778059e+01
   2.3800200e+01  -1.4746054e+01
   4.2217929e+01  -2.3840591e+01
  -9.6653413e+01  -4.1740841e+01
  -8.3516002e+01  -1.7559085e+01
   3.8895741e+01   1.5267889e+01
   5.3125903e+01   8.5819039e+01
   5.0228895e+01   3.7692575e+01
   8.3217083e+01  -1.1415358e+00
   6.3053208e+01  -3.0972434e+00
   6.5580482e+01   5.8150118e+01
  -1.6324820e+01  -7.9878227e+01
   7.0587627e+01  -6.6543381e+01
  -5.1713461e+01  -5.8565765e+01
  -1.4400861e+01  -3.4588580e+01
  -4.8701219e+01  -2.5703364e+01
   1.1149367e+01   2.3472396e+01
   6.7548768e+01  -2.5956350e+01
  -2.8554306e+01   7.7394062e+00
   4.8747323e+01  -3.4126508e+01
  -7.7965161e+01   4.2552242e+01
  -2.9268682e+01   8.2823490e+01
   6.8165052e+00   3.2294298e+01
  -6.7879105e+01   1.7492140e+01
   6.7295158e+01   5.9575722e+00
   9.8711717e+01  -5.6886729e+01
   1.5376086e+01  -9.6898068e+01
   4.2509946e+01  -5.7505433e+01
  -9.8517997e+01  -7.0127591e+01
  -4.7249543e+01   8.8262894e+01
   4.8343575e+01  -1.4904125e+01
  -8.2920680e+01   8.9178485e+01
  -6.0963509e+01   5.0450988e+01
  -9.4401661e+01   3.1675053e+01
  -5.0220303e+01   6.5942800e+01
  -4.2138436e+01  -8.5505304e+01
   2.8630136e+01  -4.9597114e+01
  -3.9119708e+01   3.6835527e+01
   2.0931268e+01  -2.4254958e+01
   1.3149506e+01  -4.3470651e+01
   2.4040255e+01   9.0738439e+01
   8.8711098e+01  -5.6799382e+01
   2.0718790e+01  -8.4733328e+01
   6.4688084e+01  -4.5466090e+01
  -6.9000411e+01  -4.9301945e+01
  -9.2885852e+01  -1.4287183e+01
   7.4096052e+01  -4.2223433e+01
   8.0600733e+01  -4.9773572e+01
  -9.7021991e+01   7.7291415e+01
  -7.7798583e+01   7.3452445e+01
  -6.1247180e+01  -6.5583966e+01
   5.7326241e+01   7.6750555e+01
   2.1298067e+01  -5.7596915e+01
  -8.9917261e+01   1.5541207e+01
  -6.8060393e+01  -3.7529353e+01
   3.6145647e+01   5.7291046e+01
   1.5794353e+01   4.9490300e+01
   1.5967366e+01   6.7347838e+01
   2.5013595e+01   1.0335361e+01
   3.4423356e+01   6.3944356e+00
   2.1048370e+01   2.3537120e+01
  -1.0358882e+00   8.5801087e+00
   7.4250088e+01   7.0411417e+01
   7.7740271e+01   7.9869233e+01
   6.3075042e+01   8.6622883e+01
   9.4330535e+00  -3.4931252e+00
  -5.5808146e+00  -1.7223478e+01
   9.8368629e+01   9.8822108e+01
   5.2064508e+01  -2.5035346e+01
  -1.1820926e+01  -4.4308682e+01
   8.8188304e+00  -3.0779281e+01
   1.1480955e+01  -2.1382352e+01
  -8.7042836e+01  -7.1174877e+01
   9.0559920e+01   6.3577206e+01
  -9.1761017e+01  -6.2581434e+01
   9.8902599e+01   1.7274549e+01
   1.4709240e+01   4.9703857e+00
   7.8219416e+01   5.3002741e+01
   6.1949235e+01   1.4403313e+01
   4.8114173e+01   9.9985262e+01
   3.0047256e+01   7.1480913e+01
   3.3881070e+01   8.9197950e+01
   7.3249633e+01  -2.0738066e+00
   5.6910843e+01   9.5237118e+01
   1.9085966e+01   7.6691136e+01
   5.9838688e+01   4.5202401e+01
  -2.4193060e+01  -6.6277852e+01
  -4.2369481e+01  -7.2439409e+01
   8.9206017e+01   1.4829909e+01
  -1.3951138e+00  -4.9180677e+01
  -3.1797547e+01  -2.6051316e+01
   5.5216912e+01   2.6508323e+01
  -2.1318484e+01  -4.1795772e+01
  -5.8578655e+01  -2.6480250e+01
  -5.1123553e+01  -7.0122669e+01
  -2.3695355e+00   7.8076491e+01
   9.9278344e+01  -4.6904849e+01
   6.3922629e+00   1.4858884e+01
  -8.9183517e+01   3.9934078e+01
  -4.4131911e+00   6.8430113e+01
   4.1873138e-01   4.0155558e+01
   1.6507066e+01   3.2195781e+01
  -7.1892257e+01   3.3542651e+01
  -1.6283306e+00   2.0745748e+01
  -5.3241503e+00   4.8234624e+01
  -1.4974715e+01   4.5791714e+01
  -1.2946474e+01  -2.3919684e+01
  -2.6581762e+01  -1.1870012e+01
   4.3684122e+01  -8.2629362e+01
   5.2991300e+01  -7.2350119e+01
  -3.4203626e+01   4.9354606e+01
  -3.3496694e+01   2.8615092e+01
   9.8110940e+01  -8.7581502e+01
  -3.5039504e+01  -1.6705764e+01
  -5.8131822e+01   1.6323965e+01
   7.9989841e+01  -9.4999609e+01
  -5.0251969e+01  -8.4914950e+00
   7.0098115e+01  -9.3732577e+01
  -4.0771193e+01   6.8002803e+01
  -4.4702734e+01  -1.6606374e+01
  -5.9983070e+01  -9.6375439e+00
  -7.5982963e+01   3.7763231e-01
  -6.9168266e+01  -6.6275652e+00
  -8.5197316e+01   2.4218687e+01
   3.8294266e+01   9.8144501e+01
  -3.4056984e+01   9.7436210e+01
  -2.3368033e+01   6.4974690e+01
  -2.5092646e+01   9.3522230e+01
  -3.7778130e+01   7.8079565e+01
   4.8971943e+01  -4.9270729e+00
  -1.1702011e+01   2.8330897e+01
  -3.6173282e+01   1.3537672e+00
  -6.8116916e+01   4.2558064e+01
  -4.6016497e+01   3.6901153e-01
  -4.3516151e+01   4.5745521e+01
   1.1677115e+01  -7.2406799e+01
  -5.6467566e+01   7.7176442e+01
   3.2577929e+01  -4.0806268e+01
   5.9501542e+01  -3.1862723e+01
  -1.5008372e+01  -7.0077094e+01
  -7.1206861e+00  -7.6558472e+01
  -2.3962190e+01  -8.6050212e+01
  -3.3305226e+01  -8.9305566e+01
  -6.6555948e+01   8.9426536e+01
  -5.5184113e+01   2.8395847e+01
  -4.1393942e+01  -9.6022055e+01
   2.8118682e+01  -3.1037875e+01
  -4.3553314e+01   9.9489990e+01
   2.2640970e+01  -6.7024173e+01
  -4.6684039e+00  -8.6123256e+01
   5.6864525e+01  -5.6080512e+01
   4.2521847e+01  -4.1342151e+01
   3.0733988e+01  -5.8795167e+01
   2.2722651e+01  -3.9232476e+01
   4.9239962e+01  -4.8722977e+01
  -7.3294866e+01  -9.8946588e+01
  -1.3961965e+01  -8.9519608e+01
   8.4284502e+01  -2.2997814e+01
  -7.9016433e+01   5.5223496e+01
   3.1038688e+01  -2.1571057e+01
  -9.3641174e+01  -7.7817022e+01
   5.1577711e+01   6.8573382e+01
  -9.3020400e+01   8.7144136e+01
  -9.7775747e+01   6.4045220e+01
  -7.7205223e+01  -3.3048036e+01
  -6.1119908e+01  -4.2903739e+01
  -9.9893487e+01   1.2606391e+01
  -2.3942962e+01  -3.2189050e+01
  -7.3448016e+00   1.1743208e+00
  -8.5365910e+01  -2.7299663e+01
   8.1136422e+01   8.9274878e+01
   8.0604342e+01   6.2704850e+01
   9.0588468e+01   9.2539664e+01
   6.7280900e+01   7.7561809e+01
   6.8490506e+01   9.5019677e+01
   6.6007536e+00  -5.5730763e+01
   3.9335967e+01  -2.2932820e+00
   3.8366406e+01  -1.4774787e+01
   9.8544328e+01   2.7268119e+01
   9.9834128e+01   6.7309103e+01
  -7.8301501e+01  -5.2794824e+01
  -8.6760915e+01  -4.3194026e+01
   9.7833944e+01  -2.3000993e+01
   9.1537285e+01  -6.7010373e+00
  -9.9677830e+01  -2.1603852e+01
   7.2828071e+01   1.7589975e+01
   6.4861056e+01   2.3959387e+01
   3.0367045e+01   3.8871755e+01
   7.9470527e+01  -1.0402170e+01
   2.9375823e+01   2.8989396e+01
   4.3835220e+01   8.9437388e+01
   8.5276809e+01   4.5925708e+01
   4.0284040e+01   3.8350123e+01
   3.7440591e+01   7.8449164e+01
   3.5607631e+01   4.7330694e+01
   2.0732410e+01   4.1010880e+01
   4.5576312e+01   6.0585856e+01
   6.9151242e+01   4.8811365e+01
   5.0240614e+01   4.7978424e+01
   4.7009076e+01   2.0936964e+01
  -4.0380698e+01  -3.0804353e+01
  -5.6402721e+00  -6.6882791e+01
  -9.9567148e+01   2.1954721e+00
   8.1942836e+01   2.1703496e+01
   3.9976837e+01  -7.4074354e+01
  -3.4000863e+01  -6.7262065e+01
   8.8186583e+01  -6.7431634e+01
   7.9625530e+01  -6.2266566e+01
   4.1525129e+01  -9.7936529e+01
  -2.4317297e+01  -5.4416930e+01
  -5.6417950e+01  -3.5485214e+01
  -7.0328826e+00  -5.7175817e+01
  -6.6269294e+01  -7.3652972e+01
  -6.1976493e+01  -5.6797490e+01
  -4.2168212e+01  -6.1556100e+01
   5.5103024e+01   2.9685157e+00
   1.8989175e+01  -6.0809146e+00
   7.5002434e+01  -1.9327854e+01
   6.7480524e+01  -1.2063475e+01
   6.7521029e+01  -5.5844373e+01
   7.5238871e+01  -3.2325811e+01
   5.8169704e+01  -1.7339156e+01
  -9.9099023e+01  -9.1615067e+01
   4.7548144e+00   5.1233357e+01
  -8.5591266e+01   4.8801604e+01
  -8.8077985e+01  -9.4517585e+01
  -1.6999434e+01  -1.1387633e+00
  -1.7100593e+01  -1.4456211e+01
  -9.9259226e+01   4.0405679e+01
  -6.4947398e+00   5.8051855e+01
   9.4881387e+01  -7.8117360e+01
  -3.4250229e+01   6.0800323e+01
  -1.3593126e+01   6.4898966e+01
  -3.9295402e+01   2.0826181e+01
  -2.3892316e+01   2.6044923e+01
   5.6753193e+01  -8.1247821e+01
   6.4657466e+01  -7.4673621e+01
   6.5864671e+01  -8.4762592e+01
  -8.9686257e+01   7.0495559e+01
  -3.7881426e+01   1.1103602e+01
   8.9364557e+01  -9.8442653e+01
   1.7157594e+01   9.8404680e+01
  -2.2345884e+00   8.9780568e+01
  -4.5240806e+01   2.9014953e+01
  -7.0660195e+01   5.1404553e+01
  -1.0210491e+01   8.4114154e+01
  -2.2774671e+01   7.5353594e+01
  -1.9859140e+01   8.5159579e+01
  -9.0618179e+01   9.6792131e+01
   2.4906661e+01   6.2904175e+01
  -8.1143026e+01   9.9213898e+01
  -1.5133009e+01   9.3957833e+01
  -5.1267811e+01   5.1966998e+01
  -4.3802557e+01   5.8369002e+01
  -4.7087271e+01   7.5436268e+01
  -5.6997225e+01   8.7000818e+01
  -6.5869317e+01   7.9792912e+01
  -7.1665252e+01   9.7733377e+01
   2.4849538e+01  -9.3603014e+01
   1.1429653e+01  -8.2056075e+01
   2.5458861e+01  -7.6216148e+01
  -1.8785723e+01   3.4846301e+01
  -1.6196700e+01  -9.9198780e+01
  -2.5619760e+01  -9.5858597e+01
   5.0069755e+01  -6.3233769e+01
  -7.3661745e+01  -1.7110024e+01
  -9.0406003e+01   5.5943510e+00
  -7.1667826e+01   8.8739900e+00
  -6.1598599e+01   3.5745810e+01
   3.7008522e+01  -6.5463913e+01
   8.9513593e+01  -3.1499907e+01
  -6.8055407e+01  -9.0407728e+01
   8.9448761e+01  -4.5156335e+01
  -6.2071958e+01   9.8313787e+01
   5.3508256e+00  -3.9708010e+01
  -5.0772158e+01  -9.8969867e+01
  -7.3012804e+01  -6.6391064e+01
   1.9832481e+01  -4.8637179e+01
  -7.9925143e+01   6.4327692e+01
  -6.0086462e+01  -9.6116569e+01
  -9.1573933e+01  -8.5977452e+01
  -5.8339437e+01  -4.9912685e+01
  -4.9402082e+01  -8.6586582e+01
  -5.3436342e+01  -6.6233931e+01
