   3.2315832e+01   6.3595990e+01
   6.2475595e+01  -4.3047956e+01
  -1.0629392e+01  -4.5921925e+01
   2.1554299e+00  -6.2694547e+01
  -3.8850868e+01   1.5592687e+01
   2.1791612e+01   4.6824839e+01
  -8.3502702e+01  -5.6532946e+01
   4.0913105e+01   2.5090732e+01
   4.5786530e+00   8.7227162e+01
  -3.7776000e+01  -7.8167084e+01
   2.5673853e+01  -4.3902994e+01
  -6.0287230e+01   3.1288793e+01
  -7.3233103e+01  -3.5134555e-01
   6.1724621e+00  -5.0407193e+01
   1.8797141e+01  -8.9968200e+01
  -2.0458823e+01  -4.7372301e+01
   3.3387127e+01  -1.3441048e+01
  -5.9650877e+00   6.4723972e+01
   1.5737938e+01  -4.4716423e+00
   3.4602789e+01  -3.9408463e+01
   4.3144056e+01  -5.0331451e+01
   3.0161999e+01  -6.1285327e+01
  -5.4132738e+01  -4.5557359e+00
   8.1533292e+00  -8.3880958e+01
   6.8881901e+01   6.3958108e+00
  -5.3473672e+01  -2.1880537e+01
   2.7999635e+00   4.6572616e+01
  -2.1364860e+01   7.5803051e+01
   1.4877444e+01   6.8526450e+00
   8.5569381e+01  -2.0991647e+01
   4.7888191e+01   8.0119021e+01
  -2.3477280e+01   2.6622834e+01
   4.1611985e+01   5.0079079e+01
   5.1721782e+01   6.1118928e+01
   5.2550643e+01  -4.6940766e+01
   3.6466242e+01  -8.8438733e+01
  -8.9897601e+01   2.4282005e+01
  -6.9647686e+01   3.9758697e+01
  -6.8112088e+01  -1.9360661e+01
  -1.6826052e+01  -9.9378439e+01
   5.0214493e+00  -7.4391999e+01
  -4.8795636e+01   1.4594193e+01
  -2.6067272e+01  -5.7085345e+01
   1.6208125e+01  -4.7111521e+01
   3.1443812e+01   1.7986786e+01
   5.2751332e+01   3.7712943e+01
  -6.5326162e+01  -5.3605487e+01
   2.3654473e+01   8.4158319e+01
  -2.3714007e+01   5.7119775e+01
   6.9611794e+01  -3.3491171e+01
  -3.5260405e+01   5.0355386e+01
  -4.3246515e+01  -2.1752747e+01
   1.3325691e+01   5.3515368e+01
  -1.9289834e+01  -1.0438903e+01
   7.2459646e+00   3.4986977e+01
  -9.3678168e+00  -9.9722295e+00
   4.0567482e+01  -2.0391066e+01
   5.4424450e+01  -3.7119853e+01
   3.9183707e+01  -7.8823641e+01
  -4.6996810e+01  -9.5300752e+01
  -2.3122121e+01  -7.6764522e+01
  -2.6902886e+01   4.4872291e+01
  -5.8777426e+01   1.4079187e+01
  -5.9556504e+01   4.1239130e+01
  -7.2968938e+01   1.6919620e+01
  -8.0023670e+01   3.4100023e+01
  -2.4652933e+01  -2.5978901e-01
  -6.8089386e+01   8.2109190e+00
  -8.2124757e+01  -8.9606503e+00
  -4.4595802e+01   2.3758745e+01
   4.7902616e+01  -6.5965729e+01
   1.0011360e+01  -2.0944694e+01
   7.7051440e+01   6.4803746e-01
   1.4538544e+01  -7.1365741e+01
  -1.6107120e+01  -5.6361313e+01
  -1.3660387e+01  -1.8968450e+01
  -7.3215364e+01  -7.7980588e+01
  -9.7749393e+00  -7.9752780e+01
  -1.4016406e+01   8.2581347e+01
   3.3672896e+01  -3.0045647e+00
  -3.6533641e+01   7.5356678e+01
  -1.1820340e+01   7.2826238e+01
   7.7279117e+01   4.9825843e+01
   5.8832025e+01   2.1557018e+01
  -2.0532979e+01   3.6292482e+01
   2.2776118e+01   5.6774998e+01
   1.3395129e+01   6.3507465e+01
   4.9123076e+01  -2.1091793e+00
  -7.0342389e+00   4.9934618e+01
   9.0394310e+01  -1.2220178e+01
   8.8023977e+01  -3.0683954e+01
  -5.0338801e+01   4.5100525e+01
   6.1324222e+01  -7.4639604e+00
  -5.0612501e+01   6.9235700e+01
  -4.8268523e+01  -3.0381992e+01
  -2.7423016e+01  -2.9155555e+01
   1.8398314e+01   3.0966188e+01
   6.1679930e+01   6.2026677e+01
   3.3754385e+01   4.3723364e+01
   1.8677292e+00   9.0160873e+00
   5.8205979e+01   2.0096499e+00
  -6.1303195e-01   1.8666504e+01
   3.6806213e+01  -2.9654284e+01
   3.3083323e+01  -5.0617688e+01
   2.3590978e+01  -5.3793619e+01
   7.2474231e+01  -4.3103475e+01
   3.6023448e+01  -6.9355823e+01
   4.6743400e+01  -3.0720489e+01
   5.9863090e+01  -2.8730531e+01
   4.6529587e+01  -8.5598841e+01
   5.2333806e+01  -5.6937520e+01
  -5.5139715e+01  -8.9477577e+01
  -2.2899639e+01  -9.1433407e+01
   1.8288778e+01  -3.7034319e+01
  -7.4192391e+01   4.8664195e+01
  -3.0363536e+01  -4.8089349e+01
  -7.0979797e+01   2.9851953e+01
  -9.0019028e+01   3.4278314e+01
  -5.4552695e+01   2.3117490e+01
  -8.5057252e+01   1.5538714e+01
  -8.4842035e+01   4.2855543e+01
  -2.3576964e+01  -1.9960689e+01
  -9.2031228e+01  -7.6295274e+00
  -3.9058459e+01   5.6139511e+00
  -3.4916069e+00  -5.2906853e+01
  -6.4115222e+01  -4.4482172e+00
  -4.4156008e+01  -4.1477428e+00
  -5.9706090e+01  -1.3817390e+01
  -2.9463121e+01   8.5019541e+00
  -7.8118644e+01   8.3534874e+00
   4.0469046e+01   1.3713624e+01
  -2.6065117e+00  -8.6823683e+01
   8.5772354e+00  -4.0729064e+01
   1.1402579e+01  -5.8905778e+01
  -2.2865011e+00   3.7978895e+01
  -2.9137489e+01  -1.1689701e+01
  -8.4589312e+01   7.2957784e-01
  -1.0571149e+00  -4.3220636e+01
  -7.8096872e+00  -6.1901927e+01
   8.3741617e+01   8.0744754e+00
  -1.2140424e+01   9.5064669e+01
   8.8220999e+01   4.2085504e+01
   2.5426961e+01  -7.1894312e+01
  -4.4679417e+00  -7.1297369e+01
  -6.3008520e+01  -8.3306587e+01
  -2.3775479e+01  -6.6796743e+01
  -7.3437006e+00  -2.6678072e+01
   2.6735059e+01  -2.0842584e+01
   2.0380443e+01  -6.3264325e+01
  -6.4514042e+01   2.2241131e+01
  -3.3496345e+01  -6.9130337e+01
  -3.6061669e+01  -5.7043235e+01
   2.3539436e+01   1.8730658e+00
   4.1030102e+01   3.7428000e+00
  -3.7512773e+01   8.5308017e+01
  -1.3171706e+01  -8.9145767e+01
  -2.7666745e+01   8.3564832e+01
   6.0608912e+01  -6.2551549e+01
  -7.5555557e+01  -4.1239645e+01
   6.1514737e+01   5.2031268e+01
  -5.6799749e+01  -3.5749073e+01
   5.0756890e+01   2.7805948e+01
   3.8659343e+00   6.6510903e+01
  -1.4616044e+01  -7.0796533e+01
   4.7389415e+01   7.0129911e+01
   1.3706705e+01   8.3146086e+01
  -7.3731798e+01  -2.7628536e+01
  -8.4392011e+01  -3.6568251e+01
  -1.1772053e+01   4.1096175e+01
  -3.5044246e+01   2.6664230e+01
  -1.7824608e+01   4.9042662e+01
  -1.3756120e+01   2.8947058e+01
  -1.3317498e+01   5.7958176e+01
  -3.3243272e+01   6.0142147e+01
   9.8004547e+01  -3.0065096e+01
   7.6258426e+01  -1.7356527e+01
   6.8421258e+01  -2.3562614e+01
   7.1197677e+01  -8.7409415e+00
   3.7874465e+00   5.6515411e+01
   1.1510271e+01   7.3390550e+01
   6.5744238e+01   7.1161731e+01
  -3.0495058e+01   3.5550334e+01
   2.2838085e+01   6.6772581e+01
   2.5809241e+01   3.7668249e+01
   4.1673806e+01   6.0075752e+01
  -5.5605453e+00   2.3543319e+00
   7.1448442e+00   5.6510866e-01
   7.1150339e+00   2.5004942e+01
  -4.5643281e+01   3.3696794e+01
   7.5550672e+01   1.3846794e+01
   9.0913151e+01   2.5805747e+01
  -6.2229240e+01  -6.3109197e+01
  -9.3964458e+01  -4.5715042e+01
   8.0863062e+01  -3.7662406e+01
   6.3535650e+01  -5.2990524e+01
   2.9488241e+01  -8.1275068e+01
   2.7262639e+01  -3.2622906e+01
   4.4544040e+01  -4.0451135e+01
   5.5833590e+01  -8.1938195e+01
   3.5295941e+01  -9.8365881e+01
  -3.9693992e+01  -8.8192493e+01
  -4.7938482e+01  -8.2539893e+01
  -2.9802550e+01  -8.4200435e+01
  -3.2277127e+01  -9.4895616e+01
  -5.4461626e+01  -7.4966205e+01
  -6.4290580e+01   5.0025785e+01
   1.8962358e+01  -2.7060534e+01
  -3.8853555e+01   4.1030369e+01
  -9.9982844e+01   3.5108311e+01
  -8.8264700e+01  -1.6975008e+01
  -2.1373598e+01  -3.7418944e+01
  -9.9733114e+01  -1.8023731e+01
  -8.3322464e+01   5.2737238e+01
   9.7678899e+00  -3.0876917e+01
  -5.8986112e+01   4.1252967e+00
  -6.1909102e+01  -2.7168412e+01
   4.0031165e+01  -5.9815758e+01
  -5.4099585e+00   8.7669235e+01
  -3.4224146e+01  -3.1136715e+00
  -6.8787644e+00  -9.6911513e+01
  -9.1535821e+01   7.9222272e+00
   9.5517250e+00  -9.3778854e+01
  -1.1106474e+01  -3.5937826e+01
   1.7845667e+01   2.0988671e+01
  -2.9298518e+01   1.8496754e+01
  -7.2220802e+01  -1.0273934e+01
  -8.3061215e+01  -7.6235047e+01
   9.5141108e+01   3.4866904e+01
  -7.9902194e+01   2.4107002e+01
  -5.5543411e+01  -5.5667535e+01
   9.0028690e+01   1.5846886e+01
   8.7927497e+01  -1.0612995e+00
  -1.9200356e+01   6.6041815e+01
   1.9571443e+01  -8.0000566e+01
   4.2557219e+01  -9.6106881e+00
   5.0509631e+01  -2.1486207e+01
   5.2303661e+01  -1.1676397e+01
   1.8305289e+01  -1.5384024e+01
   5.7674513e+01  -7.2110163e+01
  -1.7462331e+01  -2.8217810e+01
  -3.1648772e+01  -3.8185156e+01
   9.9573845e-02  -3.3310039e+01
  -2.8755894e+01   6.9073141e+01
  -2.1439992e+01   9.1388891e+01
  -4.6128442e+01   7.8172816e+01
   2.8157419e+01   7.5233730e+01
   2.5038972e+01  -8.0087040e+00
  -6.4333277e+01  -7.3389036e+01
  -8.4006837e+01  -4.6556099e+01
   2.3106763e+01   1.2491827e+01
   4.3094532e+01   4.0196068e+01
   5.1556663e+01   5.1121116e+01
   6.1758317e+01   4.2039222e+01
   3.5615621e+01   3.3571783e+01
   7.0352348e+01   5.7038323e+01
   2.7831677e+01   2.7303339e+01
  -6.7425435e+01  -3.5465006e+01
   3.8023233e+01   7.3624702e+01
   6.0458042e+01   3.1388570e+01
   3.2254807e+01   5.3600881e+01
   1.8432848e+01   9.2684724e+01
   1.7677239e+00   7.6284109e+01
  -5.4661421e+01   5.4131983e+01
  -9.5400328e+01  -3.5820336e+01
  -7.5033118e+01  -5.1219929e+01
  -7.8256478e+01  -1.8226249e+01
   5.0120242e+01   7.8985497e+00
  -6.2343084e+01  -4.4067537e+01
  -8.3693599e+01  -2.6602373e+01
  -4.8940945e+01  -1.3032659e+01
  -3.8263143e+01  -3.0421921e+01
  -4.9000046e+01   4.5973582e+00
   9.6393067e+01  -2.0202653e+01
   6.0433067e+01   1.1722679e+01
  -4.4869152e+01   5.6159660e+01
   7.7729451e+01  -2.7334195e+01
   6.0035871e+01  -1.8109783e+01
   8.1161154e+01  -8.4570019e+00
  -4.1020716e+01   6.6420903e+01
   5.6345447e+01   7.4575664e+01
   1.2338938e+01   4.3575103e+01
   3.1781398e+01   7.5304954e+00
  -1.4749622e+01  -1.5395098e+00
  -3.9008492e+01  -1.2712561e+01
   4.9544834e+01   1.7880929e+01
  -3.8017653e+00   2.8114631e+01
   9.6039994e+00   1.5334870e+01
   6.8886346e+01   2.1302438e+01
  -4.2466339e+01  -6.4717759e+01
   8.3251891e+00  -1.1142314e+01
  -2.4501955e-01  -6.0872883e+00
  -8.1613078e+01  -6.6344622e+01
  -7.1618351e+01  -6.6541095e+01
  -5.2449760e+01  -6.5174267e+01
   8.1817728e+01   2.1638983e+01
  -6.9556954e+01  -9.0864232e+01
   9.5016041e+01   7.1796256e+00
   5.1351758e+01   8.9500050e+01
   3.8513606e+01   8.3612414e+01
  -9.3669503e+01  -2.5973049e+01
   9.9824940e+01  -8.9215184e+00
