   4.0277789e+01   1.1595662e+01
   3.0056047e+01  -1.4145750e+01
  -2.7574904e+01  -2.1796201e+01
   3.2595058e-02   2.2809090e+01
   5.7529197e+00  -3.1488307e+01
   9.8093915e+00   9.7511593e+00
   4.5574053e+00  -2.1560405e+01
  -1.5194015e+01  -2.1728078e+01
   2.6830287e+01  -3.1871947e+00
   7.0692287e+00   1.3393517e-01
   2.9179481e+01   4.2268534e+01
  -3.7622590e+01   9.8278944e+00
   9.5524984e+00   1.9747839e+01
  -1.1026548e+01   2.8464152e+01
   3.2822728e+01  -2.5653859e+01
  -4.6935961e+00  -1.7765223e+01
  -1.9902255e+01  -4.4131206e+01
  -2.2091184e+00  -5.0585556e+01
  -2.7599842e+01  -3.7747888e+01
  -2.8116788e+01   6.7234435e+00
  -3.9487628e+01  -1.0909228e+01
  -1.5575401e+01  -9.8832728e-01
   4.1606407e+00   4.0547107e+01
   3.3843813e+01   3.9405675e+00
  -2.1026351e+01   2.8526962e+01
   1.3856987e+01   3.8101527e+01
   2.4672609e+01  -3.2090833e+01
   2.0569103e+01  -1.0984011e+01
  -2.6681740e+00  -3.7293472e+01
  -4.4554440e+01   2.0505054e+00
   6.4196729e+00  -4.1465818e+01
  -1.9495758e+01  -1.2697536e+01
  -3.5331476e+01  -1.8138860e+00
  -1.2809484e+01  -3.4629280e+01
  -2.9546637e+01  -1.1992807e+01
  -3.5163230e+01  -2.8308959e+01
   4.6205865e+01   2.0080608e+01
  -2.5390730e+01  -2.8976688e+00
   1.6903254e+01  -1.6802368e+00
   7.7737109e+00   3.0114304e+01
  -6.0908285e+00   4.1707525e+01
   4.6203973e+01  -4.8469213e+00
  -3.7708942e+00   3.5668962e+00
   2.6552216e+01   2.3265939e+01
  -1.5506935e+01   3.7833596e+01
   1.7046045e+01   2.6369500e+01
   3.2648021e+01   3.1300713e+01
  -1.9286633e+00   3.2614872e+01
   2.5270839e+01  -4.2221075e+01
   2.3601952e+01  -2.1784077e+01
   3.9276888e+01  -1.8015561e+01
   1.5320885e+01  -2.8548933e+01
   1.4115281e+01  -1.8621976e+01
  -5.5751755e+00  -2.7725653e+01
  -9.9025207e+00  -4.4197289e+01
  -4.8710707e+01  -7.0448456e+00
  -4.6887292e+01   1.3591431e+01
  -2.9772301e+01   1.6603674e+01
   7.7596175e+00  -5.1375478e+01
   1.5978106e+01  -3.8527247e+01
  -2.1555550e+01  -2.9781359e+01
   5.0054828e+01   9.4961208e+00
  -1.0076562e+01  -9.3391619e+00
   3.6227542e+01   2.0738638e+01
  -4.1625930e+01  -2.0677889e+01
   2.2386895e+01   6.6821243e+00
   1.9436822e+01   1.6237064e+01
   3.6317392e+01  -6.3486376e+00
  -1.1669868e+01   5.0006578e+01
  -5.2806471e-01  -6.3683970e+00
   5.4598201e+01   5.8785001e-01
   1.0185142e+01   4.8528672e+01
  -3.0995660e+01   2.9309823e+01
   4.7693433e-02   1.2809102e+01
   2.3114085e+01   3.4318005e+01
   1.0248411e+01  -9.3560599e+00
   1.9882551e+01   4.6087307e+01
