   4.1458367e+01  -3.3422837e+01
   6.7272907e+01  -7.0674311e+00
  -1.8927128e+01  -6.4739795e+01
  -2.6066531e+01   4.7419714e+01
  -6.6834542e+01  -7.5232809e+01
  -4.6370284e+01  -8.0815550e+01
  -3.4834367e+00  -2.4909749e+01
  -8.3071571e+01  -8.8605667e+01
  -7.7478255e+00   5.6253400e+01
   3.6917647e+01   2.4100817e+01
  -5.6177397e+01  -6.3877161e+01
  -3.4619781e-01  -6.0812223e+00
   6.6400579e+01   9.4931783e+00
  -5.5038853e+01   1.3412141e+01
   6.8853508e+01   4.8681419e+01
  -6.0449860e+01   3.8184806e+01
   5.9097884e+01  -5.8850463e+01
  -5.8717375e+01  -2.4517437e+01
  -2.8231485e+01   6.8989366e+01
   5.1171749e+01  -1.6140289e+01
   2.4130657e+01  -2.4914880e+01
   2.5672655e+01   6.0465189e+01
  -1.0526813e+01  -5.3020261e+01
   1.4195717e+01   7.5771961e+01
   9.4708150e+00  -9.7786392e+00
  -5.7061515e+01  -5.3916994e+01
   6.8393573e+01   9.9447898e+01
   3.3510850e+01   7.6899354e+01
  -9.6833488e+01  -4.1920219e+01
   9.1322563e+00   3.0955388e+01
  -4.0894332e+01  -3.4207176e+00
  -5.0749701e+01   2.2337778e+01
  -4.6178246e+01   5.2359462e+01
   4.5634652e+01   3.5145186e+01
  -5.1817488e+01   3.3703373e+01
  -8.4952832e+01   1.7409321e+01
   5.3147547e+01  -5.0816840e+01
  -4.3784156e+01  -1.2974622e+01
  -8.2183817e+01  -1.7750662e+01
   6.1264658e+01   9.2591941e-01
  -1.8541639e+01   6.6518158e+01
   3.6235332e+01  -2.2124655e+00
   7.0212343e+01  -4.1581756e+01
  -2.7893626e-01  -5.4513752e+01
  -8.1794709e+01  -3.7212660e+01
   3.5007974e+01   6.4034765e+01
  -3.1600228e+01  -2.8758763e+01
  -3.0486267e+01  -6.9058067e+01
   5.5996705e+01  -4.1237948e+01
  -5.1356876e+01  -9.9921452e+01
  -2.8641268e+01   9.3972826e+01
  -8.9829431e+00   7.2063747e+01
   1.0967414e+01   8.5256753e+00
   2.7931102e+01  -7.7829485e+00
  -8.8899850e+01  -5.9512581e+01
   7.0939501e+01   7.3214919e+01
  -7.0439470e+01  -5.4648461e+01
   9.8598089e+01   1.6082462e+01
   5.2306011e+01   9.8540192e+01
   1.6269426e+01   6.3863654e+01
   8.6563965e+01  -6.2830183e+00
  -1.7742125e+01   5.6548649e+01
   1.5912222e+01   4.1041676e+01
  -3.3611762e+01   3.5680011e+01
  -2.8274657e+01   7.9645251e+00
  -3.7391807e+01   9.3641914e+00
  -7.7299743e+01   4.8883582e+01
   2.5703797e+01   3.4294718e+01
   5.5235843e+01   1.9788347e+01
  -4.3953242e+01   8.0575011e+01
   4.8682110e+01   4.4667120e+01
  -8.0518509e+01   5.8351371e+01
  -8.0485941e+01   2.6203720e+01
   1.2847437e+01  -5.9297934e+01
  -6.1269299e+01  -5.9566618e+00
  -3.5606952e+01   8.6797933e+01
   6.3397676e+01  -4.8900198e+01
   3.3268352e+01  -5.0754712e+01
  -5.6815628e+01   3.7806458e+00
  -8.2127975e+01  -7.1365573e+00
   8.2076171e+01  -2.9561883e+01
   4.0474893e+01  -1.5444520e+01
   5.0500671e+01   1.8255308e+00
   5.2347834e+01  -3.1277989e+01
   5.6687128e+00  -2.8699053e+01
   5.2317239e-01  -6.5653478e+01
  -2.8386108e+01  -8.8487613e+01
   4.4859403e+01   6.2350941e+01
  -9.5250503e+01  -5.1790537e+01
  -2.2221060e+01  -3.2189715e+01
   3.3593718e+01  -3.9578025e+01
   3.8000366e+01   4.3751269e+01
  -1.0265145e+01   8.3112126e+01
  -6.3071917e+01  -9.9826886e+01
   9.8412197e+01   4.0927060e+01
   8.4791646e+01   7.1429718e+01
   1.4128773e+01  -9.3851005e-01
   7.6938718e+01   5.4562940e+01
   1.9506484e+01  -1.6048422e+01
  -6.6175279e+01  -6.3692411e+01
  -5.8814991e+01  -3.8432858e+01
   7.7289009e+00  -4.5354040e+01
   7.6370557e+01   1.0137895e+01
   6.2795082e+01   6.7417175e+01
   4.3799184e+01   8.2306397e+01
   7.5814789e+01   8.1943375e+01
   9.1991805e+01  -2.8291333e+01
   3.7076251e+01   9.7296292e+01
   1.6405222e+01   8.7607357e+01
   9.7651570e+00   1.8394591e+01
  -7.6953719e+00   2.7175241e+01
   5.7717454e-01   5.0263720e+01
  -3.8530896e-01   3.3934177e+01
  -2.2052405e+01  -1.0198380e+01
  -4.6981091e+01   4.4212144e+00
  -4.7263693e+01   7.0890778e+01
   2.8007657e+01   4.4023509e+01
  -3.6196584e+01   5.1754141e+01
   2.8015450e+01   1.9550876e+01
  -5.7553087e+01   5.1989087e+01
   4.6491721e+01   1.4946172e+01
  -6.1985820e+01   8.4307952e+01
   5.5450496e+01   3.3247069e+01
  -9.3702971e+01   2.1252476e+01
  -6.9619362e+01   3.4911919e+01
   5.6415763e+01   9.8703594e+00
  -8.6492031e+01   4.4946615e+01
  -9.8953449e+01   5.0586560e+01
   2.4673033e+01  -5.5860972e+01
  -7.1541108e+01   1.8175989e+01
  -7.3306242e+01  -1.3454302e+01
   6.5072837e+01  -6.6867510e+01
   5.7091833e+00   5.8698129e+01
   3.7783849e+01  -8.0295307e+01
  -5.1593477e+01  -3.1533483e+01
   4.3204406e+01  -5.1861049e+01
  -2.9455180e+01   7.8914119e+01
  -6.6230337e+01   1.8920564e+00
  -9.0418085e+01  -1.2109854e+01
  -9.4813386e+01   3.2242678e-01
   6.9843128e+01  -1.9947393e+01
   4.5195258e+01  -6.6415851e+00
  -3.7457082e+01   7.2847880e+01
  -8.4077759e+01  -2.7504729e+01
   5.5183675e+01  -6.9956667e+00
  -9.0949324e+00  -6.2916907e+01
  -1.0765887e+01  -1.8307911e+01
   7.2083331e+01  -2.9688403e+01
   2.4757105e+01  -3.4897687e+01
   4.1547490e+01   6.2574938e+00
  -1.2069471e+01  -4.3037810e+01
  -8.8435109e+01   3.2302663e+01
  -1.9016806e+01  -8.4911841e+01
   6.1170152e+01  -1.4988704e+01
   4.5282349e+01  -2.4203485e+01
   6.0065106e+01  -2.4920895e+01
  -2.0473843e+01  -5.2021192e+01
  -3.7206439e+01  -5.7815425e+01
  -7.7623518e+01  -4.7659718e+01
  -8.7388431e+01  -4.5491448e+01
  -5.7286210e+01  -9.1670587e+01
   4.6059727e+01  -4.2287446e+01
  -9.5303757e+01  -7.8453926e+01
  -2.2009676e+01  -4.2156785e+01
  -3.8215546e+01  -8.6648803e+01
  -3.0830561e+01  -4.9922094e+01
   3.3931317e+01  -2.6847443e+01
   4.7837708e+01  -6.9870070e+01
   4.6850309e+01   2.5222558e+01
   3.2624087e+01   5.3166056e+01
   2.5150916e+01  -4.4915401e+01
  -7.8911428e+01  -5.9954860e+01
  -2.2023647e+01   8.5617267e+01
  -1.5689540e+01   9.3352307e+01
   2.1332756e+01   5.1462853e+01
   4.2616313e+01   5.2614560e+01
   2.4128469e+01   8.0490557e+01
  -1.3755915e+00   7.8536977e+01
  -6.4747506e+01  -8.5012611e+01
   5.3440332e+00   7.1119253e+01
  -5.7756611e+00   9.2048266e+01
   7.5836568e+01   6.4500083e+01
  -1.1035703e+01  -8.5143244e+00
  -6.2478036e-01  -9.1326925e+01
   2.3627448e+00   3.5608857e+00
   6.7703548e+01   5.8682328e+01
  -7.2034066e+01  -3.9358171e+01
   2.7260225e+01   2.1855680e+00
  -6.4159443e+01  -4.6874207e+01
  -4.7326944e+01  -9.0769526e+01
   1.6103087e+01  -3.9905198e+01
   7.7205287e+01  -9.8060783e+00
   8.6443772e+01   5.1459832e+01
   8.3644939e+01   3.2801462e+00
   6.9459974e+01   1.9006420e+01
   8.5912096e+01   1.3116902e+01
   5.8499420e+01   4.2767811e+01
  -4.9496391e+01  -7.1317068e+01
   8.5341903e+01   6.1398387e+01
   5.4270693e+01   7.2776106e+01
   3.5246898e+01   8.7466263e+01
   6.2490796e+01   7.8557808e+01
   2.5860632e+01   7.0460957e+01
   8.9770828e+01  -1.8541320e+01
   9.9215545e+01  -1.5262112e+01
   5.9468965e+01   9.1563371e+01
   2.5850159e+01   9.0854183e+01
   1.7814236e+01   2.4283244e+01
   1.7225436e+00   2.4188077e+01
  -1.3736541e+01   3.7743568e+01
   1.1394870e+01   5.0385231e+01
   5.9346907e+00   4.1668860e+01
  -1.6949072e+01  -7.5874215e-01
  -4.1747644e+01   2.5976068e+01
  -2.7131954e+01   2.1119241e+01
  -2.8410814e+01  -1.7907709e+01
  -5.8774441e+01   2.7389589e+01
  -5.0436559e+01   6.1407485e+01
   3.5699116e+01   3.4023820e+01
   3.2573398e+01   1.0654039e+01
  -3.7006009e+01   6.1902319e+01
  -5.5479639e+01   7.6591494e+01
  -4.2807840e+01   3.5714459e+01
  -5.2088634e+01   4.3643492e+01
  -6.7379520e+01   5.0141125e+01
  -5.2179825e+01   8.6268149e+01
  -3.7877107e+01  -2.1011991e+01
  -6.7738034e+01   2.5839305e+01
   5.4807056e+01   6.1409389e+01
  -9.5056529e+01   3.9777718e+01
  -7.9278018e+01   3.6077208e+01
  -8.9714242e+01   5.4413333e+01
   1.6562267e+01  -5.0018024e+01
   2.1332521e+01  -6.5284950e+01
  -9.8158745e+01   2.9938242e+01
   6.8967789e+01  -5.7244723e+01
  -9.1570830e+01   9.9467027e+00
  -4.7760665e+01  -2.2321954e+01
  -1.7922800e+01   7.6506066e+01
  -2.7430463e+01   5.9021629e+01
  -6.3599418e+01  -1.5377636e+01
  -7.3333200e+01  -3.7308894e+00
   3.7054160e+01  -7.0324038e+01
  -4.4072025e+01   9.2121645e+01
  -1.2197266e+01  -7.2424613e+01
   7.9830920e+01  -1.9596032e+01
  -2.3840895e+00  -3.4777661e+01
  -2.6117898e+00  -7.5278204e+01
   9.8324815e-01  -1.5975180e+01
   1.5529626e+01  -2.9937168e+01
  -5.1536038e+01  -4.5702452e+00
  -8.5012983e+01   2.4151925e+00
  -1.9676645e+01  -2.2578872e+01
  -2.2338354e+00  -4.4730597e+01
  -9.5483923e+01  -2.0593218e+01
  -2.7135315e+01  -7.8566156e+01
  -2.2721634e+01  -9.6728567e+01
  -9.5222378e+01  -6.8454258e+01
  -7.5439255e+01  -8.0356305e+01
  -3.2718034e+01  -9.0243791e+00
  -8.5307875e+01  -7.8740731e+01
  -8.5056718e+01  -6.8744067e+01
  -1.2258066e+01  -3.3040412e+01
  -3.8007320e+01  -9.6646498e+01
  -4.7016185e+01  -5.9863882e+01
  -4.0333639e+01  -6.7312811e+01
  -4.1630404e+01  -3.0380923e+01
  -3.6964733e+01  -7.6727671e+01
  -3.1383506e+01  -3.8737036e+01
  -7.0536003e+01  -9.3166961e+01
  -8.6972020e+01  -9.7813625e+01
  -9.8004135e+01  -9.0871134e+01
  -2.7319715e+01  -5.9303366e+01
  -1.0567820e+01  -9.0261106e+01
   9.6443083e+01   5.1517053e+01
   7.6708713e+00   9.3341933e+01
  -6.5947204e+01  -3.1425507e+01
   9.2684638e+01   7.7569805e+01
  -7.2451731e+00   1.1290355e+00
   2.0850059e+01   9.8448584e+00
   9.6542133e+01  -5.6261953e+00
  -1.5972203e-02   1.3308002e+01
  -5.3682677e+01  -1.4299983e+01
  -7.2807848e+01  -2.4151151e+01
   1.0227946e+01  -1.9771318e+01
   3.0679059e+01  -1.7387202e+01
   8.8439389e+01   4.1661742e+01
   7.4090193e+01   2.4831204e-01
   9.0869924e+01   3.1961942e+01
  -5.7155591e+01  -7.7746144e+01
   6.2725010e+01   2.6392527e+01
   7.9322890e+01   2.0636962e+01
   5.9696465e+01   5.2692401e+01
   9.4453052e+01   6.5518396e+01
   9.9920652e+01   2.5994618e+01
   9.3937957e+01   7.1550250e+00
  -9.2445720e+01  -3.2943747e+01
   4.4277819e+01   7.2325759e+01
   6.9249220e+01   8.9484794e+01
   7.3745558e+00   8.3346870e+01
   3.7962211e+01  -6.0369393e+01
  -9.9637796e+01  -8.4747406e+00
   4.9080575e+01  -5.9949715e+01
   6.3266999e+01  -3.4388932e+01
   5.3733562e+01   8.3375105e+01
  -2.3411044e+01   3.8167804e+01
  -5.3566295e+00   4.2523169e+01
  -2.3100674e+00   6.4642475e+01
  -1.7370826e+01   2.8682616e+01
  -4.5281908e+01   1.4456323e+01
  -2.6642648e+01  -1.4436528e+00
  -3.5614195e+01   1.8831259e+01
  -2.6913121e+01   2.9619472e+01
  -7.7707932e+01   1.1131745e+01
  -6.7226665e+01   1.0490627e+01
