   9.4421603e+01   4.5378267e+00
  -4.7735016e+01   2.1960813e+01
   2.0822395e+01   5.7458638e+01
   5.9499504e+01   7.0584304e+01
   6.1278956e+01   4.2357509e+01
   2.5167046e+00   6.6013873e+01
   2.4425776e+01  -1.1185365e+01
  -2.2054732e+01  -7.7719308e+01
   5.6585070e+01   6.0904305e+01
   1.2722776e+01   6.3305866e+01
  -2.3886661e+01   5.3043058e+01
  -7.2065611e+01   2.5849528e+01
  -7.6327261e+01   8.6224782e+01
  -9.1453293e+01  -1.2833588e-01
  -6.0007237e+01  -9.5137224e+01
  -2.8830533e+01  -4.8214861e+00
  -3.7822174e+01  -5.8757498e+01
   3.1027654e+01  -8.3861669e+01
  -2.6881087e+01   2.2990744e+01
  -3.2498994e+01   4.8017123e+01
  -5.1615738e+01   1.0516734e+01
   3.3556080e+00  -8.2311252e+01
  -7.8947997e+01  -9.1721306e+01
   3.6428482e+01   3.2762447e+01
  -4.3617484e+00  -1.4001914e+01
  -7.9844729e+01  -8.1776061e+01
  -1.2527026e+01  -6.5815528e+01
   4.9084807e+01  -8.9419325e+01
  -2.2551655e+01  -4.6919369e+01
   1.8476742e+01   9.5442011e+00
  -3.0431529e+01  -3.1111836e+01
   7.1278056e+00   7.9428529e+01
  -1.9455358e+00   2.8978932e+01
  -1.2133722e+01   7.9008745e+01
  -1.5945869e+01   5.9103621e+01
  -7.0995188e+01   7.0019060e+00
  -8.4608633e+01  -7.3194854e+00
   5.3772359e+01  -4.5926097e+01
  -6.7076710e+01   1.7238837e+01
   6.3628072e+00  -3.2528829e+01
  -8.4089237e+01   6.8542247e+00
   9.8182909e+01   2.7027500e+01
  -7.6600987e+01  -6.1727388e+01
   5.1413630e+01  -3.0865509e+01
   3.5352850e+01   2.0947786e+01
   5.1320320e+01   3.8687993e+01
   7.8314070e+01  -4.3902747e-01
   6.2851467e+01  -4.5721436e+00
   6.6059618e+01   5.7805628e+01
  -2.0541698e+01  -8.7525744e+01
   6.5029708e+01  -6.7072260e+01
  -5.9713938e+01  -6.5386269e+01
  -6.7770765e+00  -4.0237590e+01
  -5.5442093e+01  -1.8040277e+01
   6.4950202e+01  -3.5075639e+01
  -2.6091873e+01   6.0782824e+00
   7.0806270e+01   3.9344311e+00
   9.9078549e+01  -5.6506246e+01
   4.4128839e+01  -5.7539328e+01
  -8.1243860e+01   9.4932567e+01
  -6.2847039e+01   4.9722074e+01
  -4.9612702e+01   6.6033874e+01
   2.8119197e+01  -4.9498854e+01
  -3.7574049e+01   3.9449802e+01
   2.1342386e+01  -2.3135619e+01
   1.3345540e+01  -4.1435010e+01
   2.7385372e+01   9.7312990e+01
   8.9089487e+01  -5.6051095e+01
   2.1681437e+01  -8.7170431e+01
   6.3742359e+01  -4.4903491e+01
  -7.8291453e+01  -4.3358719e+01
   7.4198030e+01  -3.8876065e+01
   8.2788902e+01  -4.7255226e+01
  -8.4499115e+01   8.0470792e+01
  -6.1209204e+01  -7.5149610e+01
   5.7458530e+01   8.0342803e+01
   3.6940764e+01   6.0648450e+01
   1.2865789e+01   4.0378412e+01
   1.4808652e+01   7.3084435e+01
   3.8828201e+01   1.1587244e+01
   2.1485672e-01   9.7034728e+00
   7.3490618e+01   7.6173612e+01
   9.5955493e+00  -7.2958576e+00
   5.6625074e+01  -2.2333904e+01
   1.1437389e+01  -2.4193134e+01
   9.3848121e+01   6.7448277e+01
   1.0311544e+01   2.6469638e+00
   7.8594101e+01   5.0012946e+01
   3.2505805e+01   6.9551534e+01
   3.3081247e+01   8.9112691e+01
   5.8556311e+01   5.1365582e+01
  -4.1806052e+01  -7.7951463e+01
   9.5714101e+01   1.6134819e+01
  -2.8059203e+00  -4.9174643e+01
  -5.9215202e+01  -2.7138388e+01
  -5.1602197e+01  -7.9761395e+01
  -2.4469757e+00   7.6634901e+01
  -9.4631832e+01   3.8914631e+01
  -1.8121427e+00   3.8823397e+01
   1.7163299e+01   2.8542416e+01
  -7.5459009e-01   1.9305204e+01
  -2.3959621e+01  -1.2688875e+01
  -3.1877160e+01   3.1437570e+01
  -2.6398373e+01  -2.2090254e+01
   8.0539703e+01  -9.9955745e+01
  -4.8812048e+01  -1.0597855e+01
  -4.1610944e+01   7.5528792e+01
  -6.7699834e+01  -2.7599581e+00
  -7.7399614e+01  -5.3955746e-01
  -8.7569353e+01   1.6193308e+01
  -2.1677067e+01   6.7298738e+01
  -3.0479616e+01   8.2513894e+01
   5.3147340e+01  -3.7262878e+00
  -1.1900329e+01   2.8669235e+01
  -3.8687697e+01  -4.0744330e+00
  -6.8245601e+01   3.5080998e+01
  -4.3277128e+01   4.7542344e+01
  -5.7672805e+01   7.8074535e+01
  -3.0383302e+01  -8.8924395e+01
  -6.8111993e+01   9.1918020e+01
  -5.2945138e+01   3.0373250e+01
   1.7664044e+01  -6.9515446e+01
  -3.9674489e+00  -8.9020370e+01
   5.9732602e+01  -5.3959710e+01
   2.3257514e+01  -4.0639320e+01
  -1.2150437e+01  -9.4679415e+01
  -8.9308062e+01   5.8965657e+01
   2.8452986e+01  -3.0089968e+01
  -7.6551741e+01  -3.4998571e+01
  -6.8021785e+01  -5.0455506e+01
  -1.6620451e+01  -3.9053541e+01
   1.5171210e-01  -5.0858075e+00
   8.3165557e+01   8.8385176e+01
   8.3989084e+01   6.5941204e+01
   8.3405289e+00  -5.0365842e+01
   4.3348776e+01  -3.8094979e+00
   4.1549504e+01  -1.3573670e+01
  -9.6628185e+01  -4.0531741e+01
   9.1512707e+01  -1.2311516e+01
   5.7282049e+01   2.2396921e+01
   8.1678120e+01  -1.0831728e+01
   5.2397234e+01   8.8919401e+01
   9.6999602e+01   4.9182690e+01
   4.0147070e+01   4.1242459e+01
   3.7635705e+01   7.8062656e+01
   3.9568096e+01   5.1044079e+01
   2.2703146e+01   4.6880063e+01
   4.6785676e+01   5.9145225e+01
   6.8587810e+01   4.8442908e+01
   4.9282236e+01   4.8684132e+01
   4.6915890e+01   1.7113554e+01
  -3.6284986e+01  -2.2095145e+01
  -2.5910476e+00  -6.6697606e+01
   8.8088164e+01   2.2536537e+01
   4.7929905e+01  -7.8531886e+01
  -3.2066036e+01  -6.9136575e+01
   9.5420495e+01  -6.8910134e+01
   7.9108143e+01  -5.6642248e+01
   4.2604211e+01  -9.9968491e+01
  -1.8694471e+01  -5.6353894e+01
  -5.0001223e+01  -3.0762456e+01
  -6.9515567e+00  -5.7825788e+01
  -7.0006723e+01  -7.9919350e+01
  -6.7560175e+01  -5.9948168e+01
  -4.1847333e+01  -6.7873004e+01
   5.7957466e+01   4.6551947e+00
   1.8494500e+01  -3.1896413e+00
   8.2662080e+01  -2.0771615e+01
   7.2065630e+01  -8.2537834e+00
   6.8929081e+01  -5.7904083e+01
   7.7037307e+01  -2.9296298e+01
   6.2184377e+01  -1.4088232e+01
   5.4203789e+00   5.6449612e+01
  -9.1881238e+01   4.8513899e+01
  -1.9129936e+01  -1.3653813e+00
  -1.4367103e+01  -1.3418693e+01
  -6.0513977e+00   6.0859155e+01
  -3.0694002e+01   7.2531788e+01
  -1.1829681e+01   6.9014687e+01
  -3.6773119e+01   2.1968664e+01
  -2.6611852e+01   3.9934467e+01
   5.6849623e+01  -8.3003299e+01
   6.5322160e+01  -7.7030704e+01
   6.6020827e+01  -8.6962509e+01
  -9.3052025e+01   7.2508027e+01
  -4.2269166e+01   1.3719099e+01
  -2.5470704e+00   9.7128184e+01
  -4.1989870e+01   3.0347943e+01
  -7.2539259e+01   5.2182507e+01
  -8.4668477e+00   8.8305442e+01
  -2.1953031e+01   7.7298201e+01
  -1.8431592e+01   8.6771342e+01
   2.2840119e+01   6.7203752e+01
  -5.2679102e+01   5.6535188e+01
  -4.2787176e+01   5.7379659e+01
  -4.8736011e+01   8.2505082e+01
  -5.0492115e+01   9.3478088e+01
  -6.6859984e+01   8.2000581e+01
   2.8559778e+01  -9.9264871e+01
   1.3231327e+01  -8.2000906e+01
   2.5796502e+01  -7.5333306e+01
  -1.4381321e+01   3.8352310e+01
   5.5868004e+01  -6.3084197e+01
  -6.8291620e+01  -1.5686776e+01
  -9.4688815e+01   9.2594574e+00
  -7.7063635e+01   1.4895532e+01
  -5.8849693e+01   3.8416236e+01
   3.3646845e+01  -5.7768824e+01
   9.4528895e+01  -3.6060079e+01
  -6.9090599e+01  -9.0478849e+01
   9.2674428e+01  -4.5864959e+01
   3.4268957e+00  -4.1770130e+01
  -7.9108159e+01  -7.2097708e+01
   1.8221196e+01  -5.0163986e+01
  -7.9529478e+01   6.1275531e+01
  -8.7988932e+01  -8.7530624e+01
  -5.6862307e+01  -5.5901523e+01
  -5.1913070e+01  -8.9380325e+01
  -5.1327437e+01  -7.0121130e+01
   1.2601602e+01   8.7779847e+01
  -9.9855151e+01   9.6185127e+01
   1.7428497e+01   9.6527175e+01
  -9.8618095e+01   1.8422096e+01
  -9.6797071e+01  -6.5755467e+01
  -8.6234145e+01  -3.2952862e+01
  -9.1698144e+01   2.5614092e+01
   2.4449957e+01   7.7069957e+01
   2.8957868e+01   1.2749361e+01
   2.2814101e+01   3.8168260e+01
   8.6167678e-02  -2.4802719e+01
   1.7307337e+01  -3.2271514e+01
   1.5387206e+01  -1.5197338e+01
   2.1964120e+01   1.9845051e+01
   2.5932222e+01   3.2355887e+00
   1.5091735e+00   8.7685338e+01
   9.6963409e+01   3.9200571e+01
  -5.6939752e+00   2.6096299e+00
   8.0421852e+01   9.7982415e+01
   5.3455100e+00  -1.6312260e+01
  -9.8729949e+00  -3.1036171e+01
   9.2944108e+00   1.2574775e+01
   7.3500221e+01   8.6103454e+01
  -3.6768937e+01   5.7533762e+00
   9.0400390e+01   9.7446209e+01
   7.0708269e+01   9.5643233e+01
   1.5257876e+01  -5.9809873e+01
   9.2976855e+01   7.7338071e+01
   3.5642282e+01   2.2580929e+00
  -8.9005314e+01  -6.0660454e+01
   9.9820593e+01   5.9189835e+01
   7.0153445e+01   2.1896858e+01
   9.7636942e+01  -2.0144195e+01
   5.8124060e+01   3.4100762e+01
   2.9965430e+01   5.3535901e+01
   7.6226677e+01   5.9710604e+01
   9.8388759e+01  -5.0784379e+00
   4.2552128e+01   6.8935036e+01
   8.6448784e+01   5.6275700e+01
   4.2727126e+01   8.6606660e+01
   4.7629159e+01   7.7756204e+01
   4.1104700e+01   9.6462471e+01
   8.7414513e+01   4.5317093e+01
   8.7741806e+01  -2.8591139e+00
   3.3646958e+01  -7.5057337e+00
   2.3321216e+01   8.7003986e+01
  -2.7961064e+01  -6.0092805e+01
  -3.1920762e+01  -7.9084001e+01
  -3.3927817e+01  -1.2721333e+01
  -2.0699023e+01  -3.0180628e+01
   4.8554493e+01   7.2145417e+00
   9.9294774e+00   2.2295527e+01
  -4.0206422e+01  -3.0955265e+01
   8.5940963e+01  -6.5726038e+01
   8.6735951e+01   1.0937798e+01
   7.8673909e+01   1.9965175e+01
  -5.7727860e+01  -3.6918497e+01
  -6.0470944e+01  -9.5594392e+00
  -4.6182576e+01  -2.1551736e+01
  -9.6952491e+01  -8.4633455e+00
  -3.1437597e+01  -5.1000667e+01
  -3.0569666e+01  -4.1017308e+01
  -1.2738294e+01  -4.8241674e+01
  -6.9562917e+01  -6.9719172e+01
  -4.7720590e+01  -5.9792328e+01
   8.4078170e+01  -3.7340134e+01
  -6.0825408e+01  -8.5020689e+01
  -9.3582401e+01  -2.6221244e+01
  -2.2115037e+01  -6.7893999e+01
  -2.1366671e+01  -9.8489648e+01
  -9.8318458e+01  -9.5040803e+01
   3.8120701e+01  -7.6930987e+01
   7.5823944e+00   3.1931394e+01
  -8.1833990e+01   2.4240908e+01
  -8.7076033e+01  -9.7541811e+01
   1.3560797e+01   5.0666216e+01
   4.6375456e+00   4.6344558e+01
  -9.2897715e+01  -5.1544659e+01
  -8.7317108e+01  -4.3396437e+01
  -8.4769819e+01   4.1203917e+01
   9.4281050e+01  -8.5502825e+01
   6.1876576e+01  -9.6041572e+01
   5.6218558e+01  -7.3021652e+01
  -1.4612118e+01  -2.2685087e+01
   7.1827080e+01  -9.5074304e+01
  -6.2275254e+01   2.7147425e+01
  -6.1351804e+01   9.0838080e+00
  -4.1705690e+00   5.1045043e+01
   4.4007069e+01   2.6456869e+01
   8.7935799e+01  -9.3229827e+01
  -2.9612735e+01   6.1223943e+01
  -1.5094606e+01   4.8312965e+01
  -4.7487044e+01   3.8587213e+01
  -7.5001537e+01   7.6204037e+01
   5.2584853e+01  -9.9692381e+01
   3.3223226e+01  -4.0685943e+01
  -5.7187339e+01   1.8664296e+01
  -5.5006560e+01  -1.3240152e+00
  -3.7693010e+01   9.7417347e+01
  -3.9610480e+01   8.6563782e+01
   7.4418298e+00   9.6839363e+01
   5.1881105e+01  -1.3560573e+01
   3.7584288e+01  -2.6095700e+01
   8.3931317e+00  -7.3263294e+01
   1.2909614e+00  -9.7516839e+01
  -3.8295922e+01   6.6153976e+01
  -7.4681729e+01   4.2637564e+01
  -1.1817800e+01  -8.2835926e+01
  -2.5630134e+01   9.3708957e+01
  -9.0791729e+01   9.1959697e+01
  -2.1502257e+01   3.1361078e+01
  -4.5937872e+01   2.5209636e+00
  -1.2535684e+01   9.7515940e+01
  -5.3251018e+01   4.6648675e+01
  -3.0994804e+01   1.4000584e+01
   7.5126485e+01  -6.5814200e+01
  -7.8398145e+01   3.3520238e+01
  -5.8857218e+01   8.8000261e+01
   1.8886613e+01  -9.6731176e+01
   2.4874045e+01  -6.2586242e+01
  -6.0275435e+01   9.8123550e+01
   4.7156073e+01  -6.7917926e+01
   4.6202659e+01  -3.9392549e+01
   4.6685894e+01  -2.2081849e+01
   3.7220110e+01  -6.7036489e+01
   3.5949131e+01  -9.2532383e+01
   3.8605594e+01  -4.9098882e+01
   7.2933332e+01  -4.8779306e+01
   3.0471226e+01  -1.9103989e+01
  -7.8206545e+01  -1.4924182e+01
   7.3066418e+01  -1.8152581e+01
   9.0419522e+01  -2.6994409e+01
  -3.8149886e+01  -9.5168162e+01
  -6.8804432e+01  -2.9279611e+01
   6.6127694e+01  -2.5237283e+01
  -6.7640628e+01  -4.0229158e+01
  -5.9760696e+01  -4.6448625e+01
  -8.2451315e+01   5.1710520e+01
  -8.3247479e+01   7.0553562e+01
  -9.7662135e+01  -8.5069121e+01
  -9.4280175e+01   8.2536103e+01
  -9.0014211e+01  -1.5666390e+01
  -8.3588493e+01  -2.3318649e+01
  -9.4850946e+01  -7.5491755e+01
   6.8896966e+01   6.7214215e+01
   8.9737198e+01   3.2350704e+01
  -9.9939525e+00  -5.4149535e+00
   5.5920549e+01   9.8241075e+01
  -4.4753323e+00  -7.6282168e+01
   3.1189774e+00  -5.8706859e+01
   6.2865046e+01   8.9415972e+01
   9.3024457e+01   8.7233310e+01
   8.3290512e+01   7.5848695e+01
  -4.8393961e+01  -9.8466770e+01
   5.5988738e+01   1.3665116e+01
   6.2990518e+01   2.8196301e+01
  -7.5887423e+01  -4.9396465e+01
  -8.4191832e+01  -6.5245820e+01
   6.5662762e+01   3.1689597e+00
   6.5491700e+01   1.8922565e+01
  -2.8776197e+01   2.2564354e+00
   4.4938979e+01   4.1607275e+01
   2.4292622e+01   3.3086536e+01
