   3.4215752e+01  -3.0818952e+01
   4.1519365e+01  -4.9739970e+01
   5.5200250e+01   7.7326390e+01
   4.5675668e+01   5.0372604e+01
  -7.8097111e+01   4.0676047e+01
  -1.6647168e+01   7.3016445e+01
   6.5147953e+01  -1.4472139e+01
  -5.3160566e+01  -7.1497793e+00
   9.8300941e+01   4.2925674e+01
  -3.1597081e+01  -5.1762116e+01
  -3.9823880e+01   1.9581116e+01
  -2.0380413e+01   3.6468577e+01
  -7.1949864e+01  -7.6295303e+01
  -4.6697181e+01  -8.4431352e+01
  -5.4151601e+01   4.2423919e+01
  -5.5308702e+00  -2.6080998e+01
  -8.7534547e+01  -8.1047395e+01
  -6.7462325e+01  -3.3240958e+01
  -7.5666835e+00   5.5794421e+01
   3.7807028e+01   2.9545543e+01
   4.2498816e+01   6.8064466e+01
  -7.4067621e+01  -2.5782265e+01
   5.8043357e+01  -2.1509518e+01
  -4.6282960e+01  -5.9937472e+01
  -6.9969291e+00  -1.4112170e+00
  -7.7552117e+01  -6.3315551e+01
   6.7394738e+01   1.5574094e+01
   4.9737306e+01   9.9478348e+01
  -1.6048385e+00   4.7803906e+01
  -2.7891526e+01   4.2966535e+01
  -5.0611401e+01   1.0950503e+01
  -4.0988696e+01   6.4409445e+01
   6.3364454e+01   4.4466471e+01
  -7.0936639e+01   3.3798695e+01
   4.9011456e+01  -5.9655511e+01
  -5.9472370e+01  -2.5935256e+01
  -3.1514166e+01   6.3447982e+01
   6.1889180e+01  -5.0021744e+00
   5.3952646e+01  -1.2334292e+01
   2.4795247e+01  -2.7464240e+01
  -8.1786814e+01  -3.2122605e+01
   2.9432297e+01   5.7056299e+01
  -1.1174078e+01  -4.9150801e+01
   4.4543262e+01  -3.0378406e+01
  -3.8531115e+01  -7.8350121e+01
  -7.2654759e+01  -5.0058807e+01
  -5.7193833e+01  -8.2844641e+01
   2.5815735e+00   7.8381144e+01
  -8.9875825e+01  -9.0768978e+01
   9.0989214e+00  -1.2328278e+01
   8.8411999e+01   5.3043749e+01
  -5.8923815e+01  -5.0416530e+01
   7.8050892e+01   1.0016275e+01
   8.5578824e+01   2.4365713e+01
   6.6216157e+01   9.3930277e+01
   3.0839171e+01   7.6752390e+01
  -9.3280568e+01  -3.4404393e+01
  -9.5054117e+01  -8.1423885e+00
   8.3487877e+01  -1.3182526e+01
   5.4478916e+00   2.8639792e+01
  -3.4932090e+01  -8.3108575e-01
  -5.2676361e+01   2.0566325e+01
  -4.8153134e+01   5.0028359e+01
  -5.1894593e+01   5.7687491e+01
   4.7749077e+01   3.0620558e+01
  -4.5002600e+01   3.6879129e+01
   5.5664415e+01   5.0846863e+01
  -9.6587730e+01   4.1681712e+01
  -7.9627916e+01   2.0267603e+01
   3.2093219e+01  -4.6401143e+01
   5.1518648e+01  -4.9859739e+01
  -4.4785369e+01  -1.6411471e+01
  -5.4762510e+01  -1.7087245e+01
  -7.9500466e+01  -1.7419648e+01
   5.9892764e+01   4.9743562e+00
  -2.7313818e+01   7.2778427e+01
  -2.1757353e+01   6.4495037e+01
   7.1856888e+01  -5.8049798e+00
   4.2922177e+01   1.3372129e+00
   6.4504703e+01  -3.1623167e+01
  -1.6397015e+00  -4.6139015e+01
   5.7607074e+00  -3.3524878e+01
  -8.5949149e+01  -4.1203307e+01
  -7.5968686e+01  -4.0640170e+01
  -1.7480372e+01  -5.6909589e+01
   3.9314980e+01   5.8584848e+01
  -3.0074311e+01  -4.1878738e+01
  -3.2275337e+01  -6.9876144e+01
   4.5508678e+01   4.0366358e+01
  -3.6303602e+01  -6.0589006e+01
  -8.1712287e+01  -5.4233109e+01
   3.9590631e+01  -3.9251666e+01
   4.9558412e+01  -4.0053747e+01
  -5.3482616e+01  -9.3427914e+01
  -2.3195075e+01   8.1878557e+01
  -7.3780947e+00   7.6712361e+01
  -9.7160820e+01  -6.7512262e+01
   7.4006281e+00   4.2297767e+00
   2.8009932e+01  -7.9916556e+00
  -8.7502720e+01  -6.2377275e+01
   9.8411297e+01   5.2925302e+01
  -1.3502372e+01  -9.9009440e+01
   6.9883557e+01   5.3359189e+01
  -6.5584637e+01  -4.3018883e+01
  -5.8790675e+01  -7.0049291e+01
  -5.0192250e+01  -7.5088903e+01
  -6.5929687e+01  -5.7410201e+01
   8.7731544e+01   4.4944432e+00
   9.7699141e+01   3.6901875e+00
   8.7005333e+01   1.4468013e+01
   9.3026111e+01  -5.3535977e+00
   4.8854813e+01   8.5458575e+01
   5.6400060e+01   9.2021291e+01
   3.2504761e+01   6.6634890e+01
   2.2516751e+01   6.7124446e+01
   8.1556109e+01  -3.3708942e+00
   9.5568504e+01  -1.5025011e+01
   2.9897239e+01   9.5709384e+01
  -4.2971981e+00   3.0739585e+01
  -1.7537064e+01   5.5543304e+01
   9.8747195e+00   4.4495491e+01
  -3.3818610e+01   2.7559972e+01
  -2.7322998e+01   5.5438027e+00
  -5.4998143e+01   3.2528817e+01
  -2.9326191e+01   1.8445246e+01
  -4.5808265e+01   2.7318501e+01
  -5.8722763e+01   5.1328713e+01
   3.5413082e+01   3.9254766e+01
  -6.3960329e+01   4.0907082e+01
   5.3757934e+01   2.2627208e+01
  -4.9178245e+01   7.2429320e+01
   5.5473639e+01   3.8323585e+01
   6.1570097e+01   5.8916741e+01
  -6.4926120e+01   2.5917134e+01
  -8.8738638e+01   3.5500438e+01
  -8.6894616e+01   4.5345684e+01
   6.9867819e+01   4.2684659e+00
  -8.0255066e+01   3.0238116e+01
   2.2792817e+01  -5.0075722e+01
  -6.2793382e+01  -9.8268627e+00
  -3.6155376e+01   7.7414817e+01
   6.0541869e+01  -5.4170363e+01
  -9.9180887e+00   6.5501320e+01
   3.9005447e+01  -5.9418824e+01
  -5.9254466e+01   7.7909521e-01
  -6.6701596e+01  -1.9027374e+01
  -4.3180885e+01  -6.5323186e+00
  -8.5111552e+01  -9.1616421e+00
   7.4297318e+01  -1.8508118e+01
  -8.9105233e+01  -2.5313118e+01
   4.6864430e+01  -1.9388170e+01
   9.6974168e+01   1.3679168e+01
   5.2445879e+01  -1.7122104e+00
   5.4531052e+01  -3.0872409e+01
  -5.2822851e+00  -3.6077908e+01
   4.1717497e+00  -2.3651949e+01
   1.5429993e+01  -3.0974250e+01
  -8.6783796e+00  -6.1654683e+01
  -2.8795596e+01  -8.0630198e+01
   4.9641034e+01   5.9713597e+01
  -9.0740899e+01  -4.9966812e+01
  -2.6348814e+01  -6.1526461e+01
  -2.0544184e+01  -4.5139675e+01
  -4.2232128e+01  -6.9063944e+01
   2.6839823e+01  -3.7892217e+01
  -4.2976327e+01  -9.3698108e+01
   3.5729441e+01   4.9249760e+01
  -8.1432553e+01  -7.3125818e+01
  -2.2299758e+01  -7.0669531e+01
  -1.3582146e+01   8.4618368e+01
  -7.8430207e+01  -8.5866172e+01
  -8.1091781e+01  -9.5548007e+01
  -2.0949540e+00   8.7220267e+01
  -6.3411523e+01  -9.0680306e+01
   8.7800492e+01   4.3062467e+01
   8.0222006e+01   5.9391106e+01
   2.3596503e+00  -4.9402992e+00
  -3.5507568e+00  -9.8026919e+01
   1.9096969e+01  -1.2525870e+01
   1.3870310e+01  -3.3953930e+00
   7.9081064e+01   4.9434158e+01
   1.3921219e+01  -2.1088726e+01
  -9.6885211e+01  -7.7505060e+01
  -5.6268335e+01  -6.0377696e+01
  -5.7812102e+01  -3.5839669e+01
   7.9432401e+00  -4.3283755e+01
  -9.7279232e+01  -5.7519036e+01
   7.6419302e+01   1.9882277e+01
   9.5547658e+01   2.3576898e+01
   9.0038595e+01   3.3316145e+01
   5.6245258e+01   6.7381142e+01
   4.2129761e+01   7.8057653e+01
   6.2621750e+01   8.4028729e+01
   1.5813334e+01   7.4544971e+01
  -9.6022800e+01  -1.8094681e+01
   8.8451934e+01  -2.2050282e+01
   3.9804409e+01   9.4349975e+01
   2.2801537e+01   8.8663036e+01
  -1.7796223e+00   2.1081472e+01
  -2.9097766e+01   5.2865172e+01
  -1.6644259e+01   4.5671938e+01
  -3.9904606e+01   4.5205439e+01
  -1.4022932e+01   2.8907709e+01
  -8.3490685e+00   4.0127052e+01
  -2.3844807e+01   2.7104077e+01
   1.9260594e+00   3.8480283e+01
  -6.8291908e+01  -6.7039817e+01
  -3.5888890e+01   1.0551925e+01
  -3.2220079e+01  -1.0398961e+01
  -4.3506460e+01   4.1100975e+00
  -6.1602245e+01   1.6539518e+01
  -5.0162778e+01   6.4515270e+01
