   4.0411121e+01  -3.3286655e+01
   6.8828883e+01  -7.6697601e+00
  -1.3406209e+01  -6.9950930e+01
  -2.8175019e+01   5.0004163e+01
  -7.6456601e+01  -7.2429679e+01
  -8.4921643e+01  -8.9467240e+01
  -5.8792152e+01  -7.5857752e+01
  -5.6590631e+00  -8.3213341e+00
  -5.7320863e+01   1.5598778e+01
   7.6879310e+01   4.9878914e+01
  -5.6649799e+01   3.2658680e+01
  -5.8709602e+01  -2.6040594e+01
   1.8788419e+01   5.7941702e+01
   1.4959359e+01   7.7476419e+01
   1.2984820e+01  -1.1611411e+01
  -5.8141428e+01  -5.2389620e+01
  -4.4435829e+01  -6.8912198e-01
  -8.5201165e+01   1.3625630e+01
   5.7103523e+01  -5.1396354e+01
  -8.8750112e+01  -1.9031188e+01
   7.1534529e+01  -3.8984181e+01
   1.1901270e+00  -5.5899122e+01
  -8.9201340e+01  -3.2817980e+01
  -3.0206528e+01  -2.6054515e+01
  -2.9706663e+01  -7.3541391e+01
   5.5081219e+01  -3.7077852e+01
  -2.2451906e+01   9.6468004e+01
   3.2101731e+01  -7.5940774e+00
  -8.7901151e+01  -5.8845055e+01
   6.8271819e+00   7.1658461e+01
  -1.0534117e+01   6.5996989e+01
  -2.9370088e+01   1.0175158e+01
  -3.8616622e+01   6.8014546e+00
  -8.4575371e+01   4.9396490e+01
   2.2156941e+01   3.5885100e+01
  -7.9093546e+01   5.7514591e+01
   9.8739690e+00  -5.1115390e+01
  -2.8492681e+01   8.7857281e+01
   3.0500645e+01  -4.8461715e+01
   7.8662629e+01  -3.4777588e+01
   4.6600519e+01   8.0099116e+00
   4.6593340e-01  -6.5568495e+01
  -2.8265097e+01  -9.3714554e+01
   4.6554876e+01   6.4057892e+01
  -9.5595167e+01  -5.1702859e+01
  -2.1010629e+01  -2.8876463e+01
   8.7513557e+01   7.8521338e+01
   1.5309138e+01  -2.3062878e+00
   8.1801567e+01   5.8582502e+01
   2.3437126e+01  -1.2192426e+01
  -6.6135753e+01  -3.1949789e+01
   7.3690329e+01   7.9456423e+00
   6.7884636e+01   7.4724350e+01
   4.3192290e+01   8.3611508e+01
   7.8585627e+01   8.6730683e+01
   9.4406679e+01  -3.4283890e+01
   1.6997224e+01   9.6995895e+01
  -7.6495511e+00   2.7150011e+01
  -4.4663734e-01   5.4942578e+01
  -2.4834643e+00   3.6095340e+01
  -5.1076346e+01   6.6584155e+00
   3.3045672e+01   2.8018739e+01
  -5.8982305e+01   5.1263397e+01
  -7.9598721e+01   8.5154123e+01
   5.6503921e+01   6.6376131e+00
  -6.8572351e+01   2.0317825e+01
  -7.9126043e+01  -1.6579849e+01
   6.9984313e+01  -6.9081780e+01
   8.5212147e+00   6.0868531e+01
   3.9449959e+01  -8.4236378e+01
  -5.7797832e+01  -3.7253991e+01
  -6.8482034e+01   1.0372317e+00
  -9.1278402e+01  -9.3782233e+00
  -3.2678851e+01   7.7429888e+01
   5.8266051e+01  -6.5882442e+00
  -4.6178031e+00  -1.8155423e+01
  -8.8313160e+01   2.3023798e+01
  -1.6868484e+01  -8.6458870e+01
   6.4043710e+01  -1.6413290e+01
   4.3525353e+01  -2.1092471e+01
   5.8252067e+01  -2.4522696e+01
  -4.0793245e+01  -5.9391331e+01
  -8.4824747e+01  -4.9824386e+01
  -9.4027958e+01  -8.1367385e+01
  -1.7593955e+01  -4.6425693e+01
  -3.7792638e+01  -8.9701915e+01
  -2.6321229e+01  -5.5701454e+01
   5.3032684e+01  -7.2396570e+01
   4.6553593e+01   1.9047973e+01
   3.2198909e+01   5.1470426e+01
   4.1317924e+01   5.5545614e+01
  -4.9166318e+00   7.4260639e+01
  -6.6121914e+01  -8.8093882e+01
  -7.1618139e+00   9.3837911e+01
   7.5150350e+01   6.7100302e+01
   3.5837972e+00  -9.5122186e+01
   1.3367510e+01   8.9545375e+00
   2.5001335e+01  -6.1646045e-01
  -7.5141431e+01  -4.7116749e+01
  -4.7382646e+01  -9.1970651e+01
   2.6883067e+01  -3.7611176e+01
   7.8306914e+01  -1.1371829e+01
   9.1335045e+01   5.5563706e+01
   6.5824543e+01   1.4066776e+01
   9.4750210e+01   2.0473613e+01
   5.0065116e+01   3.6120756e+01
  -4.9338608e+01  -7.2856285e+01
   3.8958893e+01   9.2670681e+01
   6.5714919e+01   8.4483082e+01
   2.4173973e+01   7.3203539e+01
   9.7237713e+01  -1.6975647e+01
   5.2945906e+01   9.7614558e+01
   2.3291986e+01   2.5942659e+01
   4.3573945e+00   2.9013505e+01
   1.0078517e+01   3.9025469e+01
  -2.1438299e+01   4.8442315e-01
  -4.2439417e+01   2.4344105e+01
  -2.8387461e+01   2.0568387e+01
  -3.9740289e+01   7.0240316e+01
   3.9435036e+01   3.7710598e+01
   3.8038960e+01   1.4010362e+01
  -2.9873786e+01   6.8488907e+01
  -4.9402235e+01   7.7431561e+01
  -3.7273162e+01   3.2620299e+01
  -7.2004365e+01   5.2289887e+01
  -5.2875721e+01   9.5909697e+01
  -3.6663001e+01  -1.8887915e+01
   5.1303415e+01   5.5192326e+01
  -8.5422286e+01   3.9515487e+01
  -9.4464604e+01   4.9984033e+01
   2.0619089e+01  -4.7338989e+01
   2.0383422e+01  -6.6273761e+01
   7.0445648e+01  -5.9560584e+01
  -2.3151643e+01   7.9326691e+01
  -6.5690151e+01  -1.6145067e+01
   3.2309792e+01  -6.8107457e+01
  -9.6459894e+00  -7.9214633e+01
   9.3143096e-01  -3.6139492e+01
  -3.8314711e-01  -7.5163249e+01
   1.9210982e+01  -3.1202176e+01
  -5.3525740e+01  -3.0745166e+00
  -8.7469796e+01   3.9338079e+00
  -1.3209592e+01  -2.2897447e+01
   1.5189055e+00  -4.6039954e+01
  -9.8061471e+01  -2.2518569e+01
  -9.5188695e+01  -7.1432427e+01
  -7.6803905e+01  -8.3456791e+01
  -2.9281836e+01  -1.2238819e+01
  -8.4860741e+01  -7.8076415e+01
  -8.5610488e+01  -6.8359144e+01
  -7.3825849e+00  -3.0805603e+01
  -3.6282148e+01  -9.9106519e+01
  -5.0771041e+01  -5.9129346e+01
  -4.0010086e+01  -6.9489219e+01
  -4.0787907e+01  -2.7900083e+01
  -3.8108055e+01  -7.8802278e+01
  -2.4858905e+01  -3.8351395e+01
  -7.4835624e+01  -9.3100969e+01
  -9.1656544e+01  -9.8633244e+01
  -9.9248395e+01  -9.2186023e+01
  -2.1920212e+01  -6.4715110e+01
  -7.9321783e+00  -9.1683714e+01
  -7.5514195e+01  -3.3723065e+01
   9.6122654e+01   8.3606980e+01
  -3.2472526e+00   4.2620439e+00
   2.3308785e+01   9.2949307e+00
  -4.1699916e-01   2.0324868e+01
  -5.6829705e+01  -1.2026022e+01
  -8.1798821e+01  -2.6146130e+01
   1.0699821e+01  -2.4503534e+01
   3.2824683e+01  -1.7473265e+01
   9.0741995e+01   3.7852563e+01
   7.6723037e+01  -1.5549525e+00
   9.8172900e+01   3.1161775e+01
  -5.4374493e+01  -8.4823537e+01
   6.0089368e+01   3.3589643e+01
   8.4156283e+01   1.9067027e+01
   6.1271466e+01   5.5868621e+01
   9.8023239e+01   6.3230109e+01
   9.8511507e+01   3.1779682e+00
  -9.9151298e+01  -3.3456602e+01
   4.3648165e+01   7.3622984e+01
   7.9227495e+01   9.6709112e+01
   5.4006687e+00   8.1556065e+01
   3.7731164e+01  -5.9752276e+01
   4.5245451e+01  -6.6256727e+01
   6.3764233e+01  -3.2738545e+01
   5.2347473e+01   8.7633192e+01
  -2.1651311e+01   3.9448463e+01
  -7.9706641e+00   4.6662891e+01
  -5.9268181e-01   6.4953527e+01
  -1.2293020e+01   3.6202381e+01
  -4.7171263e+01   1.5695668e+01
  -3.1114386e+01   4.4161688e-01
  -3.7186424e+01   1.6274398e+01
  -3.1509985e+01   4.0662334e+01
  -7.7073226e+01   8.5056205e+00
  -6.7036280e+01   1.0640421e+01
   3.0269238e+01   4.1674860e+01
   2.8771231e+01   1.7638477e+01
  -4.2021910e+01   6.0597151e+01
  -4.1861953e+01   4.1267035e+01
   4.3024488e+01   2.8387904e+01
   5.6204928e+01   1.6631540e+01
   5.3035053e+01   2.6578055e+01
   5.7385024e+01   4.3197015e+01
  -3.2162701e+01   5.9033097e+01
  -5.7698050e+01   8.7448484e+01
  -6.0667395e+01   4.0609344e+01
  -4.9519841e+01   6.7604720e+01
  -4.8050231e+01   8.7173884e+01
  -8.8927077e+01   5.8330890e+01
   4.7748734e+01   4.5846698e+01
   2.2299990e+01  -8.5413886e+01
  -7.7208547e+01   7.4268825e+01
   5.9763792e+01  -6.4472446e+01
   6.7836995e+01  -5.0453557e+01
  -9.8196980e+01   2.1673115e+01
  -3.8869704e+01   8.4240217e+01
  -1.3335854e+01   7.9511202e+01
   4.9674601e+01  -1.5104437e+00
   4.4942170e+01  -1.1224101e+01
   8.5971549e+00  -8.5870892e+01
  -1.8282888e+01   4.8845327e+01
   9.5030358e+00  -7.3876501e+01
   3.9798135e+01  -7.4704859e+01
   3.1084617e+01  -7.9888176e+01
   4.9395759e+01  -2.9069122e+01
   9.0656599e+01  -2.3932220e+01
   1.3752817e+01  -4.0132579e+01
   4.8555242e+01  -5.6585467e+01
  -7.2668076e+01  -9.0939944e+00
  -3.1547783e+01   9.8598344e+01
   4.3897603e+01  -4.2247184e+01
   6.5146437e+01   1.6168152e+00
   5.3924707e+01  -1.5575446e+01
   6.9573403e+01  -2.4719500e+01
  -9.7229335e+01   1.9419567e+00
   2.4867232e+01  -2.2856167e+01
  -9.9532709e+01  -6.2478688e+01
  -7.7649284e+00  -5.1741158e+01
   3.9724840e+01  -1.2583701e+00
   3.2616657e+01   5.7183808e+00
  -8.2659495e+01  -4.0299950e+01
  -7.2463222e+00  -4.1875307e+01
   6.2669517e+01  -4.2523520e+01
  -9.4977463e+01   1.1903207e+01
  -6.8382667e+01  -7.8323224e+01
  -9.4813257e+01   3.6810921e+01
  -6.7991213e+01  -5.4107083e+01
  -1.6469768e+01  -5.6370709e+01
  -5.8133618e+01  -6.5883064e+01
  -6.6352556e+01  -9.8302503e+01
  -7.7880233e+01  -5.7051575e+01
  -5.7144971e+01  -9.4429061e+01
  -1.5992057e+01   8.9210070e+01
  -1.6390643e+01  -9.6638964e+01
   2.7096591e+01   6.3507022e+01
   2.2594203e+01   4.8694713e+01
   3.6760766e+01   6.6076126e+01
   1.7875348e+01   8.7037090e+01
   2.6981773e+01   8.2908068e+01
   3.3860951e+01   7.5650813e+01
  -5.0133442e+01  -3.0952025e+01
  -7.2110514e+01  -2.3690198e+01
   8.6943531e+00   9.0997392e+01
   9.5843040e+01   7.2989250e+01
  -6.4462357e+01  -4.4653434e+01
   7.1040381e+01   5.7988201e+01
   8.5107597e+01   6.8019772e+01
   5.5097654e+01   6.9247552e+01
  -4.2220493e+00   8.4276588e+01
   1.5954232e+01   6.7530926e+01
   9.8976016e+01  -6.8101944e+00
   4.1631226e+00  -7.8034993e+00
  -1.5550280e+01  -1.0039694e+01
  -1.1784961e+01  -6.4343518e-01
  -3.4007326e+01  -3.5053595e+01
   3.7078455e+00   1.1366214e+01
   7.7669693e+01   7.6774746e+01
   8.6409168e+01   4.6862162e+01
   3.2526606e+01  -2.7802969e+01
   1.7806743e+01  -5.6844415e+01
   6.3719243e+00   1.8453704e+00
  -6.8068041e+01  -6.6988550e+01
   8.8342016e+01   2.8147124e+01
   1.0314093e+01  -6.3914923e+01
   8.3451656e+01   5.8229769e+00
   9.6405607e+01   4.6643118e+01
   7.4173051e+01   1.9550481e+01
   6.4789152e+01   2.4012218e+01
   8.7232562e+01  -5.8791990e+00
   6.6481285e+01   4.7341371e+01
   8.7140164e+01  -1.5513831e+01
   6.4318886e+01   6.5387513e+01
   5.7364205e+01   7.8984253e+01
   9.2089212e+01   1.0839555e+01
  -9.3181441e+01  -4.2225803e+01
   6.9707726e+01   9.3649131e+01
  -5.1645104e+01   5.7962072e+01
   1.8028768e+00   9.8240168e+01
  -3.0166215e+01  -4.6638228e+01
   4.0245017e+01  -5.0296988e+01
  -2.0384876e+01  -7.7106441e+01
   4.7856102e+01  -8.0780342e+01
   7.7239749e+01  -4.7283288e+01
  -3.1870567e+01  -6.3846064e+01
   2.8959069e+01   9.2710631e+01
   1.4196002e+01   2.9915126e+01
   9.8770485e+00   2.0709678e+01
  -7.6661742e+01   4.3518312e+01
   1.8806954e+00   4.4986725e+01
  -1.8346902e+01   2.8491545e+01
   9.8205519e+00   5.0976881e+01
  -1.1391426e+01   5.6053437e+01
  -6.0303059e+01   3.5452464e+00
  -5.2308483e+01   2.4150008e+01
  -2.7868101e+01   3.0454892e+01
  -2.1631173e+01  -1.8065925e+01
  -3.7282280e+01  -7.0220354e+00
  -1.5314097e+01  -3.6714222e+01
  -4.9995160e+01   4.6954359e+01
  -4.0322010e+01   5.0908360e+01
  -4.7071738e+01   3.2940415e+01
  -6.6467962e+01   3.1206843e+01
  -7.8491319e+01   2.0968200e+01
  -8.1605554e+01   3.0390721e+01
   1.9226836e+01  -7.6017153e+01
  -7.0000554e+01   8.7911351e+01
   6.2471072e+01  -7.5364436e+01
  -5.9227778e+01   7.8356690e+01
  -6.3288726e+01   9.5340803e+01
  -9.8838189e+01   5.9283550e+01
  -9.2744298e+01   6.7538800e+01
   2.7528791e+01  -5.9312795e+01
  -8.2687455e+01   6.6151547e+01
   7.9851066e+01  -6.2687944e+01
  -2.1750421e+01   6.3096258e+01
  -4.4638145e+01  -1.3231766e+01
  -5.1298327e+01  -2.0096282e+01
  -4.0713171e+01   9.3688529e+01
  -1.1994854e+00  -8.4757076e+01
  -6.7376037e+01   4.5498331e+01
   8.5054078e+01  -2.8989186e+01
   1.7309977e+01  -1.9368389e+01
   3.8274796e+01  -9.0393944e+01
  -7.4117493e+01   4.5742044e-01
   4.8906200e+01  -4.0692228e+01
  -9.4934349e+01  -6.0646094e+01
   8.2453665e+01  -3.5213570e+01
  -2.6692118e+01  -9.0870764e+01
  -3.7749334e+01  -8.6697698e+01
  -3.6306543e+01  -8.1353886e+01
