   5.0070000e+03
   5.0290000e+03
   5.1310000e+03
   5.3610000e+03
   5.5470000e+03
   5.5530000e+03
   5.4570000e+03
   5.1490000e+03
   5.2650000e+03
   5.2530000e+03
   4.9870000e+03
   4.9830000e+03
   5.5810000e+03
   5.1910000e+03
   5.0090000e+03
   5.3390000e+03
   4.9930000e+03
   5.0890000e+03
   4.9950000e+03
   5.5090000e+03
   5.1250000e+03
   4.9810000e+03
   5.3810000e+03
   5.3690000e+03
   5.1530000e+03
   5.5110000e+03
   5.2270000e+03
   5.1630000e+03
   5.4110000e+03
   5.2450000e+03
   5.2710000e+03
   5.0950000e+03
   5.0790000e+03
   5.2950000e+03
   5.2970000e+03
   5.3830000e+03
   5.3050000e+03
   5.3850000e+03
   5.3450000e+03
   5.0750000e+03
   5.5550000e+03
   5.5390000e+03
   5.2670000e+03
   5.1270000e+03
   5.4670000e+03
   5.4950000e+03
   5.4990000e+03
   5.1790000e+03
   5.2570000e+03
   5.4030000e+03
   5.4630000e+03
   5.5130000e+03
   5.4650000e+03
   5.2910000e+03
   5.5770000e+03
   5.5590000e+03
   5.3670000e+03
   5.3110000e+03
   5.5750000e+03
   5.2470000e+03
   5.4170000e+03
   5.0230000e+03
   5.0170000e+03
   5.2690000e+03
   5.3070000e+03
   5.2850000e+03
   5.3770000e+03
   5.0770000e+03
   5.0570000e+03
   5.0930000e+03
   5.4770000e+03
   5.4550000e+03
   5.4130000e+03
   5.1150000e+03
   5.1190000e+03
   5.4830000e+03
   5.5070000e+03
   5.5290000e+03
   5.1830000e+03
   5.1870000e+03
   5.2090000e+03
   5.2050000e+03
   5.2330000e+03
   5.3230000e+03
   5.0710000e+03
   5.0110000e+03
   5.2170000e+03
   5.5830000e+03
   5.3010000e+03
   5.3990000e+03
   4.9850000e+03
   5.3270000e+03
   5.2610000e+03
   5.0010000e+03
   5.1510000e+03
   5.3370000e+03
   5.3430000e+03
   5.3910000e+03
   5.3470000e+03
   5.3310000e+03
   5.3730000e+03
   5.3750000e+03
   5.1930000e+03
   5.3510000e+03
   5.0730000e+03
   5.2430000e+03
   5.3970000e+03
   5.0870000e+03
   5.1810000e+03
   5.4150000e+03
   5.2810000e+03
   5.1590000e+03
   5.5150000e+03
   5.4330000e+03
   5.1970000e+03
   5.2770000e+03
   5.1230000e+03
   5.4410000e+03
   5.4470000e+03
   5.4230000e+03
   5.4370000e+03
   5.5050000e+03
   5.4590000e+03
   5.1650000e+03
   5.4890000e+03
   5.4450000e+03
   5.5430000e+03
   5.4250000e+03
   5.4610000e+03
   5.1990000e+03
   5.1730000e+03
   5.2290000e+03
   5.1850000e+03
   5.2490000e+03
   5.4430000e+03
   5.4530000e+03
   5.5190000e+03
   5.5570000e+03
   5.5610000e+03
   5.3290000e+03
   5.5910000e+03
   5.3090000e+03
   5.5670000e+03
   5.2990000e+03
   5.5650000e+03
   5.3030000e+03
   4.9800000e+03
   4.9840000e+03
   5.3190000e+03
   5.3170000e+03
   4.9920000e+03
   5.3130000e+03
   5.3150000e+03
   5.0000000e+03
   5.3250000e+03
   5.4310000e+03
   5.0080000e+03
   5.3410000e+03
   5.0160000e+03
   5.0180000e+03
   5.3330000e+03
   5.3350000e+03
   5.4190000e+03
   5.0360000e+03
   5.0380000e+03
   5.3530000e+03
   5.4690000e+03
   5.0480000e+03
   5.3650000e+03
   5.3570000e+03
   5.0560000e+03
   5.3710000e+03
   5.5710000e+03
   5.3790000e+03
   5.0660000e+03
   5.0700000e+03
   5.3950000e+03
   5.3890000e+03
   5.5850000e+03
   5.0780000e+03
   5.0800000e+03
   5.0860000e+03
   5.4010000e+03
   5.0900000e+03
   5.0920000e+03
   5.0940000e+03
   5.4050000e+03
   5.4850000e+03
   5.4270000e+03
   5.4350000e+03
   5.1140000e+03
   5.1160000e+03
   5.1180000e+03
   5.4510000e+03
   5.1220000e+03
   5.1240000e+03
   5.1260000e+03
   5.1300000e+03
   5.4490000e+03
   5.4790000e+03
   5.1360000e+03
   5.4910000e+03
   5.4730000e+03
   5.5510000e+03
   5.1480000e+03
   5.1500000e+03
   5.1520000e+03
   5.4870000e+03
   5.1580000e+03
   5.4750000e+03
   5.1640000e+03
   5.4970000e+03
   5.4930000e+03
   5.1780000e+03
   5.1800000e+03
   5.1820000e+03
   5.1840000e+03
   5.1860000e+03
   5.1880000e+03
   5.5030000e+03
   5.1920000e+03
   5.1940000e+03
   5.1960000e+03
   5.1980000e+03
   5.2000000e+03
   5.5410000e+03
   5.2060000e+03
   5.2080000e+03
   5.2100000e+03
   5.2160000e+03
   5.5250000e+03
   5.2200000e+03
   5.2220000e+03
   5.2260000e+03
   5.5270000e+03
   5.2300000e+03
   5.2320000e+03
   5.5630000e+03
   5.2360000e+03
   5.5370000e+03
   5.2400000e+03
   5.2420000e+03
   5.2440000e+03
   5.2460000e+03
   5.2480000e+03
   5.2500000e+03
   5.2520000e+03
   5.2560000e+03
   5.5450000e+03
   5.5490000e+03
   5.2620000e+03
   5.5690000e+03
   5.2660000e+03
   5.2680000e+03
   5.2700000e+03
   5.2760000e+03
   5.2800000e+03
   5.5870000e+03
   5.2900000e+03
   5.2920000e+03
   5.2940000e+03
   5.2960000e+03
   5.2980000e+03
   5.3000000e+03
   5.3020000e+03
   5.3040000e+03
   5.3060000e+03
   5.3080000e+03
   5.3120000e+03
   5.3140000e+03
   5.3160000e+03
   5.3180000e+03
   5.3200000e+03
   5.3220000e+03
   5.3240000e+03
   5.3260000e+03
   5.3280000e+03
   5.3300000e+03
   5.3320000e+03
   5.3340000e+03
   5.3360000e+03
   5.3380000e+03
   5.3400000e+03
   5.3420000e+03
   5.3440000e+03
   5.3460000e+03
   5.3500000e+03
   5.3520000e+03
   5.3540000e+03
   5.3560000e+03
   5.3580000e+03
   5.3600000e+03
   5.3620000e+03
   5.3640000e+03
   5.3660000e+03
   5.3720000e+03
   5.3740000e+03
   5.3800000e+03
   5.3820000e+03
   5.3880000e+03
   5.3900000e+03
   5.3920000e+03
   5.3940000e+03
   5.3960000e+03
   5.3980000e+03
   5.4020000e+03
   5.4060000e+03
   5.4100000e+03
   5.4140000e+03
   5.4160000e+03
   5.4180000e+03
   5.4220000e+03
   5.4240000e+03
   5.4260000e+03
   5.4280000e+03
   5.4300000e+03
   5.4320000e+03
   5.4360000e+03
   5.4400000e+03
   5.4420000e+03
   5.4440000e+03
   5.4460000e+03
   5.4480000e+03
   5.4500000e+03
   5.4520000e+03
   5.4540000e+03
   5.4560000e+03
   5.4580000e+03
   5.4600000e+03
   5.4620000e+03
   5.4640000e+03
   5.4660000e+03
   5.4680000e+03
   5.4720000e+03
   5.4740000e+03
   5.4760000e+03
   5.4780000e+03
   5.4800000e+03
   5.4820000e+03
   5.4840000e+03
   5.4860000e+03
   5.4880000e+03
   5.4900000e+03
   5.4920000e+03
   5.4980000e+03
   5.5020000e+03
   5.5040000e+03
   5.5060000e+03
   5.5100000e+03
   5.5120000e+03
   5.5160000e+03
   5.5180000e+03
   5.5200000e+03
   5.5240000e+03
   5.5260000e+03
   5.5280000e+03
   5.5300000e+03
   5.5340000e+03
   5.5380000e+03
   5.5420000e+03
   5.5440000e+03
   5.5460000e+03
   5.5480000e+03
   5.5500000e+03
   5.5520000e+03
   5.5540000e+03
   5.5560000e+03
   5.5580000e+03
   5.5600000e+03
   5.5620000e+03
   5.5640000e+03
   5.5660000e+03
   5.5680000e+03
   5.5700000e+03
   5.5720000e+03
   5.5740000e+03
   5.5760000e+03
   5.5800000e+03
   5.5840000e+03
   5.5860000e+03
   5.5880000e+03
   5.5900000e+03
