   2.9922116e+01   6.6315398e+01
  -5.0443035e+01   3.3551226e+01
  -8.5033497e+00  -6.0952252e+01
  -1.0549109e+01  -5.1219101e+01
  -8.6308586e+01   1.0262542e+01
   5.0554120e+01  -4.6067167e+01
   7.6632107e+01  -5.2373731e+01
  -4.3585473e+00  -3.5122343e+01
   6.8585809e+01  -1.5883846e+01
   7.2006635e+01   1.2709993e+00
  -9.6708006e+01  -3.2553600e+01
   4.3844152e+01   5.1100513e+01
   4.4979158e+01   1.7309877e+01
  -5.0349444e+01  -9.1839293e+01
  -4.2512936e+01  -2.0264529e+00
  -2.5690437e+01   5.0571817e+01
  -6.3787823e+01   3.5127658e+01
  -5.0080211e+01   6.6875636e+01
   4.6904101e+01  -7.5211196e+01
  -7.5941617e+01  -7.7335348e+01
   1.4977297e+01  -3.1114547e+01
   2.7446318e+01   2.2954308e+01
   2.9301838e+01  -3.5492604e+00
  -2.1071725e+00  -7.0493777e+00
   1.4137674e+01  -1.5902305e+01
   8.8655008e+01   1.1054695e+01
   8.3643788e+01   6.9863851e+01
  -5.3357031e+01  -1.7244241e+01
  -6.9626094e+01  -6.9582718e+01
   9.0173246e+01  -4.6308769e+01
  -1.3528836e+01  -3.1497893e+01
  -7.3248437e+01   7.7847461e+01
  -4.6103714e+01   9.9963436e+01
  -8.2106031e+01   9.4127579e+01
  -2.8751184e+01   3.2088973e+01
  -5.2717148e+01   2.3963622e+01
  -2.9843329e+01   1.2273717e+01
   8.1982457e+01  -6.2222568e+01
  -8.1310713e+01   3.8242231e+01
   1.9562921e+01  -7.8490433e+01
   3.7576265e+01  -1.5906091e+01
  -6.0406087e+01  -3.0304224e+01
  -9.0915306e+01  -2.0335325e+01
   1.0862020e+01  -5.9556848e+01
   4.6900813e+01   3.1428075e+01
  -8.5777155e+01  -6.7938077e+01
   3.7964620e+01   3.5861263e+01
  -1.1559974e+01  -2.1752396e+01
   9.1929248e+01   6.4265030e+01
  -3.2001053e+01  -2.5672159e+01
   9.8290929e+01   1.3878501e+01
  -3.8752012e+01  -7.1568601e+01
   1.7051188e+01   5.5479168e+01
   1.0450567e+01   8.5150975e+01
   4.0580747e+01  -9.7624954e+01
  -1.9556150e+01   2.8313768e+01
   2.0755271e+01  -5.9000289e+01
  -5.0765184e+01   9.1340685e+01
   8.7588744e+01  -2.1593181e+01
  -9.7459793e+01   2.2672914e+01
  -8.8060674e+01  -8.8887517e+01
   1.5815672e+01  -5.0163785e+01
   2.5633309e+01  -5.0588209e+01
   7.8265986e+00  -8.1687847e+00
   8.3779979e+01   9.3826376e+01
   4.3612426e+01   7.4094632e+00
   8.4628880e+01  -5.6522236e+00
   6.3176700e+01   2.5785644e+01
   5.5065761e+01   6.6862231e+01
  -8.9785706e+01  -4.8335188e+01
   6.6831535e+01   8.1446218e+01
   4.1703261e+01   8.1532358e+01
   6.1825851e+01   4.2137771e+01
   3.9083005e+01  -1.4972380e+00
  -2.9295527e+01  -5.5801406e+01
  -5.0430168e+01  -3.0722959e+01
  -7.1471934e+01  -1.5743415e+01
  -6.7761165e+01  -3.7347994e+00
  -7.5870775e+01   2.4405134e+00
  -2.1537205e+01  -2.0358385e+01
  -6.8837496e+01  -8.4373039e+01
  -2.2380094e+01  -8.2780782e+01
   1.8814087e+01  -8.8351834e+01
   4.6426156e+01  -8.5087211e+01
   1.3013845e+01   2.8922715e+01
   1.9392129e+01   3.6435927e+01
  -9.5864993e+01   3.2510765e+01
   5.0493564e+01  -9.8727242e+01
  -8.5755470e+00   4.4963693e+01
   3.3794811e+01   8.7341044e+01
   7.8245908e+00   5.0928917e+01
  -5.1840946e+01  -6.7389138e+00
   5.0299315e+01  -2.9409123e+01
   6.0197060e+01  -2.8353309e+01
  -2.0545113e+01   6.9204310e+01
  -2.8558331e+01   8.9662762e+01
  -6.2408214e+01   8.9398829e+01
   4.0481767e+01  -5.7431630e+01
  -4.6444825e+01   1.6561499e+01
   4.1386329e+01  -4.7754781e+01
   6.2837305e+01  -6.2967643e+01
  -4.5738418e+00   3.6028023e+01
  -5.6842348e+01   4.1804814e+01
  -4.1747859e+01   7.2150711e+01
  -7.8905494e+01  -5.3114067e+01
   3.2628681e+01  -4.4048690e+01
  -8.1687260e+01   5.7481386e+01
  -5.9753405e+01  -5.0188914e+01
  -4.6626948e+01  -6.5205331e+01
  -8.5860386e+01  -1.1753468e+01
  -1.0862332e+01  -1.1849017e+01
   5.9909252e+01   1.6360337e+01
   8.5485136e+01   8.2709291e+01
   9.2932333e+01   8.9797180e+01
   5.0850716e+00   1.0888846e+01
  -1.4235930e+00  -7.7676247e+01
   5.5322049e+01  -8.8810308e+00
  -2.3892665e+01   5.3754617e-01
   9.1984043e+01  -1.2355612e+01
   1.5162376e+01   1.0767542e+01
  -2.0227758e+00   2.1440002e+01
   2.6956544e+01   5.6783180e+01
   3.5036389e+01   1.6523186e+01
   5.1239695e+01   9.8191917e+01
   8.1984949e+01   5.2213967e+01
   5.1409626e+01   5.7595101e+01
  -1.2733535e+01  -8.0345216e+01
   9.8220725e+01   2.3878833e+01
  -9.4805537e+01  -7.3440242e+00
   8.7221832e+01   4.3695978e+01
  -2.9591227e+01  -7.5593379e+01
  -1.8484844e+01  -6.1277050e+01
  -4.7952558e+01  -7.5454600e+01
   2.1380914e+01  -2.2954285e+01
   6.3052027e+01  -7.5023716e+01
  -1.8611610e+01   8.8740175e+01
  -1.5046803e+01   6.0945337e+01
  -1.7839328e+01   7.8793922e+01
   1.0353574e+00   8.9964181e+01
   8.8600119e+01  -6.8088830e+01
   2.8408356e+01  -7.3570636e+01
   3.7918687e+01   7.2286260e+01
   1.5081243e+01   6.5228074e+01
   2.5684327e+01   4.4246534e+01
  -5.8318416e+01   5.2503914e+01
  -7.3666082e+01   9.8140819e+01
  -3.3160633e+01   4.2985716e+01
   2.8109434e+01  -8.3549425e+01
  -5.6076980e+01   8.3467403e+01
  -4.5605013e+01   8.1557529e+01
   7.8441574e+01  -1.7473516e+01
  -3.6794298e+01   1.9359475e+01
   6.8511009e+01  -4.2755961e+01
  -9.8499014e+01   1.2740802e+01
  -3.8239120e+01   3.4764462e+01
   1.2401787e+00   4.3803589e+01
  -1.4527438e+01   3.6935183e+01
  -3.4470690e+01   7.8923131e+01
   9.8379501e+01  -3.7299828e+01
  -9.0764851e+01   4.1032690e+01
  -7.7297629e+01   2.2203407e+01
  -8.6251465e+01   2.9768318e+01
   1.9327232e+01  -7.3891945e+00
  -9.5720130e+01   7.8959748e+01
   8.8722067e+01  -3.1824745e+01
   4.2702530e+01   9.1635700e+01
  -7.2052785e+01   4.0701153e+01
  -7.4324917e+01   5.1338805e+01
   1.9109956e+01  -6.8660822e+01
   1.1377562e+01  -4.1218225e+01
  -6.9109546e+01  -3.5204566e+01
  -7.1984003e+01  -4.4768713e+01
  -2.0781944e+00   9.9497950e+01
   5.9734060e+00  -4.9545390e+01
  -6.1001518e+01  -9.0585535e+01
  -8.5774894e+01  -7.9152329e+01
  -7.7109663e+01  -6.2951238e+01
  -8.7627185e+01  -5.8098410e+01
  -5.4690531e+01  -8.2833100e+01
   6.9846650e+01  -2.5821497e+01
  -6.6596909e+01   6.0148015e+00
  -6.2875178e+01  -6.2206690e+01
  -9.8366124e+01  -5.3469916e+01
  -6.7875421e+01   1.5618322e+01
  -2.7970788e+00  -4.4949371e+01
  -2.2189688e+00  -2.5306284e+01
   1.8344174e+00  -1.6173328e+01
   5.3203221e+00  -3.3368866e+01
   1.9544571e+01   8.0714125e+01
   9.2910186e+00   3.8111422e+01
  -2.3316312e+01  -3.0297655e+01
   4.9010815e+01  -1.8591409e+01
  -5.9238907e+00   2.1289661e+00
   8.1475024e+00  -2.3851833e+01
   1.3849189e+01   9.1320216e-01
   4.5157923e+01  -9.4033188e+00
  -9.3315150e+01   5.0911607e+01
   7.3936521e+01   7.2265325e+01
   9.2112786e+01   7.5222989e+01
   3.1720076e+00   2.9920130e+01
   7.5348207e+01   9.9202733e+01
  -2.1071347e+01  -1.0374211e+01
   2.1296107e+01  -4.1654149e+01
  -7.5951609e+01  -9.1399945e+01
   4.8511276e+01   7.4355484e+01
  -1.4595473e+01  -2.6695929e+00
  -4.0442462e+01  -3.0798879e+01
   5.7020534e+01   7.9571082e+01
   7.8205434e+01   6.1471987e+01
   5.3696686e+01   4.7904510e+01
   5.3525952e+01   8.6893770e+00
   2.8558458e+01   3.2823873e+01
   3.3373836e+01   6.6867965e+00
  -6.2768002e+01  -2.0626428e+01
  -2.1943863e+01  -4.0147395e+01
  -3.0472019e+01  -7.1036311e+00
  -5.3541517e+00  -8.6845967e+01
   9.7221297e+01   4.3660645e+01
  -9.8361629e+01   5.9498664e+01
  -1.0212397e+01  -7.0741101e+01
   9.1603815e+01   1.5049579e+00
   9.1633315e+00  -6.9332745e+01
  -7.6950627e+01  -7.4260479e+00
  -6.0924447e+01  -1.0840877e+01
  -4.3450561e+01  -1.1929658e+01
   8.8631698e+01   2.1050292e+01
  -2.0529218e+01  -5.1010097e+01
  -6.9872845e+01  -9.9340222e+01
  -3.3833043e+01  -9.1867125e+01
  -1.9941577e+01  -7.3001536e+01
   7.4969427e+01  -8.2027756e+00
  -3.9492116e+01   9.8472441e+00
   9.8961816e+01  -8.5262518e+01
   5.5020885e+01  -6.9488828e+01
   3.7520631e+01  -7.8209933e+01
   3.8573928e+01   2.5881519e+01
   4.6196336e+01   4.1393684e+01
   4.4020832e+01  -3.7648300e+01
   5.5536950e+01  -3.7758177e+01
   6.5686841e+01  -8.4368669e+01
   7.2584783e+01  -9.9164750e+01
   3.4004050e+01   4.9618223e+01
   5.5176143e+01  -8.0306442e+01
   5.8962470e+01  -1.8434373e+01
  -6.5318473e+00   7.2239194e+01
   3.4550918e+01  -3.4506269e+01
   4.5847297e+01  -6.5588038e+01
  -4.8744861e+01   5.7525260e+00
   3.6969566e+01  -8.8169974e+01
  -2.5690204e+00   5.2913951e+01
  -8.3743720e+01   4.8006421e+01
   1.4969507e+01   9.4491901e+01
   6.7013310e+01  -5.3822832e+01
  -2.1597406e+01   9.8833299e+01
   5.3560388e+01  -5.9738847e+01
   7.2928859e+01  -6.0966816e+01
   9.7678968e+00  -7.9074414e+01
  -8.3707164e+01   6.6352995e+01
  -9.2045486e+01   6.6492636e+01
   9.2910644e+01  -5.5419007e+01
  -4.2895941e+01   5.1146590e+01
   1.5915756e+01   4.5591976e+01
   2.6377549e+01   9.3538801e+01
   1.6611806e+01  -9.8008539e+01
   4.2542743e+00  -8.6728786e+01
   6.4253653e+00   6.0466207e+01
  -6.4856905e+01   8.0098028e+01
   7.3696640e+00   9.8233282e+01
  -7.3569155e+01   8.7218913e+01
  -9.1956741e+01   9.7617913e+01
   7.5741538e+01  -3.5968369e+01
  -2.7288056e+01   6.0422594e+01
  -2.7418746e+01   2.2259134e+01
  -1.6060729e+01   5.1140165e+01
  -7.2992988e+01   3.1046212e+01
  -6.8976867e+01  -5.4295758e+01
  -9.7563818e+01  -8.2821613e+01
  -9.0866528e+01   8.7688183e+01
  -6.5558754e+01   4.7249116e+01
   3.0722497e+01  -5.9074068e+01
  -9.5451192e+01  -9.5623961e+01
   3.5870461e+01   9.8922770e+01
  -4.3381337e+01   2.6535749e+01
  -5.3720390e+01  -5.8159109e+01
   1.0137654e+00  -5.8066480e+01
  -9.5981024e+01  -6.3594786e+01
   3.6160296e+01  -6.7379770e+01
  -7.6859506e+01   1.2288102e+01
  -6.2523307e+01  -7.6619682e+01
  -3.8993969e+01  -5.8745070e+01
  -8.5682847e+01  -2.8844991e+01
  -8.0565748e+01  -2.0251098e+01
  -7.2181969e+01  -2.5701029e+01
  -6.8241236e-01  -6.7797891e+01
  -1.2094547e+01  -4.1379306e+01
  -8.5036433e+01  -1.4843440e+00
   5.6811814e+01   3.3489328e+01
  -5.9212787e+01  -4.0212995e+01
  -8.8584960e+01  -3.8410081e+01
  -5.5777252e+01  -6.9238988e+01
  -3.1759982e+01  -3.5930534e+01
  -9.8172329e+01  -4.2870308e+01
   5.2868228e+01   2.3431805e+01
   6.4082413e+01   7.3037270e+00
   6.9878764e+01   1.5667897e+01
  -5.3151668e+01   7.5109979e+01
  -9.4135347e+01  -7.3427784e+01
  -9.3715646e+01   3.8422478e+00
   6.5038070e+01  -6.5148252e+00
  -5.7441218e+01   1.0661455e+01
  -5.8303891e+01   7.0750327e-01
  -9.6674575e+00   2.7853390e+01
   6.1196266e+01   9.9122749e+01
   7.8766226e+00   2.0436919e+01
   9.1766640e+01   5.4266984e+01
   3.6808429e+01   5.9166961e+01
   6.4754506e+01   6.2052904e+01
   4.4829215e+01   6.5089065e+01
  -8.3588160e+01  -9.7855708e+01
   1.7869261e+01   2.0309917e+01
  -8.7832443e+01   2.0032366e+01
   2.3217150e+01   4.3827602e+00
  -3.3536248e+01   2.2485233e+00
   2.2058021e+01   7.2054929e+01
   2.9914737e+01   7.8235058e+01
  -2.4013020e+01  -9.3743845e+01
   7.5916769e+01   8.5603015e+01
   6.3633643e+01   7.1982437e+01
   6.8310987e+01   9.2095633e+01
   7.2303818e+01   4.9751566e+01
   3.9117089e+00   9.9486759e-01
   6.2649848e+01   5.2290344e+01
   9.7632276e+01  -2.7277413e+01
  -4.4534757e+01  -2.1797244e+01
   8.9460361e+01   3.1013628e+01
   9.9101123e+01   3.3839319e+01
   5.2032857e+01   8.8210117e+01
  -4.2774510e+01  -9.8366145e+01
   7.8653668e+01   2.0452927e+01
  -1.4684212e+01  -9.0187906e+01
  -3.0695171e+01  -6.5669246e+01
  -3.0056341e+01  -4.5867854e+01
   9.9350106e+01   8.2128270e+01
   7.8676897e+01   1.0406367e+01
  -3.6938941e+01  -8.2363891e+01
   9.8939048e+01  -5.2882410e+00
   2.7215908e+01  -1.3497971e+01
   4.1446374e+01  -2.5086066e+01
   4.9774969e+01  -5.5816870e-01
   2.4812819e+01  -3.2361713e+01
  -3.4497554e+01  -1.6138133e+01
   9.0621176e+01  -9.0738614e+01
   9.9539561e+01  -9.5251281e+01
   2.8798771e+01  -9.3875439e+01
   6.4101131e+01  -9.4073365e+01
   5.5091007e+01  -9.0007722e+01
  -1.0998813e+01   9.5180621e+01
  -9.4917449e+00   8.4569660e+01
   8.1579594e+01  -9.4914958e+01
   3.1541002e+01  -2.5056712e+01
  -3.4251090e+01   9.7888329e+01
  -3.0564707e+01   6.9777263e+01
  -4.8229085e+01   5.8392496e+01
  -2.3747035e+01   4.0748246e+01
   8.0901593e+01  -4.4044125e+01
  -5.2028977e+00   6.2409221e+01
  -4.5023291e+01   4.1653992e+01
  -6.2197378e+01   2.3206040e+01
   3.0669531e+00   6.9653373e+01
   5.8220682e+01  -5.1276207e+01
  -5.9418877e+00  -9.6754170e+01
   7.0160932e+01  -6.9336336e+01
  -5.0942927e+01   4.8967544e+01
   9.7029682e+01  -6.4025108e+01
   9.4335930e+01  -7.5428574e+01
  -3.4764124e+01   5.2348324e+01
  -7.7515596e+01   7.0266421e+01
  -6.0767307e+01   9.9970542e+01
   3.2931438e+00   7.9755916e+01
  -8.2663939e+01   7.7834117e+01
   7.0588391e+00  -9.5690731e+01
   1.8954415e+01   8.8553183e+01
  -6.7741162e+01   9.4646012e+01
   9.0734926e+01  -2.0935673e+01
