   4.0329076e+01  -3.3193733e+01
   6.8793380e+01  -7.7268662e+00
  -1.3326338e+01  -6.9804390e+01
  -2.8504646e+01   4.9105331e+01
  -7.6406875e+01  -7.2451414e+01
   1.0722909e-01  -2.5841621e+01
  -8.4836276e+01  -8.9399102e+01
  -5.8660365e+01  -7.5789963e+01
  -5.7808516e+00  -8.5769852e+00
  -5.6788999e+01   1.5817893e+01
   7.6863596e+01   4.9875697e+01
  -6.0808314e+01   3.2978612e+01
  -5.7784999e+01  -2.3410276e+01
   1.8789718e+01   5.7952839e+01
   1.4775249e+01   7.7441061e+01
   1.3081027e+01  -1.2242895e+01
  -5.8128412e+01  -5.2371499e+01
  -4.4258933e+01  -7.3438227e-01
  -4.8136975e+01   5.0551120e+01
  -5.0526349e+01   3.3871133e+01
  -8.3859709e+01   1.5253743e+01
   5.7103523e+01  -5.1396354e+01
  -4.6408572e+01  -1.1408600e+01
  -8.8030519e+01  -1.8989499e+01
  -1.9087890e+01   7.0092418e+01
   7.2044674e+01  -3.8632339e+01
   7.9205252e-01  -5.5978746e+01
  -8.8756193e+01  -3.2487317e+01
  -3.0688859e+01  -2.5768360e+01
  -2.9634159e+01  -7.3266821e+01
   5.4929444e+01  -3.7991053e+01
  -2.3717373e+01   9.6216244e+01
   3.1605410e+01  -7.5923212e+00
  -8.8388640e+01  -5.8939182e+01
   6.7141160e+00   7.1623693e+01
  -1.0421549e+01   6.5585812e+01
  -2.9366234e+01   9.8618794e+00
  -3.8955292e+01   7.0848415e+00
  -8.4698116e+01   5.0650715e+01
   2.2083547e+01   3.5811643e+01
  -7.8502543e+01   5.8481525e+01
   9.9996405e+00  -5.2094261e+01
  -6.2360327e+01  -6.2737264e+00
  -2.9166995e+01   8.7831896e+01
   3.0306340e+01  -4.8840473e+01
   8.0544993e+01  -3.3370070e+01
   4.6613371e+01   8.0081311e+00
   8.4922669e+00  -3.0704114e+01
   2.6666222e-01  -6.5931734e+01
  -2.8134781e+01  -9.3135257e+01
   4.6556439e+01   6.4063156e+01
  -9.5558691e+01  -5.1971210e+01
  -2.1683814e+01  -2.8890935e+01
   8.7495462e+01   7.8513835e+01
   1.5117260e+01  -2.5784968e+00
   8.1794206e+01   5.8572565e+01
   2.2977203e+01  -1.2539988e+01
  -6.5068590e+01  -3.0223439e+01
   7.3571621e+01   7.9505746e+00
   6.7880150e+01   7.4688913e+01
   4.3197527e+01   8.3609134e+01
   7.8582923e+01   8.6707748e+01
   9.4406679e+01  -3.4283890e+01
   1.7006632e+01   9.6885121e+01
  -7.1830675e+00   2.6719470e+01
  -4.4858337e-01   5.5075384e+01
  -3.5105524e+00   3.5911603e+01
  -4.9826637e+01   6.9144742e+00
  -4.3980923e+01   7.6820390e+01
  -3.8285419e+01   4.9269990e+01
   3.2910300e+01   2.7957035e+01
  -5.8139457e+01   5.1813647e+01
  -7.0297506e+01   8.7332567e+01
  -7.0727495e+01   3.6519941e+01
   5.6517840e+01   6.6368354e+00
   2.7991242e+01  -5.8567831e+01
  -7.4190343e+01   1.7319045e+01
  -7.8672758e+01  -1.5670475e+01
   6.8464247e+01  -7.0412558e+01
   8.3345351e+00   6.0834533e+01
   3.9064445e+01  -8.5951714e+01
  -5.7322042e+01  -3.6441938e+01
  -6.8967127e+01   1.0869493e+00
  -9.1233430e+01  -9.5267826e+00
  -3.3981814e+01   7.6640626e+01
   5.8056160e+01  -6.5120771e+00
  -8.4352294e+00  -6.1187115e+01
  -6.3343153e+00  -1.8404032e+01
  -8.5719045e+01   2.5745814e+01
  -1.6983850e+01  -8.6272260e+01
   6.4079548e+01  -1.6531235e+01
   4.3669127e+01  -2.1246891e+01
   5.8357312e+01  -2.4714985e+01
  -4.0778327e+01  -5.9382951e+01
  -8.4827921e+01  -4.9613119e+01
  -9.5241931e+01  -8.2036433e+01
  -1.7404849e+01  -4.5886124e+01
  -3.7785305e+01  -8.9088816e+01
  -2.6659440e+01  -5.5173204e+01
   5.3335953e+01  -7.2347041e+01
   4.6470819e+01   1.8981566e+01
   3.2276288e+01   5.1384982e+01
   4.1347368e+01   5.5539816e+01
  -5.6001866e+00   7.4216499e+01
  -6.6136234e+01  -8.8056764e+01
  -7.1026661e+00   9.3618200e+01
   7.5140337e+01   6.7086312e+01
   3.5987654e+00  -9.4945262e+01
   1.3180803e+01   8.5799370e+00
   2.4715360e+01  -4.0570445e-01
  -7.5145643e+01  -4.7111896e+01
  -4.7365886e+01  -9.1945586e+01
   2.6212958e+01  -3.7071652e+01
   7.8420370e+01  -1.1359159e+01
   9.1325569e+01   5.5547239e+01
   6.5707523e+01   1.4049566e+01
   9.4707824e+01   2.0438617e+01
   5.0083138e+01   3.6070616e+01
  -4.9167412e+01  -7.2762376e+01
   3.8959126e+01   9.2666046e+01
   6.5719165e+01   8.4444467e+01
   2.4013460e+01   7.3070931e+01
   9.7170459e+01  -1.7007932e+01
   5.2944952e+01   9.7598504e+01
   2.3182625e+01   2.5825303e+01
   4.1709969e+00   2.9597195e+01
   1.0049887e+01   3.8868312e+01
  -2.2089295e+01   8.2322785e-01
  -4.1750396e+01   2.4566448e+01
  -2.8362161e+01   2.0023789e+01
  -3.9083892e+01   6.8125834e+01
   3.9365137e+01   3.7633543e+01
   3.8014129e+01   1.3911223e+01
  -2.8781539e+01   6.8039928e+01
  -5.6225113e+01   7.7218604e+01
  -3.9262185e+01   3.3826404e+01
  -5.4386822e+01   4.2812069e+01
  -7.0903979e+01   5.1235301e+01
  -5.4046838e+01   9.3993828e+01
  -3.8432213e+01  -1.8201764e+01
  -7.3380343e+01   2.7077882e+01
   5.1321917e+01   5.5184246e+01
  -8.2855152e+01   3.5321709e+01
  -9.4223932e+01   5.3603997e+01
   2.0329496e+01  -4.8331621e+01
   2.1981498e+01  -6.7424923e+01
   7.2433047e+01  -6.1234793e+01
  -4.8095863e+01  -2.1023118e+01
  -2.4220591e+01   7.8556733e+01
  -2.1808094e+01   5.9238589e+01
  -6.5084003e+01  -1.5841702e+01
  -7.9105532e+01  -1.9638392e+00
   3.1974593e+01  -6.7740965e+01
  -4.4057428e+01   9.3839234e+01
  -9.4993864e+00  -7.9017426e+01
   7.8688765e+01  -2.1342691e+01
   1.9166744e-01  -3.6021294e+01
  -1.7430658e-02  -7.5873838e+01
   4.8873919e+00  -1.7607016e+01
   1.8271334e+01  -3.1132258e+01
  -5.3084056e+01  -4.0267320e+00
  -8.6480903e+01   4.6819059e+00
  -1.5308979e+01  -2.1643173e+01
   9.7534352e-01  -4.6026326e+01
  -9.7430398e+01  -2.2289756e+01
  -2.8432177e+01  -8.3157381e+01
  -9.5135191e+01  -7.1492255e+01
  -7.7033553e+01  -8.3155080e+01
  -3.0625601e+01  -1.1836810e+01
  -8.5885914e+01  -7.8514733e+01
  -8.5589919e+01  -6.8524648e+01
  -8.1128551e+00  -3.0349718e+01
  -3.6256249e+01  -9.8964491e+01
  -5.0740460e+01  -5.9075238e+01
  -3.9824672e+01  -6.9341867e+01
  -4.0069778e+01  -2.8042237e+01
  -3.7734076e+01  -7.9104478e+01
  -2.4411205e+01  -3.8514827e+01
  -7.4850614e+01  -9.2960653e+01
  -9.1857475e+01  -9.8401734e+01
  -9.8928358e+01  -9.1330939e+01
  -2.1805900e+01  -6.4524149e+01
  -6.9576867e+00  -9.0531249e+01
  -7.4401108e+01  -3.3737171e+01
   9.6104558e+01   8.3596294e+01
  -3.4941399e+00   3.6670784e+00
   2.3107462e+01   9.4585715e+00
  -4.0647397e-01   1.9802992e+01
  -5.5675138e+01  -1.3668986e+01
  -8.1106308e+01  -2.6170393e+01
   1.3677872e+01  -2.2211092e+01
   3.2249760e+01  -1.7544358e+01
   9.0720938e+01   3.7851581e+01
   7.6640004e+01  -1.5397901e+00
   9.8160796e+01   3.1172656e+01
  -5.4376140e+01  -8.4818825e+01
   6.0114521e+01   3.3382280e+01
   8.4088949e+01   1.9095732e+01
   6.1277055e+01   5.5848489e+01
   9.8021865e+01   6.3236241e+01
   9.8488717e+01   3.1911420e+00
  -9.8677874e+01  -3.3421573e+01
   4.3613922e+01   7.3618658e+01
   7.9215009e+01   9.6685198e+01
   5.3901191e+00   8.1481313e+01
   3.7904506e+01  -5.9694876e+01
   4.5372734e+01  -6.6315069e+01
   6.3671738e+01  -3.3181344e+01
   5.2357802e+01   8.7617956e+01
  -2.1386688e+01   3.9461954e+01
  -7.8402905e+00   4.7038138e+01
  -6.4014367e-01   6.5040242e+01
  -1.3257312e+01   3.4271714e+01
  -4.6682200e+01   1.5963473e+01
  -3.1867999e+01   2.7711826e-01
  -3.6964906e+01   1.6255841e+01
  -3.1101611e+01   3.9253704e+01
  -7.6448023e+01   7.6391522e+00
  -6.6842688e+01   1.0835408e+01
   3.0204307e+01   4.1615378e+01
   2.8803155e+01   1.7638315e+01
  -4.1604421e+01   5.8556733e+01
  -4.4559918e+01   4.1691638e+01
   4.2880742e+01   2.8286486e+01
   5.6113670e+01   1.6627696e+01
   5.2948097e+01   2.6498666e+01
   5.7430783e+01   4.2993076e+01
  -3.1732113e+01   5.8535790e+01
  -6.0369551e+01   8.6262753e+01
  -6.4196681e+01   4.3899327e+01
  -5.0348209e+01   6.9247505e+01
  -4.9742073e+01   8.4973503e+01
  -8.8312703e+01   6.1758396e+01
   4.7843148e+01   4.5812305e+01
   2.1388782e+01  -7.7407315e+01
  -7.9994948e+01   6.8366229e+01
  -9.9358817e+01   4.5027152e+01
   6.0079354e+01  -6.4963809e+01
   6.8134578e+01  -5.2208448e+01
  -9.5000224e+01   2.2027185e+01
  -3.8846356e+01   8.5341025e+01
  -1.4249710e+01   7.9277174e+01
   4.9354555e+01  -1.6093523e+00
   4.4966492e+01  -1.1273999e+01
   4.0752863e+00  -8.4967878e+01
  -1.8703972e+01   4.8877385e+01
   9.8605294e+00  -7.3924272e+01
   3.9406849e+01  -7.4429398e+01
   3.1057067e+01  -7.9961568e+01
   4.9609860e+01  -2.9526062e+01
   8.7454350e+01  -2.6141491e+01
   1.4097626e+01  -4.0522533e+01
   4.8555242e+01  -5.6585467e+01
  -7.1816493e+01  -8.5758486e+00
  -3.4461814e+01   9.6821496e+01
   4.5644514e+01  -4.1625070e+01
   6.5140876e+01   1.5777206e+00
   5.3966044e+01  -1.5636786e+01
   6.9392819e+01  -2.4997580e+01
  -9.6198420e+01   2.4030701e+00
   2.3587116e+01  -2.2497460e+01
  -9.7938075e+01  -6.1891281e+01
  -8.0135060e+00  -5.1353673e+01
   3.9386662e+01  -1.3805306e+00
   3.2425571e+01   5.7629066e+00
  -8.2172058e+01  -3.9994675e+01
  -7.8152591e+00  -4.1656235e+01
   6.3290630e+01  -4.3464705e+01
  -9.3289971e+01   1.2107882e+01
  -6.8309701e+01  -7.8298818e+01
  -9.2569312e+01   3.7687168e+01
  -6.7977810e+01  -5.4083471e+01
  -1.6834962e+01  -5.5859375e+01
  -5.8106366e+01  -6.5812410e+01
  -6.6379933e+01  -9.8275286e+01
  -7.7880233e+01  -5.7051575e+01
  -5.7152105e+01  -9.4423829e+01
  -1.6236478e+01   8.9548226e+01
  -1.5978377e+01  -9.6212949e+01
  -8.1981584e+01  -9.9970784e+01
   2.7109676e+01   6.3509808e+01
   2.2642974e+01   4.8737053e+01
   3.6768933e+01   6.6088991e+01
   1.7818477e+01   8.6933419e+01
   2.6961581e+01   8.2905505e+01
   3.3822956e+01   7.5640963e+01
  -4.9408789e+01  -3.0727006e+01
  -7.1807124e+01  -2.2924907e+01
   8.6483583e+00   9.0904304e+01
   9.5830453e+01   7.2992379e+01
  -6.3635471e+01  -4.4054427e+01
   7.1037579e+01   5.7978185e+01
   8.5096495e+01   6.8010369e+01
   5.5101022e+01   6.9232276e+01
  -4.2545150e+00   8.4063268e+01
   1.5768250e+01   6.7466634e+01
   9.8975318e+01  -6.7955253e+00
   4.0559231e+00  -7.9470575e+00
  -1.5549291e+01  -9.8522386e+00
  -1.2305832e+01  -6.6945754e-01
  -3.3555032e+01  -3.5457519e+01
   3.3812550e+00   1.0852457e+01
   7.7657572e+01   7.6756158e+01
   8.6385132e+01   4.6855477e+01
   3.2150437e+01  -2.7535863e+01
   1.8033557e+01  -5.8045550e+01
   6.1824551e+00   1.5291599e+00
  -6.8025146e+01  -6.7007877e+01
   8.8339878e+01   2.8143852e+01
   1.0007585e+01  -6.3933257e+01
   8.3335838e+01   5.8813332e+00
   9.6379528e+01   4.6643680e+01
   7.4103118e+01   1.9450258e+01
   6.4795560e+01   2.4006561e+01
   8.7231609e+01  -6.0945591e+00
   6.6445690e+01   4.7309466e+01
   8.7212611e+01  -1.6114513e+01
   6.4310852e+01   6.5363153e+01
   5.7360011e+01   7.8964168e+01
   9.2021024e+01   1.0813197e+01
  -9.3189120e+01  -4.2256524e+01
   6.9700839e+01   9.3611176e+01
  -5.1308845e+01   5.9523611e+01
   1.7956964e+00   9.8171415e+01
  -3.0224370e+01  -4.6123175e+01
   4.0228599e+01  -4.9992684e+01
  -2.0339378e+01  -7.6873480e+01
   4.7420900e+01  -8.0409499e+01
   7.6889231e+01  -4.7375791e+01
  -3.1749686e+01  -6.3578133e+01
   2.8959393e+01   9.2702673e+01
   1.4115133e+01   2.9803330e+01
   9.4464696e+00   2.1009671e+01
  -7.7516167e+01   4.3765458e+01
   1.6999163e+00   4.4276236e+01
  -2.0838862e+01   2.7791437e+01
   9.0277838e+00   5.0923446e+01
  -1.2083029e+01   5.5997561e+01
  -5.9257876e+01   4.6320036e+00
  -5.1667305e+01   2.4286165e+01
  -3.0635109e+01   2.9351035e+01
  -2.2866286e+01  -1.6186999e+01
  -3.8042380e+01  -7.2340576e+00
  -1.5454667e+01  -3.6148606e+01
