   3.7827705e+01  -3.3463100e+01
   7.2561603e+01  -5.4194638e+00
  -8.4751487e+01  -6.6078335e+01
  -6.7723445e+01   9.3882030e+00
   7.6469098e+01   6.0181890e+01
  -6.3404650e+01  -5.5221864e+01
  -4.9888461e+01   6.6493397e+00
   7.1588759e+01  -4.2068225e+01
  -9.9095147e+01  -2.8153373e+01
   5.7144830e+01  -3.5425595e+01
  -5.4061678e-01   6.5883435e+01
  -9.7495367e+00   6.2059936e+01
  -3.0334372e+01   5.9471454e+00
  -4.4931256e+01   1.5186889e+01
  -8.1078202e+01   6.2440571e+01
   2.8563769e+01  -4.8667167e+01
   7.6227265e+01  -3.3286161e+01
   4.2627080e+01   7.9881776e+00
   2.2611633e+00  -6.9826463e+01
  -1.5183788e+01  -2.4828414e+01
   8.3767397e+01   8.2551896e+01
  -6.9865198e+01  -2.4968608e+01
   7.8480025e+01   2.4955379e+00
   7.3938820e+01   8.0723093e+01
  -6.3098547e+01   5.1287956e+01
  -8.2343437e+01   8.6192121e+01
  -8.0290861e+01  -1.7599785e+01
   6.0850404e+01  -6.7745647e+01
   4.4443743e+01  -9.4141602e+01
  -7.2547206e+01  -3.4726207e+01
  -7.4896840e+01   3.4415626e+00
  -9.6480773e+01  -8.9196874e+00
  -3.4150802e+01   7.6337668e+01
   5.6140331e+01   9.2103143e-01
  -9.3551590e+01   2.6907828e+01
   6.4726646e+01  -2.3981054e+01
  -3.2588722e+01  -6.7273804e+01
  -8.2128713e+01  -5.6413871e+01
  -9.8846929e+01  -9.0041311e+01
   3.8204962e+01   5.6710726e+01
  -6.1441094e+01  -8.8290171e+01
   1.4956488e+01   3.0309833e+00
  -4.6157832e+01  -9.0885580e+01
   9.5369887e+01   6.4168014e+01
   4.1169178e+01   3.7555591e+01
  -4.5309360e+01  -7.1101534e+01
   2.7648932e+01   7.2169860e+01
  -3.7210350e+01  -2.3658524e+00
  -3.9871718e+01   2.3246354e+01
   2.5849718e+01   4.2224441e+01
  -4.5286622e+01   3.5600330e+01
  -7.6932669e+01   4.3060801e+01
  -3.3008860e+01  -1.4849214e+01
   6.7360035e+01   6.6770285e+01
  -8.5182644e+01   3.9389732e+01
   7.3413009e+01  -5.6466743e+01
  -1.0633526e+01  -8.6673261e+01
   5.4291892e+00  -4.0412033e+01
  -2.5031876e+00  -2.4607398e+01
   3.5071859e+00  -5.0055815e+01
  -9.3713176e+01  -7.5830604e+01
  -7.4230488e+01  -9.2858822e+01
  -4.0976492e+01  -2.0752801e+01
  -4.0363024e+01  -7.9764600e+01
  -8.2459845e+01  -9.8593004e+01
  -9.7915423e+00  -9.6546716e+01
   8.1604677e+00   1.0342210e+01
   7.1429514e+00   2.2327907e+01
   1.3901061e+01  -2.6544044e+01
   2.5504117e+01  -1.8953683e+01
   5.9009713e+01   3.0150701e+01
   3.9878813e+01   8.5394444e+01
   8.1553970e+01   9.9938421e+01
  -4.9883209e+00   4.9580412e+01
   2.2877248e+01   1.0295199e+01
  -3.2845156e+01   5.7701057e+01
   4.4007624e+01   2.7989317e+01
   5.2592400e+01   4.5675218e+01
  -6.1657350e+01   9.7618840e+01
  -5.0531250e+01   7.8570206e+01
  -9.0333647e+01   5.9035927e+01
   2.1622676e+01  -9.8590759e+01
  -7.5918396e+01   7.9746633e+01
   5.2579499e+01  -8.4211594e+00
  -2.4200347e+01   5.3211428e+01
   4.1102051e+01  -6.3209719e+01
   1.5859430e+01  -3.6276611e+01
   4.8477966e+01  -5.4431518e+01
  -6.3043316e+01  -1.6790253e+01
   3.7045743e+01  -4.3385653e+01
   4.5353172e+01  -1.6279334e+01
   7.5506137e+01  -2.3333049e+01
  -9.9068849e+01   6.4638190e-01
   2.5413741e+00  -5.9941388e+01
   3.5983978e+01  -4.4091340e+00
  -8.0968475e+01  -4.6522388e+01
  -9.7977613e+01   3.6617293e+01
  -1.6977765e+01  -6.9560951e+01
  -1.4557838e+01   8.7057338e+01
  -2.2385789e+01  -9.9864341e+01
   1.9354538e+01   6.5774486e+01
   2.2168601e+01   5.6228079e+01
  -6.0149353e+01  -2.5991567e+01
   1.1645534e+01   9.6449079e+01
  -6.9899337e+01  -4.4333111e+01
   8.0433401e+01   7.3121221e+01
   4.9246965e+01   6.9611468e+01
  -5.0571873e+00   8.4184396e+01
   6.2390234e+00  -1.9937445e+01
  -1.0127746e+01  -8.3092897e+00
  -2.3416191e+01  -2.9937332e+01
   9.5420554e+01   4.7139002e+01
   3.3699554e+01  -2.4466332e+01
   2.0887590e+01  -5.8097522e+01
   8.7117278e+01   8.2328346e+00
   8.3122874e+01   1.7280855e+01
   7.3956949e+01   2.0272552e+01
   9.1916928e+01  -1.1079200e+01
   6.7186729e+01   5.6882034e+01
   9.6304384e+01  -2.0018231e+01
  -2.6590567e+01  -3.9182322e+01
  -2.4397688e+01  -7.4144028e+01
   5.2881146e+01  -8.9000794e+01
   8.3997410e+01  -5.1143558e+01
   1.2959232e+01   3.0005943e+01
   2.3285960e+01   2.3328259e+01
   7.8365152e+00   3.8378196e+01
  -1.6146303e+01   3.3810825e+01
   1.2056131e+01   5.7180733e+01
  -4.0597191e+01   5.0638605e+01
  -7.1530713e+01   3.4785867e+01
  -8.3648763e+01   1.9959413e+01
  -7.5017171e+01   2.5620259e+01
   2.2761246e+01  -7.5558258e+01
  -7.6618650e+01   9.4265659e+01
   6.5726509e+01  -7.6080232e+01
  -5.9232803e+01   7.8597819e+01
   3.0474298e+01  -6.9894478e+01
  -8.9187065e+01   6.8610594e+01
   8.9145983e+01  -6.8296747e+01
  -5.1435519e+01  -1.3341895e+01
  -3.2798463e+00  -7.8298096e+01
  -6.3161924e+01   3.9548894e+01
   8.4709903e+01  -2.8718795e+01
   1.5888829e+01  -1.6897962e+01
   3.5751736e+01  -9.8988645e+01
  -8.4374401e+01   1.5244129e+00
   9.0930246e+01  -4.1670360e+01
  -2.6533824e+01  -9.0766458e+01
  -3.6408053e+01  -8.8960802e+01
  -3.0249082e+01  -8.1417062e+01
  -7.7497457e+01  -5.5784568e+00
  -8.6757832e+01  -7.9749992e+00
  -8.8933586e+01  -8.2743456e+01
  -5.6751856e+01  -4.9968386e+00
  -8.4811354e+01   5.0847840e+01
   4.9862513e+00  -3.0681564e+01
  -9.3133699e+01   1.7091085e+01
  -6.0047069e+01  -6.4490937e+01
  -5.0190155e+01  -8.1754496e+01
  -6.8254565e+01  -7.3610132e+01
   3.3105405e+01   9.2736478e+01
  -9.1880903e+01  -4.7368667e+01
  -5.0675459e+01  -2.3144207e+01
   4.4294658e+01   9.6274973e+01
  -1.3513905e+01  -4.6603346e+01
   8.9043540e+01   9.3312236e+01
  -8.3318134e+00  -5.4755194e+01
   3.6770159e+00  -1.8729511e+00
   8.7147228e+00  -1.0301003e+01
  -2.3572330e+01  -1.7917156e+01
  -4.3838458e+01  -3.0154437e+01
   4.1644370e+01   1.7921986e+01
  -8.9221514e+01  -2.6872573e+01
  -9.0134174e+01  -1.7086204e+01
  -6.2706734e+01  -3.6395158e+01
   2.7255050e+01  -9.1503757e+00
  -2.1817116e+01   7.7649866e-01
   1.7721482e+01  -6.5622449e+00
   3.5522466e+01  -1.4662850e+01
   8.4743761e+01   4.7259994e+01
   7.8274404e+01  -1.3511541e+01
   8.6609303e+01  -2.8234738e+00
   9.7416952e+01   1.0806759e+01
   7.3442050e+01   1.0727521e+01
   4.8014975e+01   5.6135715e+01
   5.0759938e+01   3.5417995e+01
   3.6893720e+01   7.5903965e+01
   7.5174025e+01   9.2136724e+01
   5.7687114e+01   5.4209668e+01
   2.0133023e+01   7.8681634e+01
  -2.0034350e+01  -8.3170528e+01
  -3.3377362e+01  -5.7395306e+01
   5.1898318e+01  -6.3555706e+01
   4.6092791e+01  -8.1780084e+01
   3.7898305e+01  -7.6320689e+01
   5.7420186e+01  -4.3753135e+01
   2.2058963e+01   9.8281932e+01
   6.6563988e+01  -3.3626205e+01
   5.8082895e+01  -1.6651043e+01
   6.2697455e+01  -6.5875582e+00
  -3.4979800e+01   1.4797277e+01
  -2.1433723e+01   4.3688259e+01
   1.0423880e+01   7.6710789e+01
  -1.9448032e+01   7.8448390e+01
  -2.5237557e+01   3.0799677e+01
   7.6155347e+00   4.8233802e+01
   2.1111231e+00   5.6400253e+01
   9.2157545e-01   3.0134882e+01
  -4.0221564e+01   6.6449940e+00
  -6.7086731e+00   9.7923814e+01
  -5.3871163e+01   1.9197141e+01
   9.6966582e+00   8.6651588e+01
   4.2841685e+01   4.7354845e+01
   3.4548812e+01   2.4915271e+01
   5.0844251e+01   1.3248249e+01
   5.2507618e+01   2.2905200e+01
  -7.6845643e+01   1.3019569e+01
  -2.8003470e+01   8.3411185e+01
  -4.2332725e+01   7.1083335e+01
   6.0653559e+01   1.3762959e+01
   6.6449592e+01  -8.6433228e+01
   2.3003846e+01  -8.8767886e+01
   4.5494766e+01  -1.5018527e+00
   7.0989288e+01  -6.7562374e+01
  -4.4244631e+01   6.0482791e+01
   8.0225535e+01  -6.3728541e+01
  -9.8422662e+01   6.5307031e+01
  -4.9411999e+01   8.8271001e+01
  -9.2090393e+01   8.7341757e+01
  -1.1919586e+01  -7.7028196e+01
  -5.6383483e+01   4.6041914e+01
  -3.8204854e+01   9.0596161e+01
   3.0472546e+01   5.0790793e+01
  -8.0178600e+01   7.1832644e+01
  -3.4585781e+01   3.2266969e+01
   8.9630682e+00  -8.7349962e+01
  -2.4715256e+01   9.2258531e+01
   3.0414152e+01  -6.0120289e+01
  -3.2252354e+01   9.8292466e+01
   5.1489739e+01  -2.4153181e+01
   4.7699588e+01  -3.3393091e+01
   1.0909934e+01  -7.4164684e+01
  -3.3875647e+01  -9.8584717e+01
  -4.0140318e+00  -4.3652893e+01
   1.3672520e+01  -4.5964460e+01
   2.3372688e+01  -2.9662363e+01
   3.7659756e+01  -8.7087018e+01
  -5.3142908e+01   2.8953738e+01
   3.3175391e+01   5.3460326e+00
   2.7604090e+01  -3.8716291e+01
  -9.1959902e+01   7.4643756e+00
  -7.3009615e+01  -5.3702622e+01
   6.0490412e+01  -5.8348610e+01
   8.1275774e+01  -4.1713100e+01
  -8.0041096e+01  -7.4899449e+01
   6.5936194e+01  -4.9975330e+01
  -9.8571568e+01   5.3653766e+01
  -9.1053473e+01   7.7928169e+01
  -8.2440677e+01  -3.6753923e+01
  -7.0177024e+01  -8.3423600e+01
  -8.0034492e+01  -8.5088255e+01
  -9.9933325e+01  -1.8224978e+01
  -5.4841275e+01  -9.5815034e+01
  -5.1883044e+01  -5.8712021e+01
  -5.5088410e+01  -7.3079853e+01
  -7.9352491e+01  -2.7423597e+01
  -6.4427588e+01  -9.8650715e+01
   5.7853520e+01   7.4646083e+01
   3.0072995e+01   6.2502243e+01
   1.7473891e+01   4.7446519e+01
   6.5984728e+01   4.7181201e+01
   9.9802367e+01   7.6537616e+01
  -5.9944007e+01  -4.5954016e+01
  -9.5649033e+01  -9.9513038e+01
   2.2110045e+01   3.3183752e+01
   9.8883478e+01   9.5094260e+01
   6.0726762e+01   9.1850010e+01
   3.1331710e+01   1.5544922e+01
  -8.6967496e+00   7.4234453e-01
   9.3595471e+01   8.4392137e+01
   6.4093768e+01   8.2439667e+01
  -8.8745080e+00  -1.7537266e+01
   9.0472207e+01   7.2988104e+01
  -9.1425352e-01  -1.1104469e+01
   8.9728079e+01   3.8647988e+01
   1.1757956e+01  -6.5126584e+01
   1.1498904e+01  -5.5572685e+01
  -1.0915816e+00   6.6943622e+00
  -7.4641545e+01  -6.5915557e+01
   8.3067822e+00  -9.6170210e+01
   2.4610959e+01   4.8280693e-01
   6.5347519e+01   5.0681911e+00
   9.6386449e+01  -1.0941020e+00
   8.8633489e+01   2.8725264e+01
   8.5404322e+01   6.4421387e+01
   6.8408851e+01  -1.4760304e+01
   9.7800542e+01   3.2770597e+01
   6.0229217e+01   3.9532231e+01
   5.1146395e+01   8.8995089e+01
   8.6352415e+01  -1.9158947e+01
   4.7971427e+01   7.9520007e+01
   3.9823103e+01   6.6434403e+01
  -9.2401315e+01  -3.6266307e+01
  -1.5485059e+00  -9.0764947e+01
   2.8686657e+01   8.3784002e+01
   1.9485005e+01   8.8635398e+01
   9.0155416e+01   5.5637968e+01
  -4.2346726e+01  -6.1600267e+01
  -2.3949447e+01  -6.2184138e+01
   5.7648021e+01   6.4215471e+01
   9.2689258e+01   1.9589893e+01
   7.5308560e+01   5.0279763e+01
  -2.1480431e+01  -5.2530189e+01
   5.6890219e+01  -9.8046616e+01
   4.6542501e+01  -7.1776695e+01
  -3.0373646e+01  -4.8095444e+01
   1.5549675e+01   1.7051651e+01
  -1.6941271e+01  -3.7440164e+01
  -3.4700792e+01  -3.3675774e+01
  -5.3394003e+01  -3.2791144e+01
   9.5399080e+01  -5.0292120e+01
   9.4147112e+00   6.6800544e+01
  -9.3782477e+00   7.5177365e+01
   5.5729377e-01   7.5737609e+01
  -8.6229225e+00   2.7510773e+01
  -2.0063012e+00   3.9688321e+01
  -7.5646622e+01   5.4506251e+01
  -9.2994049e+01   4.5239356e+01
  -1.1585669e+01   4.2383873e+01
  -3.3695023e-01   1.6356270e+01
  -1.7075183e+01   6.8816934e+01
  -2.7932043e+01   2.1436941e+01
  -3.1166619e+01   4.5917187e+01
  -1.4302323e+01   5.3192223e+01
   1.2296245e+00   9.1917648e+01
  -6.4511506e+01   1.8649860e+01
  -6.3767848e+01   2.8512487e+01
  -5.8465906e+01   1.0655665e+01
  -8.5858784e+00  -3.2320456e+01
  -4.7090997e+01  -2.6482639e+00
  -2.8587389e+01  -6.2644707e+00
  -4.1917650e+01  -1.0943573e+01
  -3.1437488e+01  -2.4379329e+01
  -1.9504033e+01  -8.9239391e+00
   3.1874451e+01   3.4405042e+01
   6.9854002e+01  -9.5835886e+01
   5.6759519e+01  -7.9974266e+01
  -5.1125728e+01   6.8885323e+01
  -4.7470100e+01   4.3710666e+01
   9.0284349e+01  -5.8673182e+01
   9.7460075e+01  -7.3690817e+01
  -8.4046472e+01   2.9750768e+01
   6.4706119e+01   2.2611463e+01
  -3.3598285e+01   6.7046562e+01
   2.9807714e+01  -8.1686102e+01
  -6.5888239e+01  -8.2875748e-01
  -7.1696412e+01  -1.2952830e+01
   3.7638881e+01  -5.3462091e+01
  -5.9109911e+01   8.8211871e+01
  -6.8771707e+01   8.8794382e+01
  -9.1594398e+01  -5.7239604e+01
  -4.5556207e+01   9.7271135e+01
   9.3804829e+01  -3.2350957e+01
  -5.0963418e+01   5.3698253e+01
  -6.7568838e+01   7.9466997e+01
  -8.6517499e+01   9.5238560e+01
  -4.1855973e+01   8.1789516e+01
  -1.6446729e+01   9.6850357e+01
  -6.9653692e+01   4.6871567e+01
  -9.5530107e+01  -6.7839646e+01
   4.5599900e+00  -8.0443530e+01
  -1.2644690e+01  -6.2518070e+01
   1.6275806e+01  -8.1560622e+01
   5.6204735e+01  -5.0895157e+01
  -4.3441893e+01   3.0066167e+01
