   9.4122150e+01   4.3201493e+00
  -4.7881226e+01   2.2113632e+01
   2.0919196e+01   5.7461781e+01
   6.2973346e+01   6.8120077e+01
   6.1261601e+01   4.0974608e+01
   2.5081720e+00   6.5955076e+01
   2.3939135e+01  -1.1315726e+01
  -2.2407597e+01  -7.6768841e+01
   5.6754641e+01   6.0324802e+01
   1.2795273e+01   6.3279111e+01
  -2.4033578e+01   5.3072465e+01
  -7.2258893e+01   2.6110134e+01
  -7.6391512e+01   8.6199127e+01
  -9.0347709e+01  -6.6077588e-01
  -6.0340892e+01  -9.6191106e+01
  -2.8092915e+01  -5.0835309e+00
  -3.7886703e+01  -5.8699257e+01
   3.1021229e+01  -8.3754845e+01
  -2.7045613e+01   2.2795050e+01
  -3.2402099e+01   4.7641915e+01
  -5.2244618e+01   1.0043248e+01
   2.8663177e+00  -8.1353418e+01
  -7.8579849e+01  -9.1410977e+01
   3.6739485e+01   3.2686361e+01
   9.8719862e+01   7.6188642e+01
  -4.3462721e+00  -1.3703741e+01
   5.9973952e+00  -6.3660528e+01
  -7.9850032e+01  -8.1489158e+01
  -1.1558199e+01  -6.3632269e+01
   4.9084807e+01  -8.9419325e+01
  -2.2677446e+01  -4.6815820e+01
   1.8049737e+01   9.2436022e+00
  -3.0021866e+01  -3.0840473e+01
   7.1771981e+00   7.9328683e+01
  -2.0078478e+00   2.8633277e+01
  -1.2118593e+01   7.8929477e+01
  -1.6077241e+01   5.9133482e+01
  -7.1144326e+01   5.5719324e+00
  -8.4643432e+01  -8.8490349e+00
   5.3777268e+01  -4.5945267e+01
  -6.7149478e+01   1.7795077e+01
   6.4296537e+00  -3.2838982e+01
  -8.3986475e+01   7.2931934e+00
   9.6810260e+01   2.8154886e+01
  -7.7458941e+01  -6.1762743e+01
   5.1161636e+01  -3.0508078e+01
  -9.0344162e+01  -1.7044169e+01
   3.5479439e+01   2.0647379e+01
   5.1527486e+01   3.8741182e+01
   7.7652719e+01  -1.6983252e-01
   6.3204400e+01  -3.9180960e+00
   6.6583538e+01   5.8375831e+01
  -2.0685819e+01  -8.6566850e+01
   6.5257770e+01  -6.7076535e+01
  -5.9932810e+01  -6.5089977e+01
  -7.1848614e+00  -3.9994969e+01
  -5.5569737e+01  -1.8616715e+01
   6.5030204e+01  -3.5145328e+01
  -2.6683154e+01   4.6574222e+00
   6.8719842e+01   4.2959155e+00
   9.9035913e+01  -5.6504320e+01
   4.4128839e+01  -5.7539328e+01
  -8.1266993e+01   9.4884316e+01
  -6.3332556e+01   4.9853673e+01
  -4.9701199e+01   6.5766938e+01
   2.7589815e+01  -4.9746847e+01
  -3.7551293e+01   3.9099331e+01
   2.0809608e+01  -2.3053246e+01
   1.3096420e+01  -4.1469457e+01
   2.7035802e+01   9.6844086e+01
   8.9059715e+01  -5.6057282e+01
   2.1611561e+01  -8.6680573e+01
   6.3709498e+01  -4.4865988e+01
  -7.6794339e+01  -4.5649345e+01
  -9.9902782e+01  -1.9971091e+01
   7.4163129e+01  -3.9131996e+01
   8.2574839e+01  -4.7273051e+01
  -8.4067999e+01   8.0562566e+01
  -6.1409421e+01  -7.4819832e+01
   5.8082554e+01   7.7337694e+01
   3.6941434e+01   6.0621423e+01
   1.2851857e+01   4.0356022e+01
   1.4860227e+01   7.3056573e+01
   3.8531082e+01   1.1167346e+01
  -1.8159665e+00   6.8475074e+00
   7.4038351e+01   6.9524404e+01
   8.0304313e+01   7.7314797e+01
   6.2912054e+01   8.6106792e+01
   9.0504641e+00  -7.0321433e+00
   9.8396752e+01   9.9882709e+01
   5.6591676e+01  -2.2182068e+01
   1.0936747e+01  -2.4134211e+01
   9.3772004e+01   6.7499293e+01
  -9.8771584e+01  -5.9861602e+01
   1.0311944e+01   2.8766609e+00
   7.8595852e+01   5.0071907e+01
   6.3835702e+01   1.2959952e+01
   3.2531049e+01   6.9572948e+01
   3.3364395e+01   8.9243173e+01
   5.0495596e+01   9.9919243e+01
   5.8995078e+01   5.0642822e+01
  -4.1997706e+01  -7.7933934e+01
   9.5295427e+01   1.6491578e+01
  -3.2320664e+00  -4.9402403e+01
  -5.9219194e+01  -2.7507965e+01
  -5.1390798e+01  -8.0935922e+01
  -2.4135324e+00   7.6957651e+01
  -9.4334698e+01   3.9337052e+01
  -1.4639282e+00   3.8581912e+01
   1.7137144e+01   2.8587069e+01
  -7.9010260e-01   1.8758304e+01
  -2.1952835e+01  -1.2865751e+01
  -3.2000570e+01   3.1127969e+01
  -2.6869091e+01  -2.1357388e+01
   8.0280024e+01  -9.9709958e+01
  -4.9174906e+01  -1.1017244e+01
  -4.1665953e+01   7.4854672e+01
  -6.7031384e+01  -3.3693494e+00
  -7.8622353e+01  -9.5624337e-01
  -8.7474818e+01   1.6269474e+01
  -2.1730388e+01   6.7365812e+01
  -3.0549258e+01   8.2169598e+01
   5.3458975e+01  -3.6646274e+00
  -1.1897285e+01   2.8655889e+01
  -3.7955649e+01  -3.5200409e+00
  -6.8099390e+01   3.5362463e+01
  -4.3021860e+01   4.7172227e+01
  -5.7572687e+01   7.7935380e+01
  -3.0470196e+01  -8.8491808e+01
  -6.8517064e+01   9.1662157e+01
  -5.3367890e+01   3.0337151e+01
  -4.6911404e+01  -9.9476494e+01
   1.7712049e+01  -6.9522684e+01
  -3.7387740e+00  -8.8747283e+01
   5.9764693e+01  -5.3874194e+01
   2.3021925e+01  -4.0684939e+01
  -1.1906992e+01  -9.4431964e+01
  -8.8886826e+01   5.8844231e+01
   2.8467044e+01  -2.9380473e+01
  -7.7966291e+01  -3.6031563e+01
  -6.8444321e+01  -5.0057963e+01
  -1.7747172e+01  -3.8228889e+01
  -1.4678120e-02  -3.2464434e+00
   8.3778143e+01   8.8624348e+01
   8.3812103e+01   6.6624841e+01
   9.5220272e+01   8.9781272e+01
   6.8076381e+01   7.7544840e+01
   6.4960588e+00  -5.2956021e+01
   4.3742724e+01  -3.4639048e+00
   4.1617063e+01  -1.3142441e+01
  -8.2805391e+01  -5.3361156e+01
  -9.5808308e+01  -4.0775508e+01
   9.1550229e+01  -1.2397901e+01
   7.6636900e+01   1.0287105e+01
   5.8474940e+01   2.1339517e+01
   3.1678253e+01   4.1307541e+01
   8.1306087e+01  -1.0796719e+01
   2.7874093e+01   2.8076122e+01
   5.2419091e+01   8.9723224e+01
   9.6895619e+01   4.8289809e+01
   4.1862346e+01   4.1261237e+01
   3.8025555e+01   7.7893990e+01
   3.9638729e+01   5.0997133e+01
   2.2786318e+01   4.6632536e+01
   4.6830675e+01   5.9293250e+01
   6.8737346e+01   4.8615428e+01
   4.9271550e+01   4.8544064e+01
   4.9321417e+01   1.7383739e+01
  -3.6583599e+01  -2.2025096e+01
  -3.2515090e+00  -6.9194758e+01
   8.8041010e+01   2.3369313e+01
   4.7993774e+01  -7.8078713e+01
  -3.2900960e+01  -6.8826510e+01
   9.5420495e+01  -6.8910134e+01
   7.9100656e+01  -5.6645613e+01
   4.2669355e+01  -9.9479897e+01
  -1.8708049e+01  -5.6329630e+01
  -4.9896543e+01  -3.0887989e+01
  -2.7681778e+00  -5.9207163e+01
  -7.0013760e+01  -7.9878544e+01
  -6.7854803e+01  -5.9440776e+01
  -4.2732535e+01  -6.8065937e+01
   5.8377002e+01   4.8161239e+00
   1.8144165e+01  -3.2685005e+00
   8.2427477e+01  -2.0617035e+01
   7.1660553e+01  -8.7728142e+00
   6.8862891e+01  -5.7937805e+01
   7.6952803e+01  -2.9583909e+01
   6.2197733e+01  -1.3899951e+01
   5.5189464e+00   5.6422202e+01
  -9.2596052e+01   4.8695728e+01
  -1.8933580e+01  -1.2876133e+00
  -1.2893849e+01  -9.0368910e+00
  -6.0781610e+00   6.0839664e+01
  -3.1337945e+01   7.2237155e+01
  -1.1882460e+01   6.8949037e+01
  -3.7011945e+01   2.1467241e+01
  -2.6398522e+01   3.9538637e+01
   5.6681222e+01  -8.2893699e+01
   6.5389043e+01  -7.6897575e+01
   6.5890319e+01  -8.6699344e+01
  -9.2736518e+01   7.2451787e+01
  -4.2993902e+01   1.3522386e+01
  -2.3031330e+00   9.7123959e+01
  -4.1930297e+01   3.0110598e+01
  -7.3532265e+01   5.2923828e+01
  -8.4710725e+00   8.8219766e+01
  -2.1904331e+01   7.7315898e+01
  -1.8384944e+01   8.6695602e+01
   2.2875706e+01   6.7195177e+01
  -5.2933568e+01   5.6334988e+01
  -4.3141520e+01   5.6909520e+01
  -4.8610125e+01   8.1931026e+01
  -5.0756623e+01   9.3303082e+01
  -6.6712387e+01   8.1786502e+01
   2.8612471e+01  -9.9172623e+01
   1.2795704e+01  -8.2183291e+01
   2.5654147e+01  -7.5437118e+01
  -1.4865287e+01   3.8191450e+01
   5.6170512e+01  -6.2997360e+01
  -7.0454717e+01  -1.5259956e+01
  -9.3982315e+01   8.7326788e+00
  -7.6388304e+01   1.3972195e+01
  -5.8791439e+01   3.8654701e+01
   3.3655926e+01  -5.8068648e+01
   9.4113392e+01  -3.5732829e+01
  -6.8777023e+01  -8.9996743e+01
   9.2361614e+01  -4.5501218e+01
   3.2074758e+00  -4.2085302e+01
  -7.8918012e+01  -7.1606648e+01
   1.7632384e+01  -5.0313818e+01
  -7.9529569e+01   6.1874972e+01
  -8.7743330e+01  -8.7530887e+01
  -5.6804384e+01  -5.5782770e+01
  -5.1910158e+01  -9.0851256e+01
  -5.2158383e+01  -7.1076660e+01
   1.2491432e+01   8.7649496e+01
  -9.9822664e+01   9.6170028e+01
   1.7285292e+01   9.6299960e+01
  -9.8031682e+01   1.8642658e+01
  -9.4384234e+01  -6.9097098e+01
  -8.2576572e+01  -2.7393676e+01
  -9.0693220e+01   2.5134024e+01
   2.4436105e+01   7.7058122e+01
   2.8585440e+01   1.2471840e+01
   2.2831357e+01   3.6699490e+01
   3.5703661e-01  -2.4920941e+01
   1.6930152e+01  -3.2268027e+01
   1.4881810e+01  -1.5056736e+01
   2.2017875e+01   1.9940022e+01
   2.5750842e+01   2.9483677e+00
   1.5083108e+00   8.7646023e+01
   9.0334377e+01   3.5769306e+01
  -9.2120046e+00   2.0952347e-01
   7.8718226e+01   9.7479735e+01
   5.0948721e+00  -1.6147390e+01
  -1.0570572e+01  -3.0609324e+01
   6.6321861e+00   1.2112520e+01
   7.4336663e+01   8.5337061e+01
   6.0369091e+01   9.8386169e+01
  -3.6425876e+01   6.1764745e+00
   8.8716331e+01   9.7376863e+01
   6.9346764e+01   9.3997846e+01
   1.5156604e+01  -5.9913409e+01
   8.9747192e+01   8.0601928e+01
   3.5481744e+01   1.7446602e+00
  -8.7411903e+01  -6.2068410e+01
   9.9861312e+01   5.9567925e+01
   6.8746406e+01   2.1459907e+01
   9.7660765e+01  -2.0312441e+01
   6.0530863e+01   3.1061610e+01
   3.0017817e+01   5.3454300e+01
   7.6474952e+01   5.9834246e+01
   9.8377027e+01  -5.0908541e+00
   4.2495727e+01   6.8928708e+01
   8.6423998e+01   5.6280321e+01
   4.2946319e+01   8.6584218e+01
   4.8030062e+01   7.7998088e+01
   4.1138477e+01   9.6411050e+01
   8.7360238e+01   4.5305471e+01
   8.7419078e+01  -3.0218929e+00
   3.3188912e+01  -7.9289086e+00
   2.3607560e+01   8.7015819e+01
  -2.7993076e+01  -6.0251731e+01
  -3.2143157e+01  -7.8708991e+01
  -3.4374237e+01  -1.2619254e+01
  -2.0305162e+01  -2.8669860e+01
   4.8736364e+01   7.4152801e+00
   1.0280907e+01   2.1364876e+01
  -3.9954937e+01  -3.1062456e+01
   8.5940963e+01  -6.5726038e+01
   8.6587688e+01   1.0878139e+01
   7.8628685e+01   2.0056980e+01
  -5.7817237e+01  -3.7072856e+01
  -5.9915045e+01  -1.0032733e+01
  -4.6317388e+01  -2.1640945e+01
  -9.6090921e+01  -8.8574960e+00
  -3.1452707e+01  -5.1092147e+01
  -3.0615804e+01  -4.0800789e+01
  -1.2964389e+01  -4.8145692e+01
  -6.9386390e+01  -6.9021037e+01
  -4.7797673e+01  -5.9680684e+01
   8.3983791e+01  -3.7374716e+01
  -6.0538942e+01  -8.4627873e+01
  -9.2496876e+01  -2.6834778e+01
  -2.0819572e+01  -6.7010553e+01
  -2.1076453e+01  -9.8367367e+01
  -9.8136491e+01  -9.3198710e+01
   3.8208915e+01  -7.7066866e+01
   7.5627765e+00   3.1203441e+01
  -8.1592122e+01   2.5070707e+01
  -8.7080198e+01  -9.7483070e+01
   1.3684916e+01   5.0667646e+01
   4.7641010e+00   4.6338312e+01
  -9.2658066e+01  -5.1964121e+01
  -8.6324745e+01  -4.3535919e+01
  -8.4762656e+01   4.1120410e+01
   9.4251097e+01  -8.5539248e+01
  -9.9652966e+01   5.5517996e+01
   6.1731611e+01  -9.5693852e+01
   5.6382917e+01  -7.2867969e+01
  -1.5064877e+01  -2.0173073e+01
   7.1665923e+01  -9.4744398e+01
  -6.2626813e+01   2.7000596e+01
  -6.2033542e+01   9.3796882e+00
  -4.0049690e+00   5.1082736e+01
   4.4018245e+01   2.5845136e+01
   8.7898011e+01  -9.3252861e+01
  -2.9610806e+01   6.1292124e+01
  -1.5409308e+01   4.8118847e+01
  -4.7490647e+01   3.8305217e+01
  -7.4796715e+01   7.6339812e+01
   5.2579520e+01  -9.9494303e+01
   3.2989572e+01  -4.0852348e+01
  -5.7228083e+01   1.8651886e+01
  -5.4294467e+01  -1.9412705e+00
  -3.7693010e+01   9.7417347e+01
  -3.9647524e+01   8.6090355e+01
   7.5215588e+00   9.6827260e+01
   5.2127906e+01  -1.3374142e+01
   3.7660003e+01  -2.5639163e+01
   8.5126243e+00  -7.3216199e+01
   1.2267692e+00  -9.7408547e+01
  -3.8588508e+01   6.5498529e+01
  -7.4197723e+01   4.3218209e+01
  -1.1553442e+01  -8.2520046e+01
  -2.5563518e+01   9.3644618e+01
  -9.0784624e+01   9.1977259e+01
  -2.1544998e+01   3.0878321e+01
  -4.5627335e+01   2.7196724e+00
  -1.2210228e+01   9.7503392e+01
  -5.2933881e+01   4.6560185e+01
  -3.0283924e+01   1.3752206e+01
   7.5180233e+01  -6.5811183e+01
  -7.7933090e+01   3.4160367e+01
  -5.8989585e+01   8.7831154e+01
   1.9044609e+01  -9.6290714e+01
   2.4770539e+01  -6.2502834e+01
  -6.0826913e+01   9.7688202e+01
   4.7365016e+01  -6.7558468e+01
   4.6430716e+01  -3.9241249e+01
   4.6685924e+01  -2.1643978e+01
   3.7423344e+01  -6.7223858e+01
   3.5861859e+01  -9.2319368e+01
   3.8295951e+01  -4.9293769e+01
   7.2786925e+01  -4.8922061e+01
   3.0343661e+01  -1.8896801e+01
  -8.0274124e+01  -1.7774037e+01
  -6.9897306e+01  -9.9890624e+01
   7.2829127e+01  -1.8539819e+01
   9.0063178e+01  -2.6747007e+01
  -3.7995078e+01  -9.5005779e+01
  -6.8631541e+01  -3.0330741e+01
   6.5874035e+01  -2.5397411e+01
  -6.8357017e+01  -4.0206680e+01
  -5.9719476e+01  -4.6490900e+01
  -8.3037137e+01   5.0797136e+01
  -8.2991192e+01   7.0940275e+01
  -9.6693422e+01  -8.3189649e+01
  -9.3611751e+01   8.2412538e+01
  -9.7769327e+01   3.0685698e+01
