   3.6894405e+01  -3.1681322e+01
   7.5508240e+01  -4.2484812e+00
  -8.4633574e+01  -6.5845934e+01
  -6.3796201e+01   1.3811698e+01
   7.5510649e+01   5.6712993e+01
  -5.9416218e+01   3.3355918e+01
  -6.2189642e+01  -5.4754067e+01
  -5.0235763e+01   3.7637210e+00
   7.1897263e+01  -4.0604588e+01
  -9.7920619e+01  -2.8593864e+01
   5.6125651e+01  -3.6357382e+01
   2.1582376e+00   6.6942328e+01
  -1.0491313e+01   6.4994830e+01
  -3.2562662e+01   6.6175121e+00
  -4.1279502e+01   1.1490002e+01
  -9.1618954e+01   4.6236245e+01
  -7.9713609e+01   6.2036716e+01
   3.1213687e+01  -4.8858919e+01
   7.8256573e+01  -3.3209135e+01
   4.3759501e+01   7.9311298e+00
   7.4727180e-01  -6.8905699e+01
  -1.7462880e+01  -2.9347661e+01
   8.3608372e+01   8.0355626e+01
  -6.5048505e+01  -2.3950019e+01
   7.7115709e+01   5.4983561e+00
   7.3667780e+01   7.7502347e+01
   9.9411389e+01  -3.5631254e+01
  -5.5725586e+00   3.5553230e+01
  -6.3244564e+01   5.0135105e+01
  -7.9601529e+01   8.5237218e+01
  -7.0430152e+01   2.1266137e+01
  -7.8432247e+01  -1.4859530e+01
   6.4019036e+01  -7.0384377e+01
   4.2521267e+01  -9.0452671e+01
  -6.8329182e+01  -3.4419429e+01
  -6.9930503e+01   3.6796417e+00
  -9.4825900e+01  -8.8037280e+00
  -3.5895520e+01   7.3874526e+01
   5.7056463e+01  -3.3699511e-01
  -8.8919264e+01   2.8563808e+01
   6.4288747e+01  -2.3282913e+01
  -3.6942268e+01  -6.0796631e+01
  -8.4069005e+01  -5.5862736e+01
  -9.8248900e+01  -8.7228990e+01
  -4.3947716e+01  -9.9437832e+01
  -2.7250682e+01  -6.2486269e+01
   5.4222767e+01  -7.3345866e+01
   3.4580631e+01   5.7575128e+01
  -6.1443625e+01  -8.8292446e+01
  -9.7200403e+00   9.7883653e+01
   8.1736296e-01  -9.9836032e+01
   1.4825429e+01   3.0243851e+00
  -4.5914839e+01  -8.9688767e+01
   9.3179177e+01   5.8413560e+01
   4.0890031e+01   3.7826378e+01
  -4.4326318e+01  -6.9517197e+01
   2.4882106e+01   7.4459466e+01
   2.0553299e+01   2.2857194e+01
   3.0835509e+00   3.0313687e+01
   1.2939939e+01   3.9020730e+01
  -3.2132578e+01  -3.3347202e+00
  -4.0486220e+01   2.1444129e+01
   3.0594077e+01   3.8391643e+01
  -2.6537342e+01   7.0406721e+01
  -4.3858255e+01   7.9906231e+01
  -4.3327335e+01   3.1011127e+01
  -7.3080305e+01   5.1489135e+01
  -3.3543918e+01  -1.6061361e+01
   5.6752222e+01   6.1123366e+01
  -8.5846830e+01   3.8075187e+01
   2.2302809e+01  -6.8087693e+01
   7.2668244e+01  -5.6682171e+01
  -1.0294737e+01  -8.3464471e+01
   2.2644960e+00  -3.8214931e+01
  -4.8802010e+00  -2.2385994e+01
   2.0477294e+00  -4.7847267e+01
  -9.4500415e+01  -7.1584067e+01
  -7.4624716e+01  -9.2363663e+01
  -2.5659311e+01  -1.0579819e+01
  -4.0480715e+01  -2.2795158e+01
  -3.9418549e+01  -7.8175640e+01
  -8.2444209e+01  -9.8580590e+01
  -5.4650432e+00  -9.2117176e+01
   6.4834664e+00   1.0291752e+01
   1.3906685e+00   1.8838256e+01
  -5.9822097e+01  -7.0102407e+00
   1.1961576e+01  -2.5620348e+01
   2.4513422e+01  -1.6513604e+01
   6.0842629e+01   2.8897966e+01
   4.2083718e+01   8.2299514e+01
   8.1508798e+01   9.9874101e+01
   6.2457998e+01   9.7492562e+01
  -7.1742320e+00   4.5406754e+01
  -1.4901381e+01   3.8832693e+01
  -2.9374478e+01   4.4755772e+01
   2.6928745e+01   1.2344186e+01
  -3.2257184e+01   6.2204162e+01
  -3.7751080e+01   3.9307494e+01
   4.4495850e+01   2.6636180e+01
   5.7874839e+01   4.3264650e+01
  -6.0501122e+01   9.0859166e+01
  -5.3528024e+01   7.4660411e+01
  -8.9369670e+01   5.8998132e+01
   1.9724140e+01  -9.5690118e+01
  -7.1560689e+01   7.9304745e+01
   5.1205048e+01  -8.6466210e+00
   1.4726793e+01  -8.6230635e+01
  -2.5897637e+01   5.4539493e+01
   4.1894891e+01  -6.5537128e+01
   9.9780653e+01  -2.5638074e+01
   1.2805109e+01  -3.5141507e+01
   5.0266113e+01  -5.3796688e+01
  -6.7133683e+01  -1.4200857e+01
   3.7843112e+01  -4.1511585e+01
   4.4967898e+01  -1.6464457e+01
   7.5683508e+01  -2.3597751e+01
  -9.8440955e+01   5.1993217e-01
  -9.9334669e-01  -5.7076389e+01
   3.4825779e+01  -4.8325532e+00
  -8.1533575e+01  -4.6192338e+01
  -9.7303938e+01   1.0464469e+01
  -9.5930572e+01   3.6251881e+01
  -1.7517039e+01  -6.3131345e+01
  -1.3672761e+01   8.7028577e+01
  -2.2476982e+01  -9.9167650e+01
   2.2575380e+01   6.4764186e+01
   2.3926953e+01   5.4938890e+01
  -5.5396226e+01  -2.6169544e+01
   7.0020652e+00   9.5713497e+01
  -6.9961817e+01  -4.4284857e+01
   8.0626646e+01   7.1244628e+01
   4.9016432e+01   6.7210955e+01
  -5.9367403e-01   8.1555709e+01
   4.4233737e+00  -1.9227616e+01
  -1.7441158e+01  -5.8183558e+00
  -2.6111540e+01  -3.4245541e+01
   8.9383180e+01   4.9641136e+01
   3.0984630e+01  -2.3851093e+01
   2.0744529e+01  -5.8276870e+01
   9.6729094e+01   2.5392359e+01
   8.6201155e+01   9.4496852e+00
   8.1883931e+01   1.7840551e+01
   6.6074037e+01   2.2547741e+01
   9.0926942e+01  -1.0967667e+01
   6.6290602e+01   5.7422834e+01
   9.1363245e+01  -2.0082220e+01
   5.4318984e+01   7.9819726e+01
   9.9089633e+01   1.1628918e+01
  -5.1924084e+01   5.7660403e+01
  -3.0124378e+01  -4.3269869e+01
   4.0255390e+01  -5.3939479e+01
  -2.0875630e+01  -7.2546714e+01
   5.4836526e+01  -8.7448645e+01
   8.6436884e+01  -5.2115691e+01
  -3.3528872e+01  -7.0173769e+01
   1.2931904e+01   2.9141351e+01
   1.1291482e+01   1.9303475e+01
  -7.6730486e+01   4.2174809e+01
   3.0901339e+00   4.0288012e+01
  -1.5014914e+01   2.8967506e+01
   8.5546065e+00   5.9272343e+01
  -1.1709181e+01   5.5096403e+01
  -6.0059091e+01   2.9181120e+00
  -6.0557834e+01   2.3423078e+01
  -2.4483728e+01   3.6036129e+01
  -2.3362914e+01  -2.0018772e+01
  -4.0361307e+01  -8.9376113e+00
  -9.4632078e+00  -3.5305416e+01
  -4.3868417e+01   4.7135291e+01
  -3.5594251e+01   5.2585523e+01
  -5.0527865e+01   3.7917318e+01
  -6.9165229e+01   3.1156603e+01
  -8.1721371e+01   2.0994751e+01
  -7.9144565e+01   3.0656180e+01
   2.0791692e+01  -7.7914912e+01
  -7.0366111e+01   8.9231837e+01
   6.1601044e+01  -8.0084851e+01
  -6.1646330e+01   8.0466138e+01
  -6.6270107e+01   9.9024594e+01
  -9.9931895e+01   7.4862078e+01
   3.2252957e+01  -6.8445398e+01
  -8.7807654e+01   6.8861883e+01
   8.8841838e+01  -6.7884199e+01
  -2.0203855e+01   6.2694621e+01
  -4.7555288e+01  -1.5866117e+01
  -5.7476140e+01  -1.6599908e+01
  -4.2999744e+01   9.9164528e+01
  -1.8393472e+00  -7.8372652e+01
  -6.6824730e+01   4.0843196e+01
   8.6015398e+01  -2.7619934e+01
   1.4639658e+01  -1.6399408e+01
   3.6482528e+01  -9.8423841e+01
  -7.9592546e+01   1.3351158e+00
   4.7369964e+01  -4.4235923e+01
   8.8806452e+01  -3.6941698e+01
  -2.6561370e+01  -9.0074765e+01
  -3.6188887e+01  -8.7586133e+01
  -2.9635120e+01  -7.9829475e+01
  -7.3053698e+01  -6.1953821e+00
  -8.4945908e+01  -7.2593322e+00
  -9.0597111e+01  -8.0790815e+01
  -4.9888803e+01  -6.1858369e+00
  -8.3023893e+01   5.1303425e+01
  -7.8206403e+00  -6.4098059e+01
   2.5568249e+00  -2.8690118e+01
  -9.2510398e+01   1.9236961e+01
  -5.6185346e+01  -6.2465512e+01
  -4.9098138e+01  -8.0334719e+01
  -6.8273169e+01  -7.3626831e+01
   3.4323201e+01   8.8558456e+01
  -9.2098496e+01  -4.9325765e+01
  -4.6553315e+01  -3.0277851e+01
   4.6473426e+01   9.1226113e+01
  -2.0651935e+01  -5.2894197e+01
   9.9093437e+01   6.6307236e+01
   8.8982095e+01   9.3236119e+01
  -1.0824812e+01  -5.4585748e+01
   3.9978337e-01  -2.9684259e+00
   6.6801355e+00  -1.0035182e+01
  -3.0952489e+01  -2.5566309e+01
  -3.6878790e+01  -3.2788802e+01
   3.9570014e+01   1.7990476e+01
  -8.8005312e+01  -2.7300397e+01
  -8.8128381e+01  -1.7304148e+01
  -5.8403494e+01  -3.5520014e+01
   2.5330812e+01  -6.8026053e+00
  -2.3752118e+01   1.8980095e+00
   1.5687139e+01  -6.7198211e+00
   3.5124470e+01  -1.4786699e+01
   7.9888616e+01   4.8707769e+01
   7.7404831e+01  -1.3831874e+01
   8.4590034e+01  -2.0057707e-01
   9.1544881e+01   1.7570421e+01
   7.3044141e+01   1.7177162e+01
   4.7892115e+01   5.4151021e+01
   5.0654662e+01   3.4443123e+01
   4.0647734e+01   7.2489161e+01
   7.5177713e+01   9.2142677e+01
  -9.5090442e+01  -3.8513963e+01
   5.7524193e+01   5.1851962e+01
   1.6601794e+01   8.0046127e+01
   9.9208402e+01   4.9992557e+01
  -2.0102801e+01  -8.2502407e+01
  -3.0620477e+01  -5.3137618e+01
   5.1719811e+01  -6.3677996e+01
   4.7494399e+01  -8.0725704e+01
   3.8940434e+01  -7.5714678e+01
   5.7040624e+01  -4.6409965e+01
   2.6206363e+01   9.4359322e+01
   9.4716558e+01  -4.4849126e+01
   6.7672889e+01  -3.1961435e+01
   5.7443797e+01  -1.6254291e+01
   6.3253216e+01  -7.4692163e+00
  -2.9834162e+01   1.6214092e+01
  -1.8587229e+01   4.7930334e+01
   7.8974802e+00   7.5127922e+01
  -1.5958299e+01   7.3358957e+01
  -2.4371843e+01   2.5684970e+01
   6.8837087e+00   4.9450685e+01
  -1.7801484e+00   5.4353800e+01
  -5.6898785e+00   2.5682931e+01
  -4.0845524e+01   1.0382036e+00
  -2.0593095e+00   9.1456118e+01
  -5.3866120e+01   1.2978758e+01
   8.4477706e+00   8.5821900e+01
   4.8383851e+01   4.4207902e+01
   3.5237467e+01   2.9745281e+01
   4.9237971e+01   1.5768734e+01
   5.3718782e+01   2.3908668e+01
  -7.5830331e+01   1.2861674e+01
  -2.9447373e+01   8.1510897e+01
  -4.4924479e+01   6.9618089e+01
   5.9190208e+01   1.5531213e+01
   6.7438864e+01  -8.8198462e+01
   2.4741528e+01  -8.7060371e+01
   4.4136336e+01  -1.8450160e+00
   7.3271958e+01  -6.6616716e+01
  -4.2220430e+01   6.0022235e+01
   8.1693129e+01  -6.0912734e+01
  -9.7151349e+01   6.5261259e+01
  -5.2606907e+01   8.4729438e+01
  -8.9104545e+01   8.8339479e+01
  -1.0932712e+01  -7.3521399e+01
  -5.3755687e+01   4.7355225e+01
  -3.9134065e+01   8.9941919e+01
   3.1245138e+01   4.8225704e+01
  -5.4250837e+01   9.8664812e+01
  -7.8300204e+01   7.1933425e+01
  -3.3002395e+01   3.0581383e+01
   4.3400444e+00  -8.6123012e+01
  -2.0008734e+01   9.4765207e+01
   3.0664243e+01  -5.8703824e+01
  -9.3659897e+01  -6.1554016e+01
  -3.0649595e+01   9.7306477e+01
   5.1344279e+01  -2.4156077e+01
   4.6736424e+01  -3.3006860e+01
   1.0931491e+01  -7.6318433e+01
  -3.4160290e+01  -9.7363898e+01
  -7.6977881e+00  -4.5120214e+01
   1.1446442e+01  -4.4618236e+01
   2.3545123e+01  -3.0505582e+01
   3.4417059e+01  -8.4605028e+01
  -5.0543420e+01   2.2366475e+01
   3.4358443e+01   5.1263658e+00
   2.7666748e+01  -3.9576170e+01
  -8.8569490e+01   5.6399338e+00
  -7.2077760e+01  -5.4202259e+01
   6.1914019e+01  -5.7547370e+01
   8.1366157e+01  -4.3522263e+01
  -8.0153340e+01  -7.4784673e+01
   6.6643957e+01  -4.8815990e+01
  -9.7990503e+01   5.3938866e+01
  -9.0600777e+01   7.8455719e+01
  -8.5205108e+01  -3.6895452e+01
  -7.0174187e+01  -8.3427492e+01
  -8.1392269e+01  -8.4706898e+01
  -1.2489962e+01  -9.9212104e+01
  -9.8624099e+01  -1.8054287e+01
  -5.4214676e+01  -9.5196636e+01
  -4.6709597e+01  -5.9848766e+01
  -5.4493504e+01  -7.2119986e+01
  -7.4634034e+01  -2.6644432e+01
  -6.3665202e+01  -9.8409075e+01
   5.8364620e+01   7.0699390e+01
   3.8960081e+01   9.7782116e+01
   1.7061563e+01   9.8374276e+01
   3.2223524e+01   6.7248646e+01
   1.6744538e+01   4.8137478e+01
   6.6794374e+01   4.7496748e+01
   9.9174452e+01   7.6325955e+01
  -5.9993311e+01  -4.5194842e+01
  -9.6367659e+01  -9.7050441e+01
   2.1943670e+01   3.3455778e+01
   9.8809755e+01   9.5080275e+01
   5.6310483e+01   8.9615081e+01
   3.0282677e+01   2.1431007e+01
  -9.1353964e+00  -1.0587465e+00
   9.2767026e+01   8.3988270e+01
   6.4120406e+01   7.8654082e+01
  -1.3886410e+01  -1.9098313e+01
   9.0438207e+01   7.1684311e+01
  -5.5187727e+00  -1.1026194e+01
   8.8766514e+01   4.0582847e+01
   8.9434211e+00  -6.3573937e+01
   1.1729527e+01  -5.4244967e+01
  -2.4261329e+00   6.2271356e+00
  -7.4641472e+01  -6.5930462e+01
   9.3928326e+00  -9.4701592e+01
   2.4720975e+01   2.9025444e+00
   6.8187712e+01   8.8590441e+00
   9.3874749e+01  -2.1159686e+00
   8.6238204e+01   2.5644222e+01
   8.2553164e+01   6.2405696e+01
   6.8202539e+01  -1.5098414e+01
   9.1898761e+01   3.2738584e+01
   6.0429910e+01   3.6193467e+01
