   3.6956467e+01   1.1577553e+01
   2.3547771e+01  -1.3304844e+01
  -2.5809695e+01  -1.7949695e+01
   4.0692939e+00   2.7284819e+01
   3.7467974e+00  -2.9622613e+01
  -2.2477124e+00   6.2027967e+00
  -6.5627859e+00  -2.8161599e+00
   3.9313572e+00  -1.9633844e+01
  -1.3227992e+01  -1.8676376e+01
   2.3456838e+01  -3.3078003e+00
   3.5508437e+00  -1.8557410e+00
   2.0497122e+01   3.4047767e+01
   1.4792232e+01  -1.8126929e+01
  -1.9069626e+01  -1.0563678e+01
  -4.9312696e+00  -2.4253058e+01
  -3.5562128e+01   4.1314486e+00
   2.1402462e+01   1.8351913e+01
   1.3534443e+01  -2.1291214e+00
   1.6852034e-01   1.8077043e+01
   1.0707751e+01   1.6997820e+01
  -6.0005157e+00   2.6000387e+01
   1.3620376e+01  -2.8047040e+01
   2.3142356e+01  -2.3602320e+01
  -2.4310498e+00  -1.1920185e+01
  -6.6591704e+00  -3.4100154e+01
   2.1885539e+00  -3.9495163e+01
   8.2351842e+00  -1.0625815e+01
  -1.5269290e+01  -2.8465397e+01
  -2.5650061e+01   2.8155642e+00
  -2.8506102e+01  -7.2570438e+00
  -1.6381786e+01  -9.3480724e-01
   2.7092499e+01   1.0011683e+01
   1.7578027e+01   7.0131844e+00
   7.6230664e+00   7.4946434e+00
  -1.9446109e+00   3.5274290e+01
   3.2250628e+01   1.4451765e+00
  -1.2864231e+01   3.3272898e+01
   1.4031914e+01   2.6422748e+01
