   5.6470000e+03
   5.7470000e+03
   5.9950000e+03
   5.8870000e+03
   5.7530000e+03
   5.7430000e+03
   5.8830000e+03
   5.5930000e+03
   5.9010000e+03
   5.6310000e+03
   5.5110000e+03
   5.7390000e+03
   5.6390000e+03
   5.7030000e+03
   5.8490000e+03
   5.6970000e+03
   5.8890000e+03
   5.9050000e+03
   5.5390000e+03
   5.7790000e+03
   5.8470000e+03
   5.7490000e+03
   5.8630000e+03
   5.8110000e+03
   5.8390000e+03
   5.8070000e+03
   5.7050000e+03
   5.5770000e+03
   5.9930000e+03
   6.0330000e+03
   5.9290000e+03
   5.6890000e+03
   5.4770000e+03
   5.7770000e+03
   5.5070000e+03
   5.8570000e+03
   5.7910000e+03
   5.7890000e+03
   5.8510000e+03
   5.8170000e+03
   5.9090000e+03
   6.0350000e+03
   5.6530000e+03
   5.6350000e+03
   5.9590000e+03
   5.9990000e+03
   5.9670000e+03
   5.7950000e+03
   5.8150000e+03
   5.8590000e+03
   5.4410000e+03
   6.0010000e+03
   5.9030000e+03
   5.5050000e+03
   5.7350000e+03
   5.4890000e+03
   5.4450000e+03
   5.5430000e+03
   5.8030000e+03
   5.4610000e+03
   5.8270000e+03
   5.4430000e+03
   5.4530000e+03
   5.8290000e+03
   5.5570000e+03
   5.5610000e+03
   5.8530000e+03
   5.5910000e+03
   5.6250000e+03
   5.9690000e+03
   5.9230000e+03
   5.9370000e+03
   6.0050000e+03
   5.6430000e+03
   5.9310000e+03
   5.4310000e+03
   5.9150000e+03
   5.6590000e+03
   5.9710000e+03
   5.9390000e+03
   5.5850000e+03
   5.7090000e+03
   6.0150000e+03
   5.7270000e+03
   5.7450000e+03
   5.7290000e+03
   5.4910000e+03
   5.7670000e+03
   5.5510000e+03
   5.6490000e+03
   5.4870000e+03
   5.7610000e+03
   5.7410000e+03
   5.5970000e+03
   5.5030000e+03
   5.8610000e+03
   5.7370000e+03
   5.8650000e+03
   5.6650000e+03
   5.8230000e+03
   5.8410000e+03
   5.8690000e+03
   5.5630000e+03
   5.8330000e+03
   5.8710000e+03
   5.6130000e+03
   5.5450000e+03
   5.6050000e+03
   5.5690000e+03
   5.8550000e+03
   5.7930000e+03
   5.5870000e+03
   5.6610000e+03
   5.7070000e+03
   5.6190000e+03
   5.8850000e+03
   5.8990000e+03
   5.8730000e+03
   5.6550000e+03
   5.9130000e+03
   5.6670000e+03
   5.9550000e+03
   5.7970000e+03
   5.9630000e+03
   6.0230000e+03
   5.9610000e+03
   5.9830000e+03
   5.9850000e+03
   5.6850000e+03
   5.9970000e+03
   5.8190000e+03
   5.4180000e+03
   6.0370000e+03
   6.0270000e+03
   5.4300000e+03
   6.0290000e+03
   5.4360000e+03
   5.7510000e+03
   5.7330000e+03
   6.0170000e+03
   6.0190000e+03
   5.8090000e+03
   5.4500000e+03
   5.4520000e+03
   5.7850000e+03
   5.4560000e+03
   5.7590000e+03
   5.4600000e+03
   5.7570000e+03
   5.9890000e+03
   5.7730000e+03
   5.7990000e+03
   5.7650000e+03
   5.7710000e+03
   5.4760000e+03
   5.7690000e+03
   5.9570000e+03
   5.4860000e+03
   5.4880000e+03
   5.4920000e+03
   5.8130000e+03
   5.8050000e+03
   5.5040000e+03
   5.8210000e+03
   5.8810000e+03
   5.8250000e+03
   5.8310000e+03
   5.8350000e+03
   5.8430000e+03
   5.8670000e+03
   5.5280000e+03
   5.8450000e+03
   5.5420000e+03
   5.9070000e+03
   5.9790000e+03
   5.5500000e+03
   5.8910000e+03
   5.5540000e+03
   5.5560000e+03
   5.5580000e+03
   5.5600000e+03
   5.5620000e+03
   5.9810000e+03
   5.5680000e+03
   5.5700000e+03
   5.5740000e+03
   5.9490000e+03
   5.8970000e+03
   5.5840000e+03
   5.9110000e+03
   5.5900000e+03
   5.5920000e+03
   5.5940000e+03
   5.9210000e+03
   5.9190000e+03
   6.0110000e+03
   5.6040000e+03
   5.6120000e+03
   5.9250000e+03
   5.6240000e+03
   5.6300000e+03
   5.6320000e+03
   5.6340000e+03
   5.6380000e+03
   5.6400000e+03
   5.9350000e+03
   6.0210000e+03
   5.6460000e+03
   5.6480000e+03
   5.9470000e+03
   5.9270000e+03
   5.9410000e+03
   5.9510000e+03
   5.6600000e+03
   5.9530000e+03
   5.9650000e+03
   5.6700000e+03
   5.6760000e+03
   5.6840000e+03
   5.6860000e+03
   6.0090000e+03
   5.9910000e+03
   5.6960000e+03
   6.0030000e+03
   5.7020000e+03
   5.7040000e+03
   6.0070000e+03
   5.7080000e+03
   5.7100000e+03
   6.0130000e+03
   6.0250000e+03
   5.7240000e+03
   5.7260000e+03
   5.7280000e+03
   5.7300000e+03
   5.7320000e+03
   5.7340000e+03
   5.7360000e+03
   5.7380000e+03
   5.7400000e+03
   5.7420000e+03
   5.7440000e+03
   5.7460000e+03
   5.7480000e+03
   5.7500000e+03
   5.7520000e+03
   5.7540000e+03
   5.7560000e+03
   5.7600000e+03
   5.7660000e+03
   5.7700000e+03
   5.7720000e+03
   5.7760000e+03
   5.7780000e+03
   5.7840000e+03
   5.7860000e+03
   5.7880000e+03
   5.7900000e+03
   5.7920000e+03
   5.7940000e+03
   5.7960000e+03
   5.7980000e+03
   5.8000000e+03
   5.8020000e+03
   5.8040000e+03
   5.8060000e+03
   5.8080000e+03
   5.8100000e+03
   5.8140000e+03
   5.8160000e+03
   5.8180000e+03
   5.8200000e+03
   5.8240000e+03
   5.8260000e+03
   5.8280000e+03
   5.8300000e+03
   5.8320000e+03
   5.8380000e+03
   5.8400000e+03
   5.8420000e+03
   5.8440000e+03
   5.8480000e+03
   5.8500000e+03
   5.8520000e+03
   5.8540000e+03
   5.8560000e+03
   5.8580000e+03
   5.8600000e+03
   5.8620000e+03
   5.8660000e+03
   5.8680000e+03
   5.8700000e+03
   5.8720000e+03
   5.8760000e+03
   5.8780000e+03
   5.8800000e+03
   5.8820000e+03
   5.8860000e+03
   5.8880000e+03
   5.8900000e+03
   5.8920000e+03
   5.8940000e+03
   5.8960000e+03
   5.8980000e+03
   5.9020000e+03
   5.9040000e+03
   5.9060000e+03
   5.9080000e+03
   5.9100000e+03
   5.9120000e+03
   5.9140000e+03
   5.9160000e+03
   5.9200000e+03
   5.9220000e+03
   5.9240000e+03
   5.9260000e+03
   5.9280000e+03
   5.9300000e+03
   5.9320000e+03
   5.9340000e+03
   5.9360000e+03
   5.9380000e+03
   5.9400000e+03
   5.9420000e+03
   5.9440000e+03
   5.9460000e+03
   5.9480000e+03
   5.9500000e+03
   5.9520000e+03
   5.9540000e+03
   5.9560000e+03
   5.9580000e+03
   5.9620000e+03
   5.9640000e+03
   5.9660000e+03
   5.9680000e+03
   5.9700000e+03
   5.9760000e+03
   5.9780000e+03
   5.9800000e+03
   5.9820000e+03
   5.9840000e+03
   5.9860000e+03
   5.9880000e+03
   5.9900000e+03
   5.9920000e+03
   5.9940000e+03
   5.9960000e+03
   5.9980000e+03
   6.0000000e+03
   6.0020000e+03
   6.0060000e+03
   6.0080000e+03
   6.0100000e+03
   6.0120000e+03
   6.0140000e+03
   6.0160000e+03
   6.0180000e+03
   6.0200000e+03
   6.0220000e+03
   6.0240000e+03
   6.0260000e+03
   6.0280000e+03
   6.0300000e+03
   6.0320000e+03
   6.0340000e+03
   6.0360000e+03
