  -8.8248984e+01  -5.2932746e+01
   4.6747396e+00  -8.9366469e+01
  -6.8424600e+01  -2.7004468e+01
   9.2176744e+01   3.8349299e+00
  -5.3629491e+01   4.2672490e+01
   6.0881068e+01  -6.5536021e+01
   2.8946350e+01   8.0608057e+01
  -4.8854105e+01   1.9965562e+01
   2.8166393e+01   5.2909075e+01
  -3.9941269e+01  -8.0639712e+00
   6.1652688e+01   6.7291003e+01
  -5.8158814e+00  -9.6138282e+01
   6.0104668e+01   3.5226424e+01
   3.3941072e+00   5.9848247e+01
  -6.4525474e+01  -1.7596199e+01
   3.1584928e+01  -6.7623230e+00
  -2.4692355e+01  -7.5733672e+01
   8.5577042e+01   7.0868381e+01
   5.5039856e+01   5.6864857e+01
   8.0345915e+01   1.0163010e+01
   5.5232097e+01  -9.9526257e+01
  -9.0594961e+00   3.8040623e+01
   1.2827714e+01   5.7739332e+01
  -2.6295123e+01   5.5437270e+01
  -8.0875448e+01   3.3525590e+01
  -7.4863376e+01   2.4162638e+01
  -7.5390287e+01   8.4610614e+01
  -8.9840699e+01  -4.8327763e+00
  -5.7462963e+01  -9.2223848e+01
  -2.3038537e+01  -2.1896939e+01
  -5.4529921e+01  -1.6881858e+01
  -2.9488713e+01  -4.1731506e+00
   9.6784548e+01   4.3572892e+01
  -3.4261515e+01  -5.5767711e+01
   3.3674403e+01  -8.2356572e+01
  -2.9705151e+01   2.0473393e+01
   2.0791480e+01   8.5757916e+01
  -2.5083718e+01   4.5822447e+01
  -4.8530439e+01   1.0206884e+01
  -3.1795768e+01   7.0779170e+01
   9.8196017e+01  -6.7792869e+01
   3.2472260e+00  -7.7036945e+01
   9.9334336e+01  -3.3404628e+01
  -7.8867322e+01  -9.0645218e+01
   3.9348026e+01   2.7681448e+01
   9.2454437e+01   7.7969718e+01
  -3.2843782e+00  -1.2666086e+01
   4.3957560e+00  -6.5666252e+01
  -7.5396267e+01  -7.7093910e+01
   4.7935022e+01   7.7573169e+01
  -9.9666907e+01  -3.1724753e+01
   3.8377540e+00  -9.9329663e+01
   7.5482832e+00   9.8018618e+01
  -3.4158110e+01  -7.8615835e+01
   9.1701220e+01   5.3431109e+01
  -1.5890274e+01  -6.0030539e+01
   5.1411842e+01  -9.0328506e+01
  -3.0146063e+01  -4.6672964e+01
   1.5663543e+01   1.2438929e+01
  -3.2742509e+01  -3.6981065e+01
   6.0944935e+00   8.1306798e+01
  -9.6544323e+01   4.9897939e+01
  -2.1518594e+00   3.1076223e+01
  -1.4108719e+01   7.4962071e+01
  -2.8763818e+01   3.6942942e+01
  -1.6580695e+01   5.5387090e+01
  -6.2136174e+01   7.5385135e+00
  -5.5990013e+01  -2.4235536e-02
  -8.0065393e+01  -9.3966613e+00
   3.7961837e+01  -4.9290005e+01
  -5.2397393e+01   9.6329817e+01
  -3.7897511e+01   8.9238886e+01
   5.5840036e+01  -4.1366861e+01
  -6.4163540e+01   2.6228397e+01
   3.8819771e+01  -3.2145489e+01
  -8.8239412e+01   5.9347647e+01
   3.9938121e+00  -3.0814358e+01
  -8.1848892e+01   9.1405079e+00
   9.1934283e+01   2.6817558e+01
  -8.1665920e+01  -6.1288968e+01
   2.4865322e+01  -1.3950462e+01
   4.2737630e+01  -2.3022007e+01
  -9.7134258e+01  -4.1684878e+01
  -8.4290260e+01  -1.8397690e+01
   3.9099378e+01   1.4934606e+01
   5.3583116e+01   8.5725580e+01
   5.0664974e+01   3.7892154e+01
   8.3229334e+01  -1.1112336e+00
   6.3048786e+01  -3.1021290e+00
   6.5598731e+01   5.8122324e+01
  -1.5792629e+01  -8.0111820e+01
   7.0771341e+01  -6.6630174e+01
  -5.1698152e+01  -5.8102375e+01
  -1.1714426e+01  -3.9709795e+01
  -4.8947538e+01  -2.5621111e+01
   6.0666740e+00   2.6039753e+01
   6.7522646e+01  -2.5940581e+01
  -2.7985378e+01   4.3734299e+00
   4.9677931e+01  -3.3503949e+01
  -7.7698961e+01   4.3422387e+01
  -3.0039224e+01   8.3476043e+01
   7.9478445e+00   3.5063222e+01
  -6.7857220e+01   1.7122243e+01
   6.7310288e+01   5.9440793e+00
   9.8711594e+01  -5.6888852e+01
   1.5376086e+01  -9.6898068e+01
   4.3046303e+01  -5.7683411e+01
  -4.7563009e+01   8.7571328e+01
   4.8569408e+01  -1.4947135e+01
  -8.3839457e+01   8.9818772e+01
  -6.0702699e+01   4.9818299e+01
  -9.8641655e+01   2.8568758e+01
  -5.0251455e+01   6.5745635e+01
  -4.0625615e+01  -8.6090556e+01
   2.8135128e+01  -4.9436340e+01
  -3.8767949e+01   3.7148775e+01
   2.1991281e+01  -2.3200831e+01
   1.3534477e+01  -4.1619378e+01
   2.8015040e+01   9.4739056e+01
   8.8711098e+01  -5.6799382e+01
   2.1214684e+01  -8.5256201e+01
   6.4846676e+01  -4.5694318e+01
  -6.9075371e+01  -4.8352525e+01
  -9.3345858e+01  -1.4189987e+01
   7.4208574e+01  -4.2191104e+01
   8.0633468e+01  -4.9851897e+01
  -7.7460358e+01   7.4926962e+01
  -6.3968762e+01  -6.7578491e+01
   5.7505298e+01   7.6423974e+01
  -6.9965535e+01  -3.6820240e+01
   3.6459568e+01   5.7755258e+01
   1.4470001e+01   4.8128292e+01
   1.6137404e+01   6.6924985e+01
   3.3043561e+01   7.0026139e+00
  -3.0753473e+00   6.6527306e+00
   7.3895508e+01   6.9429238e+01
   7.9329309e+01   7.7499077e+01
   6.3073488e+01   8.5139385e+01
   1.0644273e+01  -4.5103770e+00
   9.8261600e+01   9.9779607e+01
   5.2666492e+01  -2.4060719e+01
   1.2115481e+01  -2.5301693e+01
  -8.4955033e+01  -7.4246748e+01
   9.1002526e+01   6.3144835e+01
  -9.6740378e+01  -5.8158954e+01
   9.8926731e+01   1.7117934e+01
   1.1330999e+01   4.2670455e+00
   7.8206655e+01   5.2790729e+01
   6.1896364e+01   1.4349586e+01
   3.5377747e+01   6.9111583e+01
   3.5331276e+01   8.8124386e+01
   7.3262163e+01  -2.0907149e+00
   5.2073786e+01   9.6208903e+01
   1.6660058e+01   7.6719143e+01
   5.9778581e+01   4.5270625e+01
  -2.3877743e+01  -6.5830683e+01
  -4.1807912e+01  -7.2244722e+01
   8.9194674e+01   1.4820811e+01
  -8.6584239e-01  -4.8889379e+01
  -3.2146195e+01  -2.5917821e+01
   5.5317055e+01   2.6495516e+01
  -2.1511847e+01  -4.1763256e+01
  -5.8808008e+01  -2.5529454e+01
  -5.0946404e+01  -7.6020310e+01
  -4.4245298e+00   7.4261055e+01
   9.9296770e+01  -4.6905994e+01
   7.7192919e+00   1.7589452e+01
  -8.8622375e+01   3.9679684e+01
  -4.2774418e+00   6.5362971e+01
   5.5706777e-01   4.0647283e+01
   1.5128440e+01   2.8629267e+01
  -7.1030667e+01   3.3296008e+01
  -2.0867286e+00   2.1119745e+01
  -5.8506670e+00   4.7371748e+01
  -1.5395582e+01   4.5554962e+01
  -1.2059870e+01  -2.2265082e+01
  -2.6117831e+01  -1.2701831e+01
   4.3459737e+01  -8.4358183e+01
   5.2580146e+01  -7.2879960e+01
  -3.4302989e+01   4.9502824e+01
  -3.3730943e+01   2.8782619e+01
   9.8110940e+01  -8.7581502e+01
  -3.4943244e+01  -1.6608304e+01
  -5.7989100e+01   1.6491520e+01
   8.0125796e+01  -9.4998804e+01
  -4.9947449e+01  -8.3090114e+00
   7.0154219e+01  -9.4394245e+01
  -4.0990543e+01   6.8151610e+01
  -4.4679600e+01  -1.6734202e+01
  -6.0226134e+01  -8.7771704e+00
  -7.7346386e+01   5.8474809e-02
  -6.9969348e+01  -6.7228785e+00
  -8.3378224e+01   1.9011057e+01
   3.8292146e+01   9.8182016e+01
  -3.4087545e+01   9.8396720e+01
  -2.3838922e+01   6.5017313e+01
  -2.5170718e+01   9.4018896e+01
  -3.8230214e+01   7.8313849e+01
   4.9328819e+01  -5.0079534e+00
  -1.2058033e+01   2.8639722e+01
  -3.7212780e+01   1.3749452e+00
  -6.7241845e+01   4.2294685e+01
  -4.6460434e+01   6.9605387e-01
  -4.3554306e+01   4.5827211e+01
   1.1970693e+01  -7.2191785e+01
  -5.7059386e+01   7.7673667e+01
   3.3340525e+01  -4.0458358e+01
   5.9511308e+01  -3.1894085e+01
  -1.4872312e+01  -7.0149995e+01
  -6.6451550e+00  -7.6397020e+01
  -2.3499222e+01  -8.6359483e+01
  -3.2217800e+01  -9.1106068e+01
  -6.7012097e+01   8.9940176e+01
  -5.4420309e+01   2.7863092e+01
  -4.1227144e+01  -9.6084302e+01
   2.8885577e+01  -3.1147166e+01
   2.2336786e+01  -6.6925870e+01
  -4.8085724e+00  -8.6204917e+01
   5.7539792e+01  -5.5299108e+01
   4.3310686e+01  -4.1033721e+01
   2.9551975e+01  -5.9164713e+01
   2.3426232e+01  -4.0945592e+01
   4.9356457e+01  -4.8979636e+01
  -7.3293891e+01  -9.8948041e+01
  -1.4093441e+01  -8.9948227e+01
   8.4301645e+01  -2.2986801e+01
  -7.9078290e+01   5.5659706e+01
   3.1957165e+01  -2.1617615e+01
  -9.4210555e+01  -7.8002957e+01
   5.1734638e+01   6.8354436e+01
  -9.1840178e+01   8.3235088e+01
  -7.9863162e+01  -3.6424526e+01
  -6.1523526e+01  -4.1932066e+01
  -2.4774041e+01  -3.2163396e+01
  -2.4474292e+00  -2.3595957e+00
  -8.8101769e+01  -2.7628076e+01
   8.3115589e+01   8.6237384e+01
   8.0703628e+01   6.2317614e+01
   9.3251354e+01   9.1465283e+01
   6.7174164e+01   7.6438694e+01
   7.0920471e+01   9.8472838e+01
   6.5407719e+00  -5.5667523e+01
   3.9995904e+01  -1.5136150e+00
   3.8493995e+01  -1.3991384e+01
   9.9971251e+01   6.7367656e+01
  -7.8338088e+01  -5.1912512e+01
  -8.7256294e+01  -4.3023433e+01
   9.7833944e+01  -2.3000993e+01
   9.1537285e+01  -6.7010373e+00
  -9.9903609e+01  -2.1730296e+01
   7.2826418e+01   1.7589228e+01
   6.4954641e+01   2.3866059e+01
   3.1025143e+01   3.8204505e+01
   7.9483733e+01  -1.0381716e+01
   2.9325023e+01   2.8410070e+01
   4.4775372e+01   9.0262701e+01
   8.5332134e+01   4.5835648e+01
   4.0866093e+01   3.8339736e+01
   3.8384780e+01   7.8619740e+01
   3.6276972e+01   4.7178590e+01
   2.3688093e+01   4.4796878e+01
   4.5802805e+01   6.0482051e+01
   6.9111864e+01   4.8782627e+01
   5.0166815e+01   4.7999345e+01
   4.7022825e+01   2.0980814e+01
  -4.0586510e+01  -3.0790116e+01
  -5.5517295e+00  -6.6545576e+01
   8.1940857e+01   2.1703052e+01
   4.0365865e+01  -7.4929051e+01
  -3.3742194e+01  -6.6480873e+01
   8.8205993e+01  -6.7444732e+01
   7.9706273e+01  -6.2191513e+01
   4.1525129e+01  -9.7936529e+01
  -2.4317812e+01  -5.4736679e+01
  -5.5289319e+01  -3.4377517e+01
  -6.6288699e+00  -5.6721778e+01
  -6.5419991e+01  -7.7418485e+01
  -6.6311800e+01  -5.7924137e+01
  -4.2385342e+01  -6.1565472e+01
   5.5182346e+01   3.0765278e+00
   2.0228841e+01  -5.4933654e+00
   7.5001401e+01  -1.9316499e+01
   6.7793616e+01  -1.1908431e+01
   6.7521464e+01  -5.5844396e+01
   7.5277805e+01  -3.2250656e+01
   5.8834650e+01  -1.6276194e+01
  -9.9871894e+01  -9.2095068e+01
   4.6841140e+00   5.0078343e+01
  -8.6619794e+01   4.9368857e+01
  -8.7186843e+01  -9.6716117e+01
  -2.0022404e+01  -4.9118695e+00
  -1.6472323e+01  -1.3861983e+01
  -6.9525940e+00   5.6577886e+01
   9.4881387e+01  -7.8117360e+01
  -3.4059826e+01   6.1163896e+01
  -1.4040919e+01   6.4997032e+01
  -3.9325757e+01   2.0717365e+01
  -2.3018250e+01   2.6945253e+01
   5.6696232e+01  -8.1892666e+01
   6.4696085e+01  -7.4764645e+01
   6.6008749e+01  -8.5325754e+01
  -8.9014584e+01   6.9449516e+01
  -3.8841529e+01   1.0949941e+01
   8.9490951e+01  -9.8489431e+01
  -2.5394719e+00   9.2866432e+01
  -4.4600277e+01   2.9085995e+01
  -7.0528985e+01   5.1225272e+01
  -1.1544094e+01   8.6845672e+01
  -2.3702929e+01   7.5849222e+01
  -2.0713863e+01   8.5195750e+01
   2.4562941e+01   6.1794246e+01
  -8.2007593e+01   9.9635209e+01
  -1.5376982e+01   9.5792532e+01
  -5.1133844e+01   5.2287962e+01
  -4.3495308e+01   5.8479001e+01
  -4.7563151e+01   7.5511925e+01
  -5.7411393e+01   8.7605230e+01
  -6.6654609e+01   7.9910170e+01
  -7.2085827e+01   9.8504364e+01
   2.5217010e+01  -9.4402628e+01
   1.1709668e+01  -8.2264368e+01
   2.5704075e+01  -7.6332797e+01
  -1.8866544e+01   3.5931165e+01
  -1.5033694e+01  -9.9925591e+01
  -2.4637322e+01  -9.7424761e+01
   5.1279296e+01  -6.3062965e+01
  -7.4362607e+01  -1.7491767e+01
  -9.0960231e+01   5.0960260e+00
  -7.1961364e+01   8.2378844e+00
  -6.0434955e+01   3.5447419e+01
   3.7056802e+01  -6.5606457e+01
   8.9513549e+01  -3.1520579e+01
  -6.8175711e+01  -9.0312771e+01
   8.9453912e+01  -4.5140720e+01
  -6.2082726e+01   9.8817124e+01
   3.7429532e+00  -4.0413180e+01
  -5.0604314e+01  -9.9558288e+01
  -7.3776195e+01  -6.7260786e+01
   1.8224811e+01  -5.0416734e+01
  -7.9976591e+01   6.5397107e+01
  -9.1003772e+01  -8.7473893e+01
  -5.8839947e+01  -5.1368202e+01
  -5.0338529e+01  -8.5599727e+01
  -5.4273129e+01  -6.7135062e+01
   1.1675446e+01   8.9111686e+01
  -9.3509370e+01   9.3094763e+01
   1.8273690e+01   9.6354510e+01
  -9.4800536e+01   1.9322081e+01
  -9.0474113e+01  -6.5931747e+01
  -9.7808312e+01   6.2027573e+01
  -9.7344908e+01   7.4886505e+01
  -7.8246483e+01  -2.6624132e+01
  -8.8733589e+01   2.7439677e+01
   2.5466703e+01   7.1487905e+01
   2.5409592e+01   1.2967134e+01
  -9.8500077e+01   3.8562011e+01
   2.0327528e+01   3.6208510e+01
   1.4542279e+00  -2.1411904e+01
   1.8855791e+01  -3.2432585e+01
   1.5178691e+01  -1.5971070e+01
   2.0098307e+01   2.0892736e+01
   2.1074135e+01   4.1709830e+00
  -3.1088042e+00   8.3254879e+01
   8.9845935e+01   3.6533925e+01
  -1.1876890e+01  -4.3991497e-01
   7.8782901e+01   9.5226988e+01
   6.1909395e+00  -1.2470622e+01
  -1.5602972e+01  -3.0956916e+01
   4.4059023e+00   9.8359280e+00
   7.3192373e+01   8.4243042e+01
   6.0906855e+01   9.5718278e+01
  -2.9583559e+01   1.2267577e+01
   8.6662553e+01   9.5458885e+01
   6.8515270e+01   9.1530209e+01
