   5.0070000e+03
   5.0290000e+03
   5.1310000e+03
   5.0430000e+03
   5.2410000e+03
   4.7670000e+03
   5.2630000e+03
   4.8990000e+03
   4.8510000e+03
   4.6850000e+03
   5.1490000e+03
   5.2650000e+03
   5.2530000e+03
   4.9870000e+03
   4.9830000e+03
   4.9090000e+03
   4.9570000e+03
   5.1910000e+03
   5.0090000e+03
   4.8070000e+03
   4.8630000e+03
   4.7790000e+03
   4.7030000e+03
   4.9930000e+03
   4.8850000e+03
   5.0890000e+03
   4.9950000e+03
   5.2150000e+03
   5.1250000e+03
   4.9810000e+03
   4.7570000e+03
   5.0590000e+03
   5.1570000e+03
   5.1030000e+03
   4.8150000e+03
   4.6430000e+03
   4.7970000e+03
   4.7810000e+03
   4.7690000e+03
   5.1530000e+03
   5.1170000e+03
   4.8250000e+03
   5.2270000e+03
   5.1630000e+03
   4.9030000e+03
   4.7590000e+03
   4.8750000e+03
   5.2450000e+03
   4.9490000e+03
   4.6490000e+03
   5.0950000e+03
   5.0790000e+03
   4.9730000e+03
   4.6650000e+03
   5.0490000e+03
   4.9650000e+03
   4.9690000e+03
   4.7150000e+03
   5.2230000e+03
   5.0670000e+03
   5.0130000e+03
   4.6830000e+03
   4.6530000e+03
   4.7470000e+03
   5.0410000e+03
   5.0510000e+03
   4.7510000e+03
   4.7610000e+03
   5.0750000e+03
   4.7430000e+03
   5.2510000e+03
   5.0390000e+03
   5.0830000e+03
   4.7830000e+03
   5.2670000e+03
   5.1270000e+03
   4.8330000e+03
   5.1370000e+03
   4.8470000e+03
   5.1710000e+03
   4.8650000e+03
   4.7390000e+03
   5.1750000e+03
   5.1790000e+03
   5.2570000e+03
   4.8950000e+03
   5.1450000e+03
   5.2070000e+03
   4.8830000e+03
   4.8130000e+03
   4.8530000e+03
   5.1470000e+03
   4.8550000e+03
   5.2210000e+03
   5.2350000e+03
   4.9530000e+03
   4.9590000e+03
   4.9750000e+03
   4.9970000e+03
   4.6870000e+03
   4.9670000e+03
   5.2470000e+03
   4.8110000e+03
   4.6950000e+03
   5.0230000e+03
   5.0170000e+03
   4.7270000e+03
   5.2690000e+03
   4.7870000e+03
   4.7710000e+03
   5.0530000e+03
   5.0770000e+03
   5.0570000e+03
   5.0930000e+03
   5.0990000e+03
   5.1550000e+03
   5.1390000e+03
   4.8390000e+03
   4.9770000e+03
   4.8570000e+03
   4.8610000e+03
   4.8590000e+03
   5.1150000e+03
   4.9330000e+03
   5.1190000e+03
   4.9070000e+03
   5.1950000e+03
   4.9010000e+03
   5.2310000e+03
   5.1830000e+03
   4.8870000e+03
   4.9550000e+03
   5.1870000e+03
   5.2090000e+03
   4.9210000e+03
   5.2050000e+03
   5.2330000e+03
   4.9290000e+03
   5.0710000e+03
   5.0110000e+03
   4.6420000e+03
   4.6480000e+03
   4.6500000e+03
   4.6520000e+03
   4.9610000e+03
   5.2170000e+03
   4.6640000e+03
   4.9710000e+03
   4.6800000e+03
   4.6820000e+03
   5.0910000e+03
   4.6860000e+03
   4.9850000e+03
   4.6920000e+03
   5.0190000e+03
   5.2610000e+03
   5.0010000e+03
   4.7100000e+03
   5.1510000e+03
   4.7200000e+03
   5.0310000e+03
   4.7260000e+03
   5.0370000e+03
   4.7340000e+03
   5.0850000e+03
   4.7400000e+03
   4.7420000e+03
   4.7460000e+03
   4.7500000e+03
   4.7560000e+03
   5.0610000e+03
   4.7600000e+03
   5.1930000e+03
   4.7660000e+03
   4.7680000e+03
   4.7700000e+03
   5.0730000e+03
   4.7780000e+03
   5.2430000e+03
   5.0810000e+03
   5.0870000e+03
   5.1810000e+03
   4.7960000e+03
   4.7980000e+03
   5.1010000e+03
   4.8060000e+03
   4.8100000e+03
   4.8120000e+03
   5.1590000e+03
   5.2110000e+03
   4.8240000e+03
   5.1090000e+03
   5.1970000e+03
   4.8340000e+03
   4.8360000e+03
   5.1230000e+03
   5.1210000e+03
   4.8440000e+03
   4.8460000e+03
   4.8480000e+03
   4.8500000e+03
   4.8520000e+03
   4.8540000e+03
   4.8560000e+03
   5.2010000e+03
   4.8620000e+03
   4.8640000e+03
   5.1410000e+03
   5.1650000e+03
   4.8740000e+03
   4.8760000e+03
   4.8780000e+03
   5.1610000e+03
   5.1770000e+03
   4.8840000e+03
   4.8860000e+03
   5.1890000e+03
   4.8980000e+03
   4.9000000e+03
   4.9020000e+03
   5.1990000e+03
   5.1730000e+03
   4.9080000e+03
   4.9100000e+03
   5.1690000e+03
   5.2290000e+03
   5.1850000e+03
   5.2490000e+03
   4.9280000e+03
   4.9320000e+03
   5.2250000e+03
   5.2190000e+03
   4.9380000e+03
   4.9400000e+03
   4.9420000e+03
   5.2370000e+03
   5.2550000e+03
   5.2590000e+03
   4.9520000e+03
   4.9540000e+03
   4.9560000e+03
   4.9580000e+03
   4.9620000e+03
   4.9640000e+03
   4.9660000e+03
   4.9680000e+03
   4.9700000e+03
   4.9720000e+03
   4.9740000e+03
   4.9760000e+03
   4.9780000e+03
   4.9800000e+03
   4.9820000e+03
   4.9840000e+03
   4.9860000e+03
   4.9880000e+03
   4.9920000e+03
   4.9940000e+03
   4.9960000e+03
   4.9980000e+03
   5.0000000e+03
   5.0020000e+03
   5.0060000e+03
   5.0080000e+03
   5.0100000e+03
   5.0160000e+03
   5.0180000e+03
   5.0220000e+03
   5.0240000e+03
   5.0280000e+03
   5.0300000e+03
   5.0360000e+03
   5.0380000e+03
   5.0420000e+03
   5.0440000e+03
   5.0460000e+03
   5.0480000e+03
   5.0500000e+03
   5.0520000e+03
   5.0560000e+03
   5.0580000e+03
   5.0600000e+03
   5.0620000e+03
   5.0640000e+03
   5.0660000e+03
   5.0680000e+03
   5.0700000e+03
   5.0720000e+03
   5.0740000e+03
   5.0760000e+03
   5.0780000e+03
   5.0800000e+03
   5.0840000e+03
   5.0860000e+03
   5.0880000e+03
   5.0900000e+03
   5.0920000e+03
   5.0940000e+03
   5.1000000e+03
   5.1020000e+03
   5.1080000e+03
   5.1100000e+03
   5.1120000e+03
   5.1140000e+03
   5.1160000e+03
   5.1180000e+03
   5.1200000e+03
   5.1220000e+03
   5.1240000e+03
   5.1260000e+03
   5.1280000e+03
   5.1300000e+03
   5.1320000e+03
   5.1340000e+03
   5.1360000e+03
   5.1380000e+03
   5.1440000e+03
   5.1460000e+03
   5.1480000e+03
   5.1500000e+03
   5.1520000e+03
   5.1540000e+03
   5.1580000e+03
   5.1620000e+03
   5.1640000e+03
   5.1660000e+03
   5.1700000e+03
   5.1720000e+03
   5.1740000e+03
   5.1760000e+03
   5.1780000e+03
   5.1800000e+03
   5.1820000e+03
   5.1840000e+03
   5.1860000e+03
   5.1880000e+03
   5.1900000e+03
   5.1920000e+03
   5.1940000e+03
   5.1960000e+03
   5.1980000e+03
   5.2000000e+03
   5.2020000e+03
   5.2040000e+03
   5.2060000e+03
   5.2080000e+03
   5.2100000e+03
   5.2120000e+03
   5.2140000e+03
   5.2160000e+03
   5.2180000e+03
   5.2200000e+03
   5.2220000e+03
   5.2240000e+03
   5.2260000e+03
   5.2280000e+03
   5.2300000e+03
   5.2320000e+03
   5.2340000e+03
   5.2360000e+03
   5.2380000e+03
   5.2400000e+03
   5.2420000e+03
   5.2440000e+03
   5.2460000e+03
   5.2480000e+03
   5.2500000e+03
   5.2520000e+03
   5.2560000e+03
   5.2580000e+03
   5.2600000e+03
   5.2620000e+03
   5.2640000e+03
   5.2660000e+03
   5.2680000e+03
