   2.9838219e+01   6.6295872e+01
  -4.7616743e+01   3.6993623e+01
  -8.3547494e+00  -6.0704852e+01
  -1.0313821e+01  -5.1015115e+01
  -8.4714118e+01   1.0577294e+01
   5.3061853e+01  -4.9858682e+01
   7.6570501e+01  -4.8950024e+01
  -4.7818774e+00  -3.4778173e+01
   6.8416868e+01  -1.6063578e+01
   7.1803098e+01   1.0225025e+00
  -9.6708006e+01  -3.2553600e+01
   7.8787946e+01  -2.8570580e+01
   4.3382516e+01   5.0948869e+01
   4.4529389e+01   1.7342171e+01
  -5.0359578e+01  -9.1754084e+01
  -2.5772840e+01   8.3175530e+01
  -4.2110673e+01  -2.2975269e+00
  -1.0884880e+00   7.7276847e+01
  -2.5746535e+01   5.2815893e+01
  -6.2204944e+01   3.6596987e+01
  -4.9714963e+01   6.2117405e+01
   4.8279384e+01  -7.5885236e+01
  -7.5931553e+01  -7.7318779e+01
   1.4577594e+01  -3.1508195e+01
   2.6819146e+01   2.3001858e+01
   2.9394373e+01  -3.3593061e+00
  -2.4105680e+00  -7.1154614e+00
   1.3112174e+01  -1.5822131e+01
   8.8681077e+01   1.1020784e+01
   8.3646096e+01   6.9856846e+01
  -5.3096088e+01  -1.7456364e+01
  -6.9583264e+01  -6.9594510e+01
   8.9092721e+01  -4.6804554e+01
  -1.3809381e+01  -3.1499429e+01
  -5.4709036e+01   3.0017786e+01
  -7.5873516e+01   7.6881382e+01
  -4.6562909e+01   9.9070575e+01
  -8.1974834e+01   9.4182437e+01
  -2.7917018e+01   3.4397376e+01
  -5.6552848e+01   2.0260026e+01
  -2.9891015e+01   1.2261049e+01
   8.1308669e+01  -6.4644996e+01
  -8.0273532e+01   3.8187159e+01
   2.0067715e+01  -7.7892180e+01
   3.8119840e+01  -1.6329268e+01
  -6.0172455e+01  -3.0165304e+01
  -9.0670045e+01  -2.0102061e+01
   1.1094450e+01  -5.9535657e+01
   4.7141249e+01   3.1512135e+01
  -8.5770380e+01  -6.7935040e+01
   3.7661055e+01   3.6109774e+01
  -1.1696249e+01  -2.1856764e+01
   9.1920550e+01   6.4242545e+01
  -3.1976955e+01  -2.6212674e+01
   9.8290905e+01   1.3879708e+01
  -3.8758148e+01  -7.1350922e+01
   1.6844157e+01   5.5583874e+01
   8.6999698e+00   8.2571425e+01
   4.4786931e+01  -9.5234797e+01
  -7.7907919e+00   8.4684960e+01
  -3.5622002e+01   5.3119490e+01
   8.3934235e+00  -9.7852558e+01
  -1.9979737e+01   2.8315592e+01
   2.1638682e+01  -5.8475556e+01
  -5.1457462e+01   9.0357248e+01
   8.7654977e+01  -2.1523951e+01
  -9.7371086e+01   2.2697292e+01
  -8.8060969e+01  -8.8884962e+01
   1.5618929e+01  -5.0547707e+01
   2.6544883e+01  -4.9858749e+01
   7.5272680e+00  -7.6112878e+00
   8.3779979e+01   9.3826376e+01
   4.3706130e+01   7.4056940e+00
   8.4429274e+01  -5.7115309e+00
   6.3309040e+01   2.5651773e+01
   5.4876224e+01   6.6379337e+01
  -8.9784909e+01  -4.8316618e+01
   6.6792056e+01   8.1075463e+01
   4.1786306e+01   8.1409974e+01
   6.1854107e+01   4.2144333e+01
   3.9189183e+01  -1.4764255e+00
  -2.9267834e+01  -5.5526030e+01
  -5.0281902e+01  -3.0691875e+01
  -7.1361212e+01  -1.5747989e+01
  -6.7256143e+01  -3.4998787e+00
  -7.5594066e+01   2.9254815e+00
  -2.1535044e+01  -2.0066971e+01
  -6.8828429e+01  -8.4357270e+01
  -2.2195686e+01  -8.2675266e+01
   1.8861019e+01  -8.7769833e+01
   4.6731579e+01  -8.5562764e+01
   1.2725297e+01   2.9165698e+01
   1.9189002e+01   3.6502725e+01
  -9.5706263e+01   3.2550980e+01
   5.5274043e+01  -9.0854251e+01
  -9.0577956e+00   4.5415996e+01
   3.3207373e+01   8.7546531e+01
  -1.1862856e+01   7.0759684e+01
   7.6291004e+00   5.1795610e+01
  -5.1393848e+01  -6.7562642e+00
   4.9759858e+01  -3.0056563e+01
   5.9502641e+01  -2.8219847e+01
  -2.1816760e+01   7.1276442e+01
  -2.9211136e+01   9.2565617e+01
  -6.1635806e+01   8.9808725e+01
   4.1530775e+01  -5.7525387e+01
  -4.7025526e+01   1.7680285e+01
   4.3337838e+01  -4.7784037e+01
   6.2935260e+01  -6.2957650e+01
  -4.7528600e+00   3.6448846e+01
   2.7787178e+01  -9.4302794e+01
  -5.5086890e+01   4.3602185e+01
  -4.1720290e+01   7.2136069e+01
  -7.8822147e+01  -5.3139576e+01
   3.4290408e+01  -4.3660875e+01
  -8.1059513e+01   5.7974302e+01
  -5.9715755e+01  -5.0117548e+01
  -4.6651690e+01  -6.5190031e+01
  -8.5447821e+01  -1.1584504e+01
  -1.1047503e+01  -1.1977604e+01
   5.9747167e+01   1.6381912e+01
   8.5377099e+01   8.2702119e+01
   9.2932333e+01   8.9797180e+01
   5.2834080e+00   1.1144891e+01
  -1.8307868e+00  -7.7568668e+01
   5.5306397e+01  -8.8609638e+00
  -2.4701163e+01  -5.4131907e-01
   9.1819384e+01  -1.2434660e+01
   1.5282315e+01   1.0754242e+01
  -2.3062077e+00   2.1796794e+01
   2.6737445e+01   5.6805601e+01
   3.4607851e+01   1.6914789e+01
   5.1243651e+01   9.8175506e+01
   8.1803399e+01   5.2130979e+01
   5.1042499e+01   5.7246466e+01
  -1.2338615e+01  -8.0101357e+01
  -9.9890671e+01   6.9755567e+01
   9.8043460e+01   2.3876285e+01
  -9.4550103e+01  -7.4642247e+00
   8.7204556e+01   4.3718960e+01
  -2.9444230e+01  -7.4991102e+01
  -1.8331424e+01  -6.1270564e+01
  -4.7893492e+01  -7.5256849e+01
   2.1545360e+01  -2.3437020e+01
  -3.0305244e+00  -9.8452980e+01
   6.5611067e+01  -7.5512595e+01
   7.8238991e+01  -9.4896257e+01
  -1.7502641e+01   8.9569402e+01
  -2.0997039e+01   4.4202397e+01
  -3.9213798e+01   6.2449680e+01
  -1.0025893e+01   6.0859362e+01
  -1.6415662e+01   7.9650193e+01
  -3.5396075e+01   8.0463245e+01
  -6.4131131e+01   2.6663942e+01
  -4.0858807e+01   4.4276068e+01
   3.6025038e+01  -9.9944961e+01
  -8.6122927e+01   7.6114119e+01
   1.5440046e+00   8.9556563e+01
   9.0258664e+01  -6.9040133e+01
   2.9411557e+01  -7.4408616e+01
   7.1421827e+01  -5.7518315e+01
   3.7874023e+01   7.2221100e+01
   7.7570552e+00   7.2613042e+01
   1.4629012e+01   6.5310572e+01
   2.5314555e+01   4.4219119e+01
  -5.5366332e+01   5.3566387e+01
  -3.9038526e+01   8.9747014e+01
  -3.6569230e+01   9.9425822e+01
  -7.0130221e+01   9.6036205e+01
  -3.0930385e+01   4.3929919e+01
   2.8189116e+01  -8.4276523e+01
  -5.5381460e+01   8.1172457e+01
  -4.5341714e+01   8.1455387e+01
   7.8112999e+01  -1.8532825e+01
  -3.7522942e+01   2.0671320e+01
   6.8806294e+01  -4.2584706e+01
  -9.8327353e+01   1.2749124e+01
  -3.7912681e+01   3.4581129e+01
   8.9926716e-01   4.4546112e+01
  -1.4659728e+01   3.6737984e+01
  -3.1798403e+01   7.1183220e+01
   9.8379501e+01  -3.7299828e+01
  -8.9916964e+01   4.0695066e+01
  -7.6993969e+01   2.2698934e+01
  -8.5915498e+01   2.9939963e+01
   1.8162428e+01  -7.3249140e+00
  -9.5739878e+01   7.8853364e+01
   8.8307129e+01  -3.1539314e+01
   4.2457256e+01   9.1368973e+01
  -7.0882657e+01   4.1533506e+01
  -7.3794968e+01   5.1114295e+01
   1.9027626e+01  -6.8018749e+01
   1.0971312e+01  -4.0945955e+01
  -6.8789616e+01  -3.5111060e+01
  -7.1652030e+01  -4.4643102e+01
  -2.0684223e+00   9.9035067e+01
   5.7625550e+00  -4.9291788e+01
  -6.0862192e+01  -9.0400878e+01
  -8.5761093e+01  -7.9153206e+01
  -7.7082580e+01  -6.2985799e+01
  -8.7633945e+01  -5.8082038e+01
  -5.4535596e+01  -8.2679156e+01
   6.9179557e+01  -2.6003564e+01
  -6.6221497e+01   6.4052830e+00
  -6.2884925e+01  -6.2174064e+01
  -9.8357834e+01  -5.3464947e+01
  -6.5693018e+01   1.6371712e+01
  -2.8660256e+00  -4.4449537e+01
  -2.2321522e+00  -2.5064906e+01
   1.9923032e+00  -1.6007898e+01
   4.8009543e+00  -3.3377842e+01
   1.8868472e+01   8.1720913e+01
   8.7299942e+00   3.8331388e+01
  -2.3217186e+01  -2.9885634e+01
   4.8720705e+01  -1.8751214e+01
  -6.2256052e+00   2.0075668e+00
   7.7779350e+00  -2.4074499e+01
   1.3168956e+01   1.1315410e+00
   4.5269228e+01  -9.3939591e+00
  -9.3182514e+01   5.0878524e+01
   7.3940495e+01   7.2264341e+01
   9.2065864e+01   7.5275536e+01
   2.9139883e+00   3.0217209e+01
   7.5348207e+01   9.9202733e+01
  -2.0815766e+01  -1.0170634e+01
   2.0719246e+01  -4.1951295e+01
  -7.5935533e+01  -9.1384851e+01
   4.8557531e+01   7.4088392e+01
  -1.5028005e+01  -2.1622073e+00
  -4.0397516e+01  -3.0921165e+01
   5.6922473e+01   7.9536435e+01
   7.8211855e+01   6.1462597e+01
   5.3611321e+01   4.7672305e+01
   5.3608154e+01   8.6119709e+00
   2.8362123e+01   3.2776025e+01
   3.3717693e+01   6.9916163e+00
  -6.2598673e+01  -2.0515092e+01
  -2.2155069e+01  -3.9722413e+01
  -3.0584946e+01  -8.4914684e+00
  -5.0418122e+00  -8.7003454e+01
   9.8112266e+01  -7.5186100e+01
   9.7202104e+01   4.3631861e+01
  -9.8052607e+01   5.9925963e+01
  -1.0141652e+01  -7.0434275e+01
   9.1412330e+01   1.4185842e+00
   9.1733666e+00  -6.9357565e+01
  -7.6493089e+01  -7.1913855e+00
  -6.0485940e+01  -1.0779708e+01
  -4.3202810e+01  -1.2070125e+01
   8.8486367e+01   2.1004168e+01
  -2.0265672e+01  -5.1257180e+01
  -1.5849238e+01  -9.9670518e+01
  -6.9874353e+01  -9.9338248e+01
  -3.3676138e+01  -9.1703658e+01
  -1.9715920e+01  -7.2994964e+01
   7.4851995e+01  -8.4706262e+00
  -3.9796682e+01   1.0950271e+01
   9.8627895e+01  -8.5151376e+01
   5.6809196e+01  -7.0805653e+01
   3.8373837e+01  -7.9195895e+01
   3.8707442e+01   2.6172647e+01
   4.6027727e+01   4.1364324e+01
   4.3599200e+01  -3.7857992e+01
   5.3388545e+01  -3.9889603e+01
   6.6038265e+01  -8.5497303e+01
   6.8245393e+01  -9.5247810e+01
   3.3589538e+01   4.9543976e+01
   5.7128542e+01  -8.0906095e+01
   5.8690510e+01  -1.8260266e+01
  -2.4951752e+00   6.7402791e+01
   3.4535647e+01  -3.3724105e+01
   4.6049876e+01  -6.6319849e+01
  -4.8578067e+01   5.1939453e+00
   3.6892896e+01  -8.9098208e+01
  -3.0130169e+00   5.3734506e+01
  -8.3364273e+01   4.8242942e+01
   1.5293442e+01   9.1035483e+01
   6.2519257e+01  -5.2994710e+01
  -2.1331630e+01   9.8796110e+01
   5.3507728e+01  -5.9796820e+01
   7.1757758e+01  -6.7504336e+01
   1.0174576e+01  -7.9296689e+01
  -8.0357153e+01   6.7945348e+01
  -9.0243226e+01   6.6344081e+01
   9.3367271e+01  -5.9539302e+01
  -4.5503722e+01   5.3079164e+01
   1.5467128e+01   4.5704069e+01
   2.6541430e+01   9.4998014e+01
  -5.7919259e+01   9.9092435e+01
   1.8390418e+01  -9.7723579e+01
   4.8401095e+00  -8.8506871e+01
   5.4515028e+00   6.1463240e+01
  -6.5304872e+01   7.9995409e+01
   7.8334483e+00   9.7676051e+01
  -7.2945156e+01   8.6441884e+01
  -9.1951902e+01   9.7572742e+01
   7.7948290e+01  -3.8533303e+01
  -2.6745580e+01   6.2638337e+01
  -2.7671613e+01   2.1999747e+01
  -1.5798737e+01   5.2736938e+01
  -7.2695085e+01   3.1714987e+01
  -6.8884961e+01  -5.4216319e+01
  -9.7562129e+01  -8.2816991e+01
  -9.0931337e+01   8.7624956e+01
  -6.4086417e+01   4.8808004e+01
   3.1617443e+01  -5.8330984e+01
  -9.5450050e+01  -9.5622920e+01
   3.5786147e+01   9.8807754e+01
   9.9134530e+01  -4.7271284e+01
  -4.4879015e+01   2.7414172e+01
  -5.3736371e+01  -5.8132534e+01
   1.2129653e+00  -5.7998536e+01
  -9.5978276e+01  -6.3592975e+01
   3.6161069e+01  -6.7141867e+01
  -7.5019771e+01   1.2901046e+01
  -6.2488731e+01  -7.6632275e+01
  -3.9004054e+01  -5.8749227e+01
  -8.5743625e+01  -2.8801738e+01
  -8.0515396e+01  -2.0278726e+01
  -7.2125750e+01  -2.5706841e+01
  -6.1819372e-01  -6.7702803e+01
  -1.2338340e+01  -4.1310205e+01
  -8.4679189e+01  -1.4888287e+00
   5.7017950e+01   3.3399868e+01
  -5.9231388e+01  -4.0129570e+01
  -8.8572032e+01  -3.8391524e+01
  -5.5810961e+01  -6.9197153e+01
  -3.1655811e+01  -3.6054571e+01
  -9.8172329e+01  -4.2870308e+01
   5.2562083e+01   2.3211048e+01
   6.4222498e+01   7.4905574e+00
   6.9672424e+01   1.5916624e+01
  -5.1691889e+01   7.1899968e+01
  -9.4127065e+01  -7.3425856e+01
  -9.2654960e+01   4.5226580e+00
   6.5026084e+01  -6.5177279e+00
  -5.7066007e+01   1.0351952e+01
  -5.8119007e+01   4.6969651e-01
  -9.9938358e+00   2.8052844e+01
   6.1198926e+01   9.9117113e+01
   7.4592712e+00   2.0802481e+01
   9.1561716e+01   5.4250943e+01
  -9.9780534e+01   4.2232439e+01
   3.6639515e+01   5.9005653e+01
   6.4610190e+01   6.1886812e+01
   4.4666217e+01   6.4905598e+01
  -8.3569485e+01  -9.7839920e+01
   1.7332340e+01   2.0396028e+01
  -8.7713238e+01   2.0109601e+01
   2.2674753e+01   4.0123245e+00
  -3.3829049e+01   3.0926478e+00
   2.1810487e+01   7.2199133e+01
   2.9828180e+01   7.8144691e+01
  -2.3864490e+01  -9.3556457e+01
   7.5768412e+01   8.5427686e+01
   6.3235954e+01   7.1769850e+01
   6.8315115e+01   9.2092607e+01
   7.2129200e+01   4.9712202e+01
   3.4177905e+00   1.4108396e+00
   6.2476453e+01   5.2151213e+01
   9.7454499e+01  -2.7342701e+01
  -4.4211834e+01  -2.1881779e+01
   8.9442659e+01   3.0951514e+01
   9.9090412e+01   3.3815161e+01
   5.1939475e+01   8.8201351e+01
  -4.2825268e+01  -9.8322156e+01
   7.8539187e+01   2.0433198e+01
  -1.4635523e+01  -8.9771674e+01
  -3.0978777e+01  -6.5194892e+01
  -3.0039372e+01  -4.5753250e+01
   9.9350106e+01   8.2128270e+01
   7.8702141e+01   1.0407952e+01
  -3.6392470e+01  -8.2099151e+01
   9.8815949e+01  -5.2914326e+00
   2.6376273e+01  -1.2889468e+01
   4.0707333e+01  -2.5937855e+01
   4.9782039e+01  -5.4097054e-01
   2.4643909e+01  -3.2880719e+01
  -3.4999463e+01  -1.7205815e+01
   9.0391531e+01  -9.0816818e+01
   9.9456896e+01  -9.5103871e+01
