   2.1570000e+03
   2.1590000e+03
   1.9730000e+03
   2.0570000e+03
   2.1930000e+03
   1.9390000e+03
   2.2810000e+03
   2.2570000e+03
   2.3530000e+03
   2.2970000e+03
   2.3710000e+03
   1.9970000e+03
   2.2230000e+03
   2.0330000e+03
   1.9110000e+03
   2.2050000e+03
   1.9370000e+03
   1.8870000e+03
   2.1510000e+03
   1.9990000e+03
   2.3290000e+03
   1.9250000e+03
   2.1810000e+03
   1.9570000e+03
   1.9590000e+03
   2.1850000e+03
   2.2130000e+03
   2.0030000e+03
   1.9410000e+03
   2.2530000e+03
   2.1370000e+03
   2.0670000e+03
   2.0690000e+03
   2.3430000e+03
   2.0770000e+03
   2.1130000e+03
   2.2850000e+03
   2.1550000e+03
   2.3230000e+03
   2.4310000e+03
   2.1290000e+03
   2.1390000e+03
   2.4330000e+03
   2.2270000e+03
   2.1910000e+03
   2.3630000e+03
   2.2670000e+03
   1.9890000e+03
   2.2450000e+03
   2.0010000e+03
   2.2430000e+03
   2.2870000e+03
   2.3030000e+03
   2.0290000e+03
   2.0310000e+03
   2.3390000e+03
   2.2290000e+03
   2.0630000e+03
   2.0590000e+03
   2.3450000e+03
   1.9150000e+03
   2.0810000e+03
   2.3170000e+03
   2.3790000e+03
   2.0890000e+03
   2.3730000e+03
   2.1530000e+03
   2.3810000e+03
   2.0610000e+03
   2.4230000e+03
   2.2350000e+03
   2.4250000e+03
   2.0790000e+03
   2.1250000e+03
   2.1310000e+03
   1.9210000e+03
   2.1950000e+03
   1.9310000e+03
   2.1610000e+03
   2.1450000e+03
   2.1630000e+03
   2.3310000e+03
   2.2090000e+03
   2.4150000e+03
   2.2030000e+03
   2.4350000e+03
   2.3210000e+03
   2.3270000e+03
   2.0910000e+03
   2.2250000e+03
   2.1070000e+03
   2.2510000e+03
   2.2110000e+03
   2.3190000e+03
   2.2470000e+03
   2.2690000e+03
   2.2790000e+03
   2.1750000e+03
   2.1970000e+03
   2.1990000e+03
   2.1490000e+03
   2.2950000e+03
   2.2890000e+03
   2.2910000e+03
   2.3070000e+03
   2.0930000e+03
   2.0130000e+03
   2.2310000e+03
   2.3050000e+03
   2.2330000e+03
   2.3010000e+03
   2.3370000e+03
   2.3350000e+03
   2.3410000e+03
   2.3490000e+03
   2.2590000e+03
   2.3550000e+03
   2.0710000e+03
   2.0830000e+03
   2.0870000e+03
   2.1770000e+03
   2.4030000e+03
   2.3830000e+03
   2.3690000e+03
   2.4130000e+03
   2.3870000e+03
   2.4050000e+03
   2.2490000e+03
   2.3750000e+03
   2.3890000e+03
   2.2770000e+03
   2.3930000e+03
   2.3990000e+03
   2.1270000e+03
   1.8940000e+03
   2.1410000e+03
   2.3250000e+03
   2.1830000e+03
   2.1350000e+03
   2.1690000e+03
   1.9140000e+03
   1.9160000e+03
   2.3590000e+03
   2.1730000e+03
   2.1890000e+03
   2.1710000e+03
   1.9340000e+03
   2.3610000e+03
   1.9380000e+03
   1.9400000e+03
   1.9440000e+03
   2.2010000e+03
   1.9520000e+03
   1.9540000e+03
   2.2630000e+03
   2.4370000e+03
   1.9600000e+03
   2.2070000e+03
   2.2210000e+03
   2.2170000e+03
   1.9720000e+03
   2.2190000e+03
   2.2370000e+03
   2.2410000e+03
   2.2610000e+03
   1.9880000e+03
   2.2650000e+03
   2.4070000e+03
   1.9980000e+03
   2.4190000e+03
   2.2750000e+03
   2.2710000e+03
   2.0060000e+03
   2.2830000e+03
   2.0120000e+03
   2.2930000e+03
   2.0160000e+03
   2.0180000e+03
   2.2990000e+03
   2.3090000e+03
   2.3110000e+03
   2.0280000e+03
   2.3150000e+03
   2.0320000e+03
   2.0360000e+03
   2.0400000e+03
   2.0420000e+03
   2.0500000e+03
   2.0560000e+03
   2.3510000e+03
   2.0600000e+03
   2.3470000e+03
   2.0640000e+03
   2.0660000e+03
   2.0680000e+03
   2.3570000e+03
   2.0720000e+03
   2.0740000e+03
   2.0760000e+03
   2.0800000e+03
   2.3670000e+03
   2.3650000e+03
   2.0860000e+03
   2.0880000e+03
   2.0900000e+03
   2.0920000e+03
   2.0940000e+03
   2.3850000e+03
   2.0980000e+03
   2.1000000e+03
   2.1020000e+03
   2.3910000e+03
   2.1060000e+03
   2.3770000e+03
   2.3950000e+03
   2.1160000e+03
   2.1200000e+03
   2.4010000e+03
   2.1240000e+03
   2.1260000e+03
   2.1280000e+03
   2.1300000e+03
   2.4110000e+03
   2.1360000e+03
   2.1380000e+03
   2.1400000e+03
   2.1420000e+03
   2.1440000e+03
   2.4170000e+03
   2.1480000e+03
   2.1500000e+03
   2.1520000e+03
   2.4210000e+03
   2.4270000e+03
   2.1580000e+03
   2.1600000e+03
   2.1620000e+03
   2.1660000e+03
   2.1680000e+03
   2.4290000e+03
   2.1720000e+03
   2.1740000e+03
   2.1760000e+03
   2.1800000e+03
   2.1820000e+03
   2.1840000e+03
   2.1860000e+03
   2.1920000e+03
   2.1940000e+03
   2.1960000e+03
   2.2020000e+03
   2.2040000e+03
   2.2060000e+03
   2.2080000e+03
   2.2100000e+03
   2.2140000e+03
   2.2180000e+03
   2.2220000e+03
   2.2240000e+03
   2.2260000e+03
   2.2280000e+03
   2.2300000e+03
   2.2320000e+03
   2.2340000e+03
   2.2360000e+03
   2.2380000e+03
   2.2400000e+03
   2.2420000e+03
   2.2440000e+03
   2.2460000e+03
   2.2480000e+03
   2.2500000e+03
   2.2520000e+03
   2.2540000e+03
   2.2560000e+03
   2.2580000e+03
   2.2600000e+03
   2.2620000e+03
   2.2640000e+03
   2.2660000e+03
   2.2700000e+03
   2.2740000e+03
   2.2760000e+03
   2.2780000e+03
   2.2800000e+03
   2.2820000e+03
   2.2840000e+03
   2.2860000e+03
   2.2880000e+03
   2.2900000e+03
   2.2920000e+03
   2.2940000e+03
   2.2960000e+03
   2.3000000e+03
   2.3020000e+03
   2.3040000e+03
   2.3060000e+03
   2.3120000e+03
   2.3140000e+03
   2.3160000e+03
   2.3180000e+03
   2.3200000e+03
   2.3220000e+03
   2.3240000e+03
   2.3260000e+03
   2.3280000e+03
   2.3300000e+03
   2.3320000e+03
   2.3340000e+03
   2.3400000e+03
   2.3420000e+03
   2.3440000e+03
   2.3460000e+03
   2.3480000e+03
   2.3500000e+03
   2.3520000e+03
   2.3540000e+03
   2.3560000e+03
   2.3580000e+03
   2.3600000e+03
   2.3620000e+03
   2.3640000e+03
   2.3660000e+03
   2.3680000e+03
   2.3700000e+03
   2.3720000e+03
   2.3740000e+03
   2.3760000e+03
   2.3780000e+03
   2.3800000e+03
   2.3820000e+03
   2.3840000e+03
   2.3880000e+03
   2.3900000e+03
   2.3920000e+03
   2.3940000e+03
   2.3980000e+03
   2.4020000e+03
   2.4040000e+03
   2.4060000e+03
   2.4080000e+03
   2.4100000e+03
   2.4120000e+03
   2.4160000e+03
   2.4180000e+03
   2.4220000e+03
   2.4240000e+03
   2.4260000e+03
   2.4280000e+03
   2.4300000e+03
   2.4320000e+03
   2.4340000e+03
   2.4360000e+03
