   3.2248876e+01   6.3377057e+01
   6.2432521e+01  -4.3039749e+01
  -1.0804556e+01  -4.5510719e+01
   1.1961861e+00  -6.0980825e+01
  -3.8699946e+01   1.5185521e+01
   2.1223697e+01   4.6695299e+01
  -7.9171206e+01  -5.5264967e+01
   4.0910462e+01   2.5094983e+01
   4.4893980e+00   8.7067093e+01
  -3.7500813e+01  -7.7660739e+01
   2.5420036e+01  -4.3936619e+01
  -5.9640804e+01   3.0987063e+01
  -7.2800388e+01  -1.0454936e+00
   6.0420520e+00  -4.8936871e+01
   1.7627780e+01  -8.9564558e+01
  -2.0385557e+01  -4.7936255e+01
   3.2740181e+01  -1.3213091e+01
  -6.0253189e+00   6.4382173e+01
   1.4649289e+01  -5.2076714e+00
   3.4320429e+01  -3.9400982e+01
   4.2956485e+01  -5.0289175e+01
   2.9049725e+01  -6.1262413e+01
  -5.3528009e+01  -4.8518511e+00
   8.1136939e+00  -8.4573499e+01
   7.2224393e+01   9.2840594e+00
  -5.3172720e+01  -2.1612590e+01
   1.9189556e+00   4.5447182e+01
  -2.1311592e+01   7.5481052e+01
   1.4160769e+01   6.2745394e+00
   8.5663073e+01  -2.0127385e+01
   4.7065117e+01   8.2895577e+01
  -2.3379503e+01   2.6431112e+01
   4.1623853e+01   4.9972305e+01
   5.1327382e+01   6.2076671e+01
   5.2375644e+01  -4.6823811e+01
   3.6439871e+01  -8.8119789e+01
  -8.9068931e+01   2.3817167e+01
  -6.9859956e+01   3.9361457e+01
  -6.7772673e+01  -2.0115186e+01
  -1.5322389e+01  -9.7806180e+01
   3.9961415e+00  -7.2705998e+01
  -4.8649687e+01   1.4348782e+01
  -2.9218296e+01  -5.7320509e+01
   1.5688290e+01  -4.6542865e+01
   3.0926437e+01   1.7012595e+01
   5.2796928e+01   3.7276785e+01
  -5.9098622e+01  -5.4250074e+01
   2.3703219e+01   8.3131222e+01
  -2.3790164e+01   5.6831321e+01
   6.9628346e+01  -3.2944400e+01
  -3.4727407e+01   5.0141103e+01
  -4.2749086e+01  -2.1537286e+01
   1.3429123e+01   5.3513850e+01
  -1.8586433e+01  -9.9621912e+00
   6.7771239e+00   3.4759563e+01
  -8.6886742e+00  -9.1996178e+00
   3.9912061e+01  -2.0150104e+01
   5.4424859e+01  -3.7055090e+01
   3.8782761e+01  -7.8407936e+01
  -4.7710662e+01  -9.4264566e+01
  -2.3617623e+01  -7.5992159e+01
  -2.6658926e+01   4.4308124e+01
  -5.8609124e+01   1.3683239e+01
  -5.9985346e+01   4.0937967e+01
  -7.2324746e+01   1.6218950e+01
  -7.9767211e+01   3.3506149e+01
  -2.4211925e+01  -2.6263685e-01
  -6.7593749e+01   7.4620145e+00
  -8.1232101e+01  -9.7075496e+00
  -4.4392559e+01   2.3348073e+01
   4.6948549e+01  -6.5209614e+01
   6.9015224e+00  -1.7072741e+01
   7.6100426e+01   1.3541066e-01
   1.3879046e+01  -7.1334598e+01
  -1.8829530e+01  -5.7787497e+01
  -1.2918136e+01  -1.8186691e+01
  -7.0466064e+01  -7.0685989e+01
  -8.8895565e+00  -7.8905875e+01
  -1.3998130e+01   8.2259902e+01
   3.2516165e+01  -3.1831798e+00
  -3.6633900e+01   7.5086231e+01
  -1.1776090e+01   7.2519962e+01
   7.6970930e+01   4.9866111e+01
   5.8848550e+01   2.1254195e+01
  -2.0229278e+01   3.5879502e+01
   2.2855799e+01   5.6844295e+01
   1.3679223e+01   6.3491049e+01
   4.8187253e+01  -2.4770937e+00
  -7.0457193e+00   4.9912892e+01
   9.0651493e+01  -1.1245981e+01
   8.7665694e+01  -2.9919473e+01
  -5.0812028e+01   4.4898335e+01
   6.1155755e+01  -7.7046531e+00
  -5.0519877e+01   6.8732938e+01
  -4.8765435e+01  -3.0513134e+01
  -2.6874307e+01  -2.8882669e+01
   1.9105593e+01   2.9980521e+01
   6.1294420e+01   6.1853232e+01
   3.3561309e+01   4.3477475e+01
   5.3260477e-01   8.2076014e+00
   5.7315207e+01   1.5073155e+00
  -5.5928686e-01   1.7907752e+01
   3.6752234e+01  -2.9629825e+01
   3.2956734e+01  -5.0499645e+01
   2.2743862e+01  -5.3557573e+01
   7.2427300e+01  -4.2523916e+01
   3.5218513e+01  -6.9090639e+01
   4.6675320e+01  -3.0753431e+01
   6.0047735e+01  -2.8808849e+01
   4.6207830e+01  -8.5091785e+01
   5.2365177e+01  -5.6810336e+01
  -5.4569327e+01  -8.6987292e+01
  -2.2304752e+01  -9.0644997e+01
   1.8297011e+01  -3.6948824e+01
  -7.3866987e+01   4.8510851e+01
  -3.0256331e+01  -4.7437975e+01
  -7.0689745e+01   2.9418899e+01
  -8.9741752e+01   3.3784807e+01
  -5.4246799e+01   2.2626328e+01
  -8.4329739e+01   1.5033766e+01
  -8.4351539e+01   4.2367536e+01
  -2.2687164e+01  -1.9883100e+01
  -9.1063325e+01  -7.9826136e+00
  -3.8541797e+01   5.2473333e+00
  -3.3899665e+00  -5.2120368e+01
  -6.3511081e+01  -4.7526453e+00
  -4.3562519e+01  -4.2497639e+00
  -5.9508459e+01  -1.3901675e+01
  -2.9078523e+01   8.4382489e+00
   1.4981768e+00  -8.4520934e+00
  -7.7562848e+01   7.7159911e+00
   4.0410441e+01   1.3988986e+01
  -2.6910197e+00  -8.6751950e+01
   8.4540831e+00  -3.8648061e+01
   1.0658246e+01  -5.7770583e+01
  -2.9463608e+00   3.6939279e+01
  -2.8328160e+01  -1.1749251e+01
  -8.3804870e+01  -7.1775777e-02
  -1.3873440e+00  -4.2323870e+01
  -9.1586899e+00  -6.0255580e+01
   8.4066208e+01   8.8552991e+00
  -1.2128890e+01   9.4924188e+01
   9.2067686e+01   3.8281251e+01
   2.4895942e+01  -7.1119061e+01
  -5.4551480e+00  -6.9521280e+01
  -6.4259231e+01  -8.4512132e+01
  -2.4436168e+01  -6.6050640e+01
  -7.1200156e+00  -2.6259573e+01
   2.5339653e+01  -1.9777995e+01
   1.9209819e+01  -6.2900551e+01
  -6.4161973e+01   2.1938005e+01
  -3.4201600e+01  -6.8154169e+01
  -4.0420814e+01  -6.0328358e+01
   2.2753928e+01   1.3505799e+00
   4.0112141e+01   3.3179920e+00
  -3.7299511e+01   8.5052615e+01
  -1.2613786e+01  -8.8181899e+01
  -2.7461686e+01   8.3328331e+01
   6.0558974e+01  -6.2535629e+01
  -7.5522705e+01  -4.3044953e+01
   6.1398577e+01   5.1856022e+01
  -5.7304820e+01  -3.6526405e+01
   5.0709585e+01   2.7252040e+01
   3.8768635e+00   6.5117597e+01
  -1.5405801e+01  -7.0291166e+01
   4.6590206e+01   7.0874429e+01
   1.3714641e+01   8.3246065e+01
  -7.3628783e+01  -2.8218046e+01
  -8.3764096e+01  -3.7045194e+01
  -1.1823454e+01   4.1130123e+01
  -3.5026850e+01   2.6467939e+01
  -1.7875216e+01   4.8888900e+01
  -1.3041186e+01   2.8875777e+01
  -1.3368966e+01   5.7708170e+01
  -3.3203920e+01   5.9950178e+01
   9.7665836e+01  -2.9571410e+01
   7.6154387e+01  -1.7092404e+01
   6.8221788e+01  -2.3083646e+01
   7.1085206e+01  -8.4950422e+00
   3.5731320e+00   5.5180180e+01
   1.1532656e+01   7.3489539e+01
   6.5274955e+01   7.1018366e+01
  -3.0129231e+01   3.5029134e+01
   2.2973437e+01   6.6997714e+01
   2.5462746e+01   3.7647417e+01
   4.1594813e+01   5.9941767e+01
  -4.3442657e+00  -3.4469364e-01
   6.3144546e+00   1.9977216e-01
   7.4740674e+00   2.4789019e+01
  -4.4739313e+01   3.3300209e+01
   7.7910610e+01   1.7443990e+01
  -2.9879070e+00  -1.7301505e+01
   8.5297648e+01   2.4099291e+01
  -4.4009834e+01  -7.0070645e+01
  -6.4873899e+01  -6.2402213e+01
  -9.3660986e+01  -4.2405637e+01
   8.1045756e+01  -3.7412402e+01
   6.3503210e+01  -5.2980443e+01
   2.9191568e+01  -8.1232267e+01
   2.7116198e+01  -3.2252911e+01
   4.4261795e+01  -4.0411193e+01
   5.5683961e+01  -8.1906758e+01
   3.5331591e+01  -9.8053027e+01
  -4.0697139e+01  -8.7136417e+01
  -5.0559713e+01  -7.7826342e+01
  -2.9698627e+01  -8.3912722e+01
  -3.2715402e+01  -9.3439357e+01
  -5.3861065e+01  -6.8378328e+01
  -6.3995525e+01   5.0053859e+01
   1.8595829e+01  -2.7025316e+01
  -3.8234310e+01   4.0836542e+01
  -9.9646984e+01   3.5069055e+01
  -8.7527306e+01  -1.7457272e+01
  -2.1338114e+01  -3.7675988e+01
  -9.6894833e+01  -2.0914381e+01
  -8.3120940e+01   5.2282741e+01
   8.6638560e+00  -2.6884143e+01
  -5.8383075e+01   3.7774839e+00
  -6.1197211e+01  -2.7468951e+01
   3.8842299e+01  -5.9374247e+01
  -5.4836025e+00   8.7459121e+01
  -3.3657625e+01  -3.3951981e+00
  -3.3089227e+00  -9.6732501e+01
  -9.0601961e+01   7.2483959e+00
   6.4571428e+00  -9.4435336e+01
  -1.0410447e+01  -3.5598196e+01
   1.6768552e+01   2.0318559e+01
  -2.9288429e+01   1.8394725e+01
   9.6394863e+01   7.4930028e+00
  -7.1351376e+01  -1.0884998e+01
  -8.0433931e+01  -6.9912519e+01
   9.4230231e+01   2.8522307e+01
  -7.9079768e+01   2.3544576e+01
  -5.0327709e+01  -5.9026883e+01
   9.1390770e+01   1.6150893e+01
   8.7601611e+01  -4.9889391e-01
  -1.9300805e+01   6.5724695e+01
   1.9313614e+01  -7.9712861e+01
   4.2178835e+01  -1.0386844e+01
   4.9835959e+01  -2.1326507e+01
   5.2016407e+01  -1.1628353e+01
   1.6582984e+01  -1.5016795e+01
   5.7684237e+01  -7.2110918e+01
  -1.6925761e+01  -2.8027230e+01
  -3.1633259e+01  -3.7604127e+01
   5.2792514e-01  -3.2580076e+01
  -2.8796181e+01   6.8889295e+01
  -2.1445606e+01   9.1304926e+01
  -4.6268084e+01   7.7758909e+01
   2.9184027e+01   7.4787541e+01
   2.4048724e+01  -8.4804393e+00
  -6.1412185e+01  -7.4927984e+01
  -8.4773791e+01  -4.6987778e+01
   2.2289585e+01   1.2028540e+01
   4.3271652e+01   4.0149399e+01
   5.1401503e+01   5.2062891e+01
   6.1668884e+01   4.1865659e+01
   3.5726797e+01   3.3646474e+01
   7.0055784e+01   5.7073196e+01
   2.8576437e+01   2.6696906e+01
  -6.7982144e+01  -3.6469813e+01
   3.8859972e+01   7.7200171e+01
   6.0557520e+01   3.1056061e+01
   3.2230866e+01   5.3381448e+01
   1.8895657e+01   9.1892710e+01
   1.8396065e+00   7.5954029e+01
  -5.4661421e+01   5.4131983e+01
  -9.2995444e+01  -3.2428029e+01
  -6.9788200e+01  -5.1853959e+01
  -7.7671709e+01  -1.9039628e+01
   4.9232507e+01   7.3963480e+00
  -6.2632345e+01  -4.4916987e+01
  -8.3628171e+01  -2.7055017e+01
  -4.8090158e+01  -1.3122231e+01
  -3.8781809e+01  -3.0673818e+01
  -4.8464365e+01   4.4009011e+00
   9.5878832e+01  -1.9744080e+01
   6.2299219e+01   1.0140666e+01
  -4.4869152e+01   5.6159660e+01
   7.7681872e+01  -2.6964281e+01
   5.9849359e+01  -1.7722361e+01
   9.9958817e+01  -7.6382753e+00
   8.1097646e+01  -8.4556523e+00
  -4.0964531e+01   6.6098290e+01
   5.5904138e+01   7.4507022e+01
   1.1713923e+01   4.3667881e+01
   3.0908520e+01   7.0354874e+00
  -1.4290366e+01  -9.5922309e-01
  -3.8182856e+01  -1.2659022e+01
   4.9767568e+01   1.7318784e+01
  -3.2285175e+00   2.7220757e+01
   8.7009056e+00   1.4523305e+01
   6.8767729e+01   2.1376208e+01
