   3.8141424e+01  -3.2288414e+01
   7.4417135e+01  -4.0864215e+00
  -2.7318412e+01   5.0826698e+01
  -8.2933306e+01  -6.9545927e+01
  -6.1024904e+01  -7.6218654e+01
  -4.2906924e+00  -1.1471740e+01
  -5.8057499e+01   1.3953291e+01
   7.4764314e+01   5.7928639e+01
  -5.9045753e+01   3.2478203e+01
   1.7892186e+01   5.8111520e+01
  -5.8644181e+01  -5.1237571e+01
  -4.8915238e+01   5.7632289e+00
   5.9643448e+01  -5.4056923e+01
   7.4956728e+01  -4.2612705e+01
  -9.7314717e+01  -2.8326947e+01
   5.4820444e+01  -3.5214179e+01
  -2.2404778e+01   9.6416420e+01
   6.1148099e+00   7.1644693e+01
  -1.1571893e+01   6.7312830e+01
  -3.2185101e+01   4.9062633e+00
  -4.0191437e+01   1.0579395e+01
  -8.8086844e+01   4.8139103e+01
   2.2331443e+01   3.4936873e+01
  -7.9887078e+01   6.3174611e+01
   1.0863847e+01  -5.1777120e+01
  -2.8592599e+01   8.7999469e+01
   2.9579897e+01  -4.9197749e+01
   7.7004654e+01  -3.2911000e+01
   4.7309237e+01   9.1318525e+00
   2.3738936e+00  -6.4934953e+01
  -3.0046578e+01  -9.9318413e+01
   4.5684329e+01   6.2258355e+01
  -1.7500784e+01  -2.8729048e+01
   8.8755325e+01   8.1176530e+01
   8.3915946e+01   6.1852613e+01
  -6.5575266e+01  -2.4729123e+01
   7.4698265e+01   7.4421773e+00
   6.9374739e+01   7.6411193e+01
   9.9011759e+01  -3.4615625e+01
   1.7608158e+01   9.9258380e+01
  -7.9400594e+00   2.7220342e+01
  -1.0647501e+00   5.4468974e+01
  -2.7954685e+00   3.5766111e+01
   3.0076207e+01   2.8682913e+01
  -5.8795767e+01   5.1464103e+01
  -7.9605282e+01   8.5152238e+01
   5.6665669e+01   5.9495841e+00
  -6.9320329e+01   2.1993580e+01
  -7.9199867e+01  -1.4461277e+01
   6.8239390e+01  -7.0704266e+01
   7.6455621e+00   6.1772785e+01
   3.8661141e+01  -8.6800193e+01
  -6.7521386e+01  -3.4516636e+01
  -6.8514332e+01   2.2171327e+00
  -9.5852859e+01  -9.1750636e+00
  -3.2566557e+01   7.7744086e+01
   5.5959377e+01  -3.9165187e+00
  -8.7501978e+01   2.6196047e+01
   6.4894183e+01  -2.0185240e+01
   3.9109237e+01  -2.0142671e+01
   5.6607180e+01  -2.5445551e+01
  -4.0100535e+01  -5.9177279e+01
  -8.3440061e+01  -5.5078640e+01
  -9.4400058e+01  -8.3363667e+01
  -1.9545344e+01  -4.3216276e+01
  -3.9845971e+01  -9.7327548e+01
  -2.7332813e+01  -6.2023987e+01
   5.5083103e+01  -7.3462658e+01
   4.4252835e+01   1.8476842e+01
   2.8105554e+01   5.3718050e+01
   3.7658551e+01   5.6445475e+01
  -4.2861817e+00   7.4134216e+01
  -6.3432233e+01  -8.8142087e+01
  -6.4034616e+00   9.3380860e+01
   7.4642525e+01   6.7916757e+01
   2.5389496e+00  -9.3563879e+01
   1.6354370e+01   1.1541922e+01
   1.9848467e+01   2.0962099e+00
  -7.7054627e+01  -4.7388266e+01
  -4.6779466e+01  -9.0121772e+01
   2.7245124e+01  -3.7882687e+01
   8.1967595e+01  -1.3686272e+01
   9.3695677e+01   5.9864717e+01
   6.4897845e+01   1.1398672e+01
   4.3456281e+01   3.7868250e+01
  -4.4405095e+01  -6.8256009e+01
   6.6352492e+01   8.5918948e+01
   2.4026126e+01   7.3098624e+01
   2.1011882e+01   2.4752194e+01
   3.6720951e+00   2.8194524e+01
   1.0734087e+01   4.0785261e+01
  -3.1662447e+01  -4.9418569e+00
  -4.5475089e+01   2.6155780e+01
  -2.6415465e+01   2.3652419e+01
  -4.0134280e+01   7.1225554e+01
   3.3785755e+01   3.7752923e+01
   3.7483797e+01   1.0434545e+01
  -2.8701011e+01   6.8544512e+01
  -4.8685851e+01   7.8074225e+01
  -3.7543738e+01   3.2728767e+01
  -6.9792772e+01   5.0812083e+01
  -5.2767597e+01   9.7137906e+01
  -3.1765323e+01  -1.5281911e+01
   5.4882832e+01   5.8593065e+01
  -8.5844203e+01   3.8407013e+01
  -9.7924832e+01   4.9881123e+01
   1.9911036e+01  -4.7051784e+01
   2.1744713e+01  -6.7111703e+01
   7.2441230e+01  -6.1631775e+01
  -2.2802311e+01   7.9846786e+01
   3.1596900e+01  -6.8659454e+01
  -9.4590678e+00  -8.0089415e+01
   3.8284347e+00  -3.5510813e+01
  -1.4447833e+00  -7.4140553e+01
   1.7971216e+01  -3.4361619e+01
  -9.5347818e+00  -2.2786948e+01
   2.3783297e+00  -4.5634865e+01
  -9.3767159e+01  -7.1354264e+01
  -7.8512747e+01  -8.6625390e+01
  -2.3128566e+01  -9.9616562e+00
  -3.9902662e+01  -2.3218611e+01
  -4.0394292e+01  -7.7480744e+01
  -8.2639639e+01  -9.8674974e+01
  -6.7989509e+00  -8.9725116e+01
  -7.7491028e+01  -3.3998459e+01
   9.9588219e+01   8.4332057e+01
  -1.5874198e+00   7.3774122e+00
  -1.0640264e+00   1.9455280e+01
  -5.7888610e+01  -1.0074711e+01
   9.5956384e+00  -2.5937454e+01
   2.7198896e+01  -1.7992639e+01
   9.3138923e+01   3.6777869e+01
   6.0904679e+01   3.0225519e+01
   4.2112210e+01   8.1772077e+01
   8.3320088e+01   9.6140699e+01
   5.7728801e+01   9.0947633e+01
  -2.1743882e+01   4.1404995e+01
  -8.2552263e+00   4.6419008e+01
  -1.9725983e+00   6.4420643e+01
  -1.2638225e+01   3.7332780e+01
  -4.8341210e+01   1.6124851e+01
  -4.0762287e+01   3.2564718e-02
  -3.7716173e+01   2.0240816e+01
  -3.2115054e+01   4.2169935e+01
  -7.7699151e+01   1.0566330e+01
  -6.7846253e+01   1.2149833e+01
   2.6371313e+01   4.4012674e+01
   2.5375568e+01   1.5757738e+01
  -4.2157871e+01   6.1453913e+01
  -4.1995552e+01   4.1726687e+01
   4.1746026e+01   2.8072999e+01
   5.4769205e+01   1.5751924e+01
   5.1578854e+01   2.5194656e+01
   6.1008949e+01   4.0165646e+01
  -3.2451356e+01   5.9313831e+01
  -5.8561279e+01   8.8613617e+01
  -5.6363399e+01   4.2007160e+01
  -4.9641862e+01   6.8136423e+01
  -4.8579877e+01   8.8063934e+01
  -8.9654730e+01   5.8251339e+01
   3.9230240e+01   4.6726655e+01
   2.1192258e+01  -8.8090062e+01
  -7.5900134e+01   7.5417888e+01
   6.0909735e+01  -6.3935035e+01
   7.0414248e+01  -5.1841647e+01
  -3.8944834e+01   8.5420298e+01
  -1.2823660e+01   7.9332689e+01
   4.6703957e+01  -6.8010121e-01
   4.4328705e+01  -1.0283688e+01
   1.1328122e+01  -8.6464135e+01
  -1.7414077e+01   5.0329639e+01
   8.7235013e+00  -7.3675943e+01
   4.1636395e+01  -6.8081016e+01
   2.7537507e+01  -8.0363752e+01
   4.7286361e+01  -2.8735117e+01
   9.8028733e+01  -2.4723077e+01
   1.1505799e+01  -4.1821741e+01
   4.9407957e+01  -5.4554275e+01
  -6.7286896e+01  -1.4880559e+01
  -3.2083367e+01   9.8927101e+01
   3.6273541e+01  -4.1970732e+01
   6.6458449e+01   1.8707045e+00
   4.8983944e+01  -1.9014176e+01
   7.4320542e+01  -2.3448277e+01
  -9.7572218e+01   8.2970219e-01
   1.9904189e+01  -2.4692153e+01
  -9.9908423e-02  -5.5279937e+01
   3.6895809e+01  -1.7125106e+00
   2.9375433e+01   4.7365189e+00
  -8.4686653e+01  -4.0934353e+01
  -7.5628867e+00  -4.5555345e+01
   6.5073569e+01  -4.3388611e+01
  -9.1271066e+01   8.5929099e+00
  -7.0319537e+01  -8.0892940e+01
  -9.5699622e+01   3.6744923e+01
  -6.8936756e+01  -5.5306443e+01
  -1.7477234e+01  -6.3553258e+01
  -5.5110410e+01  -6.7820797e+01
  -7.6294212e+01  -6.2072093e+01
  -5.3778857e+01  -9.7263653e+01
  -1.5856590e+01   8.8860307e+01
  -1.9771529e+01  -9.7969322e+01
   2.6421360e+01   6.3470531e+01
   1.7515320e+01   4.8133083e+01
   3.6035843e+01   6.6215546e+01
   1.6052271e+01   8.7767260e+01
   2.6686437e+01   8.2677064e+01
   3.4022207e+01   7.5939605e+01
  -5.7067172e+01  -2.9988811e+01
  -7.5505609e+01  -2.3740484e+01
   6.5033967e+00   9.0733319e+01
  -6.7253304e+01  -4.5457359e+01
   6.4844244e+01   5.8297207e+01
   8.5637959e+01   7.1684181e+01
   5.4202363e+01   7.1023602e+01
  -2.9024892e+00   8.4021333e+01
   1.5558089e+01   6.7826336e+01
   5.3692163e+00  -1.3849016e+01
  -1.3924697e+01  -1.3926232e+01
  -1.5060474e+01  -4.1638259e+00
  -2.5832293e+01  -3.4142091e+01
   6.4985989e+00   1.2984237e+01
   7.8975304e+01   7.9131769e+01
   8.9009954e+01   4.5848852e+01
   2.9383530e+01  -2.7713741e+01
   1.9376496e+01  -5.7008202e+01
   1.0092668e+01   3.7489197e+00
  -6.4443362e+01  -6.4235855e+01
   8.9857488e+01   2.7389072e+01
   1.2274216e+01  -6.4001282e+01
   8.4345095e+01   9.9075141e+00
   8.1755949e+01   2.1618648e+01
   6.3607420e+01   2.0963315e+01
   8.9833436e+01  -7.7873849e+00
   6.9644855e+01   4.9053433e+01
   9.0703073e+01  -1.8096929e+01
   6.3764992e+01   6.8181737e+01
   5.7173725e+01   8.0570730e+01
   9.6986898e+01   9.6710245e+00
   6.5505338e+01   9.7567387e+01
  -5.1593936e+01   5.8354029e+01
   1.5616507e+00   9.9426479e+01
  -3.0131857e+01  -4.3104778e+01
   3.8863234e+01  -5.2907867e+01
  -2.0624966e+01  -7.3382127e+01
   5.4799927e+01  -8.4790959e+01
   8.0634171e+01  -5.0783878e+01
  -3.4440568e+01  -6.9037773e+01
   3.2338973e+01   9.9135389e+01
   1.3174391e+01   3.1124034e+01
   1.1741864e+01   2.1302687e+01
  -7.6678205e+01   4.3003195e+01
   1.5586488e+00   4.4712182e+01
  -1.7817715e+01   2.8784576e+01
   8.4587435e+00   5.1867702e+01
  -1.0514449e+01   5.7427497e+01
  -5.8710837e+01   3.9961360e+00
  -5.5035338e+01   2.3437390e+01
  -2.7576725e+01   3.3395267e+01
  -2.1863827e+01  -1.9802686e+01
  -4.0227461e+01  -9.9219265e+00
  -1.0931855e+01  -3.6193672e+01
  -4.9014562e+01   4.8758469e+01
  -3.9291366e+01   5.1619738e+01
  -4.9393071e+01   3.5121647e+01
  -6.8976721e+01   3.1935924e+01
  -7.9195647e+01   2.0449918e+01
  -7.8899463e+01   3.1240534e+01
   1.8314703e+01  -7.6502723e+01
  -6.9993993e+01   8.7913236e+01
   6.3169598e+01  -7.9321065e+01
  -5.8706525e+01   7.8615480e+01
  -6.4327894e+01   9.6781745e+01
  -9.4375295e+01   6.7711446e+01
   2.9131123e+01  -5.9073475e+01
  -8.5184219e+01   7.1650564e+01
   8.2289619e+01  -6.3361113e+01
  -2.0770596e+01   6.2459986e+01
  -4.7450133e+01  -1.6712524e+01
  -5.6816318e+01  -2.0004617e+01
  -4.1331089e+01   9.5124458e+01
   1.7513395e+00  -8.3601090e+01
  -6.6293620e+01   4.1507956e+01
   8.5334654e+01  -2.6816094e+01
   1.5061655e+01  -1.6056502e+01
   3.7442330e+01  -9.6702713e+01
  -8.0157289e+01   8.8178864e-01
   4.5476574e+01  -4.5417120e+01
  -9.7253943e+01  -6.1981839e+01
   8.4443980e+01  -3.9496810e+01
  -2.6213774e+01  -9.0085964e+01
  -3.7241627e+01  -8.7089455e+01
  -2.9826531e+01  -8.0380033e+01
  -7.2982801e+01  -6.6723752e+00
  -8.6055912e+01  -7.1865965e+00
  -8.5279794e+01  -7.9264531e+01
  -4.9129606e+01  -5.3197239e+00
  -7.9477811e+01   5.3192962e+01
  -7.5918270e+00  -6.4862277e+01
  -7.3282538e+01  -9.5147607e+01
  -9.9356730e+01  -1.8539422e+01
  -3.5376066e-01  -2.6493001e+01
  -9.3624430e+01   1.8307180e+01
  -5.1690978e+01  -5.8424511e+01
  -5.0374706e+01  -7.6627019e+01
  -9.8534429e+00  -9.9245476e+01
  -6.3740369e+01  -9.8137148e+01
  -7.1802252e+01  -7.1004964e+01
   3.7662079e+01   9.0689050e+01
  -9.1076691e+01  -4.8623626e+01
  -4.7078580e+01  -3.0152065e+01
  -9.2768448e+01  -9.5686094e+01
   4.7795072e+01   8.9950547e+01
  -1.9885209e+01  -5.3209840e+01
   9.5438642e+01   6.9708494e+01
   9.1720176e+01   9.0719621e+01
  -1.0092311e+01  -5.5195105e+01
  -5.6453852e+00  -1.5976279e+00
   3.9125980e+00  -4.0044547e+00
  -3.0143395e+01  -2.5142119e+01
  -3.6548876e+01  -3.2674918e+01
   3.4438497e+01   1.9863868e+01
  -8.6834680e+01  -3.0457766e+01
  -8.7172951e+01  -2.0469737e+01
  -5.9043778e+01  -3.9778791e+01
   2.6411620e+01  -5.4167394e+00
  -2.3138215e+01   1.2837040e+00
   1.3611234e+01  -6.2073636e+00
   3.4463221e+01  -1.1313721e+01
   7.9641687e+01   4.9249034e+01
   7.2355186e+01  -1.3824481e+01
   8.3519709e+01  -3.4182837e-02
   9.6216449e+01  -2.3421019e-01
   9.0813098e+01   1.7473341e+01
   7.2866924e+01   1.7265832e+01
   4.9780261e+01   4.8031007e+01
   5.2583658e+01   3.5084587e+01
   9.9892744e+01   2.1608334e+01
   9.9543009e+01  -1.3515414e+01
   4.4271420e+01   7.2077838e+01
   7.4152282e+01   9.2160867e+01
  -9.4185995e+01  -3.7822695e+01
   5.9597532e+01   4.9881800e+01
   1.5219888e+01   7.7810126e+01
   9.7727095e+01   5.0721974e+01
  -1.8937454e+01  -8.3237503e+01
  -3.1518286e+01  -5.2970748e+01
   5.0925602e+01  -6.4397445e+01
   4.6722972e+01  -7.8920769e+01
   3.6949344e+01  -7.6995675e+01
   5.5329096e+01  -4.5116868e+01
   2.4911365e+01   9.2461404e+01
   5.1879985e+01   9.9060490e+01
   9.3738002e+01  -4.3078958e+01
   6.6694849e+01  -2.9992829e+01
   5.7281607e+01  -1.3771330e+01
   6.4983313e+01  -7.6903072e+00
  -2.9890644e+01   1.4402979e+01
