   3.0253779e+01  -3.3457695e+01
   4.0473030e+01  -4.9259305e+01
   5.5279206e+01   7.5679232e+01
   4.6440329e+01   5.1702920e+01
  -2.9543140e+01   5.4672362e+01
  -8.1383479e+01   3.7036273e+01
   1.4342942e+01  -2.1215065e+01
  -1.6819448e+01   7.0023599e+01
   6.6047527e+01  -1.3626532e+01
  -5.5367652e+01  -5.1155013e+00
   8.8709767e+01   4.1456637e+01
  -6.5605971e+01  -7.9592736e+01
  -3.2151640e+01  -5.5065910e+01
  -9.7611108e+01  -4.1018390e+01
  -3.5976952e+01   2.0186274e+01
  -1.7634624e+01   3.0687831e+01
  -3.8684711e+01   3.3609926e+01
  -6.8493379e+01  -6.7506765e+01
  -4.5858946e+01  -8.3165901e+01
  -5.5835390e+01   3.9070787e+01
  -7.0853724e-02  -2.8115323e+01
  -8.3866573e+01  -7.6116623e+01
  -6.8020843e+01  -3.8610596e+01
   9.2933864e+01   1.7550676e+01
  -1.2409804e+01   6.0895255e+01
   4.0683721e+01   3.4965699e+01
   4.2851768e+01   7.0754394e+01
  -7.1760407e+01  -2.8174322e+01
   5.8950105e+01  -2.0712439e+01
  -4.9163293e+01  -6.1768682e+01
   1.3011922e+00  -6.2590410e+00
  -7.9371650e+01  -6.7183791e+01
   7.2502480e+01   2.0209382e+01
  -7.2464860e+01  -8.8936544e+01
   5.1721111e+01   9.8237966e+01
   3.7103024e+01   8.4322748e+01
  -7.4444511e+00   4.3360826e+01
  -2.5731847e+01   4.5499650e+01
  -4.2245762e+01   1.2845796e+01
  -4.2697436e+01   6.4066925e+01
  -3.9337533e+01   5.2663224e+01
   5.8130639e+01   4.0683425e+01
  -7.0208803e+01   3.2398815e+01
   4.5622543e+01  -5.7831500e+01
  -6.4891807e+01  -2.0906435e+01
  -8.5361301e+01  -2.3481487e+01
  -3.2721180e+01   6.4293342e+01
   6.0194357e+01  -4.0260597e+00
   5.4109810e+01  -1.1961927e+01
   1.8566031e+01  -3.0591258e+01
  -8.0826466e+01  -3.2394086e+01
   3.5341224e+01   5.3118183e+01
  -1.2783404e+01  -5.5292720e+01
   4.4678810e+01  -3.1895937e+01
  -3.7900568e+01  -7.7110805e+01
  -7.2814610e+01  -5.0660350e+01
  -5.6237914e+01  -8.3091230e+01
  -5.1560684e-01   8.1105967e+01
  -8.2005962e+01  -8.5941994e+01
   1.0047726e+01  -1.1115565e+01
  -9.9407279e+01  -6.3148514e+01
   3.7268019e+00  -1.8864495e+01
   8.4410799e+01   5.0485414e+01
  -5.6346256e+01  -5.4811324e+01
   7.5083423e+01   9.2435155e+00
   8.6069732e+01   2.4877706e+01
   6.1066228e+01   9.4678658e+01
   4.5879513e+01   9.0121633e+01
   3.1478939e+01   7.6054153e+01
  -9.3510804e+01  -5.0139103e+01
  -9.1579872e+01  -3.3034610e+01
  -9.3303665e+01  -1.4279527e+01
   8.3652691e+01  -1.2692345e+01
   3.8595469e+01   9.6973050e+01
  -2.9176842e+01   3.6301417e+01
  -3.5666670e+01   4.3522389e+01
  -4.1757734e+00   2.4374345e+01
  -1.7043508e+01   4.0606509e+01
  -3.5284918e+01   3.0141632e-01
  -5.1890378e+01   2.1281812e+01
  -6.3032885e+01  -9.2258866e+01
  -5.0773283e+01   4.9116305e+01
  -5.1278052e+01   5.9015982e+01
   5.0810943e+01   3.2205996e+01
  -4.5253596e+01   4.0962735e+01
   5.6603326e+01   5.1226052e+01
  -9.0561234e+01   4.1007270e+01
  -7.8889539e+01   2.7352252e+01
   3.0542848e+01  -4.6216553e+01
   5.3632855e+01  -5.1704592e+01
  -4.7097855e+01  -1.2648758e+01
  -5.6815032e+01  -1.5010200e+01
  -7.5940935e+01  -1.8820236e+01
   6.7141908e+01   3.1663683e+00
  -2.7897765e+01   7.3049000e+01
  -2.2958989e+01   6.2164326e+01
   7.2145090e+01  -5.7006419e+00
   5.0536733e+01  -1.4317929e+00
   6.0235965e+01  -3.0629420e+01
  -1.4128800e-01  -3.8115075e+01
   8.8487879e+00  -3.2952443e+01
  -8.7485651e+01  -4.2158047e+01
  -7.7491339e+01  -4.1821459e+01
  -2.2496691e+01  -5.7670114e+01
   4.2231200e+01   6.0773782e+01
  -2.9440762e+01  -4.5440371e+01
  -3.1933231e+01  -6.9086412e+01
   4.8199991e+01   4.1859067e+01
  -3.9172083e+01  -6.2187223e+01
  -8.0352055e+01  -5.7231979e+01
   3.8207122e+01  -3.9519405e+01
   4.8000553e+01  -4.1570168e+01
  -5.2801140e+01  -9.2482096e+01
  -1.9037597e+01   8.0200987e+01
  -9.6020632e+01  -7.8285290e+01
  -9.5649556e+00   7.6876312e+01
  -8.2549279e+01  -9.5927219e+01
  -9.1325543e+01  -6.9456020e+01
   1.0114897e+01  -1.1157903e+00
   1.9952728e+01  -9.7404515e+00
  -9.0083589e+01  -5.9533457e+01
   9.5648392e+01   4.8657711e+01
  -9.7705165e+00  -9.8640995e+01
   7.4419468e+01   5.0069128e+01
  -6.2637797e+01  -4.7038100e+01
  -5.8688297e+01  -6.4813970e+01
  -5.3626563e+01  -7.3438231e+01
  -6.5871235e+01  -5.7856688e+01
   8.6800899e+01   6.1166980e+00
   9.6590344e+01   8.1579446e+00
  -7.0663790e+01  -9.8795971e+01
   8.2992340e+01   1.5363030e+01
   9.4049218e+01  -4.5101172e+00
   9.2757384e+01   3.2312421e+01
   4.6325135e+01   8.0131670e+01
   5.6437932e+01   8.5782780e+01
   3.3897923e+01   6.6301496e+01
   2.4289237e+01   6.9071432e+01
  -9.5791979e+01  -2.3964991e+01
   8.2255314e+01  -2.7904629e+00
   9.2591842e+01  -1.7174704e+01
   3.0081518e+01   9.1727812e+01
  -8.3147012e+00   3.3435906e+01
  -1.6479671e+01   5.0560506e+01
   8.9487041e-01   3.6931065e+01
  -2.6620542e+01   2.7181972e+01
  -3.2607800e+01   9.6308472e+00
  -4.9253048e+01   3.1914161e+01
  -2.8240243e+01   1.8021892e+01
  -4.3085260e+01   2.4929480e+01
