  -2.9404213e+00  -6.2334148e+01
   2.7514382e+01  -4.4645647e+01
   5.2724380e+00  -4.6838825e+01
   2.0733562e+01  -9.5865075e+01
  -6.2936942e+00   6.7961133e+01
   3.4699657e+01  -3.7720119e+01
   3.7971153e+01  -4.8563629e+01
   1.0300514e+01  -8.5529551e+01
   8.8234014e+01  -1.9681726e+01
   4.9839928e+01   7.9193149e+01
   4.7111088e+01   4.9945808e+01
   7.5145653e+00  -7.5946088e+01
   2.3893201e+01   8.3674696e+01
  -3.0368835e+01   5.3095670e+01
   4.4962417e+01  -8.5687283e+01
  -8.3613794e+01   3.6260678e+01
   1.4332690e+01  -2.1219557e+01
  -7.2516606e+01  -7.8903145e+01
  -1.0937714e+01  -7.9428378e+01
   3.4096751e+01  -4.4690252e+00
  -1.5078062e+01   7.2739695e+01
   9.2288778e+01  -1.0540671e+01
   6.7027544e+01  -1.0418005e+01
   3.9552150e+01   4.3398866e+01
   3.8143064e+01  -2.7717663e+01
   3.2091004e+01  -5.8541381e+01
  -5.1807601e+01  -9.2307805e+01
  -5.3709629e+01  -9.7017110e+00
  -9.6286902e+00   9.8808756e+01
   8.8861744e+01   4.0720453e+01
   3.0733836e+01  -6.9377042e+01
  -6.3176890e+01  -8.3609444e+01
   1.4277816e+01  -5.7958383e+01
  -3.4052857e+01  -5.5359807e+01
   4.0202679e+01   1.1146457e+01
  -1.4747772e+01  -9.6733240e+01
   3.6744062e+00   6.7163140e+01
   5.2618551e+01   6.4584091e+01
  -8.8914724e+01  -4.1491814e+01
  -2.9585173e+01   1.9113830e+01
  -2.3247786e+01   2.6849781e+01
   6.9087697e+01  -2.0202779e+01
  -3.5015229e+01   3.6835551e+01
   2.1306319e+01   7.0156475e+01
   9.6636217e+01   2.8465230e+01
  -6.2817450e+01  -6.3645566e+01
  -9.6393838e+01  -4.8129800e+01
   3.5001071e+01  -8.4871416e+01
  -4.1860098e+01  -9.1395571e+01
  -3.1426214e+01  -8.6654368e+01
  -3.3523546e+01  -9.6907075e+01
  -5.3169909e+01  -8.2424612e+01
  -4.5008371e+01   3.9488755e+01
   3.0497065e+00  -3.0667539e+01
  -3.0726925e+00   9.1257670e+01
  -4.3645416e+00  -9.9525819e+01
   1.0768612e+01  -9.6696601e+01
  -8.6328195e+01  -7.4588617e+01
   9.8264035e+01   3.7421125e+01
  -6.5937513e+01  -5.1945912e+01
   9.0982781e+01   1.6060823e+01
  -2.0617448e+01   6.4409563e+01
   4.7267053e+01  -7.4251592e+00
   2.6422596e+01  -1.0920380e+01
   4.5982968e+01   3.5740892e+01
   4.1318031e+01   7.2574929e+01
  -9.7115778e+01  -3.5769689e+01
  -7.6100755e+01  -2.7574481e+01
   5.9160347e+01  -1.9000318e+01
  -4.2932530e+01  -5.9856369e+01
   5.0823783e+00  -4.7320343e+00
  -8.2177613e+01  -6.5491469e+01
  -7.2812210e+01  -6.8977581e+01
  -5.2093901e+01  -6.3736812e+01
   7.7903655e+01   2.0285587e+01
  -7.2043057e+01  -8.8829043e+01
   9.7220645e+01  -1.2815221e+00
   5.0577099e+01   9.6172367e+01
   3.6279587e+01   8.5161575e+01
  -9.5800217e+01  -2.5856602e+01
  -1.3465076e+01   2.8923084e+01
  -2.5016257e+01   3.6692164e+01
  -3.5892197e+01   2.6874079e+01
  -7.8357912e+00  -8.9493985e+01
  -1.0733192e+00  -8.1068914e+01
  -1.7524048e+01  -8.7098407e+01
  -4.1751768e+01   5.5804406e+01
  -3.7937780e+01   4.6560300e+01
   5.4250920e+01   4.2944180e+01
  -7.4659363e+01   3.1808917e+01
  -6.5454889e+01   2.7900231e+01
   2.5732690e+01   5.1612855e+01
   4.6975404e+01  -5.3226423e+01
  -6.1223126e+01  -1.8124948e+01
  -8.5957179e+01  -2.4091776e+01
  -3.0445896e+01   6.6253905e+01
   6.4386106e+01  -7.1354089e-01
   4.2181940e+01  -7.5166725e+01
  -1.4171981e+01  -5.6386752e+01
   2.3317865e+01  -5.3697825e+01
   2.2540657e+01  -6.3655372e+01
   1.6505060e+01   5.5466534e+01
   7.4506097e+01  -2.8607065e+01
   3.1091609e+01   5.0687481e+00
   6.3485669e+00  -6.6027361e+01
   3.0520077e+01  -9.3808538e+01
  -9.0001322e+01   5.9694774e+00
  -4.0061527e+01  -8.1562125e+01
   4.2688897e+01   1.4622387e+00
   5.7102317e+01  -9.2148878e+00
   1.3035000e+01  -3.1131283e+01
  -3.3332526e+00  -5.2294706e+01
  -8.0120787e+01  -3.6730864e+01
  -2.4237343e+01  -7.9699996e+01
   3.8459785e+01   5.5148614e+01
   2.9602953e+01   4.2392169e+01
  -2.4088303e+01  -5.5258117e+01
   2.1180182e+01  -3.6919097e+01
   4.4476100e+01  -3.5691304e+01
   2.8378380e+01  -2.9978864e+01
  -3.9143646e+01  -6.9108069e+01
  -7.2947578e+01  -5.9031800e+01
  -5.6013587e+01  -7.2877229e+01
   3.0625577e+01   6.6519179e+01
  -1.9106761e+01   9.5620313e+01
  -1.8638927e+00   5.8825901e+01
   7.6039765e+00   7.6358706e+01
  -1.1869146e+01   8.6501368e+01
   2.7151406e+01  -7.8690535e+01
  -6.5783327e+00   7.8007964e+01
  -6.1417581e+01  -9.5037160e+01
  -8.1650299e+01  -8.3426709e+01
   1.2548815e+01  -1.1382539e+01
  -9.0648302e+01  -6.0184427e+01
   4.0613223e+00  -2.0705452e+01
   8.2810916e+01   4.8676137e+01
  -5.6376923e+01  -5.4747465e+01
   4.0293055e+01  -1.4589563e+01
   8.2815372e+01   1.1578705e+01
   2.0132750e+00  -9.1069828e+01
   2.0260495e+01  -8.5891897e+01
   8.6495675e+01   2.5592367e+01
   2.1062732e+01  -2.4781140e+00
   9.5816129e+01   8.3288703e+00
  -7.0719548e+01  -9.8704119e+01
   2.9249175e+01   9.2126155e+01
   5.8637945e+01   9.0251714e+01
   4.5466813e+01   8.7960596e+01
   3.2271248e+01   7.6304668e+01
   9.5456858e+01   2.1007256e+01
