  -8.8114892e+01  -5.3109372e+01
   8.2549973e+00  -8.6289327e+01
  -6.8426350e+01  -2.7919257e+01
   9.2176744e+01   3.8349299e+00
  -5.7440864e+01   4.2305710e+01
   6.0400359e+01  -6.4863331e+01
  -9.8078580e+01  -5.3850639e+01
   2.7535302e+01   8.1148623e+01
  -4.9047500e+01   1.9103643e+01
   2.5316337e+01   4.9233503e+01
  -5.0382024e+01   3.6304738e+01
  -4.0058998e+01  -7.2017300e+00
   6.1464237e+01   6.7252752e+01
  -5.8830181e+00  -9.6453555e+01
   6.0012045e+01   3.5024484e+01
   2.5699119e+00   6.1538611e+01
   1.7701800e+01  -3.3452866e+01
  -6.5398064e+01  -1.8405292e+01
   3.1090079e+01  -7.9906193e+00
  -2.5470997e+01  -7.6394787e+01
   8.4087735e+01   7.2110716e+01
   5.4826714e+01   5.6947829e+01
   1.4424503e+01  -6.4516131e+01
   8.0358360e+01   1.0169567e+01
   5.3926818e+01  -9.6528305e+01
   2.9108704e+01   1.9004518e+01
   9.2236472e+00   4.0990264e+01
  -1.0845612e+01   3.8067796e+01
   1.1773532e+01   5.8423273e+01
  -2.6798012e+01   5.5284300e+01
  -8.0993349e+01   3.3733302e+01
  -7.4642768e+01   2.3938989e+01
  -6.6127360e+01   7.9963123e+01
  -3.5908526e+01  -9.9182894e+01
  -9.0009672e+01  -4.7660585e+00
  -9.7032753e+01   2.2088662e+01
  -6.0189895e+01  -7.9185263e+01
  -5.1582302e+01  -8.8988913e+01
   8.2397788e+01   9.9195007e+01
  -2.2249039e+01  -2.2410888e+01
  -5.5546052e+01  -1.6964662e+01
  -2.6694764e+01  -1.7071296e+00
   9.3898398e+01   4.0946567e+01
  -3.4124379e+01  -5.5578023e+01
   3.3260187e+01  -7.9083359e+01
  -2.9426749e+01   1.8151173e+01
   1.5054721e+01   8.4999515e+01
  -2.4890343e+01   4.5647500e+01
  -4.6693893e+01   9.7624629e+00
  -3.2665746e+01   7.1065906e+01
   9.8017051e+01  -6.7785833e+01
   2.6165767e+00  -7.8074227e+01
  -8.5393861e+01   7.9161336e+01
   9.3620983e+01  -3.2214313e+01
   7.7018003e+01  -5.2772115e+01
  -7.8833971e+01  -9.0423622e+01
  -7.6651058e+01  -4.2898250e+01
   3.8986118e+01   2.7727874e+01
  -9.8759020e+00  -8.2407475e+00
   9.2292255e+01   7.7825003e+01
   4.4142678e+00  -1.5214784e+01
   4.6383595e+00  -6.6371357e+01
  -7.7311369e+01  -7.2578221e+01
   2.6354110e+01   6.5876351e-01
   4.7308046e+01   7.7629983e+01
  -9.9668384e+01  -3.1550260e+01
   4.0384728e+00  -9.5331066e+01
   8.5412351e+00   9.3118549e+01
  -3.5022861e+01  -7.8993103e+01
   9.1639556e+01   5.3642686e+01
  -1.6379626e+01  -6.0576856e+01
   4.9508272e+01  -8.7573287e+01
  -3.0089193e+01  -4.6447943e+01
   1.5843387e+01   1.5142144e+01
  -3.2590952e+01  -3.6824894e+01
   8.9898194e+00   7.4431114e+01
   5.3340760e+00   8.3856867e+01
  -9.3819717e+01   4.9126167e+01
  -4.5425756e+00   3.0590717e+01
  -1.4946511e+01   7.3801392e+01
  -2.3010790e+01   3.6001495e+01
  -1.7099016e+01   5.5925312e+01
  -1.4423903e-01   9.7979217e+01
  -6.3561967e+01   7.2892239e+00
  -4.9303516e+00  -3.2468519e+01
  -5.6788766e+01  -1.4851258e-02
   2.6989656e+01  -8.6831791e+01
  -7.3841742e+01  -1.3099550e+01
   3.8690250e+01  -5.1993694e+01
  -5.5636732e+01   9.6653874e+01
  -6.6439958e+01   9.8708268e+01
  -4.0192907e+01   8.6163491e+01
   5.5925816e+01  -4.1013934e+01
  -6.4639955e+01   2.4327030e+01
  -8.0026216e+01  -5.2521469e+00
   3.7365705e+01  -3.3091244e+01
  -8.6610128e+01   6.1730282e+01
   1.7752385e+00  -3.9771964e+01
   1.1541355e+00  -2.4624184e+01
   8.4713968e+01  -3.6756109e+01
  -8.3370458e+01   5.8766919e+00
   8.9672633e+01   3.1883493e+01
  -3.0760095e-01  -6.4497318e+00
  -8.0389707e+01  -6.3079278e+01
   9.9382052e+01   8.7778059e+01
   2.3572811e+01  -1.4503443e+01
   4.1688690e+01  -2.4172101e+01
  -9.6483831e+01  -4.1765828e+01
  -8.2967885e+01  -1.7143685e+01
   3.8421977e+01   1.5565735e+01
   5.3004280e+01   8.5842109e+01
   5.0146056e+01   3.7698042e+01
   8.3199089e+01  -1.1776189e+00
   6.3058429e+01  -3.0904234e+00
   6.5580945e+01   5.8144328e+01
  -1.6349732e+01  -9.9374992e+01
  -1.6405502e+01  -8.0366195e+01
   7.0244893e+01  -6.6340815e+01
  -5.1762412e+01  -5.8914396e+01
  -1.4671885e+01  -3.4085853e+01
  -4.8795137e+01  -2.5526889e+01
   1.0568607e+01   2.3604318e+01
   6.7887458e+01  -2.6249338e+01
  -2.8491173e+01   7.8392336e+00
   4.7912128e+01  -3.5035893e+01
  -7.6215524e+01   4.2579571e+01
  -3.1895915e+01   8.1418324e+01
   5.2057600e+00   3.1876227e+01
  -6.9330870e+01   1.5472448e+01
   6.7276115e+01   5.9756840e+00
   9.8710943e+01  -5.6743688e+01
   1.8724289e+01  -9.3360142e+01
   4.1967629e+01  -6.1404961e+01
  -9.7207920e+01  -7.1386601e+01
  -4.9756258e+01   8.7377802e+01
   4.8088004e+01  -1.4866815e+01
  -8.2966565e+01   8.7753122e+01
  -5.7577399e+01   5.3993837e+01
  -9.4413839e+01   3.1721730e+01
  -5.0978347e+01   6.7627603e+01
  -4.2134021e+01  -8.5926149e+01
   2.8193039e+01  -5.0408068e+01
  -4.0471301e+01   3.7956973e+01
  -5.4621477e+01   2.7002347e+01
   2.0997120e+01  -2.4066193e+01
   1.1498697e+01  -4.1870924e+01
   2.3484705e+01   9.0168491e+01
   8.8711098e+01  -5.6799382e+01
   1.5769786e+01  -5.0899173e+01
   1.7719225e+01  -8.3136734e+01
   6.5074795e+01  -4.5043743e+01
   5.8171042e+01  -5.2246239e+01
  -6.9041498e+01  -4.9280560e+01
   3.8038257e+01  -8.8564138e+01
  -7.1756934e+01  -8.1271986e+01
  -6.1532487e+01  -8.9071342e+01
  -9.2580961e+01  -1.4422169e+01
  -8.2474205e+01  -8.1122472e+01
   7.4858051e+01  -4.3038012e+01
   8.4975372e+01  -4.6746294e+01
  -9.6784475e+01   7.7082073e+01
  -7.8444121e+01   7.1651503e+01
  -6.0893712e+01  -6.4797463e+01
   5.7271543e+01   7.6810327e+01
   2.2294394e+01  -5.8447098e+01
  -8.9354522e+01   1.5669649e+01
  -5.0218170e+01  -7.9072310e+01
  -6.7273140e+01  -3.8109077e+01
   3.6288404e+01   5.6858943e+01
   1.4954384e+01   4.9338387e+01
   1.5694292e+01   6.7116279e+01
   2.4423912e+01   1.0292308e+01
   3.4365235e+01   6.5121571e+00
   2.0477330e+01   2.3949658e+01
  -1.0686743e+00   8.5175072e+00
   7.4231940e+01   7.0438029e+01
   7.7740271e+01   7.9869233e+01
   6.2944391e+01   8.6557412e+01
   9.2063932e+00  -4.1763212e+00
  -5.4373997e+00  -1.7154267e+01
   9.8368629e+01   9.8822108e+01
   5.1516671e+01  -2.5714861e+01
  -1.0615744e+01  -4.3181961e+01
   7.8736302e+00  -3.1971460e+01
   1.1141905e+01  -2.2566343e+01
  -8.7264972e+01  -7.2303628e+01
   9.0509026e+01   6.3577521e+01
  -9.0414971e+01  -6.2828858e+01
   9.8902574e+01   1.7274680e+01
   1.4619849e+01   4.8260334e+00
   7.8180274e+01   5.3018435e+01
   6.2017244e+01   1.4475537e+01
   4.7984085e+01   9.9909236e+01
   2.9848944e+01   7.1641064e+01
   3.3762100e+01   8.8733582e+01
   7.3237912e+01  -2.0498990e+00
   5.6844191e+01   9.5272585e+01
   1.9154041e+01   7.6078421e+01
   5.9893704e+01   4.4999300e+01
  -2.4276650e+01  -6.6531696e+01
  -4.2635631e+01  -7.2593480e+01
   8.9206023e+01   1.4829915e+01
  -2.3083367e+00  -4.8727992e+01
  -3.1754897e+01  -2.5086321e+01
   5.5015853e+01   2.6416856e+01
  -2.1452847e+01  -4.1447218e+01
  -5.8721263e+01  -2.6165813e+01
  -5.1854181e+01  -6.8910016e+01
  -1.8144265e+00   7.7397508e+01
   9.4966702e+01  -4.6645182e+01
   6.0170836e+00   1.5006578e+01
  -8.8746505e+01   3.9951439e+01
  -4.6693873e+00   6.8134447e+01
  -7.0427515e-01   3.9798077e+01
   1.5103501e+01   3.2333232e+01
  -7.1165208e+01   3.3276385e+01
  -1.8193874e+00   2.1104947e+01
  -5.1807860e+00   4.8534063e+01
  -1.4998360e+01   4.6681013e+01
  -1.2392442e+01  -2.4331907e+01
  -2.6693588e+01  -1.1481833e+01
   4.3232773e+01  -7.9813949e+01
   5.2689237e+01  -7.1216772e+01
  -3.4393972e+01   4.8691727e+01
  -3.3216199e+01   2.9120668e+01
   9.8110940e+01  -8.7581502e+01
  -3.5443873e+01  -1.5914545e+01
  -5.8920414e+01   1.6129829e+01
   7.9923339e+01  -9.4999531e+01
  -5.1263807e+01  -8.2764566e+00
   7.0056816e+01  -9.3419077e+01
  -4.1677493e+01   6.7813072e+01
   2.8369940e+01  -9.6718408e+01
  -4.5322626e+01  -1.6218205e+01
  -6.1497273e+01  -8.8799909e+00
  -7.3395279e+01   5.6164178e+00
  -7.0124289e+01  -3.8266220e+00
  -8.4626328e+01   2.4459398e+01
   3.8217981e+01   9.7642523e+01
  -3.5879738e+01   9.4772473e+01
  -2.3511953e+01   6.6490809e+01
  -2.6144112e+01   9.3282959e+01
  -4.1355603e+01   7.6925190e+01
   4.8840575e+01  -4.8993348e+00
  -1.4284399e+01   2.8897752e+01
  -3.6784184e+01   2.1408930e+00
  -6.6603569e+01   4.2516657e+01
  -4.6580242e+01   1.8214000e-01
  -2.6110965e+01  -9.7216808e+01
  -4.5291710e+01   4.5772020e+01
   1.1737815e+01  -7.4115631e+01
  -5.6859067e+01   8.0770286e+01
   3.1210123e+01  -4.0904730e+01
   5.9507328e+01  -3.1685553e+01
  -1.5003201e+01  -7.0469129e+01
  -7.2093420e+00  -7.6788762e+01
  -2.3121236e+01  -8.7695283e+01
  -3.2888855e+01  -8.9659347e+01
  -6.2556486e+01   8.9451673e+01
  -6.1496066e+01   3.3778997e+01
  -4.5671025e+01  -9.7046430e+01
   2.7510515e+01  -3.1609327e+01
  -4.5672276e+01   9.6419956e+01
   2.1715506e+01  -7.3974599e+01
  -3.9038675e+00  -8.6206455e+01
   5.1779026e+01  -5.9890960e+01
   4.1084507e+01  -4.2322116e+01
   3.2182403e+01  -5.9574675e+01
   2.1429115e+01  -4.2690838e+01
   2.6738792e+01   9.9987988e+01
   4.8975063e+01  -4.8400696e+01
  -6.9789657e+01  -9.4650934e+01
  -1.3358155e+01  -8.9846473e+01
   8.5807518e+01  -2.5647331e+01
  -5.7599187e+01  -9.8657473e+01
  -7.8296199e+01   5.7010070e+01
   3.0792232e+01  -2.2038888e+01
  -9.2466770e+01  -8.0824510e+01
   5.1559806e+01   6.8587148e+01
  -9.2976619e+01   8.7300647e+01
  -9.6205602e+01   6.4498191e+01
  -7.6953169e+01  -3.2961614e+01
  -6.0027854e+01  -4.5035163e+01
  -9.9571076e+01   1.2431489e+01
  -2.4252682e+01  -3.1903603e+01
  -7.1354717e+00   1.0517388e+00
  -8.4888926e+01  -2.6942760e+01
   8.1136422e+01   8.9274878e+01
   8.0556842e+01   6.2717622e+01
   9.0588468e+01   9.2539664e+01
   6.7236065e+01   7.7548841e+01
   6.8417479e+01   9.4907383e+01
   7.7801940e+00  -5.6883140e+01
   3.9226234e+01  -2.1988912e+00
   3.8114991e+01  -1.4934756e+01
   9.8543851e+01   2.7268234e+01
   9.9788229e+01   6.7290686e+01
  -7.8137092e+01  -5.3351758e+01
  -8.6609889e+01  -4.3232594e+01
   9.7803253e+01  -2.3131771e+01
   9.1535659e+01  -6.6999597e+00
  -9.9582735e+01  -2.1552954e+01
   7.2828072e+01   1.7589975e+01
   6.4717564e+01   2.4093275e+01
   2.9450407e+01   3.8814078e+01
   7.9440218e+01  -1.0459747e+01
   2.9081763e+01   2.8923221e+01
   4.3663075e+01   8.9250682e+01
   8.5246688e+01   4.5953613e+01
   4.0167887e+01   3.8354989e+01
   3.7353684e+01   7.8509522e+01
   3.5090750e+01   4.6971170e+01
   1.9811310e+01   4.0912737e+01
   4.5535176e+01   6.0617202e+01
   6.9127787e+01   4.8799752e+01
   5.0347480e+01   4.7946443e+01
   4.6813012e+01   2.0831764e+01
  -4.0144924e+01  -3.0375808e+01
  -5.2973054e+00  -6.7072027e+01
  -9.3283566e+01   4.6729694e+00
   8.1942837e+01   2.1703497e+01
   3.8858763e+01  -7.0847122e+01
  -3.4155561e+01  -6.7399697e+01
   8.8053000e+01  -6.7352138e+01
   7.9395192e+01  -6.2442183e+01
   4.1525129e+01  -9.7936529e+01
  -2.4202367e+01  -5.4451363e+01
  -5.6721817e+01  -3.5740595e+01
  -7.0559367e+00  -5.7334884e+01
  -6.7383108e+01  -7.2298221e+01
  -6.0853956e+01  -5.4900322e+01
  -4.2160921e+01  -6.1483196e+01
   5.5066750e+01   2.9204790e+00
   1.8891145e+01  -5.7829450e+00
   7.5317180e+01  -1.9566632e+01
   6.7478828e+01  -1.2060037e+01
   6.7500169e+01  -5.5772480e+01
   7.5400486e+01  -3.3069920e+01
   5.7663857e+01  -1.7847269e+01
  -9.7243408e+01  -8.9599731e+01
   4.8626262e+00   5.1342208e+01
  -8.3894388e+01   4.8719764e+01
  -8.8209402e+01  -9.3882139e+01
  -1.6806656e+01  -9.8041469e-01
  -1.7277418e+01  -1.4200339e+01
  -9.9006580e+01   4.0595501e+01
  -6.6526551e+00   5.8168792e+01
   9.4881387e+01  -7.8117360e+01
  -3.4559938e+01   6.1164781e+01
  -1.3794201e+01   6.4659107e+01
  -3.9217209e+01   2.1226058e+01
  -2.3729181e+01   2.6170178e+01
   5.6510695e+01  -8.0452160e+01
   6.4542634e+01  -7.4521620e+01
   6.5674072e+01  -8.4444609e+01
  -8.8974617e+01   7.0906537e+01
  -3.7177488e+01   1.1938931e+01
   8.9313448e+01  -9.8423954e+01
   1.6960617e+01   9.8256895e+01
  -3.4042564e+00   8.8667273e+01
  -4.4601049e+01   2.8974444e+01
  -7.0663779e+01   5.1212528e+01
  -1.0544782e+01   8.2137344e+01
  -2.4136130e+01   7.6156714e+01
  -2.0497543e+01   8.5173581e+01
  -8.9702530e+01   9.7064901e+01
   2.4777413e+01   6.3204945e+01
  -7.9944207e+01   9.6526593e+01
  -1.5383345e+01   9.3542588e+01
  -5.2340344e+01   4.9529023e+01
  -4.4782940e+01   5.9153287e+01
  -5.0350018e+01   7.5564517e+01
  -9.8836910e+01   9.7530732e+01
