   3.7666064e+01  -3.1806862e+01
   7.0573719e+01  -8.1828471e+00
  -2.0268080e+01  -6.5634710e+01
  -2.6545428e+01   4.8128459e+01
  -6.8632213e+01  -7.2023404e+01
  -4.6530912e+01  -8.0775930e+01
  -4.5058900e+00  -2.3650406e+01
  -8.3071571e+01  -8.8605667e+01
  -5.6272832e+01  -6.4234825e+01
  -7.1522550e-01  -5.8730661e+00
   6.7420731e+01   9.0835712e+00
  -5.5637368e+01   1.2699283e+01
   6.9854517e+01   4.9088841e+01
  -6.0364376e+01   3.5069782e+01
   6.0839749e+01  -5.9066388e+01
  -5.8043804e+01  -2.5153621e+01
   2.5251250e+01   6.0435365e+01
   1.4431416e+01   7.5898374e+01
   8.7025855e+00  -9.2554002e+00
  -5.6165823e+01  -5.4908741e+01
   6.8389490e+01   9.9494985e+01
   3.3552687e+01   7.6934037e+01
  -9.7438473e+01  -4.2510583e+01
   8.9172358e+00   3.2426872e+01
  -4.0567976e+01  -3.2839625e+00
  -5.1930381e+01   2.1926387e+01
  -4.6398839e+01   4.9624466e+01
   4.7238305e+01   3.7180079e+01
  -5.0843818e+01   3.2041982e+01
  -8.0788057e+01   1.5079873e+01
   5.7543011e+01  -4.9911348e+01
  -4.3415706e+01  -1.2876648e+01
  -8.5643095e+01  -1.9623826e+01
  -1.8492926e+01   6.6946128e+01
   7.2587718e+01  -4.1272998e+01
   9.8067535e-01  -5.4774224e+01
  -8.5730055e+01  -3.5283954e+01
   3.4416798e+01   6.4380970e+01
  -3.1613671e+01  -2.8787676e+01
  -3.0526856e+01  -6.8727586e+01
   5.3636404e+01  -3.8427887e+01
  -2.4513047e+01   9.6693260e+01
  -8.5586771e+00   7.1374163e+01
   1.0303089e+01   8.2479969e+00
   2.8546018e+01  -7.9903159e+00
  -8.7644427e+01  -5.8857926e+01
   7.1326444e+01   7.3700221e+01
  -6.9891873e+01  -5.4817752e+01
   9.8598089e+01   1.6082462e+01
   5.2243720e+01   9.8599673e+01
   1.5982378e+01   6.4130042e+01
   8.8638188e+01  -5.2611431e+00
  -1.2608343e+01   5.8874832e+01
   1.5730794e+01   4.1680772e+01
  -3.1384816e+01   3.9754360e+01
  -2.8381319e+01   7.3719648e+00
  -3.8216988e+01   6.3840394e+00
  -7.9788199e+01   4.6802497e+01
   2.1365658e+01   3.3435015e+01
  -7.9172161e+01   5.6728700e+01
   9.8081856e+00  -5.9239943e+01
  -6.0193958e+01  -5.3755999e+00
  -3.0611974e+01   8.6951721e+01
   3.4538081e+01  -4.9479272e+01
   7.9305502e+01  -3.3978052e+01
   4.7723011e+01   8.3632058e+00
   5.0702099e+00  -2.6853896e+01
  -1.2634915e+00  -6.4242582e+01
  -2.8689565e+01  -8.7555446e+01
   4.4345860e+01   6.3406747e+01
  -9.4510588e+01  -5.1834552e+01
  -2.2769784e+01  -3.2861534e+01
   3.0727015e+01  -3.8882775e+01
   3.8080349e+01   4.4277912e+01
  -7.9317510e+00   8.5299943e+01
  -6.3101032e+01  -9.9869347e+01
   9.8501764e+01   4.0921373e+01
   8.4791646e+01   7.1429718e+01
   1.3627453e+01  -9.6452810e-01
   7.7733307e+01   5.5236007e+01
   1.9815845e+01  -1.2760855e+01
  -6.6076553e+01  -6.3552929e+01
  -5.8569587e+01  -3.8607788e+01
   7.3986235e+00  -4.7342309e+01
   7.7201177e+01   1.0559465e+01
   6.3372452e+01   6.7671608e+01
   4.3954328e+01   8.3338773e+01
   7.6259955e+01   8.2382249e+01
   9.5561348e+01  -2.9114700e+01
   3.7093966e+01   9.7383837e+01
   1.6362722e+01   8.7634591e+01
   9.0315598e+00   1.7938475e+01
  -7.8238571e+00   2.7153884e+01
   1.1786975e+00   5.1641609e+01
  -8.6037189e-01   3.4276208e+01
  -2.1667903e+01  -1.0850369e+01
  -4.7901089e+01   4.3278899e+00
  -4.4755076e+01   7.5095918e+01
  -3.6622276e+01   4.8084596e+01
   3.2794527e+01   2.5162678e+01
  -5.7521261e+01   5.2032569e+01
  -7.0117476e+01   8.7310894e+01
  -7.0259258e+01   3.7648027e+01
   5.7636556e+01   7.3295483e+00
   2.7634957e+01  -5.6695288e+01
  -7.2471511e+01   1.8877206e+01
  -7.6621333e+01  -1.5871889e+01
   6.8729297e+01  -7.0274822e+01
   7.0864326e+00   5.9658934e+01
   3.9909157e+01  -8.4629864e+01
  -5.1166136e+01  -3.1647492e+01
  -6.6556466e+01   2.7593949e+00
  -9.0741427e+01  -1.1056222e+01
  -9.9307023e+01  -5.9460903e+00
  -3.5231289e+01   7.2837255e+01
   5.6306101e+01  -5.4463218e+00
  -1.0988136e+01  -6.1956591e+01
  -1.1853894e+01  -1.7490396e+01
  -8.8370103e+01   3.1310188e+01
  -1.9016806e+01  -8.4911841e+01
   6.5139393e+01  -1.6153703e+01
   4.4018866e+01  -2.0523958e+01
   5.8917949e+01  -2.4649335e+01
  -2.0189747e+01  -5.2442936e+01
  -3.7475472e+01  -5.7919162e+01
  -7.8177048e+01  -4.9630459e+01
  -5.7135163e+01  -9.1937382e+01
   4.8190130e+01  -4.6602772e+01
  -9.4054528e+01  -8.2139365e+01
  -2.2102857e+01  -4.2699604e+01
  -3.8500071e+01  -8.6636955e+01
  -3.0716148e+01  -4.9551869e+01
   5.0309683e+01  -7.3059869e+01
   4.4832042e+01   1.9222964e+01
   3.0905451e+01   5.1975285e+01
   2.5134528e+01  -4.7018268e+01
  -7.7934439e+01  -6.0607875e+01
  -2.0889502e+01   8.6678202e+01
  -1.4778332e+01   9.4459877e+01
   2.0980197e+01   5.1401474e+01
   4.0602596e+01   5.4181754e+01
   2.4128469e+01   8.0490557e+01
  -1.0912976e+00   7.8013211e+01
  -6.4658482e+01  -8.6634802e+01
   5.8298760e+00   7.0798864e+01
  -4.4890245e+00   9.4681583e+01
   7.6486837e+01   6.5150564e+01
  -1.0641442e+01  -7.9920348e+00
  -7.0409674e-01  -9.2451622e+01
   1.8815139e+00   3.5452242e+00
   6.8522744e+01   5.9107093e+01
  -6.8776179e+01  -3.9981593e+01
   2.3119505e+01  -3.3314279e-02
  -6.4454685e+01  -4.6956122e+01
  -4.7310851e+01  -9.0473726e+01
   2.1462143e+01  -3.6430066e+01
   8.0113218e+01  -9.9580441e+00
   8.6936895e+01   5.1359483e+01
   8.4388378e+01   3.6976733e+00
   7.0294671e+01   1.8557369e+01
   8.6729524e+01   1.3425129e+01
   5.7109933e+01   3.5757786e+01
  -4.9373810e+01  -7.1211411e+01
   8.5700566e+01   6.1279966e+01
   5.4152056e+01   7.3516610e+01
   3.4952738e+01   8.7617735e+01
   6.2692323e+01   7.8725351e+01
   2.5825094e+01   7.0587046e+01
   9.0076041e+01  -1.7377682e+01
   9.9852487e+01  -1.5277954e+01
   5.9540053e+01   9.1767483e+01
   2.5664074e+01   9.1253132e+01
   1.5740407e+01   2.5227639e+01
   1.7863297e+00   2.4659695e+01
  -1.1687547e+01   3.6662021e+01
   1.1075041e+01   5.0511589e+01
   5.7095941e+00   4.1868320e+01
  -1.7404459e+01  -7.6534088e-01
  -4.2350676e+01   2.3888664e+01
  -2.8019103e+01   2.1224027e+01
  -2.8077456e+01  -1.8591998e+01
  -6.1180628e+01   2.5135445e+01
  -4.1483052e+01   6.4634870e+01
   3.3819016e+01   3.5231308e+01
   3.3019728e+01   1.5590322e+01
  -2.8407744e+01   6.5798894e+01
  -5.6170975e+01   7.6992886e+01
  -3.7905408e+01   3.2538204e+01
  -5.3877418e+01   4.2706953e+01
  -7.0872856e+01   5.1231371e+01
  -5.3149704e+01   9.3157288e+01
  -3.7695408e+01  -2.1016777e+01
  -7.0585174e+01   2.8092730e+01
   5.4302385e+01   6.3527690e+01
  -7.9749700e+01   3.6903863e+01
  -9.3292105e+01   5.1713756e+01
   1.8088718e+01  -5.3949140e+01
   2.0162533e+01  -6.3660613e+01
   7.1267662e+01  -6.0698230e+01
  -9.8046395e+01   1.1161183e+01
  -4.7441432e+01  -2.2535865e+01
  -2.4652981e+01   7.5039916e+01
  -2.3378588e+01   5.7375518e+01
  -6.2875485e+01  -1.6961291e+01
  -7.5407676e+01  -2.4498767e+00
   3.3255009e+01  -6.7922494e+01
  -4.3295112e+01   9.1793908e+01
  -1.3757661e+01  -7.3116098e+01
   7.8699489e+01  -1.9733546e+01
  -1.9508478e+00  -3.2821642e+01
  -3.8526211e+00  -7.3717570e+01
   5.3403186e-01  -1.5437794e+01
   1.3709370e+01  -3.0878686e+01
  -5.0303543e+01  -5.2095918e+00
  -8.4140026e+01   2.2489860e+00
  -1.9504272e+01  -2.3512549e+01
  -1.4445780e+00  -4.5343323e+01
  -9.4614806e+01  -2.3522962e+01
  -2.6782806e+01  -7.7890845e+01
  -2.5240203e+01  -9.6797964e+01
  -9.4002442e+01  -7.0766414e+01
  -7.5013897e+01  -8.0612367e+01
  -3.3459331e+01  -1.0241959e+01
  -8.4767530e+01  -7.8474644e+01
  -8.4263612e+01  -6.8494061e+01
  -1.3140646e+01  -3.1339692e+01
  -3.7738851e+01  -9.6404829e+01
  -4.7257823e+01  -5.9859080e+01
  -4.0358932e+01  -6.7411818e+01
  -4.1342721e+01  -3.0457528e+01
  -3.6915774e+01  -7.6784340e+01
  -3.1335103e+01  -3.8814817e+01
  -7.0834142e+01  -9.3525348e+01
  -8.6972020e+01  -9.7813625e+01
  -9.8179157e+01  -9.1239393e+01
  -2.7646778e+01  -5.9043595e+01
  -1.0567820e+01  -9.0261106e+01
   9.6929256e+01   5.1523533e+01
   7.6713036e+00   9.3356691e+01
  -6.5580457e+01  -3.1170113e+01
   9.2684638e+01   7.7569805e+01
  -7.6000160e+00   1.1820734e+00
   1.9972660e+01   9.3997863e+00
   9.8475718e+01  -5.3886523e+00
  -1.7678696e-02   1.3322007e+01
  -5.3269766e+01  -1.4589695e+01
  -7.3392420e+01  -2.5221090e+01
   9.9374190e+00  -1.8785126e+01
   2.9710643e+01  -1.7673057e+01
   8.8520026e+01   4.1492988e+01
   7.4845582e+01   7.6600834e-01
   9.0913462e+01   3.1786989e+01
  -5.6137052e+01  -7.7974238e+01
   6.2559966e+01   2.6678516e+01
   8.0001689e+01   2.0854509e+01
   5.9428239e+01   5.4971034e+01
   9.4699376e+01   6.5635025e+01
   9.9920652e+01   2.5994618e+01
   9.4275086e+01   6.8867295e+00
  -9.4894966e+01  -3.3172996e+01
   4.4152848e+01   7.3368556e+01
   6.9280905e+01   8.9536085e+01
   7.3416585e+00   8.3361317e+01
   3.7371709e+01  -5.8877827e+01
   4.5523384e+01  -6.4454875e+01
   6.5695937e+01  -3.3392401e+01
   5.3926396e+01   8.3506815e+01
  -2.1337843e+01   3.9265155e+01
  -4.5315588e+00   4.3533255e+01
  -1.7843700e+00   6.4143760e+01
  -1.7623815e+01   2.8720949e+01
  -4.5899683e+01   1.4024985e+01
  -2.7187254e+01  -2.5135030e+00
  -3.6301602e+01   1.6085644e+01
  -2.7222932e+01   3.0960520e+01
  -7.5436929e+01   7.1985470e+00
  -6.5358593e+01   1.2542336e+01
   2.6448440e+01   4.2023214e+01
   2.3242787e+01   1.8732619e+01
  -5.0245398e+01   5.8545801e+01
  -4.4317830e+01   4.0021439e+01
   4.1929916e+01   2.8817856e+01
   6.0330521e+01   1.6955498e+01
   5.2686260e+01   2.5378774e+01
   6.0703046e+01   4.5073332e+01
  -3.4370766e+01   5.7739708e+01
  -6.0206445e+01   8.6107668e+01
  -6.3607591e+01   4.4496043e+01
  -5.0707014e+01   6.8107021e+01
  -4.9214511e+01   8.3924211e+01
  -8.8478798e+01   6.0303882e+01
   4.8695289e+01   4.8351359e+01
   2.2901204e+01  -7.3219212e+01
  -8.0020501e+01   6.6658828e+01
  -9.2555232e+01   4.2588798e+01
   5.9058937e+01  -6.8700753e+01
  -9.8884644e+01   2.9174063e+01
   6.9814287e+01  -5.0860459e+01
  -9.0635075e+01   2.3740342e+01
  -3.9263292e+01   8.2765690e+01
  -1.5318138e+01   7.8566984e+01
   4.7184659e+01  -1.4287242e+00
   4.6736923e+01  -1.1115583e+01
   5.4955135e-01  -8.2577496e+01
  -1.6748762e+01   4.9796994e+01
   7.5800682e+00  -6.8896652e+01
   4.0578984e+01  -7.4667816e+01
   3.1387726e+01  -7.8427756e+01
   4.7423758e+01  -2.9819246e+01
   8.5936523e+01  -2.6545173e+01
   1.5960255e+01  -4.4256913e+01
   5.0218856e+01  -5.6077582e+01
  -6.9055273e+01  -9.6647967e+00
  -3.4432280e+01   9.6134599e+01
   4.0108918e+01  -4.1363123e+01
   6.4757544e+01  -3.4942792e-01
   5.5501851e+01  -1.5349991e+01
   6.9490660e+01  -2.4717900e+01
  -9.3967148e+01   2.2698301e+00
   1.9082545e+01  -2.2616539e+01
  -9.7400031e+01  -6.1371237e+01
  -8.8631510e+00  -5.1706272e+01
   3.5422010e+01  -8.9048100e-01
   2.9532593e+01   6.9134378e+00
  -7.7898600e+01  -3.9947916e+01
  -8.4241403e+00  -3.9560297e+01
   6.2817053e+01  -4.2280980e+01
  -8.9635473e+01   1.4773323e+01
  -6.5196044e+01  -7.8749085e+01
  -8.8870218e+01   3.6608027e+01
  -6.0144427e+01  -4.9056988e+01
  -4.8167833e+01  -9.3599618e+01
  -4.0052881e+01  -9.8683338e+01
