   3.1581165e+01   6.2782592e+01
   6.2014449e+01  -4.2539030e+01
  -1.1059911e+01  -4.4382844e+01
   1.0810717e+00  -6.0403135e+01
  -3.7939864e+01   1.4693222e+01
   1.9946741e+01   4.6262753e+01
  -7.8357041e+01  -5.4667958e+01
   9.9255087e+01   1.9817391e+01
   4.1836008e+01   2.4848062e+01
   3.8411051e+00   8.6320995e+01
  -3.7435326e+01  -7.7622125e+01
   2.4955940e+01  -4.3622480e+01
  -5.8370159e+01   3.0915521e+01
  -7.1743781e+01  -1.9936640e+00
   5.6976050e+00  -4.8527997e+01
   1.7671760e+01  -8.9292735e+01
  -2.0382734e+01  -4.7703559e+01
   3.2374924e+01  -1.2344711e+01
  -5.6079571e+00   6.2982150e+01
   1.3700210e+01  -4.6380864e+00
   3.4173907e+01  -3.9970038e+01
   4.2945054e+01  -4.9080350e+01
   2.8790783e+01  -6.1003664e+01
  -5.2270026e+01  -4.5579926e+00
   8.1136939e+00  -8.4573499e+01
   7.2335398e+01   1.2233298e+01
  -5.2413511e+01  -2.1640593e+01
   8.7181226e-02   4.0825725e+01
  -2.1834212e+01   7.4245305e+01
   9.5777263e+00   1.0014312e+01
   8.4900105e+01  -1.9617949e+01
   4.5942388e+01   8.2098586e+01
  -2.3093169e+01   2.7054418e+01
   4.1546231e+01   4.9387242e+01
   5.0782500e+01   6.2196783e+01
   5.2561807e+01  -4.6401261e+01
   3.6470930e+01  -8.7983179e+01
  -8.8186483e+01   2.3183803e+01
  -7.0094845e+01   3.8459905e+01
  -6.6722465e+01  -2.0612230e+01
  -1.5546659e+01  -9.7567767e+01
   3.7706445e+00  -7.2096088e+01
  -4.8027118e+01   1.4036959e+01
  -2.8346716e+01  -5.5680619e+01
   1.5364868e+01  -4.6249197e+01
   3.3253637e+01   1.1158067e+01
   4.2257118e+01   1.5032087e+01
   5.3322876e+01   3.6024934e+01
  -5.9446675e+01  -5.2894449e+01
   2.3055943e+01   8.2016058e+01
  -2.3148976e+01   5.5299563e+01
   7.0165668e+01  -3.1941327e+01
  -3.2138185e+01   5.0607621e+01
  -4.2353719e+01  -2.0773715e+01
   1.3771502e+01   5.4046958e+01
  -2.0105512e+01  -9.6971781e+00
   6.2302599e+00   3.2845593e+01
  -1.1211721e+01  -4.1560165e+00
   3.9629404e+01  -1.9601457e+01
   5.4008073e+01  -3.6658450e+01
   3.8568144e+01  -7.8210250e+01
  -4.7668473e+01  -9.4198639e+01
  -2.4409570e+01  -7.4714839e+01
  -2.5584922e+01   4.4059727e+01
  -5.8184697e+01   1.3348223e+01
  -6.0349517e+01   4.0597615e+01
  -7.0388793e+01   1.5540250e+01
  -7.9042476e+01   3.2882230e+01
  -2.0506916e+01   1.5212577e-01
  -6.6518255e+01   6.4359435e+00
  -7.9473050e+01  -1.0134432e+01
  -4.3234100e+01   2.3088153e+01
   4.7051626e+01  -6.4702980e+01
   6.1939031e+00  -1.7233538e+01
   7.5841871e+01   3.5803844e+00
   1.3687671e+01  -7.1077748e+01
  -1.8464223e+01  -5.7407778e+01
  -1.3510787e+01  -1.7137300e+01
  -6.9622979e+01  -6.9614072e+01
  -8.7847032e+00  -7.8749720e+01
  -1.4227062e+01   8.0518797e+01
   3.1462534e+01  -2.4483448e+00
  -3.6478184e+01   7.3248830e+01
  -1.1501745e+01   7.0942003e+01
   7.6791652e+01   4.9890294e+01
   6.1137181e+01   1.9826596e+01
  -1.9664182e+01   3.6324494e+01
   2.3204150e+01   5.6628685e+01
   1.3177044e+01   6.3671534e+01
   4.7357708e+01  -1.9793716e+00
  -7.7927375e+00   4.8427002e+01
   8.7095508e+01  -1.0349365e+01
   8.7174078e+01  -2.9184355e+01
  -5.1286354e+01   4.4770612e+01
   6.0395956e+01  -7.1131305e+00
  -5.0542286e+01   6.6862322e+01
  -4.8349449e+01  -3.0493578e+01
  -2.6506751e+01  -2.8682694e+01
   1.9221840e+01   2.7003345e+01
   6.0558073e+01   6.0722002e+01
   3.3772376e+01   4.2949282e+01
  -8.9520028e-02   1.2389723e+01
   5.6390700e+01   1.6566938e+00
  -2.4306398e+00   2.2022089e+01
   3.7749017e+01  -2.9349554e+01
   3.2603911e+01  -5.0041418e+01
   2.2471676e+01  -5.3273006e+01
   7.1955568e+01  -4.1618232e+01
   3.4836419e+01  -6.8947594e+01
   4.7650434e+01  -2.9197713e+01
   6.0700811e+01  -2.9365663e+01
   4.6053801e+01  -8.4830086e+01
   5.2395165e+01  -5.6299470e+01
  -5.4546913e+01  -8.6942990e+01
  -2.2375813e+01  -9.0324688e+01
   1.8125682e+01  -3.6395111e+01
  -7.3188959e+01   4.7869076e+01
  -3.0100451e+01  -4.6125814e+01
  -7.0065465e+01   2.8593103e+01
  -8.9205646e+01   3.3130988e+01
  -5.2996081e+01   2.2618002e+01
  -8.2752357e+01   1.4173454e+01
  -8.3751155e+01   4.1665001e+01
  -2.3392817e+01  -1.9075002e+01
  -9.0234407e+01  -8.6480268e+00
  -3.7897545e+01   4.7653482e+00
  -3.8592615e+00  -5.1231584e+01
  -6.2210641e+01  -4.9492669e+00
  -4.2218870e+01  -4.3024974e+00
  -5.8998730e+01  -1.4311092e+01
  -2.9107022e+01   9.1373545e+00
  -1.4073730e+00  -6.0434947e+00
  -7.6302514e+01   6.7592601e+00
   5.2013858e+01   1.6635771e+01
  -2.7526764e+00  -8.6716485e+01
   8.2090382e+00  -3.7260138e+01
   1.0540264e+01  -5.7247253e+01
  -3.6671588e+00   3.1731090e+01
  -3.0023250e+01  -1.1389279e+01
  -8.2519887e+01  -9.1314266e-01
  -1.2410373e+00  -4.1368762e+01
  -8.8627683e+00  -5.9819490e+01
   8.4371807e+01   8.6838794e+00
  -1.1914646e+01   9.4234258e+01
   9.1927613e+01   3.6526524e+01
   2.4667774e+01  -7.0791990e+01
  -5.7807574e+00  -6.9259246e+01
  -6.3921422e+01  -8.3473877e+01
  -2.4933782e+01  -6.4883689e+01
  -7.1610661e+00  -2.4837882e+01
   2.5012383e+01  -1.8822153e+01
   1.8943460e+01  -6.2605826e+01
  -6.2827151e+01   2.1998098e+01
  -3.4430895e+01  -6.7703171e+01
  -4.1902166e+01  -6.0484879e+01
   2.2556137e+01   2.0191555e+00
   3.9377229e+01   3.5269633e+00
  -3.6875487e+01   8.2911546e+01
  -1.2692470e+01  -8.7923653e+01
  -2.6902160e+01   8.2805479e+01
   6.0258879e+01  -6.2428497e+01
  -7.5452318e+01  -4.2944885e+01
   6.0952255e+01   5.0945706e+01
  -5.6621941e+01  -3.5991169e+01
   5.1637488e+01   2.6399572e+01
   3.9887415e+00   6.1003216e+01
  -1.5769242e+01  -6.9690948e+01
   4.6279135e+01   7.0937573e+01
   1.3170778e+01   8.2978306e+01
  -7.3032040e+01  -2.8313191e+01
  -8.3771228e+01  -3.6984425e+01
  -1.0228046e+01   3.9034719e+01
  -3.4448095e+01   2.7246287e+01
  -1.6982928e+01   4.7509054e+01
  -1.3186872e+01   2.8844833e+01
  -1.3266908e+01   5.6710142e+01
  -3.4234980e+01   5.9469509e+01
   9.7134938e+01  -2.9011264e+01
   7.5700456e+01  -1.5937017e+01
   6.7839758e+01  -2.2108298e+01
   6.9603983e+01  -8.3707316e+00
   5.4952773e-01   5.2180125e+01
   1.1721671e+01   7.3263238e+01
   6.4472696e+01   6.9785174e+01
  -2.9623824e+01   3.5516067e+01
   2.2367222e+01   6.6477933e+01
   2.5204670e+01   3.7794811e+01
   4.1259393e+01   5.9290979e+01
  -4.3977939e+00   3.4222624e+00
   5.4907362e+00   1.0245674e+00
   7.3866312e+00   2.2962920e+01
  -4.1998922e+01   3.3785761e+01
   7.0634930e+01   2.1185320e+01
  -3.6481653e+00  -1.5624432e+01
   8.0811115e+01   2.1195403e+01
  -4.3976116e+01  -7.0254296e+01
  -6.4267679e+01  -6.1351273e+01
  -9.3549780e+01  -4.2435550e+01
   8.1080346e+01  -3.7029199e+01
   6.3431391e+01  -5.2416242e+01
   2.9015436e+01  -8.1154474e+01
   2.8155995e+01  -3.1944752e+01
   4.3947271e+01  -3.8304704e+01
   5.5599025e+01  -8.1858958e+01
   3.5346789e+01  -9.7917334e+01
  -4.0700045e+01  -8.7045219e+01
  -5.0627501e+01  -7.7743752e+01
  -2.9355128e+01  -8.3300058e+01
  -3.2489888e+01  -9.2754421e+01
  -5.3442779e+01  -6.7824692e+01
  -6.3631730e+01   4.9947748e+01
   1.8811083e+01  -2.6490580e+01
  -3.7066207e+01   4.2285875e+01
  -9.9034579e+01   3.4972180e+01
  -8.6074103e+01  -1.7657218e+01
  -2.1328491e+01  -3.7770454e+01
  -9.5585683e+01  -2.0475723e+01
  -8.2339434e+01   5.1569064e+01
   8.8841330e+00  -2.6844408e+01
  -5.7302597e+01   3.6327636e+00
  -6.0345463e+01  -2.7464107e+01
   3.8633005e+01  -5.9316271e+01
  -6.0770218e+00   8.6144262e+01
  -3.0271744e+01  -1.4541617e+00
  -3.3069158e+00  -9.6698296e+01
  -8.9056187e+01   6.4803835e+00
   6.4571428e+00  -9.4435336e+01
  -9.5455134e+00  -3.4543167e+01
   1.5722997e+01   1.7745963e+01
  -2.9029271e+01   1.9071252e+01
   9.5665731e+01   8.6476825e+00
  -6.9639113e+01  -1.1494994e+01
  -7.9526720e+01  -6.9926149e+01
   8.9311909e+01   2.6875462e+01
  -7.8201115e+01   2.2947521e+01
  -5.1520408e+01  -5.8364721e+01
   8.9787992e+01   1.6899505e+01
   8.7352181e+01  -6.2643295e-01
  -1.9190088e+01   6.4616519e+01
   1.9176538e+01  -7.9413786e+01
   4.1836912e+01  -9.9813292e+00
   4.9619006e+01  -1.9826802e+01
   5.1629156e+01  -1.0571512e+01
   1.5879742e+01  -1.4797492e+01
   5.7697121e+01  -7.2086376e+01
  -1.6852803e+01  -2.6607050e+01
  -3.2175377e+01  -3.6752209e+01
   1.0251028e-01  -3.1510790e+01
  -2.8674891e+01   6.7278415e+01
  -2.1390030e+01   9.1106078e+01
  -4.6966720e+01   7.6071006e+01
   2.8594589e+01   7.3865647e+01
   2.3130000e+01  -7.9350944e+00
  -6.0815567e+01  -7.4122816e+01
  -8.4622496e+01  -4.6913311e+01
   2.3541062e+01   1.1887481e+01
   4.4472536e+01   4.0055621e+01
   5.1071359e+01   5.2270911e+01
   6.1517270e+01   4.1229106e+01
   3.7140771e+01   3.3550286e+01
   6.9862202e+01   5.7090738e+01
   2.9088853e+01   2.7869704e+01
  -6.7968572e+01  -3.6359159e+01
   3.8020176e+01   7.6151661e+01
   6.1009645e+01   2.9756196e+01
   3.2286353e+01   5.2823690e+01
   1.8935240e+01   9.1079100e+01
   2.1253136e+00   7.5880921e+01
  -5.4835972e+01   5.4067711e+01
  -9.2997017e+01  -3.2453863e+01
  -6.9218361e+01  -5.0775033e+01
  -7.6395189e+01  -1.9295781e+01
   4.8607810e+01   7.5922161e+00
  -6.2139809e+01  -4.3871970e+01
  -8.2853044e+01  -2.7072687e+01
  -4.7844887e+01  -1.2943325e+01
  -3.8518164e+01  -2.9562978e+01
  -4.7570343e+01   4.1387565e+00
   9.4742006e+01  -1.9318367e+01
   6.3679903e+01   7.9146961e+00
  -4.5414503e+01   5.6303643e+01
   7.7469522e+01  -2.5677070e+01
   5.9244929e+01  -1.7032936e+01
   9.6749320e+01  -8.5319261e+00
   7.8720660e+01  -5.5284769e+00
  -4.1498813e+01   6.5228144e+01
   5.5593556e+01   7.4221632e+01
   8.2052634e+00   4.6238075e+01
