   2.8181490e+01  -8.6992072e+00
  -2.0138565e+01  -2.4876582e+01
   2.9597709e+00  -2.2560250e+01
   3.4933932e+01   5.3579349e+01
   6.3492202e+01  -3.7498850e+01
  -6.1104726e+00  -3.8913565e+01
  -4.2146607e+00  -5.8368616e+01
  -2.7592369e+01   5.8412469e+00
  -1.2074863e+01  -7.8266625e+00
   1.2334932e+01   4.0225062e+01
   3.8537664e+01   7.3701686e+00
   9.6917858e+00  -4.2170432e+01
  -3.5277267e+01  -1.1576169e+01
  -6.7788504e+01  -3.2016466e+01
   5.1256462e+01   4.3244276e+01
   5.8241734e+01  -1.1839554e+01
   2.5175787e+01   5.1387524e+01
   3.6808473e+01   3.5314764e+01
   2.4297048e+01  -4.2410093e+01
  -1.4000719e+01  -3.2769526e+01
  -5.1840769e+01  -5.3104822e+00
  -3.3385053e+01   1.3992595e+01
   1.7477709e+01  -4.9118556e+01
   7.6258687e+01   1.2872406e+01
   3.3116591e+01   2.6067065e+01
   3.7029752e+01   1.7008743e+01
   2.4082366e+01   2.1802674e+01
   3.8939003e+01  -2.3234565e+00
  -2.3871777e+01   5.2101099e+01
   9.0449736e+00  -9.4856193e+00
   6.6408514e+01  -1.2921037e+00
   1.4225937e+01   6.8928856e+01
  -4.5920183e+01   3.9035074e+01
   9.7288793e+00   1.0687630e+01
   2.5826236e+01  -6.3609150e+01
   2.2090684e+01  -1.6539056e+01
  -3.4733309e+01  -7.2062201e+01
   2.0834049e+01  -2.6423344e+01
  -5.2266132e+01   3.1306641e+01
  -5.9580679e+01   2.4375164e+01
  -6.4389020e+01  -4.2549065e+00
   2.9715439e+00  -3.4788399e+01
  -2.8243130e+01  -1.9028228e+01
   1.8408828e+01  -6.9866389e+01
   5.3038215e+01   2.3538986e+01
  -3.2700072e+01  -3.4112848e+01
  -3.0036324e+01  -4.4053780e+01
  -6.0302656e+00   3.6831870e+01
   1.8522608e+01  -6.6557237e+00
  -1.3574564e+01   6.4957030e+01
   5.4476073e+00   5.1600449e+01
   1.1012045e+01   2.9746125e-01
  -3.0594573e+01   3.3646521e+01
   4.1710992e+01   4.6224884e+01
  -1.4296085e+01   5.4983106e+01
   3.7070735e+01  -2.9731494e+01
   3.7422624e+01  -4.7689748e+01
   2.7462056e+01  -5.1719315e+01
   1.5566172e+01  -6.0130764e+01
   1.7305326e+01  -3.5745514e+01
   1.0748187e+01  -2.8564471e+01
  -1.3874409e+01  -5.5791199e+01
  -4.0139794e+01   2.3340565e+01
  -6.3466700e+01   1.1468489e+01
  -6.9495636e+01  -1.2852717e+01
  -5.7560933e+01   3.0510515e+00
  -4.3376637e+01   1.3323900e+01
  -4.1914739e+01  -4.0970203e+00
  -4.9178819e+00  -2.8661211e+01
  -1.0418551e-01  -7.8023023e+01
  -2.2193849e+01  -5.0248022e+01
  -3.1103605e+00  -1.4746242e+01
  -1.1044912e+01  -2.0764117e+01
   5.2864913e+00  -6.1482633e+01
   5.6895732e+01   1.4319683e+01
   2.5358684e+01   3.2293477e+01
   4.3144102e+01   2.4790819e+01
   1.2653234e+01   2.0257598e+01
  -3.7571919e+01  -6.2473553e+01
   3.7445117e+01  -1.2010321e+01
   2.9992547e+01   1.0605716e+00
   5.6684454e+01   3.4838822e+01
   4.7475946e+01  -6.3019398e+00
  -4.9672476e+01  -2.3582990e+01
   4.6992902e+01   1.2957327e+01
  -1.1782520e+01   2.8652419e+01
  -5.2876194e+00   7.3248403e+01
  -2.1983017e+01   7.0369779e+01
   1.4023494e-01   1.4231333e+01
   8.0138536e+01  -1.5758060e+01
   1.9492203e+00   4.4282071e+00
   3.3453208e+01   6.3468169e+01
   5.1589099e+01  -2.3340906e+01
  -2.1776540e+01   2.8931506e+01
  -3.8001713e+01  -2.1197667e+01
  -2.9005345e+01   4.3519368e+01
   2.2213428e+01   4.1766344e+01
   1.5309374e+01   4.9768351e+01
   2.0477968e+01   3.1143251e+00
   3.1950550e+01   4.4038481e+01
   5.0347671e+01   5.3202887e+01
   6.5305914e-02  -5.3460742e+00
   4.6855570e+01  -3.1340092e+01
   4.8994203e+01  -4.4725694e+01
   3.6071633e+01  -7.6121830e+01
  -2.4940621e+01  -7.0037469e+01
   3.0533471e+01  -2.1883992e+01
   1.2405925e+01  -1.8810293e+01
  -4.9981906e+01   2.1571048e+01
  -2.3953190e+01  -6.0087968e+01
  -6.8597763e+01   2.0051728e+01
  -1.9138399e+01  -1.4898398e+01
  -2.6064825e+01  -7.6883446e+00
  -6.7364660e+01   3.0652862e+01
  -7.1362426e+01  -2.2676923e+01
  -3.7620382e+01   4.9338794e+00
  -5.3494142e+01   1.2208203e+01
  -4.5444539e+01  -1.4520397e+01
  -1.5145314e+01  -4.3165228e+01
  -5.8293403e+01  -1.2950051e+01
  -1.3384644e+01  -6.5778672e+01
  -9.7413042e+00  -7.5091168e+01
  -8.8239437e-01  -4.7443714e+01
  -3.0140584e+01   2.3451457e+01
   3.5166409e+01  -5.7780070e+01
   6.5109899e+01   8.6222146e+00
   8.5800049e+00  -7.0874436e+01
  -2.0336494e+00  -6.8225298e+01
  -4.7617926e+01   4.1169883e+00
  -3.2125501e+01  -5.4086866e+01
   8.1249407e+00  -5.2014530e+01
  -2.3094570e+01  -3.6873603e+01
   2.9172705e+01   1.0906948e+01
   1.9439559e+01   1.2976435e+01
   4.7877825e+01   3.1955476e+00
  -3.7221221e+00   6.3245489e+01
   6.2506074e+01   2.6710192e+01
  -2.7356609e+01   6.1936247e+01
   4.6724795e+01   3.4079142e+01
  -5.8356262e+01  -3.8172830e+01
  -5.8555866e+01  -2.8174825e+01
   2.7315772e+00   3.1775017e+01
   2.3702702e+01   6.5687535e+01
   5.6438022e+01  -2.0644031e+00
   4.1807271e+00   6.9372883e+01
   7.3949553e+01  -7.8626209e+00
  -1.0838928e+01   4.5599741e+01
   6.7452668e+01  -1.5427985e+01
  -1.6975483e+01   3.7704000e+01
  -4.1547927e+01   4.8028582e+01
   6.7825990e+01   1.8245767e+01
  -4.2227557e+01  -3.0259140e+01
  -3.3655537e+01   5.4169431e+01
   1.2611538e+01   3.0238376e+01
   2.5034621e+00   4.2043754e+01
  -4.4121629e+00   5.3269325e+01
   1.1960168e+01   5.9189347e+01
   4.2795799e+01   5.9757905e+01
  -1.9227878e+01  -3.9155026e-01
  -3.1184864e+00   2.3669472e+01
  -7.5034774e+00   1.0541550e+00
   3.2484472e+01  -3.8262618e+01
   4.1223520e+01  -2.1011531e+01
   4.8919882e+01  -1.5031424e+01
   5.6642357e+01  -3.1036811e+01
   4.1596152e+01  -3.8811126e+01
   3.4453717e+01  -6.7207506e+01
