   3.2281927e+01   6.3541629e+01
   6.2477893e+01  -4.3042389e+01
  -1.0653724e+01  -4.5922752e+01
   2.2043929e+00  -6.2635965e+01
  -3.8837169e+01   1.5555484e+01
   2.1735141e+01   4.6816543e+01
  -8.3456465e+01  -5.6468157e+01
   4.0910505e+01   2.5094913e+01
   4.5711671e+00   8.7220046e+01
  -3.7753452e+01  -7.8162509e+01
   2.5655911e+01  -4.3908767e+01
  -6.0202124e+01   3.1233859e+01
  -7.3180289e+01  -3.8582378e-01
   6.1800363e+00  -5.0307908e+01
   1.8799002e+01  -8.9925249e+01
  -2.0458547e+01  -4.7424638e+01
   3.3347076e+01  -1.3357432e+01
  -5.9652553e+00   6.4703307e+01
   1.5601791e+01  -4.7475045e+00
   3.4576106e+01  -3.9402331e+01
   4.3117684e+01  -5.0259283e+01
   3.0058419e+01  -6.1235323e+01
  -5.4096245e+01  -4.6016229e+00
   8.1207581e+00  -8.3820624e+01
   6.8884125e+01   6.3891924e+00
  -5.3401339e+01  -2.1860871e+01
   2.7242145e+00   4.6515382e+01
  -2.1362933e+01   7.5778980e+01
   1.4803140e+01   6.8380251e+00
   8.5485058e+01  -2.0996744e+01
   4.7888195e+01   8.0119031e+01
  -2.3445428e+01   2.6596865e+01
   4.1608948e+01   5.0044432e+01
   5.1717192e+01   6.1135354e+01
   5.2540363e+01  -4.6920093e+01
   3.6486825e+01  -8.8387554e+01
  -8.9800014e+01   2.4229791e+01
  -6.9667366e+01   3.9725047e+01
  -6.8046762e+01  -1.9346775e+01
  -1.6826052e+01  -9.9378439e+01
   4.9754961e+00  -7.4343650e+01
  -4.8804170e+01   1.4586308e+01
  -2.6065545e+01  -5.6972723e+01
   1.6158110e+01  -4.7012046e+01
   3.1414646e+01   1.7891962e+01
   5.2790563e+01   3.7565261e+01
  -6.5284808e+01  -5.3562112e+01
   2.3654777e+01   8.4116436e+01
  -2.3714778e+01   5.7103998e+01
   6.9610994e+01  -3.3484479e+01
  -3.5215291e+01   5.0334174e+01
  -4.3262277e+01  -2.1753868e+01
   1.3342789e+01   5.3483425e+01
  -1.9308647e+01  -1.0412118e+01
   7.2294351e+00   3.4969064e+01
  -9.4080082e+00  -9.9638070e+00
   4.0479243e+01  -2.0352758e+01
   5.4432756e+01  -3.7111369e+01
   3.9138861e+01  -7.8754481e+01
  -4.6996810e+01  -9.5300752e+01
  -2.3171779e+01  -7.6648679e+01
  -2.6875093e+01   4.4829458e+01
  -5.8786834e+01   1.4025450e+01
  -5.9627826e+01   4.1187544e+01
  -7.2894657e+01   1.6847051e+01
  -8.0005966e+01   3.4035133e+01
  -2.4657359e+01  -2.8000022e-01
  -6.8007279e+01   8.1513002e+00
  -8.2056600e+01  -8.9499497e+00
  -4.4577497e+01   2.3712559e+01
   4.7756486e+01  -6.5851378e+01
   1.0031871e+01  -2.0989122e+01
   7.7028286e+01   6.4764449e-01
   1.4489057e+01  -7.1347804e+01
  -1.6111647e+01  -5.6404450e+01
  -1.3655152e+01  -1.8963259e+01
  -7.3198835e+01  -7.7960119e+01
  -9.6870616e+00  -7.9693031e+01
  -1.4013592e+01   8.2555210e+01
   3.3590646e+01  -2.9745435e+00
  -3.6533220e+01   7.5344126e+01
  -1.1820857e+01   7.2800660e+01
   7.7276090e+01   4.9825976e+01
   5.8855419e+01   2.1453520e+01
  -2.0515029e+01   3.6281149e+01
   2.2785513e+01   5.6755717e+01
   1.3386931e+01   6.3468045e+01
   4.9032663e+01  -2.1868042e+00
  -7.0342389e+00   4.9934618e+01
   9.0184190e+01  -1.2174531e+01
   8.7996697e+01  -3.0664309e+01
  -5.0419163e+01   4.5066770e+01
   6.1273006e+01  -7.4490043e+00
  -5.0608042e+01   6.9217650e+01
  -4.8266559e+01  -3.0389387e+01
  -2.7424768e+01  -2.9116078e+01
   1.8476470e+01   3.0937668e+01
   6.1676615e+01   6.2011578e+01
   3.3829110e+01   4.3682712e+01
   1.9068637e+00   8.9473294e+00
   5.8099477e+01   1.9662832e+00
  -5.4931704e-01   1.8596143e+01
   3.6838589e+01  -2.9662398e+01
   3.3076116e+01  -5.0611168e+01
   2.3475161e+01  -5.3758164e+01
   7.2471789e+01  -4.3081804e+01
   3.5902869e+01  -6.9314397e+01
   4.6773093e+01  -3.0695290e+01
   5.9890222e+01  -2.8745176e+01
   4.6484725e+01  -8.5528023e+01
   5.2341785e+01  -5.6912665e+01
  -5.5129706e+01  -8.9466381e+01
  -2.2868898e+01  -9.1409654e+01
   1.8305085e+01  -3.6975253e+01
  -7.4143397e+01   4.8664639e+01
  -3.0353832e+01  -4.7986302e+01
  -7.0952051e+01   2.9813283e+01
  -9.0000827e+01   3.4220692e+01
  -5.4518571e+01   2.3033823e+01
  -8.4973197e+01   1.5489215e+01
  -8.4791107e+01   4.2805257e+01
  -2.3553864e+01  -1.9952875e+01
  -9.1963190e+01  -7.6386031e+00
  -3.8989997e+01   5.5867005e+00
  -3.4551444e+00  -5.2819374e+01
  -6.4063242e+01  -4.4692146e+00
  -4.4131988e+01  -4.1854626e+00
  -5.9706090e+01  -1.3817390e+01
  -2.9424199e+01   8.5012854e+00
  -7.8060415e+01   8.2985523e+00
   4.0468664e+01   1.3686496e+01
  -2.6065117e+00  -8.6823683e+01
   8.5185648e+00  -4.0654933e+01
   1.1410447e+01  -5.8772204e+01
  -2.3157690e+00   3.7893350e+01
  -2.9126102e+01  -1.1713203e+01
  -8.4585652e+01   7.2250051e-01
  -1.1198711e+00  -4.3108794e+01
  -7.7509882e+00  -6.1804990e+01
   8.3718456e+01   8.0554700e+00
  -1.2140952e+01   9.5057317e+01
   8.8223428e+01   4.2080773e+01
   2.5391397e+01  -7.1841331e+01
  -4.4782476e+00  -7.1196913e+01
  -6.3007662e+01  -8.3307297e+01
  -2.3810952e+01  -6.6683960e+01
  -7.3649788e+00  -2.6675123e+01
   2.6690883e+01  -2.0727981e+01
   2.0304590e+01  -6.3241638e+01
  -6.4478534e+01   2.2214031e+01
  -3.3506480e+01  -6.9111364e+01
  -3.6047588e+01  -5.7026911e+01
   2.3472625e+01   1.8862415e+00
   4.0975595e+01   3.7153359e+00
  -3.7497493e+01   8.5296733e+01
  -1.3169167e+01  -8.9041148e+01
  -2.7653120e+01   8.3548214e+01
   6.0601430e+01  -6.2546903e+01
  -7.5465383e+01  -4.1185079e+01
   6.1506362e+01   5.2005491e+01
  -5.6779600e+01  -3.5728209e+01
   5.0750688e+01   2.7755057e+01
   3.8629599e+00   6.6456506e+01
  -1.4689860e+01  -7.0763899e+01
   4.7366250e+01   7.0132669e+01
   1.3703498e+01   8.3151347e+01
  -7.3703312e+01  -2.7584590e+01
  -8.4323143e+01  -3.6524498e+01
  -1.1764489e+01   4.1095877e+01
  -3.5044929e+01   2.6651127e+01
  -1.7819093e+01   4.9033125e+01
  -1.3730542e+01   2.8944632e+01
  -1.3308422e+01   5.7938466e+01
  -3.3242803e+01   6.0126662e+01
   9.7963897e+01  -2.9918638e+01
   7.6210553e+01  -1.7303241e+01
   6.8423855e+01  -2.3556229e+01
   7.1074390e+01  -8.7486137e+00
   3.7956216e+00   5.6452084e+01
   1.1511310e+01   7.3395173e+01
   6.5728976e+01   7.1153070e+01
  -3.0471446e+01   3.5515252e+01
   2.2815638e+01   6.6747192e+01
   2.5832245e+01   3.7697875e+01
   4.1646499e+01   6.0040964e+01
  -5.5763271e+00   2.3662648e+00
   7.1392701e+00   4.7968021e-01
   7.1192729e+00   2.5001619e+01
  -4.5568690e+01   3.3652040e+01
   7.5547785e+01   1.3844113e+01
   9.0919915e+01   2.5778421e+01
  -6.2228092e+01  -6.3082968e+01
  -9.3851206e+01  -4.5693015e+01
   8.0860226e+01  -3.7654234e+01
   6.3528721e+01  -5.2985634e+01
   2.9461763e+01  -8.1271564e+01
   2.7280591e+01  -3.2569738e+01
   4.4520340e+01  -4.0394388e+01
   5.5813851e+01  -8.1932575e+01
   3.5302251e+01  -9.8312714e+01
  -3.9725229e+01  -8.8182657e+01
  -4.7944161e+01  -8.2515069e+01
  -2.9758363e+01  -8.4165768e+01
  -3.2259201e+01  -9.4818470e+01
  -5.4447864e+01  -7.4944891e+01
  -6.4243338e+01   5.0030710e+01
   1.8986125e+01  -2.7003398e+01
  -3.8814936e+01   4.1014770e+01
  -9.9959428e+01   3.5106302e+01
  -8.8264700e+01  -1.6975008e+01
  -2.1356764e+01  -3.7472279e+01
  -9.9708371e+01  -1.8056044e+01
  -8.3294389e+01   5.2689191e+01
   9.8292656e+00  -3.0871158e+01
  -5.8906916e+01   4.0829532e+00
  -6.1827758e+01  -2.7119223e+01
   3.9899892e+01  -5.9694733e+01
  -5.4165243e+00   8.7656894e+01
  -3.4211679e+01  -3.1564390e+00
  -6.9321269e+00  -9.6845188e+01
  -9.1515938e+01   7.9300190e+00
   9.5436620e+00  -9.3711371e+01
  -1.1077605e+01  -3.5947776e+01
   1.7825707e+01   2.0968233e+01
  -2.9296851e+01   1.8493169e+01
  -7.2160746e+01  -1.0284739e+01
  -8.3032384e+01  -7.6158335e+01
   9.5125771e+01   3.4846122e+01
  -7.9804476e+01   2.4047615e+01
  -5.5525205e+01  -5.5670530e+01
   8.9985216e+01   1.5830624e+01
   8.7927497e+01  -1.0612995e+00
  -1.9190858e+01   6.6020389e+01
   1.9552197e+01  -7.9958557e+01
   4.2585666e+01  -9.7854954e+00
   5.0419967e+01  -2.1441596e+01
   5.2327301e+01  -1.1684497e+01
   1.8255694e+01  -1.5349455e+01
   5.7676684e+01  -7.2108617e+01
  -1.7463465e+01  -2.8257823e+01
  -3.1699953e+01  -3.8100145e+01
   1.4632933e-01  -3.3215658e+01
  -2.8758940e+01   6.9057042e+01
  -2.1440876e+01   9.1383196e+01
  -4.6128863e+01   7.8156728e+01
   2.8141626e+01   7.5192213e+01
   2.4983662e+01  -7.9878482e+00
  -6.4311634e+01  -7.3388767e+01
  -8.3898240e+01  -4.6502282e+01
   2.3047093e+01   1.2448590e+01
   4.3174601e+01   4.0176539e+01
   5.1545438e+01   5.1139905e+01
   6.1741523e+01   4.2010465e+01
   3.5653640e+01   3.3603079e+01
   7.0350461e+01   5.7038176e+01
   2.7934410e+01   2.7257018e+01
  -6.7401542e+01  -3.5349847e+01
   3.8004994e+01   7.3619903e+01
   6.0498138e+01   3.1261955e+01
   3.2248344e+01   5.3546778e+01
   1.8453519e+01   9.2650884e+01
   1.7787645e+00   7.6232491e+01
  -5.4661421e+01   5.4131983e+01
  -9.5389280e+01  -3.5816994e+01
  -7.4982136e+01  -5.1165573e+01
  -7.8215439e+01  -1.8203294e+01
   5.0049341e+01   7.8638500e+00
  -6.2400280e+01  -4.3994246e+01
  -8.3649006e+01  -2.6565975e+01
  -4.8879486e+01  -1.3036304e+01
  -3.8267142e+01  -3.0416629e+01
  -4.8927225e+01   4.5874389e+00
   9.6222340e+01  -2.0091433e+01
   6.0409095e+01   1.1637936e+01
  -4.4869152e+01   5.6159660e+01
   7.7729451e+01  -2.7334195e+01
   6.0035871e+01  -1.8109783e+01
   8.0982005e+01  -8.4969081e+00
  -4.1016671e+01   6.6406925e+01
   5.6328494e+01   7.4558836e+01
   1.2288744e+01   4.3560634e+01
   3.1733176e+01   7.5103605e+00
  -1.4759236e+01  -1.5197305e+00
  -3.8970648e+01  -1.2742030e+01
   4.9549772e+01   1.7835915e+01
  -3.7856512e+00   2.8023747e+01
   9.5733829e+00   1.5335960e+01
   6.8886427e+01   2.1302403e+01
  -4.2465078e+01  -6.4681539e+01
   8.0966348e+00  -1.1279087e+01
  -3.2574424e-01  -6.0688336e+00
  -8.1588841e+01  -6.6272999e+01
  -7.1600947e+01  -6.6553433e+01
  -5.2441963e+01  -6.5164926e+01
   8.1813611e+01   2.1636947e+01
  -6.9556935e+01  -9.0864210e+01
   9.5013135e+01   7.1846548e+00
   5.1351754e+01   8.9500039e+01
   3.8513286e+01   8.3606009e+01
  -9.3620166e+01  -2.5980761e+01
   9.9629531e+01  -8.9885961e+00
