   2.4237808e+01   6.1239049e+01
   6.8177602e+01   5.0326228e+01
  -2.5754675e+01   5.5792089e+01
  -4.0495204e+01   2.6162033e+01
  -4.2188727e+01   4.1348796e+01
   9.9186885e+00  -9.5876208e+01
  -7.1753199e+00  -6.2922750e+01
  -8.9934850e+00  -5.3528139e+01
  -2.5143244e+01  -3.2530088e+01
   9.4155218e-01   3.7071272e+01
  -5.9599030e+00   7.4749562e+01
  -7.1692529e+01   1.0768340e+01
   5.4325671e+01  -4.9041012e+01
   5.4555661e+01  -2.8814826e+01
   9.1113650e+01   1.9356833e-01
  -2.0911294e+01  -9.9855643e+01
   6.9021331e+01  -6.1949803e+01
  -7.1022205e+01  -7.3331139e+01
  -1.1051229e+01  -3.9494516e+01
   6.4848708e+01  -2.2363585e+01
  -3.1240989e+01  -4.4118305e+00
   7.1179472e+01   4.8254207e+00
   2.4785729e+01  -5.2913047e+01
   1.8380304e+01  -3.5678644e+01
   6.7248724e+01  -4.4659233e+01
  -9.0616098e+01  -3.5374293e+01
   7.4150288e+01  -3.5361407e+01
   3.9594373e+01   5.1717841e+01
   1.2411449e+01   4.5714529e+01
   1.4715774e+01   7.4056351e+01
   4.5767885e+01   1.6412316e+01
   7.5744920e+01   8.7012342e+01
   1.2680010e+01   1.0984740e+01
   2.4282386e+01   7.1200803e+01
   3.3264799e+01   9.7270952e+01
  -6.3987283e+01  -2.6366581e+01
  -5.1945906e+01  -8.8463099e+01
   3.5123647e+00   1.5720758e+01
  -7.6840416e+01   8.8885816e-01
  -9.1957396e+01   9.9200323e+00
  -3.2764439e+01   7.8428044e+01
   5.6913523e+01   3.0241733e+00
  -3.8904346e+01  -1.1152032e+01
  -6.9953111e+01   3.4691480e+01
  -5.2270195e+01   8.6482287e+01
  -3.4366614e+01  -9.4523437e+01
  -7.7810148e+01   9.5630535e+01
   2.1919215e+01  -7.1401383e+01
   1.8791562e+00  -8.9971175e+01
   5.2156056e+00  -5.0349965e+01
   9.9838696e+01  -2.0362214e+01
   3.5009953e+01   3.9619512e+01
   3.7337687e+01   8.3918445e+01
   4.9320039e+01  -7.9717404e+01
  -7.5699618e+01  -8.1952201e+01
   7.4315166e+01  -6.2895922e+00
  -2.9347841e+01  -1.4054100e+01
  -1.6698947e+01  -1.7035541e+01
   1.7763991e+00   6.7341020e+01
  -2.3175749e+01   4.6150312e+01
   6.7460116e+01  -7.1791828e+01
  -4.7759333e+01   3.3054579e+01
  -6.4378669e+01   4.2963828e+01
  -2.3026447e+01   7.6180112e+01
  -5.1712835e+01   5.8104503e+01
   1.8035935e+01  -8.0582314e+01
   5.0172975e+01  -6.8221202e+01
  -6.6725777e+01  -1.6796776e+01
   3.4732083e+01  -5.2727900e+01
   9.9840079e+01  -4.7932688e+01
  -8.0951898e+01  -7.3272797e+01
  -5.8886483e+01  -6.5655308e+01
   9.5271786e+00  -3.1085719e+01
   1.4280696e+01  -1.0063320e+01
   2.0940694e+01   1.6914768e+01
   3.2347707e+01  -4.8205423e+00
   5.7049787e+00   9.1242543e+01
  -3.7452339e+00  -2.4513409e+00
   9.7073319e+00  -1.9585278e+01
  -9.7401397e+01  -6.2497524e+01
   7.8702517e+01   2.0560812e+01
   5.1079477e+01   2.8006242e+01
   7.6587645e+01   6.8213866e+01
   4.4690119e+01   7.7264258e+01
   4.2130261e+01   9.2666795e+01
   9.0161631e+01   3.7481420e+01
   9.8697270e+01  -6.2350941e+00
   1.8922741e+01   9.1048208e+01
   4.3332301e+01  -3.5487088e+00
   1.1955526e+01   2.0939011e+01
  -4.4248228e+01  -1.9585492e+01
   9.2521207e+01  -7.1740499e+01
   9.5984714e+01   1.1863387e+01
  -5.4328145e+01  -2.8544843e+01
  -6.6984067e+01  -7.1478898e-01
  -3.3288732e+01  -5.3750214e+01
  -2.0627609e+01  -4.1275327e+01
  -6.1303762e+01  -7.5339849e+01
   8.9951564e+01  -4.9324796e+01
  -6.1697976e+01  -9.3150175e+01
  -1.8485161e+01  -7.0748221e+01
   1.9744603e+01   5.2365985e+01
   9.9589391e+01  -7.9259610e+01
  -6.5352799e+00  -3.0747681e+01
  -5.5370337e+01   2.6204278e+01
  -1.4027670e+01   5.0073286e+01
  -7.4998362e+01   7.7571711e+01
  -4.7982815e+01   1.9580273e+01
  -5.7007754e+01  -7.5195347e-01
  -4.0962232e+01   9.2785056e+01
  -4.1567339e+01   7.3115182e+01
  -7.4307467e+01   4.3657317e+01
  -7.9287602e+00  -8.8283953e+01
  -2.7296854e+01   9.7467326e+01
  -8.9364605e+01   9.1460743e+01
  -2.5157217e+01   3.6387679e+01
  -5.2487531e+01   1.0687481e+01
  -5.7411772e+01   3.5879025e+01
  -2.9408037e+01   9.8288579e+00
   7.8486271e+01  -6.5096094e+01
  -7.9914590e+01   3.5415891e+01
  -6.1823625e+01   8.9406948e+01
   3.8221360e+01  -4.1450530e+01
   4.6397974e+01  -2.2699992e+01
   3.1898011e+01  -7.1456396e+01
   3.8527634e+01  -1.6892804e+01
   7.2511395e+01  -1.5952865e+01
   9.2963580e+01  -2.7608215e+01
  -8.3160851e+01  -4.3536502e+01
  -5.8467028e+01  -3.7406583e+01
  -9.5343527e+01  -2.1558910e+01
  -8.6630494e+01  -2.5885716e+01
   8.6283804e+00  -5.9682274e+01
   7.6272937e+01   9.7465519e+01
   8.5570559e+01   8.5278050e+01
   6.0488076e+01   3.1324143e+01
  -7.9143425e+01  -6.3378222e+01
  -9.8135794e+01  -7.2456128e+01
   4.2824174e+01   3.3476712e+01
   5.0901361e+01   6.9536950e+01
   5.9541464e+01   8.4513326e+01
   6.5598394e+01   6.2582917e+01
   3.6290139e+01   1.3600198e+01
  -8.8940266e+00  -1.0918392e+01
   8.9106225e+01   5.6452715e+01
  -3.5174649e+01  -3.2099959e+01
   8.8286453e+01   1.8327888e+01
  -3.9632980e+01  -5.9055134e+01
  -4.2430060e+01  -8.5135130e+01
   2.4566137e+01  -1.0919596e-01
   2.4053954e+01  -2.7472088e+01
   2.7341327e+01   9.3756332e+00
   6.3244164e+01  -1.2552796e+01
   7.1103864e+01  -9.6505648e+01
   9.9903848e+00   5.5332986e+01
  -9.5322877e+01   3.4756051e+01
   9.1092515e+01  -9.6765722e+01
  -1.8951419e+00   8.3876594e+01
  -3.4953675e+01   3.4459149e+01
   1.2224805e+01   8.3693882e+01
  -7.4932716e+00   6.3693990e+01
   8.3339719e+00  -8.2400855e+01
  -8.1369717e+01   8.5279440e+01
   6.2652113e+01  -9.1177843e+01
  -1.6572857e+01   5.9664027e+01
   4.5286819e+01  -8.8862790e+01
  -2.2105090e+01   8.6124351e+01
  -1.2570876e+01   8.2897483e+01
  -3.7355046e-01   9.9166669e+01
   1.4660713e+01   6.4106691e+01
   3.3650830e+01   7.4636072e+01
  -8.3087884e+01   5.9031891e+01
  -3.3876484e+01   6.6795097e+01
  -4.2729571e+01   6.2313955e+01
  -3.5691543e+01   5.5238816e+01
   1.8380836e+01  -9.0569767e+01
   7.3037128e+01  -5.2863855e+01
  -2.7423929e+01   2.6675326e+01
  -3.3137793e+01   4.5573790e+01
  -4.1173214e+01   1.2358479e+01
   1.8290899e+01  -6.2108202e+01
  -5.6817524e+01   9.8079339e+01
  -4.2911081e+01   8.2991847e+01
  -5.5745801e+01   7.7107577e+01
   5.0540835e+01  -5.8266478e+01
   6.3099213e+01  -5.3799496e+01
  -8.7012940e+01   1.2604324e+00
  -1.5390359e+01   3.9250066e+01
   9.6609757e+01  -3.6916900e+01
  -8.1221931e+00   3.1783250e+01
   8.2397730e+01  -1.7209125e+01
  -7.5558475e+01   2.6414854e+01
  -6.5567904e+01   2.5765312e+01
  -5.1937159e+01   4.4178845e+01
   7.4851299e+01  -2.5488668e+01
  -8.4858617e+01   1.9093090e+01
  -6.3506390e+01  -5.6043623e+01
   8.3421593e+01  -3.0508151e+01
  -6.0073310e+01   1.7478983e+01
   1.5081245e+01  -5.0936677e+01
  -8.9774656e+01  -7.7903994e+01
  -8.4540775e+01  -8.6407807e+01
   1.7158291e+00  -3.7260815e+01
   1.0568763e+01  -4.1906502e+01
   2.5183676e+01  -4.2971403e+01
  -9.9709695e+01   7.7220986e+01
  -6.8722705e+01  -6.3977694e+01
  -5.1968951e+01  -7.8786221e+01
  -4.9891368e+01  -6.9757951e+01
  -7.4017221e+01  -3.9539318e+01
   2.7810222e+01   3.1021123e+01
   2.8522921e+01   8.8477511e+01
   2.3612651e+01   9.9863744e+01
  -7.9172591e+01  -3.1775117e+01
   1.5368823e+00  -2.5111205e+01
   5.2090465e+00   2.8119294e+01
   1.8080549e+01   2.8812004e+01
   9.8174728e+01   3.1654251e+01
   6.0392862e+00  -4.4168818e+00
  -1.5735178e+01  -2.6980956e+01
   1.3806149e+00  -1.4089517e+01
  -7.4572821e+00  -2.0797061e+01
   8.6009206e+01   9.5210042e+01
   4.7539993e+01  -1.2752429e+01
   4.7279241e+01   5.4660904e+00
   8.0419572e+01   1.3757962e+00
   8.6846953e+01   7.1200495e+01
   6.4698676e+01   2.2340884e+01
   8.4678249e+01  -7.5148011e+00
   5.5839881e+01   6.0934030e+01
  -8.9377743e+01  -9.9667603e+01
  -8.3947520e+01  -5.3659154e+01
   6.9219382e+01   7.6934898e+01
   6.0736538e+01   9.9813210e+01
  -8.8407819e+01  -6.6648700e+01
   4.1048066e+01   6.7940993e+01
   9.9829506e+01   7.1588851e+01
  -1.7900043e+01  -5.1009903e+01
   6.1485704e+01   4.2934516e+01
   3.6061933e+01   3.7004645e+00
   9.0631515e+01  -6.1920670e+01
  -1.4414744e+01  -8.0700320e+01
  -1.7677849e+01  -9.0401020e+01
  -1.0957325e+01  -9.7869058e+01
  -1.7868648e+01  -6.0888814e+01
  -3.0776274e+01  -4.0549171e+01
  -4.4594609e+01  -2.9559518e+01
  -5.4133368e+01  -1.8712549e+01
  -4.8369214e+01  -7.9400573e+00
  -7.2599509e+01  -8.8328731e+00
  -5.9324955e+01  -1.0322783e+01
  -8.1623088e+01   9.6583334e+00
  -2.4763874e+01  -2.2768025e+01
  -2.1296585e+01  -8.1826561e+00
  -3.4723154e+01  -2.2337327e+01
  -2.7606953e+01  -6.1318239e+01
   3.9419474e+01   2.4114357e+01
  -6.5973705e+01  -8.4150240e+01
  -2.4367407e+01  -7.8720940e+01
   1.9550446e+01  -1.8622577e+01
   2.7932292e+01  -8.0583967e+01
   3.7684674e+01  -8.2446250e+01
   4.1657838e+01  -7.3311818e+01
   9.3263970e+01  -8.7004667e+01
   1.1156593e+01   3.5960251e+01
   4.4714787e+01   4.3251968e+01
   4.8204915e+01  -4.1165908e+01
   2.5473095e+01   4.2528753e+01
   9.9807762e+01  -5.7946189e+01
  -8.7338094e+01   2.8756053e+01
   5.7876115e+01  -7.4566105e+01
   8.1098735e+01  -9.6495919e+01
   6.5077621e+01  -8.1491780e+01
  -6.4421199e+00   4.3693568e+01
   2.6601360e+00   4.7779495e+01
   2.1985924e+01   8.0918297e+01
  -1.4916850e+01   7.0348678e+01
   2.6627756e-01   5.7464640e+01
   5.3329491e+01  -9.4752442e+01
  -7.9616189e+01   6.8702404e+01
  -6.2035885e+01   7.8184763e+00
  -4.7498287e+01   2.0418884e+00
   4.3710146e+01  -3.2289799e+01
   5.5520514e+01  -1.8767812e+01
   3.5828177e+01  -2.6192481e+01
  -7.1677852e+01   8.7733025e+01
   3.7348472e+01  -9.4938641e+01
  -2.3994664e+01   6.6247607e+01
   5.0859933e+00   7.6738332e+01
  -8.3243989e+01   4.8090805e+01
  -1.6213249e+01   9.7028239e+01
  -3.1845206e+01   8.8385354e+01
   2.8277476e+01  -6.2207854e+01
   1.1769281e+01  -7.1039270e+01
  -4.4703187e+01   5.1014574e+01
  -6.7951822e+01   9.7305750e+01
  -6.5306192e+01   8.0027388e+01
  -7.3597345e+01  -2.3771476e+01
   4.0828013e+01  -6.0645257e+01
  -9.9983480e+01   9.1479632e+01
  -3.3639728e+01   1.8884734e+01
   4.4417445e+01  -5.0388663e+01
  -3.7627431e+01   3.1062550e+00
   5.9423601e+01  -6.4566147e+01
  -1.7860893e+01   2.9561351e+01
   2.8370876e+01  -9.0556406e+01
   5.8086114e+01  -3.9797761e+01
   7.8232389e+01  -4.4408400e+01
  -9.4618343e+01   2.1265757e+01
  -5.8953545e+01   5.1287698e+01
  -5.0465330e+01   6.8622363e+01
  -7.3670178e+01  -5.5413800e+01
   3.0822304e+01  -3.4767717e+01
  -7.4719019e+01   5.3600773e+01
  -9.3576931e+01  -9.0592026e+01
  -9.0695114e+01   8.1549651e+01
  -7.4932129e+00   9.2146533e+01
  -3.4129720e+00  -4.5667651e+01
   6.4654884e+01  -3.2312510e+01
  -5.9486130e+01  -4.7153849e+01
   1.2532862e+01   9.8704757e+01
  -5.4419712e+01  -5.6422117e+01
  -9.0896881e+01  -1.2649212e+01
  -9.5603725e+01  -3.8409284e+00
  -9.3014752e+01  -4.5069999e+01
  -8.1309120e+01  -1.7468310e+01
  -1.3716988e+01  -1.4198272e+00
   5.2962199e+01   3.7780136e+01
   5.5288514e+01   1.9090632e+01
   7.9185754e+01   7.7693161e+01
   9.5243083e+01   9.0878283e+01
  -1.6278264e+00   7.2349383e+00
   1.8533805e+00  -6.6988679e+01
  -3.0724196e-01  -7.7619413e+01
  -9.2755618e+01   4.5032168e+01
   5.5298198e+01  -6.6610913e+00
   6.4968253e+01  -2.8258090e+00
   6.1645229e+01   1.1590798e+01
  -2.3324863e+01   1.5760979e+00
   9.2268274e+01  -1.3896864e+01
   1.4740047e+01   1.2129313e+00
  -3.2082148e+00   2.3100911e+01
   6.7375839e+01   9.2379747e+01
   5.1626009e+01   9.5734345e+01
   5.9536280e+01   7.4519385e+01
  -8.0284021e+01  -9.5446823e+01
  -5.3504732e+01  -9.8834073e+01
   2.9659813e+01   5.1608064e+01
   3.4577424e+01   6.0331533e+01
   2.9882787e+01   2.1251265e+01
  -9.9368939e+01  -5.2744524e+01
   7.4635465e+01   5.8613278e+01
   4.6031828e+01   5.9296952e+01
   4.9645844e+01   8.5937895e+01
   9.7309374e+01   6.1983115e+01
   7.8115071e+01   4.9553153e+01
   5.5581354e+01   5.0985830e+01
   8.2529195e+01  -5.5984096e+01
   8.7051122e+01  -3.9780818e+01
  -8.7484210e+00  -7.2556709e+01
  -9.0143862e+01   6.6101238e+01
  -9.6350742e+01   5.5001267e+01
   7.0952663e+01   1.4650344e+01
   8.6467125e+01   8.9117077e+00
   8.8216170e+01   2.7984755e+01
  -4.1740984e+01  -7.5240281e+01
  -4.4343626e+01  -9.4900968e+01
  -8.2390286e+01  -7.5365521e+00
   9.7449293e+01   4.5997640e+01
   9.3381686e+01   7.9148061e+01
   8.7511683e+01   4.6776482e+01
   9.7549051e+01   2.1733257e+01
  -6.8837039e+01  -4.7283761e+01
  -3.5323357e+01  -6.7555117e+01
  -2.6513123e+01  -4.8789672e+01
  -4.7388645e+01  -6.1369317e+01
   3.5867809e+01  -9.1292514e+00
