   2.9389859e+01  -7.5938093e+00
  -2.0339021e+01  -2.4866524e+01
   3.4956743e+01   5.3666310e+01
   6.4970296e+01  -3.8779345e+01
  -6.3770908e+00  -3.8559450e+01
  -3.9321412e+00  -5.8443655e+01
  -2.9372982e+01   7.3140488e+00
  -1.1716079e+01  -8.4843516e+00
   1.2471104e+01   4.0281845e+01
   3.8660590e+01   7.5059933e+00
   1.1926178e+01  -4.3257188e+01
  -3.4992985e+01  -1.1896927e+01
  -6.7177160e+01  -3.4156067e+01
   5.1348630e+01   4.3332618e+01
   5.8405700e+01  -1.1680253e+01
   2.5180240e+01   5.1509449e+01
   3.6990227e+01   3.5564961e+01
   2.3154273e+01  -4.3288856e+01
  -1.4460332e+01  -3.2835599e+01
  -3.4196775e+01   1.4139269e+01
   7.6295605e+01   1.2848698e+01
   3.3099913e+01   2.6405874e+01
   3.7228725e+01   1.7345892e+01
   2.4069337e+01   2.2227118e+01
   3.8490763e+01  -2.4360002e+00
  -2.3768977e+01   5.2696928e+01
   8.8463464e+00  -9.4858416e+00
   6.7162318e+01  -1.0771844e+00
   1.4251589e+01   6.9040604e+01
  -4.6218453e+01   3.9309893e+01
   9.6521080e+00   1.0616932e+01
   2.5622314e+01  -6.3167061e+01
   2.2490004e+01  -1.4545259e+01
  -3.2469711e+01  -7.5782307e+01
   2.1145281e+01  -3.3655839e+01
  -5.1354054e+01   2.9489439e+01
  -6.1486602e+01   2.5477508e+01
  -6.6317027e+01  -6.0480772e+00
   3.4561297e+00  -3.8114144e+01
  -2.8403031e+01  -1.9175933e+01
   1.8401141e+01  -7.0082316e+01
   5.3075675e+01   2.3514136e+01
  -3.2988420e+01  -3.4018843e+01
  -3.0140439e+01  -4.3920357e+01
  -5.7762546e+00   3.7348281e+01
   1.8081549e+01  -5.8426586e+00
  -1.3522569e+01   6.5167879e+01
   5.5231212e+00   5.1813006e+01
   1.0519797e+01   5.1372013e-01
  -3.6533866e+01   3.7949292e+01
   4.1730233e+01   4.6228976e+01
  -1.4134359e+01   5.5222734e+01
   3.6915185e+01  -3.0187522e+01
   3.6802067e+01  -4.7876378e+01
   2.7291043e+01  -5.2304643e+01
   1.5560040e+01  -6.0166222e+01
  -1.3335979e+01  -5.5106322e+01
  -6.2333983e+01   8.5700758e+00
  -6.9104517e+01  -1.3345480e+01
  -5.5241781e+01   1.2541404e+00
  -4.3558929e+01   1.2614914e+01
  -4.1821610e+01  -5.0423833e+00
  -5.6369295e+00  -2.8486805e+01
  -8.8689413e-02  -7.8097077e+01
  -3.2377348e+00  -1.4801866e+01
  -1.1418065e+01  -2.0427415e+01
   5.4192894e+00  -6.1939541e+01
   5.6844554e+01   1.4266194e+01
   2.5074495e+01   3.2362847e+01
   4.3252503e+01   2.5190616e+01
   1.1991391e+01   2.0430236e+01
  -3.8682759e+01  -6.2025513e+01
   3.8055087e+01  -1.2359303e+01
   2.9739458e+01   2.2137110e+00
   5.6865888e+01   3.4927426e+01
   4.8043965e+01  -5.0431996e+00
  -4.9683165e+01  -2.3569779e+01
   4.6836956e+01   1.4709920e+01
  -1.0341375e+01   2.8641605e+01
  -5.2876194e+00   7.3248403e+01
  -2.2000765e+01   7.0450989e+01
   3.1795185e-01   1.4114171e+01
   8.0317238e+01  -1.5990496e+01
   1.4418686e+00   4.3800539e+00
   3.3454328e+01   6.3540828e+01
   5.3833456e+01  -2.3452852e+01
  -2.0039768e+01   2.8020859e+01
  -3.8148881e+01  -2.1287966e+01
  -2.8650837e+01   4.4017537e+01
   2.2259109e+01   4.1950653e+01
   1.5324508e+01   4.9849337e+01
   1.9937760e+01   3.8034146e+00
   3.1958509e+01   4.4160183e+01
   5.0364003e+01   5.3263249e+01
  -1.6526111e-01  -5.3825714e+00
   4.7025072e+01  -3.0756453e+01
   5.0016494e+01  -4.5512878e+01
   3.6302965e+01  -7.7526857e+01
  -2.1742645e+01  -7.2487504e+01
   3.0646733e+01  -2.1903499e+01
   1.1585404e+01  -1.9046570e+01
  -4.3970093e+01   2.2610605e+01
  -2.2221515e+01  -5.9617009e+01
  -7.2112588e+01   2.3396855e+01
  -1.9504718e+01  -1.4714699e+01
  -2.6174405e+01  -7.3683436e+00
  -6.5316400e+01   3.4537745e+01
  -6.9573954e+01  -2.4931601e+01
  -3.7714561e+01   3.9477828e+00
  -5.3043396e+01   1.0601979e+01
  -4.5478583e+01  -1.4489578e+01
  -1.5323545e+01  -4.2797865e+01
  -5.8403444e+01  -1.3074824e+01
  -1.3384961e+01  -6.5779875e+01
  -9.7408746e+00  -7.5092266e+01
  -1.2978855e+00  -4.7425323e+01
  -2.9906744e+01   2.2593672e+01
   3.5625316e+01  -5.7780836e+01
   6.5130718e+01   8.6901694e+00
   8.4958392e+00  -7.1429921e+01
  -2.2572117e+00  -6.8337269e+01
  -4.6764268e+01   3.2332860e+00
  -3.2125494e+01  -5.4086855e+01
   7.4882898e+00  -5.2189511e+01
  -2.3420759e+01  -3.6765679e+01
   2.8925430e+01   1.2015736e+01
   1.9153235e+01   1.3607238e+01
   4.8301917e+01   4.8693394e+00
  -3.7129186e+00   6.3241105e+01
   6.2526098e+01   2.6694405e+01
  -2.7357477e+01   6.2016152e+01
   4.6898201e+01   3.4425873e+01
  -5.8282910e+01  -3.8206263e+01
  -5.8558029e+01  -2.8175636e+01
   2.9336394e+00   3.2269178e+01
   2.3690185e+01   6.5690337e+01
   5.7214242e+01  -1.2446852e+00
   4.1835769e+00   6.9375095e+01
   7.4270393e+01  -8.0529103e+00
  -1.1019570e+01   4.5775185e+01
   6.7623887e+01  -1.5530285e+01
  -1.6972032e+01   3.7715072e+01
  -4.1583755e+01   4.8183591e+01
   6.7907022e+01   1.8283269e+01
  -4.2288985e+01  -3.0290623e+01
  -3.3637669e+01   5.4240011e+01
   1.2733588e+01   3.0339083e+01
   2.7652478e+00   4.2274168e+01
  -4.3505051e+00   5.3254067e+01
   1.2075612e+01   5.9303553e+01
   4.2824932e+01   5.9820563e+01
  -1.7344695e+01  -1.3949839e+00
  -1.9330900e+00   2.3628980e+01
  -7.8517743e+00   8.6699336e-01
   3.2079254e+01  -3.8834585e+01
   4.1679818e+01  -2.1560204e+01
   4.8946104e+01  -1.4843734e+01
   5.6916764e+01  -3.2899402e+01
   4.2086475e+01  -3.9421558e+01
   3.4551844e+01  -6.7695560e+01
  -4.2024344e+01  -7.2830119e+01
  -2.9633882e+01  -6.6233518e+01
  -2.8667759e+01   3.2319312e+01
   2.0243538e+01  -2.3955586e+01
  -5.3490549e+01   1.9975213e+01
  -5.6057670e+01   3.8218447e+01
   4.2454293e+00  -2.8176270e+01
  -6.7554449e+01   1.5646628e+01
  -7.5055749e+01   3.2334815e+01
  -7.6625110e+01  -1.8412970e+01
  -2.4295896e+01   2.2066535e+00
  -6.3236553e+01   1.8757082e-01
