   3.0686452e+01  -7.8967947e+00
  -1.9455907e+01  -1.9736958e+01
   6.9482737e+00   2.5712973e+01
   2.4347749e+00  -2.5262781e+01
   3.1307150e+01   5.2540613e+01
  -1.2988935e+01   3.6037276e+01
   4.8772313e+01  -3.1883544e+01
  -1.3609582e+01  -3.8858643e+01
  -8.3974131e+00  -6.0060408e+01
  -2.3493825e+01  -3.6245021e+01
  -2.8265020e+01   6.9971979e+00
  -4.2824983e+01  -8.8568521e+00
  -1.9843221e+01  -1.9643884e-01
   1.0027145e+01   3.5227074e+01
   3.9523048e+01   8.6119489e+00
  -2.2500941e+01   3.9122995e+01
   5.3919007e+00  -4.4707395e+01
  -3.6938323e+01  -1.6940252e+01
  -5.7926372e+01  -3.0234941e+01
   4.8165138e+01   3.6692021e+01
  -2.9136374e+01  -3.8880733e+00
  -6.8544295e+00   5.1531405e+01
   5.8866473e+01  -1.3730329e+01
   2.1924370e+01   4.9081828e+01
   3.7393211e+01   3.5791621e+01
   2.6162263e+01  -4.3228687e+01
   2.5768788e+01  -1.6604060e+01
   6.1012629e+00  -1.5959211e+01
  -1.6354222e+01  -2.9243197e+01
  -1.0958082e+01  -5.0394248e+01
  -5.0517247e+01  -2.4672287e+00
  -4.9287577e+01   1.6126253e+01
  -2.9219286e+01   2.0313837e+01
   1.8993808e+01  -5.7023265e+01
   1.6826515e+01  -4.6812507e+01
   6.7345906e+01   9.8540209e+00
   3.4968412e+01   2.2608427e+01
  -4.6313583e+01  -2.0419250e+01
   3.0807686e+01   1.3515131e+01
   2.5013028e+01   2.1665063e+01
   3.8202302e+01  -1.3004443e+00
  -2.2628435e+01   5.2359683e+01
   4.3818554e+00  -6.1081475e+00
   6.5535277e+01   1.9307697e-02
   1.5495071e+01   6.3086160e+01
  -3.9052652e+01   4.1035917e+01
   5.8764952e+00   1.2951018e+01
   2.8557223e+01  -3.3519720e+01
   2.8145690e+01  -6.2561933e+01
   1.5876468e+01  -1.8067588e+01
  -2.9917067e+01  -6.4274574e+01
   2.1958893e+01  -2.6005610e+01
  -4.4283198e+00  -4.2820718e+01
   3.2244305e+01  -2.4224270e+01
  -4.9527014e+01   2.6123260e+01
  -5.9293393e+01   2.3807026e+01
  -6.1164324e+01  -7.9032394e+00
  -4.5733851e+01   6.7792773e+00
  -5.2200277e+01  -1.2335508e+01
  -1.6865740e+01  -1.0078395e+01
   2.1136073e+00  -3.5257585e+01
  -1.1382999e+00  -5.2280326e+01
  -2.8914777e+01  -2.3640606e+01
  -2.7462407e+01  -1.3746530e+01
   1.2373790e+01  -6.4804576e+01
   4.7447039e+01   2.5120007e+00
  -5.8321819e+01  -2.0242799e+01
   5.1599435e+01   2.2020178e+01
  -3.3459258e+01  -3.5414746e+01
  -3.0002179e+01  -4.4797809e+01
   1.1980472e-01   3.3018570e+01
   2.0947891e+01   1.1846763e+01
   2.0686611e+01  -7.9525938e+00
  -1.2264970e+01   5.9941279e+01
   1.8732493e+01   2.9499431e+01
   5.7048209e+01   5.3079241e+00
  -4.7805394e+00   4.1748826e+01
   2.9186334e+00   5.3649713e+01
   5.4140239e+01  -4.9177008e+00
   8.5682079e+00   3.3200964e+00
  -2.8892135e+01   3.1431919e+01
  -3.8884340e+01   3.1037334e+01
   4.9924974e+00   4.3867155e+01
   3.8616780e+01   4.5716461e+01
  -1.5063451e+01   4.5819728e+01
   3.8556864e+01  -3.3604017e+01
   4.2243948e+01  -2.4308557e+01
   3.6246706e+01  -4.3416816e+01
   2.9502339e+01  -5.2654387e+01
   9.5226695e+00  -5.3814322e+01
   1.2582132e+01  -3.7757942e+01
   1.2115612e+01  -2.7768936e+01
  -1.8143621e+01  -5.7511313e+01
  -4.0637114e+01   2.1192145e+01
  -6.1709895e+01   1.4103407e+01
  -6.7285919e+01  -1.5810579e+01
  -5.5710801e+01   6.1027836e+00
  -3.6991746e+01   1.1880256e+01
  -3.8319042e+01   7.0220003e-02
  -6.3815863e+00  -2.9982050e+01
  -3.6687478e+00  -6.8871525e+01
  -2.0138441e+01  -4.6432612e+01
  -5.2834324e+00  -1.1400136e+01
  -9.4833452e+00  -2.0475324e+01
   2.9728876e+00  -6.1395745e+01
   5.8858833e+01   1.5142629e+01
   2.8620524e+01   3.0991666e+01
   4.3479991e+01   2.7857474e+01
   1.5153239e+01   1.9996644e+01
  -2.7687693e+01  -5.4526257e+01
   3.7443777e+01  -1.5512884e+01
   2.9466214e+01   3.5946712e+00
   5.6336210e+01   3.0827157e+01
   4.4850828e+01  -8.7886273e+00
  -4.7926606e+01  -3.0288297e+01
   4.8765391e+01   1.2430178e+01
  -8.0949831e+00   2.7316183e+01
  -3.7763836e+00   6.5227477e+01
  -2.1973455e+01   6.2338210e+01
  -1.2414316e+00   1.9974887e+01
   7.2224270e+01  -7.4142137e+00
  -1.3553928e+00   2.0870920e+00
   2.5128503e+01   6.0403450e+01
   4.9633353e+01  -1.7570851e+01
  -1.9380129e+01   2.8346226e+01
  -3.8551629e+01  -2.6808886e+01
  -3.0437431e+01   4.6113117e+01
   1.9069092e+01   3.9498149e+01
   1.2916460e+01   5.3424341e+01
   1.9410755e+01   1.9656570e+00
   2.8873185e+01   4.1631370e+01
   4.5422464e+01   5.3043294e+01
  -1.0153280e+01  -2.6661578e+00
