   2.5821918e+01   6.4795301e+01
   6.6618958e+01   5.5655531e+01
  -4.6488468e+01   3.5895979e+01
  -5.9385627e+00  -6.0053992e+01
  -4.9367252e+00  -5.0250440e+01
  -7.6628213e+01   1.3322492e+01
   5.5315947e+01  -5.0260279e+01
   5.5503118e+01  -2.9732890e+01
   7.3777556e+01  -5.4049728e+01
  -5.1752179e+00  -3.4727117e+01
   6.5129926e+01  -1.5850436e+01
  -3.2356627e+01  -4.1595408e+00
   6.8370380e+01   3.5636824e+00
   6.6102165e+01  -4.7678064e+01
  -9.0158104e+01  -3.5328368e+01
   7.7701184e+01  -3.1130619e+01
   3.8680352e+01   5.2785362e+01
   1.6276143e+01   4.4592119e+01
   1.4302050e+01   7.3073372e+01
   4.3818554e+01   1.6641789e+01
   1.2527582e+01   1.1916007e+01
  -6.6072438e+01  -2.2878179e+01
  -4.8789012e+01  -8.8530032e+01
   8.5246695e+00   2.1024241e+01
  -9.7070684e+01   1.3682550e+01
  -2.7268594e+01   8.2336141e+01
   5.8597343e+01   1.6837530e+00
  -4.2201988e+01  -5.7905580e+00
  -3.3977623e+01  -9.6928766e+01
   6.0495419e+00  -9.8166788e+01
   3.5818204e+01   4.3252169e+01
   4.8743376e+01  -7.9885244e+01
  -1.3905627e+00   7.3278109e+01
  -2.4596867e+01   5.5595812e+01
   6.7162204e+01  -7.2264765e+01
  -5.8768331e+01   3.4995773e+01
  -4.9787040e+01   6.2953041e+01
   5.0852591e+01  -6.8720379e+01
   3.4231785e+01  -5.2944919e+01
  -7.5793272e+01  -7.5536584e+01
  -5.7440922e+01  -6.5758585e+01
   1.4641856e+01  -3.0501017e+01
   2.0134929e+01   1.8201498e+01
   2.6423146e+01  -3.1296770e+00
  -2.8406949e+00  -5.9405690e+00
   1.2674658e+01  -1.4770864e+01
   8.2633565e+01   1.3253748e+01
   4.8456997e+01   2.5288968e+01
   8.2728566e+01   6.6785476e+01
   3.8715667e+01   9.8570875e+01
   9.9527379e+01   3.9571036e+01
   9.7921053e+01  -6.7177631e+01
  -5.2193508e+01  -1.9601156e+01
  -3.4655241e+01  -5.5788213e+01
  -6.5430307e+01  -7.1736382e+01
   9.0227063e+01  -4.8800087e+01
  -1.4949711e+01  -3.2999601e+01
  -5.2010372e+01   2.7577757e+01
  -1.5549306e+01   5.1369211e+01
  -7.5139677e+01   7.6047508e+01
  -5.8424442e+01   9.3396246e-01
  -4.7100106e+01   9.6515397e+01
  -7.6261624e+01   4.4726365e+01
  -8.7525341e+01   9.2077968e+01
  -2.7567960e+01   3.4940331e+01
  -5.0821901e+01   1.6557015e+01
  -3.1627476e+01   1.0714588e+01
   7.7781547e+01  -6.5175655e+01
  -7.5411300e+01   3.4485231e+01
  -6.2356621e+01   9.0940937e+01
   3.9492618e+01  -4.1680373e+01
   4.7439619e+01  -2.3836982e+01
   2.2578308e+01  -7.4364131e+01
   3.8957738e+01  -1.8793737e+01
   9.9192152e+01  -3.1052376e+01
  -6.0898358e+01  -3.7320104e+01
  -8.7853222e+01  -2.5597781e+01
   1.2001378e+01  -5.7957133e+01
   7.6402682e+01   9.8314089e+01
   6.0510416e+01   3.1120316e+01
  -8.3661420e+01  -6.6705431e+01
   4.1167439e+01   3.4130644e+01
   6.0992976e+01   8.6653948e+01
   6.4707510e+01   6.5548447e+01
  -1.0939340e+01  -1.9097953e+01
   9.2506672e+01   6.4925741e+01
  -2.9228023e+01  -2.5469294e+01
   9.1390507e+01   1.7500094e+01
  -4.0198172e+01  -6.3876699e+01
  -3.8989399e+01  -8.7290226e+01
   2.9373445e+01  -2.1249943e+01
   7.1545239e+01  -9.9083335e+01
   1.2862352e+01   5.3847937e+01
   1.2741172e+01   8.4865238e+01
  -4.0403716e+00   6.3669879e+01
   9.4028908e+00  -8.4184296e+01
  -8.0206777e+01   8.4924593e+01
  -1.3683382e+01   6.1169016e+01
   4.5881850e+01  -9.0596914e+01
  -9.3955064e+00   8.0953641e+01
  -8.7879229e+01   5.8895661e+01
  -3.4354229e+01   5.3449145e+01
   1.4738559e+01  -9.2620539e+01
  -2.4759434e+01   2.5370909e+01
  -4.1424359e+01   1.3149527e+01
   2.1639028e+01  -5.5914912e+01
  -5.3215957e+01   8.6907007e+01
   4.9058176e+01  -5.8920323e+01
  -8.9768432e+01   1.2437906e+00
   8.4398718e+01  -1.9333980e+01
  -8.9958265e+01   2.1142407e+01
  -6.5689437e+01  -6.0219082e+01
  -8.9027981e+01  -8.7315438e+01
   1.5045848e+01  -4.8455144e+01
   2.6149853e+01  -4.7121593e+01
  -7.9034131e+01  -3.5911212e+01
   3.1202731e+01   3.4480574e+01
   6.9363322e+00  -6.8436423e+00
   8.6048271e+01   9.5687561e+01
   4.5160454e+01   6.3806589e+00
   7.8199053e+01  -2.7283766e+00
   6.7470860e+01   2.1728455e+01
   5.7289169e+01   5.8807406e+01
  -8.8972828e+01  -4.8777692e+01
   6.8849260e+01   8.0518879e+01
   4.2447996e+01   6.9891834e+01
   6.5013405e+01   4.6020413e+01
   3.5607617e+01   6.9321507e-01
  -1.3456018e+01  -9.8285613e+01
  -3.0242477e+01  -4.5114638e+01
  -4.8028542e+01  -3.0332319e+01
  -7.2661151e+01  -1.4351956e+01
  -6.6155756e+01  -5.4001369e+00
  -8.0191853e+01   4.0298309e+00
  -1.9445140e+01  -2.4122646e+01
  -2.6640824e+01  -6.2955633e+01
  -6.8492193e+01  -8.2353402e+01
  -2.3937380e+01  -8.2566085e+01
   1.9467140e+01  -2.1770881e+01
   1.9326011e+01  -8.3745519e+01
   3.9313749e+01  -8.3089798e+01
   4.1790679e+01  -7.2784218e+01
   9.5994801e+01  -8.6513964e+01
   1.3804529e+01   2.9499134e+01
   4.5676068e+01   4.3027696e+01
   4.9435119e+01  -4.2191372e+01
   2.1338931e+01   3.6069835e+01
  -9.4024770e+01   3.0432190e+01
   5.7850295e+01  -7.5826853e+01
   5.6055720e+01  -8.6622700e+01
  -9.9578521e+00   4.3115355e+01
   4.0027422e+00   4.7198772e+01
   3.1293373e+01   8.1908666e+01
  -1.1083516e+01   7.0825199e+01
   3.5144510e+00   5.7192757e+01
  -7.9998195e+01   6.5046453e+01
  -6.8402797e+01   7.3440296e+00
  -4.8510899e+01   2.1668345e+00
   4.4840384e+01  -3.3348594e+01
   5.5616201e+01  -1.8392550e+01
   3.5557176e+01  -2.9328374e+01
  -7.4793567e+01   9.3574191e+01
  -2.2416809e+01   6.5982008e+01
   3.1194978e+00   8.2172899e+01
  -8.5172094e+01   4.9274570e+01
  -1.6794283e+01   9.6565255e+01
  -2.8130814e+01   9.2296547e+01
   2.9565840e+01  -6.1778257e+01
   1.2685953e+01  -7.4853614e+01
  -4.4200990e+01   5.1739987e+01
  -6.7068332e+01   9.9923674e+01
  -6.1015248e+01   8.0585152e+01
  -7.5856298e+01  -2.4733445e+01
   3.9483931e+01  -6.1560884e+01
  -4.3162596e+01   2.2974658e+01
   4.3902215e+01  -5.0502168e+01
  -3.8626759e+01   3.5792074e+00
   5.8382966e+01  -6.2198770e+01
  -8.3675633e+00   2.9491965e+01
   2.6285533e+01  -9.0870852e+01
   5.9215588e+01  -4.0472634e+01
   8.0116684e+01  -4.6343029e+01
  -5.8443246e+01   4.4968305e+01
  -4.3771778e+01   7.0934788e+01
  -7.3050407e+01  -5.3555073e+01
   3.0330890e+01  -3.8130611e+01
  -7.6842591e+01   5.5263662e+01
  -9.3815354e+01  -9.6224807e+01
  -9.9204081e+01   8.6190064e+01
  -8.5420722e+00   9.0917157e+01
   1.0293976e+00  -4.2274231e+01
   6.5421032e+01  -3.2841807e+01
  -6.1444041e+01  -4.7135104e+01
   1.1161314e+01   9.9684134e+01
  -4.8428404e+01  -5.9557429e+01
  -9.2373050e+01  -1.6677661e+01
  -9.6905450e+01  -4.2710320e+01
  -8.2388020e+01  -1.7216920e+01
  -1.3269014e+01  -9.5782268e+00
   5.1142461e+01   3.4714558e+01
   5.7584593e+01   2.1389526e+01
   7.8833370e+01   8.0141197e+01
   9.4871167e+01   9.0992026e+01
   2.6318547e+00   1.2963916e+01
  -2.2771959e+00  -6.9258583e+01
   9.3090607e-01  -7.8708444e+01
  -9.6596268e+01   4.0092068e+01
   5.7346644e+01  -8.6210478e+00
   6.6835514e+01  -6.0926084e+00
   6.2660541e+01   1.2350899e+01
  -2.5236203e+01   3.0397150e+00
   9.2386195e+01  -9.7556372e+00
   1.8493905e+01   3.9360670e+00
  -2.1615369e+00   2.1672156e+01
   6.4128904e+01   9.8259599e+01
   6.0448665e+01   7.4596222e+01
  -8.4247689e+01  -9.9132809e+01
   2.8512357e+01   5.5030722e+01
   3.5439326e+01   6.2232664e+01
   3.0874635e+01   1.8910760e+01
   7.4359825e+01   6.1608378e+01
   4.5204048e+01   6.0334911e+01
   5.1017052e+01   8.6670506e+01
   7.5103681e+01   4.9999642e+01
   5.0250692e+01   5.1828152e+01
   8.3522079e+01  -5.6213870e+01
   8.5762997e+01  -3.8101607e+01
  -9.2780069e+00  -7.6259229e+01
  -9.3347147e+01   6.8493915e+01
   7.2385283e+01   1.2503114e+01
   9.6069747e+01  -5.6197499e-01
   9.2234511e+01   2.7392477e+01
  -4.2816064e+01  -7.7779161e+01
  -4.3072245e+01  -9.8012178e+01
  -8.6886787e+01  -8.3159911e+00
   9.5817891e+01   8.1051048e+01
   8.6759755e+01   4.6541645e+01
  -7.9439734e+01  -4.5899423e+01
  -3.3320943e+01  -7.0056922e+01
  -1.6522089e+01  -5.7980224e+01
  -4.8332373e+01  -6.9582885e+01
   3.7335103e+01  -9.0334022e+00
  -2.6337331e+01  -9.1751316e+01
   2.3999095e+01  -1.2827645e+01
  -5.3927693e+01  -9.6841695e+01
   7.8365977e+01   5.2340460e+00
   2.4725955e+01  -3.0055700e+01
   2.6286106e+01   1.0036832e+01
   9.5426945e+01  -9.6496882e+01
   1.1681347e+00  -8.9573365e+01
   6.5253259e+01  -8.2720241e+01
   6.3302068e+01  -9.3458889e+01
   8.0659958e+01  -9.4984337e+01
  -1.7754656e+01   8.6499462e+01
  -1.9902688e+01   4.2371769e+01
  -3.9872113e+01   6.1746745e+01
  -5.5830510e+00   5.3079039e+01
  -1.9845384e+01   7.5641073e+01
  -3.5935167e+01   7.7356252e+01
  -6.1762035e+01   2.5479973e+01
   5.3760650e+01  -9.6731874e+01
  -3.9429593e+01   4.2957978e+01
   3.6104336e+01  -9.2666598e+01
   2.0386350e+01   9.1305915e+01
  -8.4867621e+01   7.3778944e+01
   4.7418258e+00   9.2025052e+01
   8.7649344e+01  -6.6565933e+01
   3.2009458e+01  -7.1395801e+01
   6.8265897e+01  -6.2342943e+01
   3.2706885e+01   7.2020432e+01
   6.3741165e+00   6.6866201e+01
   1.5990847e+01   6.3258972e+01
   2.6147068e+01   4.5332383e+01
  -5.3962594e+01   5.3883793e+01
  -3.7526424e+01   8.7439668e+01
  -5.6731049e+01   9.9203648e+01
  -3.7143536e+01   9.7441482e+01
   2.1737063e+01  -9.9752803e+01
  -9.6841776e+01   9.5906890e+01
  -7.0167177e+01   8.4711185e+01
  -2.9597412e+01   4.4699597e+01
   2.9520247e+01  -8.1437078e+01
  -5.3229037e+01   7.4310209e+01
  -4.5314356e+01   8.0800596e+01
   7.4961490e+01  -1.7262100e+01
  -3.3485067e+01   2.0526110e+01
   7.2619874e+01  -3.9737112e+01
  -8.7313540e+01   1.1490726e+01
  -3.6436387e+01   3.0350740e+01
  -1.1879843e+00   3.8423335e+01
  -1.7856770e+01   3.2594545e+01
  -3.2168101e+01   6.8104524e+01
   9.5648537e+01  -4.0401508e+01
  -9.8627163e+01  -7.7649869e+01
  -8.4657647e+01   3.9296340e+01
  -7.6137925e+01   2.3287801e+01
  -8.4093624e+01   2.9322302e+01
   2.8161478e+01   9.7851994e+01
  -9.9378732e+01   3.9529102e+00
   1.6856998e+01  -5.8289664e+00
  -8.9960030e+01   8.2380395e+01
   8.9536412e+01  -2.8155826e+01
   4.1285995e+01   8.8910524e+01
  -9.9025376e+01  -8.7635047e+01
  -6.7288714e+01   4.0314394e+01
  -6.7955933e+01   5.0294421e+01
   1.8496548e+01  -6.5382031e+01
   1.0546665e+01  -3.9595686e+01
  -6.9618946e+01  -3.2498071e+01
  -7.0124571e+01  -4.2440384e+01
  -2.4402574e+00   9.8977405e+01
   4.8982860e+00  -5.1289002e+01
  -5.9418579e+01  -8.8094103e+01
  -8.6254055e+01  -7.7081002e+01
  -7.3785277e+01  -6.5789920e+01
  -8.2505737e+01  -5.6774029e+01
  -5.7835133e+01  -7.8231125e+01
   7.0195966e+01  -2.4622778e+01
  -5.9064823e+01   1.0910406e+01
  -5.7042395e+01  -5.5728042e+01
  -9.2574619e+01  -5.8092024e+01
  -6.7503594e+01   1.7338238e+01
  -1.1013830e+01  -4.2551043e+01
  -3.2730360e+00  -2.5261871e+01
  -1.5370062e+00  -1.5625356e+01
   4.3596281e+00  -3.1833087e+01
  -9.8817583e+01  -2.4323716e+01
   2.1481756e+01   8.0013499e+01
   8.7730494e+00   3.8161191e+01
  -3.0155605e+01  -3.5320200e+01
  -9.6651939e+01  -6.0025309e+00
   4.6779867e+01  -1.2306003e+01
  -9.3299604e+01  -6.9207230e+01
  -1.3596819e+00   3.8710769e+00
   6.0750481e+00  -2.2065307e+01
   8.5719033e+00   2.8737497e+00
   4.9540642e+01  -2.5199978e+00
  -9.5146406e+01   4.9982041e+01
   7.2934793e+01   7.1444805e+01
   9.2714353e+01   5.4931709e+01
   8.7623604e+01   7.5404541e+01
   3.6354814e+00   2.9698572e+01
   7.0301270e+01   9.0397670e+01
   9.4459426e+01  -1.9479948e+01
  -2.2733869e+01  -6.6274513e+00
   5.2248713e+01   9.6553615e+01
   2.0412659e+01  -3.9007039e+01
  -7.6997457e+01  -9.2245780e+01
   5.2292510e+01   6.7335708e+01
  -1.0655116e+01  -1.4500783e-01
  -3.8226541e+01  -2.9542357e+01
   4.9579552e+01   7.6857897e+01
   8.2831047e+01   5.6355702e+01
   5.5576767e+01   4.3485233e+01
   5.2857445e+01   1.2616072e+01
   2.4916353e+01   2.6836662e+01
   3.6148598e+01   1.0526954e+01
  -5.7596606e+01  -2.7989010e+01
  -2.0711548e+01  -4.3271802e+01
   9.3290996e+01  -5.8317159e+01
  -2.5648677e+01  -1.6203065e+01
  -7.8464719e+00  -8.5938790e+01
   9.4611679e+01  -7.6611742e+01
   8.9854341e+01   3.7058061e+01
  -9.7892143e+01   5.9592885e+01
  -1.2940304e+01  -6.7138340e+01
   9.9061137e+01   9.4155899e+00
   8.9523391e+01   6.6425966e+00
   7.2412741e+00  -6.6595441e+01
  -7.7289171e+01  -5.5070424e+00
  -5.9821292e+01  -1.3137053e+01
  -4.0551452e+01  -1.5653404e+01
   7.7305144e+01   2.0701291e+01
  -2.5084634e+01  -5.3277640e+01
  -1.6952008e+01  -8.9149682e+01
  -6.3070100e+01  -9.7635505e+01
  -3.3104924e+01  -7.9548275e+01
  -2.4127694e+01  -7.3078374e+01
   7.5880282e+01  -9.6318946e+00
