   3.0253779e+01  -3.3457695e+01
   4.0473030e+01  -4.9259305e+01
   5.5249985e+01   7.5693692e+01
   4.6405954e+01   5.1721919e+01
  -2.8810731e+01   5.3395151e+01
  -8.1383479e+01   3.7036273e+01
   1.4342942e+01  -2.1215065e+01
  -1.6910004e+01   6.9837824e+01
   6.6047527e+01  -1.3626532e+01
  -5.5367725e+01  -5.1160002e+00
   8.8710945e+01   4.1454942e+01
  -6.5605215e+01  -7.9593018e+01
  -3.2152653e+01  -5.5067338e+01
  -9.7610524e+01  -4.1019687e+01
  -2.8483483e+01   2.0587702e+01
  -2.1333087e+01   2.7597500e+01
  -3.9173513e+01   3.2325718e+01
  -6.8491985e+01  -6.7501633e+01
  -4.5858828e+01  -8.3165811e+01
  -5.2237014e+01   3.7281908e+01
  -7.0853722e-02  -2.8115323e+01
  -8.3866366e+01  -7.6115830e+01
  -6.8021555e+01  -3.8610947e+01
   9.2933864e+01   1.7550676e+01
  -1.2409804e+01   6.0895255e+01
   4.0683721e+01   3.4965699e+01
   4.2868175e+01   7.0758286e+01
  -7.1761183e+01  -2.8173792e+01
   5.8948485e+01  -2.0711029e+01
  -4.9164825e+01  -6.1769338e+01
   1.3011922e+00  -6.2590410e+00
  -7.9373182e+01  -6.7182561e+01
   7.2502480e+01   2.0209382e+01
  -7.2465214e+01  -8.8936449e+01
   5.1691137e+01   9.8179472e+01
   3.7103023e+01   8.4322748e+01
  -7.0632357e+00   3.8256865e+01
  -2.3360428e+01   4.4221113e+01
  -3.8387310e+01   1.9204149e+01
  -4.2848393e+01   6.3872063e+01
  -3.8729517e+01   5.2123270e+01
   5.8125758e+01   4.0684014e+01
  -7.0208803e+01   3.2398815e+01
   4.5622543e+01  -5.7831500e+01
  -6.4891906e+01  -2.0907002e+01
  -8.5355729e+01  -2.3492438e+01
  -3.2858318e+01   6.4317463e+01
   6.0199142e+01  -4.0188518e+00
   5.4119462e+01  -1.1955184e+01
   1.8566031e+01  -3.0591258e+01
  -8.0822145e+01  -3.2403588e+01
   3.5341224e+01   5.3118183e+01
  -1.2784050e+01  -5.5292878e+01
   4.4678810e+01  -3.1895937e+01
  -3.7900515e+01  -7.7110665e+01
  -7.2813460e+01  -5.0661881e+01
  -5.6235796e+01  -8.3087511e+01
  -6.4199408e-01   8.1046207e+01
  -8.2005836e+01  -8.5940765e+01
   1.0047726e+01  -1.1115565e+01
  -9.9405046e+01  -6.3147649e+01
   3.7268019e+00  -1.8864495e+01
   8.4411413e+01   5.0482753e+01
  -5.6345986e+01  -5.4810748e+01
   7.5082424e+01   9.2429273e+00
   8.6062325e+01   2.4871539e+01
   6.1056782e+01   9.4682220e+01
   4.5881509e+01   9.0061750e+01
   3.1478939e+01   7.6054153e+01
  -9.3507230e+01  -5.0138805e+01
  -9.1579369e+01  -3.3035810e+01
  -9.3303931e+01  -1.4280562e+01
   8.3653186e+01  -1.2689509e+01
   3.8631740e+01   9.6926646e+01
  -2.9266384e+01   3.3685421e+01
  -3.3298084e+01   4.3106220e+01
  -1.1054774e+01   2.8471876e+01
  -1.6920124e+01   3.6571114e+01
  -3.2144165e+01   1.1281822e+01
  -4.6324628e+01   2.5335614e+01
  -6.3033288e+01  -9.2258724e+01
  -5.0019879e+01   4.8776533e+01
  -5.1395749e+01   5.8681429e+01
   5.0797862e+01   3.2254478e+01
  -4.3167203e+01   4.1493620e+01
   5.6603326e+01   5.1226052e+01
  -9.0561234e+01   4.1007270e+01
  -7.8889539e+01   2.7352252e+01
   3.0542848e+01  -4.6216553e+01
   5.3632855e+01  -5.1704592e+01
  -4.7098602e+01  -1.2648939e+01
  -5.6815619e+01  -1.5010546e+01
  -7.5940935e+01  -1.8820236e+01
   6.7147466e+01   3.1663427e+00
  -2.7918378e+01   7.3012116e+01
  -2.3128937e+01   6.2006804e+01
   7.2145090e+01  -5.7006419e+00
   5.0540077e+01  -1.4326898e+00
   6.0235707e+01  -3.0627428e+01
  -1.4128800e-01  -3.8115075e+01
   8.8487879e+00  -3.2952443e+01
  -8.7483239e+01  -4.2157717e+01
  -7.7489716e+01  -4.1828250e+01
  -2.2497400e+01  -5.7669591e+01
   4.2287201e+01   6.0807255e+01
  -2.9441289e+01  -4.5442243e+01
  -3.1935704e+01  -6.9084449e+01
   4.8201276e+01   4.1902248e+01
  -3.9174738e+01  -6.2186152e+01
  -8.0351198e+01  -5.7231057e+01
   3.8207122e+01  -3.9519405e+01
   4.8000553e+01  -4.1570168e+01
  -5.2802261e+01  -9.2479034e+01
  -1.9037597e+01   8.0200987e+01
  -9.6019669e+01  -7.8283480e+01
  -9.6606034e+00   7.6725943e+01
  -8.2549200e+01  -9.5925771e+01
  -9.1324415e+01  -6.9454671e+01
   1.0114897e+01  -1.1157903e+00
   1.9952728e+01  -9.7404515e+00
  -9.0081603e+01  -5.9532946e+01
   9.5648036e+01   4.8657341e+01
  -9.7705165e+00  -9.8640995e+01
   7.4420110e+01   5.0069154e+01
  -6.2637855e+01  -4.7038010e+01
  -5.8690977e+01  -6.4807195e+01
  -5.3635427e+01  -7.3432609e+01
  -6.5870982e+01  -5.7852081e+01
   8.6797305e+01   6.1211279e+00
   9.6587046e+01   8.1572578e+00
  -7.0663790e+01  -9.8795971e+01
   8.2984047e+01   1.5363095e+01
   9.4049218e+01  -4.5101172e+00
   9.2745421e+01   3.2306127e+01
   4.6287479e+01   8.0109963e+01
   5.6437932e+01   8.5782780e+01
   3.3918518e+01   6.6321800e+01
   2.4307495e+01   6.9066191e+01
  -9.5790645e+01  -2.3966257e+01
   8.2258739e+01  -2.7879813e+00
   9.2590880e+01  -1.7174222e+01
   3.0089341e+01   9.1732599e+01
