   4.1400147e+01  -3.2103548e+01
   6.9003584e+01  -7.4465147e+00
  -2.7497919e+01   5.0057134e+01
  -8.1780730e+01  -6.9204175e+01
  -6.1024904e+01  -7.6218654e+01
  -5.8753137e+00  -1.1324127e+01
  -5.7794535e+01   1.4717841e+01
   7.6039648e+01   4.9871597e+01
  -5.7809662e+01   3.1691652e+01
   1.8280896e+01   5.7609894e+01
   1.4938640e+01   7.7462789e+01
  -5.8793398e+01  -5.0722131e+01
  -4.8613922e+01   4.7683651e+00
   5.7745088e+01  -5.2316984e+01
   7.1143774e+01  -4.1038894e+01
  -9.4853395e+01  -3.0389886e+01
   5.5883895e+01  -3.4829399e+01
  -2.2382271e+01   9.6301892e+01
   6.9457817e+00   7.1170450e+01
  -1.0657443e+01   6.6196517e+01
  -2.9461003e+01   1.0015245e+01
  -3.9887522e+01   8.7674547e+00
  -8.7536370e+01   4.8129166e+01
   2.2247488e+01   3.6287138e+01
  -7.9839296e+01   6.2823891e+01
   1.1724330e+01  -5.0704208e+01
  -2.8517304e+01   8.7892465e+01
   3.0662613e+01  -4.8456946e+01
   7.5579530e+01  -3.2083117e+01
   4.7345995e+01   7.4409373e+00
   2.3670084e+00  -6.5107138e+01
  -2.9798651e+01  -9.8472788e+01
   4.7727033e+01   6.2533079e+01
  -1.9672810e+01  -2.8493263e+01
   8.7517762e+01   7.8539820e+01
   8.1249767e+01   5.8627021e+01
  -6.6716020e+01  -2.7626420e+01
   7.3794944e+01   7.8913910e+00
   6.7349113e+01   7.4769669e+01
   4.3289003e+01   8.0937002e+01
   7.8587131e+01   8.6743684e+01
   9.4483529e+01  -3.4565607e+01
   1.9877936e+01   9.7247805e+01
  -7.9065960e+00   2.7571698e+01
  -5.7147289e-01   5.4856171e+01
  -2.2812415e+00   3.6262233e+01
   3.3167020e+01   3.0019536e+01
  -5.9082193e+01   5.1236087e+01
  -7.9605282e+01   8.5152238e+01
   5.7143271e+01   6.8241718e+00
  -6.8756381e+01   2.1527004e+01
  -7.7765901e+01  -1.3410424e+01
   6.9212363e+01  -6.9587097e+01
   8.5391429e+00   6.0892269e+01
   3.9268026e+01  -8.4021379e+01
  -6.6490063e+01  -3.6470760e+01
  -6.7486185e+01   2.2414629e+00
  -9.5486355e+01  -9.6423475e+00
  -3.2500273e+01   7.7473260e+01
   5.8932818e+01  -6.9399307e+00
  -8.6791008e+01   2.6208426e+01
   6.3895824e+01  -1.5931065e+01
   4.4322925e+01  -2.0508646e+01
   5.9604755e+01  -2.4848736e+01
  -4.0109181e+01  -5.9174995e+01
  -8.1853939e+01  -5.3919346e+01
  -9.3781066e+01  -8.3070757e+01
  -1.9877233e+01  -4.3245678e+01
  -3.9723069e+01  -9.7321057e+01
  -2.8769580e+01  -5.5963501e+01
   5.4334196e+01  -7.2857404e+01
   4.6602351e+01   1.9092351e+01
   3.1854158e+01   5.1675537e+01
   4.1259769e+01   5.4963340e+01
  -4.1609316e+00   7.4198909e+01
  -6.4165078e+01  -8.7695927e+01
  -7.3420346e+00   9.3916450e+01
   7.3897838e+01   6.7406834e+01
   2.5195709e+00  -9.3266813e+01
   1.5492844e+01   1.1202706e+01
   2.0987965e+01   3.0056341e+00
  -7.6689619e+01  -4.5496199e+01
  -4.6758446e+01  -9.0212506e+01
   2.6929096e+01  -3.7646696e+01
   7.8098135e+01  -1.1514399e+01
   9.0697655e+01   5.6718558e+01
   6.5904758e+01   1.4012211e+01
   9.5873157e+01   2.0377234e+01
   5.0134649e+01   3.5848332e+01
  -4.4268089e+01  -6.8259961e+01
   3.8343875e+01   9.9037902e+01
   6.6553391e+01   8.4592392e+01
   2.4238482e+01   7.3326612e+01
   9.9174015e+01  -1.6068361e+01
   5.2704983e+01   9.8456832e+01
   2.3441404e+01   2.6284057e+01
   4.3075519e+00   2.8771006e+01
   1.0012842e+01   3.9316555e+01
  -2.8304395e+01  -2.2003063e+00
  -4.2978859e+01   2.4698604e+01
  -2.7801980e+01   2.1596892e+01
  -3.9932948e+01   7.0798989e+01
   3.9628164e+01   3.7812351e+01
   3.9065410e+01   1.2526112e+01
  -2.9220667e+01   6.8040855e+01
  -4.8757688e+01   7.7735695e+01
  -3.7324417e+01   3.2820141e+01
  -6.9081128e+01   5.0623311e+01
  -5.2629007e+01   9.6835138e+01
  -3.3766150e+01  -1.6385540e+01
   5.1760877e+01   5.3616163e+01
  -8.5558312e+01   3.8334391e+01
  -9.7382490e+01   4.9805610e+01
   2.0840704e+01  -4.6601465e+01
   2.1687007e+01  -6.6824700e+01
   7.1227821e+01  -5.9821162e+01
  -2.2771005e+01   7.9711435e+01
   3.1386542e+01  -6.9106913e+01
  -9.9881932e+00  -7.9840555e+01
   4.0020449e+00  -3.5522496e+01
  -1.8034530e+00  -7.4130661e+01
   1.8858575e+01  -3.1849159e+01
  -1.1755989e+01  -2.2300337e+01
   3.5186685e+00  -4.5310333e+01
  -9.3767159e+01  -7.1354264e+01
  -7.8273039e+01  -8.6090110e+01
  -2.6099723e+01  -1.0737234e+01
  -3.9238215e+01  -2.4032110e+01
  -4.0396546e+01  -7.7475383e+01
  -8.2569265e+01  -9.8646609e+01
  -6.8253451e+00  -8.9700517e+01
  -7.5948722e+01  -3.4484861e+01
   9.9588152e+01   8.4332099e+01
  -1.8003388e+00   7.0864056e+00
  -1.0278979e+00   2.0314511e+01
  -5.7279675e+01  -1.2096836e+01
   9.4308690e+00  -2.5847244e+01
   2.9414171e+01  -1.8585813e+01
   8.9864671e+01   3.4835487e+01
   7.7050284e+01  -1.5658030e+00
   9.8838932e+01   3.0063050e+01
   6.0048783e+01   3.3863245e+01
   8.3517127e+01   1.6718839e+01
   6.1308553e+01   5.5821322e+01
   9.8959174e+01   3.8996166e+00
   4.3430271e+01   7.1266167e+01
   7.9335808e+01   9.6753228e+01
   5.1239085e+00   8.0991430e+01
   3.8229262e+01  -6.1618680e+01
   4.6748819e+01  -6.6521776e+01
   6.5621191e+01  -3.2747837e+01
   5.8421814e+01   9.0277847e+01
  -2.1835378e+01   3.9626152e+01
  -7.8437198e+00   4.6627379e+01
  -7.5679966e-01   6.4817149e+01
  -1.2222008e+01   3.6987376e+01
  -4.6984026e+01   1.5216590e+01
  -3.6164483e+01   9.0477500e-01
  -3.6511951e+01   1.7444645e+01
  -3.1722064e+01   4.1034722e+01
  -7.7217942e+01   1.0522591e+01
  -6.7320053e+01   1.1895171e+01
   3.0491851e+01   4.1804026e+01
   2.3914988e+01   1.6207978e+01
  -4.2247682e+01   6.1083854e+01
  -4.1965961e+01   4.1639441e+01
   4.3183134e+01   2.8480652e+01
   5.6311261e+01   1.6763860e+01
   5.3368418e+01   2.6432849e+01
   5.7246279e+01   4.3455133e+01
  -3.2574262e+01   5.8637163e+01
  -5.8468096e+01   8.8615613e+01
  -5.6707615e+01   4.1563301e+01
  -4.9662934e+01   6.7785669e+01
  -4.8512102e+01   8.7726909e+01
  -8.9654730e+01   5.8251339e+01
   4.6729988e+01   4.5166102e+01
   2.2465426e+01  -8.5900599e+01
  -7.5901668e+01   7.5417210e+01
   5.9817588e+01  -6.4409170e+01
   6.7838055e+01  -5.0461337e+01
  -3.8852997e+01   8.5173329e+01
  -1.2802256e+01   7.9199949e+01
   5.0337362e+01  -1.9668123e+00
   4.5346605e+01  -1.0565225e+01
   1.1489600e+01  -8.6391746e+01
  -1.7619008e+01   4.8655863e+01
   9.4492348e+00  -7.3882264e+01
   4.0044353e+01  -7.4059036e+01
   3.0284109e+01  -7.9529394e+01
   5.0122897e+01  -2.7282631e+01
   9.3947080e+01  -2.4582887e+01
   1.3406842e+01  -3.9925876e+01
   4.8783141e+01  -5.6734467e+01
  -6.7498124e+01  -1.4728907e+01
  -3.2042382e+01   9.8876925e+01
   3.9536986e+01  -4.1892988e+01
   6.5683959e+01   1.8893171e+00
   5.3930976e+01  -1.5625305e+01
   7.0308343e+01  -2.3590733e+01
  -9.7533961e+01   8.7758141e-01
   2.2357161e+01  -2.3282964e+01
  -7.6022605e-02  -5.4477656e+01
   4.0462992e+01  -4.9331009e-01
   3.2293121e+01   5.2504763e+00
  -8.4773111e+01  -4.0013578e+01
  -5.9596509e+00  -4.2371994e+01
   6.1294688e+01  -4.2997491e+01
  -9.1350909e+01   8.7368746e+00
  -7.0400212e+01  -8.0032594e+01
  -9.5436916e+01   3.6787063e+01
  -6.9073702e+01  -5.4510462e+01
  -1.8168301e+01  -6.2882074e+01
  -5.5951088e+01  -6.7346495e+01
  -7.5715143e+01  -6.1478765e+01
  -5.3880465e+01  -9.7191160e+01
  -1.5878285e+01   8.8710728e+01
  -1.9838788e+01  -9.7728793e+01
   2.6282774e+01   6.3552236e+01
   2.2386241e+01   4.8496645e+01
   3.6171188e+01   6.4541891e+01
   1.7875945e+01   8.7022275e+01
   2.6999223e+01   8.2929254e+01
   3.3959511e+01   7.5671754e+01
  -5.6743751e+01  -2.9776476e+01
  -7.4178273e+01  -2.2238695e+01
   8.1385068e+00   9.0520279e+01
  -6.6932270e+01  -4.5485757e+01
   7.0859276e+01   5.8097841e+01
   8.3673393e+01   6.8695916e+01
   5.4958986e+01   6.9393463e+01
  -4.2695103e+00   8.4403130e+01
   1.6194743e+01   6.7391285e+01
   9.8767120e+01  -6.0867951e+00
   3.4629926e+00  -1.2383211e+01
  -1.5273162e+01  -1.2763503e+01
  -1.4970895e+01  -3.5312615e+00
  -2.6974573e+01  -3.6512789e+01
   5.8161765e+00   1.2935555e+01
   7.7672863e+01   7.6785405e+01
   8.5653944e+01   4.8080672e+01
   3.2120484e+01  -2.8446319e+01
   1.9255274e+01  -5.6954914e+01
   1.1087458e+01   2.5574108e+00
  -6.4857941e+01  -6.3221807e+01
   8.7427836e+01   2.5602976e+01
   1.2179624e+01  -6.3893778e+01
   8.3591978e+01   5.9571106e+00
   7.4036436e+01   1.9799547e+01
   6.4775480e+01   2.4024610e+01
   8.7237741e+01  -5.4872319e+00
   6.6440699e+01   4.7295360e+01
   8.7240902e+01  -1.5521768e+01
   6.4085406e+01   6.5382248e+01
   5.7398345e+01   7.9073963e+01
   9.2095157e+01   1.1149728e+01
  -9.5581620e+01  -4.0265104e+01
   6.9739861e+01   9.4005219e+01
  -5.1740625e+01   5.8012798e+01
   1.5538690e+00   9.8480797e+01
  -3.0045029e+01  -4.6084455e+01
   4.0073066e+01  -5.1836325e+01
  -2.0057309e+01  -7.7953672e+01
   4.8861821e+01  -8.1213913e+01
   7.8207353e+01  -4.8099020e+01
  -3.2083780e+01  -6.5282710e+01
   2.8751633e+01   9.2786832e+01
   1.4322585e+01   3.0395128e+01
   1.0881371e+01   2.1241810e+01
  -7.6678205e+01   4.3003195e+01
   2.0433384e+00   4.5253564e+01
  -1.7840007e+01   2.8724331e+01
   1.0209660e+01   5.1032832e+01
  -1.1095780e+01   5.6211900e+01
  -5.8229803e+01   4.8196989e+00
  -5.2738131e+01   2.3215490e+01
  -2.7461260e+01   3.1447417e+01
  -2.2178948e+01  -1.9273433e+01
  -3.8519385e+01  -7.9920758e+00
  -1.3323120e+01  -3.5833847e+01
  -4.9375863e+01   4.8321470e+01
  -3.9828387e+01   5.1390002e+01
  -4.7656626e+01   3.3439088e+01
  -6.7770607e+01   3.1271989e+01
  -7.8662814e+01   2.0408060e+01
  -7.8272140e+01   3.1490250e+01
   1.9104698e+01  -7.6483348e+01
  -6.9993993e+01   8.7913236e+01
   6.3124300e+01  -7.7498707e+01
  -5.8718312e+01   7.8620389e+01
  -6.4297008e+01   9.6738374e+01
  -9.9987771e+01   5.9456861e+01
  -9.4350828e+01   6.7714382e+01
   2.8671499e+01  -5.9499535e+01
  -8.5039327e+01   7.1355789e+01
   8.0705525e+01  -6.2976132e+01
  -2.0877093e+01   6.2535324e+01
  -4.4925381e+01  -1.5046079e+01
  -5.2620189e+01  -2.0905561e+01
  -4.1209296e+01   9.4885372e+01
   1.9822828e+00  -8.3322789e+01
  -6.6668852e+01   4.1052312e+01
   8.4319447e+01  -2.7251404e+01
   1.4750190e+01  -1.7365418e+01
   3.7651652e+01  -9.3885199e+01
  -8.0228326e+01   9.9697428e-01
   4.9947972e+01  -4.2997622e+01
  -9.7253943e+01  -6.1981839e+01
   8.5055815e+01  -3.7898762e+01
  -2.4214058e+01  -8.8731852e+01
  -3.7285001e+01  -8.7084604e+01
  -2.9856596e+01  -8.0409892e+01
  -7.2692274e+01  -5.5549970e+00
  -8.5732106e+01  -7.6364160e+00
  -8.4858117e+01  -7.8624481e+01
  -4.8042048e+01  -5.1190333e+00
  -7.8774703e+01   5.2896769e+01
  -7.5328786e+00  -6.4203281e+01
  -9.9474882e+01  -5.0769897e+01
  -7.3371538e+01  -9.4759507e+01
  -9.8374512e+01  -2.1116795e+01
  -9.1430627e-01  -2.6938831e+01
  -9.3230351e+01   1.8558450e+01
  -5.2264226e+01  -5.8115208e+01
  -5.0832859e+01  -7.5827018e+01
  -9.9558892e+00  -9.9196904e+01
  -6.3835847e+01  -9.7648623e+01
  -7.1703885e+01  -7.0355123e+01
   3.7924030e+01   8.9120887e+01
  -8.9899291e+01  -4.8374310e+01
  -4.6855410e+01  -3.0029609e+01
  -9.2768448e+01  -9.5686094e+01
   4.8537766e+01   8.9302702e+01
  -1.9453362e+01  -5.3012887e+01
   9.3476438e+01   6.7163657e+01
   9.1133711e+01   8.9672440e+01
  -9.8641505e+00  -5.4532982e+01
  -6.3772592e+00  -1.3735878e+00
   2.8001385e+00  -2.1147582e+00
  -2.9305750e+01  -2.6103659e+01
  -3.6131631e+01  -3.3189900e+01
   3.2961881e+01   2.0150618e+01
  -8.4955159e+01  -3.0385370e+01
  -8.3890499e+01  -2.0848394e+01
  -5.8155683e+01  -3.9483950e+01
   9.4304695e+01   4.3361098e+01
   2.8069724e+01  -3.8152849e+00
  -2.1686269e+01   1.9459696e+00
   1.1461900e+01  -7.2408369e+00
   3.7154789e+01  -1.5972677e+01
   9.9077393e+01   5.2078677e+01
   9.9500085e+01   3.3933499e+01
