  -9.3703821e+01  -5.0766380e+01
   6.1806712e+00  -9.0130570e+01
  -7.1107634e+01  -2.5778614e+01
   9.3421087e+01   3.6565008e+00
  -5.3393728e+01   4.3231524e+01
   6.1773765e+01  -6.5598547e+01
  -4.8268579e+01   2.0245625e+01
   2.0515827e+01   5.5336047e+01
  -4.0585555e+01  -4.8299065e+00
   6.2502414e+01   6.7500004e+01
  -4.1380822e+00  -9.9791190e+01
   6.0980877e+01   4.0093562e+01
   2.2894942e+00   5.9912689e+01
  -6.7113689e+01  -1.6664065e+01
   2.5112662e+01  -1.4813771e+01
  -2.2061224e+01  -7.8207273e+01
   5.6607292e+01   5.9438287e+01
  -1.0058899e+01   4.0842429e+01
   1.2167375e+01   6.0629936e+01
  -2.7263626e+01   5.7095428e+01
  -7.4005472e+01   2.5202548e+01
  -7.6176952e+01   8.5726099e+01
  -8.9804841e+01  -7.9277909e-01
  -6.0422887e+01  -9.5340994e+01
  -1.7460426e+01  -1.8983580e+01
  -3.0657793e+01  -3.8840636e+00
  -3.8538541e+01  -5.8523614e+01
   3.3431628e+01  -8.3310768e+01
  -2.8389201e+01   2.1857403e+01
  -2.5376009e+01   4.7461899e+01
  -5.2360391e+01   1.1178369e+01
  -3.1709003e+01   7.2320542e+01
   5.3024170e+00  -7.6368876e+01
   9.9537343e+01  -3.3532533e+01
  -7.8966532e+01  -9.0991645e+01
   4.1079261e+01   2.8510554e+01
   9.8673660e+01   7.6155978e+01
  -4.0750422e+00  -1.2325903e+01
   6.4142648e+00  -6.6088402e+01
  -7.9696434e+01  -8.1018768e+01
   7.2679279e+00   9.8659469e+01
  -1.1122731e+01  -6.2801308e+01
   5.1844114e+01  -9.0983508e+01
  -2.2665926e+01  -4.7226897e+01
   1.8307036e+01   8.1942710e+00
  -3.0885572e+01  -3.1279641e+01
   6.9550030e+00   7.9671349e+01
  -9.7478456e+01   4.9964090e+01
  -6.3841170e+00   3.3022021e+01
  -1.2850499e+01   7.7240956e+01
  -2.9580741e+01   3.8575851e+01
  -1.7449484e+01   5.8201818e+01
  -6.2993936e+01   9.6689288e+00
  -5.6428921e+01   2.1435876e+00
  -8.2967015e+01  -8.0426097e+00
   3.8353623e+01  -4.9839809e+01
  -5.2100996e+01   9.6807091e+01
  -3.7877972e+01   8.9897044e+01
   5.5343067e+01  -4.2671999e+01
  -6.4320459e+01   2.6985263e+01
   3.8685923e+01  -3.2309270e+01
  -8.9769535e+01   5.9841633e+01
   7.1649731e+00  -3.2674075e+01
  -8.3247972e+01   9.2517038e+00
   9.5615358e+01   2.7811893e+01
  -7.7914633e+01  -6.0115237e+01
   4.5809421e+01  -2.5362922e+01
  -9.9933875e+01  -4.3007188e+01
  -8.7007710e+01  -1.7077750e+01
   3.8130905e+01   1.9110156e+01
   5.1128888e+01   3.9855178e+01
   7.7409503e+01  -6.1935695e-02
   6.3226177e+01  -4.9393850e+00
   6.6488948e+01   5.8056418e+01
  -1.3735972e+01  -8.3884251e+01
   7.1596472e+01  -6.7245271e+01
  -5.9433644e+01  -6.2877174e+01
  -7.4882772e+00  -3.9621536e+01
  -5.6548654e+01  -2.1119984e+01
   6.6661324e+01  -2.5915832e+01
  -2.6762048e+01   4.9781658e+00
   5.0450974e+01  -3.4083960e+01
  -7.7941079e+01   4.3450478e+01
  -2.9750192e+01   8.4087779e+01
   1.3284609e+01   3.8202330e+01
  -6.8510703e+01   1.7864868e+01
   6.8158818e+01   3.7192742e+00
   9.8721718e+01  -5.5839893e+01
   1.5376086e+01  -9.6898068e+01
   4.3797589e+01  -5.8212986e+01
  -4.7557704e+01   8.7450513e+01
   5.0600939e+01  -1.6338569e+01
  -8.4980116e+01   9.0429072e+01
  -6.1808132e+01   5.0161664e+01
  -9.9975805e+01   2.8575760e+01
  -5.0017749e+01   6.4440066e+01
  -4.2550865e+01  -8.6625422e+01
   2.8388595e+01  -4.9147327e+01
  -3.9732926e+01   3.8302438e+01
   2.2262436e+01  -2.4322993e+01
   1.3830065e+01  -4.2259519e+01
   2.7204218e+01   9.7310189e+01
   8.8741873e+01  -5.6717748e+01
   2.2536631e+01  -8.5566673e+01
   6.3976792e+01  -4.7528028e+01
  -7.4563590e+01  -4.8190134e+01
  -9.7001601e+01  -1.9096357e+01
   7.3019871e+01  -4.3351452e+01
   8.0875087e+01  -4.9528069e+01
  -7.7391156e+01   7.5805379e+01
  -6.2688815e+01  -7.2823347e+01
   5.8026216e+01   7.6727942e+01
  -6.9560466e+01  -3.5837047e+01
   3.6687892e+01   5.9940460e+01
   1.3771182e+01   4.8115052e+01
   1.4683929e+01   7.0274642e+01
   3.6920793e+01   9.3548765e+00
  -2.2131506e+00   6.1783172e+00
   7.4009749e+01   6.9485753e+01
   8.0274179e+01   7.7278589e+01
   6.2922698e+01   8.6088875e+01
   9.9966606e+00  -6.3347928e+00
   9.8386406e+01   9.9880032e+01
   5.5777014e+01  -2.4877793e+01
   1.2278966e+01  -2.4208402e+01
   9.3685696e+01   6.7491246e+01
  -9.8089495e+01  -5.9724911e+01
   9.4683790e+00   3.6016517e+00
   7.7657808e+01   4.9862750e+01
   6.1325974e+01   1.0994095e+01
   3.2274225e+01   6.8892932e+01
   3.3386261e+01   8.9453772e+01
   5.0465886e+01   9.9844600e+01
   5.8048840e+01   4.9597630e+01
  -4.1899184e+01  -7.6710599e+01
   9.4943135e+01   1.6788779e+01
  -3.0547200e+00  -4.8930591e+01
  -6.1891169e+01  -2.9447986e+01
  -5.1197748e+01  -8.0360238e+01
  -2.8905050e+00   7.7943646e+01
   9.9630194e+01  -4.5781649e+01
   1.6020264e+01   1.7831840e+01
  -8.9788234e+01   3.9444314e+01
   4.6349920e-01   4.0779091e+01
   1.5269791e+01   2.8437549e+01
  -2.4254657e+00   2.1385508e+01
  -5.6119778e+00   4.9339987e+01
  -1.5577493e+01   4.8552990e+01
  -7.8752997e+00  -2.1547132e+01
  -2.3516988e+01  -1.0792916e+01
   4.2818767e+01  -8.6709285e+01
  -3.4854765e+01   5.0492301e+01
  -3.4262200e+01   2.9953189e+01
   9.8546625e+01  -8.9231040e+01
  -2.7322651e+01  -1.9978908e+01
  -5.8704988e+01   1.8767787e+01
   8.0190716e+01  -9.4998769e+01
  -5.0512477e+01  -5.8825453e+00
   7.0193934e+01  -9.4755794e+01
  -4.1843261e+01   7.0168828e+01
  -4.4500751e+01  -1.3765527e+01
  -6.4592082e+01  -3.4454279e+00
  -7.8259954e+01   6.8446832e-01
  -7.3036702e+01  -8.6282986e+00
  -8.5779999e+01   1.8468376e+01
  -3.4449938e+01   9.9285107e+01
  -2.3348162e+01   6.6272699e+01
  -2.5443004e+01   9.4933197e+01
  -3.8689517e+01   7.9636886e+01
   5.3444354e+01  -6.7838734e+00
  -1.4345606e+01   2.8771700e+01
  -3.6625012e+01   4.0970181e+00
  -6.8020921e+01   4.2329482e+01
  -4.6523533e+01   3.1379793e+00
  -4.4262588e+01   4.7202209e+01
   1.4288424e+01  -7.2233040e+01
  -5.8349936e+01   7.8437239e+01
   3.3656048e+01  -4.0847132e+01
   6.0428363e+01  -3.3723504e+01
  -1.3046935e+01  -7.3922402e+01
  -4.3415625e+00  -7.8633946e+01
  -2.2731800e+01  -8.8209515e+01
  -3.2703783e+01  -8.8150131e+01
  -6.7303833e+01   9.0326735e+01
  -5.4327509e+01   2.8123477e+01
  -4.1623481e+01  -9.6560593e+01
   2.8706567e+01  -3.1934081e+01
   2.2539541e+01  -6.6844112e+01
  -3.6495076e+00  -8.8531325e+01
   5.7211168e+01  -5.4953253e+01
   4.3588664e+01  -4.1304733e+01
   2.8184036e+01  -5.8848722e+01
   2.3627900e+01  -4.0495274e+01
   4.8636523e+01  -4.9838762e+01
  -7.3330888e+01  -9.9252105e+01
  -1.2111271e+01  -9.3751557e+01
   8.4903264e+01  -2.3259452e+01
  -8.0470319e+01   5.6234191e+01
   3.2000461e+01  -2.2047366e+01
  -9.4961581e+01  -7.8833462e+01
   5.2239904e+01   6.8391030e+01
  -9.1885627e+01   8.3197240e+01
  -7.9133697e+01  -3.8689033e+01
  -6.4923892e+01  -4.6249654e+01
  -1.9469325e+01  -3.7813833e+01
   4.4698929e-01  -3.4369034e+00
  -9.7292736e+01  -3.3415393e+01
   8.3697235e+01   8.8578711e+01
   8.3745967e+01   6.6449889e+01
   9.5216485e+01   8.9785691e+01
   6.7997708e+01   7.7473544e+01
   6.4779638e+00  -5.3340259e+01
   4.3498840e+01  -6.4542117e+00
   4.0654783e+01  -1.6949070e+01
  -8.3816613e+01  -5.1589342e+01
  -8.8708633e+01  -4.1549636e+01
   9.1637298e+01  -1.2506289e+01
   7.5611682e+01   1.0352803e+01
   5.7761866e+01   2.0311034e+01
   3.1625793e+01   3.9957283e+01
   7.9789522e+01  -1.0962938e+01
   3.1271216e+01   3.0006036e+01
   5.2010071e+01   8.9574014e+01
   9.6304383e+01   4.8119124e+01
   4.1397346e+01   3.8298323e+01
   3.7813350e+01   7.7191705e+01
   3.8422676e+01   4.7684641e+01
   2.3238388e+01   4.5222409e+01
   4.6634357e+01   5.9255289e+01
   6.7857428e+01   4.8163266e+01
   4.8156767e+01   4.9390875e+01
   4.7891329e+01   2.1366919e+01
  -3.6960242e+01  -2.2097846e+01
  -3.1630573e+00  -6.8742497e+01
   8.6970189e+01   2.2813254e+01
   4.4927881e+01  -7.6951234e+01
  -3.3863624e+01  -6.8384300e+01
   9.2886937e+01  -7.0204369e+01
   7.6837166e+01  -5.8668355e+01
   4.3250130e+01  -9.7013588e+01
  -1.8647446e+01  -5.6319773e+01
  -5.1792044e+01  -3.1657125e+01
  -1.9722039e+00  -5.8802414e+01
  -6.9780617e+01  -7.9833527e+01
  -6.7542754e+01  -5.5841985e+01
  -4.3728278e+01  -6.6971024e+01
   5.5334459e+01   3.0010616e+00
   1.9992941e+01  -6.0325991e+00
   7.5231624e+01  -2.0783434e+01
   6.9897192e+01  -1.2348687e+01
   6.6989699e+01  -5.7023917e+01
   7.5308742e+01  -3.1047790e+01
   6.0580340e+01  -1.5958073e+01
   4.1603468e+00   5.0117858e+01
  -8.7516777e+01   4.9170781e+01
  -8.7021280e+01  -9.7117037e+01
  -1.9282052e+01  -1.6173729e+00
  -1.3638993e+01  -9.8172819e+00
  -7.5790843e+00   5.9019417e+01
   9.5411249e+01  -7.9814436e+01
  -3.5130387e+01   6.2951402e+01
  -1.3395391e+01   6.7277598e+01
  -3.8353238e+01   2.1062557e+01
  -2.3833423e+01   3.0482395e+01
   5.6693832e+01  -8.2240983e+01
   6.4824023e+01  -7.5108679e+01
   6.6098992e+01  -8.5633560e+01
  -8.9378119e+01   6.9831160e+01
  -4.2465151e+01   1.2131292e+01
   8.9552893e+01  -9.8512595e+01
  -3.0399165e+00   9.6965857e+01
  -4.4352182e+01   2.9437719e+01
  -7.1679808e+01   5.1583627e+01
  -1.0193453e+01   8.8114258e+01
  -2.2827485e+01   7.6881214e+01
  -2.0054947e+01   8.6491046e+01
   2.3125117e+01   6.4926287e+01
  -1.5600860e+01   9.6703001e+01
  -5.2305638e+01   5.3153017e+01
  -4.3187183e+01   5.7130384e+01
  -4.8460816e+01   7.7528419e+01
  -5.7501778e+01   8.8393810e+01
  -6.8213875e+01   7.9717954e+01
  -7.2192539e+01   9.9047057e+01
   2.5478762e+01  -9.5103557e+01
   1.2948182e+01  -8.2791741e+01
   2.5904078e+01  -7.6197475e+01
  -1.9665710e+01   3.9387477e+01
   5.2063073e+01  -6.3606260e+01
  -7.7043221e+01  -1.7757103e+01
  -9.3268641e+01   8.5704017e+00
  -7.2978460e+01   9.0788337e+00
  -6.0296226e+01   3.6081689e+01
   3.6300508e+01  -6.4198071e+01
   8.9648448e+01  -3.2056318e+01
  -6.8978685e+01  -9.0176707e+01
   8.9683078e+01  -4.4805297e+01
  -6.2065420e+01   9.8845972e+01
   3.9121738e+00  -4.1984689e+01
  -7.7887621e+01  -7.1104596e+01
   1.8600609e+01  -5.0990399e+01
  -8.0067534e+01   6.6195973e+01
  -8.9708811e+01  -8.7331852e+01
  -5.7690119e+01  -5.3037760e+01
  -5.1791379e+01  -9.0340050e+01
  -5.3007083e+01  -7.0532937e+01
   1.0769825e+01   8.9189266e+01
  -9.4511352e+01   9.3423796e+01
   1.7216565e+01   9.6833406e+01
  -9.5130209e+01   1.9132767e+01
  -9.3348782e+01  -6.8988270e+01
  -9.9406507e+01   6.2463050e+01
  -9.7835886e+01   7.5160536e+01
  -8.0564731e+01  -2.8807995e+01
  -9.0006965e+01   2.7814947e+01
   2.3980315e+01   7.4866903e+01
   2.7604280e+01   1.2969741e+01
  -9.9746167e+01   3.8572576e+01
   2.2795175e+01   3.5226332e+01
   1.6340692e+00  -2.4414888e+01
   1.7203561e+01  -3.2889127e+01
   1.5257941e+01  -1.4773230e+01
   2.4745623e+01   2.2536462e+01
   2.5982755e+01   1.9156852e+00
   8.5606785e-02   8.7476702e+01
   9.0260130e+01   3.6248997e+01
  -9.2542206e+00  -8.8126094e-01
   7.8706269e+01   9.7465699e+01
   5.3861896e+00  -1.5196246e+01
  -1.1896370e+01  -3.0676238e+01
   5.3456760e+00   1.2681961e+01
   7.4261424e+01   8.5268029e+01
   6.0352623e+01   9.8356318e+01
  -3.2533514e+01   1.3009020e+01
   8.8705375e+01   9.7375364e+01
   6.9337726e+01   9.3970552e+01
   1.4211518e+01  -5.9915185e+01
   8.9709774e+01   8.0588151e+01
   3.5642937e+01  -3.7066557e-01
  -8.7898045e+01  -6.0654347e+01
   9.9832094e+01   5.9605694e+01
   6.7558335e+01   2.1991290e+01
   9.4826563e+01  -2.2081263e+01
   6.0579648e+01   2.9902629e+01
   2.9945935e+01   5.2619549e+01
   7.6326650e+01   5.9762139e+01
   9.8363028e+01  -5.1059807e+00
   4.2249295e+01   6.8235984e+01
   8.5724927e+01   5.5748776e+01
   4.2720924e+01   8.5886711e+01
   4.8029416e+01   7.7432353e+01
   4.1332989e+01   9.5777643e+01
   8.6649371e+01   4.5558952e+01
   8.6711210e+01  -3.7539867e+00
   3.3680253e+01  -9.9922237e+00
   2.3982204e+01   8.6059678e+01
  -2.7676983e+01  -6.0584766e+01
  -3.2036256e+01  -7.8189636e+01
  -3.1742700e+01  -9.8092403e+01
  -3.4568706e+01  -1.2747750e+01
  -2.1503514e+01  -2.8070533e+01
   5.0826093e+01   1.1876944e+01
   7.3225872e+00   2.2457933e+01
  -4.0783872e+01  -3.0887529e+01
   8.4059200e+01  -6.5561066e+01
   8.6435559e+01   1.0811948e+01
   7.7353939e+01   2.0183486e+01
  -5.8599992e+01  -3.8775512e+01
  -5.8669594e+01  -1.1444945e+01
  -4.6867359e+01  -2.3176162e+01
  -9.5084949e+01  -9.2833223e+00
  -3.1549578e+01  -5.1471718e+01
  -3.0527382e+01  -4.1213215e+01
  -1.2868675e+01  -4.8034446e+01
  -6.9558349e+01  -6.5596792e+01
  -4.9884417e+01  -5.9175652e+01
   8.1818559e+01  -3.8637425e+01
  -6.0591165e+01  -8.3767969e+01
  -9.0228806e+01  -2.6450296e+01
  -2.0166769e+01  -6.7043147e+01
  -2.1080706e+01  -9.8096214e+01
  -9.8052050e+01  -9.2844316e+01
   3.5534768e+01  -7.3763338e+01
   1.2178377e+00   2.9983018e+01
  -8.0422886e+01   2.3859115e+01
