   3.7849340e+01  -4.0603563e+01
  -6.8954049e+01   6.1825460e+00
  -7.2761390e+01  -5.2101945e+01
  -2.5103626e+00   7.0434455e+01
  -8.4627261e+00   6.2573819e+01
   5.8955932e+00  -7.4209266e+01
  -1.4279209e+01  -2.6670904e+01
  -6.1887178e+01  -2.5659315e+01
   8.8643068e+01   2.5019912e+00
  -6.2738070e+01   4.9515738e+01
   5.7115508e+01  -6.5452196e+01
   4.1652099e+01  -9.7179015e+01
  -7.6840243e+01   6.5824832e-02
  -3.2218205e+01   7.9506608e+01
   6.2840728e+01  -2.8340431e+01
  -3.0540810e+01  -7.4144601e+01
  -9.2168397e+01  -5.4919514e+01
  -6.3144196e+01  -9.5053485e+01
   4.0651398e+01   4.1687739e+01
   3.1299498e+01   7.7293991e+01
  -4.1391832e+01  -5.4076788e+00
  -4.1755145e+01   1.5127174e+01
   2.4409752e+01   4.6566104e+01
  -4.8965304e+01   3.5741623e+01
  -7.9229334e+01   4.3192266e+01
  -3.6698327e+01  -1.4082979e+01
   6.4360558e+01   7.1190324e+01
  -8.8566166e+01   3.9606854e+01
  -5.8332140e+00  -8.9384243e+01
   8.8929988e+00  -4.2643141e+01
   3.3953134e+00  -5.1006679e+01
   6.9914205e+00   2.2338232e+01
   1.4114299e+01  -3.4146380e+01
   6.0204643e+01   3.0362905e+01
  -4.1733917e+00   5.3566826e+01
   4.1547612e+01   3.1793661e+01
   4.9409249e+01   4.7442099e+01
  -5.0510720e+01   8.4172219e+01
  -8.9308369e+01   6.0340350e+01
   5.1944219e+01   3.3190008e-01
  -2.4948466e+01   5.4701705e+01
   2.3936430e+01  -3.5538575e+01
   4.7486016e+01  -5.0067018e+01
  -6.0915420e+01  -1.5823897e+01
   3.4157836e+01  -3.3538296e+00
  -7.9749317e+01  -4.1001447e+01
  -1.8803152e+01  -7.0547492e+01
   1.3155677e+01   9.8875626e+01
   8.0703038e+01   7.1313055e+01
   4.9506517e+01   6.3842476e+01
   1.2023165e+01  -1.6282480e+01
  -2.4184277e+01  -2.7773716e+01
   1.9431196e+01  -6.0026310e+01
   8.1864214e+01   1.1785966e+01
   7.5438290e+01   1.9235792e+01
   9.8010774e+01  -1.1151949e+01
  -2.0071007e+01  -4.6511406e+01
   5.7896026e+01  -8.9293141e+01
   2.8647029e+01   1.9037116e+01
   8.2219653e+00   3.8822864e+01
  -1.5485348e+01   3.7562160e+01
   1.0805388e+01   5.5626789e+01
  -3.4841621e+01   5.5296536e+01
  -7.5630451e+01   3.3949865e+01
  -7.7075856e+01   2.4103916e+01
   2.2410503e+01  -7.0585996e+01
  -7.8233174e+01   9.9969878e+01
   6.3875822e+01  -8.1033624e+01
  -6.0553566e+01   7.9374447e+01
   9.5421774e+01  -8.0150868e+01
   9.2737395e+01  -4.0612565e+01
  -2.1714894e+01  -9.8534451e+01
  -4.0398335e+01  -9.1382042e+01
  -9.0366484e+01  -3.9403000e+00
  -5.7661898e+01  -6.4995453e+00
  -9.6870866e+01   2.2019836e+01
  -5.5733577e+01  -6.8717263e+01
  -5.0255490e+01  -8.7259774e+01
   3.1366413e+01   9.6598221e+01
  -5.2780709e+01  -2.1608321e+01
  -9.2045347e+00  -4.9289536e+01
   8.3543858e+01   9.2396283e+01
  -2.4514899e+01  -1.7864443e+01
  -4.7893656e+01  -3.0300762e+01
  -9.9332977e+01  -2.3846644e+01
  -2.3215653e+01   1.4632316e+00
   2.7646888e+01  -1.3161486e+01
   3.7572891e+01  -1.2715937e+01
   8.8317835e+01   4.1949523e+01
   7.9386890e+01  -1.7382748e+01
  -3.5284530e+01  -5.6398060e+01
   3.6457019e+01  -7.6397428e+01
   6.3290390e+01  -3.8291879e+01
  -2.9049305e+01   1.9004154e+01
  -1.9833109e+01   4.6366915e+01
   1.1107842e+01   7.9879333e+01
  -1.3598724e+01   8.6841884e+01
  -2.5636134e+01   3.8362040e+01
  -4.1604360e+01   5.1399711e+00
  -5.3784025e+01   1.8946919e+01
  -3.6343036e+01   7.0403122e+01
   5.2084796e+01   1.0263908e+01
   6.2587090e+01  -9.8257639e+01
   6.5848625e+01  -6.0596305e+01
   8.8775292e+01  -6.7838645e+01
  -9.5749887e+01   9.3051293e+01
  -6.9087237e+00  -7.4440280e+01
  -5.9813777e+01   3.8904845e+01
  -3.9775050e+01   9.7453822e+01
  -8.3296248e+01   7.9763341e+01
   1.1977466e+01  -9.8482824e+01
  -2.0191430e+01   9.5440066e+01
   3.1898546e+01  -6.7513035e+01
   5.7603672e+01  -1.9859178e+01
   4.7802205e+01  -4.0092526e+01
   8.2474408e+01  -3.0511070e+01
   7.3631556e+01  -5.4326907e+01
  -8.7410450e+01  -3.4575383e+01
  -7.1862585e+01  -9.0191156e+01
  -8.1845008e+01  -8.9768022e+01
  -5.4246079e+01  -9.9597435e+01
  -5.4386033e+01  -5.8144835e+01
  -7.8637310e+01  -2.9795866e+01
   2.8094557e+01   5.6916723e+01
   6.9993916e+01   5.5856250e+01
  -6.9871059e+01  -4.2545361e+01
   2.0253886e+01   3.6862148e+01
   3.7847874e+01   2.2679820e+01
  -1.3590920e+01  -1.2076952e+00
   7.0260949e+01   7.9040244e+01
   8.9561522e+01   7.5855357e+01
   9.7547690e-01  -1.3947775e+01
   7.1036510e+00  -6.0254279e+01
   6.1121851e+00   4.8970179e+00
  -6.9286016e+01  -7.0712020e+01
   2.4556627e+01  -1.1028325e+00
   7.1778879e+01   9.9170425e+00
   8.4431801e+01   2.3447742e+01
   6.9088642e+01  -9.7117520e+00
   5.9001626e+01   4.0047355e+01
   4.5840308e+01   7.6728568e+01
  -9.7412124e+01  -3.3694055e+01
   3.0996398e+00  -9.3887658e+01
   1.2893852e+01   8.8705316e+01
   9.9333552e+01   5.9645626e+01
  -3.6702849e+01  -6.6266461e+01
  -2.6894264e+01  -6.4846025e+01
   5.9617724e+01   6.2482008e+01
   8.7115598e+01   5.3340563e+01
  -1.5707149e+01  -5.6713846e+01
   4.6210526e+01  -7.8578594e+01
  -3.0095673e+01  -4.6343641e+01
   1.3763315e+01   1.5225541e+01
  -1.9761309e+01  -3.6540386e+01
  -3.8138419e+01  -3.1680083e+01
  -5.6917840e+01  -3.4153748e+01
   7.0629939e+00   6.9176459e+01
  -7.8671876e+00   7.8737322e+01
   1.7684773e+00   8.1057010e+01
  -7.7020024e+00   3.1403897e+01
  -1.8747364e+00   3.9918248e+01
  -8.4278816e+01   5.1736286e+01
  -9.3627364e+01   4.8265598e+01
  -9.9198339e+00   4.5610375e+01
  -2.9250551e+00   2.2694538e+01
  -1.5102098e+01   7.1915696e+01
  -1.8650453e+01   2.8395954e+01
  -3.2447432e+01   4.5622717e+01
  -1.4201995e+01   5.4525738e+01
  -1.3843901e+00   9.0507531e+01
  -6.7045047e+01   2.1307921e+01
  -6.6099226e+01   3.1201084e+01
  -5.9114875e+01   3.3493094e+00
  -5.6000392e+00  -3.1567321e+01
  -4.9887111e+01  -3.7934884e-01
  -2.8413072e+01  -8.7098125e+00
  -4.8127715e+01  -1.2779258e+01
  -3.2947153e+01  -2.3228747e+01
  -1.8610034e+01  -9.8349517e+00
   3.1201875e+01   3.8510048e+01
   5.5663942e+01  -7.5338123e+01
  -4.9273871e+01   6.3816929e+01
  -5.2071828e+01   4.5135998e+01
  -8.4919833e+01   3.0298013e+01
   6.2497116e+01   1.4296807e+01
  -2.9308833e+01   6.3539127e+01
   2.7752584e+01  -8.1316838e+01
  -6.7195018e+01  -3.5959226e+00
  -7.0478209e+01  -1.2992531e+01
   3.7530030e+01  -5.0534171e+01
  -5.8811310e+01   8.9630794e+01
  -6.6563212e+01   9.5902141e+01
   9.9599795e+01  -3.3351067e+01
  -4.4496935e+01   5.3357521e+01
  -7.3354376e+01   7.7458068e+01
  -8.8227488e+01   9.9639501e+01
  -3.9691401e+01   8.6497768e+01
  -6.9313592e+01   4.1991705e+01
   5.1226287e+00  -8.4123299e+01
  -1.0464456e+01  -6.5136830e+01
   1.4006951e+01  -8.8696398e+01
   5.6238809e+01  -4.5289129e+01
  -5.6447474e+01   2.8851888e+01
  -7.9815937e+01  -9.4680263e+00
   3.3112791e+01  -3.1874109e+01
   4.2999389e+01  -3.1437627e+01
  -2.4591455e+01  -8.3751358e+01
   4.8787394e+01  -5.9964143e+01
  -9.8657040e+01  -1.2131816e+01
  -7.9237180e+01   6.0322487e+01
  -1.1179314e+00  -4.2251118e+01
   1.8786039e+01  -2.3593181e+01
  -4.5037546e-01  -2.3454890e+01
   8.2763909e+01  -4.0491616e+01
  -8.2263731e+01   8.4577304e+00
  -9.2532776e+01   8.3584794e+01
  -4.3771919e+01  -7.9681038e+01
  -6.9041730e+01  -3.2608801e+01
  -7.1405825e+01  -2.2912315e+01
   6.3585741e+01   9.7661951e+01
   8.9702072e+01   3.2050317e+01
  -1.1961835e+00  -4.5814220e+00
  -7.8131718e+01  -6.0607588e+01
  -8.2710280e+01  -5.1721540e+01
   9.5765652e+01   8.3668438e+01
   7.3837417e+01   9.0423345e+01
   1.8620909e+01  -8.9945871e+00
   3.8423160e+01  -2.2592557e+01
  -8.9429891e+01  -4.4350428e+01
  -6.0005691e-01  -6.6750013e+01
  -4.0355279e+00  -5.7560430e+01
  -8.9389856e+01  -2.4787846e+01
  -8.0801538e+01  -1.9712636e+01
   9.7877521e+01  -1.2541999e+00
   7.8716770e+01   2.4639147e+00
   9.7315208e+01   8.6078561e+00
   8.8651060e+01  -7.7133398e+00
   4.6921437e+01   1.8669755e+01
   5.7829173e+01   5.2719335e+01
   5.0694236e+01   2.7759945e+01
   5.4510541e+01   8.1859546e+01
   4.9571180e+01   3.7547499e+01
   7.8720262e+01  -7.4420673e+00
   6.0512976e+01  -4.8123271e+00
  -9.9382757e+01  -4.3508559e+01
   2.8166894e+01   2.9005354e+01
   4.3979912e+01   5.5733212e+01
   6.5918313e+01   4.6891766e+01
  -4.5896244e+01  -6.9959138e+01
  -1.6586864e+01  -8.9655200e+01
  -1.5281457e+01  -7.9816862e+01
   5.1755387e+01  -9.7633519e+01
   4.7935956e+01  -8.8404502e+01
   4.4081648e+01  -6.8839633e+01
  -2.5433332e+01  -5.5042173e+01
   6.5319789e+01  -7.1146425e+01
  -4.4581262e+01  -6.0029701e+01
  -2.9554889e+01  -3.6457405e+01
   7.4036327e+01  -6.6259599e+01
  -4.2819135e+01  -2.1826586e+01
   5.7379956e-01   1.3429531e+01
   9.7051875e+01  -4.9800229e+01
   7.2913130e+01  -2.7713910e+01
   5.2885936e+01  -1.1095594e+01
   6.7473830e+01  -1.9457144e+01
  -3.2837171e+01   9.8788787e+00
  -5.0570254e+01   9.5319688e+00
   5.3331518e+01  -3.1707735e+01
  -7.2436594e+01   5.1938804e+01
  -9.9849294e+01   4.0454879e+01
  -2.5068279e+01   7.2527692e+01
   4.0670313e+00   4.7913180e+01
   2.3598656e+00   6.0893032e+01
   2.2774330e+00   3.0996849e+01
  -1.9394068e+01   6.2972138e+01
  -3.3071740e+01  -4.1835993e-03
  -2.8509743e+01   2.8916667e+01
  -3.7289905e+01   2.4400846e+01
   3.1704734e+00   9.9404699e+01
  -6.1666365e+01   1.2946229e+01
  -9.7086098e+01  -9.2980560e+01
   7.5740185e+01  -9.6633931e+01
  -3.0094340e+01   8.9272827e+01
   6.0521978e+01   4.9738999e+00
   3.8611358e+01   1.2787081e+01
   9.4387864e+01  -5.9559763e+01
   9.8379051e+01  -7.0596434e+01
   6.8248261e+01  -9.0016948e+01
   2.6389781e+01  -9.1222965e+01
   3.8837936e+01  -6.0373831e+01
  -9.2560909e+01  -7.5770849e+01
  -7.4361098e+01   1.4532083e+01
  -4.2222949e+01   4.3661143e+01
  -4.3419268e+01   7.7253924e+01
   4.3865373e+01  -5.1145105e+00
  -7.7213595e+01   9.0023380e+01
  -2.2401250e+01   8.2131554e+01
  -5.4230841e+01   5.4746445e+01
  -6.8089219e+01   8.5945908e+01
  -2.9720864e+01   9.9261263e+01
  -9.4832013e+01   3.1808353e+01
  -2.9936830e+01  -9.2842386e+01
  -5.2573762e+01   7.3357357e+01
   3.3985466e+01   6.4986400e+01
  -3.4515852e+01  -8.3316239e+01
   2.7913944e+01  -4.7961655e+01
  -3.8985355e+01   3.4239403e+01
  -4.6934898e+01   2.6057848e+01
  -5.0449543e+01   9.5723399e+01
  -8.3540967e+01  -9.9615787e+01
   2.8582590e+01  -2.3060238e+01
   1.8770167e+01  -4.4018386e+01
   2.1826015e+01   9.3074627e+01
   8.2110768e+01  -6.0404567e+01
   1.3217078e+01  -5.2256442e+01
   1.7917463e+01  -7.9503342e+01
   6.5774333e+01  -4.8173293e+01
   5.7517516e+01  -5.5149963e+01
  -6.2838222e+01  -5.2831343e+01
   3.7530827e+01  -8.6333808e+01
  -7.2139918e+01  -8.0229730e+01
  -6.3272216e+01  -8.4952306e+01
  -8.8818406e+01  -1.3807796e+01
  -8.3463533e+01  -7.9913005e+01
   7.3221899e+01  -3.7658351e+01
   8.2845709e+01  -5.0460327e+01
  -9.8687428e+01   5.6885352e+01
  -9.0255279e+01   7.0277115e+01
  -8.0261921e+01   7.0245198e+01
  -9.8658965e+01   7.5681957e+01
  -6.3567595e+01  -6.2641976e+01
   5.4626396e+01   7.2098842e+01
  -9.7195001e+01  -6.5026952e+01
   2.9176063e+01  -5.7874818e+01
  -8.9012907e+01   1.5835919e+01
  -5.5483608e+01  -7.8691257e+01
  -5.9920850e+01  -4.3469019e+01
   3.4036311e+01   4.8965499e+01
   1.4511949e+01   4.6416785e+01
   1.6226686e+01   6.5302218e+01
  -9.1926038e+01   5.9653895e+00
   2.2694207e+01   1.1084520e+01
   3.1272498e+01   6.1612216e+00
   1.9145629e+01   2.4700834e+01
  -9.9710561e+01  -2.9555785e-01
  -3.7128232e+00   4.5429137e+00
   7.2533746e+01   6.5631395e+01
   7.9893602e+01   8.1301867e+01
   6.4511986e+01   8.7086977e+01
   8.2924644e+00  -7.1866827e+00
  -8.7866386e+00  -1.0911381e+01
   9.3436385e+01   9.3380485e+01
   9.6180066e+01   4.9181125e+01
   4.8286688e+01  -2.3042187e+01
   9.9375578e+01   7.4007399e+01
  -1.0668935e+01  -3.9761821e+01
   4.0848645e+00  -3.3914621e+01
   9.1520149e+00  -2.5580398e+01
  -7.9250089e+01  -7.0861539e+01
   9.6131852e+01   2.4409349e+01
   8.9878905e+01   6.2925999e+01
  -8.7204878e+01  -6.4833714e+01
   9.0824540e+01   1.5988556e+01
   9.9608438e+01  -2.0960674e+01
   1.4808620e+01   2.3950631e-01
   7.7855034e+01   4.9700220e+01
   6.6400833e+01   2.2941152e+01
   4.6115314e+01   9.3829405e+01
   2.5133940e+01   6.9563609e+01
   3.8814986e+01   8.3783140e+01
   6.9132908e+01   2.2734664e-01
   5.5736324e+01   9.1615773e+01
  -1.1331823e+01  -9.8083739e+01
   1.2767664e+01   7.4912214e+01
