   2.9845139e+01   6.6340289e+01
  -4.7558157e+01   3.7086758e+01
  -8.4289081e+00  -6.0862276e+01
  -1.0458633e+01  -5.1131774e+01
  -8.4832990e+01   1.0523951e+01
   5.3187329e+01  -4.9474565e+01
   7.6788192e+01  -4.8599082e+01
  -4.4386818e+00  -3.5007826e+01
   6.8373295e+01  -1.6040509e+01
   7.1941846e+01   1.0514905e+00
  -9.6708006e+01  -3.2553600e+01
   7.8974563e+01  -2.8597638e+01
   4.3635729e+01   5.1066377e+01
   4.4796270e+01   1.7308670e+01
  -5.0352502e+01  -9.1814244e+01
  -2.6550227e+01   8.2684002e+01
  -4.2296887e+01  -2.1012449e+00
  -9.8140259e-01   7.7489022e+01
  -2.5709589e+01   5.2890520e+01
  -6.2369056e+01   3.6639893e+01
  -4.9808214e+01   6.2206321e+01
   4.7629736e+01  -7.5205113e+01
  -7.5938327e+01  -7.7329806e+01
   1.4894870e+01  -3.1291327e+01
   2.7238046e+01   2.3016227e+01
   2.9382232e+01  -3.4794982e+00
  -2.2220390e+00  -7.0997396e+00
   1.3787030e+01  -1.5873908e+01
   8.8667690e+01   1.1031383e+01
   8.3644706e+01   6.9861543e+01
  -5.3293834e+01  -1.7285196e+01
  -6.9612840e+01  -6.9586202e+01
   8.9092721e+01  -4.6804554e+01
  -1.3540726e+01  -3.1418451e+01
  -5.4747741e+01   3.0205616e+01
  -7.5865640e+01   7.6892815e+01
  -4.6528865e+01   9.9132555e+01
  -8.1974834e+01   9.4182437e+01
  -2.7884322e+01   3.4368180e+01
  -5.6646664e+01   2.0452332e+01
  -2.9897962e+01   1.2267326e+01
   8.1994715e+01  -6.3975653e+01
  -8.0466257e+01   3.8277923e+01
   1.9460052e+01  -7.7976536e+01
   3.7801702e+01  -1.6162306e+01
  -6.0353166e+01  -3.0244186e+01
  -9.0778428e+01  -2.0201443e+01
   1.1094450e+01  -5.9535657e+01
   4.6965040e+01   3.1460938e+01
  -8.5775065e+01  -6.7937139e+01
   3.7796571e+01   3.5951067e+01
  -1.1589176e+01  -2.1675241e+01
   9.1926194e+01   6.4257101e+01
  -3.1976173e+01  -2.5892478e+01
   9.8290929e+01   1.3878501e+01
  -3.8749554e+01  -7.1526464e+01
   1.6945835e+01   5.5691335e+01
   8.6999930e+00   8.2571550e+01
   4.0995514e+01  -9.7552238e+01
  -3.5616670e+01   5.3136438e+01
   6.7714465e+00  -9.8082785e+01
  -1.9877043e+01   2.8223589e+01
   2.1473617e+01  -5.8374262e+01
  -5.1435959e+01   9.0425587e+01
   8.7650347e+01  -2.1536155e+01
  -9.7384413e+01   2.2707639e+01
  -8.8060787e+01  -8.8886625e+01
   1.5909757e+01  -5.0115343e+01
   2.6713894e+01  -4.9897137e+01
   7.7349951e+00  -7.9507695e+00
   8.3779979e+01   9.3826376e+01
   4.3626381e+01   7.3811525e+00
   8.4503884e+01  -5.7020194e+00
   6.3217972e+01   2.5732515e+01
   5.4995462e+01   6.6696500e+01
  -8.9785387e+01  -4.8326403e+01
   6.6813567e+01   8.1321129e+01
   4.1639920e+01   8.1533684e+01
   6.1838194e+01   4.2145221e+01
   3.9199291e+01  -1.5826265e+00
  -2.9278461e+01  -5.5699738e+01
  -5.0398980e+01  -3.0712717e+01
  -7.1449222e+01  -1.5718193e+01
  -6.7527851e+01  -3.3493137e+00
  -7.5755941e+01   2.8437112e+00
  -2.1536592e+01  -2.0344479e+01
  -6.8835179e+01  -8.4368239e+01
  -2.2207739e+01  -8.2723621e+01
   1.8804389e+01  -8.7934000e+01
   4.7320291e+01  -8.4808118e+01
   1.2796338e+01   2.9130960e+01
   1.9172346e+01   3.6650607e+01
  -9.5745119e+01   3.2564330e+01
   5.0584965e+01  -9.7689249e+01
  -8.9867250e+00   4.5539474e+01
   3.3267795e+01   8.7644183e+01
  -1.1850992e+01   7.0633319e+01
   7.6499128e+00   5.2026299e+01
  -5.1771232e+01  -6.5561560e+00
   4.9830173e+01  -2.9864391e+01
   5.9650517e+01  -2.8259077e+01
  -2.2248192e+01   7.0521106e+01
  -2.9352570e+01   9.2619547e+01
  -6.1635806e+01   8.9808725e+01
   4.1247948e+01  -5.7209212e+01
  -4.7089263e+01   1.7734601e+01
   4.3425491e+01  -4.7568359e+01
   6.3409888e+01  -6.2926631e+01
  -4.7093881e+00   3.6540822e+01
  -5.5163033e+01   4.3545074e+01
  -4.1820062e+01   7.2165305e+01
  -7.8878382e+01  -5.3122093e+01
   3.4337646e+01  -4.3483339e+01
  -8.1136868e+01   5.7994377e+01
  -5.9733326e+01  -5.0152881e+01
  -4.6638363e+01  -6.5196194e+01
  -8.5624879e+01  -1.1646400e+01
  -1.1050070e+01  -1.1757705e+01
   5.9855882e+01   1.6338064e+01
   8.5449251e+01   8.2707213e+01
   9.2932333e+01   8.9797180e+01
   5.1860940e+00   1.1006556e+01
  -1.7910833e+00  -7.7845519e+01
   5.5321507e+01  -8.8795597e+00
  -2.4327573e+01   1.6764971e-01
   9.1864317e+01  -1.2467936e+01
   1.5247443e+01   1.0810256e+01
  -2.1721970e+00   2.1684773e+01
   2.6874643e+01   5.6795372e+01
   3.4848879e+01   1.6611795e+01
   5.1240612e+01   9.8187548e+01
   8.1917548e+01   5.2183300e+01
   5.1274419e+01   5.7466160e+01
  -1.2389148e+01  -8.0346853e+01
  -9.9890945e+01   6.9755283e+01
   9.8176371e+01   2.3877847e+01
  -9.4671853e+01  -7.4081589e+00
   8.7215833e+01   4.3704092e+01
  -2.9542137e+01  -7.5422592e+01
  -1.8414397e+01  -6.1274525e+01
  -4.7942587e+01  -7.5392159e+01
   2.1387445e+01  -2.2972571e+01
  -3.2213239e+00  -9.8460526e+01
   6.5067868e+01  -7.3450404e+01
   8.1727900e+01  -9.8448094e+01
  -2.0239284e+01   8.9161279e+01
  -2.0924678e+01   4.4293145e+01
  -3.9219495e+01   6.2464468e+01
  -9.9779552e+00   6.0936994e+01
  -1.8137756e+01   7.8152178e+01
  -3.5711499e+01   8.0558717e+01
  -6.4266274e+01   2.6835314e+01
  -4.0819975e+01   4.4407034e+01
  -8.6126051e+01   7.6125263e+01
   1.5439943e+00   8.9556573e+01
   9.0517973e+01  -6.9123003e+01
   2.8707708e+01  -7.3390140e+01
   7.1564258e+01  -5.7095170e+01
   3.7892565e+01   7.2267911e+01
   7.7556316e+00   7.2616552e+01
   1.4688927e+01   6.5411483e+01
   2.5297370e+01   4.4460330e+01
  -5.5421417e+01   5.3509609e+01
  -3.9180918e+01   8.9909782e+01
  -3.6537708e+01   9.9543634e+01
  -7.0126296e+01   9.6049494e+01
  -3.0878770e+01   4.3906779e+01
   2.7882745e+01  -8.3350366e+01
  -5.5446902e+01   8.1276702e+01
  -4.5473206e+01   8.1489345e+01
   7.8112125e+01  -1.8532550e+01
  -3.7556421e+01   2.0700250e+01
   6.8801212e+01  -4.2584053e+01
  -9.8419496e+01   1.2770708e+01
  -3.7878923e+01   3.4598340e+01
   9.7372904e-01   4.4671722e+01
  -1.4643246e+01   3.6705949e+01
  -3.1978248e+01   7.1321509e+01
   9.8379501e+01  -3.7299828e+01
  -9.0106828e+01   4.0814506e+01
  -7.7046236e+01   2.2632837e+01
  -8.5955322e+01   2.9928211e+01
   1.8945102e+01  -7.3709877e+00
  -9.5745584e+01   7.8855562e+01
   8.8486797e+01  -3.1633648e+01
   4.2497004e+01   9.1488683e+01
  -7.1050663e+01   4.1553999e+01
  -7.3860724e+01   5.1146699e+01
   1.9124185e+01  -6.8027708e+01
   1.1326033e+01  -4.1190994e+01
  -6.9029390e+01  -3.5166895e+01
  -7.1875645e+01  -4.4728852e+01
  -2.1225287e+00   9.9042295e+01
   5.9692642e+00  -4.9528492e+01
  -6.0961191e+01  -9.0532174e+01
  -8.5770166e+01  -7.9152665e+01
  -7.7101210e+01  -6.2962270e+01
  -8.7630424e+01  -5.8090596e+01
  -5.4646222e+01  -8.2788688e+01
   6.9349753e+01  -2.5981399e+01
  -6.6502733e+01   6.5970763e+00
  -6.2880749e+01  -6.2194634e+01
  -9.8362114e+01  -5.3467515e+01
  -6.5838777e+01   1.6559880e+01
  -2.7729076e+00  -4.4798548e+01
  -2.2311371e+00  -2.5184978e+01
   1.9519929e+00  -1.6112467e+01
   5.2143768e+00  -3.3427477e+01
   1.8848291e+01   8.1834672e+01
   8.7497301e+00   3.8365808e+01
  -2.3242301e+01  -3.0214230e+01
   4.8665280e+01  -1.8920108e+01
  -6.0718718e+00   2.0460853e+00
   8.0543376e+00  -2.3965134e+01
   1.3642571e+01   1.0096450e+00
   4.5264238e+01  -9.5252999e+00
  -9.3182514e+01   5.0878524e+01
   7.3937982e+01   7.2264964e+01
   9.2097301e+01   7.5240431e+01
   2.9406821e+00   3.0225684e+01
   7.5348207e+01   9.9202733e+01
  -2.1092225e+01  -1.0358833e+01
   2.1217203e+01  -4.1645151e+01
  -7.5947287e+01  -9.1395882e+01
   4.8500384e+01   7.4277947e+01
  -1.4830727e+01  -2.5737173e+00
  -4.0440078e+01  -3.0836173e+01
   5.6973367e+01   7.9572307e+01
   7.8207383e+01   6.1469081e+01
   5.3655026e+01   4.7810970e+01
   5.3544723e+01   8.6179461e+00
   2.8357605e+01   3.2897266e+01
   3.3627627e+01   6.7085054e+00
  -6.2723500e+01  -2.0556159e+01
  -2.1974100e+01  -4.0058091e+01
  -3.0674244e+01  -7.4884311e+00
  -5.0757474e+00  -8.7267790e+01
   9.8391636e+01  -7.5240129e+01
   9.7214850e+01   4.3653790e+01
  -9.8052564e+01   5.9925737e+01
  -1.0187725e+01  -7.0645089e+01
   9.1493560e+01   1.4427700e+00
   9.2541620e+00  -6.9461504e+01
  -7.6686357e+01  -7.2293677e+00
  -6.0828007e+01  -1.0747393e+01
  -4.3523173e+01  -1.1954269e+01
   8.8596808e+01   2.1028018e+01
  -2.0429802e+01  -5.1084738e+01
  -1.5883922e+01  -9.9953584e+01
  -6.9873239e+01  -9.9339707e+01
  -3.3784141e+01  -9.1822977e+01
  -1.9867587e+01  -7.3003540e+01
   7.4909134e+01  -8.4892922e+00
  -3.9810463e+01   1.0968905e+01
   9.8665465e+01  -8.5216598e+01
   5.5894386e+01  -6.9672182e+01
   3.8097636e+01  -7.8081411e+01
   3.8600029e+01   2.5991758e+01
   4.6092287e+01   4.1393497e+01
   4.3647513e+01  -3.7656050e+01
   5.3463174e+01  -3.9505645e+01
   6.5517956e+01  -8.3307784e+01
   7.1802241e+01  -9.6837806e+01
   3.3795160e+01   4.9578483e+01
   5.6336891e+01  -7.9837459e+01
   5.8641891e+01  -1.8310623e+01
  -2.4645841e+00   6.7612719e+01
   3.4611069e+01  -3.3515082e+01
   4.6381094e+01  -6.5591640e+01
  -4.8683241e+01   5.5433672e+00
   3.8259275e+01  -8.8040245e+01
  -3.0313373e+00   5.3811997e+01
  -8.3425900e+01   4.8250918e+01
   1.5306244e+01   9.1170222e+01
   6.2559246e+01  -5.2838069e+01
  -2.1468536e+01   9.9029972e+01
   5.4097139e+01  -5.9385795e+01
   7.2539127e+01  -6.6992304e+01
   9.5746469e+00  -7.9449817e+01
  -8.0355568e+01   6.7959735e+01
  -9.0243226e+01   6.6344081e+01
   9.3369275e+01  -5.9533168e+01
  -4.5524866e+01   5.3192652e+01
   1.5414771e+01   4.5834868e+01
   2.6515493e+01   9.5016467e+01
  -5.7919259e+01   9.9092435e+01
   1.6770752e+01  -9.7999980e+01
   4.8706497e+00  -8.8267705e+01
   5.4586615e+00   6.1695122e+01
  -6.5356594e+01   7.9994408e+01
   7.7906704e+00   9.7754386e+01
  -7.2976588e+01   8.6465428e+01
  -9.1951902e+01   9.7572742e+01
   7.7949811e+01  -3.8544421e+01
  -2.7025684e+01   6.2532994e+01
  -2.7674558e+01   2.2010511e+01
  -1.5758127e+01   5.2846547e+01
  -7.2932837e+01   3.1740608e+01
  -6.8947740e+01  -5.4270603e+01
  -9.7563274e+01  -8.2820122e+01
  -9.0931337e+01   8.7624956e+01
  -6.4165555e+01   4.8760532e+01
   3.1428135e+01  -5.8645447e+01
  -9.5450782e+01  -9.5623587e+01
   3.5746450e+01   9.8861769e+01
   9.9134530e+01  -4.7271284e+01
  -4.4894106e+01   2.7472877e+01
  -5.3728199e+01  -5.8145707e+01
   1.1689521e+00  -5.8184199e+01
  -9.5979702e+01  -6.3593916e+01
   3.6536660e+01  -6.7198759e+01
  -7.5106035e+01   1.2824803e+01
  -6.2513029e+01  -7.6623005e+01
  -3.8996919e+01  -5.8746323e+01
  -8.5717747e+01  -2.8822024e+01
  -8.0550623e+01  -2.0261314e+01
  -7.2151665e+01  -2.5681929e+01
  -5.9953347e-01  -6.7955125e+01
  -1.2128883e+01  -4.1313174e+01
  -8.4793372e+01  -1.4244630e+00
   5.6884915e+01   3.3462618e+01
  -5.9218192e+01  -4.0171341e+01
  -8.8578759e+01  -3.8401314e+01
  -5.5791754e+01  -6.9221488e+01
  -3.1759982e+01  -3.5930534e+01
  -9.8172329e+01  -4.2870308e+01
   5.2752989e+01   2.3339535e+01
   6.4178964e+01   7.3378834e+00
   6.9819469e+01   1.5733269e+01
  -5.1757816e+01   7.2003473e+01
  -9.4132704e+01  -7.3427181e+01
  -9.2819536e+01   4.5027759e+00
   6.5037468e+01  -6.5149719e+00
  -5.7308657e+01   1.0562357e+01
  -5.8455102e+01   7.1649520e-01
  -9.8450112e+00   2.8031271e+01
   6.1196807e+01   9.9121565e+01
   7.6905932e+00   2.0622420e+01
   9.1691302e+01   5.4260890e+01
  -9.9986078e+01   4.2263569e+01
   3.6722183e+01   5.9106102e+01
   6.4702446e+01   6.1989966e+01
   4.4760107e+01   6.5019633e+01
  -8.3583279e+01  -9.7851582e+01
   1.7646766e+01   2.0447835e+01
  -8.7732608e+01   2.0092017e+01
   2.3071286e+01   4.2717794e+00
  -3.3799434e+01   3.0642231e+00
   2.1856729e+01   7.2321491e+01
   2.9888161e+01   7.8244488e+01
  -2.3968218e+01  -9.3687800e+01
   7.5865797e+01   8.5543007e+01
   6.3500970e+01   7.1905560e+01
   6.8311819e+01   9.2095059e+01
   7.2237379e+01   4.9737473e+01
   3.7439502e+00   1.1633980e+00
   6.2580064e+01   5.2236562e+01
   9.7502481e+01  -2.7320033e+01
  -4.4441190e+01  -2.1818305e+01
   8.9453893e+01   3.0989877e+01
   9.9098671e+01   3.3833701e+01
   5.1943383e+01   8.8212860e+01
  -4.2789737e+01  -9.8353002e+01
   7.8623525e+01   2.0447013e+01
  -1.4672111e+01  -9.0044564e+01
  -3.0784458e+01  -6.5526890e+01
  -3.0060239e+01  -4.5785267e+01
   9.9350106e+01   8.2128270e+01
   7.8687716e+01   1.0407058e+01
  -3.6780892e+01  -8.2290040e+01
   9.8857514e+01  -5.3201986e+00
   2.6952576e+01  -1.3298639e+01
   4.0773475e+01  -2.5686961e+01
   4.9723362e+01  -5.9677696e-01
   2.4766654e+01  -3.2356349e+01
  -3.4769613e+01  -1.6500054e+01
   9.0425420e+01  -9.0834966e+01
   9.9463359e+01  -9.5182163e+01
   2.9859440e+01  -9.3178001e+01
   6.3475705e+01  -9.2882507e+01
   5.5204664e+01  -8.9519163e+01
  -1.2461184e+01   9.3617084e+01
  -1.1692607e+01   8.3856593e+01
   8.0412187e+01  -9.2471508e+01
