  -2.2391038e+01  -2.6942924e+01
   3.0538208e+01   5.5378334e+01
   6.2608674e+01  -4.0943677e+01
  -7.5048720e+00  -4.1235885e+01
  -1.7542787e+00  -5.7627502e+01
  -2.9800092e+01   1.1559372e+01
  -8.6096060e+00  -1.0271320e+01
   2.1768481e+01   3.9069259e+01
   4.0322938e+01   5.0777810e+00
   1.2848415e+01  -4.3586276e+01
  -3.7564374e+01  -7.6965204e+00
  -7.0260612e+01  -4.2680614e+01
   5.1882139e+01   4.3982663e+01
   5.7463271e+01  -1.2887592e+01
  -3.9349496e+01   1.4526601e+01
   8.0816578e+01   1.7468495e+01
   3.3785170e+01   2.8727554e+01
   4.2492866e+01   2.3810741e+01
   4.1451840e+01  -5.5209252e+00
   7.0859178e+01   4.3340944e-01
   9.4921433e+00   7.8587021e+01
  -5.3834578e+01   3.8431921e+01
   2.6438346e+01  -6.5448071e+01
   2.7253342e+01  -1.8122192e+01
  -3.2790932e+01  -7.7270701e+01
   2.0889367e+01  -3.4372620e+01
  -5.3510115e+01   2.8437235e+01
  -6.5808311e+01   2.7164756e+01
  -6.8130083e+01  -6.7937097e+00
   4.1502410e+00  -3.8654297e+01
  -2.7046040e+01  -1.8075155e+01
   2.1417530e+01  -7.6706296e+01
  -3.2382542e+01  -2.6531318e+01
  -3.0057207e+01  -4.6356073e+01
  -1.0203330e+00   4.4288603e+01
   2.4779213e+01  -7.5312736e+00
   2.1274775e+00   5.8350147e+01
   1.7014243e+01  -1.2336273e+00
  -3.8357285e+01   3.9544948e+01
  -1.4015238e+01   5.9128825e+01
   3.6461676e+01  -3.6038638e+01
   4.2057247e+01  -4.9668771e+01
   2.6058323e+01  -5.6291716e+01
   1.6490773e+01  -5.7942941e+01
  -1.1153384e+01  -5.4213336e+01
  -6.0148829e+01   1.0060261e+01
  -6.4576774e+01  -1.6141084e+01
  -5.5866296e+01   3.6690121e-01
  -4.6737687e+01  -3.7155657e+00
   1.6509609e+00  -8.7393452e+01
  -3.1706207e+00  -2.2128817e+01
   7.3131439e+00  -6.2647256e+01
   5.6769970e+01   1.4847652e+01
   8.3712321e+00   2.2869041e+01
  -3.9838889e+01  -6.9949017e+01
   5.5660405e+01   3.4723904e+01
  -5.1632162e+01  -2.2104360e+01
  -8.4577650e+00   3.7603972e+01
  -3.3215803e+00   7.4346023e+01
  -2.4752680e+01   7.4254671e+01
   6.9313340e+00   1.2973676e+01
   8.5155397e+01  -1.6861565e+01
   3.9862728e+01   7.0426578e+01
   5.4787107e+01  -2.3037943e+01
  -2.3512132e+01   2.6635470e+01
  -2.7525565e+01   4.4509149e+01
   1.7271368e+01   5.0901313e+01
   3.6531742e+01   3.8342948e+01
   5.0020983e+01   5.5646214e+01
   1.0598357e-01  -3.1482090e+00
   4.8169579e+01  -3.0637747e+01
   5.1926916e+01  -4.7230159e+01
   3.6873885e+01  -7.9474593e+01
  -2.1336525e+01  -7.3965758e+01
   2.8270099e+01  -2.7988371e+01
   8.9686589e+00  -1.9280806e+01
  -4.5574256e+01   2.2352806e+01
  -2.0802541e+01  -6.3980492e+01
  -7.5417943e+01   2.4398169e+01
  -1.7761886e+01  -1.4361515e+01
  -2.7572136e+01  -8.0892235e+00
  -6.9024234e+01   3.6633426e+01
  -7.1880818e+01  -2.2971145e+01
  -3.5517135e+01   2.0913537e+00
  -5.0914705e+01   1.3898320e+01
  -4.6211274e+01  -1.3701405e+01
  -1.6738092e+01  -4.5021870e+01
  -5.5889967e+01  -1.1187547e+01
  -1.0809054e+01  -6.4338152e+01
  -1.3544895e+01  -8.3445687e+01
  -5.4262818e-02  -4.7732047e+01
  -3.8222350e+01   2.9131343e+01
   3.5789937e+01  -5.7580150e+01
   6.3732375e+01   7.4383938e+00
   8.5764561e+00  -7.2629184e+01
  -1.3628957e+00  -6.7619822e+01
  -4.4690165e+01   6.0722836e+00
  -3.0830071e+01  -5.6499072e+01
   8.4558574e+00  -5.2550446e+01
  -2.2636787e+01  -3.6950442e+01
   3.0061163e+01   8.3842785e+00
   2.0464655e+01   1.1167654e+01
   4.7056534e+01   1.2470915e+01
  -5.6600267e+00   6.4623324e+01
   5.7175783e+01   2.4839408e+01
  -2.3271638e+01   6.2912847e+01
   4.5670169e+01   3.4282291e+01
  -5.9988816e+01  -4.4420960e+01
  -6.1039836e+01  -2.5494661e+01
   4.4697425e+00   3.4275996e+01
   2.4478122e+01   7.2715805e+01
   6.1479218e+01  -3.1597397e+00
   4.8108046e+00   6.7983359e+01
   7.6158595e+01  -8.0439161e+00
  -2.1480045e+01   5.2474792e+01
   6.7006123e+01  -2.2522956e+01
  -2.0084107e+01   3.6999548e+01
  -3.7485186e+01   4.9506844e+01
   7.1604834e+01   1.3585012e+01
  -4.2537281e+01  -2.6802714e+01
  -3.1844125e+01   5.7763846e+01
   1.3979406e+01   3.1147960e+01
   7.3238473e+00   4.9806506e+01
  -6.2758588e+00   5.2796212e+01
   1.1881165e+01   6.0565863e+01
   4.1250472e+01   6.0450182e+01
  -1.8286676e+01  -4.3771434e+00
  -3.8504828e+00   2.8728662e+01
  -9.3487408e+00   1.0567153e-01
   4.4191038e+01  -2.1202054e+01
   4.7743185e+01  -1.2956202e+01
   5.7886437e+01  -3.2423616e+01
   4.5234267e+01  -4.0131696e+01
   3.4857806e+01  -6.9870037e+01
  -4.4834043e+01  -7.8612046e+01
  -3.0109942e+01  -6.7636814e+01
  -2.9753300e+01   3.4448755e+01
   1.7696255e+01  -2.4758315e+01
  -5.8850421e+01   1.9982589e+01
  -6.2186965e+01   4.3930758e+01
   6.0190983e+00  -2.8831745e+01
  -6.9736196e+01   1.5611327e+01
  -7.8695411e+01   3.4090209e+01
  -8.1639466e+01  -2.0787471e+01
  -2.5526747e+01   2.5191575e+00
  -6.7405668e+01   3.1799972e+00
  -3.5829265e-02  -7.7546188e+01
  -7.6563267e+01  -1.2167847e+01
  -3.1981180e+01   2.1318248e+01
   4.3057069e+01  -6.4394076e+01
  -3.4213849e+00  -3.2121306e+01
   1.1134756e+00  -1.3095761e+01
   7.8744170e+01   6.5833015e+00
   1.7064349e+01  -6.7756923e+01
  -2.1151667e+01  -5.3988292e+01
  -1.3110786e+01  -2.3209274e+01
  -4.9032563e+01  -6.4391094e+01
   1.8277271e+01   2.0924283e+01
  -9.5726863e+00  -7.4268456e+01
  -1.2360123e+01   7.8624419e+01
  -1.3376084e+01  -3.3192830e+01
   3.2536483e+01  -1.2656638e+00
   1.7872279e+01  -1.4751828e+01
   3.6458832e+01  -1.4274943e+01
   1.0027905e+01  -8.5691392e+00
  -3.3560186e+01   6.7615499e+01
   2.8277600e+01   2.0305022e+01
  -1.5418251e+01   6.9103504e+01
   6.1989934e+01   4.2465796e+01
   6.6871855e+01   2.2393226e+01
  -7.3434226e+01  -3.2849729e+01
   2.9481125e+01   4.5434381e+01
  -6.3698768e+01  -3.5134632e+01
   7.9691894e+00   3.0284225e+00
   3.7309654e+01   1.5261583e+01
  -1.3840393e+01   2.9176224e+01
   3.1245203e+01   6.5353298e+01
   2.1778608e+01   6.1994506e+01
   1.4819739e+01   7.0124355e+01
   5.1631803e+01  -4.3004531e+00
  -1.3823289e+01   4.6042567e+01
   8.6053417e+01  -6.7640534e+00
   7.8077165e+01  -2.3925462e+01
  -4.6548480e+01   4.5281165e+01
   6.7298902e+01  -1.2534470e+01
  -4.6464968e+01   5.5280807e+01
  -5.2584435e+01  -3.2058793e+01
  -3.7038233e+01  -1.7682185e+01
  -3.2624273e+01  -3.6526834e+01
   1.1944762e+01   4.0938475e+01
   2.3799557e+01   2.9260992e+01
   5.9378151e+01   5.2118697e+01
   3.9405311e+01   5.0540965e+01
  -1.7716600e+00   6.6737235e+00
   5.4030793e+01   5.1884058e+00
  -9.1863634e-01   1.9168277e+01
  -4.0432924e+01  -5.9287805e+01
   3.7708891e+01  -2.7111322e+01
   3.3943518e+01  -4.4884410e+01
   2.5040248e+01  -4.7229153e+01
   7.1769360e+01  -3.7870717e+01
