  -2.3015132e+01  -2.7963174e+01
   3.0538113e+01   5.7216075e+01
   6.3812441e+01  -4.3216990e+01
  -1.2815169e+01  -4.3338584e+01
  -3.5321949e-01  -5.8788132e+01
  -2.9990893e+01   1.4441029e+01
   2.0284644e+01   4.7077280e+01
  -3.9983570e+01  -7.8347186e+00
  -7.9193119e+01  -4.7492081e+01
   9.3636875e+01   1.8465779e+01
   3.4079358e+01   2.6341362e+01
   4.3752308e+01   2.8776329e+01
   4.3644886e+01  -9.7537374e+00
   2.9788411e+00   8.1541073e+01
  -5.1240314e+01   4.1850611e+01
   2.9724726e+01  -2.1706885e+01
  -3.4701841e+01  -7.9751607e+01
   2.2366583e+01  -4.2239230e+01
  -5.9277133e+01   3.3102175e+01
  -7.0663304e+01  -4.8652385e+00
   5.1868395e+00  -4.7766571e+01
   1.7641461e+01  -8.1998945e+01
  -3.2140929e+01  -2.3888815e+01
  -2.1610156e+01  -4.7919320e+01
   3.4010926e+01  -1.2345895e+01
  -4.6140759e+00   6.3396324e+01
   1.7737149e+01  -5.8448711e+00
  -3.8411209e+01   4.1395572e+01
   3.3223457e+01  -3.7266246e+01
   4.3664355e+01  -4.9787379e+01
   2.7740516e+01  -6.1483486e+01
  -6.7618756e+01  -1.4491192e+01
  -4.9462106e+01  -1.0999036e+01
   6.5780799e+00  -8.8743333e+01
   6.2081712e+01   1.3971166e+01
   5.0284811e+01   3.6335678e+01
  -5.0050129e+01  -2.2707758e+01
   1.3706205e+00   4.0882289e+01
  -3.5376394e+00   7.3955859e+01
  -2.1634452e+01   7.4553992e+01
   9.8906538e+00   1.2199690e+01
   8.5611875e+01  -1.6614199e+01
   3.7828657e+01   7.5734242e+01
   5.8599571e+01  -2.2974976e+01
  -2.3110976e+01   2.6715049e+01
   4.2924837e+01   4.3096009e+01
   5.1853183e+01   5.8064576e+01
   5.3424725e+01  -4.7626192e+01
   3.5423677e+01  -8.6681206e+01
  -2.0276941e+01  -7.9851731e+01
  -4.4868857e+01   1.2146469e+01
  -8.2191980e+01   2.2869674e+01
  -6.9004364e+01   3.5390358e+01
  -6.4214858e+01  -2.4106429e+01
  -1.8718227e+01  -9.3961570e+01
  -4.9346455e+01   3.2032330e+01
   3.6565275e+01  -5.6817647e+01
   5.3787645e+00  -7.0961279e+01
  -5.3364960e+01   6.8862292e+00
  -3.0485968e+01  -5.3056326e+01
   1.5101222e+01  -4.9066856e+01
  -2.2030690e+01  -3.7886184e+01
   3.3108293e+01   1.0096653e+01
   1.9879265e+01   1.2584127e+01
   4.5215978e+01   9.7879463e+00
   6.0032512e+01   3.4148661e+01
  -2.2357469e+01   6.4580167e+01
  -6.0664274e+01  -4.9684596e+01
   2.5620450e+01   7.5991892e+01
   6.1679553e+01  -6.8124995e-01
   8.0143027e+01  -8.2617972e+00
  -2.3985894e+01   5.4713701e+01
   7.0241044e+01  -2.8292448e+01
  -3.3601477e+01   5.1967753e+01
   6.8623389e+01   6.4319219e+00
  -4.1434815e+01  -2.7744468e+01
   1.5756974e+01   3.3974368e+01
   1.1473495e+01   5.2850328e+01
  -1.9052242e+01  -1.0041779e+01
   6.0116550e+00   3.1756329e+01
  -1.1233041e+01  -3.9306716e+00
   4.0969377e+01  -1.9511307e+01
   5.1252378e+01  -1.6212010e+01
   5.2616924e+01  -3.7662046e+01
   4.2869791e+01  -3.9825965e+01
   3.4724328e+01  -7.6709544e+01
  -4.2733045e+01  -8.5701055e+01
  -2.7259177e+01  -7.2853484e+01
  -2.7539457e+01   4.4014546e+01
   1.9909668e+01  -2.3654595e+01
  -6.0107092e+01   1.4258817e+01
  -6.1183070e+01   4.2916223e+01
   1.1570998e+01  -2.9169862e+01
  -6.9842097e+01   1.6533054e+01
  -7.8906082e+01   3.4017392e+01
  -9.2239514e+01  -2.3485529e+01
  -2.0332167e+01  -5.6867074e-02
  -6.2526121e+01   2.8943704e+00
   1.3002910e+00  -8.0089465e+01
  -7.8386898e+01  -1.1214276e+01
  -4.2943627e+01   2.1950610e+01
   4.5016212e+01  -6.2148339e+01
  -9.9188132e-01  -3.1472166e+01
   5.9941517e+00  -2.0899692e+01
   8.1039247e+01   1.6760250e+00
   1.5255836e+01  -7.2297267e+01
  -1.9776705e+01  -5.7648365e+01
  -1.7205924e+01  -1.9848223e+01
  -6.4608596e+01  -6.5252485e+01
   1.7275529e+01   2.2219898e+01
  -8.2566410e+00  -7.7089822e+01
  -1.2457870e+01   7.8527508e+01
  -1.3273461e+01  -3.3465852e+01
   3.2915031e+01  -2.4152331e+00
   1.4331490e+01  -1.5418845e+01
   7.9884828e+00  -7.7684920e+00
  -3.9858270e+01   6.8945882e+01
   2.7826867e+01   1.8583566e+01
  -1.3181036e+01   6.8553836e+01
   7.0128643e+01   4.9284761e+01
   6.3305054e+01   2.4682955e+01
  -7.6199634e+01  -3.7796583e+01
  -6.7111931e+01  -3.3653834e+01
   1.5256048e+01   3.7810447e+00
   3.9378213e+01   1.7880719e+01
  -2.0181459e+01   3.7058489e+01
   3.5103567e+01   6.6112825e+01
   2.0538854e+01   5.7069954e+01
   1.4986475e+01   6.5762810e+01
   5.1823521e+01  -3.6094980e+00
  -8.2616353e+00   4.9623358e+01
   9.1076744e+01  -8.2440722e+00
   8.2790447e+01  -2.8083454e+01
  -5.3942332e+01   5.1543506e+01
   5.9669575e+01  -1.0435194e+01
  -5.0546590e+01   6.0987650e+01
  -5.2935886e+01  -3.2247862e+01
  -4.0081053e+01  -1.7830716e+01
  -3.3464541e+01  -3.3744369e+01
   1.1171524e+01   4.2857104e+01
   2.4490742e+01   2.9119458e+01
   6.0986959e+01   5.3994751e+01
   3.4151423e+01   4.7892245e+01
  -9.6347249e-02   1.2347889e+01
   5.4584100e+01   6.3359913e+00
  -2.6636352e+00   2.2519170e+01
  -3.7499720e+01  -6.0050501e+01
   3.9354024e+01  -2.9373937e+01
   3.3709187e+01  -4.7242824e+01
   2.4866805e+01  -5.1911033e+01
   7.2379668e+01  -3.8059658e+01
   3.6181965e+01  -6.6821932e+01
   4.8723911e+01  -2.5885308e+01
   6.1233227e+01  -3.2613730e+01
   4.4714886e+01  -7.7039591e+01
   5.3923161e+01  -5.7611617e+01
  -5.0472106e+01  -7.9369236e+01
  -2.7540288e+01  -8.6718076e+01
   2.4468852e+01  -3.2496350e+01
  -6.7934872e+01   5.0290633e+01
  -3.0260763e+01  -4.3147386e+01
  -7.2733041e+01   2.6111824e+01
  -8.8365704e+01   3.0779839e+01
  -5.2950481e+01   2.2705615e+01
  -7.9302356e+01   1.3295708e+01
  -7.5099671e+01   4.3315480e+01
  -2.7660414e+01  -1.5015112e+01
  -8.2801376e+01  -2.0185453e+01
  -3.9045581e+01   4.0390030e+00
  -6.4281095e+00  -5.0914293e+01
  -6.0888524e+01  -6.9582452e+00
  -4.7518754e+01  -1.2106580e+00
  -5.7820082e+01  -1.6453675e+01
  -2.9115317e+01   4.5274235e+00
  -1.8492473e+00  -6.9495883e+00
  -7.1759728e+01   6.7189473e+00
   5.2463378e+01   1.6660767e+01
   7.7449452e+01   1.0979804e+01
  -3.3413809e+00  -8.9770888e+01
   6.6903464e+00  -3.7885121e+01
   9.4590453e+00  -5.7276634e+01
  -3.9597729e+00   3.2427132e+01
  -3.0293871e+01  -5.3898523e+00
  -8.0814494e+01  -1.5135981e+00
  -2.6895995e+00  -4.1341927e+01
  -1.0211462e+01  -6.0151074e+01
   8.8243757e+01   9.4559140e+00
  -9.1975011e+00   8.7980980e+01
   8.8078327e+01   2.7656742e+01
   2.4923975e+01  -7.4776813e+01
  -4.1350894e+00  -6.8019564e+01
  -5.6590120e+01  -7.1230150e+01
  -2.8084912e+01  -6.2980304e+01
  -8.5896166e+00  -2.4888503e+01
   2.4113251e+01  -1.3464854e+01
   1.7840738e+01  -6.2655557e+01
  -6.2999839e+01   2.3825587e+01
  -3.6771250e+01  -6.9985380e+01
  -4.7284542e+01  -5.9834901e+01
   2.5228486e+01   3.9582663e+00
   4.2565521e+01   1.6885756e-01
  -3.1633955e+01   7.4633668e+01
  -1.2576339e+01  -8.6091806e+01
  -2.6608196e+01   8.3278808e+01
   5.3386810e+01  -6.7611415e+01
   5.2105027e+01   4.7043795e+01
  -6.9490326e+01  -4.5144500e+01
   6.1631913e+01   4.4016020e+01
   3.5725330e+01   3.6180861e+01
  -5.9319780e+01  -3.9867215e+01
   5.3495826e+01   2.6596239e+01
   4.9289140e+00   6.0409850e+01
  -1.6016241e+01  -7.0196988e+01
   4.5816457e+01   6.9308926e+01
   1.6220337e+01   8.2299041e+01
  -7.4149026e+01  -2.5192741e+01
  -8.2811002e+01  -3.0334276e+01
  -1.0596323e+01   3.9901869e+01
  -3.2730999e+01   2.4020525e+01
  -1.7882539e+01   4.6792300e+01
  -1.3538521e+01   2.9579677e+01
  -1.3982116e+01   5.7824570e+01
  -4.0727097e+01   5.8984860e+01
   9.3083157e+01  -2.3242357e+01
   9.4036975e+01   1.3056565e+00
   7.6370317e+01  -2.0400548e+01
   6.6862634e+01  -1.7353503e+01
   7.0159262e+01  -7.8108105e+00
  -4.4137748e+01   4.9586808e+01
   1.6591123e+00   5.0876368e+01
   1.0028050e+01   7.4446934e+01
   5.9484538e+01   6.4525219e+01
  -2.9782734e+01   3.4266730e+01
   2.5010290e+01   6.6011683e+01
   2.6132217e+01   3.8974933e+01
   4.3183848e+01   5.3085451e+01
  -4.4654341e+00   3.3595447e+00
   5.4184603e+00   2.3829635e+00
   7.2977731e+00   2.1845620e+01
  -3.9379001e+01   3.1453964e+01
   7.2260664e+01   2.0240136e+01
  -3.0574925e+00  -1.6768640e+01
   8.3656574e+01   1.8728327e+01
  -4.6719801e+01  -6.9808051e+01
  -5.7046695e+01  -5.8857205e+01
