   2.5674075e+01   6.4914350e+01
   6.7024666e+01   5.5933205e+01
  -4.6910358e+01   3.6436978e+01
  -5.7390283e+00  -6.0369833e+01
  -4.7263148e+00  -5.0533720e+01
  -7.6699150e+01   1.3402479e+01
   5.7208888e+01  -5.0769619e+01
   5.5834239e+01  -2.9928682e+01
   7.4268608e+01  -5.4325278e+01
  -5.7467791e+00  -3.4544210e+01
   6.5979235e+01  -1.5307691e+01
  -3.2262372e+01  -4.2074706e+00
   6.8133695e+01   4.0529339e+00
   6.6647183e+01  -4.7925845e+01
  -9.0158124e+01  -3.5328452e+01
   7.7727990e+01  -3.1145067e+01
   3.8238544e+01   5.3396361e+01
   1.3995620e+01   7.3629005e+01
   4.2980633e+01   1.7103832e+01
   1.2482676e+01   1.2211021e+01
  -6.6705389e+01  -2.2270596e+01
  -4.9366366e+01  -8.8200058e+01
   8.4059555e+00   2.1272590e+01
  -9.7070154e+01   1.3684724e+01
  -2.7288238e+01   8.2420327e+01
   5.8372612e+01   1.6352665e+00
  -4.2072706e+01  -6.0983927e+00
  -3.4176347e+01  -9.8409893e+01
   3.5445130e+01   4.3880083e+01
  -1.3608932e+00   7.3416556e+01
  -2.4669682e+01   5.5755822e+01
  -5.8949825e+01   3.5126561e+01
  -5.0035901e+01   6.3174290e+01
   4.5805267e+01  -7.1884955e+01
   3.2141198e+01  -5.2960091e+01
  -7.6100881e+01  -7.6189375e+01
  -5.7517783e+01  -6.5711693e+01
   1.4492282e+01  -3.0387692e+01
   2.0077710e+01   1.8576926e+01
   2.6546128e+01  -3.0652547e+00
  -3.0443813e+00  -5.9920045e+00
   1.2422209e+01  -1.4618246e+01
   8.4807411e+01   1.2769906e+01
   4.8425136e+01   2.5408937e+01
   8.3379103e+01   6.7046536e+01
   3.8706309e+01   9.8607078e+01
   9.9560245e+01   3.9579140e+01
   9.9843109e+01  -6.5939536e+01
  -5.1892651e+01  -1.9209752e+01
  -3.4158964e+01  -5.5365960e+01
  -6.5475662e+01  -7.1767448e+01
   9.0392636e+01  -4.8504925e+01
  -1.5661823e+01  -3.3619625e+01
  -5.2083115e+01   2.7929951e+01
  -1.5583085e+01   5.1600961e+01
  -7.5151853e+01   7.6041279e+01
  -5.8800296e+01   6.5632078e-01
  -4.7096199e+01   9.6512803e+01
  -7.6351834e+01   4.4806188e+01
  -8.7522874e+01   9.2087777e+01
  -2.7631128e+01   3.5250590e+01
  -5.2941467e+01   1.8034720e+01
  -2.9074296e+01   8.8293245e+00
   7.8767121e+01  -6.5080538e+01
  -7.5490999e+01   3.4427285e+01
  -6.2440267e+01   9.1036716e+01
   4.7874628e+01  -2.2363302e+01
   2.2320389e+01  -7.4733719e+01
   3.8770656e+01  -1.8994073e+01
   9.9362265e+01  -3.0813529e+01
  -6.0605990e+01  -3.6753116e+01
  -8.7853195e+01  -2.5597712e+01
   1.1969046e+01  -5.8159541e+01
   7.6420389e+01   9.8427986e+01
   6.0835209e+01   3.0406247e+01
  -8.4249195e+01  -6.6616331e+01
   4.2370708e+01   3.6757905e+01
   6.0980241e+01   8.6893868e+01
   6.5542493e+01   6.6515744e+01
  -1.1390177e+01  -2.0094647e+01
   9.3107465e+01   6.4849533e+01
  -2.9996248e+01  -2.6107503e+01
   9.3496800e+01   1.7706614e+01
  -3.9366172e+01  -6.3896592e+01
  -3.9392651e+01  -8.8815673e+01
   2.9255620e+01  -2.1220113e+01
   7.2641410e+01  -9.9856223e+01
   1.2909430e+01   5.4211988e+01
   1.2807827e+01   8.4894583e+01
  -4.0843894e+00   6.3813240e+01
   8.1705954e+00  -8.4332723e+01
  -8.0206777e+01   8.4924593e+01
  -1.3764987e+01   6.1396987e+01
   4.6935031e+01  -9.2020332e+01
  -9.3955064e+00   8.0953641e+01
  -8.7920906e+01   5.8955221e+01
  -3.4454649e+01   5.3727979e+01
   1.4907642e+01  -9.3473473e+01
  -2.3881004e+01   2.6033272e+01
  -4.6122553e+01   1.0787266e+01
   2.1590981e+01  -5.5756606e+01
  -5.3293483e+01   8.7011814e+01
   4.9093150e+01  -5.9098159e+01
  -8.9864250e+01   1.4794637e+00
   8.6485395e+01  -1.9022275e+01
  -8.9958265e+01   2.1142407e+01
  -6.6183339e+01  -6.0512999e+01
  -8.9027981e+01  -8.7315438e+01
   1.4854464e+01  -4.8534573e+01
   2.5275327e+01  -4.6513484e+01
  -7.9033066e+01  -3.5889420e+01
   3.1033773e+01   3.5010187e+01
   6.8492401e+00  -6.4777019e+00
   8.6041347e+01   9.5705485e+01
   4.4600301e+01   6.2017335e+00
   8.3089318e+01  -3.2912273e+00
   6.7383019e+01   2.2097718e+01
   5.8133813e+01   6.0274077e+01
  -8.9421681e+01  -4.8913318e+01
   6.8769902e+01   8.0628606e+01
   4.2280847e+01   7.0274203e+01
   6.5132744e+01   4.6225464e+01
   3.5859061e+01   5.5126809e-01
  -1.3097604e+01  -9.9241008e+01
  -3.0132830e+01  -4.5769125e+01
  -4.8706401e+01  -3.0477512e+01
  -7.2727623e+01  -1.4343502e+01
  -6.6515999e+01  -5.6790635e+00
  -8.0206947e+01   4.0524847e+00
  -2.0154273e+01  -2.4709490e+01
  -2.6177024e+01  -6.3275892e+01
  -6.8336759e+01  -8.2488748e+01
  -2.3371337e+01  -8.2387046e+01
   1.9349347e+01  -2.1620231e+01
   1.7923213e+01  -8.3948453e+01
   4.6157227e+01  -8.1824834e+01
   1.3875637e+01   2.9632237e+01
   2.1132530e+01   3.6505948e+01
  -9.4052778e+01   3.0409901e+01
   5.4846260e+01  -8.6184833e+01
  -1.0097230e+01   4.3255159e+01
   4.0122501e+00   4.7188136e+01
   3.1374272e+01   8.2225940e+01
  -1.1058579e+01   7.1009925e+01
   3.3682016e+00   5.7168266e+01
  -7.9999053e+01   6.5055180e+01
  -6.8930058e+01   7.1126140e+00
  -4.8842927e+01   1.2179076e+00
   4.6046626e+01  -3.1873020e+01
   5.6957166e+01  -1.9093917e+01
   3.5411941e+01  -2.9260513e+01
  -7.4803641e+01   9.3589293e+01
  -2.2566504e+01   6.6098553e+01
   3.1521494e+00   8.2317643e+01
  -8.5252421e+01   4.9323375e+01
  -1.6794283e+01   9.6565255e+01
  -2.8138101e+01   9.2380925e+01
   2.9133091e+01  -6.2041232e+01
   1.2365032e+01  -7.5141858e+01
  -4.4283471e+01   5.1902506e+01
  -6.7066795e+01   9.9924936e+01
  -6.1061198e+01   8.0622199e+01
  -7.6343760e+01  -2.4868749e+01
   3.9426158e+01  -6.2048676e+01
  -4.3512552e+01   2.2817370e+01
   4.1520273e+01  -5.2436688e+01
  -3.8647645e+01   3.6055822e+00
   6.0270744e+01  -5.9689456e+01
  -7.6537181e+00   2.9843324e+01
   2.6067812e+01  -9.3125686e+01
   5.8417648e+01  -4.1110175e+01
   8.0615808e+01  -4.6609165e+01
  -5.8551010e+01   4.5105074e+01
  -4.3813348e+01   7.1153611e+01
  -7.3172220e+01  -5.3364002e+01
   3.0540402e+01  -3.8018384e+01
  -7.6842591e+01   5.5263662e+01
  -9.3804202e+01  -9.6281160e+01
  -9.9215084e+01   8.6193592e+01
  -8.5420722e+00   9.0917157e+01
   6.4047124e-01  -4.2131599e+01
   6.5207822e+01  -3.4077061e+01
  -6.1849699e+01  -4.6655689e+01
   1.1246672e+01   9.9785203e+01
  -4.8365598e+01  -5.9616160e+01
  -9.2529270e+01  -1.6623991e+01
  -9.7122026e+01  -4.2537765e+01
  -8.2540370e+01  -1.7037904e+01
  -1.2019727e+01  -1.0262681e+01
   5.1996620e+01   3.4682771e+01
   5.7452141e+01   2.1118557e+01
   7.8839308e+01   8.0368495e+01
   9.4918641e+01   9.1106050e+01
   2.5438451e+00   1.2775339e+01
  -2.4992947e+00  -6.9670407e+01
  -3.4053880e-01  -7.9321725e+01
  -9.6609320e+01   4.0076155e+01
   5.6504082e+01  -9.1479775e+00
   6.5772820e+01  -5.4929107e+00
   6.1941510e+01   1.1871628e+01
  -2.2743775e+01   1.2408188e+00
   9.2192556e+01  -1.0055216e+01
   1.8079192e+01   4.0083331e+00
  -2.0733017e+00   2.1590324e+01
   6.4078878e+01   9.8322778e+01
   6.0254019e+01   7.4977617e+01
  -8.4224177e+01  -9.9146667e+01
   2.8397861e+01   5.5255203e+01
   3.5434057e+01   6.2871448e+01
   3.0879506e+01   1.9253611e+01
   7.4885778e+01   6.1931184e+01
   4.5170510e+01   6.0662718e+01
   5.0993980e+01   8.7256929e+01
   7.5103681e+01   4.9999642e+01
   5.1721137e+01   5.3140847e+01
   8.4019289e+01  -5.6470801e+01
   8.5827734e+01  -3.8000655e+01
  -9.9752716e+00  -7.6221887e+01
  -9.3383632e+01   6.8503286e+01
   7.1858112e+01   1.3199330e+01
   9.8013894e+01  -1.9259172e+00
   9.2350373e+01   2.7638634e+01
  -4.2880465e+01  -7.8012414e+01
  -4.4143740e+01  -9.8219352e+01
  -8.6986885e+01  -8.0921057e+00
   9.6298579e+01   8.1206448e+01
   8.6673734e+01   4.6802979e+01
  -7.9879567e+01  -4.5948369e+01
  -3.2403395e+01  -7.1034349e+01
  -1.5135661e+01  -5.7247462e+01
  -4.8306214e+01  -6.9613624e+01
   3.7296997e+01  -9.2399378e+00
  -2.6759331e+01  -9.1791549e+01
   2.4082946e+01  -1.2744262e+01
  -5.4054476e+01  -9.7032475e+01
   7.8088731e+01   5.3675133e+00
   2.4698761e+01  -2.9956472e+01
   2.5701976e+01   1.0363480e+01
   9.2144408e+01  -9.7576207e+01
   4.9936654e-01  -9.0540388e+01
   6.5273670e+01  -7.7410698e+01
   6.3861439e+01  -9.5973544e+01
   8.1176057e+01  -9.4925069e+01
  -1.7754656e+01   8.6499462e+01
  -2.0059388e+01   4.2703655e+01
  -4.0132583e+01   6.1892977e+01
  -5.6848529e+00   5.2939428e+01
  -1.9869462e+01   7.5724252e+01
  -3.5964219e+01   7.7456058e+01
  -6.1851750e+01   2.5518043e+01
   5.4533389e+01  -9.8410981e+01
  -3.9522819e+01   4.3121893e+01
   3.6173130e+01  -9.2678677e+01
   2.0440316e+01   9.1351461e+01
  -8.4889644e+01   7.3776965e+01
   4.7683829e+00   9.2174126e+01
   8.8553993e+01  -6.5930723e+01
   3.1639415e+01  -7.1289419e+01
   6.9289507e+01  -6.2996784e+01
   3.2448820e+01   7.2327656e+01
   6.2685048e+00   6.6901105e+01
   1.5760489e+01   6.3789055e+01
   2.5677950e+01   4.5609629e+01
  -5.4049800e+01   5.4022761e+01
  -3.7526424e+01   8.7439668e+01
  -5.6717928e+01   9.9236501e+01
  -3.7139537e+01   9.7441854e+01
  -9.6841554e+01   9.5907800e+01
  -7.0187573e+01   8.4718911e+01
  -2.9735064e+01   4.4982970e+01
   2.7666965e+01  -8.3283161e+01
  -5.3276250e+01   7.4353060e+01
  -4.5299532e+01   8.1024695e+01
   7.6534216e+01  -1.9091930e+01
  -3.3616169e+01   2.4076573e+01
   7.3150336e+01  -4.0035187e+01
  -8.7313540e+01   1.1490726e+01
  -3.7430351e+01   3.3284996e+01
  -1.2367726e+00   3.8689831e+01
  -1.7015201e+01   3.3234971e+01
  -3.2338625e+01   6.8145125e+01
   9.5870054e+01  -4.0169848e+01
  -9.8829212e+01  -7.7788307e+01
  -8.4692670e+01   3.9294150e+01
  -7.6071740e+01   2.3374988e+01
  -8.4114586e+01   2.9312307e+01
   2.8161478e+01   9.7851994e+01
  -9.9538840e+01   3.9942447e+00
   1.6937713e+01  -5.8114863e+00
  -8.9966554e+01   8.2391267e+01
   8.9620773e+01  -2.8514700e+01
   4.1134504e+01   8.8907167e+01
  -9.9071924e+01  -8.7782745e+01
  -6.7433957e+01   4.0340536e+01
  -6.8000176e+01   5.0310295e+01
   1.8837480e+01  -6.5376107e+01
   1.0275544e+01  -3.9772987e+01
  -6.9455737e+01  -3.2106930e+01
  -7.0694607e+01  -4.2022148e+01
  -2.5014354e+00   9.9035891e+01
   5.1884483e+00  -5.0960222e+01
  -5.9419537e+01  -8.8100062e+01
  -8.6254055e+01  -7.7081002e+01
  -7.4264959e+01  -6.6366658e+01
  -8.2578304e+01  -5.6757526e+01
  -5.7832208e+01  -7.8226846e+01
   6.8462920e+01  -2.4846231e+01
  -5.9579120e+01   1.0608706e+01
  -5.7490286e+01  -5.5620534e+01
  -9.2674624e+01  -5.8366265e+01
  -6.7470175e+01   1.7246791e+01
  -1.1041365e+01  -4.2924390e+01
  -2.8847185e+00  -2.5080301e+01
  -2.4701175e-01  -1.5518397e+01
   3.9505085e+00  -3.2241468e+01
  -9.8854568e+01  -2.4368314e+01
   2.1595920e+01   8.0126259e+01
   8.7654415e+00   3.8352693e+01
  -2.9977601e+01  -3.5933226e+01
  -9.6758519e+01  -5.9843798e+00
   4.6757091e+01  -1.2508259e+01
  -9.3934214e+01  -6.9073139e+01
  -1.9840104e+00   3.9070798e+00
   6.7669197e+00  -2.2719219e+01
   7.9953291e+00   3.3640488e+00
   4.8851734e+01  -2.7802047e+00
  -9.5222484e+01   4.9977009e+01
   7.3710273e+01   7.1903397e+01
   9.2938764e+01   5.4853610e+01
   8.7806717e+01   7.5965896e+01
   3.4465737e+00   2.9901336e+01
   7.0317145e+01   9.0507723e+01
   9.6446471e+01  -1.9587221e+01
  -2.1750988e+01  -8.4818819e+00
   5.2323974e+01   9.7131502e+01
   2.0013853e+01  -3.8558349e+01
  -7.6992056e+01  -9.2240636e+01
   5.1979468e+01   6.7967749e+01
  -1.1242388e+01  -4.2099252e-01
  -3.8795964e+01  -3.0610164e+01
   4.9251461e+01   7.7480746e+01
   8.3019572e+01   5.6115415e+01
   5.5479871e+01   4.3949819e+01
   5.2005615e+01   1.2833772e+01
   2.4874895e+01   2.7242866e+01
   3.5610800e+01   1.0469915e+01
  -5.8032007e+01  -2.7105311e+01
  -2.0909664e+01  -4.2134442e+01
   9.4157815e+01  -5.7724910e+01
  -2.6648393e+01  -1.6932168e+01
  -8.1104912e+00  -8.5864512e+01
   9.4126236e+01  -7.4142991e+01
   8.9820726e+01   3.7311872e+01
  -9.7931452e+01   5.9599611e+01
  -1.3595081e+01  -6.7039411e+01
   9.9250817e+01   9.4794978e+00
   9.0463174e+01   4.5886117e+00
   6.9933653e+00  -6.6748761e+01
  -7.7331808e+01  -5.5032076e+00
  -5.9832699e+01  -1.3130632e+01
  -4.0499723e+01  -1.5959589e+01
   7.8581800e+01   2.0494884e+01
  -2.4256921e+01  -5.3569302e+01
  -1.7013924e+01  -9.0071959e+01
  -6.4023414e+01  -9.7703311e+01
  -3.3250676e+01  -8.0955646e+01
  -2.2359003e+01  -7.2469299e+01
   7.5050069e+01  -9.2278629e+00
  -3.7020745e+01   1.4745699e+01
   9.4595368e+01  -8.4101060e+01
   5.4674740e+01  -6.7603345e+01
   3.6720009e+01  -7.9564066e+01
   3.8126813e+01   2.7867622e+01
   4.5063237e+01   4.6166910e+01
   6.3040819e+00  -9.8546758e+01
   4.1029876e+01  -4.0269120e+01
   4.8767919e+01  -4.6341466e+01
   6.4496378e+01  -8.6727169e+01
