  -2.2603345e+01  -2.7952091e+01
   3.0434098e+01   5.7216792e+01
   6.3827867e+01  -4.3207592e+01
  -1.2690597e+01  -4.2327125e+01
  -6.8991408e-01  -5.8226120e+01
  -2.9990763e+01   1.4341354e+01
   2.0422020e+01   4.6937452e+01
  -4.0032140e+01  -7.8559347e+00
  -7.9145709e+01  -4.7434067e+01
   9.3520651e+01   1.8175755e+01
   3.3744722e+01   2.5983606e+01
   4.3362610e+01   2.7671208e+01
   4.3459221e+01  -9.8044512e+00
   2.9788048e+00   8.1541031e+01
  -5.1294051e+01   4.1811172e+01
   2.9049109e+01  -2.1023063e+01
  -3.4735170e+01  -7.9403960e+01
   2.2176467e+01  -4.2124872e+01
  -5.9085336e+01   3.3026203e+01
  -7.0639377e+01  -4.8894528e+00
   5.2504684e+00  -4.7287606e+01
   1.7610022e+01  -8.1872238e+01
  -3.1524202e+01  -2.3490872e+01
  -2.1467105e+01  -4.7835401e+01
   3.3768228e+01  -1.2214006e+01
  -4.4986507e+00   6.3405107e+01
   1.6184399e+01  -6.1083512e+00
  -3.8628253e+01   4.1105515e+01
   3.3146274e+01  -3.7182884e+01
   4.3569037e+01  -4.9669903e+01
   2.7635576e+01  -6.1339990e+01
  -6.7544194e+01  -1.4506487e+01
  -4.9568356e+01  -1.0837787e+01
   6.3358781e+00  -8.8765275e+01
   6.2274017e+01   1.3481938e+01
   5.0257842e+01   3.6249590e+01
  -5.0304442e+01  -2.3207269e+01
   1.4853337e+00   4.0725980e+01
  -3.5377874e+00   7.3955994e+01
  -2.1647605e+01   7.4545381e+01
   9.7652122e+00   1.2170507e+01
   8.5399869e+01  -1.6382136e+01
   3.7814038e+01   7.5682833e+01
   5.8564670e+01  -2.2864142e+01
  -2.2945524e+01   2.6773081e+01
   4.2764562e+01   4.2848369e+01
   5.1816755e+01   5.8021229e+01
   5.3346348e+01  -4.7582406e+01
   3.5416753e+01  -8.6585527e+01
  -2.0663701e+01  -7.9377466e+01
  -4.4816070e+01   1.2028298e+01
  -8.2104484e+01   2.2897778e+01
  -6.8793091e+01   3.5310000e+01
  -6.4143747e+01  -2.4199538e+01
  -1.8558873e+01  -9.3743770e+01
  -4.9193366e+01   3.2038446e+01
   3.6503129e+01  -5.6736335e+01
   5.3028194e+00  -7.0909139e+01
  -5.3365110e+01   6.8563429e+00
  -3.1746396e+01  -5.2756727e+01
   1.5076005e+01  -4.9133877e+01
  -2.1583499e+01  -3.7846292e+01
   3.2726272e+01   1.0240088e+01
   1.9681385e+01   1.2379464e+01
   4.5316729e+01   9.7003711e+00
   6.0019571e+01   3.4110992e+01
  -2.2278440e+01   6.4568016e+01
  -5.9698101e+01  -5.0916512e+01
   2.5618687e+01   7.5963607e+01
   6.2533928e+01  -1.8278252e-02
   8.0238313e+01  -7.6265293e+00
  -2.3963611e+01   5.4717293e+01
   7.0087861e+01  -2.8224208e+01
  -3.3577693e+01   5.1977723e+01
   7.0420141e+01   7.6909253e+00
  -4.1371726e+01  -2.7698355e+01
   1.5708182e+01   3.3766367e+01
   1.1457603e+01   5.2606381e+01
  -1.8087530e+01  -9.8477838e+00
   6.0014529e+00   3.1745708e+01
  -9.0502149e+00  -5.6943443e+00
   4.0676703e+01  -1.9423023e+01
   5.1145883e+01  -1.6176910e+01
   5.2527727e+01  -3.7623895e+01
   4.2782360e+01  -3.9711591e+01
   3.4703619e+01  -7.6615785e+01
  -4.2759587e+01  -8.5368013e+01
  -2.7711830e+01  -7.2290738e+01
  -2.7547160e+01   4.4002215e+01
   1.9456601e+01  -2.3818202e+01
  -5.9986630e+01   1.4294858e+01
  -6.1243292e+01   4.2760160e+01
   1.0427833e+01  -2.8098014e+01
  -6.9725645e+01   1.6515224e+01
  -7.8699978e+01   3.4014340e+01
  -9.2210687e+01  -2.3475498e+01
  -2.0010128e+01  -1.0796583e-01
  -6.2503161e+01   2.8099526e+00
   1.3031693e+00  -8.0074163e+01
  -7.8381033e+01  -1.1217587e+01
  -4.2963179e+01   2.1848504e+01
   4.4929009e+01  -6.2107430e+01
  -1.3886754e+00  -3.1327844e+01
   4.7130729e+00  -1.9919560e+01
   8.0452643e+01   2.3711669e+00
   1.5221514e+01  -7.2164927e+01
  -2.0305138e+01  -5.7761187e+01
  -1.7015591e+01  -1.9721885e+01
  -5.8781963e+01  -6.0872695e+01
   1.7304092e+01   2.2062866e+01
  -8.1258832e+00  -7.6744193e+01
  -1.2456181e+01   7.8478754e+01
  -1.3202784e+01  -3.2343202e+01
   3.2784635e+01  -2.2848998e+00
   1.3733685e+01  -1.5707711e+01
   6.3425769e+00  -8.3340216e+00
  -3.9826990e+01   6.8880288e+01
   2.7267667e+01   1.8602001e+01
  -1.3090204e+01   6.8502670e+01
   7.0025272e+01   4.9221025e+01
   6.2655405e+01   2.4478900e+01
  -7.5591561e+01  -3.8091284e+01
  -6.6525158e+01  -3.3894746e+01
   1.5039137e+01   3.6933158e+00
   3.9355966e+01   1.7717339e+01
  -2.0222379e+01   3.7033811e+01
   3.5069403e+01   6.6070156e+01
   2.0449511e+01   5.6937765e+01
   1.4986475e+01   6.5762810e+01
   5.1745790e+01  -3.5781212e+00
  -8.3148709e+00   4.9501997e+01
   9.0923242e+01  -8.0866987e+00
   8.2790447e+01  -2.8083454e+01
  -5.3821613e+01   5.1518941e+01
   6.0202157e+01  -9.7407386e+00
  -5.0546935e+01   6.0987761e+01
  -5.3540135e+01  -3.2668721e+01
  -3.9749867e+01  -1.7835441e+01
  -3.3125963e+01  -3.3352550e+01
   1.1275044e+01   4.2655005e+01
   2.4387025e+01   2.9064880e+01
   6.0957444e+01   5.3970644e+01
   3.4171924e+01   4.7949309e+01
  -1.4428437e-01   1.2283859e+01
   5.4661206e+01   6.1455279e+00
  -2.6092504e+00   2.2424512e+01
  -3.8885845e+01  -5.9750413e+01
   3.9308426e+01  -2.9320112e+01
   3.3738683e+01  -4.7143887e+01
   2.4860712e+01  -5.1741857e+01
   7.2339907e+01  -3.7961119e+01
   3.6058254e+01  -6.6717407e+01
   4.8691315e+01  -2.5869632e+01
   6.1094125e+01  -3.2530205e+01
   4.4712407e+01  -7.7039509e+01
   5.3834333e+01  -5.7565667e+01
  -5.0466385e+01  -7.8996312e+01
  -2.7686040e+01  -8.6496673e+01
   2.4414958e+01  -3.2416974e+01
  -6.7796045e+01   5.0279868e+01
  -3.0164686e+01  -4.2899829e+01
  -7.2630952e+01   2.6078718e+01
  -8.8174503e+01   3.0844290e+01
  -5.2926796e+01   2.2765630e+01
  -7.9199423e+01   1.3330387e+01
  -7.4871597e+01   4.3240682e+01
  -2.6794103e+01  -1.4703393e+01
  -8.2762813e+01  -2.0204761e+01
  -3.8819489e+01   4.0372973e+00
  -7.0506525e+00  -5.0546064e+01
  -6.0876833e+01  -7.0496095e+00
  -4.7377463e+01  -1.1023082e+00
  -5.7754252e+01  -1.6540258e+01
  -2.8853228e+01   4.4689042e+00
  -2.9408745e+00  -1.3552895e+01
  -7.1702592e+01   6.7152524e+00
   5.2718082e+01   1.6412602e+01
   7.8584635e+01   1.3435500e+01
  -3.6339141e+00  -8.9530713e+01
   6.8576504e+00  -3.7424631e+01
   9.2324915e+00  -5.7224768e+01
  -3.8972097e+00   3.2328520e+01
  -3.0363326e+01  -5.3827812e+00
  -8.0813320e+01  -1.5182816e+00
  -2.7624785e+00  -4.1226133e+01
  -1.0543494e+01  -5.9914281e+01
   8.7858424e+01   9.9623569e+00
  -9.2131282e+00   8.7935512e+01
   8.3892839e+01   2.2920372e+01
   2.4877820e+01  -7.4761380e+01
  -4.1301526e+00  -6.7594110e+01
  -5.1724403e+01  -6.9076025e+01
  -2.9158088e+01  -6.2405031e+01
  -7.8990140e+00  -2.3758553e+01
   2.3796123e+01  -1.2527757e+01
   1.7715731e+01  -6.2487809e+01
  -6.2905422e+01   2.3823591e+01
  -3.7417445e+01  -6.9640011e+01
  -4.8879497e+01  -5.9489549e+01
   2.4994000e+01   3.9252952e+00
   4.2467106e+01   1.3385189e-01
  -3.1644566e+01   7.4621028e+01
  -1.2812460e+01  -8.5566366e+01
  -2.6617044e+01   8.3263596e+01
   5.3312828e+01  -6.7551445e+01
   5.1926014e+01   4.6822302e+01
  -6.8381109e+01  -4.5377666e+01
   6.1508898e+01   4.3989163e+01
   3.5793157e+01   3.5725831e+01
  -5.9429503e+01  -4.0923591e+01
   5.3097980e+01   2.6674723e+01
   4.9416514e+00   6.0156412e+01
  -1.6016241e+01  -7.0196988e+01
   4.5816457e+01   6.9308926e+01
   1.6220337e+01   8.2299041e+01
  -7.4086664e+01  -2.5168716e+01
  -8.2379459e+01  -3.0750911e+01
  -1.0564158e+01   3.9762530e+01
  -3.2481774e+01   2.3954361e+01
  -1.7925531e+01   4.6755296e+01
  -1.3453515e+01   2.9688310e+01
  -1.3942163e+01   5.7766677e+01
  -4.0761072e+01   5.8931580e+01
   9.2851364e+01  -2.3036465e+01
   9.3238323e+01   1.6028804e+00
   7.6285943e+01  -2.0412978e+01
   6.6818828e+01  -1.7231661e+01
   7.0240834e+01  -7.8371112e+00
  -4.4036686e+01   4.9493966e+01
   1.6080994e+00   5.0716815e+01
   1.0028050e+01   7.4446934e+01
   5.9440732e+01   6.4488109e+01
  -2.9816071e+01   3.4264703e+01
   2.4984033e+01   6.5983767e+01
   2.6313479e+01   3.8868117e+01
   4.3283050e+01   5.2820188e+01
  -4.6689956e+00   3.2072174e+00
   5.2002771e+00   2.8606589e+00
   7.3410572e+00   2.1854984e+01
  -3.9302564e+01   3.1159503e+01
   7.1608935e+01   2.0409409e+01
