   3.1446401e+01   6.6183433e+01
  -5.3245719e+01   3.4476819e+01
  -1.2085344e+01  -5.1629434e+01
  -9.1770393e+01   1.1009394e+01
   4.9946858e+01  -4.7018846e+01
   7.8074739e+01  -4.9200626e+01
  -1.2771710e+00  -3.6852665e+01
   7.5935117e+01   4.3744850e+00
  -9.7799989e+01  -3.4667694e+01
   4.3350278e+01   5.0533190e+01
  -2.8352317e+01   5.0483050e+01
  -4.1597693e+01   6.6289485e+01
   2.7586444e+01   2.0289368e+01
   2.8342166e+01  -2.4551351e+00
   1.2122668e+01  -1.7529195e+01
   9.2714797e+01   8.9285211e+00
   8.0423299e+01   6.5821836e+01
  -6.7700869e+01  -6.8901355e+01
   9.0903459e+01  -4.6238614e+01
  -7.4546783e+01   7.9271566e+01
  -7.9887993e+01   9.5567354e+01
  -5.5172958e+01   2.4723314e+01
  -2.9828680e+01   1.2855112e+01
   8.3622131e+01  -6.5458556e+01
  -8.0679394e+01   3.8336412e+01
   2.2551971e+01  -8.4993225e+01
   3.6844505e+01  -2.0506002e+01
  -6.6060375e+01  -3.2549240e+01
  -9.7456851e+01  -2.4670010e+01
   4.6817444e+01   3.0255526e+01
   9.8043536e+01   7.0455724e+01
  -3.8170593e+01  -7.0626085e+01
   1.6368554e+01   5.6245350e+01
   7.8966160e+00   8.8290898e+01
  -2.1752037e+01   3.0225585e+01
   1.9615700e+01  -5.6034723e+01
  -5.2361378e+01   9.9137747e+01
   8.6180819e+01  -2.2786462e+01
   4.5846600e+00  -1.1077979e+01
   8.4788191e+01  -2.5856932e-01
   6.7432975e+01   2.2072664e+01
   5.0509730e+01   6.8530749e+01
   6.6138113e+01   8.8111275e+01
   4.0837527e+01   8.3367007e+01
   6.1813518e+01   4.1887421e+01
  -2.7943356e+01  -5.7411491e+01
  -2.2552547e+01  -8.7103754e+01
   1.7953874e+01   3.5545260e+01
  -9.9830706e+01   3.9412998e+01
   1.5154654e+00   4.3005703e+01
   8.8450113e+00   4.9727060e+01
  -5.0289927e+01  -5.0724168e+00
   7.0785896e+01  -2.3548178e+01
  -2.2115084e+01   7.0469646e+01
  -2.8943449e+01   8.9579243e+01
  -6.2887720e+01   9.2311069e+01
   4.1189308e+01  -5.8105786e+01
  -4.7305136e+01   1.9122922e+01
   3.3014391e+01  -5.1461452e+01
   6.3225775e+01  -6.1790765e+01
  -8.1536179e+01  -4.8306644e+01
   3.0487336e+01  -4.1780117e+01
  -8.6733385e+01   5.6999932e+01
  -5.9228721e+01  -4.9706024e+01
  -4.5827868e+01  -6.4258870e+01
  -8.7226404e+01  -8.0027342e+00
  -1.1622392e+01  -1.3085207e+01
   5.9305072e+01   1.6354516e+01
   6.9842456e+00   8.6085586e+00
  -6.7251943e+00  -8.6878775e+01
   5.5039140e+01  -7.7951729e+00
  -2.0047489e+01  -8.3130592e+00
   9.6499802e+01  -1.2231226e+01
   1.6050440e+01   1.2763490e+01
  -1.8221239e-01   2.5575261e+01
   2.6285570e+01   5.5118301e+01
   3.6042575e+01   6.3174906e+00
   8.3810279e+01   5.6416016e+01
   9.9944143e+01   1.9966858e+01
   8.5429246e+01   4.5929094e+01
  -4.8937940e+01  -7.3740528e+01
   1.7795458e+01  -2.5710411e+01
   6.5485836e+01  -7.5083308e+01
  -1.8943493e+01   8.9549405e+01
  -1.3248542e+01   6.5850260e+01
  -1.8018711e+01   7.9591820e+01
  -1.7187333e+00   9.1029551e+01
   9.3219880e+01  -6.8163735e+01
   2.7399795e+01  -7.6265970e+01
   3.7899792e+01   7.3810175e+01
   1.2587806e+01   6.9155760e+01
  -5.5548771e+01   5.3366972e+01
  -3.4766401e+01   4.1981869e+01
  -5.3387515e+01   8.9190500e+01
   6.4907677e+01  -4.2431839e+01
  -1.5327320e+01   3.8032088e+01
  -3.5037062e+01   8.1506143e+01
   9.8889766e+01  -3.7067767e+01
   9.0060871e+01  -3.2470417e+01
   4.0832929e+01   9.3347526e+01
  -7.4183128e+01   4.6036847e+01
   8.5531572e+00  -3.8226828e+01
  -7.4572069e+01  -3.7392791e+01
  -8.7339980e+01  -8.3841160e+01
  -5.9657711e+01  -8.9551695e+01
  -6.9111396e+01   7.9275535e+00
  -6.4664048e+01  -5.8976095e+01
  -6.4328345e+01   2.0911932e+01
  -3.5656475e+00  -4.6430512e+01
  -2.9105846e+00  -1.7442310e+01
   1.5116647e+01   8.1380542e+01
  -1.9847294e+01  -3.2385358e+01
  -3.3006191e+00   4.6125356e+00
   4.2971978e+01  -1.2754067e+01
  -9.4641088e+01   5.0502984e+01
   9.6100075e+01   8.0264489e+01
   2.1628175e+01  -4.6303745e+01
  -7.0257087e+01  -9.2576059e+01
   4.8230110e+01   7.6940764e+01
  -1.2583436e+01  -1.2890984e+00
  -3.8689366e+01  -3.1442754e+01
   4.8850931e+01   1.5664910e+01
   2.6523928e+01   4.0699337e+01
  -6.7770919e+01  -2.2365144e+01
  -3.8486031e+01  -7.5680936e+00
   9.4540910e+01  -2.4276141e+00
  -7.8236928e+01  -2.9966476e+00
  -5.9456021e+01  -8.9648246e+00
   9.0061785e+01   1.8562179e+01
  -3.3564778e+01  -9.5826299e+01
   7.8175118e+01  -1.6854477e+01
   4.4350159e+01   4.0598124e+01
   4.5668809e+01  -3.5583855e+01
   6.6250217e+01  -8.4752917e+01
   3.3796282e+01   4.7555356e+01
   5.7252491e+01  -8.0777077e+01
   6.1191584e+01  -2.0760982e+01
  -6.8494939e+00   7.3569984e+01
   3.6779693e+01  -3.4101491e+01
   4.7972477e+01  -6.6080764e+01
  -4.5991568e+01   9.4797328e+00
   3.2144988e+01  -8.7865149e+01
  -4.0027357e-01   5.3428090e+01
  -8.5235803e+01   4.7156532e+01
   1.6348984e+01   9.8241829e+01
   6.8617303e+01  -5.2411339e+01
  -2.1691321e+01   9.9164469e+01
   5.3766783e+01  -5.8241760e+01
   7.6174819e+01  -5.8872311e+01
   1.0277867e+01  -8.3166499e+01
  -8.8377375e+01   6.6838991e+01
  -9.7229109e+01   7.1469309e+01
   9.5754406e+01  -5.4990486e+01
  -4.2378176e+01   4.8451943e+01
   1.8057863e+01   4.5960303e+01
   2.7830535e+01   9.6877231e+01
   1.2031597e+01  -9.2956408e+01
   6.4709859e+00   6.0965797e+01
  -6.4644603e+01   8.0659421e+01
  -7.2329904e+01   8.9020487e+01
  -9.5098943e+01   9.8239005e+01
   8.0308243e+01  -3.0733834e+01
  -2.8581000e+01   6.2693324e+01
  -3.2493270e+01   3.1783292e+01
  -1.7910810e+01   4.8296456e+01
  -7.2441795e+01   3.2874963e+01
  -7.5651856e+01  -6.2841914e+01
  -9.7679239e+01  -8.4958218e+01
  -8.7146251e+01   8.8688624e+01
  -6.4985330e+01   5.0071278e+01
   2.8547752e+01  -6.0307120e+01
  -9.9571612e+01  -9.8186429e+01
  -4.2673654e+01   2.7918070e+01
  -5.3257771e+01  -5.7652484e+01
  -7.9571298e-03  -5.5606175e+01
   3.3821641e+01  -6.8667522e+01
  -7.9024394e+01   6.9795044e+00
  -6.6592047e+01  -8.2352443e+01
  -3.7894253e+01  -5.8203776e+01
  -8.8996925e+01  -2.9954347e+01
  -8.4155367e+01  -2.1261270e+01
  -7.6333956e+01  -2.7489827e+01
   2.8050398e+00  -6.5063147e+01
  -1.2192039e+01  -4.1538873e+01
  -8.7628605e+01   1.9420712e+00
   5.3787325e+01   3.6581867e+01
  -5.8962182e+01  -3.9553250e+01
  -9.3041344e+01  -4.3462803e+01
  -5.8556106e+01  -7.6418383e+01
  -3.0263722e+01  -3.6575196e+01
   5.3610840e+01   2.4042434e+01
   6.5959502e+01   7.3409268e+00
   7.3349253e+01   1.4022833e+01
  -5.0878369e+01   7.0058589e+01
  -9.3529883e+01  -7.5709425e+01
   6.4366576e+01  -1.1328154e+01
  -5.8700626e+01   1.2734798e+01
  -6.3129416e+01   1.3597290e-01
  -4.0615858e+00   3.4772250e+01
   8.9431156e+00   1.9793905e+01
   3.6012596e+01   5.7293647e+01
   6.8714140e+01   6.7158290e+01
   4.2285043e+01   6.4854768e+01
   1.8166076e+01   2.3630822e+01
  -8.9979628e+01   2.3358178e+01
   2.5268709e+01   8.9068203e+00
  -3.1068387e+01  -1.6854281e+00
   2.1563931e+01   6.4755821e+01
   3.0584853e+01   8.0622502e+01
   8.2195229e+01   8.4855275e+01
   6.0654974e+01   7.3092193e+01
   6.9249520e+01   9.7612278e+01
   6.9411604e+01   5.7130710e+01
   5.1508950e+00  -1.1614655e+00
   6.0995207e+01   6.1103918e+01
  -5.4600055e+01  -1.7467577e+01
   8.8620011e+01   2.8715472e+01
   5.2399227e+01   8.8564789e+01
   8.0412616e+01   2.1040428e+01
  -1.4525522e+01  -9.3059144e+01
  -2.8773375e+01  -6.7337208e+01
  -3.0283302e+01  -4.7737953e+01
   8.3030350e+01   1.1402031e+01
  -4.1247729e+01  -8.0105822e+01
   3.1196123e+01  -1.2041735e+01
   4.4123646e+01  -2.7048869e+01
   4.6102035e+01  -3.4157419e+00
   2.7141217e+01  -3.2183722e+01
  -3.4910854e+01  -1.9569474e+01
   8.8830511e+01  -9.2180267e+01
   3.0909280e+01  -9.7954782e+01
   5.2725671e+01  -9.7692320e+01
  -1.0875130e+01   9.5457156e+01
  -9.3365432e+00   8.4552571e+01
   7.9609814e+01  -9.5982705e+01
   2.7100248e+01  -2.2204014e+01
  -3.4328813e+01   9.8005265e+01
  -3.2739364e+01   7.1778124e+01
  -4.6480077e+01   5.7566625e+01
  -2.4831399e+01   4.1083718e+01
   8.2729601e+01  -4.0432814e+01
  -3.7135165e+00   6.2852567e+01
  -4.3832900e+01   3.7817654e+01
  -6.2822074e+01   3.0748689e+01
   2.6857977e+00   7.0530578e+01
   5.9009482e+01  -5.0089549e+01
  -6.0156040e+00  -9.9544993e+01
   7.1597671e+01  -6.7514223e+01
  -5.1451431e+01   4.4276152e+01
   9.6068648e+01  -7.7741343e+01
  -3.6388533e+01   5.6453559e+01
  -7.9017150e+01   7.0331258e+01
   1.6593113e+00   8.0475518e+01
  -8.4549851e+01   7.9031580e+01
   2.1061286e+01   8.9421733e+01
  -6.9778576e+01   9.9557871e+01
   9.6111283e+01  -2.2220153e+01
  -4.3458812e+01   9.0380937e+01
   2.2540279e+01   7.4692740e+01
   9.8121272e+00   2.9748889e+01
   2.6653034e+01   3.0603539e+01
  -9.6138445e+01   6.0387039e+01
   6.2508242e+00   9.8152356e+01
   4.0025841e+01  -4.4536797e+01
   7.1972779e+01  -3.5783264e+01
   1.7445616e+01  -7.6195046e+01
   4.0216847e+01  -9.4496225e+01
   8.5779673e+01  -5.5695669e+01
  -9.7842573e+01   2.9505476e+01
   8.6622352e+01  -1.0672732e+01
   7.7352537e+01  -6.9218894e+00
  -2.8275974e+01   2.2713581e+01
  -7.8781534e+01   2.5187636e+01
  -8.4341878e+01  -5.7897303e+01
  -6.7776683e+01  -4.4648415e+01
  -7.2854334e+01  -5.3248642e+01
  -8.3941581e+01  -7.2874440e+01
  -9.0392898e+01   3.6155414e+01
  -7.6766887e+01   5.5697292e+01
  -9.7142624e+01   8.8419857e+01
  -9.0914883e+01  -9.3180329e+01
   2.1355451e+01  -1.3726624e+01
   1.3735146e+01  -7.2940254e+00
  -1.3985036e+01  -2.2767667e+01
  -9.0308708e-01  -2.7028850e+01
   1.9957759e+01  -6.6432234e+01
  -1.0266978e+01   5.4875813e+01
  -8.2554779e+00   4.5086309e+01
  -3.7502055e+01   1.9051473e+01
  -6.5450215e+01   4.0229100e+01
   8.8393237e+00  -4.8197440e+01
  -5.0358218e+01  -8.4209968e+01
  -8.0083717e+01  -9.0722049e+01
  -9.5758775e+01  -5.8503340e+01
   9.2783785e+01   9.5710667e+01
  -1.9697654e+01   5.8134881e+01
  -9.8846786e+00  -3.1843265e+01
  -8.3207002e+01   1.6054976e+01
   8.8264858e+01   7.4052238e+01
  -7.3342874e+01   1.6854717e+01
  -9.6638209e+01  -4.6935995e+00
   7.8650496e+01   9.4205036e+01
  -8.4321337e+01  -3.8722059e+01
   1.8390177e+01  -3.6882272e+01
   6.3559470e+01  -3.0441157e+01
  -7.4553928e+01  -7.6310683e+01
  -5.8011851e+01  -6.6439110e+01
   6.1122483e+01   2.9937623e+01
  -2.8106540e+01  -2.6816778e+01
  -3.7440300e+00  -5.6928375e+00
   3.6819153e+01   1.6290840e+01
  -9.9607587e+01   4.8424203e+00
  -5.4740361e+01   7.9282557e+01
   5.1838522e+01  -1.7302755e+01
  -1.1904380e+01   2.8651372e+01
   6.8847244e+01   7.8500635e+01
   9.0962726e+01   6.3398036e+01
  -1.1032469e-01   1.5596814e+01
  -9.8919174e+01   1.7971057e+01
   1.9011469e+01   1.1378765e+00
  -2.2110068e+01   1.1587823e+00
   9.1779472e+01   3.8204158e+01
   5.9414931e+01   9.9419526e+01
   9.3114935e+01   5.2757890e+01
  -2.3660417e+01  -9.7052942e+01
   7.8391608e+01   7.5608964e+01
  -5.0042897e+01  -3.1013432e+01
   7.6204127e+01   4.9938713e+01
   6.1000339e+01   5.1627074e+01
   5.5968974e+01   7.0713661e+00
   2.7015128e+00  -8.9799480e+01
   5.2585982e+01   4.6346962e+01
  -5.8623339e+01  -2.6275049e+01
  -4.4082801e+01  -2.3259304e+01
  -1.4679534e+01  -8.0962752e+01
  -3.8479993e-01  -7.9159891e+01
   9.8553183e+01   2.9869624e+01
  -5.0811985e+01  -9.4204409e+01
   9.9165506e+00  -5.8111418e+01
  -5.4904004e+00  -7.0565026e+01
  -7.8633751e+01  -1.2986696e+01
  -6.8739085e+01  -1.2441843e+01
   4.9469968e+01   9.8382994e+01
   7.8652220e+00  -7.3538310e+01
  -2.2070442e+01  -4.2134814e+01
  -9.4030100e+01  -1.5292943e+01
  -8.4209492e+00  -6.1002955e+01
  -4.1719618e+01  -9.0069402e+01
  -1.8374434e+01  -6.0225203e+01
  -4.5684876e+01  -1.3737942e+01
  -3.1811896e+01  -8.3367554e+01
   4.5999224e+01   6.3745332e+00
  -2.0561326e+01  -7.2953776e+01
   6.8513260e+01  -2.2894235e+00
   9.7727313e+01  -8.7648114e+01
   5.6601006e+01  -7.0878437e+01
   4.2174865e+01  -7.4037384e+01
  -5.4062107e+01   3.9974823e+00
  -3.6916818e+01   6.0754676e+00
  -2.9320431e+01  -1.1467110e+01
   2.1127377e+01  -9.6672502e+01
   5.9311803e+01  -9.0777643e+01
   4.9953457e+01  -8.7517754e+01
   6.9839489e+01  -9.4016602e+01
   3.7690848e+01   3.1595139e+01
   5.5190045e+01   6.5315184e+01
   4.8697729e+01  -3.9770485e+01
