   9.7401571e+01   2.1110325e+00
   2.4090005e+01   5.9209445e+01
   5.7022217e+01   7.0357474e+01
   6.5975803e+01   4.8226858e+01
   2.3317955e+01  -9.6658658e+00
  -1.8390341e+01  -7.9380987e+01
  -2.4894787e+01   5.3215959e+01
  -7.7619123e+01   1.9735727e+01
  -5.7424315e+01  -9.9212760e+01
  -3.2550637e+01  -6.6422662e+01
   2.8803491e+01  -8.5190805e+01
  -3.6066666e+01   2.3558426e+01
  -4.1099036e+01   4.2193569e+01
  -5.1977035e+01   9.3799666e+00
   7.6906216e+00  -8.8830912e+01
  -8.8487892e+01  -9.6867909e+01
   3.7782515e+01   3.2881857e+01
  -1.2528098e+01  -6.9159772e+01
   5.0822429e+01  -9.1676448e+01
  -2.0268980e+01  -5.1551004e+01
  -2.5423108e+01  -3.3882036e+01
  -2.3428116e+00   3.2859381e+01
  -9.8919236e+00   7.4451290e+01
  -7.2849665e+01   9.1159172e+00
  -8.5992290e+01  -9.0082106e+00
   5.3507939e+01  -4.7723808e+01
  -6.7917024e+01   1.7848465e+01
  -8.0596165e+01  -6.4319600e+01
   5.2850157e+01  -3.3528295e+01
   8.1353587e+01   3.1365030e-01
  -2.0172623e+01  -9.0944151e+01
   6.6851906e+01  -6.4265536e+01
  -6.2639750e+01  -7.0866707e+01
  -1.0000702e+01  -4.0272539e+01
  -5.7846485e+01  -1.6182843e+01
   6.3278419e+01  -3.4496685e+01
  -2.5235691e+01   1.1536695e+00
   7.4916804e+01   7.9641078e+00
   4.3252043e+01  -5.9539003e+01
   2.6077146e+01  -5.1866246e+01
   1.7414149e+01  -4.0569722e+01
   6.2776349e+01  -4.4415089e+01
  -8.6862775e+01  -4.6323840e+01
   7.2624663e+01  -3.7955745e+01
  -8.4741395e+01   8.0806277e+01
  -5.9441370e+01  -7.9911484e+01
   6.5912151e+01   8.0285872e+01
   4.2368592e+01   5.7718111e+01
   1.3145768e+01   4.3372395e+01
   9.1232999e+00   6.9623873e+01
   3.7450277e+01   2.1563880e+01
   7.7750355e-01   9.0808038e+00
   7.4984596e+01   7.6331114e+01
   1.2775609e+01   6.6293192e+00
   8.3214040e+01   5.9216814e+01
   2.5418392e+01   6.9023363e+01
   3.4653885e+01   9.2754372e+01
   5.7844151e+01   5.5064981e+01
  -6.3150113e+01  -2.4277154e+01
  -5.0916049e+01  -8.4666503e+01
  -6.0977100e+00   4.1184032e+01
  -1.0458621e+00   1.7817322e+01
  -2.6647710e+01  -2.4117901e+01
  -5.2428665e+01  -8.0613977e+00
  -6.7807316e+01   2.8389270e-01
  -7.7524229e+01  -6.6371915e-01
  -8.9283094e+01   9.9021286e+00
  -3.2044841e+01   8.3002085e+01
   5.5029576e+01  -3.6145633e+00
  -4.2597398e+01  -7.9227482e+00
  -7.0066360e+01   3.8121741e+01
  -4.3930909e+01   5.1621865e+01
  -5.5925869e+01   8.1864802e+01
  -3.5896854e+01  -8.9040444e+01
  -7.2541153e+01   9.2160110e+01
   2.3197767e+01  -7.7051981e+01
  -2.1430147e+00  -9.0623301e+01
  -1.1970825e+01  -9.6552003e+01
  -9.2813023e+01   6.0273977e+01
   3.1085495e+01  -3.1402636e+01
  -7.1880415e+01  -5.2231712e+01
  -1.9645001e+01  -4.1812337e+01
   8.3358334e+01   8.9502051e+01
   8.5116981e+01   6.9049263e+01
   4.9675851e+00  -5.2306108e+01
   4.5357251e+01  -5.6721339e+00
   4.4129980e+01  -1.5577995e+01
   9.1031037e+01  -1.4538739e+01
   5.4123548e+01   2.1729434e+01
   3.2508004e+01   4.1320180e+01
   3.8675875e+01   8.2869757e+01
   4.5791954e+01   1.6266771e+01
  -3.6591077e+01  -2.3767911e+01
  -2.5645359e+00  -6.8737397e+01
   9.5654665e+01   2.1303534e+01
   4.5742566e+01  -7.9459920e+01
  -1.4688303e+01  -5.9556641e+01
  -5.1900173e+01  -2.3697718e+01
  -4.7767045e+00  -5.8996096e+01
  -6.9330058e+01  -8.0310396e+01
  -4.1477904e+01  -7.0871910e+01
   8.2692909e+01  -2.3299788e+01
   7.3541036e+01  -5.7700920e+00
  -9.5679116e+01   4.8541520e+01
  -2.2904449e+01  -8.3974502e+00
  -1.5222550e+01  -1.2493195e+01
   6.4424445e-01   6.1596602e+01
  -2.9608058e+01   7.3360953e+01
  -2.1750551e+01   4.3904871e+01
   6.4879975e+01  -7.4016258e+01
   6.0762296e+01  -9.2747653e+01
  -4.5243647e+01   2.8291657e+01
  -6.7115913e+01   4.9367021e+01
  -1.9683892e+01   7.2625670e+01
  -1.6478321e+01   9.3131745e+01
  -5.2607884e+01   5.6657817e+01
   1.3225455e+01  -7.9447300e+01
   5.7163521e+01  -6.6493936e+01
  -6.8581766e+01  -1.6017772e+01
  -9.7910694e+01   5.0629201e+00
   3.3354976e+01  -5.8625920e+01
  -6.7370292e+01  -9.9796316e+01
   9.3656916e+01  -4.7655143e+01
  -7.7701065e+01  -7.5079997e+01
  -8.1143677e+01   6.3512909e+01
  -9.1942605e+01  -8.5491268e+01
  -5.4405214e+01  -5.6444072e+01
  -4.8873779e+01  -9.4196035e+01
  -9.9817750e+01  -6.5432005e+01
  -8.9336426e+01  -3.1816182e+01
   2.2626389e+01   4.0835669e+01
   6.3361141e+00  -2.9445515e+01
   1.2922318e+01  -7.8601827e+00
   1.8485859e+01   2.3102491e+01
   2.9679522e+01  -2.0005299e+00
   4.0173677e+00   8.8684420e+01
  -7.1112497e+00   3.3240098e+00
   8.0389758e+01   9.9041124e+01
   8.8977687e+00  -1.5985267e+01
  -4.9221348e+00  -3.1914498e+01
   7.3542368e+01   8.7331513e+01
  -4.2179654e+01   1.0831484e+01
   9.0353584e+01   9.7982193e+01
   7.0565882e+01   9.7464676e+01
   1.4571133e+01  -6.0028801e+01
   3.8851346e+01   1.8733417e+00
  -9.0986141e+01  -5.7011326e+01
   7.1210300e+01   2.0419765e+01
   5.2906310e+01   3.3675269e+01
   2.9867722e+01   5.0997921e+01
   7.5715162e+01   6.5660799e+01
   4.2978642e+01   6.8131971e+01
   9.5252230e+01   5.8136074e+01
   4.5063961e+01   8.9707080e+01
   4.6696976e+01   7.7309895e+01
   8.8503872e+01   4.2125089e+01
   9.0026193e+01  -4.6008838e+00
   3.6216308e+01  -9.4911043e+00
   2.0250334e+01   8.5442345e+01
  -2.4607790e+01  -6.0519272e+01
  -2.7230513e+01  -8.4070022e+01
  -3.4630686e+01  -1.3941744e+01
  -1.5897562e+01  -3.2579754e+01
   4.8589636e+01   3.9890511e+00
   9.4356600e+00   1.9682341e+01
  -4.4370990e+01  -3.0037935e+01
   8.7148259e+01  -6.6518430e+01
   8.6654073e+01   8.7004419e+00
   8.0320960e+01   1.6384841e+01
  -5.3910604e+01  -3.3051610e+01
  -6.2800763e+01  -7.9652227e+00
  -4.4321054e+01  -1.7567020e+01
  -9.6415283e+01  -7.5156463e+00
  -2.9953419e+01  -5.2117370e+01
  -3.0277572e+01  -4.2385306e+01
  -1.0391689e+01  -5.0460409e+01
  -7.1459602e+01  -6.7381775e+01
  -5.4574884e+01  -6.6014051e+01
   8.5202473e+01  -4.2327949e+01
  -6.0147506e+01  -8.9691366e+01
  -9.6981600e+01  -2.5377504e+01
  -2.2441570e+01  -7.0253891e+01
   3.5864305e+01  -7.8152515e+01
   6.2230697e+00   3.6828906e+01
  -8.3964281e+01   2.8096356e+01
   1.7758800e+01   5.1811474e+01
   2.8846400e+00   4.5480466e+01
  -9.4544209e+01  -4.0300907e+01
  -8.6893201e+01   4.3807564e+01
   9.4828580e+01  -8.2259549e+01
   5.5145510e+01  -7.6214325e+01
  -1.2411228e+01  -2.5274058e+01
  -5.4957238e+01   2.6523398e+01
  -6.2863591e+01   8.6762894e+00
  -3.8320783e+00   5.2435047e+01
   4.5690296e+01   2.6898393e+01
  -2.4875820e+01   6.3172718e+01
  -1.3016260e+01   4.8688832e+01
  -4.9743299e+01   3.7208487e+01
  -7.7761701e+01   7.2886728e+01
   3.6598460e+01  -4.0072626e+01
  -4.8237177e+01   1.8755930e+01
  -5.6872177e+01   7.3619250e-01
  -3.8677319e+01   9.0465911e+01
   3.2068461e+00   9.9197377e+01
   5.4088987e+01  -1.4788116e+01
   4.2328902e+01  -3.1978288e+01
   6.9583464e+00  -7.1737389e+01
   2.1998109e+00  -9.9618145e+01
  -4.2312526e+01   7.1177138e+01
  -7.6386535e+01   4.5660076e+01
  -1.1255283e+01  -8.6579127e+01
  -2.8492586e+01   9.2326996e+01
  -9.2317631e+01   9.0042992e+01
  -2.6366909e+01   3.4975292e+01
  -4.6117057e+01   1.3492545e+00
  -6.0678539e+01   4.1242532e+01
  -2.9786774e+01   1.5987084e+01
   7.7276502e+01  -6.5523203e+01
  -7.9939379e+01   3.6769271e+01
  -6.5322843e+01   8.5215665e+01
   1.8569669e+01  -9.7999379e+01
   2.4266544e+01  -6.2771883e+01
   4.6072063e+01  -6.9124957e+01
   4.6345763e+01  -4.1055819e+01
   4.8787374e+01  -2.4402974e+01
   3.6121322e+01  -6.8192893e+01
   3.2615241e+01  -9.4360381e+01
   3.9674108e+01  -4.9586562e+01
   7.2126889e+01  -4.7526655e+01
   3.7711203e+01  -2.3212752e+01
  -7.8415203e+01  -1.5250458e+01
   7.0180084e+01  -1.8506869e+01
   9.1702042e+01  -2.7610324e+01
  -4.0059798e+01  -9.8670868e+01
  -7.3481669e+01  -2.4659341e+01
   6.1946679e+01  -2.4629420e+01
  -7.7604974e+01  -4.3989430e+01
  -5.9153053e+01  -4.1205382e+01
  -8.5607348e+01   5.3582711e+01
  -8.7665869e+01   7.0987189e+01
  -9.1086215e+01  -1.7410474e+01
  -8.3430104e+01  -2.3821779e+01
  -9.7317697e+01  -7.5744260e+01
   6.6966418e+01   7.0366786e+01
   9.6061859e+01   3.0216586e+01
  -8.5592158e+00  -7.0602244e+00
  -7.2316024e+00  -7.7521001e+01
   4.8164310e+00  -6.2107559e+01
   6.4078082e+01   9.0042868e+01
   9.3294795e+01   8.8379481e+01
   8.4385576e+01   7.9569230e+01
   5.4753220e+01   1.1809085e+01
   6.3001844e+01   2.6080849e+01
  -8.1389499e+01  -5.4520091e+01
  -9.0028719e+01  -6.6973778e+01
   6.6248030e+01   2.9793518e+00
   6.4681900e+01   1.2856954e+01
  -3.4044326e+01  -3.1843234e+00
   4.5001921e+01   3.9761923e+01
   2.7862383e+01   3.2435377e+01
   5.4935009e+00   6.2250907e-01
  -7.8648619e+01  -9.5260850e+01
   3.9674083e+01   4.8178984e+01
  -7.0088259e+01  -9.0205945e+01
   6.0781138e+01   3.9724466e+01
   3.3511604e+01   6.2200962e+01
   5.1111263e+01   6.2393185e+01
   5.3190642e+01   4.6224881e+01
   9.9336018e+01  -8.2214252e+00
   5.6055490e+01   8.0265238e+01
   7.8022773e+01   4.9692271e+01
   9.4237192e+01   7.8026178e+01
   9.5141886e+01   6.8082806e+01
   9.8261184e+01   4.8546094e+01
   7.0863001e+01   5.6925753e+01
   3.6887943e+01   1.1632632e+01
  -1.5873881e+01  -8.5612798e-01
   8.8492564e+01   5.1107732e+01
   8.3882722e+01  -5.7043298e+01
   9.5273365e+01  -7.2282899e+01
  -3.5212371e+01  -3.3683091e+01
   8.5872360e+01   2.4635046e+01
  -6.5397738e+01  -3.3627066e+01
   9.6060677e+01   1.1854815e+01
  -3.7460441e+01  -5.7923425e+01
  -4.1755492e+01  -8.0945444e+01
  -3.3078364e+01  -7.6202283e+01
  -2.8438618e+01  -9.6512650e+01
   2.9862068e+01  -1.7144932e+01
   1.9853496e+01  -3.4854692e-01
   1.7359482e+01  -1.7501207e+01
   2.6336696e+01   7.3900160e+00
   6.3898176e+01  -7.9875891e+00
  -9.9787040e+01  -9.1676539e+01
   9.6322598e+01  -9.2140599e+01
   5.4499954e+01   9.0082971e+01
   7.1138953e+01  -9.2213545e+01
   7.2093872e+00   5.4167457e+01
  -9.3599803e+01   3.6465536e+01
   9.5948612e+01  -5.7387071e+01
   8.3375631e+01  -9.4615236e+01
  -2.5190046e+00   8.1144689e+01
  -3.6685171e+01   3.3394743e+01
   1.6739320e+01   7.6087497e+01
  -8.8153882e+00   6.4587178e+01
   2.2589819e+00  -8.0480873e+01
  -7.4904058e+01   8.2450739e+01
   6.5511807e+01  -8.3961736e+01
  -1.6291774e+01   5.8107883e+01
   4.1362906e+01  -8.8434568e+01
  -2.2058903e+01   8.3509131e+01
  -1.2082456e+01   8.4170054e+01
  -5.1974994e+00   9.3778577e+01
   1.4247943e+01   6.1097674e+01
   3.4436858e+01   7.3252060e+01
  -7.5959034e+01   5.5151279e+01
  -3.4660726e+01   6.4827955e+01
  -4.3973475e+01   6.1463420e+01
  -3.4610068e+01   5.4894398e+01
   1.8284332e+01  -8.8023423e+01
   7.3455164e+01  -5.6886997e+01
  -2.5143781e+01   2.5049985e+01
  -3.1593798e+01   4.5207779e+01
  -3.3236948e+01   6.7303527e+00
   1.6681157e+01  -6.9664968e+01
  -6.4528753e+01   9.8135833e+01
  -5.6816772e+01   9.1795890e+01
  -8.7616536e+01   9.8869073e+01
  -4.1845053e+01   8.1042994e+01
  -5.2139887e+01   7.2660695e+01
   5.2982252e+01  -5.7542956e+01
  -4.7444163e+01   9.5235856e+01
   6.3759950e+01  -5.4626280e+01
  -8.7297281e+01   5.5331902e-01
  -1.6415854e+01   3.5745309e+01
   9.3974539e+01  -3.7344290e+01
  -1.0509381e+01   2.8048313e+01
   7.9100228e+01  -1.4023369e+01
  -7.3895582e+01   2.8924340e+01
  -6.4069218e+01   3.0258056e+01
  -5.2512688e+01   4.6762103e+01
   7.1661331e+01  -2.8259900e+01
  -8.7500335e+01   1.9213392e+01
  -6.2189769e+01  -5.0683225e+01
   8.1291557e+01  -3.3145775e+01
  -5.8049797e+01   1.7198130e+01
   1.4651952e+01  -5.0132048e+01
  -8.7431594e+01  -7.6606692e+01
  -8.1936871e+01  -8.5407683e+01
  -1.6604633e+00  -4.5109030e+01
   7.8752684e+00  -4.2766914e+01
   2.7061913e+01  -4.1985812e+01
  -9.4409838e+01   7.8339946e+01
  -9.7643978e+01   6.8917105e+01
  -6.4055369e+01  -6.0692772e+01
  -5.0554323e+01  -7.4874310e+01
  -4.5992012e+01  -6.1979527e+01
  -9.8018397e+01   1.5780144e+01
   1.2466570e+01   9.5421940e+01
  -6.8308293e+01  -4.2989933e+01
  -9.4814103e+01   2.5871291e+01
   2.7888837e+01   2.2490869e+01
   2.9271225e+01   8.1796618e+01
   2.4785498e+01   9.4359408e+01
  -7.5277465e+01  -3.4380889e+01
  -5.5642630e-01  -2.3526075e+01
   2.3061375e+00   2.5680960e+01
   1.1514715e+01   2.9423675e+01
   4.3244288e+01   9.9173241e+01
   8.9169542e+01   3.3791953e+01
  -2.3954015e+00  -1.0880897e+00
  -1.4305783e+01  -1.7742197e+01
   3.0330159e+00  -1.6842975e+01
  -7.2521529e+00  -2.1821691e+01
