   3.9647170e+01  -3.3690565e+01
   5.3446073e+01   8.2331825e+01
  -7.7498558e+01   4.2634249e+01
   6.6055344e+01  -6.6958353e+00
  -5.1455774e+01  -7.1536310e+00
  -3.0806926e+01  -6.0342457e+01
  -3.9439501e+01   1.9446860e+01
  -1.9490240e+01   3.6643832e+01
  -7.1864218e+01  -7.7607941e+01
  -4.8526666e+01  -7.9487900e+01
  -5.2885283e+01   4.0020934e+01
  -3.8777817e+00  -2.6301202e+01
  -8.4949070e+01  -8.1980208e+01
  -7.2295260e+01  -2.9250360e+01
  -9.1220605e+00   5.2970675e+01
   3.6170999e+01   2.6095678e+01
  -5.0068580e+01  -6.3045831e+01
  -5.9048512e+00   3.9308677e-01
   6.6011186e+01   1.1296655e+01
  -5.9726662e-01   4.7941994e+01
  -2.8664064e+01   4.0599012e+01
  -5.0727576e+01   1.0803756e+01
  -4.1484967e+01   6.3296329e+01
   6.8001112e+01   4.8267154e+01
  -6.4926148e+01   3.2520691e+01
   5.5176997e+01  -5.9835276e+01
  -5.9755369e+01  -2.5246469e+01
  -3.1107675e+01   6.3997741e+01
   5.1196791e+01  -1.5380155e+01
   2.5095377e+01  -1.9983206e+01
   2.5189495e+01   5.9973713e+01
  -1.0849285e+01  -5.3061964e+01
  -3.8555849e+01  -7.8724490e+01
   7.7342909e+00   8.3172497e+01
  -8.8688486e+01  -9.1254725e+01
   9.0107966e+00  -1.2435620e+01
   9.5157616e+01   6.0962503e+01
  -5.6985086e+01  -5.4019427e+01
   8.9100167e+01   2.8241883e+01
   6.8330032e+01   9.5686084e+01
   3.3194806e+01   7.6694337e+01
  -9.2445637e+01  -3.5988372e+01
   5.9282116e+00   3.0816477e+01
  -3.4946691e+01  -9.3500907e-01
  -5.3019496e+01   2.0531169e+01
  -4.6901044e+01   4.8727266e+01
  -5.0716958e+01   5.7970524e+01
   4.3787619e+01   3.2571285e+01
  -4.3345957e+01   3.7020949e+01
   5.1731353e+01   5.0473212e+01
  -8.3441744e+01   1.5708245e+01
   3.4067324e+01  -4.7581557e+01
   5.4321228e+01  -4.9873695e+01
  -4.3638263e+01  -1.8160133e+01
  -5.4761244e+01  -1.6587609e+01
  -7.7239791e+01  -1.7240654e+01
   6.1396468e+01   2.1687522e+00
  -2.4079910e+01   7.1122521e+01
   3.6946601e+01  -2.1773815e+00
   6.4726104e+01  -3.7141231e+01
  -3.1312615e+00  -4.6703340e+01
   4.3838812e+00  -3.4043085e+01
  -8.2046773e+01  -3.8210361e+01
   3.8773397e+01   6.3013570e+01
  -3.4122269e+01  -3.3582448e+01
  -3.1712600e+01  -7.0301360e+01
   5.5122357e+01  -3.9908773e+01
  -5.1511437e+01  -9.9467472e+01
  -2.5696261e+01   9.1599515e+01
  -4.7040298e+00   6.9774832e+01
  -9.8033226e+01  -6.6860348e+01
   1.1776868e+01   6.2345837e+00
   2.9750729e+01  -1.1132913e+01
  -8.7207445e+01  -6.3983055e+01
   7.0514585e+01   6.9169694e+01
  -6.9390635e+01  -5.3825122e+01
   8.8786559e+01   1.4541354e+01
   4.7016159e+01   8.9990449e+01
   5.4725585e+01   9.7104902e+01
   1.6792345e+01   6.5628324e+01
   8.5133593e+01  -3.2870307e+00
  -3.6631388e+00   3.0593433e+01
  -1.8638868e+01   5.5978486e+01
   1.0487520e+01   4.4996852e+01
  -3.3797110e+01   2.7702527e+01
  -2.7308617e+01   5.4615572e+00
  -5.5180596e+01   3.0290153e+01
  -2.9326192e+01   1.8445246e+01
  -4.5642300e+01   2.7288963e+01
  -6.9005823e+01   5.0544821e+01
   3.3430479e+01   3.5712715e+01
  -6.3237031e+01   4.2376675e+01
   5.9324104e+01   2.1145408e+01
  -4.5701871e+01   7.6883412e+01
   4.9592829e+01   4.0708765e+01
   5.9025739e+01   5.7306635e+01
  -6.5077246e+01   2.2513472e+01
  -9.4642278e+01   3.6012562e+01
  -8.3439231e+01   5.3853631e+01
   7.1459807e+01   2.1179155e+00
  -8.1597216e+01   2.5536431e+01
   1.5341882e+01  -5.0383952e+01
  -6.1384117e+01  -6.0541341e+00
  -3.9412719e+01   8.4657744e+01
   6.4480710e+01  -5.0513591e+01
  -1.3054517e+01   6.4274024e+01
   3.5194352e+01  -5.9203636e+01
  -5.5467051e+01   2.0031778e+00
  -6.7367516e+01  -1.8785142e+01
  -4.1549447e+01  -8.4023987e+00
  -8.0465966e+01  -6.8957493e+00
   7.9220243e+01  -2.4003273e+01
  -9.4162440e+01  -2.6136852e+01
   4.0651655e+01  -1.4700980e+01
   5.1092634e+01   3.0056580e+00
   5.2363248e+01  -3.0300076e+01
  -5.3835469e+00  -3.6187182e+01
   5.2462732e+00  -2.2208330e+01
   1.3639966e+01  -3.0258289e+01
  -2.7138142e+00  -6.8512728e+01
  -2.8618786e+01  -7.9844638e+01
   4.8940229e+01   6.1502303e+01
  -9.1655509e+01  -5.5026853e+01
  -2.1089316e+01  -6.2702081e+01
  -1.9004575e+01  -3.5595941e+01
  -4.1949212e+01  -6.9317843e+01
   3.0660070e+01  -3.8138770e+01
  -4.1511963e+01  -9.9570038e+01
   3.8646261e+01   4.4256800e+01
  -8.0934096e+01  -7.2680870e+01
  -2.1635191e+01  -7.2687169e+01
  -1.1020766e+01   8.2146104e+01
  -7.6112075e+01  -8.6660686e+01
   5.0871318e+00   9.2817825e+01
  -6.5998087e+01  -9.6454454e+01
   8.9838856e+01   3.8214139e+01
   8.7238787e+01   6.7565990e+01
   2.7261448e+00  -4.6572470e+00
   1.9758054e+01  -1.1515562e+01
   1.3666146e+01  -3.5853255e+00
   7.6783309e+01   5.3049258e+01
   1.5102702e+01  -2.0365853e+01
  -6.3151878e+01  -6.1890958e+01
  -5.5449763e+01  -3.4255336e+01
   6.6845000e+00  -4.4792628e+01
   7.5773335e+01   1.3476065e+01
   9.8121930e+01   3.2559092e+01
   6.0721160e+01   6.7159020e+01
   4.3578237e+01   7.7446506e+01
   6.9589808e+01   8.4424391e+01
   1.4299647e+01   7.5622663e+01
   9.2416141e+01  -2.6128374e+01
   3.6837337e+01   9.5540760e+01
   1.6904692e+01   8.7158756e+01
  -1.5800126e+00   2.0701037e+01
  -2.6971510e+01   5.0453971e+01
  -1.6436829e+01   4.6159530e+01
  -3.7554671e+01   4.5172354e+01
  -1.3276699e+01   2.8870642e+01
  -8.1955005e+00   4.0024701e+01
  -2.3821567e+01   2.7004934e+01
   2.6286419e+00   3.8984077e+01
  -7.1346478e+01  -6.7621683e+01
  -3.6227102e+01   9.9787587e+00
  -3.1676576e+01  -1.0812989e+01
  -4.3902057e+01   3.5019961e+00
  -6.1060566e+01   1.3355619e+01
  -5.0305010e+01   6.8006490e+01
   2.7800408e+01   4.3976931e+01
  -3.5863516e+01   5.5027468e+01
   3.2982942e+01   1.6618841e+01
  -5.6814196e+01   5.0041128e+01
   4.6683717e+01   1.5290755e+01
  -5.4292996e+01   8.2001111e+01
   5.9639466e+01   3.3578212e+01
  -9.2952952e+01   2.5113233e+01
  -7.4913762e+01   3.2974259e+01
   5.6019637e+01   1.1707473e+01
  -8.7465329e+01   4.4700031e+01
  -9.6805714e+01   4.8271517e+01
   2.5842357e+01  -5.5662980e+01
  -7.3465841e+01   1.4680133e+01
  -7.0795903e+01  -9.3999042e+00
   6.5118913e+01  -6.0906209e+01
  -2.0361400e+00   6.0032325e+01
   3.8042161e+01  -6.8923120e+01
  -4.9789173e+01  -2.6024245e+01
   4.2714715e+01  -5.2613442e+01
  -3.0592224e+01   7.9946817e+01
  -6.5333724e+01   3.8660795e+00
  -8.6872338e+01  -1.4572673e+01
  -8.9373909e+01  -2.3669029e+00
   7.0776023e+01  -1.8311956e+01
   4.6060949e+01  -6.2909883e+00
  -3.6881012e+01   7.2172708e+01
  -8.4336110e+01  -2.4284436e+01
  -9.9281036e+01  -4.3288699e+01
   5.6059483e+01  -6.4243581e+00
  -1.1095693e+01  -6.3058923e+01
  -1.2818873e+01  -2.1822711e+01
   7.0604924e+01  -2.9060521e+01
   2.3608723e+01  -3.1048042e+01
   9.7461426e+01   9.3627101e+00
   4.1749648e+01   6.5933061e+00
  -1.2511336e+01  -4.3201058e+01
  -8.4685101e+01   3.5094563e+01
  -2.1733398e+01  -8.7096631e+01
   6.1196597e+01  -1.5442358e+01
   4.4749099e+01  -2.3821384e+01
   6.1210410e+01  -2.5643307e+01
  -2.0476167e+01  -4.9247660e+01
  -4.0761325e+01  -5.9388656e+01
  -7.3037263e+01  -4.2546539e+01
  -8.9015681e+01  -4.5381738e+01
  -5.7530428e+01  -9.1134818e+01
   4.5631785e+01  -4.3050133e+01
  -9.1324958e+01  -7.4276471e+01
  -2.7417496e+01  -4.1001748e+01
  -3.7681881e+01  -8.9867204e+01
  -3.0984247e+01  -5.0344031e+01
   3.2575134e+01  -2.6620467e+01
   4.5467784e+01  -6.2226183e+01
   4.9989120e+01   2.4728050e+01
   3.2275472e+01   5.2918923e+01
  -7.5995971e+01  -9.6659918e+01
   2.4226557e+01  -4.5794449e+01
  -9.8549589e+01  -9.2915639e+01
  -7.7470836e+01  -5.9716664e+01
  -2.1000234e+01   8.2770941e+01
  -1.4556598e+01   9.2621141e+01
   2.0646571e+01   5.0964739e+01
   4.2247858e+01   5.3637238e+01
   2.3591966e+01   7.9723815e+01
  -1.4556468e+00   7.9232009e+01
  -6.5863951e+01  -8.5607564e+01
   5.1148780e+00   7.1668198e+01
  -4.3921723e+00   8.9633306e+01
   9.4394189e+01   4.7791236e+01
  -1.1671742e+01  -9.6086240e+01
   7.8358276e+01   6.2968829e+01
  -1.4252294e+01  -5.1132903e+00
   5.4398150e-01  -9.4516234e+01
   1.7919105e+00   6.7828654e+00
   6.8853988e+01   5.9139831e+01
  -6.5222897e+01  -3.6315754e+01
   2.6971890e+01  -1.4699858e+00
  -6.3064961e+01  -4.6080084e+01
  -4.7673201e+01  -8.9451409e+01
   9.6614012e+01  -1.2378385e+00
   1.5505853e+01  -4.0082669e+01
   7.6028658e+01  -7.4219033e+00
   8.4460581e+01   4.6643706e+01
   8.2897515e+01   6.4594269e+00
   6.9322930e+01   2.1116302e+01
   8.1661900e+01   2.1558417e+01
   5.9174051e+01   4.3569124e+01
  -5.7273781e+01  -6.9980856e+01
   8.6125317e+01   5.6671357e+01
   9.7294208e+01   1.9796743e+01
   5.2213316e+01   7.2408335e+01
   3.7771203e+01   8.5585462e+01
   6.2293559e+01   7.7144650e+01
   2.5808235e+01   6.9954074e+01
  -9.9365897e+01  -2.0564903e+00
  -9.6421334e+01  -1.1612842e+01
   8.6993095e+01  -1.7726644e+01
   9.4363563e+01  -1.0978135e+01
   6.0771096e+01   8.9139257e+01
   2.4825476e+01   9.3262381e+01
   8.8046304e+00   2.2896215e+01
