  -2.2382727e+01  -2.7329295e+01
   3.0536712e+01   5.5370167e+01
   6.5703768e+01  -3.9341615e+01
  -8.0407067e+00  -4.1476981e+01
  -2.6228533e+00  -5.7336276e+01
  -2.9778418e+01   1.1437819e+01
  -8.6096060e+00  -1.0271320e+01
   2.1748614e+01   3.9086794e+01
   4.0219123e+01   5.0223481e+00
   1.2791242e+01  -4.3526819e+01
  -3.7478311e+01  -7.9082309e+00
  -7.0241526e+01  -4.2658638e+01
   5.1883518e+01   4.3979282e+01
   5.7109996e+01  -1.2918615e+01
   2.2751509e+01  -4.3991535e+01
  -3.9297439e+01   1.4480502e+01
   8.0814240e+01   1.7467509e+01
   3.3723279e+01   2.8730131e+01
   4.2423270e+01   2.3802435e+01
   4.1543689e+01  -5.8360004e+00
   7.0858829e+01   4.3165649e-01
   9.4926018e+00   7.8586293e+01
  -5.3824561e+01   3.8411369e+01
   2.6504039e+01  -6.3258557e+01
   2.7198427e+01  -1.8178331e+01
  -3.2885625e+01  -7.7164706e+01
   2.1182841e+01  -3.4108992e+01
  -5.3434407e+01   2.8421880e+01
  -6.5747367e+01   2.7105473e+01
  -6.8115501e+01  -6.8090569e+00
   4.1067189e+00  -3.8631245e+01
  -2.7020311e+01  -1.8292437e+01
   2.1319044e+01  -7.6486406e+01
  -3.2364053e+01  -2.6721009e+01
  -3.0086070e+01  -4.6602460e+01
  -1.0383514e+00   4.4275901e+01
   2.4586125e+01  -7.4008560e+00
   2.1429956e+00   5.8287457e+01
   1.6749926e+01  -1.2000116e+00
  -3.8342650e+01   3.9544802e+01
  -1.4006883e+01   5.9136696e+01
   3.8336372e+01  -3.1942338e+01
   3.6977534e+01  -4.7596769e+01
   2.6462520e+01  -5.3264381e+01
   1.7317345e+01  -5.7304929e+01
  -1.2166170e+01  -5.4373280e+01
  -6.0150796e+01   1.0056819e+01
  -6.4526253e+01  -1.6140541e+01
  -5.5711032e+01   2.9769301e-01
  -4.6574555e+01  -3.7591071e+00
   1.5878047e+00  -8.7011661e+01
  -3.2101269e+00  -2.2470835e+01
   7.3264194e+00  -6.2477815e+01
   5.6692951e+01   1.4847447e+01
   8.4337559e+00   2.2698014e+01
  -3.9929259e+01  -6.9468266e+01
   5.5657959e+01   3.4719037e+01
  -5.1585057e+01  -2.2060145e+01
  -8.4631901e+00   3.7581121e+01
  -3.3313495e+00   7.4317954e+01
  -2.4752680e+01   7.4254671e+01
   6.8611509e+00   1.2830944e+01
   8.5155397e+01  -1.6861565e+01
   3.9857548e+01   7.0423526e+01
   5.4793108e+01  -2.3122370e+01
  -2.3512980e+01   2.6617423e+01
  -2.7519902e+01   4.4516597e+01
   1.7265109e+01   5.0900591e+01
   3.6521664e+01   3.8329848e+01
   5.0022148e+01   5.5645955e+01
  -6.9958741e-02  -3.4733944e+00
   4.8260977e+01  -3.0770407e+01
   5.1455642e+01  -4.6761239e+01
   3.6815675e+01  -7.9225418e+01
  -2.1313957e+01  -7.3494774e+01
   2.9096446e+01  -2.7995607e+01
   8.9608963e+00  -1.9353709e+01
  -4.5554334e+01   2.2272427e+01
  -2.0973337e+01  -6.3501158e+01
  -7.5376020e+01   2.4410070e+01
  -1.7819115e+01  -1.4415067e+01
  -2.7488855e+01  -8.3096372e+00
  -6.8988405e+01   3.6562939e+01
  -7.1852216e+01  -2.2945119e+01
  -3.5493462e+01   1.9455747e+00
  -5.0882262e+01   1.3810821e+01
  -4.6081400e+01  -1.3728100e+01
  -1.7100656e+01  -4.5701295e+01
  -5.5777929e+01  -1.1301161e+01
  -1.1005027e+01  -6.4291764e+01
  -1.3513797e+01  -8.3373360e+01
  -1.8592185e-01  -4.7649944e+01
  -3.8157323e+01   2.9000564e+01
   3.5521080e+01  -5.7488246e+01
   6.3716237e+01   7.4301925e+00
   8.7440151e+00  -7.2373203e+01
  -1.4558740e+00  -6.7257525e+01
  -4.4617153e+01   6.0287677e+00
  -3.2925318e+01  -5.6337056e+01
   8.5197845e+00  -5.2557161e+01
  -2.2652979e+01  -3.7417114e+01
   3.0102699e+01   8.2627721e+00
   2.0535673e+01   1.1165866e+01
   4.7010634e+01   1.2355704e+01
  -5.6224784e+00   6.4584812e+01
   5.7174486e+01   2.4835245e+01
  -2.3269177e+01   6.2905163e+01
   4.5667745e+01   3.4288179e+01
  -5.9987435e+01  -4.4393678e+01
  -6.0974363e+01  -2.5485679e+01
   4.4219897e+00   3.4233496e+01
   2.4480946e+01   7.2709676e+01
   6.1360007e+01  -3.1760482e+00
   4.8095405e+00   6.7978817e+01
   7.6072376e+01  -8.1013811e+00
  -2.1461814e+01   5.2472369e+01
   6.7006498e+01  -2.2497156e+01
  -2.0090572e+01   3.6997837e+01
  -3.7490141e+01   4.9508046e+01
   7.1600064e+01   1.3581887e+01
  -4.2537281e+01  -2.6802714e+01
  -3.1843444e+01   5.7760261e+01
   1.3904175e+01   3.1061751e+01
   7.3328273e+00   4.9743592e+01
  -6.2760472e+00   5.2794084e+01
   1.1879625e+01   6.0566721e+01
   4.1251526e+01   6.0449605e+01
  -1.8266718e+01  -4.4515950e+00
  -3.8761606e+00   2.8664706e+01
  -9.3853531e+00   9.9694856e-02
   3.1515434e+01  -3.9225368e+01
   4.2182041e+01  -2.2727618e+01
   4.7186288e+01  -1.4082889e+01
   5.8017046e+01  -3.2947926e+01
   4.3819767e+01  -4.0304476e+01
   3.4267459e+01  -6.9556872e+01
  -4.4642003e+01  -7.8288065e+01
  -3.0113820e+01  -6.7556581e+01
  -2.9754217e+01   3.4426894e+01
   1.7706498e+01  -2.4733694e+01
  -5.8759848e+01   1.9959054e+01
  -6.2187141e+01   4.3892590e+01
   5.5807145e+00  -2.8749186e+01
  -6.9736196e+01   1.5611327e+01
  -7.8678450e+01   3.4094598e+01
  -8.1617301e+01  -2.0792266e+01
  -2.5511033e+01   2.4102424e+00
  -6.7394287e+01   3.1635944e+00
  -3.9405002e-02  -7.7149494e+01
  -7.6559626e+01  -1.2165603e+01
  -3.1905163e+01   2.1201497e+01
   4.2799388e+01  -6.4341509e+01
  -3.7046523e+00  -3.2438871e+01
   9.4208802e-01  -1.3397915e+01
   7.8742805e+01   6.5832698e+00
   1.7361417e+01  -6.7303460e+01
  -2.3066722e+01  -5.3724062e+01
  -1.3169486e+01  -2.3238707e+01
  -4.2324857e+01  -5.9759501e+01
   1.8285316e+01   2.0908608e+01
  -9.5862883e+00  -7.4181368e+01
  -1.2357867e+01   7.8621477e+01
  -1.3638749e+01  -3.3202241e+01
   3.2580759e+01  -1.4198654e+00
   1.7812668e+01  -1.4736228e+01
   3.6497006e+01  -1.4503028e+01
   9.7855166e+00  -8.7334139e+00
  -3.3559529e+01   6.7611728e+01
   2.8277600e+01   2.0305022e+01
  -1.5421245e+01   6.9102352e+01
   6.1987137e+01   4.2460651e+01
   6.6871661e+01   2.2393289e+01
  -7.3424787e+01  -3.2820109e+01
   2.9479067e+01   4.5427746e+01
  -6.3689720e+01  -3.5105842e+01
   7.6308027e+00   2.8755266e+00
   3.7267197e+01   1.5235596e+01
  -1.3855156e+01   2.9163904e+01
   3.1244046e+01   6.5344094e+01
   2.1777141e+01   6.1994294e+01
   1.4821088e+01   7.0124243e+01
   5.1471847e+01  -4.6596934e+00
  -1.3817235e+01   4.6026155e+01
   8.5981877e+01  -6.7735021e+00
   7.8077165e+01  -2.3925462e+01
  -4.6544121e+01   4.5263890e+01
   6.7095178e+01  -1.2498274e+01
  -4.6465116e+01   5.5262635e+01
  -5.2494504e+01  -3.2010439e+01
  -3.7007846e+01  -1.7890220e+01
  -3.2564687e+01  -3.6677185e+01
   1.1909152e+01   4.0857222e+01
   2.3741759e+01   2.9288169e+01
   5.9377469e+01   5.2113851e+01
   3.9405311e+01   5.0540965e+01
  -1.7897835e+00   6.6014153e+00
   5.4013277e+01   5.0116784e+00
  -9.0399786e-01   1.9122035e+01
