   3.2338139e+01   6.3637758e+01
   6.2476625e+01  -4.3047404e+01
  -1.0599469e+01  -4.5934789e+01
   2.1313172e+00  -6.2715743e+01
  -3.8910193e+01   1.5551523e+01
   2.1851176e+01   4.6838577e+01
  -8.3526454e+01  -5.6566407e+01
   4.0915425e+01   2.5087030e+01
   4.5898764e+00   8.7231894e+01
  -3.7789474e+01  -7.8170083e+01
   2.5688366e+01  -4.3902093e+01
  -6.0443208e+01   3.1366409e+01
  -7.3264639e+01  -3.3581577e-01
   6.1725321e+00  -5.0438472e+01
   1.8795930e+01  -8.9989926e+01
  -2.0449161e+01  -4.7353811e+01
   3.3438615e+01  -1.3495427e+01
  -5.9053269e+00   6.4797677e+01
   1.5868020e+01  -4.4034832e+00
   3.4623164e+01  -3.9416594e+01
   4.3159710e+01  -5.0369253e+01
   3.0214930e+01  -6.1343975e+01
  -5.4159706e+01  -4.5371042e+00
   8.1705245e+00  -8.3912926e+01
   6.8895248e+01   6.3866391e+00
  -5.3538108e+01  -2.1900511e+01
   2.9242185e+00   4.6724499e+01
  -2.1328177e+01   7.5890266e+01
   1.5003806e+01   6.7369303e+00
   8.5603260e+01  -2.0992163e+01
   4.7888191e+01   8.0119021e+01
   4.1611489e+01   5.0102760e+01
   5.1722847e+01   6.1112961e+01
   5.2555163e+01  -4.6946003e+01
   3.6446202e+01  -8.8481874e+01
  -8.9962575e+01   2.4302994e+01
  -6.9627318e+01   3.9796184e+01
  -6.8157555e+01  -1.9365494e+01
  -1.6825977e+01  -9.9378537e+01
   5.0459657e+00  -7.4418034e+01
  -4.8850632e+01   1.4538154e+01
  -2.6064558e+01  -5.7156416e+01
   1.6242790e+01  -4.7175509e+01
   3.1470775e+01   1.8063410e+01
   5.2738062e+01   3.7812445e+01
  -6.5336482e+01  -5.3631161e+01
   2.3656342e+01   8.4175872e+01
  -2.3708035e+01   5.7125248e+01
   6.9612135e+01  -3.3494007e+01
  -3.5623686e+01   5.0914870e+01
  -4.3237085e+01  -2.1756025e+01
   1.3316409e+01   5.3539465e+01
  -1.9279160e+01  -1.0479226e+01
   7.7909518e+00   3.4795373e+01
  -9.3432313e+00  -9.9856682e+00
   4.0628867e+01  -2.0424438e+01
   5.4421633e+01  -3.7122476e+01
   3.9219115e+01  -7.8880715e+01
  -4.6996810e+01  -9.5300752e+01
  -2.3087627e+01  -7.6845195e+01
  -2.6897821e+01   4.6185551e+01
  -5.8853271e+01   1.4079516e+01
  -5.9553476e+01   4.1277519e+01
  -7.3078705e+01   1.6935877e+01
  -8.0052344e+01   3.4149921e+01
  -2.4643211e+01  -3.8737585e-01
  -6.8149837e+01   8.2484931e+00
  -8.2173130e+01  -8.9699738e+00
  -4.4997567e+01   2.3750720e+01
   4.7978887e+01  -6.6025265e+01
   1.0004857e+01  -2.0907130e+01
   7.7072698e+01   6.3885970e-01
   1.4564304e+01  -7.1377281e+01
  -1.6103631e+01  -5.6350909e+01
  -1.3682468e+01  -1.8964367e+01
  -7.3219012e+01  -7.7985408e+01
  -9.8236416e+00  -7.9786016e+01
  -1.3990226e+01   8.2624493e+01
   3.3730586e+01  -3.0136217e+00
  -3.6556357e+01   7.5390672e+01
  -1.1812573e+01   7.2852653e+01
   7.7279117e+01   4.9825843e+01
   5.8830728e+01   2.1608161e+01
  -1.7741337e+01   3.7490139e+01
   2.2770417e+01   5.6791947e+01
   1.3411228e+01   6.3526746e+01
   4.9195005e+01  -2.0657580e+00
  -6.1615179e+00   5.1367006e+01
   9.0478543e+01  -1.2240645e+01
   8.8031902e+01  -3.0691961e+01
  -5.0437501e+01   4.5175555e+01
   6.1367496e+01  -7.4765543e+00
  -4.8277039e+01  -3.0378148e+01
  -2.7440062e+01  -2.9220326e+01
   1.8341748e+01   3.0980350e+01
   6.1679506e+01   6.2041167e+01
   3.3702902e+01   4.3751266e+01
   1.8988824e+00   8.8037364e+00
   5.8300422e+01   2.0257453e+00
  -6.5862713e-01   1.8316725e+01
   3.6793823e+01  -2.9655948e+01
   3.3129811e+01  -5.0603114e+01
   2.3666883e+01  -5.3821678e+01
   7.2476035e+01  -4.3108067e+01
   3.6124618e+01  -6.9386655e+01
   4.6733409e+01  -3.0729155e+01
   5.9854057e+01  -2.8727700e+01
   4.6566627e+01  -8.5656474e+01
   5.2331909e+01  -5.6943171e+01
  -5.5142211e+01  -8.9480359e+01
  -2.2916631e+01  -9.1447381e+01
   1.8284898e+01  -3.7070463e+01
  -7.4232217e+01   4.8667577e+01
  -3.0364851e+01  -4.8145993e+01
  -7.1020374e+01   2.9905364e+01
  -9.0044761e+01   3.4301928e+01
  -5.4816845e+01   2.3166981e+01
  -8.5098026e+01   1.5567364e+01
  -8.4881365e+01   4.2895596e+01
  -2.3613654e+01  -1.9989661e+01
  -9.2078701e+01  -7.6231176e+00
  -3.9141027e+01   5.6076073e+00
  -3.4961083e+00  -5.2966041e+01
  -6.4152009e+01  -4.4512239e+00
  -4.4176585e+01  -4.1346095e+00
  -5.9706090e+01  -1.3817390e+01
  -7.8166659e+01   8.3647075e+00
   4.0472523e+01   1.3727319e+01
  -2.6065117e+00  -8.6823683e+01
   8.6310176e+00  -4.0754840e+01
   1.1396067e+01  -5.8957573e+01
  -1.5333859e+00   3.7885485e+01
  -2.9148061e+01  -1.1675871e+01
  -8.4601262e+01   7.2650153e-01
  -9.9993828e-01  -4.3292948e+01
  -7.8393147e+00  -6.1959656e+01
   8.3749509e+01   8.0813580e+00
  -1.2139654e+01   9.5069351e+01
   8.8220326e+01   4.2086798e+01
   2.5439074e+01  -7.1914911e+01
  -4.4624904e+00  -7.1355679e+01
  -6.3008732e+01  -8.3306412e+01
  -2.3752628e+01  -6.6873354e+01
  -7.3574989e+00  -2.6685417e+01
   2.6776212e+01  -2.0912785e+01
   2.0409950e+01  -6.3272868e+01
  -6.4668285e+01   2.2232615e+01
  -3.3490129e+01  -6.9142171e+01
  -3.6061471e+01  -5.7044614e+01
   2.3671384e+01   1.8377838e+00
   4.1074901e+01   3.7540441e+00
  -3.7527615e+01   8.5332208e+01
  -1.3175797e+01  -8.9200770e+01
  -2.7685373e+01   8.3588288e+01
   6.0611029e+01  -6.2551554e+01
  -7.5613604e+01  -4.1282797e+01
   6.1516634e+01   5.2042532e+01
  -5.6806847e+01  -3.5753963e+01
   5.0758276e+01   2.7817343e+01
   3.9101764e+00   6.6596907e+01
  -1.4566661e+01  -7.0817917e+01
   4.7398359e+01   7.0128712e+01
   1.3711397e+01   8.3142023e+01
  -7.3748905e+01  -2.7653800e+01
  -8.4443328e+01  -3.6595646e+01
  -9.9469664e+00   4.2512411e+01
  -3.5142339e+01   2.4675475e+01
  -1.7403600e+01   4.9083577e+01
  -1.9839927e+01   2.8031598e+01
  -1.3352089e+01   5.8167677e+01
  -3.3147868e+01   6.0415884e+01
   9.8015537e+01  -3.0121627e+01
   7.6278206e+01  -1.7386801e+01
   6.8417505e+01  -2.3565783e+01
   7.1263011e+01  -8.7400385e+00
   3.7983013e+00   5.6626732e+01
   1.1509669e+01   7.3387879e+01
   6.5753033e+01   7.1173805e+01
  -3.6226911e+01   3.4314437e+01
   2.2852450e+01   6.6789552e+01
   2.5788288e+01   3.7648493e+01
   4.1689783e+01   6.0100672e+01
  -5.6014050e+00   2.3010097e+00
   7.2374522e+00   4.7804479e-01
   8.5712607e+00   2.4907721e+01
  -4.5982353e+01   3.3696862e+01
   7.5552331e+01   1.3848339e+01
   9.0911215e+01   2.5813824e+01
  -6.2232280e+01  -6.3133512e+01
  -9.4035201e+01  -4.5725141e+01
   8.0863770e+01  -3.7663989e+01
   6.3539165e+01  -5.2990369e+01
   2.9503955e+01  -8.1277071e+01
   2.7257724e+01  -3.2656028e+01
   4.4564118e+01  -4.0478831e+01
   5.5849489e+01  -8.1941310e+01
   3.5290580e+01  -9.8411646e+01
  -3.9687969e+01  -8.8193023e+01
  -4.7938595e+01  -8.2544592e+01
  -2.9832099e+01  -8.4225406e+01
  -3.2291746e+01  -9.4921754e+01
  -5.4464405e+01  -7.4968943e+01
  -6.4331376e+01   5.0026934e+01
   1.8952782e+01  -2.7094986e+01
  -4.0964976e+01   4.2717986e+01
  -8.8264700e+01  -1.6975008e+01
  -2.1395303e+01  -3.7403169e+01
  -9.9744640e+01  -1.8008593e+01
  -8.3346246e+01   5.2773995e+01
   9.7201142e+00  -3.0862347e+01
  -5.9055739e+01   4.1318076e+00
  -6.1978563e+01  -2.7204337e+01
   4.0096793e+01  -5.9879580e+01
  -5.3913510e+00   8.7690644e+01
  -3.4246381e+01  -3.0882250e+00
  -6.8521040e+00  -9.6944288e+01
  -9.1544023e+01   7.9223085e+00
   9.5561753e+00  -9.3814327e+01
  -1.1121242e+01  -3.5948587e+01
   1.7842267e+01   2.0995304e+01
  -7.2266028e+01  -1.0268904e+01
  -8.3071006e+01  -7.6272302e+01
   9.5145420e+01   3.4872798e+01
  -7.9969353e+01   2.4156479e+01
  -5.5545512e+01  -5.5667342e+01
   9.0041678e+01   1.5852339e+01
   8.7949689e+01  -1.0368674e+00
  -1.9250797e+01   6.6134983e+01
   1.9583965e+01  -8.0022385e+01
   4.2574200e+01  -9.5320418e+00
   5.0566181e+01  -2.1507253e+01
   5.2319139e+01  -1.1676701e+01
   1.8338667e+01  -1.5394623e+01
   5.7673421e+01  -7.2109719e+01
  -1.7461599e+01  -2.8214946e+01
   5.8594199e-02  -3.3364533e+01
  -2.8716094e+01   6.9246420e+01
  -2.1438610e+01   9.1393803e+01
  -4.6141211e+01   7.8194487e+01
   2.8167395e+01   7.5254008e+01
   2.5109620e+01  -8.0459015e+00
  -6.4338049e+01  -7.3389575e+01
  -8.4077444e+01  -4.6587468e+01
   2.3152410e+01   1.2523764e+01
   4.3045273e+01   4.0209362e+01
   5.1559902e+01   5.1114643e+01
   3.5590738e+01   3.3551238e+01
   7.0352348e+01   5.7038323e+01
   2.7755481e+01   2.7342841e+01
  -6.7447638e+01  -3.5544807e+01
   3.8031631e+01   7.3626248e+01
   6.0434653e+01   3.1457218e+01
   3.2259140e+01   5.3641028e+01
   1.8425104e+01   9.2697355e+01
   1.7543438e+00   7.6345785e+01
  -5.4666604e+01   5.4158713e+01
  -9.5405540e+01  -3.5820545e+01
  -7.5049901e+01  -5.1262942e+01
  -7.8281318e+01  -1.8243714e+01
   5.0165264e+01   7.9101875e+00
  -6.2297048e+01  -4.4109207e+01
  -8.3718266e+01  -2.6626923e+01
  -4.8986835e+01  -1.3043601e+01
  -3.8259587e+01  -3.0428113e+01
  -4.9076739e+01   4.5617402e+00
   9.6459323e+01  -2.0246568e+01
   6.0472329e+01   1.1765557e+01
  -4.4869152e+01   5.6159660e+01
   7.7729451e+01  -2.7334195e+01
   6.0035871e+01  -1.8109783e+01
   8.1240581e+01  -8.4476706e+00
  -4.1061132e+01   6.6468703e+01
   5.6351707e+01   7.4581302e+01
   1.2409413e+01   4.3602489e+01
   3.1840830e+01   7.5742696e+00
  -1.4753203e+01  -1.5809530e+00
  -3.9037043e+01  -1.2697192e+01
   4.9555450e+01   1.7890737e+01
  -7.7367016e-01   2.8132280e+01
   9.6306498e+00   1.5081632e+01
   6.8886296e+01   2.1302460e+01
  -4.2460304e+01  -6.4726741e+01
   8.4374647e+00  -1.1065704e+01
  -2.0726835e-01  -6.1033231e+00
  -8.1625850e+01  -6.6379583e+01
  -7.1629227e+01  -6.6546399e+01
  -5.2446732e+01  -6.5175459e+01
   8.1820050e+01   2.1640142e+01
  -6.9556959e+01  -9.0864237e+01
   9.5016991e+01   7.1779717e+00
   5.1351758e+01   8.9500050e+01
   3.8513709e+01   8.3614515e+01
  -9.3694229e+01  -2.5969107e+01
   9.9898083e+01  -8.8957426e+00
  -1.0244862e+01   3.0985614e+01
  -2.7001300e+01   3.6236095e+01
