  -2.2703473e+01  -2.7779031e+01
   3.0571339e+01   5.5637104e+01
   6.3872622e+01  -4.3179035e+01
  -1.3570373e+01  -4.2169498e+01
  -1.1570431e+00  -5.8826471e+01
  -2.9674608e+01   1.7025745e+01
  -9.3925854e+00  -1.3960216e+01
   2.2594326e+01   3.9004332e+01
  -3.9420086e+01  -7.0607571e+00
  -7.0186295e+01  -4.3526933e+01
   5.0809988e+01   4.6220685e+01
   5.8570824e+01  -1.0559176e+01
   9.0964004e+01   1.6360216e+01
   3.3872748e+01   2.8663502e+01
   4.3306277e+01   2.4701641e+01
   4.3202848e+01  -7.9813825e+00
   7.0984187e+01  -3.1366321e-01
   9.4887844e+00   7.8592370e+01
  -5.0194700e+01   3.8357198e+01
   2.6559243e+01  -1.7930741e+01
  -3.4509888e+01  -7.8664767e+01
   2.0375683e+01  -4.1077337e+01
  -5.7909763e+01   3.2696251e+01
  -7.0765212e+01  -5.8351440e+00
   5.5476091e+00  -4.4550806e+01
   1.7681155e+01  -8.1425203e+01
  -3.1617674e+01  -2.4080279e+01
  -2.3082974e+01  -4.9245507e+01
  -1.0722988e+00   4.4325031e+01
   3.1244250e+01  -8.4291966e+00
   2.0830962e+00   5.8692209e+01
   1.6662980e+01  -1.3422838e+00
  -3.7998024e+01   4.0199860e+01
  -1.4122340e+01   5.8038376e+01
   3.4290604e+01  -3.7173985e+01
   4.3448696e+01  -4.9187648e+01
   2.7053762e+01  -5.9587422e+01
  -6.5653142e+01  -1.7067127e+01
  -4.8993759e+01  -9.4199260e+00
   5.4266859e+00  -8.8122924e+01
   6.0115868e+01   1.4073942e+01
   5.4699669e+01   3.7241138e+01
  -5.0460862e+01  -2.4748145e+01
  -8.5152991e+00   3.7717520e+01
  -3.2994531e+00   7.4352429e+01
  -2.2013763e+01   7.2431689e+01
   8.2916187e+00   1.5301043e+01
   8.5240468e+01  -1.6773243e+01
   3.9946504e+01   7.0480667e+01
   5.7456170e+01  -2.0523523e+01
  -2.4111929e+01   2.5855311e+01
  -2.8601212e+01   4.4830574e+01
   1.7506349e+01   5.1401323e+01
   3.6337860e+01   3.8341869e+01
   4.9952679e+01   5.6064309e+01
   2.2164996e+00   4.5171401e-01
   5.3044110e+01  -4.6469781e+01
   3.5336428e+01  -8.5407395e+01
  -1.9725357e+01  -7.6063076e+01
  -4.1919014e+01   1.9914636e+01
  -8.1547671e+01   2.2884694e+01
  -6.7488829e+01   3.5087101e+01
  -6.9930873e+01  -2.6108041e+01
  -1.6527764e+01  -9.0357378e+01
  -4.2177598e+01   3.1233720e+01
   3.6577397e+01  -5.6363287e+01
   2.9238651e+00  -7.0044868e+01
  -4.9024674e+01   9.6790090e+00
  -3.2202192e+01  -5.2140067e+01
   1.4416280e+01  -4.8737257e+01
  -2.2098185e+01  -3.7408198e+01
   3.0746781e+01   1.1054382e+01
   1.7820047e+01   1.2341515e+01
   4.6510789e+01   1.2202383e+01
   5.8066047e+01   2.8159123e+01
  -2.3051620e+01   6.2764993e+01
   4.5322374e+01   3.4187986e+01
  -5.9994365e+01  -4.4588873e+01
  -6.0203615e+01  -2.5433765e+01
   5.2730661e+00   3.6908096e+01
   2.4423330e+01   7.2811282e+01
   6.1216785e+01  -8.6523548e-01
   4.8883586e+00   6.8248504e+01
   7.7215762e+01  -8.0240300e+00
  -2.2062505e+01   5.2282391e+01
   6.8645365e+01  -2.2162744e+01
  -2.0494244e+01   3.9206690e+01
  -3.7036067e+01   4.9979304e+01
   6.8880380e+01   9.3852471e+00
  -4.1074830e+01  -2.6393628e+01
  -3.1292238e+01   5.7643777e+01
   1.4062429e+01   3.1122414e+01
   7.1357712e+00   5.0109857e+01
  -5.9047663e+00   5.2805288e+01
   1.1889416e+01   6.0558526e+01
   4.1056801e+01   6.0549088e+01
  -1.4447276e+01  -5.8644153e+00
   3.3272487e+00   2.7450914e+01
  -7.5162701e+00   1.1072508e+00
   4.0576602e+01  -1.8714552e+01
   4.9635431e+01  -1.4514308e+01
   5.5088780e+01  -3.6756470e+01
   4.4802975e+01  -3.9303047e+01
   3.4583841e+01  -7.5593971e+01
  -4.2514238e+01  -8.4425487e+01
  -2.6901405e+01  -7.0135053e+01
  -2.9496369e+01   3.4794074e+01
   1.7783572e+01  -2.2613699e+01
  -5.7688879e+01   1.4534210e+01
  -6.0203291e+01   4.2249208e+01
   8.1258683e+00  -2.5112815e+01
  -6.8340151e+01   1.7192022e+01
  -7.7982064e+01   3.4457410e+01
  -8.8835912e+01  -2.2699196e+01
  -2.1499118e+01   5.6928624e-01
  -6.2303833e+01   1.4720012e+00
  -4.1952346e-01  -7.9463525e+01
  -7.8520181e+01  -1.2169078e+01
  -3.3939928e+01   2.5867897e+01
   4.4757483e+01  -6.2913945e+01
  -3.5918695e+00  -3.1999491e+01
   4.0049769e+00  -1.6218852e+01
   8.0666759e+01   1.7688248e+00
   1.5891081e+01  -7.1444258e+01
  -1.9927140e+01  -5.8463417e+01
  -1.6853264e+01  -2.0123645e+01
  -5.5716537e+01  -5.7885031e+01
   1.7834087e+01   2.1770981e+01
  -1.0185189e+01  -7.4176114e+01
  -1.3115716e+01   7.7557487e+01
  -1.3637942e+01  -3.1872699e+01
   3.0619227e+01   1.2670853e+00
   1.3569061e+01  -1.4359950e+01
   8.3224342e+00  -6.6479099e+00
  -3.7253628e+01   6.5297216e+01
   2.8120276e+01   2.0489838e+01
  -1.3955686e+01   6.7653846e+01
   6.2539681e+01   4.3298421e+01
   6.5998663e+01   2.2551351e+01
  -7.4883486e+01  -3.4714440e+01
   2.9756426e+01   4.5773228e+01
  -6.4451316e+01  -3.5369385e+01
   1.0333641e+01   5.8237560e+00
   3.7982910e+01   1.6873922e+01
  -1.5560444e+01   3.0692067e+01
   3.1266375e+01   6.5551664e+01
   2.1780550e+01   6.1994788e+01
   1.4798801e+01   7.0121118e+01
   5.1767555e+01  -3.3529113e+00
  -1.3624347e+01   4.6426379e+01
   8.7054735e+01  -6.6381792e+00
   7.8440004e+01  -2.4099578e+01
  -4.6309139e+01   4.7151921e+01
   6.8245859e+01  -1.2219886e+01
  -4.6531890e+01   5.7009433e+01
  -5.4682527e+01  -3.3671168e+01
  -3.8308866e+01  -1.6849725e+01
  -3.4713650e+01  -3.3784786e+01
   1.3373308e+01   4.2380368e+01
   2.3935674e+01   2.9360754e+01
   5.9380162e+01   5.2745086e+01
   3.9405311e+01   5.0540965e+01
  -9.0213225e-01   9.2620275e+00
   5.4187222e+01   6.1545102e+00
  -8.9092440e-01   1.8802971e+01
  -3.7646176e+01  -5.9927499e+01
   3.9147495e+01  -2.8551066e+01
   3.3594275e+01  -4.6998090e+01
   2.4190251e+01  -5.0124835e+01
   7.2211563e+01  -3.7659790e+01
   3.6593713e+01  -6.6186392e+01
   4.8625600e+01  -2.5222015e+01
   6.1880244e+01  -2.9475129e+01
   4.4247556e+01  -7.6984442e+01
   5.3338999e+01  -5.6288171e+01
  -5.0100678e+01  -7.8087848e+01
  -2.7814425e+01  -8.5780256e+01
   2.0560747e+01  -3.1573156e+01
  -6.6119315e+01   5.0129249e+01
  -3.0332915e+01  -4.2545627e+01
  -7.2197102e+01   2.6342296e+01
  -8.7343846e+01   3.0997539e+01
  -5.0348680e+01   2.5274129e+01
  -7.7924665e+01   1.3619179e+01
  -7.3212969e+01   4.3199558e+01
  -2.3810070e+01  -9.3631840e+00
  -7.8928473e+01  -2.2113208e+01
  -3.8104915e+01   5.5660363e+00
  -6.5996617e+00  -5.0532765e+01
  -6.0928453e+01  -8.2677527e+00
  -4.6340457e+01   1.0635833e-01
  -5.5726480e+01  -1.6571473e+01
  -2.8433157e+01   7.3503107e+00
  -1.6594838e+00  -8.3087535e+00
  -7.0113873e+01   7.4904028e+00
   5.2272500e+01   2.0220621e+01
   7.4408121e+01   1.7631446e+01
  -4.7303482e+00  -8.8506480e+01
   5.9254582e+00  -3.4687208e+01
   7.8641840e+00  -5.5835169e+01
  -6.6431664e+00   2.6690929e+01
  -3.0880862e+01  -2.2946780e+00
  -8.0605089e+01  -2.4143952e+00
  -3.7352524e+00  -4.1497588e+01
  -1.0939348e+01  -5.8851284e+01
   8.2207568e+01   1.1590390e+01
  -9.6052684e+00   8.6870812e+01
   8.3082220e+01   2.2407683e+01
   2.5032232e+01  -7.4791647e+01
  -6.1407708e+00  -6.6709729e+01
  -5.0744970e+01  -6.8357925e+01
  -2.8595925e+01  -6.0992625e+01
  -7.4163231e+00  -2.3304149e+01
   2.1697359e+01  -9.3709129e+00
   1.6111396e+01  -6.1521796e+01
  -6.1074895e+01   2.3726637e+01
  -3.6610828e+01  -6.9336380e+01
  -4.6503645e+01  -5.9787509e+01
   2.3190740e+01   5.2457984e+00
   3.8805922e+01  -5.2729667e-01
  -3.2113145e+01   7.3278008e+01
  -1.2310108e+01  -8.2427307e+01
  -2.6048868e+01   8.0820362e+01
   5.1042372e+01  -6.5735749e+01
