  -2.2600587e+01  -2.8034145e+01
   3.0729187e+01   5.5428922e+01
   6.3872622e+01  -4.3179035e+01
  -1.3114903e+01  -4.2367832e+01
  -7.8781074e-01  -5.7704083e+01
  -2.9879624e+01   1.7154912e+01
  -9.4267443e+00  -1.4282867e+01
   2.3858163e+01   3.9759990e+01
  -3.9868268e+01  -6.8490924e+00
  -7.8748258e+01  -4.6522097e+01
   9.1396773e+01   1.6477094e+01
   3.3388751e+01   2.5365580e+01
   4.3258084e+01   2.5479849e+01
   4.2408155e+01  -9.2214846e+00
   5.6493265e+00   7.8497034e+01
  -5.0340187e+01   3.8740799e+01
   2.7300805e+01  -1.8471122e+01
  -3.4455508e+01  -7.9064324e+01
   2.1607890e+01  -4.1649181e+01
  -5.8112891e+01   3.2666138e+01
  -7.0616057e+01  -5.0812182e+00
   5.8462990e+00  -4.5056689e+01
   1.7535500e+01  -8.1558687e+01
  -3.1326262e+01  -2.3340565e+01
  -2.1862434e+01  -4.7839976e+01
  -1.0851482e+00   4.4034098e+01
   3.2481948e+01  -9.9598583e+00
  -4.1088648e+00   6.3045683e+01
   1.5934707e+01  -2.2428762e+00
  -3.8272124e+01   3.9996656e+01
   3.3736630e+01  -3.6773707e+01
   4.3418831e+01  -4.9208900e+01
   2.7280053e+01  -6.0668280e+01
  -6.6926841e+01  -1.5021582e+01
  -4.9463292e+01  -9.4747273e+00
   6.1220024e+00  -8.8764143e+01
   6.1096019e+01   1.3670464e+01
   5.1813919e+01   3.5441183e+01
  -5.0047170e+01  -2.3181058e+01
  -3.5915410e+00   3.5179936e+01
  -3.4245760e+00   7.4294920e+01
  -2.1975263e+01   7.2891607e+01
   8.3385694e+00   1.5832560e+01
   8.2583221e+01  -1.5741158e+01
   3.7367943e+01   7.4663135e+01
   5.8133952e+01  -2.0763127e+01
  -2.2261838e+01   2.6074143e+01
  -2.8751629e+01   4.4895452e+01
   1.7567601e+01   5.1534782e+01
   4.0104406e+01   4.1099584e+01
   4.9778192e+01   5.6070335e+01
   2.3446567e+00   8.0322644e-01
   5.3043664e+01  -4.6517763e+01
   3.5388095e+01  -8.6162736e+01
  -2.0942828e+01  -7.8997456e+01
  -4.3381591e+01   1.8300191e+01
  -8.1644021e+01   2.2962110e+01
  -6.7743821e+01   3.5220333e+01
  -6.3918945e+01  -2.4371761e+01
  -1.8102577e+01  -9.3061850e+01
  -4.3712745e+01   3.1935196e+01
   3.6279338e+01  -5.6317286e+01
   5.0511154e+00  -7.0778992e+01
  -4.8660939e+01   1.0020479e+01
  -3.1532850e+01  -5.2415420e+01
   1.4997393e+01  -4.8950779e+01
  -2.1825323e+01  -3.7835421e+01
   3.1060235e+01   1.0144117e+01
   1.7724346e+01   1.3133448e+01
   4.4592716e+01   9.2146614e+00
   6.0753367e+01   3.1166188e+01
  -2.2381363e+01   6.2995096e+01
  -5.9636466e+01  -5.0547396e+01
   2.4748748e+01   7.3025362e+01
   6.1308367e+01  -9.0973951e-01
   7.6971881e+01  -7.8525644e+00
  -2.6520691e+01   5.4133546e+01
   6.7274887e+01  -2.2274095e+01
  -3.7053593e+01   4.9528443e+01
   6.9767676e+01   8.8375037e+00
  -4.0782043e+01  -2.6447204e+01
  -3.2720894e+01   5.9659007e+01
   1.3158691e+01   3.1839659e+01
   7.5182663e+00   4.8519929e+01
  -3.8584982e+00   5.3097941e+01
   1.3509961e+01   6.0851901e+01
   4.0403813e+01   6.0828247e+01
  -1.4602066e+01  -6.0329420e+00
   3.9811687e+00   2.8333322e+01
  -7.5881158e+00   9.9396206e-01
   4.0227532e+01  -1.8805064e+01
   4.9959452e+01  -1.5498655e+01
   5.4840129e+01  -3.6727105e+01
   4.4805680e+01  -3.9283270e+01
   3.4748061e+01  -7.6196990e+01
  -4.2461782e+01  -8.4998834e+01
  -2.7713499e+01  -7.1766635e+01
  -2.9472953e+01   3.5851932e+01
   1.8487053e+01  -2.3150895e+01
  -5.7868424e+01   1.3873419e+01
  -5.9840304e+01   4.2501554e+01
   8.4692621e+00  -2.5226230e+01
  -6.8863724e+01   1.6865497e+01
  -7.8114619e+01   3.4348548e+01
  -9.1906482e+01  -2.3373543e+01
  -2.1690375e+01   6.3749560e-01
  -6.1739475e+01   2.7446869e+00
   1.2654602e+00  -8.0031331e+01
  -7.8364600e+01  -1.1272729e+01
  -3.7577387e+01   2.5261943e+01
   4.4612240e+01  -6.1814912e+01
  -2.1068133e+00  -3.1283633e+01
   3.6310066e+00  -1.6490062e+01
   8.0813174e+01   1.3794610e+00
   1.5327792e+01  -7.1717453e+01
  -2.0207050e+01  -5.7610826e+01
  -1.7825703e+01  -1.9412143e+01
  -5.8300329e+01  -6.0364065e+01
   1.6925248e+01   2.2829876e+01
  -7.9080188e+00  -7.6082558e+01
  -1.3179054e+01   7.7763672e+01
  -1.3532985e+01  -3.2423873e+01
   3.1095427e+01  -1.3400587e-01
   1.3887275e+01  -1.4624704e+01
   7.5565022e+00  -7.3461242e+00
  -3.8701230e+01   6.6802583e+01
   2.6027690e+01   1.8766671e+01
  -1.3378027e+01   6.7765666e+01
   6.8524345e+01   4.8525819e+01
   6.6336838e+01   2.2161038e+01
  -7.4544628e+01  -3.7697063e+01
  -6.5741761e+01  -3.3840158e+01
   1.0622226e+01   6.1861928e+00
   3.8362104e+01   1.6840255e+01
  -2.0157044e+01   3.5224850e+01
   3.2078601e+01   6.6240870e+01
   2.3209434e+01   6.1914692e+01
   1.5042334e+01   7.0669278e+01
   5.1513000e+01  -3.4878318e+00
  -1.1135312e+01   4.6687236e+01
   8.6596910e+01  -8.4416962e+00
   8.1253559e+01  -2.6488945e+01
  -4.7000591e+01   4.7994845e+01
   6.8307045e+01  -1.2335701e+01
  -5.0855000e+01   5.8153716e+01
  -5.3336408e+01  -3.2553158e+01
  -3.8737004e+01  -1.6704739e+01
  -3.3845757e+01  -3.3434842e+01
   1.4259607e+01   4.1548245e+01
   2.4270210e+01   2.9489178e+01
   5.9769376e+01   5.5650511e+01
   3.9629326e+01   5.0963743e+01
  -6.3786216e-01   9.8342392e+00
   5.4220723e+01   6.1432825e+00
  -5.3480812e-01   1.9211370e+01
  -3.8539519e+01  -5.9472139e+01
   3.9399194e+01  -2.8645066e+01
   3.3742820e+01  -4.6702037e+01
   2.4757463e+01  -5.1047420e+01
   7.2211563e+01  -3.7659790e+01
   3.5543733e+01  -6.6256732e+01
   4.8845108e+01  -2.5420544e+01
   6.2139735e+01  -3.0192276e+01
   4.4712370e+01  -7.7039505e+01
   5.3358779e+01  -5.6503141e+01
  -5.0388927e+01  -7.8923712e+01
  -2.7659823e+01  -8.6394905e+01
   2.2698437e+01  -3.1932253e+01
  -6.6336068e+01   5.0076671e+01
  -3.0304070e+01  -4.2640298e+01
  -7.2213249e+01   2.6282080e+01
  -8.7542717e+01   3.1030220e+01
  -5.0779899e+01   2.5021866e+01
  -7.8289793e+01   1.3554659e+01
  -7.3643529e+01   4.3280148e+01
  -2.4003804e+01  -9.4350566e+00
  -8.2540714e+01  -2.0213959e+01
  -3.8600057e+01   5.7672062e+00
  -7.1511037e+00  -5.0191974e+01
  -6.0875543e+01  -7.1210227e+00
  -4.6890954e+01   2.0889969e-01
  -5.6910821e+01  -1.6148845e+01
  -2.8794988e+01   7.4276509e+00
  -2.2444001e+00  -7.8217535e+00
  -7.0716929e+01   7.0558462e+00
   5.1510522e+01   1.5951785e+01
   7.5077416e+01   1.7308250e+01
  -3.9403329e+00  -8.9273553e+01
   7.0434471e+00  -3.5136079e+01
   8.9731254e+00  -5.6755955e+01
  -5.5174678e+00   2.6352160e+01
  -3.1146836e+01  -2.2306589e+00
  -8.0788024e+01  -1.6190488e+00
  -3.2539708e+00  -4.1088715e+01
  -1.0566517e+01  -5.9494037e+01
   8.2944600e+01   1.1141596e+01
  -9.5274559e+00   8.7073106e+01
   8.3525414e+01   2.2656416e+01
   2.4855813e+01  -7.4746124e+01
  -4.1380812e+00  -6.6994764e+01
  -5.1640320e+01  -6.9023326e+01
  -2.9005466e+01  -6.2007834e+01
  -8.5835266e+00  -2.3917417e+01
   2.2527775e+01  -9.6912173e+00
   1.7405692e+01  -6.1958731e+01
  -6.1227770e+01   2.3257747e+01
  -3.7447265e+01  -6.9424175e+01
  -4.8403713e+01  -5.9596142e+01
   2.2700738e+01   4.8308423e+00
   4.0882360e+01   3.4121168e-01
  -3.1879105e+01   7.3744350e+01
  -1.2783977e+01  -8.4674367e+01
  -2.6293541e+01   8.1905600e+01
   5.3193932e+01  -6.6932138e+01
   4.9116563e+01   4.5046788e+01
  -6.7987863e+01  -4.5120301e+01
   5.8998032e+01   4.5653465e+01
   3.2451939e+01   3.5096472e+01
  -5.9118126e+01  -4.0696495e+01
   5.3016306e+01   2.5532762e+01
   4.3707567e+00   5.7852276e+01
  -1.6016241e+01  -7.0196988e+01
   4.5755953e+01   6.9213514e+01
   1.5421515e+01   8.0636486e+01
  -7.3865382e+01  -2.4976864e+01
  -8.1749588e+01  -3.1123281e+01
  -1.1954051e+01   3.8263722e+01
  -2.9809772e+01   2.6901583e+01
  -1.9911531e+01   4.8878303e+01
  -1.3726149e+01   2.8651597e+01
  -1.3025030e+01   5.5835565e+01
  -4.1736950e+01   5.7510486e+01
   8.9741001e+01  -2.0686373e+01
   9.0700480e+01  -1.2942301e+00
   7.5276377e+01  -2.0400945e+01
