   4.0582339e+01   8.9766772e+00
   2.8878874e+01  -1.3324521e+01
  -2.3297478e+01  -2.1332189e+01
   1.3939423e+00   2.1476412e+01
   5.4034101e+00  -2.8856288e+01
  -8.9001981e-02   1.2596375e+01
  -4.1231593e+00  -6.1046873e+00
   4.7636930e+00  -1.9027808e+01
  -1.3330235e+01  -2.0683664e+01
   2.3634547e+01  -1.7215268e+00
   4.4640358e+00  -1.8492860e+00
   2.1726155e+01   4.0152225e+01
   1.4773892e+01  -1.8884994e+01
  -3.7119504e+00  -2.5194359e+01
  -3.8952371e+01   9.2238563e+00
   1.6767006e+01   1.4804202e+01
  -1.0854431e+01   2.7996108e+01
   1.5291623e+01  -2.8728471e+01
   2.4786643e+01  -2.2466701e+01
  -4.5921865e+00  -1.5629680e+01
  -1.1816296e+01  -4.0650308e+01
   3.8365070e-01  -4.5777329e+01
   9.4224554e+00  -1.0491576e+01
  -2.1737207e+01  -3.1125546e+01
  -2.8988628e+01   8.6424761e+00
  -3.5639644e+01  -9.6966892e+00
  -1.1938627e+01  -5.4486918e-01
   2.7544061e+01   9.9846115e+00
   1.8420389e+01   6.1480848e+00
   8.4847303e+00   7.7229893e+00
   3.8863914e+00   3.7265636e+01
   3.2562460e+01   1.4812894e+00
  -1.9829494e+01   2.8693065e+01
   1.5824426e+01   3.2850060e+01
   2.4224138e+01  -3.3037985e+01
   1.9378349e+01  -1.0295079e+01
  -2.5560714e+00  -3.5009293e+01
  -4.0217772e+01  -7.1160031e-01
   7.2477285e+00  -3.8556781e+01
  -1.3248580e+01  -1.0676713e+01
  -3.0369445e+01  -1.2210425e+00
  -1.1834478e+01  -3.0704851e+01
  -2.5948208e+01  -1.1844778e+01
  -3.3147993e+01  -2.3071816e+01
   3.6197293e+01   1.7913256e+01
  -2.0916532e+01  -3.4811450e+00
   1.3883299e+01  -1.9846878e+00
   7.6645250e+00   2.8322518e+01
  -5.5300010e+00   3.9585416e+01
   4.1941504e+01  -9.9477771e-01
  -3.3785207e+00   3.7983406e+00
   2.6476591e+01   1.9825548e+01
  -1.5111695e+01   3.7666063e+01
   1.7395884e+01   2.3711786e+01
   2.5341177e+01   2.9989142e+01
  -2.4944110e+00   2.9780394e+01
