   3.0686453e+01  -7.8967893e+00
  -1.9455323e+01  -1.9736516e+01
   6.9483453e+00   2.5713144e+01
   2.4345846e+00  -2.5262486e+01
   3.1307189e+01   5.2540671e+01
  -1.2988955e+01   3.6037275e+01
   4.8772318e+01  -3.1883550e+01
  -1.3608434e+01  -3.8858768e+01
  -8.3973050e+00  -6.0062308e+01
  -2.3493640e+01  -3.6245136e+01
  -2.8265019e+01   6.9971957e+00
  -4.2825440e+01  -8.8564034e+00
  -1.9842726e+01  -1.9671185e-01
   1.0027285e+01   3.5227318e+01
   3.9523099e+01   8.6119441e+00
  -2.2500961e+01   3.9123005e+01
   5.3934915e+00  -4.4706822e+01
  -3.6938754e+01  -1.6940023e+01
  -5.7927072e+01  -3.0235210e+01
   4.8165168e+01   3.6692076e+01
  -2.9136476e+01  -3.8876860e+00
  -6.8544284e+00   5.1531425e+01
   5.8866524e+01  -1.3730424e+01
   2.1924380e+01   4.9081938e+01
   3.7393221e+01   3.5791652e+01
   2.6162256e+01  -4.3228702e+01
   2.5768806e+01  -1.6604066e+01
   6.1013341e+00  -1.5959019e+01
  -1.6354049e+01  -2.9243265e+01
  -1.0955968e+01  -5.0395364e+01
  -5.0517783e+01  -2.4667840e+00
  -4.9288229e+01   1.6127090e+01
  -2.9219286e+01   2.0313837e+01
   1.8993879e+01  -5.7023290e+01
   1.6826507e+01  -4.6812524e+01
   6.7345969e+01   9.8539959e+00
   3.4968444e+01   2.2608450e+01
  -4.6313925e+01  -2.0419375e+01
   3.0807697e+01   1.3515151e+01
   2.5013043e+01   2.1665110e+01
   3.8202316e+01  -1.3004471e+00
  -2.2628436e+01   5.2359685e+01
   4.3818254e+00  -6.1079756e+00
   6.5535311e+01   1.9286578e-02
   1.5495056e+01   6.3086169e+01
  -3.9052654e+01   4.1035921e+01
   5.8765856e+00   1.2950932e+01
   2.8557242e+01  -3.3519736e+01
   2.8145689e+01  -6.2561944e+01
   1.5876490e+01  -1.8067619e+01
  -2.9917081e+01  -6.4274635e+01
   2.1958994e+01  -2.6005544e+01
  -4.4270173e+00  -4.2820998e+01
   3.2244316e+01  -2.4224283e+01
  -4.9527037e+01   2.6124198e+01
  -5.9293366e+01   2.3807134e+01
  -6.1164605e+01  -7.9030775e+00
  -4.5734664e+01   6.7798682e+00
  -5.2200641e+01  -1.2335580e+01
  -1.6865861e+01  -1.0077661e+01
   2.1143552e+00  -3.5257321e+01
  -1.1356380e+00  -5.2280966e+01
  -2.8914777e+01  -2.3640606e+01
  -2.7462538e+01  -1.3746444e+01
   1.2374894e+01  -6.4804977e+01
   4.7447085e+01   2.5119283e+00
  -5.8322063e+01  -2.0243026e+01
   5.1599481e+01   2.2020180e+01
  -3.3459076e+01  -3.5414556e+01
  -3.0001685e+01  -4.4797732e+01
   1.1975466e-01   3.3018641e+01
   2.0947891e+01   1.1846628e+01
   2.0686610e+01  -7.9527621e+00
  -1.2264976e+01   5.9941297e+01
   1.8732467e+01   2.9499427e+01
   5.7048247e+01   5.3079236e+00
  -4.7805495e+00   4.1748838e+01
   2.9185910e+00   5.3649935e+01
   5.4140330e+01  -4.9177625e+00
   8.5689113e+00   3.3201786e+00
  -2.8892173e+01   3.1431944e+01
  -3.8884383e+01   3.1037337e+01
   4.9924632e+00   4.3867355e+01
   3.8616819e+01   4.5716505e+01
  -1.5063450e+01   4.5819732e+01
   3.8556886e+01  -3.3604018e+01
   4.2243959e+01  -2.4308557e+01
   3.6246706e+01  -4.3416816e+01
   2.9502349e+01  -5.2654398e+01
   9.5226842e+00  -5.3814489e+01
   1.2583785e+01  -3.7757177e+01
   1.2115568e+01  -2.7768181e+01
  -1.8143588e+01  -5.7511323e+01
  -4.0637118e+01   2.1192140e+01
  -6.1710123e+01   1.4103568e+01
  -6.7286044e+01  -1.5810540e+01
  -5.5711647e+01   6.1024435e+00
  -3.6991746e+01   1.1880252e+01
  -3.8319454e+01   7.0791312e-02
  -6.3814100e+00  -2.9982468e+01
  -3.6683380e+00  -6.8873394e+01
  -2.0137028e+01  -4.6433334e+01
  -5.2827933e+00  -1.1400293e+01
  -9.4827109e+00  -2.0475545e+01
   2.9733643e+00  -6.1397615e+01
   5.8858903e+01   1.5142631e+01
   2.8620488e+01   3.0991751e+01
   4.3480037e+01   2.7857513e+01
   1.5153239e+01   1.9996575e+01
  -2.7687681e+01  -5.4526315e+01
   3.7443777e+01  -1.5512884e+01
   2.9466214e+01   3.5946712e+00
   5.6336222e+01   3.0827180e+01
   4.4850827e+01  -8.7886264e+00
  -4.7927245e+01  -3.0288406e+01
   4.8765451e+01   1.2430172e+01
  -8.0949878e+00   2.7316186e+01
  -3.7763800e+00   6.5227480e+01
  -2.1973467e+01   6.2338213e+01
  -1.2413371e+00   1.9974826e+01
   7.2224299e+01  -7.4142456e+00
  -1.3548158e+00   2.0876959e+00
   2.5128495e+01   6.0403477e+01
   4.9633360e+01  -1.7570846e+01
  -1.9380168e+01   2.8346221e+01
  -3.8552191e+01  -2.6808877e+01
  -3.0437430e+01   4.6113117e+01
   1.9069390e+01   3.9498154e+01
   1.2916419e+01   5.3424356e+01
   1.9410683e+01   1.9654978e+00
   2.8873185e+01   4.1631370e+01
   4.5422508e+01   5.3043342e+01
  -1.0152519e+01  -2.6661578e+00
