   5.7910825e+01  -1.1736207e+01
  -9.9799388e+01   5.7770508e+00
  -8.3435131e+01   8.1305486e+01
   4.1049222e+00  -8.3287914e+01
   5.7588800e+01  -9.4414306e+01
   5.7024589e+01  -5.1387360e+01
  -1.3640120e+01  -6.6933358e+01
   8.0860678e+01  -6.5025364e+01
  -9.9464328e+01  -1.2762221e+01
  -3.9638089e+01   3.9398531e+01
   5.0271999e+01  -3.2864645e+01
  -8.9551291e+01   2.2368643e+01
  -5.7274462e+01   5.2078988e+01
  -4.7406338e+01  -1.7269879e+01
  -7.2351184e+01  -1.0724804e+00
  -7.9526512e+01   3.6619561e+01
  -3.8658604e+01   2.1632443e+01
   4.0974062e+01  -8.1298071e+01
   2.3397402e+01  -1.9733265e+01
   4.1267123e+00  -1.6929360e+01
   3.0953872e+01  -4.1549786e+01
   9.7975604e+00  -3.7152151e+01
   7.6626910e+01  -4.8226313e+01
   1.1932108e+01  -6.8404405e+01
   3.5810486e+01  -7.2734343e+01
   1.9405432e+00  -6.7995213e+01
   4.1643051e+01  -5.3552259e+01
  -2.2164853e+01   6.0425725e+01
  -9.8345388e+01   5.3696295e+01
  -8.4808767e+01  -2.3745812e+01
  -4.3600285e+01  -8.0225318e+00
  -1.3920210e+01   2.8946724e+01
  -6.1539599e+01   7.9573834e+01
  -8.6783674e+01   6.1279646e+01
  -6.1933211e+01   4.6639356e+00
   8.1612555e+01  -2.2318912e+01
  -4.8550780e+01   1.8563842e+01
  -7.0494981e+01   2.8514248e+01
   3.8480230e+01  -3.9401869e+00
  -1.3700796e+01  -5.3579791e+01
   1.8282529e+01  -4.5038162e+01
  -1.0053934e+01  -3.4079023e+01
   3.2122842e+01  -8.5951634e+01
   5.9450704e+01  -8.4589175e+01
  -5.0730077e+01   5.7459840e+01
  -4.0655293e+01   7.7717822e+01
  -1.6438862e+01   4.2785333e+01
  -8.0179253e+01   5.1501661e+00
  -6.2738802e+01  -2.9770758e+01
  -2.9650109e+01   3.9839039e+01
  -8.5892310e+01   9.0998900e+01
  -7.8900709e+01  -1.5677674e+01
  -4.3483831e+01   1.9766982e+00
  -2.4587538e+01   8.1813831e-01
  -9.6526672e+01   6.3529506e+01
  -5.2058863e+01   8.2211193e+01
  -9.9400008e+01   3.5817288e+01
  -4.9607038e+01   4.0243162e+01
  -7.0358723e+01   4.0576573e+01
   4.1003685e+01  -2.8333513e+01
  -6.0808937e+01   4.3262579e+01
   2.4057073e+01  -5.9935332e+00
  -9.8064790e-02  -3.3140958e+01
   1.4057077e+01  -5.9991404e+00
  -1.8975824e+01  -3.8595613e+01
   1.6553329e+01  -7.7272564e+01
   4.8517689e+01  -9.8897800e+01
   9.4086471e+01  -5.7839282e+01
   6.2574161e+01  -6.2433975e+01
   5.0818484e+01  -7.9541061e+01
  -1.2900226e+01  -7.9621277e+01
  -2.6951367e+01   7.8889066e+01
  -5.3460129e+01   7.1699843e+01
  -2.1325256e+01   3.4389550e+01
  -3.8544811e+01   5.4694680e+01
  -3.0329629e+01   5.1513556e+01
  -6.2910646e+01  -1.9219493e+01
  -2.5322857e+01   2.5405857e+01
   7.3781846e+01  -3.8584086e+01
   7.6286322e+01  -1.4436933e+01
  -9.6635326e+01   1.5262179e+01
  -9.8916933e+01   2.5845729e+01
  -7.7910751e+01   1.6947715e+01
  -8.0320184e+01   2.6652391e+01
  -3.2432897e+01   7.0096897e+00
   5.8721724e+01  -2.3481304e+01
  -3.7480378e+01  -1.5931157e+01
  -5.5937157e+01  -1.2052178e+01
  -9.1404804e+01  -3.1261948e+01
  -7.9638410e+01   6.8271869e+01
  -8.6966654e+01   1.2713305e+01
  -5.1540693e+01   9.1653040e+01
   7.8503669e+01  -9.4925180e+01
  -7.4329188e+01   9.4393487e+01
   6.7091553e+01  -9.9262563e+01
  -4.1255615e+01   1.1725181e+01
  -9.1476778e+01   4.1891343e+01
  -5.6931579e+01   2.4014582e+01
   9.3055598e+00  -4.9444053e+01
   5.6687475e+01  -4.0551079e+01
   3.1565103e+01  -3.1571871e+01
  -7.7194927e+01   5.6265943e+01
   1.7228455e+01  -2.7602284e+01
   4.8460578e+01  -9.0751987e+00
  -8.8556029e+01   3.2324184e+01
   3.2234284e+01  -1.1749678e+01
  -9.0127999e+01   3.2295561e+00
   7.2997151e+00  -2.6412558e+01
  -7.9819504e+01   4.6616281e+01
  -6.8087589e+01   1.8808534e+01
  -5.0722208e+00  -2.9466927e+00
  -6.0728444e+00  -2.4156422e+01
  -6.9618025e+01   8.5572818e+01
  -9.3384158e+01   8.2314078e+01
   1.6733005e+00  -4.2982781e+01
  -1.0603396e+01  -4.4063909e+01
  -3.7741364e+00  -5.1368761e+01
  -8.8576405e+01   5.1448673e+01
  -2.5481478e+01  -4.8108440e+01
  -6.7992095e+01   5.0301450e+01
  -4.6821293e+01   4.9524972e+01
   8.3718318e+01  -4.1320593e+01
   6.6985092e+01  -5.0711254e+01
   2.6548519e+01  -7.6504746e+01
   2.9575999e+01  -6.1235692e+01
   6.1359340e+00  -9.3580970e+01
   9.0688383e+01  -4.8373502e+01
  -3.2682491e+00  -7.6531481e+01
  -5.4250028e+00  -6.1231500e+01
  -5.4433503e+00  -8.6292041e+01
   1.3473011e+01  -8.6786322e+01
  -5.3523855e+01  -2.3473555e+00
  -3.1274234e+01   6.1471477e+01
   6.7541604e+01  -1.0297834e+01
  -8.1477678e+00   3.7701785e+01
  -1.9633900e+01   5.1602794e+01
   8.4087028e+01  -3.1588942e+01
  -4.2505489e+01   8.7234488e+01
  -7.2056208e+01  -2.6139514e+01
  -4.4569359e+01   3.0502712e+01
  -3.4202567e+01   3.0584681e+01
   5.8967875e+01  -1.6722931e+00
  -2.9983589e+01   1.6663957e+01
  -9.4630219e+01   9.5861918e+01
  -5.4143677e+01  -2.4659614e+01
  -3.4660793e+01  -2.7305236e+00
  -1.2582126e+01   6.2319118e+01
  -6.3264005e+01  -5.2466477e+00
  -7.0945544e+01   8.9974544e+00
  -8.1096716e+01  -5.9217761e+00
  -2.7906738e+01  -1.8819984e+01
   4.8459080e+01  -4.6235463e+01
  -8.9437966e+01  -1.2831302e+01
  -4.2713700e+01  -2.6100441e+01
   6.4662106e+01  -3.4401304e+01
  -8.9209067e+01   7.1171655e+01
  -6.1552215e+01   9.1483877e+01
   6.4397681e+01  -7.5898527e+01
  -9.4546175e+01  -2.1469217e+01
  -7.4423757e+01   7.6803600e+01
   4.7446452e+01  -8.8955354e+01
   2.2958339e+01  -8.9953092e+01
   4.1904258e+01  -3.8407201e+01
   3.3190072e+01  -2.1713166e+01
  -7.9835362e+01  -3.2423205e+01
  -5.1816024e+01   7.5056106e+00
   7.0758143e+01  -6.8182019e+01
   4.1413801e+01  -1.6080211e+01
   2.8591941e+01  -9.8215205e+01
   3.8470716e+01  -9.6662851e+01
   2.2616133e+01  -3.6026515e+01
   4.6182636e+01   2.4373461e+00
   2.0106448e+01   3.1930085e+00
   1.6508300e+01  -5.7541334e+01
   2.5232226e+01  -5.2228447e+01
  -5.9175463e+01   1.4274699e+01
   4.1004447e+00  -6.9294174e+00
  -5.4422592e+00  -1.4025118e+01
   8.1736711e+00   2.2034163e+00
  -9.9488254e+01   7.3080800e+01
   1.4123063e+01  -1.6000679e+01
   4.9199981e+01  -2.2825090e+01
   5.0937614e+01  -6.0779414e+01
  -5.7336589e+01   3.3982118e+01
  -1.6721754e+01  -2.6626508e+01
  -2.2787802e+01  -5.7754275e+01
  -2.8975514e+01  -3.8673006e+01
   3.9362905e+01  -6.3288726e+01
   4.5969525e+01  -7.0795436e+01
   9.6658242e+01  -4.0331166e+01
   8.3577857e+01  -5.5403782e+01
   7.3309444e+01  -5.8469360e+01
   1.5621267e+01  -9.6747742e+01
   2.1903479e+01  -6.7649058e+01
   9.0861614e+01  -6.7305025e+01
   6.8255176e+01  -8.9330518e+01
   6.5931704e+00  -5.9069145e+01
  -2.0986839e+01  -7.3717558e+01
  -3.5392233e+00  -9.6109073e+01
  -2.4398050e+01   6.9600777e+01
   8.1294587e+01  -6.0113650e+00
   6.7421411e+01  -1.9884058e+01
  -5.0591643e+01   6.4665895e+01
  -4.7656817e+01   7.4208383e+01
  -4.2522298e+01   6.1576331e+01
  -3.6287465e+01   6.8669345e+01
  -9.4737047e+00   2.8354395e+01
