  -8.7348370e+01   2.8503213e+01
  -5.0385473e+01   6.3198461e+01
  -1.7494037e+01  -3.9041131e+01
  -6.3199731e+01   2.6767863e+01
   6.7191626e+01  -2.5773533e+01
  -1.5759151e+01   6.4937801e+01
   3.3245382e+01   7.0772416e+01
   4.8008661e+01   4.4155074e+01
  -2.0340668e+01  -5.8134837e+01
  -7.8221887e+00   7.0865738e+01
   8.7129206e+00   3.3034982e+01
  -2.2994645e+00   6.2630939e+01
  -2.4290272e+01  -1.0814697e-01
  -3.6635866e+01  -2.1789985e+01
   7.0309294e+00   5.9086347e+01
  -4.5003827e+01  -1.4552507e+01
   2.5817535e+01  -3.5589983e+01
   7.0594328e+01  -9.5330782e+01
   3.4935131e+01   1.9903660e+00
   6.1877386e+00   2.1046452e+00
  -3.1475388e+01  -5.1232720e+01
   9.4909222e+01  -8.1647760e+01
   6.3527214e+01   1.7506723e+00
   1.3534906e+01  -6.0956379e+01
  -4.2581332e+01  -5.0073177e+00
   8.8591923e+01   1.4890160e+01
   1.8280113e+01   3.1246057e+01
   6.4872507e+01   1.2164865e+01
  -1.9078529e+01   3.9455519e+01
  -6.7528665e+01  -7.1421456e+01
  -6.3056205e+01   7.4117487e+00
  -7.2441957e+01   5.2017525e+01
  -1.9352999e+01   8.4798292e+01
   9.6648708e+01  -9.8885913e+01
   4.4151380e+00   7.9312918e+01
  -7.6029840e+01   8.4323611e+01
   7.5137107e+01  -6.2011388e+01
   8.4043761e+01  -6.5701114e+01
   4.7644199e+01   1.7919277e+01
   1.1350400e+01  -1.0557731e+01
   2.3767058e+01  -5.7619506e+01
  -7.8680016e+00  -7.3197955e+01
   2.1737726e+01  -6.7280900e+01
   2.2945262e+00  -8.6174235e+01
   3.3350582e+01   3.0881484e+01
   6.4421301e+01  -1.3235958e+01
  -4.5669635e+01   4.7808031e+01
  -5.4694495e+01  -5.6391915e+01
  -3.8833578e+01   1.8787034e+01
   4.5036913e+01  -9.6824937e+00
  -9.4959498e+00   3.7608248e+01
  -2.7009680e+01   4.5269996e+01
  -1.6515381e+01  -1.1579556e+01
  -5.9774505e+01  -2.5442407e+01
  -8.0572413e+01   3.5777950e+01
  -8.6780181e+01   1.0537565e+01
  -9.2379048e+01   9.7707072e+01
   2.3371208e+01  -2.5974174e+01
   4.7415636e+01  -9.7048454e+01
  -7.9196210e+01  -2.7809946e+01
   5.5236497e+01  -3.0929685e+01
   4.9281941e+01  -5.6132865e+01
  -7.4932818e+00  -8.4245262e+00
   1.6631454e+01  -3.9271880e+01
  -4.6522957e+01   2.4943722e+01
  -8.6667612e+01   5.3101118e+01
  -2.9327650e+01   8.3234697e+00
  -1.8060222e+01  -8.6899613e+01
   6.8566979e+01  -5.1325757e+01
   8.8216912e+01  -4.9808101e+01
   3.1347392e+01  -8.6870651e+01
  -4.7389883e+01   1.4549191e+01
  -5.2182728e+01  -5.6098429e+00
  -3.4096693e+01  -9.8371239e+01
  -7.3137366e+01  -7.9667550e+01
   9.7979344e+01  -5.1936912e+01
  -7.7053671e+00  -8.6128036e+01
  -1.1938245e+01  -6.3979664e+01
   8.3007442e+01  -1.5632249e+00
   7.8869836e+01   1.8087646e+01
   2.6749932e+01  -9.5634302e+01
   3.1399786e+01   5.4187643e+01
   9.0153955e+01  -8.5556020e+00
  -3.2902277e+01   2.6720715e+01
   7.7691363e+00   1.4573274e+01
  -3.3616737e+01   7.1970580e+01
   1.4697559e+01   4.0905620e+01
  -7.0615299e+01   4.2387816e+01
   8.3077430e+01  -1.5616177e+01
  -4.9662190e+01   8.4648014e+01
   4.3986129e+01  -2.9016758e+01
  -3.3593840e+01   6.1085637e+01
  -8.5061836e+00   4.7178364e+01
  -7.2380844e+01   2.2807767e+01
  -4.7210838e+01   9.4323135e+01
  -2.2651483e+01  -1.9148496e+01
  -5.2738630e+01  -3.2289681e+01
  -4.3264840e+01  -2.9281186e+01
  -8.1271776e+01  -1.5569237e+01
   2.4254582e+01   8.9626909e+01
   5.0214769e+00   6.9349176e+01
  -5.5306874e+01   4.4120594e+01
  -8.0060712e+01   4.5674511e+01
   1.1741783e+00   9.7329148e+01
  -5.9932257e+01  -4.4678862e+01
   6.4035585e+01  -7.8126996e+01
   5.0176102e+01   3.2548012e+01
   2.5654242e+01   2.4724832e+01
   2.1262890e+01  -9.6750686e+00
   4.8269590e+01  -2.0044799e+01
  -2.8280247e+01   8.9179135e+01
   4.0229412e+01   1.1249168e+01
  -8.3470211e+01  -6.2255910e+01
  -8.5044929e+01   7.9598599e+01
  -9.0650064e+01  -4.4473764e+01
   8.4630097e+01  -3.3712495e+01
   1.9637055e+01  -7.6967672e+01
   4.6194831e+01  -6.7468264e+01
   7.3128245e+00  -4.2576891e+01
  -8.6138652e+00  -3.2456547e+01
  -3.5152833e+00  -1.7317941e+01
  -5.3700232e+01  -7.5136247e+01
  -3.7413510e+01  -8.0839492e+01
  -3.8276239e+01  -5.8375171e+01
  -8.6368128e+01   8.9478408e+01
   7.5288945e+01  -4.3840978e+01
   7.8897063e+01  -5.3001286e+01
  -1.6922712e+01  -7.7099341e+01
  -5.8522509e+01  -8.9176845e+01
   1.6825519e+00  -7.5715012e+01
   5.6107014e+01  -9.2300505e+01
   1.5823338e+01  -9.4489028e+01
  -3.5485783e+00  -9.5323242e+01
   9.0485571e+01   5.0610195e+00
   8.9993570e+01   3.4560829e+01
   8.1056237e+01   8.3466592e+00
   4.5983279e-01   4.2965243e+01
  -1.8041131e+01   4.9443329e+01
   2.4115080e+01   6.0932635e+01
  -4.9098079e+00   2.4654528e+01
  -4.0240881e+01   3.2504715e+01
   4.7210918e+00   2.3964622e+01
  -6.1856542e+01  -6.3275860e+01
  -2.8098555e+01   3.5363310e+01
  -1.9002420e+01   7.4343293e+01
   2.8397858e+01   3.9533775e+01
   5.9352319e+01   2.0854563e+01
  -3.9286455e+01   8.7855237e+00
  -3.8709258e+01   8.0522460e+01
  -8.1025706e+00  -4.2422504e+01
  -5.6666091e+01   7.7462665e+01
   8.9853654e+01  -9.1557032e+01
  -6.5709393e+01  -1.7678306e+01
  -6.2252601e+01   3.7014650e+01
  -5.4318250e+01   3.1036924e+01
  -7.1186655e+01   3.2585495e+01
  -3.4808252e+01   5.1242877e+01
  -1.3800538e+01   2.8896888e+01
  -1.0326747e+01   5.6782773e+01
  -9.5918664e+01   6.5515806e+00
  -1.2820099e+01  -2.0864714e+01
  -9.7582895e+01  -2.5028422e+01
  -6.9310674e+01  -2.7947148e+01
  -3.5553579e+01  -1.1898621e+01
  -3.6154685e+01   4.1437866e+01
  -2.8179957e+01  -2.7123937e+01
  -5.0395637e+01  -2.2652268e+01
  -4.7692388e+01   3.8276367e+01
  -5.5342505e+01   2.0613084e+01
   1.5808723e+01   8.4324858e+01
  -9.1466642e+01   1.9330151e+01
  -5.6190948e+01  -1.4637015e+01
   1.6131948e+01   5.4971971e+01
   1.5015911e+01   6.4887334e+01
   4.2134600e+01  -5.0245212e+01
   2.8303412e+01  -1.6591170e+01
   4.5892711e+01  -3.8984530e+01
  -7.1621431e+01  -6.0899055e+01
   6.4105530e+01   4.7280516e+01
  -9.4663399e+01   4.7128674e+01
  -6.9834926e+01  -4.5315535e+01
   4.1209551e+01   3.6890988e+01
   1.4118153e+01  -2.9635436e+01
  -2.6161492e+00   8.6407382e+01
   2.3250373e+01   7.1072391e+01
   3.3160879e+01  -2.5114951e+01
  -6.2836814e+01   5.0222854e+01
   7.3281441e+01  -1.7585753e+01
   5.8178757e+01  -2.1333794e+01
   7.3235995e+01  -3.4165953e+01
   5.4319106e+01  -1.9817857e+00
  -8.3940730e+01   6.7741781e+01
  -8.7131113e+01  -4.6509183e+00
  -9.3831151e+01   6.7063425e+01
   7.5274301e+01  -7.8645885e+00
  -5.3578660e+01   5.3874549e+01
  -5.6395549e-01   5.2856870e+01
   7.3466380e+01   1.9194165e+00
  -7.4976338e+01  -3.6818597e+01
  -6.2835783e+01   9.8804362e+01
  -4.2697694e+01   5.7099786e+01
  -8.9654573e+01  -5.4416391e+01
   7.8637346e+01  -2.5841485e+01
   9.9596685e+00  -7.0206259e+01
   4.2209908e+01   2.6298142e+01
   3.0306208e+01   1.0745383e+01
   3.4471426e+01   1.9829342e+01
   9.5540738e+01  -3.1446787e+01
  -1.4458363e+01  -1.1058234e+00
  -2.6083373e+01  -9.7986410e+00
   6.9095525e+01  -6.9852915e+01
   5.6605983e+01  -6.1559087e+01
   5.8440920e+01  -5.1857092e+01
   5.4533703e+01  -7.9248551e+01
   1.5315611e+01   8.2405655e+00
   2.1292813e+01  -4.8036959e+01
  -1.3129371e+01  -5.0954447e+01
  -4.7062083e+00   8.3295375e-01
   1.5474231e+01  -1.5867198e+00
   2.2023942e+00  -7.0149096e+00
   2.1647975e+01  -8.6609786e+01
   2.8853333e+01  -7.4200204e+01
   3.8427674e+01  -8.0433777e+01
  -7.2753070e+01   9.8747394e+01
  -2.2248269e+01  -4.8347374e+01
  -6.0765155e+01  -1.5825202e+00
  -5.4978844e+01   9.4849082e+00
  -1.5018371e+00  -6.5594479e+01
  -5.3838512e+00  -5.6522133e+01
  -1.3500831e+01  -9.5740031e+01
  -8.2612939e+01   9.9440931e+01
  -4.7630049e+01   3.3896981e+00
  -9.0828368e+01   3.7897215e+01
  -2.9301125e+01  -6.2680454e+01
   9.6733233e+01  -7.1815518e+01
   9.1303570e+01  -5.9230003e+01
   1.1903802e+01  -5.1202055e+01
  -6.4493146e+01   1.6961538e+01
  -9.4809069e+01  -3.4639421e+01
  -3.1131446e+01  -8.8742692e+01
  -4.0989287e+01  -9.0285165e+01
  -5.0051544e+01  -9.4464440e+01
  -6.2431911e+01  -7.9993596e+01
  -2.0992959e+01  -6.8087764e+01
  -4.9725638e+01  -8.4304481e+01
  -4.1089049e+01  -6.7882279e+01
   3.6590677e+01  -9.5860802e+01
   9.7634526e+01  -1.9209108e+00
   9.6124542e+01   2.5241896e+01
   8.6133051e+01   2.4949292e+01
   9.8572859e+01   1.1605927e+01
   2.3411814e+01   4.8165445e+01
   6.0612542e+01   3.0766168e+01
   5.4637285e+01  -1.1961254e+01
   6.9345482e+01   2.1107671e+01
   3.6508749e+01   4.5663146e+01
  -5.0808220e+01  -6.5581755e+01
  -6.4299135e+01  -5.3618904e+01
   6.2494160e+00  -9.6978285e+01
   8.4862096e+00   4.8694247e+01
  -2.9199879e+01   1.7966387e+01
  -3.4217720e+01  -1.3697141e-01
  -2.7548772e+01   7.9400437e+01
  -2.5391636e+01   6.6650248e+01
  -1.0511026e+01   8.0382252e+01
  -8.7852256e+01  -2.3009468e+01
   8.0515298e+01  -9.5043239e+01
  -6.7756236e+01  -8.1396869e+00
  -9.3663118e+01  -1.4903525e+01
   4.2325251e+01  -8.8652796e+01
  -6.2316492e+01  -3.5047276e+01
  -2.4717712e+01   5.6710773e+01
  -7.7046149e+01   1.2192723e+01
  -3.8073541e+01   9.0461343e+01
   5.7132937e+01   4.0124251e+01
   3.8701077e+01  -1.7134026e+01
   3.5676296e+01  -3.4315103e+01
   2.7557817e+01   8.0157562e+01
  -1.1525243e+01   9.0883543e+01
  -2.7371965e+01  -4.0146645e+01
  -3.4891411e+01  -3.4100726e+01
  -1.8418835e+01  -2.9108725e+01
  -6.6302841e+01   7.9970406e+01
   1.5419322e+01   9.4312571e+01
   5.5242923e+01  -4.2443668e+01
   1.6663992e+01  -1.8801695e+01
   3.7790616e+01   6.1867277e+01
   4.3710901e+01   5.3162080e+01
  -7.7374290e+01  -6.4831603e+00
  -2.3222586e+01   2.6491860e+01
   2.5370681e+01  -6.0103940e-01
  -4.7044994e+01   7.5057232e+01
  -7.6592450e+01   7.4404333e+01
   6.3807519e+01  -3.7358356e+01
  -7.6853973e+01  -5.2383268e+01
  -9.6205344e+01   8.6813262e+01
  -6.7729770e+01   8.9864061e+01
   4.4644356e+01   2.0410072e-01
   1.3447314e+01   7.4674808e+01
   5.5760104e+01   8.0378719e+00
  -7.8888204e+01   5.9312974e+01
  -9.8819746e+01  -5.0428769e+01
  -8.4948117e+01  -3.6265380e+01
  -4.1597799e+01   6.6856654e+01
  -7.7427922e+01  -7.0202415e+01
   6.9872593e+00   8.8978100e+01
  -9.5696650e+01   5.7294024e+01
  -9.2875176e+01  -6.5653302e+01
   1.4334801e+01   2.2069461e+01
   9.3665217e+01  -2.1662728e+01
   9.1765540e+01  -4.0616881e+01
   9.9006212e+01  -1.3204699e+01
  -6.9796026e-01   9.6879846e+00
  -8.0509637e+01   2.8520882e+00
   2.1798524e+01   1.5657760e+01
  -9.7355131e+01   2.7279017e+01
   1.0445508e+01  -8.0283219e+01
   8.5923775e-01  -3.5311273e+01
   1.7207253e+00  -2.5555685e+01
   6.4314468e+01  -8.7828007e+01
   3.1192688e+01  -6.4214413e+01
   6.5758742e+01  -6.0688271e+01
  -8.1812219e+01   1.9827616e+01
  -9.7017102e+01  -3.3816037e+00
  -8.7280853e-01   3.3288525e+01
   3.2626074e+01  -5.3207072e+01
   4.0070949e+01  -5.9902218e+01
   3.5326832e+01  -4.3745851e+01
   4.2694573e+00  -5.7442228e+01
  -9.4653984e+01   7.6969916e+01
  -2.3523422e+01  -9.5217662e+01
   5.5081307e+01  -7.0532231e+01
  -2.4415912e+01   9.8270939e+01
   3.7848338e+01  -7.1325643e+01
  -7.1064970e+01   6.2150699e+00
   5.0306857e+01  -8.6357151e+01
