   3.2383799e+01   5.4426534e+01
   4.1026258e+01   1.2657677e+01
   9.3967115e+00   8.0598924e+01
  -3.6129062e+01  -8.7847391e+01
  -6.0251982e+01   2.6906396e+01
  -7.7101368e+01  -3.7464687e+00
   2.7830075e+01  -6.7987273e+01
  -5.6734040e+01  -2.3904909e+00
   6.3559168e+00  -6.9505184e+01
  -4.2794624e+01  -7.1185745e+01
  -5.5684314e+01  -2.1240133e+01
  -3.1708756e-01   7.2584923e+01
   6.0016644e+01  -3.2817479e+01
   3.4546387e+01  -3.7586112e+01
  -7.4361694e+01   2.8887025e+01
  -5.1119250e+00  -6.5552807e+01
  -1.8491692e+01  -9.1597759e+01
   3.0826957e+00  -3.9880544e+01
   1.6142811e+01  -5.2546221e+01
  -2.1724094e+01   6.6616438e+01
   2.5069746e+01   8.6647837e+01
   1.3003617e+01   6.0839722e+01
  -4.9909952e+00   5.3476575e+01
   1.3361699e+01   3.1225609e+01
   6.3249293e-01  -1.8076486e+01
   5.1242208e+01  -3.3377388e+01
  -4.2537015e+01  -8.0942044e+01
   1.0466840e+01  -3.3350109e+01
  -7.1605880e+01   1.1939795e+01
   6.8117490e+00  -7.9401054e+01
  -9.1804406e+01  -1.3115536e+01
  -2.4437203e+01  -6.8966973e+01
  -3.0775807e+00   9.5381872e+01
  -1.2212700e+01   6.9617722e+01
  -8.7979255e+01  -4.3663320e+01
   2.9495551e+01   6.4327631e+01
   1.0078238e+01   7.0622824e+01
   8.6139274e+01  -3.1294073e+00
   5.5114409e+01   5.3281684e+01
   3.4995881e+01   4.4714256e+01
   5.3764679e+01   1.8412140e+00
   5.7500141e+01  -5.1652543e+01
   2.9912516e+01  -5.2948898e+01
   5.0261935e+01  -2.5027283e+01
  -1.4544266e+01  -6.8449942e+01
  -8.4516919e+01   9.9971920e+00
  -9.0734012e+01  -2.4396024e+01
   1.3781083e+00  -2.9821910e+01
  -6.3204439e+01   1.7356472e+01
  -7.7772171e-01  -9.5621451e+01
   1.3643864e+01  -4.3206445e+01
  -1.3141653e+01  -5.2569207e+01
  -2.0540927e+01   8.6763041e+01
  -2.5666454e-01   8.3047011e+01
   2.1948152e+01  -7.5631406e+01
  -1.0000540e+01  -8.7494671e+01
   7.6520671e-01  -5.7698351e+01
  -1.8816639e+00  -7.4885053e+01
   4.4498539e+01  -3.6129844e+00
   3.6787119e+01   8.9166006e+01
  -9.4308488e+00   7.9180296e+01
   5.8698457e+00   9.0928511e+01
   7.0884702e+01   6.6634502e+00
   1.9803176e+01   6.8294088e+01
  -2.3916834e+01   5.6871154e+01
   2.8097271e+01   7.4213203e+01
   8.3831965e+01  -1.2859573e+01
  -6.2012198e+01  -2.8972395e+01
   2.4056707e+01   4.9203355e+01
   5.7854630e+01   6.2898918e+01
  -4.4591617e+01   3.8676514e+01
   5.0743222e+01   1.0928021e+01
  -8.6977471e+01   3.4164834e+01
   7.2931199e+01  -4.6100710e+01
   4.6878136e+01  -4.8006608e+01
   3.3590719e+01  -7.6024028e+01
   2.6318635e+01  -4.3723817e+01
   4.1278262e+01  -3.0409459e+01
   4.3840531e+01  -1.8295002e+01
   2.2833631e+01  -5.9629222e+01
  -5.9149517e+01  -8.7630443e+01
  -2.0873100e+01  -7.9495472e+01
  -9.2741811e+01   4.9243915e+01
   3.5624851e+01  -6.2113931e+01
   1.0517103e+01  -9.1404549e+01
  -1.0814166e+01   8.9063195e+01
   1.9600885e+01  -3.5942904e+01
   6.0623879e+00  -4.9384467e+01
  -1.2708023e+01  -9.9591421e+01
   1.5810757e+01  -8.3101887e+01
  -5.9952407e-01  -8.5680211e+01
   1.6116367e+01  -6.8046002e+01
   4.1767709e+01   7.0656306e+01
   3.6731273e+01   7.9207949e+01
   3.0842652e+01  -4.0518925e+00
   1.5406143e+01   9.3901671e+01
   3.9687603e+01   6.1005302e+01
   1.9149320e+01   7.8597335e+01
   1.4246412e+01   5.0556010e+01
  -9.9913291e+01   4.2274738e+01
  -9.6876447e+01   3.2747027e+01
   4.4866740e+01   2.3902910e+01
  -2.7293078e+01  -2.4801575e+01
  -3.6581155e+01   7.1327526e+01
   6.1394054e+01  -6.0261624e+01
  -1.6355519e+01  -4.3099726e+01
  -7.7799887e+01   3.8277357e+01
  -8.3047677e+01   4.6789703e+01
   5.4126803e+01   2.0140472e+01
   6.3046719e+01   7.1445391e+01
  -3.4599754e+01   3.9079838e+01
  -6.6330043e+01   3.4844590e+01
   6.1114921e+01   8.2736413e+00
  -8.6283565e+01  -3.3808137e+01
  -7.1315946e+01  -2.5309680e+01
  -9.3632917e+00  -1.7786161e+01
  -6.1026744e+01  -1.2846043e+01
  -3.2220307e+01   5.1308157e+01
   9.6136665e+01  -2.9011072e+00
   1.3033542e+01   2.1230997e+01
   8.4751577e+01  -2.2817189e+01
   4.4892504e+01   4.3280146e+01
  -1.9146965e+01   7.6860693e+01
   3.7471222e+01   3.3792262e+00
  -7.9064823e+01   1.8598542e+01
  -6.2793971e+01   7.1970979e+00
   6.8039748e+01  -3.7640286e+01
   3.9105925e+01  -5.1835834e+01
   4.5213473e+01  -5.9720845e+01
  -4.3723159e+00   6.3447154e+01
  -5.8560611e+00  -4.4221508e+01
   1.0216838e+01  -6.0358758e+01
  -5.2262056e+01  -8.0518431e+01
  -8.7334358e+01  -4.1704791e+00
   4.2863294e+01  -7.9614493e+01
  -6.7276753e+01  -5.1421002e+00
  -5.2691600e+01  -9.5259077e+01
  -2.7839583e+01  -9.2252589e+01
   3.7774429e+01  -1.0939910e+01
   5.3654288e+01  -1.6503668e+01
   5.3630371e+01  -7.4185270e+00
  -1.1171525e+01  -7.7744447e+01
   2.5620688e+01   3.9390048e+01
  -8.1565008e+01  -2.1265046e+01
  -3.9896325e+01  -9.6978669e+01
   2.7166248e+01  -8.3798993e+01
   6.0466589e+01  -2.3241461e+01
   2.7466951e+01  -3.1353775e+01
   4.5531717e+01  -3.9072707e+01
   5.4523139e+01  -4.2919493e+01
