   3.0895726e+01   5.4407620e+01
   7.8850445e+01  -3.9534139e+01
   4.1701099e+01   9.1466278e+00
   9.0097720e+00   8.0281208e+01
  -3.7142904e+01  -8.9381529e+01
  -6.0318979e+01   2.6863855e+01
  -7.3773980e+01  -5.5561903e+00
   2.1771048e+01  -8.8825592e+01
   2.7927400e+01  -1.6878055e+01
   1.6995444e+01  -1.7450003e+01
   2.9048962e+01  -6.6667070e+01
  -5.7082010e+01  -2.2669942e+00
   7.1375552e+00  -6.9242465e+01
  -4.2751034e+01  -7.2020832e+01
  -5.5811280e+01  -2.1132876e+01
  -3.6253782e-01   7.2134756e+01
  -3.6094146e+01   9.3724339e+01
   1.1267685e+01   1.2581619e+01
   5.0433714e+01   7.4952708e+01
   5.8869380e+01  -2.9387332e+01
   4.3372010e+01  -5.2968520e+01
   3.1977086e+01  -3.5518858e+01
  -9.8015588e+01   2.2809970e+01
  -7.4303267e+01   2.8987998e+01
  -3.6944100e+00  -6.4373960e+01
  -2.1104945e+01  -9.1476078e+01
   1.4495842e+00  -4.0503860e+01
   1.4019785e+01  -5.5156013e+01
  -2.0015852e+01   6.8126095e+01
   2.4900186e+01   8.6425819e+01
   6.9449486e+01  -1.3181460e+01
   6.5726160e+01  -2.2436889e+01
   1.2760298e+01   6.0876599e+01
  -5.7288110e+00   5.9139475e+01
   1.3845049e+01   3.1133558e+01
   6.1476970e-01  -1.8065696e+01
   3.6676331e+01  -2.3339349e+01
   5.0712732e+01  -3.4842072e+01
  -4.5356295e+01  -8.3696935e+01
  -6.8189391e+01   2.0902675e+01
   1.0269639e+01  -3.5804680e+01
  -7.4219642e+01   1.3130699e+01
  -9.4214961e+01  -2.7553368e+01
  -7.6393422e+01   3.7140870e+00
   5.8804110e+00  -7.9191739e+01
  -9.0528270e+01  -1.0256170e+01
   5.0738181e+01  -5.9693837e+01
  -2.2800593e+01  -6.9074962e+01
  -3.2541719e+00   9.4905331e+01
  -9.6115468e+00   6.8333911e+01
  -8.7971106e+01  -4.3613524e+01
   2.2122445e+01   1.0329033e+01
   2.9095666e+01   6.4547988e+01
   9.8050553e+00   7.0381452e+01
   8.6124455e+01  -3.7377397e+00
   8.5305533e+01  -3.2190187e+01
  -4.0847560e+01   5.6225918e+01
   5.5115370e+01   5.3285054e+01
   3.4781282e+01   4.5480272e+01
   5.2765755e+01  -2.8946275e+00
  -4.3596883e-01   2.9024660e+01
   5.9526663e+01  -3.9443011e+01
   3.8830524e+01  -4.2726651e+01
   5.7430238e+01  -4.9211981e+01
   3.3532497e+01  -5.1498163e+01
   4.9628166e+01  -2.4943831e+01
  -6.0936041e+01  -8.0304604e+01
  -2.8391112e+01  -8.4622515e+01
  -1.2759566e+01  -7.2515449e+01
  -7.9934570e+01   2.1064511e+01
  -6.9700042e+01   4.4095079e+01
  -8.4256466e+01   9.6765602e+00
  -2.1265546e+01  -1.6822298e+01
  -5.4705781e+01   9.5461439e+00
  -8.7132506e+01  -2.0465048e+01
  -8.0824967e+01  -1.2719144e+01
  -6.6428222e+01   1.2885770e+00
   1.6554161e+00  -3.0132138e+01
  -6.4520950e+01   1.1103000e+01
  -8.1776316e-01  -9.5052061e+01
  -3.2397438e+00  -5.3847329e+01
  -8.3581664e+01  -3.1287381e+00
   1.4713258e+01  -4.5203332e+01
  -5.1652070e+01   2.2042417e+01
  -1.3151044e+01  -5.2698277e+01
  -2.0185778e+01   8.5466653e+01
  -4.0130881e-01   8.2326637e+01
   2.4639421e+01  -7.6587516e+01
  -1.1742154e+01  -8.7966268e+01
   5.0171932e+00  -5.9481275e+01
  -3.1984251e+00  -7.5172171e+01
   4.3999011e+01  -6.9002623e+00
   2.4408494e+01   7.8552136e-01
  -4.4670543e+01   6.5459719e+01
   4.7350768e+01   3.3721706e+01
   3.6783984e+01   8.8821381e+01
  -8.7153564e+00   7.8429994e+01
   5.4368618e+00   9.0009347e+01
   6.8524657e+01   6.5046439e+00
   1.9557227e+01   6.8235500e+01
  -2.3569153e+01   3.0303895e+01
  -2.3376404e+01   5.6641769e+01
   2.7619170e+01   7.4412035e+01
   8.4051371e+01  -1.3154584e+01
  -6.2128109e+01  -2.8868510e+01
  -3.0381993e+00   4.9356779e+01
   6.1679012e+00   5.3218441e+01
   2.1813792e+01   5.7586986e+01
   2.4826755e+01   4.5762569e+01
   5.7855390e+01   6.2898380e+01
  -4.4537697e+01   3.8696509e+01
   5.0875013e+01   1.0073471e+01
   1.3894345e+01   3.3028148e+00
  -2.9043706e+01   6.4826119e+01
  -8.7004238e+01   3.4160951e+01
   2.7404715e+01  -2.6760660e+01
   6.9201462e+01  -4.1653957e+01
   5.7315407e+01  -1.7606296e+01
   4.8635284e+01  -4.4524388e+01
   3.4594808e+01  -7.7282606e+01
   2.6971663e+01  -4.4114736e+01
   4.1280626e+01  -3.2045671e+01
   4.7869721e+01  -1.5337380e+01
  -5.2003307e+01  -7.5811909e+01
   2.3479862e+01  -5.8366659e+01
  -5.4913893e+01  -8.8487888e+01
  -3.1635696e+01  -9.7723718e+01
   7.0860032e+01  -3.1819641e+01
  -2.0024095e+01  -7.9265907e+01
  -1.3582891e+01  -6.2627937e+01
  -8.9299677e+01   1.8190829e+01
  -9.6866578e+01  -1.7945291e+01
  -9.1559310e+01   2.8781783e+00
  -9.2703129e+01   4.9194788e+01
   3.7114228e+01  -6.0764589e+01
   4.1243927e+01  -6.9832160e+01
   1.0980784e+01  -9.0503784e+01
   2.9965284e+01   2.4602011e+01
  -1.0801704e+01   8.8447356e+01
  -7.1039657e+01  -1.4855528e+01
   1.7560605e+01  -2.7385838e+01
   2.0197687e+01  -3.6917155e+01
   5.7443951e+00  -4.9523218e+01
  -1.3717663e+01  -9.8216090e+01
   3.7166623e+01  -1.3574969e+01
   1.5667197e+01  -8.0929981e+01
  -2.1515148e+00  -8.5142125e+01
   2.2071261e+01  -8.8708330e+00
  -2.9905803e+01   8.5973829e+01
   1.7104342e+01  -7.0017891e+01
   7.5244634e+01  -2.2902173e+01
   3.7759557e+01   3.0865767e+01
   4.1431875e+01   7.0147539e+01
   3.6549958e+01   7.8840316e+01
   3.2698721e+01  -3.9985448e+00
   1.4607000e+01   9.3621975e+01
   3.8422733e+01   6.0701853e+01
  -1.3926043e+01   5.3740996e+01
   1.8666107e+01   7.8649255e+01
   9.4284428e+01  -2.4428001e+01
   6.1752688e+01  -6.9122166e+00
   7.0986132e+01  -3.1778050e+00
   3.2647930e+00   6.2888459e+01
   1.6729504e+01   4.0167546e+01
   4.8508335e+00   4.3111940e+01
   1.5532773e+01   4.9870848e+01
  -9.9857137e+01   4.2229059e+01
  -9.6890012e+01   3.2705410e+01
  -3.9682274e+01  -2.7829788e+01
  -3.3922770e+00  -8.9346104e+00
  -5.9233076e+01   4.1548882e+01
  -5.3088409e+01   3.3662579e+01
   3.0728566e+00   1.9660641e+01
   4.4912634e+01   2.3894045e+01
  -2.7293078e+01  -2.4801575e+01
   4.2399595e+00   7.2959309e-01
  -2.4738088e+01   4.0235015e+01
  -4.6998636e+01   4.8359363e+01
  -3.6550882e+01   7.1280389e+01
  -2.2901118e+01  -5.9020758e+01
   6.0713502e+01  -5.8640961e+01
  -1.6305588e+01  -4.3248683e+01
  -7.7813458e+01   3.8253760e+01
  -8.3050737e+01   4.6698572e+01
   5.3782760e+01   1.9338142e+01
  -4.1695496e+01   2.1928758e+01
  -4.8068424e+01   2.1018011e+00
   6.3044998e+01   7.1442558e+01
  -4.3215390e+01  -6.2031996e+01
  -3.4621416e+01   3.9084452e+01
  -6.6374852e+01   3.4719264e+01
   5.8866407e+01   4.8043536e+00
  -8.6421771e+01  -3.3764098e+01
  -7.1145162e+01  -2.4666384e+01
  -9.3501457e+00  -1.7786535e+01
  -6.1303382e+01  -1.2795523e+01
  -3.1943411e+01   5.1583622e+01
   9.6010940e+01  -2.9079755e+00
   1.2907782e+01   2.1831175e+01
   8.4767330e+01  -2.2600268e+01
   4.4405578e+01   4.3343882e+01
  -1.7688770e+01   7.6775593e+01
   4.0134425e+01   9.4818814e-01
