   2.9340058e+01  -9.3404108e+00
  -2.0103104e+01  -2.4854896e+01
   3.3655919e+00  -2.2912871e+01
   3.4933378e+01   5.3577728e+01
   5.7936585e+01  -3.3183507e+01
  -6.0758979e+00  -3.8898062e+01
  -4.2041074e+00  -5.8372734e+01
  -2.7592381e+01   5.8412644e+00
  -1.2072040e+01  -7.8172647e+00
   1.2336525e+01   4.0217373e+01
   3.8474721e+01   6.7167284e+00
   9.8739995e+00  -4.2054297e+01
  -3.5275947e+01  -1.1575832e+01
  -6.7788356e+01  -3.2016384e+01
   5.1256369e+01   4.3244281e+01
   5.6695125e+01  -1.2886320e+01
   2.5176832e+01   5.1384679e+01
   3.6786783e+01   3.5276936e+01
   2.6682433e+01  -4.1476481e+01
  -1.3957867e+01  -3.2743851e+01
  -5.1840172e+01  -5.3106090e+00
  -3.3385104e+01   1.3992603e+01
   1.8464056e+01  -4.7173683e+01
   7.6257925e+01   1.2872892e+01
   3.3160563e+01   2.5957589e+01
   3.7088109e+01   1.6670560e+01
   2.4075889e+01   2.1778138e+01
   3.9731773e+01  -3.3373035e+00
  -2.3871773e+01   5.2101101e+01
   9.3192809e+00  -9.4704963e+00
   6.6400552e+01  -1.2921263e+00
   1.4225793e+01   6.8928239e+01
  -4.5920242e+01   3.9035058e+01
   9.7546991e+00   1.0669809e+01
   2.9166406e+01  -3.1789905e+01
   2.7611297e+01  -6.4974140e+01
   2.2197723e+01  -1.6339335e+01
  -3.4733105e+01  -7.2062152e+01
   2.0843129e+01  -2.6247132e+01
  -5.2265916e+01   3.1306409e+01
  -5.9580579e+01   2.4375131e+01
  -6.4388978e+01  -4.2548881e+00
   3.0304604e+00  -3.4763153e+01
  -2.8234899e+01  -1.9034827e+01
   1.8674569e+01  -6.9635260e+01
   5.3013603e+01   2.3542998e+01
  -3.2685063e+01  -3.4117151e+01
  -3.0030723e+01  -4.4042581e+01
  -6.0300195e+00   3.6831821e+01
   1.8974843e+01  -6.8685649e+00
  -1.3574604e+01   6.4956870e+01
   5.4475747e+00   5.1600141e+01
   1.1158601e+01   3.5888835e-01
  -3.0594199e+01   3.3646381e+01
   4.1710894e+01   4.6224822e+01
  -1.4296033e+01   5.4982946e+01
   3.8841630e+01  -3.4317661e+01
   4.0198952e+01  -2.4410218e+01
   3.5920982e+01  -4.5303872e+01
   2.7506220e+01  -5.1444215e+01
   1.5566072e+01  -6.0130689e+01
   1.8092293e+01  -3.6357007e+01
   1.1248608e+01  -2.9065680e+01
  -1.3864682e+01  -5.5789834e+01
  -4.0139775e+01   2.3340451e+01
  -6.3466145e+01   1.1468656e+01
  -6.9495601e+01  -1.2852692e+01
  -5.7560801e+01   3.0509826e+00
  -4.3376637e+01   1.3323900e+01
  -4.1914121e+01  -4.0973542e+00
  -4.8523409e+00  -2.8610469e+01
  -1.2050572e-01  -7.7933848e+01
  -2.2184460e+01  -5.0241996e+01
  -2.7794421e+00  -1.5023827e+01
  -1.0997309e+01  -2.0721601e+01
   5.4163957e+00  -6.1101226e+01
   5.6891472e+01   1.4325532e+01
   2.5404371e+01   3.2269580e+01
   4.3078285e+01   2.4677821e+01
   1.2713595e+01   2.0221894e+01
  -3.7571917e+01  -6.2473558e+01
   3.7777466e+01  -1.4707843e+01
   3.0534368e+01   5.8791529e-01
   5.6669286e+01   3.4835940e+01
   4.7087873e+01  -1.0111334e+01
  -4.9671962e+01  -2.3583677e+01
   4.7012997e+01   1.2771281e+01
  -1.1779620e+01   2.8650169e+01
  -5.2876194e+00   7.3248403e+01
  -2.1982987e+01   7.0369722e+01
   1.4274238e-01   1.4202579e+01
   8.0138522e+01  -1.5758043e+01
   1.9929022e+00   4.3651323e+00
   3.3453239e+01   6.3467576e+01
   4.9124910e+01  -1.9901654e+01
  -2.1775610e+01   2.8931257e+01
  -3.7997941e+01  -2.1197731e+01
  -2.9005333e+01   4.3519347e+01
   2.2218551e+01   4.1748525e+01
   1.5308842e+01   4.9765356e+01
   2.0814165e+01   2.9608237e+00
   3.1954353e+01   4.4031779e+01
   5.0347643e+01   5.3202906e+01
   1.5667215e-01  -5.4647091e+00
   4.8216001e+01  -3.0836129e+01
   4.5523677e+01  -4.1757417e+01
   3.4744344e+01  -7.1982680e+01
  -2.4940626e+01  -7.0035496e+01
   3.0525623e+01  -2.1875177e+01
   1.2541191e+01  -1.8937226e+01
  -4.9981874e+01   2.1570787e+01
  -2.3952401e+01  -6.0084455e+01
  -6.8597633e+01   2.0051636e+01
  -1.9129143e+01  -1.4901995e+01
  -2.6060491e+01  -7.6941586e+00
  -6.7364581e+01   3.0652798e+01
  -7.1362410e+01  -2.2676893e+01
  -3.7620400e+01   4.9338500e+00
  -5.3493561e+01   1.2207762e+01
  -4.5443164e+01  -1.4521842e+01
  -1.5123795e+01  -4.3160547e+01
  -5.8293214e+01  -1.2949828e+01
  -1.3384599e+01  -6.5778268e+01
  -9.7413782e+00  -7.5090979e+01
  -8.8241468e-01  -4.7443681e+01
  -3.0140456e+01   2.3451519e+01
   3.4932480e+01  -5.8141212e+01
   6.5106705e+01   8.6238068e+00
   8.5440789e+00  -7.0599477e+01
  -1.7568196e+00  -6.8068639e+01
  -4.7617731e+01   4.1163119e+00
  -3.2125502e+01  -5.4086868e+01
   9.6723137e+00  -5.2052148e+01
  -2.3069619e+01  -3.6863499e+01
   2.9218388e+01   1.0500845e+01
   1.9506483e+01   1.2883224e+01
   4.7661192e+01   2.7659869e+00
  -3.7221351e+00   6.3245491e+01
   6.2498546e+01   2.6710698e+01
  -2.7356632e+01   6.1936225e+01
   4.6704541e+01   3.3997132e+01
  -5.8356240e+01  -3.8172788e+01
  -5.8555711e+01  -2.8174784e+01
   2.7306877e+00   3.1771345e+01
   2.3702761e+01   6.5687521e+01
   5.6518769e+01  -2.8252045e+00
   4.1807201e+00   6.9372878e+01
   7.3782910e+01  -8.0375427e+00
  -1.0838964e+01   4.5599559e+01
   6.6493660e+01  -1.4883477e+01
  -1.6975529e+01   3.7703854e+01
  -4.1547900e+01   4.8028517e+01
   6.7824906e+01   1.8247278e+01
  -4.2226324e+01  -3.0259039e+01
  -3.3655537e+01   5.4169394e+01
   1.2609812e+01   3.0221222e+01
   2.5046741e+00   4.2043034e+01
  -4.4121281e+00   5.3269325e+01
   1.1960732e+01   5.9188171e+01
   4.2795332e+01   5.9757489e+01
  -1.9229721e+01  -3.9114274e-01
  -3.1142037e+00   2.3657330e+01
  -7.4395635e+00   1.0447876e+00
