   5.3823791e+01  -1.1645442e+01
   6.1526573e+01  -4.0265342e+01
  -6.3691779e+01   4.5281708e+01
  -5.9011008e+01  -1.0307673e+01
  -7.6506357e+01   2.3775541e-01
  -8.2735124e+01   2.6405034e+01
   2.2320311e+01  -1.7799786e+01
   3.5311729e+01  -5.4334797e+01
  -5.9631828e+00   2.9508815e+01
  -6.9436998e+01   7.2809620e+00
   9.2219961e+01  -1.1571385e+01
   3.5712636e+01  -5.6685571e+00
  -7.0057327e+00  -4.6114873e+01
  -1.6192381e+00  -3.6502066e+01
   3.7355061e+01  -8.1170539e+01
   5.4421798e+01  -9.1473399e+01
  -5.2341593e+01   5.6986258e+01
  -1.1366113e+01   4.7860933e+01
  -6.7956054e+01  -3.8494494e+01
  -8.6355898e+01   9.0579313e+01
  -8.2394622e+01  -1.7744939e+01
  -1.7547076e+01  -9.2866812e+00
  -6.5323109e-02  -2.2986063e+01
  -2.0627984e+01  -3.6405602e+01
   1.6653376e+01  -7.7160558e+01
   4.5507329e+01  -8.6953236e+01
  -1.7970059e+01  -7.8153928e+01
  -2.7042167e+01   8.4998468e+01
  -5.2488019e+01   8.4220666e+01
  -2.8653162e+01   4.0537158e+01
  -3.4260853e+01   5.1655379e+01
  -6.5858785e+01  -2.8748444e+01
   7.9788765e+01  -1.3245143e+01
  -9.9666537e+01   2.0738750e+01
  -3.6405599e+01  -2.9905380e+00
   6.1268447e+01  -1.8314194e+01
  -3.5582275e+01  -1.3143734e+01
  -9.5799616e+01  -4.5961618e+01
  -8.6052107e+01   6.5553359e+01
  -8.1362217e+01   9.4186736e+00
  -4.5294913e+01   1.5843857e+01
  -6.0022899e+01   2.4156601e+01
   1.6841011e+01  -4.6857305e+01
  -8.5599665e+01   5.0380184e+01
  -9.3098418e+01   2.8365890e+01
  -9.5667674e+01  -3.1030905e+00
  -6.6950811e+01   1.6948203e+01
  -6.7164410e+00  -1.5535071e+01
  -6.6833372e+01   9.7909549e+01
  -9.5147465e+01   8.5815479e+01
  -9.8753974e+01   5.0115076e+01
  -2.2638019e+01  -5.5926014e+01
  -7.7998351e+01   4.3908779e+01
  -4.2945407e+01   3.9928639e+01
   6.6530507e+01  -4.8885123e+01
  -1.8677428e+00  -7.0056408e+01
  -1.9308526e+01  -6.5337417e+01
   1.3781157e+01  -9.6889627e+01
  -2.4043981e+01   6.6487008e+01
   6.9813343e+01  -1.2622947e+01
  -5.9773182e+00   3.9466126e+01
  -2.1338121e+01   4.7318610e+01
   8.9438184e+01  -3.0822766e+01
  -3.4624411e+01   9.1513713e+01
  -3.5492356e+01   3.3278140e+01
   5.7075385e+01   2.4093961e+00
  -3.5122509e+01   1.4186791e+01
  -5.0650783e+01  -2.7930274e+01
   3.7101811e+00   6.1703900e+01
  -2.2965958e+01  -2.6718443e+01
  -5.1000660e+01  -1.6267668e+01
   5.6395929e+01  -7.0961661e+01
  -7.8323935e+01   7.1889494e+01
   2.3746913e+01  -9.6231770e+01
   4.5271209e+01  -2.9043831e+01
   3.1876169e+01  -1.4951005e+01
  -8.6019870e+01  -4.3894916e+01
  -5.0660954e+01   7.0933932e+00
   5.9968985e+01  -6.1628964e+01
   3.9993761e+01  -2.0652956e+01
   1.5426516e+01  -2.6198065e+01
   5.0546088e+01   2.0666026e+01
   1.6044223e+01   1.3232010e+01
   2.5828240e+01  -5.1194427e+01
   7.7923862e+00  -4.6963847e+00
   2.9066441e+00   1.1722007e+01
   5.4063665e+01  -3.3672859e+01
  -6.1986544e+01   3.3945467e+01
  -2.8142680e+01  -4.2980552e+01
   3.6812600e+01  -7.1191426e+01
   9.6081173e+01  -4.5889985e+01
   6.9953902e+01  -5.8254644e+01
   2.2972166e+01  -6.9425609e+01
   8.1118833e+01  -9.6694431e+01
   1.0182214e+01  -5.4273116e+01
  -2.6216028e+01  -7.2544472e+01
  -1.8962686e+01   7.5087576e+01
   8.4936532e+01  -4.6745327e+00
   7.0653673e+01  -2.2577016e+01
  -5.0099177e+01   6.6721159e+01
  -3.8029046e+01   8.1180136e+01
  -3.3149370e+01   6.2371570e+01
  -3.8060047e+01   7.1057137e+01
  -1.5335932e+00   2.0607062e+01
   7.8147252e+01  -2.9191885e+01
   4.3227084e+00   2.9706020e+01
   6.7255820e+01   2.4584459e+00
   8.4906253e+01  -2.1831733e+01
  -5.3874706e+01   4.7145793e+01
  -5.7905061e+01  -3.4813255e+01
  -1.5095137e+01   5.7125937e+01
  -1.5954035e+01   3.8927540e+01
  -2.8105649e+01   2.1289235e+01
  -4.4543406e+01   9.0281459e+01
  -2.1891460e+01   7.4526002e-01
  -9.7421714e+00   7.1218380e+01
  -3.2593964e+01  -2.3712734e+01
  -7.6406884e+01  -9.7455202e+00
  -2.5225770e+01  -1.7021086e+01
  -1.3669784e+00   4.8324943e+01
  -5.9822136e+01  -2.0832844e+01
  -8.4411575e+01   3.6250713e+01
  -8.9492190e+01   1.9039597e+01
  -7.0600039e+01   2.6238896e+01
  -4.0999831e+01  -3.0567379e+01
  -8.0956908e+01   9.9655575e+01
  -5.7947150e+01   9.2589727e+01
  -7.1292730e+01   7.8990512e+01
   4.6427706e+01  -5.1736816e+01
   6.3580555e+01  -8.7478455e+01
  -4.4105137e+01   4.9855704e+01
  -7.8396158e+01  -3.3439999e+01
  -8.8668560e+01   7.5590679e+01
   2.5536973e+01  -2.7251860e+01
   2.8484284e+01  -3.6796220e+01
   4.3230135e+01  -3.8794405e+01
   3.5284759e+01  -2.9473631e+01
   6.5115117e+01  -7.7612113e+01
   3.3275530e+01  -9.9225649e+01
  -9.2027371e+01   4.2720602e+01
   4.3843015e+01  -1.1455217e+01
   8.5676486e+01  -5.9791372e+01
   4.2725407e+01   5.9651086e+00
   9.5647626e+00  -4.0027804e+01
   1.8561981e+01  -3.5689475e+01
   2.3223902e+01   6.2760093e+00
  -7.8663384e+01   5.8755149e+01
  -9.5753011e+01   6.7976280e+01
  -1.2073908e+01  -8.3085874e-01
   1.0278021e+01   5.0637822e+00
  -1.8695996e+01  -4.6196492e+01
  -9.2323263e+01   5.7770325e+01
  -4.5816846e+01   2.9963329e+01
  -7.1716208e+01   3.6160204e+01
   2.8917465e+00  -4.7447751e+01
  -1.2809219e+01  -5.4241175e+01
  -2.9203159e+00  -5.5571180e+01
  -3.1879439e+01  -5.2209603e+01
   4.2621541e+01  -6.1138578e+01
  -5.2581893e+01   3.7269951e+01
  -8.1066080e-01  -8.4706646e+01
   9.1686369e+00  -8.4283248e+01
   8.9989908e+01  -6.8811237e+01
  -3.1489962e+01  -3.3608562e+01
   7.5165124e+01  -4.3472241e+01
   7.8408548e+01  -5.2927806e+01
   2.5907298e+01  -8.0916950e+01
  -3.8107473e+01   2.3661449e+01
   6.2184694e+01  -6.1756253e+00
   4.3978610e+00  -6.2359652e+01
  -4.4972172e+01  -7.5318546e+01
  -3.2268935e+01  -9.1266365e+01
   8.6092643e+01  -4.6532488e+01
  -4.4532901e+01  -8.7137914e+00
  -4.0760524e+01   5.9688384e+00
  -5.2506906e+01  -2.7204143e+00
  -1.4655567e+01  -9.9153895e+01
  -1.1110759e+01  -3.3368454e+01
   8.0448587e+01   4.2996771e+00
  -1.7951415e+01   8.9159452e+01
   9.9826656e+01  -2.9901723e+01
   8.9091195e+00   2.0235845e+01
   6.1610039e+01   1.1320981e+01
  -1.5930427e+01   2.8955340e+01
   7.4884077e+01  -4.0073328e+00
   4.0117597e+00   3.9701153e+01
  -4.2770921e+01   5.9764446e+01
   9.4883023e+01  -2.1210222e+01
  -7.4719888e+01  -2.4141158e+01
  -4.6670338e+01   7.6106383e+01
  -3.0777884e+01   5.2382516e+00
  -6.0052524e+01  -4.4606071e+01
   6.9970447e+01  -3.4931225e+01
  -2.5710074e+01   3.0986783e+01
  -9.4673551e+01   9.6237085e+01
  -1.5683544e+01  -1.9874135e+01
  -6.6961696e+01  -3.7004683e+00
  -6.0086518e+01   3.7807568e+00
  -7.1516715e+01   5.1500206e+01
  -2.5064952e+01   5.6552362e+01
  -2.8961088e+01   7.5189482e+01
   6.2478621e+01  -2.8311351e+01
   5.1759260e+01  -2.1429620e+01
  -2.7482524e+01  -7.3796425e+00
  -2.5534654e+01   9.5678130e+01
   8.9736995e+01  -9.1625012e+01
  -6.2845945e+00   6.1836873e+01
   2.5866654e-01   7.1196603e+01
  -6.8277777e+01  -1.5539600e+01
  -1.1391561e+01   8.1612176e+01
  -4.0991063e+01   9.9627076e+01
  -4.2089187e+01  -2.0677251e+01
  -9.1726060e+01  -1.4165487e+01
  -9.4455666e+01  -2.3807354e+01
   3.1446932e+01  -8.9236465e+01
   4.6606318e+01  -7.6920635e+01
  -8.0872661e+01   8.1852691e+01
   5.2050846e+01  -4.3455722e+01
  -9.0389382e+01  -3.4902054e+01
  -5.7258162e+01   1.4565103e+01
  -7.6845188e+01   1.8335604e+01
  -5.0989346e+01   9.9767997e+01
   2.5832547e+01  -7.0673321e+00
   4.8138933e+01  -2.4372406e+00
  -7.6039539e+01  -4.4353255e+01
   5.5721346e+01  -8.1030313e+01
   4.2921375e+01  -9.6610985e+01
  -7.6358949e+01   9.0775872e+01
   5.1521001e+01   1.0717192e+01
   2.6151101e+01   1.5872245e+01
  -6.1313528e+01   7.9537506e+01
  -6.6780308e+01   8.7910369e+01
   1.3345588e+01  -6.6778785e+01
  -9.9485246e+01   3.6060091e+01
   6.7686423e+01  -6.7972569e+01
   7.7300693e+01  -6.5245567e+01
  -9.9957577e+01   7.7048859e+01
   1.2968269e+01  -1.4366238e+01
   3.2939248e+01   3.9309357e+00
   4.1665709e+01   1.5906887e+01
  -3.5852721e+00  -6.0541782e+00
   1.9165547e+01  -5.8649603e+01
   6.4319942e+00  -3.0557980e+01
   1.7376111e+01  -1.8794046e+00
   3.0490159e+00  -1.3495515e+01
  -3.3052008e+00   3.9248606e+00
  -8.6477948e+01   8.2722059e-01
  -9.1771085e+01   9.3067074e+00
   3.4969249e+01  -4.4374621e+01
   5.7055793e+01  -5.2083812e+01
  -3.1175174e+01  -6.2145363e+01
  -9.4755613e+00  -6.3633027e+01
   3.0785425e+01  -6.3222499e+01
   7.1733087e+01  -9.3256174e+01
   9.8473420e+01  -7.4103914e+01
   9.4847042e+01  -5.5812583e+01
  -1.2638745e+01  -8.6655346e+01
   4.5291268e+00  -9.3141594e+01
  -3.6048193e+01  -7.0851438e+01
  -2.1401282e+01  -9.1432740e+01
  -8.0262735e+00  -7.7826323e+01
  -2.6716770e+01  -8.2959315e+01
   7.0325913e+00  -7.4526620e+01
   1.8555188e+01  -8.7693903e+01
  -5.4516999e+00  -9.3590242e+01
