  -8.8098759e+01   2.8590434e+01
  -5.0326419e+01   6.3253917e+01
  -1.7519210e+01  -3.8479141e+01
  -6.3621664e+01   2.6992862e+01
   6.7036519e+01  -2.5147576e+01
  -1.5364956e+01   6.5327909e+01
   3.3301160e+01   7.0797340e+01
   4.8171884e+01   4.4372599e+01
  -1.9989120e+01  -5.7915484e+01
  -7.3546472e+00   7.1223776e+01
   9.6196785e+00   3.3460105e+01
  -2.1081184e+00   6.2781868e+01
  -2.3697409e+01   1.4616411e-02
  -3.6954663e+01  -2.2339972e+01
   7.3145185e+00   5.9407030e+01
  -4.5230252e+01  -1.4604848e+01
   2.7261298e+01  -3.5085183e+01
   7.0171669e+01  -9.6636254e+01
   3.4906225e+01   1.6003092e+00
   6.3400494e+00   2.8276763e+00
  -3.0714135e+01  -4.9134104e+01
   9.5604716e+01  -8.4898460e+01
   6.3570606e+01   1.9119703e+00
   1.4411404e+01  -6.1801233e+01
  -4.2146245e+01  -5.2228841e+00
   8.8727259e+01   1.5007909e+01
   1.9389023e+01   3.1876748e+01
   6.4870560e+01   1.2160956e+01
  -1.8869812e+01   3.9549779e+01
  -6.7647101e+01  -7.1539068e+01
  -6.4654212e+01   7.4313752e+00
  -7.3095941e+01   5.2370218e+01
  -1.9094808e+01   8.5724825e+01
   9.7202755e+01  -9.9397969e+01
   4.5051750e+00   7.9413500e+01
  -7.6091268e+01   8.4607915e+01
   8.1212204e+01  -5.6436418e+01
   8.4625766e+01  -6.5804843e+01
   4.7880871e+01   1.7962401e+01
   1.1272312e+01  -1.0871995e+01
   2.3122821e+01  -5.7118393e+01
  -7.4325123e+00  -7.4577591e+01
   2.1940398e+01  -6.7831151e+01
   1.9630134e+00  -8.6601547e+01
   3.3545182e+01   3.0980153e+01
   6.4547776e+01  -1.2914498e+01
  -4.5743947e+01   4.7972564e+01
  -5.4709805e+01  -5.6416134e+01
  -3.8669359e+01   1.9180559e+01
   4.5044404e+01  -9.0784544e+00
  -9.1256111e+00   3.7600347e+01
  -2.6842017e+01   4.5514686e+01
  -1.6400887e+01  -1.1320620e+01
  -6.0220907e+01  -2.5529359e+01
  -8.1141988e+01   3.5702560e+01
  -8.7302108e+01   1.1248743e+01
  -9.2596786e+01   9.7652777e+01
   2.3317292e+01  -2.6183571e+01
   4.7171849e+01  -9.7928517e+01
  -7.9752886e+01  -2.7896033e+01
   5.5227891e+01  -3.0959924e+01
   4.7398311e+01  -5.4340077e+01
  -7.1231381e+00  -8.2315522e+00
   1.8187614e+01  -3.7708065e+01
  -4.6600644e+01   2.5003788e+01
  -8.6834196e+01   5.3241678e+01
  -2.8984731e+01   8.3667780e+00
  -1.9323184e+01  -8.7153372e+01
   7.3284361e+01  -4.6104816e+01
   3.0979149e+01  -8.7004776e+01
  -4.7383789e+01   1.5029403e+01
  -5.1966115e+01  -6.2930376e+00
  -3.4100446e+01  -9.8382630e+01
  -7.3239459e+01  -7.9818091e+01
  -8.0028975e+00  -8.6072938e+01
  -1.4132087e+01  -6.7412629e+01
   8.3101325e+01  -1.4704141e+00
   7.8855711e+01   1.8157293e+01
   2.5950322e+01  -9.5676419e+01
   3.1522242e+01   5.4163228e+01
   9.0192456e+01  -8.5186955e+00
  -3.2749862e+01   2.7088720e+01
   8.3343746e+00   1.5055297e+01
  -3.3265647e+01   7.2391248e+01
   1.5490869e+01   4.1482775e+01
  -7.0584908e+01   4.2733827e+01
   8.3204481e+01  -1.5647876e+01
  -4.9854132e+01   8.4955013e+01
   4.4990514e+01  -2.8866713e+01
  -3.3470530e+01   6.1389315e+01
  -8.2613558e+00   4.7300912e+01
  -7.2930900e+01   2.2963579e+01
  -4.7429864e+01   9.4644274e+01
  -2.2646016e+01  -1.8945701e+01
  -5.3200331e+01  -3.2495132e+01
  -4.3750151e+01  -2.9576366e+01
  -8.0793033e+01  -1.5641096e+01
   2.4538023e+01   8.9801955e+01
   5.2526614e+00   6.9456068e+01
  -5.5807197e+01   4.4220494e+01
  -8.0396278e+01   4.5619611e+01
   1.1741783e+00   9.7329148e+01
  -5.9976848e+01  -4.4835497e+01
   6.4930548e+01  -7.8591839e+01
   5.0457979e+01   3.2408687e+01
   2.6023765e+01   2.4488556e+01
   2.1193344e+01  -9.7032443e+00
   4.8138943e+01  -1.9463668e+01
  -2.8308822e+01   8.9900815e+01
   4.0599858e+01   1.1124261e+01
  -8.3462697e+01  -6.2255438e+01
  -8.5130915e+01   7.9665661e+01
  -9.0944204e+01  -4.4586853e+01
   8.1609738e+01  -3.7226273e+01
   1.9363752e+01  -7.7228204e+01
   4.7141687e+01  -6.7388690e+01
   1.0327984e+01  -4.2839092e+01
  -9.0364634e+00  -3.1290844e+01
  -3.4128329e+00  -1.7398183e+01
  -5.4301722e+01  -7.5041945e+01
  -3.7096559e+01  -8.1077896e+01
  -3.6595443e+01  -5.7062020e+01
  -8.6382156e+01   8.9586514e+01
  -1.6741045e+01  -7.7668680e+01
  -5.8537110e+01  -8.9295330e+01
   2.1413537e+00  -7.6145131e+01
   5.7286344e+01  -9.5331911e+01
   1.5874468e+01  -9.5368020e+01
  -3.5986975e+00  -9.5051055e+01
   9.0620658e+01   5.1139573e+00
   8.9993570e+01   3.4560829e+01
   8.1198524e+01   8.4434468e+00
   7.6598656e-01   4.3148833e+01
  -1.7841742e+01   4.9613142e+01
   2.4496772e+01   6.1239964e+01
  -4.5210330e+00   2.4529152e+01
  -4.0402570e+01   3.2755887e+01
   5.3164459e+00   2.4505041e+01
  -6.1772028e+01  -6.3486377e+01
  -2.8046692e+01   3.5716298e+01
  -1.8770919e+01   7.4682873e+01
   2.8396767e+01   3.9527630e+01
   5.9315738e+01   2.0804617e+01
  -3.8944489e+01   9.1027508e+00
  -3.8772143e+01   8.0711992e+01
  -8.2448333e+00  -4.1173992e+01
  -5.6902760e+01   7.7623524e+01
   8.9656047e+01  -9.2866316e+01
  -6.6630808e+01  -1.7957944e+01
  -6.2510265e+01   3.6887630e+01
  -5.4548854e+01   3.0891853e+01
  -7.1629997e+01   3.2836339e+01
  -3.4635786e+01   5.1508625e+01
  -1.3448576e+01   2.8851606e+01
  -1.0173106e+01   5.6949881e+01
  -9.6131406e+01   6.5318644e+00
  -1.2802776e+01  -2.0631106e+01
  -9.8241480e+01  -2.4819340e+01
  -6.9807561e+01  -2.7662470e+01
  -3.5504838e+01  -1.2554318e+01
  -3.6070973e+01   4.1680184e+01
  -2.8223798e+01  -2.7018832e+01
  -5.0811826e+01  -2.2707023e+01
  -4.8121047e+01   3.8393470e+01
  -5.5551939e+01   2.0715588e+01
   1.6007664e+01   8.4623733e+01
  -9.2517746e+01   1.9665085e+01
  -5.7002959e+01  -1.4885656e+01
   1.6469638e+01   5.5303169e+01
   1.5348505e+01   6.5210330e+01
   4.0573155e+01  -4.7821522e+01
   2.8641958e+01  -1.6246459e+01
   4.5156692e+01  -3.9070257e+01
  -7.1603188e+01  -6.0927838e+01
   6.4141152e+01   4.7317299e+01
  -9.4897235e+01   4.7320124e+01
  -6.9900710e+01  -4.5681270e+01
   4.1545327e+01   3.6908137e+01
   1.3579340e+01  -2.8929540e+01
  -2.4914715e+00   8.6542037e+01
   2.3322871e+01   7.1167333e+01
   3.3212937e+01  -2.5065286e+01
  -6.3509141e+01   5.0146797e+01
   7.3409574e+01  -1.7517793e+01
   5.7898163e+01  -2.1327765e+01
   7.2480519e+01  -3.3427120e+01
   5.4390875e+01  -1.9592874e+00
  -8.4409189e+01   6.8549878e+01
  -8.7962546e+01  -5.8929051e+00
  -9.4275897e+01   6.7079196e+01
   7.5333045e+01  -7.7467745e+00
  -5.3772008e+01   5.3934227e+01
  -2.4808415e-01   5.3035505e+01
   7.3536543e+01   2.0628676e+00
  -7.3816771e+01  -3.6647603e+01
  -6.2672241e+01   9.8788229e+01
  -4.2548187e+01   5.7323387e+01
  -8.9706028e+01  -5.4475566e+01
   7.9017976e+01  -2.5788092e+01
   1.0389200e+01  -7.0775066e+01
   4.2359956e+01   2.6290764e+01
   3.0640062e+01   1.0612201e+01
   3.4786611e+01   1.9710546e+01
   9.9626455e+01  -3.0635718e+01
  -1.3875304e+01  -9.5222115e-01
  -2.6119363e+01  -9.5975866e+00
   6.9350463e+01  -6.9827361e+01
   5.4228745e+01  -6.0754609e+01
   5.6625436e+01  -5.1061506e+01
   5.5099481e+01  -7.9943740e+01
   1.5360672e+01   8.0735271e+00
   2.1863559e+01  -4.7243308e+01
  -1.1799169e+01  -5.0387114e+01
  -4.1657419e+00   1.2346522e+00
   1.5212127e+01  -1.7815015e+00
   2.5218932e+00  -6.3558447e+00
   2.1070694e+01  -8.6935775e+01
   2.9004690e+01  -7.4807465e+01
   3.8404039e+01  -8.0342760e+01
  -7.2671320e+01   9.8553815e+01
  -2.1123571e+01  -4.7726212e+01
  -6.0701938e+01  -1.6474397e+00
  -5.5080698e+01   9.0945269e+00
  -1.1015328e+00  -6.6317098e+01
  -2.1922733e+00  -5.2476090e+01
  -1.3564778e+01  -9.5270238e+01
  -8.2632556e+01   9.9428364e+01
  -4.7068460e+01   3.3277058e+00
  -9.0879479e+01   3.8179596e+01
  -2.8767395e+01  -6.2536003e+01
   9.0765429e+01  -5.6180616e+01
   1.3152506e+01  -5.2136768e+01
  -6.4839185e+01   1.7215886e+01
  -9.9383784e+01  -3.6819862e+01
  -3.0956849e+01  -8.8901580e+01
  -4.1007762e+01  -9.0279358e+01
  -5.0042645e+01  -9.4558911e+01
  -6.2770817e+01  -8.0251571e+01
  -2.3380547e+01  -7.0504952e+01
  -4.9717270e+01  -8.4323766e+01
  -4.4440391e+01  -7.4411557e+01
   3.5452116e+01  -9.8779125e+01
   9.7708702e+01  -1.9357746e+00
   9.6156809e+01   2.5242794e+01
   8.6161911e+01   2.4980122e+01
   9.8572859e+01   1.1605927e+01
   2.3487424e+01   4.8213318e+01
   6.0625148e+01   3.0716577e+01
   5.4621679e+01  -1.1911452e+01
   6.9309041e+01   2.1121786e+01
   3.6580526e+01   4.5566061e+01
  -5.0795309e+01  -6.5603975e+01
  -6.4347785e+01  -5.3875109e+01
   6.1102297e+00  -9.7284764e+01
   8.8424214e+00   4.8925811e+01
  -2.9121273e+01   1.8155445e+01
  -3.3614303e+01  -3.6107008e-01
  -2.7175975e+01   8.0043592e+01
  -2.5125856e+01   6.6782186e+01
  -1.0532113e+01   8.0642723e+01
  -8.8050982e+01  -2.2270008e+01
   8.0059733e+01  -9.5478158e+01
  -6.8207934e+01  -8.1486139e+00
  -9.4061837e+01  -1.4352716e+01
   4.0387752e+01  -9.0127458e+01
  -6.2774350e+01  -3.5237403e+01
  -2.4658650e+01   5.6813633e+01
  -7.6950406e+01   1.2000453e+01
  -3.8258726e+01   9.0685050e+01
   5.7210641e+01   4.0111315e+01
   3.8593069e+01  -1.6684224e+01
   3.6768787e+01  -3.4297477e+01
   2.7576497e+01   8.0197139e+01
  -1.1084829e+01   9.1614194e+01
  -2.7196110e+01  -3.9850819e+01
  -3.5013455e+01  -3.3973475e+01
  -1.8560440e+01  -2.8679627e+01
  -6.6605677e+01   7.9977571e+01
   1.5528812e+01   9.4595452e+01
   5.4557053e+01  -4.1441004e+01
   1.6509407e+01  -1.9164935e+01
   3.7852600e+01   6.1898218e+01
   4.3650542e+01   5.3284924e+01
  -7.7975838e+01  -6.2240992e+00
  -2.3001758e+01   2.6642191e+01
   2.5146923e+01  -5.1974309e-01
  -4.7197877e+01   7.5344016e+01
  -7.6493901e+01   7.4627622e+01
   6.3454458e+01  -3.7375089e+01
  -7.7094129e+01  -5.2574548e+01
  -9.6224929e+01   8.6943355e+01
  -6.7623927e+01   8.9922818e+01
   4.4849937e+01   9.1129816e-01
   1.3531899e+01   7.4993038e+01
   5.5705414e+01   8.0814951e+00
  -7.9431080e+01   5.9953609e+01
  -9.8946898e+01  -5.0488621e+01
  -8.3520342e+01  -3.8068653e+01
  -4.1485642e+01   6.7216993e+01
  -7.7553377e+01  -7.0300117e+01
   7.1259730e+00   8.9182493e+01
  -9.5986388e+01   5.7245796e+01
  -9.2876778e+01  -6.5653882e+01
   1.5057132e+01   2.2608572e+01
   9.3616548e+01  -2.1575576e+01
   9.2467272e+01  -4.1680467e+01
   9.9040790e+01  -1.3173626e+01
  -4.5251528e-01   1.0431206e+01
  -8.2671641e+01   2.5329173e+00
   2.1961195e+01   1.5446576e+01
  -9.8076564e+01   2.7928531e+01
   1.0462817e+01  -8.1432577e+01
   5.1741972e-01  -3.3885717e+01
   3.4563825e+00  -2.4509429e+01
   6.4502794e+01  -8.8466663e+01
   3.0655337e+01  -6.3568996e+01
   6.3304937e+01  -6.2508169e+01
  -8.2531033e+01   2.0297312e+01
  -9.7624877e+01  -3.3554348e+00
  -2.2434292e-01   3.3331636e+01
   3.2432133e+01  -5.3591468e+01
   3.9877384e+01  -6.0529212e+01
   3.1911220e+01  -4.3633935e+01
   5.2457690e+00  -5.8661396e+01
  -9.4782373e+01   7.7054290e+01
  -2.3900236e+01  -9.5964272e+01
   5.6995421e+01  -7.0256052e+01
  -2.4120783e+01   9.8940389e+01
   3.7843279e+01  -7.0409631e+01
  -7.2798963e+01   2.1541311e+00
   5.0122021e+01  -8.8424261e+01
  -3.8460502e+01  -6.6614115e+01
   9.4156806e+01  -7.5091023e+01
   8.9679389e+01  -3.1398684e+01
   7.2687378e+01  -6.0583116e+01
   6.6229842e+01  -5.3046327e+01
   1.0029453e+00  -4.3583016e+01
  -8.4991276e+00  -5.9667417e+01
   9.4574584e+01  -6.5233322e+01
  -9.0967190e+01  -3.1634755e+01
   9.8772910e+01  -5.0653202e+01
