  -6.7410129e+01   2.2714909e+01
   2.8001808e+01  -4.4044118e+01
  -9.1619728e+01   3.1612293e+01
   3.3590424e+01  -7.0006205e+01
  -7.2903455e+01   3.8872248e+01
  -8.1155194e+01   6.0261014e+01
   5.0120420e+01  -4.5206325e+01
   4.6169557e+01  -5.4392765e+01
  -9.0196710e+01   4.2192392e+01
  -7.8578367e+01   1.6562109e+01
  -8.2526136e+01   3.5770501e+01
  -8.0788672e+01   4.5616135e+01
  -9.2103309e+01   1.8330884e+01
   3.8775011e+01  -6.1455181e+01
   2.5933307e+01  -6.3574381e+01
   3.5050787e+01  -5.2174549e+01
   5.0973714e+01  -6.3163174e+01
  -9.0876084e+01   6.2348864e+01
  -9.9330461e+01   2.5245298e+01
  -6.6654140e+01   4.6678028e+01
  -7.5297514e+01   2.8861697e+01
  -6.4976912e+01   3.2775505e+01
  -7.4220418e+01   5.3150681e+01
  -8.8260331e+01   5.2379785e+01
  -9.9370352e+01   3.7930955e+01
  -8.4392360e+01   2.4698293e+01
   3.8517275e+01  -7.8708273e+01
   1.7733609e+01  -4.4939080e+01
   4.0208184e+01  -4.3607096e+01
   2.5087999e+01  -5.3610182e+01
   4.5442149e+01  -7.1493947e+01
  -9.7678776e+01   4.9022236e+01
