   4.0537951e+01   1.3456159e+01
   3.2553382e+01  -1.1823327e+01
  -2.0680167e+01  -1.9952430e+01
   3.4574369e+00   2.0642298e+01
   9.7567810e+00   1.1307442e+01
   4.1151129e+00  -2.4019221e+01
   2.4877383e+01  -5.4353256e+00
   6.0178277e+00   2.0338671e+00
   2.9264973e+01   4.5792568e+01
  -3.8618088e+01   1.1951097e+01
  -1.4526631e+01   2.9331685e+01
   4.7571426e+01  -3.0828792e+01
  -3.5692070e+00  -2.0160188e+01
  -1.5911039e+01  -4.1224493e+01
  -6.2814343e+00  -6.0035342e+01
  -2.5588499e+01  -3.8737485e+01
  -2.9100306e+01   8.8832267e+00
  -4.1865333e+01  -6.2744505e+00
  -1.4372755e+01  -9.8687973e-01
   4.7295964e+00   3.3927987e+01
   3.5646790e+01   4.7555731e+00
  -2.2002902e+01   3.5972837e+01
  -4.6127350e+01   4.9354793e+00
   5.1051252e+00  -4.3192763e+01
  -3.6591213e+01  -1.4770540e+01
  -4.8653462e+01  -3.0451733e+01
   4.6834333e+01   2.8144903e+01
  -2.5103161e+01  -2.8316761e-01
   1.6014183e+01   1.9305001e+00
  -5.9006059e+00   5.0180853e+01
   5.2030653e+01  -1.4377276e+01
   2.8167835e+01   2.3229945e+01
   1.4279886e+01   3.6892446e+01
   3.4799347e+01   3.2572628e+01
   2.4524484e+01  -4.2512492e+01
   2.2860394e+01  -1.5207173e+01
   5.7433432e+00  -1.4962200e+01
  -1.1974050e+01  -2.5305877e+01
  -1.1562319e+01  -5.0186635e+01
  -5.1476633e+01  -3.5134959e+00
  -4.8631075e+01   1.4616975e+01
  -3.0714137e+01   1.8752142e+01
   1.3778907e+01  -5.3559294e+01
   1.5899080e+01  -4.1986186e+01
  -2.0811139e+01  -2.9952132e+01
   5.7486740e+01   1.2841532e+01
  -7.9417497e+00  -1.1411572e+01
   3.8165892e+01   2.3161515e+01
  -4.3784543e+01  -2.1717132e+01
   3.0179988e+01   1.3437461e+01
   1.3457140e+01   2.0599535e+01
   3.9342247e+01  -4.5146101e+00
  -1.7708378e+01   5.0965257e+01
   7.3508473e-01  -6.4470092e+00
   6.5039434e+01  -1.1486932e-01
   1.6095961e+01   5.6558533e+01
  -3.2254108e+01   3.8061882e+01
  -2.3860101e-01   1.1347724e+01
   2.5599787e+01   3.6488488e+01
   1.1580270e+01  -7.0131334e+00
   1.9351231e+01   4.7103205e+01
   2.8344049e+01  -3.3601269e+01
   2.8253199e+01  -6.1169433e+01
   1.4335245e+01  -2.0248174e+01
  -2.3353291e+01  -5.4859484e+01
   2.3172009e+01  -2.5166417e+01
  -5.0483227e+00  -4.0594326e+01
   3.2579768e+01  -2.1800708e+01
  -4.1424002e+01   2.1549370e+01
  -5.7378878e+01   1.9462173e+01
  -5.8701091e+01  -1.0570701e+01
  -3.6516049e+01   2.1745214e+00
  -4.9058705e+01  -1.3221061e+01
  -1.7871783e+01  -1.0355056e+01
  -3.5104337e+00  -3.0713288e+01
  -1.8659228e+00  -5.1273135e+01
  -2.9957154e+01  -2.3685707e+01
  -2.7860076e+01  -9.8956318e+00
   7.4551563e+00  -6.1317351e+01
   4.5697806e+01   4.8686295e+00
  -5.3927641e+01  -2.1955674e+01
   4.9201609e+01   1.8432291e+01
  -3.3790099e+01  -3.2921968e+01
  -3.0226469e+01  -4.7596090e+01
  -5.3105887e+00   2.5450542e+01
   1.9678184e+01   1.2519205e+01
   2.5664639e+01   4.5199356e+00
  -1.0599705e+01   5.9007995e+01
   1.9644527e+01   2.8454891e+01
   5.5553303e+01   3.0388096e+00
  -5.2794762e+00   3.5450465e+01
   7.6645727e+00   5.1168598e+01
   4.9318369e+01  -4.7607312e+00
  -4.9019833e+00   2.2231794e+00
  -2.4016159e+01   2.6177567e+01
  -3.3964344e+01   2.8209213e+01
   1.4144224e+00   4.3362473e+01
   3.9156404e+01   4.7262084e+01
  -1.2350025e+01   4.2522036e+01
   3.7654285e+01  -3.0437737e+01
   4.2578741e+01  -2.1790448e+01
   3.4382059e+01  -4.3244520e+01
   2.8454907e+01  -5.1312805e+01
   7.1436507e+00  -4.9296107e+01
   1.1451477e+01  -3.6866578e+01
   8.8197108e+00  -2.8318892e+01
