   2.7240021e+01   9.1702710e+00
   2.0552276e+01  -1.3578958e+01
  -2.4674548e+01  -1.0852140e+01
   4.2090465e+00   2.7087302e+01
   5.3881013e+00  -2.9291226e+01
  -5.4635504e+00  -9.4942962e+00
  -1.2639202e+00   7.9734788e+00
   7.8182412e+00  -9.0165678e+00
  -8.9386562e+00   2.7920879e-01
   1.3302475e+00  -1.6832153e+01
  -1.3094768e+01  -1.7354143e+01
   2.0850701e+01  -3.5834119e+00
   9.0874719e-01  -1.7875851e+00
   1.2454002e+01   2.1376683e+01
   1.1679744e+01  -1.8240907e+01
  -1.5259189e+01  -7.4830306e+00
  -3.8538876e+00  -2.5383453e+01
  -2.1693741e+01   1.7180019e-01
   1.7310159e+01   1.0352434e+01
   1.2207153e+01   1.4454139e+00
  -6.4248391e-01   1.8343010e+01
   7.5769161e+00   1.2646643e+01
  -6.4644906e+00   2.6473503e+01
