   5.7742744e+01  -1.1126332e+01
   4.3634570e+01  -5.1158648e+01
  -4.1198107e+01   6.8187811e+01
  -9.7936109e+01   5.7838884e+00
  -8.2140739e+01   8.0389928e+01
   6.2910451e+00  -8.4125627e+01
   5.7820375e+01  -9.1571676e+01
   5.3615089e+01  -5.0536639e+01
  -1.1565885e+01  -6.7385722e+01
   7.9258271e+01  -6.5018378e+01
  -3.0012514e+01   4.2321010e+01
  -9.1525723e+01  -1.4651988e+01
  -4.1506399e+01   3.4184449e+01
   4.8570804e+01  -3.2361003e+01
   3.6469546e+01  -8.9103486e+01
  -8.8497837e+01   2.3755442e+01
  -5.5885655e+01   5.3089879e+01
  -6.1523791e+01   3.4084281e+01
  -9.9737669e+01   8.8175322e+01
  -4.8847610e+01  -1.9224608e+01
  -6.5778170e+01  -1.2025112e+00
  -7.8058567e+01   3.5584143e+01
  -3.6023304e+01   2.0713502e+01
   4.5129389e+01  -8.0298924e+01
   2.9470823e+01  -9.7396009e+01
   2.5753083e+01  -2.0200449e+01
   6.1397522e+00  -1.6233220e+01
   3.3861349e+01  -4.0186301e+01
   2.3908446e+01  -3.9217154e+01
   8.7337958e+00  -3.7456312e+01
   7.5441031e+01  -4.7699625e+01
   1.6146581e+01  -6.4186456e+01
   3.5285370e+01  -6.9195940e+01
   5.0965330e+00  -6.6982043e+01
   4.8040052e+01  -7.0719944e+01
   4.2078811e+01  -6.1857741e+01
  -2.1726386e+01   5.6784430e+01
  -9.6552079e+01   5.5331289e+01
  -7.4907876e+01  -5.2822894e+00
  -8.1113511e+01  -2.5096265e+01
  -4.0699842e+01  -6.5719702e+00
  -1.5285400e+01   2.8996733e+01
  -6.2620821e+01   7.9810059e+01
  -8.3548799e+01   6.2203935e+01
  -6.8774325e+01   8.3357066e+00
   7.9277465e+01  -2.6618286e+01
  -5.3025116e+01   1.6008622e+01
  -6.8413891e+01   2.6247026e+01
   3.9808228e+01  -6.6862787e+00
   3.7174767e+01  -1.9327096e+01
   1.6318848e+01  -1.6884547e+01
  -1.5589624e+01  -5.2448329e+01
   2.3729479e+01  -4.9215465e+01
  -8.9774140e+00  -3.2899135e+01
   2.5769364e+01  -8.8106276e+01
   6.4887700e+01  -7.8545172e+01
  -4.9941653e+01   6.1144703e+01
  -3.9860392e+01   4.4046464e+01
  -4.3122282e+01   7.8000122e+01
  -2.1074044e+01   4.6803781e+01
  -7.8004336e+01   4.2262078e+00
  -6.6635121e+01  -2.5568657e+01
  -3.1657243e+01   3.2457924e+01
  -8.9113213e+01   9.1835942e+01
  -8.1742352e+01  -1.2582114e+01
  -4.6115259e+01   1.8346906e+00
  -8.8321502e+01  -4.6857167e+00
  -3.4319365e+01   3.7629234e+00
  -7.3613091e+01  -1.8405736e+01
   6.9466460e+01  -2.8554254e+01
  -9.7826493e+01   7.3632720e+01
  -9.3216790e+01   6.4758663e+01
  -4.5122572e+01   2.4862035e+01
   5.9668232e+01  -3.0552934e+01
   6.1377507e+01  -5.6840825e+01
  -5.2683772e+01   8.0927603e+01
  -6.4622196e+01  -1.1133943e+01
   4.3814088e+01  -4.1157222e+01
   6.4174447e+01  -4.2113733e+01
  -9.7541754e+01   3.6330656e+01
  -5.1480293e+01   3.3467218e+01
  -6.9288790e+01   4.0383607e+01
   3.5122594e+01  -7.9194615e+01
   2.5178062e+01  -7.8123779e+01
   3.8738536e+01  -2.9204070e+01
  -5.9950829e+01   4.3957518e+01
   3.3682252e+01  -5.0184695e+01
   4.6641528e+01  -2.2548919e+01
   2.3241810e+01  -5.1585650e+00
   7.5917969e-01  -3.0619110e+01
   1.2693582e+01  -7.5648133e+00
   5.1989384e+01  -6.0523367e+01
  -1.8662382e+01  -3.8505398e+01
   1.5229447e+01  -7.7111329e+01
   4.6407275e+01  -9.0217733e+01
   5.7879520e+01  -6.8604598e+01
   8.8000329e+01  -6.0162883e+01
   1.5498729e+01  -9.7178627e+01
   6.7871822e+01  -6.8996893e+01
   5.4895550e+01  -7.8149017e+01
   5.4689850e+00  -5.6985810e+01
  -9.3345623e+00  -7.7133590e+01
  -3.0097807e+01   6.4078197e+01
  -5.0760034e+01   7.1114417e+01
  -2.1866121e+01   3.6524460e+01
  -3.8446448e+01   5.8575366e+01
  -3.0663255e+01   5.2298648e+01
  -5.8846881e+01  -1.9296586e+01
  -2.5958212e+01   2.4242119e+01
   7.3209233e+01  -3.7827422e+01
   7.1771156e+01  -1.8823459e+01
  -9.4848860e+01   1.6031699e+01
  -9.8156867e+01   2.6343010e+01
  -7.4546205e+01   1.6498923e+01
  -7.8671425e+01   2.5605612e+01
  -2.9948416e+01   1.2757077e+01
   5.6529788e+01  -2.1058190e+01
  -3.9236385e+01  -1.6464256e+01
  -5.3857660e+01  -1.0497504e+01
  -9.1103236e+01  -2.4643054e+01
  -7.8756201e+01   7.0980322e+01
  -8.4372769e+01   1.4646153e+01
  -5.8319244e+01   8.9188300e+01
   7.4633563e+01  -9.5011616e+01
  -6.8089581e+01   9.1318907e+01
   6.7256308e+01  -8.8260608e+01
  -4.3267921e+01   1.3820554e+01
  -9.0406515e+01   4.3412981e+01
  -5.7703386e+01   2.4845380e+01
   1.5085335e+01  -5.4242952e+01
   5.4295924e+01  -4.0559903e+01
   3.9389381e+01  -9.8669653e+01
   2.8824016e+01  -3.0508729e+01
  -7.6848812e+01   5.4780645e+01
   1.7607080e+01  -3.1452400e+01
   4.7855369e+01  -1.2622888e+01
  -8.7884894e+01   3.3736216e+01
   3.1015353e+01  -1.1449188e+01
  -8.7947517e+01   5.3071726e+00
   9.4485419e+00  -2.5669914e+01
  -8.0184602e+01   4.5353985e+01
  -6.4150137e+01   1.7201629e+01
   2.3126636e+00  -6.9945513e+00
  -3.6674015e+00  -2.1491103e+01
  -7.2316713e+01   8.2256334e+01
  -9.2042020e+01   8.1789814e+01
   1.2769027e+00  -4.4119250e+01
  -9.6677066e+00  -4.2875279e+01
  -5.1387157e+00  -5.1790896e+01
  -8.6884200e+01   5.2776895e+01
  -2.6271783e+01  -4.4993620e+01
  -6.7915467e+01   5.0287015e+01
   4.9323309e+01  -9.9817287e+01
  -4.5952883e+01   5.1972306e+01
   8.3160078e+01  -4.0733384e+01
   7.1079113e+01  -5.9265114e+01
   2.5338270e+01  -6.8125069e+01
   3.0833634e+01  -5.9770378e+01
   5.3659909e+00  -9.4083188e+01
   8.5004424e+01  -5.0622208e+01
   5.9072717e-01  -7.5909401e+01
  -3.3830177e+00  -6.1637710e+01
  -3.6337780e+00  -8.5349483e+01
   1.5812029e+01  -8.7183536e+01
  -5.5791977e+01  -6.8641117e-01
