   2.9247175e+01  -9.3231300e+00
  -2.0075264e+01  -2.4790674e+01
   3.3455998e+00  -2.2909031e+01
   3.4894388e+01   5.3544203e+01
   5.7916523e+01  -3.3178691e+01
  -6.0965520e+00  -3.8864498e+01
  -4.2735175e+00  -5.8375688e+01
  -2.7598246e+01   5.8495047e+00
  -1.2232359e+01  -7.6181277e+00
   1.2321926e+01   4.0120750e+01
   3.8407823e+01   6.7424250e+00
   9.7650508e+00  -4.2012900e+01
  -3.5281589e+01  -1.1712172e+01
  -6.7753276e+01  -3.1995648e+01
   5.1201389e+01   4.3229244e+01
   5.6677806e+01  -1.2879359e+01
   2.5135786e+01   5.1379888e+01
   3.6766177e+01   3.5274662e+01
   2.6660714e+01  -4.1458517e+01
  -1.3963660e+01  -3.2698141e+01
  -5.1695895e+01  -5.3424464e+00
  -3.3398161e+01   1.3994915e+01
   1.8385318e+01  -4.7066982e+01
   7.6221837e+01   1.2895895e+01
   3.3162010e+01   2.5949969e+01
   3.6956356e+01   1.6659886e+01
   2.4128885e+01   2.1674024e+01
   3.9703555e+01  -3.3471051e+00
  -2.3865058e+01   5.2100130e+01
   9.2935519e+00  -9.4651308e+00
   6.6405797e+01  -1.2667351e+00
   1.4195988e+01   6.8799993e+01
  -4.5933186e+01   3.9032636e+01
   9.7193162e+00   1.0644364e+01
   2.9126923e+01  -3.1771518e+01
   2.7611297e+01  -6.4974140e+01
   2.2151526e+01  -1.6345791e+01
  -3.4727206e+01  -7.2060623e+01
   2.0809251e+01  -2.6243384e+01
  -5.2216312e+01   3.1255305e+01
  -5.9541402e+01   2.4360893e+01
  -6.4378314e+01  -4.2509941e+00
   2.9841123e+00  -3.4692468e+01
  -2.8162735e+01  -1.8915054e+01
   1.8659995e+01  -6.9590918e+01
   5.3004750e+01   2.3575444e+01
  -3.2590096e+01  -3.4144559e+01
  -3.0046633e+01  -4.4004037e+01
  -6.0254486e+00   3.6767664e+01
   1.8947824e+01  -6.8773176e+00
  -1.3594416e+01   6.4877331e+01
   5.4470442e+00   5.1466502e+01
   1.1143183e+01   3.6145020e-01
  -3.0552092e+01   3.3641784e+01
   4.1652103e+01   4.6175355e+01
  -1.4268612e+01   5.4904976e+01
   3.8798184e+01  -3.4277408e+01
   4.0173808e+01  -2.4373834e+01
   3.5895251e+01  -4.5293199e+01
   2.7457649e+01  -5.1425612e+01
   1.5524302e+01  -6.0097489e+01
   1.8025849e+01  -3.6383600e+01
   1.1226991e+01  -2.9051894e+01
  -1.3914719e+01  -5.5750972e+01
  -4.0132765e+01   2.3304174e+01
  -6.3337381e+01   1.1506464e+01
  -6.9486106e+01  -1.2846131e+01
  -5.7531860e+01   3.0346691e+00
  -4.3376637e+01   1.3323900e+01
  -4.1775332e+01  -4.1454765e+00
  -4.8839293e+00  -2.8561967e+01
  -1.2329503e-01  -7.7916973e+01
  -2.2221325e+01  -5.0204004e+01
  -2.7445300e+00  -1.4990849e+01
  -1.0970247e+01  -2.0656905e+01
   5.3648290e+00  -6.1021118e+01
   5.6891454e+01   1.4364107e+01
   2.5409710e+01   3.2279180e+01
   4.3061769e+01   2.4562168e+01
   1.2654601e+01   2.0177885e+01
  -3.7571781e+01  -6.2473755e+01
   3.7674534e+01  -1.4694212e+01
   3.0514592e+01   5.7971275e-01
   5.6619400e+01   3.4831232e+01
   4.7076597e+01  -1.0094543e+01
  -4.9545644e+01  -2.3754321e+01
   4.7019391e+01   1.2771188e+01
  -1.1786086e+01   2.8636464e+01
  -5.2876194e+00   7.3248403e+01
  -2.1963188e+01   7.0348510e+01
   1.4214767e-01   1.4204101e+01
   8.0129584e+01  -1.5747195e+01
   1.9886644e+00   4.3766352e+00
   3.3452136e+01   6.3438103e+01
   4.9108805e+01  -1.9884199e+01
  -2.1768193e+01   2.8868074e+01
  -3.7822413e+01  -2.1341849e+01
  -2.8998047e+01   4.3519285e+01
   2.2173307e+01   4.1740269e+01
   1.5292006e+01   4.9654670e+01
   2.0801294e+01   2.9449344e+00
   3.1898835e+01   4.4006468e+01
   5.0339174e+01   5.3190197e+01
   1.5145060e-01  -5.4376447e+00
   4.8191303e+01  -3.0857385e+01
   4.5481750e+01  -4.1710744e+01
   3.4744344e+01  -7.1982680e+01
  -2.4942699e+01  -6.9997618e+01
   3.0497863e+01  -2.1850433e+01
   1.2504632e+01  -1.8930450e+01
  -4.9960472e+01   2.1516424e+01
  -2.3943315e+01  -6.0050065e+01
  -6.8555824e+01   2.0035629e+01
  -1.9076162e+01  -1.4846590e+01
  -2.6124644e+01  -7.7717209e+00
  -6.7332009e+01   3.0626567e+01
  -7.1357727e+01  -2.2668341e+01
  -3.7617630e+01   4.9394411e+00
  -5.3361210e+01   1.2122086e+01
  -4.5287320e+01  -1.4706800e+01
  -1.5115293e+01  -4.3173755e+01
  -5.8246117e+01  -1.2894808e+01
  -1.3374431e+01  -6.5733424e+01
  -9.7557165e+00  -7.5054188e+01
  -9.0384778e-01  -4.7408440e+01
  -3.0145347e+01   2.3440039e+01
   3.4896109e+01  -5.8108504e+01
   6.5092597e+01   8.6444893e+00
   8.5139366e+00  -7.0508343e+01
  -1.7460974e+00  -6.8050279e+01
  -4.7578344e+01   3.9779404e+00
  -3.2125555e+01  -5.4086949e+01
   9.6637034e+00  -5.2000152e+01
  -2.2993480e+01  -3.6942265e+01
   2.9130335e+01   1.0464950e+01
   1.9444999e+01   1.2848507e+01
   4.7598269e+01   2.7883997e+00
  -3.7288341e+00   6.3246677e+01
   6.2484071e+01   2.6738800e+01
  -2.7361696e+01   6.1931223e+01
   4.6667006e+01   3.3882713e+01
  -5.8351146e+01  -3.8163025e+01
  -5.8517506e+01  -2.8164787e+01
   2.7314635e+00   3.1770029e+01
   2.3708406e+01   6.5686228e+01
   5.6528200e+01  -2.8237297e+00
   4.1769008e+00   6.9369918e+01
   7.3767180e+01  -8.0331243e+00
  -1.0835662e+01   4.5522156e+01
   6.6474857e+01  -1.4875126e+01
  -1.6994119e+01   3.7647756e+01
  -4.1539635e+01   4.8014116e+01
   6.7791904e+01   1.8270706e+01
  -4.2029136e+01  -3.0335525e+01
  -3.3650225e+01   5.4156679e+01
   1.2599156e+01   3.0149504e+01
   2.5081992e+00   4.1922750e+01
  -4.3879286e+00   5.3268616e+01
   1.1933892e+01   5.9066274e+01
   4.2761019e+01   5.9713423e+01
  -1.9532257e+01  -2.8648611e-01
  -3.1149505e+00   2.3657687e+01
  -7.4115916e+00   1.0872062e+00
