   3.1171801e+01   5.3487738e+01
   7.8759183e+01  -3.8984533e+01
  -3.8607577e+01   1.9857740e+01
   3.2160552e+01   3.8866540e+01
  -8.8089943e+01  -5.1556690e+01
   8.7720368e+01   2.6666239e+01
   4.4046591e+01   5.6925085e+00
   8.4463554e+00   7.9835397e+01
  -3.6370451e+01  -8.8594512e+01
  -6.3941525e+01   3.0652462e+01
  -7.2994429e+01  -5.3897747e+00
   2.1697089e+01  -8.8644012e+01
  -2.6969511e+01  -2.8649695e+01
  -3.0827766e+01  -4.9908618e+01
   2.8561706e+01  -1.6317146e+01
   1.6674412e+01  -1.7257516e+01
  -3.3456558e+01   4.9050441e+01
   2.8987036e+01  -6.6328316e+01
  -6.3272517e+01  -8.1239778e+00
  -5.5469247e+01  -1.7767893e+00
   7.1242928e+00  -6.8981953e+01
  -4.2439000e+01  -7.0026597e+01
   5.3177910e+01   2.2931793e+01
  -5.9413012e+01  -1.7312033e+01
  -1.2377974e+00   7.1509310e+01
  -3.5099783e+01   9.2449176e+01
   1.2002583e+01   1.5324500e+01
   5.0433714e+01   7.4952708e+01
   5.8895118e+01  -2.9108849e+01
  -2.8502429e+01   2.0533044e+01
   4.6782289e+01   4.1111168e+01
   4.8421405e+01   6.1938480e+01
   4.3312158e+01  -5.2504510e+01
   3.1504203e+01  -8.6689906e+01
   3.2177279e+01  -3.5095311e+01
  -4.6629204e+01   1.3657396e+01
  -9.5073118e+01   2.2441443e+01
  -7.4981937e+01   3.4320155e+01
  -4.5010768e+00  -6.3411316e+01
  -2.1417791e+01  -9.0824607e+01
   7.0512124e-02  -4.0542860e+01
  -4.4081356e+01   3.2152625e+01
  -4.0722267e+01   5.5956753e+00
  -3.3309264e+01  -5.9592525e+01
   1.3589061e+01  -5.4833528e+01
   3.7058163e+01   1.6838915e+01
  -1.9843911e+01   7.2621207e+01
  -5.9972606e+01  -4.5901350e+01
   2.4795641e+01   8.6298680e+01
   6.8259772e+01  -1.2635840e+01
   7.7680653e+01  -8.6404322e+00
  -2.1710672e+01   4.5615653e+01
   6.6357913e+01  -2.2453115e+01
  -3.7038656e+01   5.8381500e+01
   1.2478807e+01   6.0447454e+01
  -6.7311957e+00   5.8697798e+01
  -1.7939871e+01  -1.1332465e+01
   1.3405152e+01   2.5224242e+01
  -7.4469299e-01  -1.5968071e+01
   3.6102793e+01  -2.2882191e+01
   5.0770784e+01  -3.4938305e+01
  -4.5119083e+01  -8.3649406e+01
  -6.6901338e+01   2.1148388e+01
  -6.6521234e+01   5.0103829e+01
   9.5540740e+00  -3.6171599e+01
  -7.4407534e+01   1.4555663e+01
  -9.0924771e+01  -2.9170431e+01
  -3.9541115e+01  -1.1127941e+01
  -7.5342708e+01   4.4430955e+00
   5.6374776e+00  -7.8869913e+01
  -8.9027317e+01  -1.0575529e+01
   5.0898536e+01  -5.9018304e+01
   8.0729767e+01   8.8330657e-01
  -2.2469133e+01  -6.6381550e+01
  -1.7305097e+01  -2.6115246e+01
  -5.6373644e+01  -6.7118202e+01
  -3.3576171e+00   9.4639203e+01
  -8.2675726e+00  -3.0390686e+01
   8.3229065e+00  -1.1760285e+01
  -4.3629400e+01   8.7229468e+01
  -1.0571463e+01   6.7926396e+01
   6.2956902e+01   4.3942217e+01
   6.0766495e+01   1.6420945e+01
  -8.6763513e+01  -3.8261274e+01
   1.8970958e+01   8.1531458e+00
  -1.6180064e+01   3.5038260e+01
   2.9152187e+01   6.4628720e+01
   9.1222983e+00   6.9862038e+01
   8.9607968e+01  -3.7185152e+00
   8.4718028e+01  -3.0953896e+01
  -4.3668572e+01   4.9613254e+01
  -5.0206509e+01   7.1668311e+01
  -5.7208000e+01  -3.6297728e+01
  -3.0230594e+01  -3.9929385e+01
   2.3323210e+01   3.2392768e+01
   5.7362320e+01   5.2230714e+01
   3.8452371e+01   4.6638203e+01
  -8.0158362e+00   7.2786828e-01
   5.2839447e+01   8.7081703e-02
   7.0458062e-01   2.6903848e+01
   5.8985261e+01  -4.0953343e+01
   3.9203851e+01  -4.2318156e+01
   4.2991275e+01  -8.2484138e+01
   5.7500557e+01  -5.1260737e+01
   3.3429572e+01  -5.0986609e+01
   4.9565290e+01  -2.4861457e+01
  -5.9856996e+01  -7.9775224e+01
  -2.7928324e+01  -8.3234612e+01
  -7.8381271e+01   4.4715677e+01
  -1.3005163e+01  -6.9954199e+01
  -1.9938462e+01  -3.5759078e+01
  -7.6338034e+01   2.4421863e+01
  -6.6885207e+01   4.0163332e+01
  -5.4057851e+01   3.2001394e+01
  -5.7303151e+01   1.8030692e+01
  -8.3449074e+01   1.0297427e+01
  -2.4354546e+01  -1.9000781e+01
  -5.5015213e+01   8.2124762e+00
  -8.6217863e+01  -2.0352492e+01
  -7.9351279e+01  -1.3094518e+01
  -6.5782749e+01   1.5160220e+00
  -4.6162799e+01  -1.9595699e+01
  -5.5469603e+01  -2.6468357e+01
  -3.4695733e+01  -2.3811018e+00
   4.9425717e+01  -7.4829239e+01
   1.7215665e+00  -2.9955411e+01
  -6.4784531e+01   1.1416867e+01
  -8.4851659e-01  -9.4840140e+01
  -3.4795196e+00  -5.3463776e+01
   8.0570384e+00   3.3672397e+01
  -8.2666937e+01  -2.8590656e+00
   1.4578324e+01  -4.4883533e+01
  -1.7797203e+01  -1.3354843e+00
  -4.8878327e+01   2.3394713e+01
  -1.2875098e+01  -5.0047382e+01
   8.9351894e+01   6.2781779e+00
  -1.9546587e+01   8.2612127e+01
   8.8596506e+01   1.6249559e+01
  -1.4032209e+00   8.1557685e+01
  -4.3297237e+01  -6.0063605e+01
   2.4539111e+01  -7.6695710e+01
  -1.1825293e+01  -8.8000068e+01
   4.6412609e+00  -5.9296403e+01
  -4.4832588e+00  -7.5186236e+01
   4.4533222e+01  -5.4806679e+00
   2.5494324e+01   5.7535796e-01
  -3.8072114e+01   6.8505111e+01
  -2.9713323e+01   7.4226926e+01
   4.7462280e+01   3.1135535e+01
  -7.6829779e+01  -3.7148902e+01
  -6.2937879e+01  -5.6489346e+01
   7.1242942e+01   4.9539903e+01
   7.9663205e+01   2.0743328e+01
   3.6772156e+01   8.8228764e+01
  -4.3287954e+00   3.6556757e+01
  -1.9064242e+01   6.2659132e+01
  -1.0716873e+01   7.7920327e+01
   5.0593109e+00   8.9241837e+01
   6.2090709e+01   3.8831712e+00
   1.9543626e+01   6.8237573e+01
  -2.8988008e+01   3.8759287e+01
  -2.5375270e+01   5.4917488e+01
   2.7471058e+01   7.4485979e+01
  -5.3320053e+01   5.5588579e+01
   8.3999560e+01  -1.6390931e+01
   9.3397217e+01  -1.2972758e+01
  -6.5830083e+01  -2.4975596e+01
  -3.3549811e+00   4.9290030e+01
  -4.6149888e+01  -3.0045823e+01
   5.9722769e+00   5.2862266e+01
   2.2054777e+01   5.7584899e+01
   7.0926646e+01   6.6566124e+01
   2.4409189e+01   4.5179586e+01
   5.7988138e+01   6.4848938e+01
   4.6854073e+01   5.2061133e+01
  -3.8811252e+01   4.0626596e+01
  -8.1583851e+00  -9.2625761e+00
   5.3030089e+01   1.0085108e+01
   2.3764857e+00  -3.3814881e+00
   9.2758291e+00   5.7059093e+00
  -2.8948727e+01   6.4257020e+01
   2.1487773e+00   1.7014491e+01
  -7.9147016e+01  -2.7422487e+01
  -3.6647038e+01  -7.8337878e+01
  -8.4663864e+01   3.6791744e+01
  -4.8806062e+01   4.0985832e+01
   2.6442070e+01  -2.6903478e+01
   6.8984118e+01  -4.1093112e+01
   5.7439653e+01  -1.7782216e+01
   6.7881865e+01  -5.1032159e+01
   4.9792892e+01  -4.4889754e+01
   3.4527831e+01  -7.7158227e+01
   5.1789611e+01  -8.7236707e+01
   2.6786193e+01  -4.3517479e+01
   4.1443234e+01  -3.1335448e+01
   4.7831747e+01  -1.5009468e+01
  -5.0841474e+01  -7.5448563e+01
   2.2946253e+01  -5.8359373e+01
  -5.4913893e+01  -8.8487888e+01
  -3.1782397e+01  -9.7479875e+01
   7.1016254e+01  -3.1301791e+01
  -3.1969999e+01  -6.9500401e+01
  -2.0783868e+01  -7.6238139e+01
  -7.5569477e+01   5.4356425e+01
  -1.3898731e+01  -5.9994580e+01
  -8.5352172e+01   2.0112210e+01
  -8.5520335e+01   5.5333993e+01
  -9.5897796e+01  -1.7850609e+01
  -2.3233581e+01  -5.6411526e+01
  -9.0563668e+01   3.2751455e+00
  -9.9607606e+00  -4.0245850e+01
   5.6215045e+01  -6.7487422e+01
  -8.8805815e+01   4.5890547e+01
  -3.4602636e+01   2.9017749e+01
   3.6987886e+01  -6.0329669e+01
   4.0962293e+01  -6.9504208e+01
   1.0980784e+01  -9.0503784e+01
  -3.2603839e+01   1.1422275e+01
   2.9438214e+01   2.4481087e+01
  -1.0760626e+01   8.7917872e+01
   7.4179542e+00  -2.1737081e+01
  -6.9716728e+01  -1.5764819e+01
   1.5779604e+01  -2.7214628e+01
   2.1525290e+01   1.8369893e+01
   1.3634204e+01  -3.2903437e+00
  -2.1817576e+01  -4.5577730e+01
   1.9807021e+01  -3.6361727e+01
   6.9148015e+01   1.0967778e+01
  -5.3010856e+01  -5.7690690e+01
   5.4529847e+00  -4.8970697e+01
   9.9147216e+01   4.2653178e+00
   9.8167074e+01   1.9148407e+01
  -6.6352702e+01  -6.5888052e+01
  -1.4210044e+01  -9.7756229e+01
   3.8018909e+01  -1.3067537e+01
   1.5440286e+01  -8.0843437e+01
  -2.3033870e+00  -8.4946689e+01
   2.1985383e+01  -8.7866712e+00
  -3.6203677e+01  -2.0553824e+01
  -1.0257750e+01  -1.9033945e+01
  -3.8754398e+01   7.8498533e+01
  -2.9415799e+01   8.4222033e+01
   1.7066656e+01  -7.0050679e+01
   7.6370410e+01  -2.2855909e+01
  -2.2825935e+01   9.2056434e+01
  -7.7253912e+01  -5.6636872e+01
  -6.9496490e+01  -4.8941086e+01
   5.5852787e+01   3.6905199e+01
   3.7490459e+01   3.0407776e+01
   7.6592542e+01   5.7988471e+01
   6.1430864e+01   2.8606519e+01
   6.9666181e+01   2.0980458e+01
   4.1922429e+01   6.9674327e+01
   3.1809755e+01   8.3274933e+00
   3.6743817e+01   7.8228896e+01
   7.9145445e+01   1.0756867e+01
   3.5149999e+01  -2.0240620e+00
  -1.1840317e+01   4.4027265e+01
   1.4142602e+01   9.3423376e+01
   3.8572259e+01   6.0211720e+01
  -1.5229735e+01   5.3428402e+01
  -4.6130765e+01   6.2537974e+01
   1.8372856e+01   7.8634233e+01
  -2.4644279e+01   2.9749142e+01
  -5.7224549e+01   4.6382888e+01
  -6.7097243e+01  -3.4890158e+01
  -4.5563714e+01  -3.1461207e+00
  -2.7789990e+01  -9.6109322e+00
  -9.2434272e+00   2.7848081e+01
   9.1195214e+01  -2.3335135e+01
  -5.1533752e+01  -1.1161446e+01
   6.0733058e+01  -6.0520361e+00
   6.9988749e+01  -2.2503155e+00
  -3.6365755e+01  -3.2038998e+01
   2.6055178e+00   6.2277683e+01
   6.5439386e+01   5.8179824e+01
   1.6224987e+01   3.9434936e+01
   4.3955502e+00   4.2975243e+01
   1.5345338e+01   4.9394649e+01
  -7.9272139e+01  -4.6843300e+01
  -2.6573275e+01   3.4502696e+00
  -5.7618285e-01   7.3989277e+00
  -9.8196738e+01   4.2455458e+01
  -9.4051548e+01   3.3355159e+01
