  -7.4655010e+01   3.7001225e+00
  -8.5904124e+01   2.3797010e+01
  -3.4271930e+00   4.4890465e+01
  -3.8199976e+00  -4.2714734e+01
   3.8892204e+01  -8.1630273e+01
  -5.0240050e+01   6.2329533e+01
  -8.5579359e+01  -2.2427390e+01
   6.9609046e+00  -2.2293081e+01
  -1.9441283e+01  -3.5416876e+01
   1.5348825e+01  -8.0257625e+01
   4.5892850e+01  -9.4950366e+01
  -5.1673042e+01   9.9334569e+01
  -6.9529511e+01  -3.2676266e+01
  -6.1051905e+01   2.7007705e+01
   2.5368231e+01  -3.9276928e+01
  -6.7215389e+01   1.0361537e+01
  -8.6921410e+01   4.6354206e+01
  -2.1027941e+01  -6.4556689e+01
   7.0240939e+01  -1.9064009e+01
  -1.7341106e+01   5.6755021e+01
   9.1101489e+01  -3.6949475e+01
  -3.1033971e+01   9.9030401e+01
  -4.1727401e+01   2.3871171e+01
  -3.9282589e+01   1.4206498e+01
   1.8011538e+01   6.3049195e+01
  -8.0348307e+01   6.6466396e+01
  -8.4632998e+01  -4.7541544e+01
  -5.6278228e+01   7.0664331e+00
   5.9327896e+01  -6.2930886e+01
   4.9440607e+01  -3.2557308e+01
   1.5482143e+01  -3.9958420e+01
   4.5794025e+01   3.6660627e+01
  -6.4934207e+01   3.6152349e+01
  -1.9038950e+01  -5.5024806e+01
  -2.7784378e+01  -7.2494035e+01
  -1.5309829e+01   7.3701243e+01
   9.7393195e+01   3.7371778e+00
  -4.3315585e+01   6.9534468e+01
  -3.1172021e+01   6.5548804e+01
  -3.0455578e+00   2.5268646e+01
   9.7740117e+01  -2.9532622e+01
  -6.0360585e+01  -3.6492249e+01
  -7.7623798e+00   5.3896270e+01
  -2.1357952e+01   3.4758120e-01
  -3.1801175e+01  -1.9024718e+01
   2.3870264e+00   5.2947185e+01
  -4.8690916e+01  -2.2208456e+01
   3.8312683e+01  -5.3311669e+01
   5.4699980e+01  -9.3310629e+01
  -3.9873003e+01   4.1847527e+01
   2.2197118e+01  -2.9873884e+01
   3.2160832e+01  -3.2063226e+01
   6.7766858e+01  -8.6694917e+01
  -9.6451766e+01   4.9315576e+01
   4.4929750e+01  -2.8366998e+00
   2.9931547e+01   3.7153484e+00
  -1.6770826e+01  -8.4610489e+00
   1.0323012e+01   2.0771428e+00
  -9.8833357e+01   5.9021178e+01
  -7.5236815e+01   2.7349408e+01
  -1.7192388e+00  -5.3117403e+01
  -2.7832273e+01  -5.0849958e+01
   4.0283492e+01  -6.3013520e+01
   9.5704362e+01  -7.9809104e+01
  -2.6645406e+01  -2.8582357e+01
   6.1940344e+01   1.6343555e+00
   6.4865526e+00  -5.8675634e+01
  -4.5021567e+01  -8.3644218e+01
   8.3427344e+01  -4.3129254e+01
  -4.0866012e+01  -5.4880796e+00
   8.4508930e+01   1.8890639e+01
   1.5521193e+01   2.2349302e+01
   6.7033178e+01   2.0574002e+01
  -1.2396197e+01   2.8732673e+01
   7.1587842e+01  -2.8872424e+00
   1.8551725e+01   4.1942438e+01
  -4.2209967e+01   8.1721940e+01
  -3.1368434e+01  -2.4908107e+00
  -6.7065853e+01  -5.6576861e+01
   7.0996197e+01  -3.8140807e+01
  -3.1528715e+01   3.6462526e+01
  -1.4772545e+01  -2.6756121e+01
  -6.4139814e+01   9.4251467e-01
  -6.7608388e+01   5.0259694e+01
  -2.5195449e+01   7.3516693e+01
   6.8075922e+01  -2.8735552e+01
   8.8017242e+01  -9.3514409e+01
   2.9709187e+00   8.0050010e+01
   1.1164151e+00   9.7701351e+01
  -4.1351351e+01  -1.5419941e+01
  -9.6020336e+01  -1.4892720e+01
   4.5178050e+01  -4.6125731e+01
  -8.7081280e+01  -3.2266768e+01
  -5.8929993e+01   1.6692715e+01
  -7.7952420e+01   1.7748780e+01
  -7.5439174e+01  -5.1258083e+01
  -8.0425671e+01   9.4877609e+01
   3.5449191e+01   2.3951057e+01
  -6.7611515e+01   8.0214422e+01
   6.9627819e+01  -6.8062252e+01
   7.9396306e+01  -6.5307635e+01
   2.1196368e+01  -1.2428198e+01
   4.6335208e+01   1.6692266e+01
   3.1384704e+01  -6.7111369e+00
   9.6290279e+00  -1.1728626e+01
   1.7534377e+00  -3.0735651e+00
  -9.7968795e+01   7.9137761e+00
   3.3792490e+01  -4.4488700e+01
  -8.7961624e+00  -7.0465699e+01
   3.0662637e+01  -6.0770614e+01
   7.8639576e+01  -9.6928784e+01
   7.4298027e+00  -9.7988982e+01
  -4.2034438e+01  -7.4276179e+01
  -2.5360303e+01  -9.6709871e+01
  -2.6787583e+01  -8.6854261e+01
   6.3665962e+00  -8.3318319e+01
   8.2905117e+01  -3.6997900e+00
   9.2951965e+01   1.3534579e+01
  -1.4449798e+01   9.1657995e+01
   8.3376576e+01  -1.8740238e+01
   2.0470805e+01  -9.9464592e+01
  -1.4367759e+00   3.5114554e+01
   5.7111834e+01   2.1824323e+01
  -3.5565007e+01   5.0832490e+01
   2.5562928e+01   3.4828527e+01
   1.1544322e+01   4.9039734e+01
   6.0340458e+01  -1.7735278e+01
   6.3942863e+00   2.8900993e+01
  -4.9678410e+01   4.3348886e+01
  -3.2166592e+01   2.6547258e+01
  -5.7255517e+01  -5.5051991e+01
  -2.9691783e+01   1.6935280e+01
  -3.0288802e+01   8.3495233e+01
  -3.9655499e+01   6.0357714e+01
  -2.0399611e+01   8.2290069e+01
  -6.0508568e+01  -2.6571432e+01
  -5.5016216e+01   3.4947585e+01
   9.7229667e+01  -8.9678446e+01
   4.3914610e+01  -1.2727210e+01
  -1.2265996e+01  -1.7217177e+01
  -4.5438270e+01   5.2324077e+01
  -3.6906062e+01   9.0939141e+01
  -1.1084896e+01   3.8551270e+01
  -2.6543350e+01   4.6323554e+01
  -2.1583271e+01   3.7126396e+01
  -2.6274332e+01  -1.0906572e+01
  -2.8802539e+01  -4.1154681e+01
  -3.9438014e+01  -2.5159739e+01
   8.2282436e+00   6.1043045e+01
  -5.6714591e+01  -1.6705075e+01
   4.0650601e+00   7.0126581e+01
  -9.5265880e+01  -2.4871234e+01
  -1.0418522e+01   8.2361625e+01
   4.0930449e+01  -2.7348087e+01
  -8.3723959e+01  -5.1071624e-01
  -9.5888365e+01   2.8798548e+01
  -8.4066560e+01   3.3604410e+01
  -9.6911532e+01   7.7809547e+01
  -7.4805197e+01   3.7280258e+01
  -8.3523084e+01   9.4752380e+00
  -9.0424493e+01   9.5008763e+01
  -8.6299589e+01   7.4493214e+01
   1.2270375e+01  -3.0589615e+01
   2.6506627e+01  -2.0910134e+01
  -4.5146308e+01   3.3353333e+01
   5.1885132e+01  -8.1039005e+01
  -8.8741810e+01   5.9989430e+01
  -7.0516222e+01  -4.2590982e+01
   4.6135425e+01   2.6674039e+01
  -7.5986152e+01  -2.5133988e+01
  -9.4434687e+01  -4.5910069e+01
  -7.6340986e+01   8.5566687e+01
  -9.4608944e+01   6.8081885e+01
   2.5467598e+01   2.3364021e+01
   6.1179811e+01  -3.6632505e+01
   5.7914791e+01  -2.7325501e+01
   6.4704679e+01  -4.5855153e+01
   4.9796884e+01  -6.5399943e+01
  -1.1220932e+01  -2.9339723e-01
   7.7536851e+01   5.0712578e+00
   8.5942340e+00  -4.9155961e+01
   2.1071715e+01  -4.8159927e+01
  -7.5462399e+00  -3.3523308e+01
  -5.1651829e+01   2.3837331e+01
  -1.0912126e+01  -4.9511903e+01
  -7.9347613e+01   5.6586001e+01
  -2.8703113e+01   7.0667615e+00
   3.2825368e+01  -7.2063721e+01
  -1.5031431e+00  -6.4057006e+01
  -2.2646717e+00   6.0753956e+00
  -4.0406208e+01  -6.4769101e+01
  -1.9761400e+01  -4.5183649e+01
  -1.7505070e+01  -8.3504871e+01
   5.3503238e+01  -1.0217019e+01
   9.8368480e+01  -5.9816463e+01
   6.5668408e+01  -5.5590940e+01
   8.4389103e+01  -5.3053416e+01
   8.8900514e+01  -6.2792642e+01
   2.8954650e+01  -8.2371500e+01
  -4.8141911e+01   1.3180819e+00
  -3.8623311e+01   4.2789113e+00
  -4.9257205e+01   1.4151346e+01
  -5.2006850e+01  -7.8914702e+00
  -6.2537577e+01  -8.8045031e+00
   9.0510427e+00  -6.8186985e+01
  -3.6042184e+01  -9.0509882e+01
  -6.0665453e+01  -7.4554823e+01
   9.4024213e+01  -5.0843483e+01
  -5.1254444e+01  -7.0475811e+01
  -4.0082772e+00  -8.9729416e+01
  -1.0255154e+01  -5.9475051e+01
   3.7207333e+01  -9.1370743e+01
   9.8447422e+01  -6.2025121e+00
   8.7508917e+01   5.1595964e+00
   7.5383888e+01   1.4812967e+01
   6.6317461e+01   1.0606385e+01
  -8.7341823e+00   9.9855579e+01
   2.7498423e+01  -9.2251684e+01
   2.0964843e+01   5.2361566e+01
   8.9702067e+01  -1.1023868e+01
   8.7726518e+01  -2.7638105e+01
  -2.2230619e+01   2.7137774e+01
  -5.9615530e+01  -6.4675925e+01
   3.9546390e-02   1.5788574e+01
   1.5781900e+01   3.2340807e+01
  -3.5010702e+01   7.4792706e+01
   7.2905537e+00   3.9989579e+01
  -5.9525461e+01   4.4492697e+01
   7.6638059e+01  -1.1454325e+01
   6.3244412e+01  -8.2511258e+00
  -5.2439538e+01   7.3071314e+01
  -1.1289826e+01   6.4629683e+01
   4.9413573e+01  -2.2116269e+01
   4.0664076e+01  -3.7286623e+01
  -2.7283711e+01   5.6356787e+01
  -7.5766809e+01  -1.5170568e+01
  -1.6571763e+01   4.6838432e+01
  -6.8287802e+01   2.0218292e+01
  -4.6888186e+01   9.0557445e+01
  -8.5334077e+01  -1.2466756e+01
  -2.1884327e+01  -1.9830536e+01
  -4.1545567e+01   9.9778100e+01
  -5.1729008e+01  -3.1631367e+01
  -3.5116748e+01  -3.3803364e+01
  -1.7128155e+00   6.2005236e+01
  -7.2053163e+01  -5.9222197e+00
   1.2760367e+01   8.2075352e+01
   1.3839320e+01   7.2135384e+01
  -5.3580746e+00   7.3400136e+01
  -5.5330248e+01   5.3551369e+01
   1.6695722e+01  -2.1333448e+01
  -7.6981809e+01   4.6948771e+01
  -2.5027530e+00   8.8403124e+01
  -6.1371456e+01  -4.6254059e+01
   6.5340263e+01  -7.6991389e+01
   4.3779770e+01   7.0501510e+00
   5.4827219e+01   3.1614754e+01
   2.6669119e+01   1.3439022e+01
   2.2090126e+01  -2.4838440e+00
   3.6069869e+01  -1.8688021e+01
  -2.4427793e+01   9.1539819e+01
  -6.6452388e+01  -1.8588658e+01
   5.4919257e+01  -4.4380295e+01
   3.6642508e+01   1.4029210e+01
   5.5969762e+01   1.1889728e+01
  -9.9037026e+01  -5.4759631e+01
  -8.0883526e+01  -5.9636750e+01
  -5.7762412e+01   8.1353538e+01
  -7.6381855e+01   7.5578092e+01
  -7.9682931e+01  -3.8878604e+01
   5.6669594e+01  -7.2417567e+01
   7.9901531e+01  -3.3773141e+01
   9.4112399e+01  -1.9990358e+01
   2.3140689e+01  -7.4333328e+01
   1.9010177e+01   7.0219023e+00
   4.8255152e+01  -5.5591529e+01
   4.2956373e+01  -7.2601085e+01
   5.6152047e+00  -3.9851689e+01
   2.0184920e+00  -3.0800958e+01
  -4.9275491e+00  -2.3818347e+01
  -6.8636141e+00  -8.8970813e+00
   3.1229253e-01  -1.5304382e+01
  -9.1486444e+01   1.5517857e+01
  -9.2865013e+01   3.8326344e+01
   2.1531027e+01  -6.4630394e+01
   1.5985967e+01  -5.6522176e+01
   9.8856401e+00   1.4094498e+01
  -9.2420308e+01  -5.4658695e+00
  -4.9316555e+01  -6.0699817e+01
  -7.0428104e+01   9.4671956e+01
  -3.4117701e+01  -8.0190997e+01
  -3.5542336e+01  -5.6526530e+01
  -8.9980402e+01   8.5016474e+01
  -1.2145624e+01  -9.1490247e+01
   7.4503378e+01  -4.7242405e+01
   7.5281913e+01  -5.6826000e+01
   9.5957641e+01  -6.9831224e+01
  -5.7598342e+01   9.1272738e+01
  -9.6276403e+01  -3.6110346e+01
   9.9367339e+01  -4.2463719e+01
  -4.4809942e+01  -9.5268347e+01
  -1.7967014e+01  -7.3821830e+01
  -5.5200091e+01  -8.2892766e+01
   2.1974012e+00  -7.5185488e+01
   6.5824406e+01  -9.5932195e+01
   5.9601841e+01  -8.6184067e+01
   1.3023852e+01  -9.0201995e+01
   2.8211959e+00  -9.0944591e+01
