  -2.2069762e+01  -2.7732424e+01
   3.3174148e+01   5.6702846e+01
   7.2911657e+01  -3.6454204e+01
  -8.2287200e+00  -3.9708192e+01
  -3.0013218e+01   1.4375816e+01
   2.6766968e+01   3.7903685e+01
  -4.0286678e+01  -5.1850251e+00
  -7.9184883e+01  -4.8912132e+01
   2.2724920e+01  -4.5805479e+01
   8.4030519e+01   2.3022950e+01
   3.3307474e+01   2.8504405e+01
   4.4349083e+01   2.5662536e+01
   4.1823590e+01   4.2457570e+00
   1.1471111e+01   7.8270224e+01
  -5.7132027e+01   4.2657360e+01
   2.7646222e+01  -2.0132532e+01
  -3.7236664e+01  -8.6637862e+01
   2.1267643e+01  -3.5912951e+01
  -6.2825329e+01   3.0398629e+01
  -6.7977947e+01  -5.2380717e+00
   3.5333707e+00  -3.9680880e+01
   1.6998358e+01  -7.9817756e+01
  -3.0677884e+01  -2.2645188e+01
  -3.1279957e+01  -5.1062896e+01
   2.7994839e+01  -1.0140056e+01
   1.8747043e+01  -6.3444894e+00
  -3.5883635e+01   4.9499881e+01
   3.8656345e+01  -3.3611590e+01
   2.6708027e+01  -5.7626558e+01
  -6.5325310e+01  -1.5752123e+01
  -5.8506228e+01  -8.4416266e+00
  -5.0405071e+01  -2.5865997e+00
   8.8618348e+00  -9.3634512e+01
  -6.4482594e+00  -2.2403413e+01
   1.2605052e+01  -7.0834625e+01
  -4.1697607e+01  -6.9214950e+01
   6.0382933e+01   3.0821089e+01
  -5.5572483e+01  -1.8001063e+01
  -1.2037624e+01   4.0660447e+01
  -2.6011427e+00   7.0304439e+01
  -2.9316627e+01   8.3547073e+01
   1.2157100e+01   1.2285911e+01
   8.7980155e+01  -2.1902009e+01
   4.4546446e+01   7.2420835e+01
   5.7493920e+01  -2.2719698e+01
  -2.6425553e+01   2.3698191e+01
   4.0877045e+01   3.5038673e+01
   4.7113778e+01   6.2756740e+01
   4.8263858e+01  -5.2607006e+01
   3.4300081e+01  -8.0385995e+01
  -1.8419375e+01  -7.0750645e+01
   2.9336299e+01  -2.9987292e+01
  -3.9997731e+01   1.3832644e+01
  -8.4520112e+01   1.8937896e+01
  -7.6140782e+01   3.6525713e+01
  -7.0818392e+01  -2.4106198e+01
  -1.1688381e+01  -5.9417450e+01
  -2.0324239e+01  -8.7967987e+01
  -3.8889908e-03  -4.9034176e+01
  -4.2808063e+01   3.0844824e+01
   3.7343178e+01  -5.8575292e+01
  -4.3234566e+01   4.3745774e+00
  -3.3753143e+01  -6.0750922e+01
   9.4205303e+00  -5.2377596e+01
  -1.8167107e+01  -3.8604460e+01
   3.2023278e+01   9.9190405e+00
   2.2151201e+01   1.1953476e+01
   4.7711041e+01   1.5345925e+01
   5.4015910e+01   2.3107773e+01
  -2.0858592e+01   6.9599939e+01
  -5.9989225e+01  -4.4433587e+01
   2.1592580e+01   8.0538871e+01
   6.5543934e+01  -6.5584093e+00
   7.5580190e+01  -6.3886568e+00
  -1.9602287e+01   4.7184663e+01
   6.7264934e+01  -2.4847287e+01
  -3.7964403e+01   5.9392345e+01
  -4.1915456e+01  -2.0452416e+01
   1.3852023e+01   3.2198049e+01
   1.2180737e+01   5.1589705e+01
  -4.5251351e+00   5.8738978e+01
  -1.6997007e+01  -8.2759488e+00
   6.8427081e+00   2.4693391e+01
  -7.3946057e+00  -1.1054614e+01
   3.0783718e+01  -3.9880825e+01
   3.8907114e+01  -2.3615422e+01
   4.8619020e+01  -1.6335216e+01
   5.7759777e+01  -3.2860819e+01
   4.8542626e+01  -3.7376373e+01
   3.2874734e+01  -6.7561311e+01
  -4.5244533e+01  -7.8564753e+01
  -2.8285816e+01  -6.9123363e+01
  -3.0381098e+01   3.2849493e+01
   1.8408368e+01  -2.6331993e+01
  -6.4876032e+01   2.0611244e+01
  -6.3850123e+01   5.0049041e+01
   1.1203219e+01  -3.3264808e+01
  -7.4563582e+01   1.7536756e+01
  -9.5563175e+01   3.9502839e+01
  -9.0535071e+01  -2.4722013e+01
  -3.0220067e+01  -4.5938643e+00
  -7.1804851e+01   3.9999314e+00
   6.4898125e+00  -7.8746602e+01
  -8.5878774e+01  -1.0201918e+01
  -3.6407925e+01   2.3163349e+01
   4.6467454e+01  -6.2667264e+01
  -2.3667183e+00  -3.1606916e+01
   1.2679541e+00  -1.6044801e+01
   7.8139091e+01   3.7824815e+00
   2.1420112e+01  -6.6113545e+01
  -2.1681426e+01  -5.9790300e+01
  -1.6081416e+01  -1.9720336e+01
  -5.4699727e+01  -6.4039396e+01
   1.6278197e+01   2.1391392e+01
  -1.3337004e+01  -7.9362708e+01
  -8.6498205e+00   8.4955771e+01
  -1.2435794e+01  -3.0411113e+01
   3.5383942e+01  -3.4039018e+00
   1.8395597e+01  -1.6334844e+01
   3.7321346e+01  -1.3743018e+01
   9.9122709e+00  -1.1023191e+01
  -3.8998581e+01   7.9277821e+01
   2.8243598e+01   1.9881500e+01
  -1.1550365e+01   6.5848831e+01
   6.0490297e+01   4.0825850e+01
   6.3871485e+01   2.1420767e+01
  -7.7965355e+01  -3.8986991e+01
   2.8887022e+01   4.7671167e+01
  -6.7559451e+01  -3.3962032e+01
   1.6860459e+01   3.4690850e+00
   3.8044225e+01   1.7902207e+01
  -1.6051513e+01   2.8962299e+01
   3.6320843e+01   6.6193650e+01
   2.5987433e+01   6.3655725e+01
   8.7681372e+00   6.8358666e+01
   5.4676905e+01  -6.1867558e+00
  -1.0162844e+01   5.0481257e+01
   8.6366443e+01  -1.9017378e+00
   7.7588075e+01  -2.4332882e+01
  -4.5866275e+01   4.9462912e+01
   7.0341577e+01  -1.5332350e+01
  -4.7444379e+01   6.2575051e+01
  -5.6302186e+01  -3.5138263e+01
  -3.4730632e+01  -1.3507143e+01
  -3.1683091e+01  -3.2591369e+01
   9.6844290e+00   4.1907287e+01
   2.3255792e+01   2.8546639e+01
   5.9847430e+01   5.0805119e+01
   3.8444686e+01   4.4736309e+01
  -2.3560057e+00   5.8710796e+00
   5.1795401e+01   3.4992059e+00
  -3.0118662e+00   2.3011599e+01
   6.3887913e+01  -4.0763734e+01
   4.0579038e+01  -4.3424604e+01
   4.4247258e+01  -8.1412070e+01
   5.4881936e+01  -4.5110270e+01
   3.2776764e+01  -4.9679256e+01
   4.8376864e+01  -2.6827949e+01
  -5.4922028e+01  -8.1083865e+01
  -2.5578403e+01  -7.9459558e+01
  -7.3487262e+01   4.7395771e+01
  -8.5770794e+00  -6.8982310e+01
  -2.7660124e+01  -4.1743356e+01
  -7.2325861e+01   2.7282477e+01
  -6.6718079e+01   3.9847863e+01
  -8.2360036e+01   2.8699952e+01
  -5.2853067e+01   3.1105719e+01
  -5.5460031e+01   1.7245003e+01
  -8.0269068e+01   9.3244700e+00
  -2.4739808e+01  -1.4600965e+01
  -5.2685053e+01   7.6386430e+00
  -8.2045666e+01  -1.9438089e+01
  -7.4798232e+01  -1.2549510e+01
  -6.0489527e+01   1.3881580e+00
  -4.7469342e+01  -1.2142536e+01
  -5.0786419e+01  -2.6791624e+01
  -3.3255280e+01   4.9263013e+00
   4.2012498e+01  -7.1623654e+01
   5.3040717e+00  -2.5191978e+01
  -6.4316298e+01   1.0626980e+01
  -4.2502075e-01  -8.9925843e+01
  -9.9898262e+00  -4.9562770e+01
   3.4443382e+00   3.4094644e+01
  -7.8662086e+01  -3.2795390e+00
   1.3103315e+01  -4.3081326e+01
  -2.1661792e+01   5.6511586e-01
  -4.6412392e+01   2.1503477e+01
  -2.0706152e+01  -4.9681383e+01
   8.9392818e+01   7.6292642e+00
  -1.9323659e+01   8.3205591e+01
   8.1165727e+01   1.3313365e+01
   1.0480668e-02   7.9956034e+01
  -4.5556494e+01  -5.9989614e+01
   2.5813650e+01  -7.5096512e+01
  -1.0395809e+01  -8.9162164e+01
   7.5579927e+00  -6.2202069e+01
  -3.3839569e+00  -8.0329682e+01
   4.4711318e+01  -7.0070899e+00
   2.6659087e+01   1.4803520e+00
  -3.9477661e+01   6.9289303e+01
  -3.0438275e+01   7.3613910e+01
   5.0768847e+01   3.3572183e+01
  -6.9973155e+01  -4.4997013e+01
  -6.2132684e+01  -5.4201108e+01
   6.9688237e+01   4.9028008e+01
   7.3776311e+01   2.0050163e+01
   3.6869218e+01   7.8827949e+01
  -6.4108806e+00   3.2406088e+01
  -1.7878780e+01   5.8118575e+01
  -1.2626489e+01   7.5783372e+01
   6.8843523e+00   8.7218107e+01
   6.1763202e+01   2.6992932e+00
   1.8566166e+01   7.0358057e+01
  -2.1470920e+01   3.7364384e+01
  -2.6952514e+01   5.3945751e+01
   2.8519255e+01   7.3327355e+01
  -5.4708134e+01   5.4098602e+01
   8.0857844e+01  -1.4882559e+01
   9.0140159e+01  -1.1162327e+01
  -6.1073871e+01  -2.6350740e+01
  -2.1890903e+00   4.2351733e+01
  -4.1445115e+01  -3.0432032e+01
   2.1896197e+00   5.1335849e+01
   2.1704164e+01   5.4623426e+01
   6.6750762e+01   5.9199784e+01
   1.9318625e+01   4.4586873e+01
   5.6815514e+01   6.0334312e+01
   4.2733523e+01   5.3768312e+01
  -3.7649632e+01   3.9673642e+01
  -9.6697827e+00  -9.4621378e-01
   5.7123019e+01   1.1968662e+01
   1.2493840e+00  -6.0280527e+00
   6.9425869e+00   2.1925979e+00
  -2.8955149e+01   6.3731948e+01
   2.4444240e+00   1.4639754e+01
  -7.9479453e+01  -2.9102838e+01
  -3.5229535e+01  -7.6841386e+01
  -8.5570808e+01   3.9841731e+01
  -4.7625218e+01   3.9622584e+01
