   3.0062578e+01  -6.7918188e+00
  -1.9503550e+01  -2.2525483e+01
   6.8074601e+00   2.5824605e+01
   1.4184466e+00  -2.3198223e+01
   3.1313690e+01   5.2547939e+01
  -1.2830942e+01   3.6187583e+01
   5.6597765e+01  -3.2938848e+01
  -8.0135889e+00  -3.8185151e+01
  -4.8508116e+00  -5.8076698e+01
  -2.3994694e+01  -3.6159067e+01
  -2.6248401e+01   4.7783269e+00
  -1.8531853e+01  -4.9457119e-01
   1.0047061e+01   3.5270137e+01
   3.9669240e+01   8.6945921e+00
  -2.2228240e+01   3.9461090e+01
   7.9599997e+00  -4.5359169e+01
  -3.5092953e+01  -1.1654164e+01
  -5.8466423e+01  -3.1437619e+01
   4.8185648e+01   3.6730712e+01
  -6.8262492e+00   5.1613061e+01
   5.9203861e+01  -1.3594483e+01
   2.1929454e+01   4.9105821e+01
   3.7390319e+01   3.5806060e+01
   2.4772152e+01  -4.2137067e+01
  -1.5584092e+01  -3.1316414e+01
  -5.0232974e+01  -3.4171632e+00
  -3.0377087e+01   1.5833051e+01
   1.7000722e+01  -4.7874732e+01
   7.0452762e+01   1.1786983e+01
   3.4958140e+01   2.2739320e+01
  -5.0043569e+01  -2.0680808e+01
   3.1010926e+01   1.3578139e+01
   2.5006952e+01   2.1668921e+01
   3.8290755e+01  -1.2318346e+00
  -2.2577828e+01   5.2391861e+01
   4.4053356e+00  -5.9781498e+00
   6.5610030e+01  -9.7806482e-01
   1.5494667e+01   6.3087273e+01
  -3.9220615e+01   4.1694337e+01
   5.8868570e+00   1.2942695e+01
   2.7031704e+01  -3.3180427e+01
   2.5284943e+01  -6.4452152e+01
   1.9772498e+01  -1.7029254e+01
  -3.4490493e+01  -6.5136302e+01
   1.9540057e+01  -2.6943328e+01
  -4.9031689e+01   3.2239169e+01
  -5.7887786e+01   2.5078192e+01
  -6.3487581e+01  -4.1528843e+00
   2.2248435e+00  -3.4123340e+01
  -2.7450706e+01  -1.7436335e+01
   1.6339614e+01  -6.4754514e+01
   4.7310736e+01   2.4484960e+00
  -5.9452526e+01  -2.1620581e+01
   5.1535151e+01   2.2163152e+01
  -3.3416923e+01  -3.5663596e+01
  -3.0198281e+01  -4.4611677e+01
   2.9783704e-02   3.3115765e+01
   2.1134215e+01   1.2445266e+01
   2.0089747e+01  -7.1083899e+00
  -1.2279554e+01   5.9974277e+01
   1.8743880e+01   2.9548008e+01
   5.6102419e+01   4.9330615e+00
  -4.7681260e+00   4.1856946e+01
   2.9277231e+00   5.3668677e+01
   5.4267860e+01  -4.8977606e+00
   8.7277983e+00   3.3339547e+00
  -2.9525026e+01   3.3339249e+01
  -3.9142488e+01   3.1913831e+01
   4.9871410e+00   4.3885758e+01
   3.8620071e+01   4.5723669e+01
  -1.4942498e+01   4.5943226e+01
   3.6878170e+01  -3.3066635e+01
   4.1648908e+01  -2.2949795e+01
   3.5218219e+01  -4.4703024e+01
   2.7305171e+01  -5.0354055e+01
   9.8242985e+00  -5.4398794e+01
   1.3503561e+01  -3.7564585e+01
   9.9252142e+00  -2.8357920e+01
  -1.3910688e+01  -5.4624093e+01
  -3.8467162e+01   2.2352457e+01
  -6.1997012e+01   1.1529306e+01
  -6.8561327e+01  -1.2628660e+01
  -5.7168549e+01   3.2784019e+00
  -4.0143031e+01   1.3051664e+01
  -4.0276109e+01  -2.9955029e+00
  -6.1146114e+00  -2.9159976e+01
  -3.4870363e-01  -7.2642821e+01
  -2.1849853e+01  -4.8855575e+01
  -4.8937852e+00  -1.1505321e+01
  -9.2152930e+00  -2.0263860e+01
   3.9224641e+00  -5.9798213e+01
   5.8651578e+01   1.5597867e+01
   2.8632481e+01   3.0990079e+01
   4.3488381e+01   2.7912894e+01
   1.5048260e+01   2.0279986e+01
  -3.2920417e+01  -5.4138144e+01
   3.6711664e+01  -1.4256444e+01
   2.9466214e+01   3.5946712e+00
   5.6370068e+01   3.0889923e+01
   4.5004623e+01  -8.6641164e+00
  -4.8647794e+01  -3.0507465e+01
   4.8925659e+01   1.2468912e+01
  -8.1084548e+00   2.7318902e+01
  -3.7731651e+00   6.5229473e+01
  -2.1985506e+01   6.2362348e+01
  -1.2458747e+00   1.9946837e+01
   7.2447403e+01  -7.6469434e+00
  -1.1340871e+00   2.4080012e+00
   2.5128004e+01   6.0404733e+01
   4.9940022e+01  -1.7359485e+01
  -1.8750408e+01   2.8513721e+01
  -3.9123260e+01  -2.8477475e+01
  -3.0343215e+01   4.6148826e+01
   1.9089464e+01   3.9528033e+01
   1.2915738e+01   5.3426390e+01
   1.8955033e+01   2.7575831e+00
   2.8873185e+01   4.1631370e+01
   4.5426430e+01   5.3047563e+01
  -9.3713813e+00  -2.8467879e+00
   4.6713404e+01  -3.1563366e+01
   4.4346195e+01  -4.1224758e+01
   3.2986687e+01  -7.0518324e+01
  -2.4689157e+01  -6.7395643e+01
   2.8727813e+01  -2.3177333e+01
   9.9930310e+00  -1.8478522e+01
  -4.8460092e+01   2.1884713e+01
  -2.3642159e+01  -5.7893885e+01
  -6.6944388e+01   1.9837964e+01
  -1.5945050e+01  -1.3213116e+01
  -2.4464434e+01  -8.1178308e+00
  -6.6749567e+01   2.9684610e+01
  -6.9048368e+01  -2.2590453e+01
  -3.4837894e+01   5.4996811e+00
  -4.9022295e+01   8.8532770e+00
  -4.0740106e+01  -1.9258689e+01
  -1.6230481e+01  -4.1757293e+01
  -5.7462605e+01  -1.1981082e+01
  -1.2294210e+01  -6.4369205e+01
  -9.4503530e+00  -7.3711426e+01
  -6.7092174e-01  -4.3492531e+01
  -2.7280576e+01   2.4380750e+01
   3.1212219e+01  -5.7681580e+01
   6.3817049e+01   7.7733664e+00
   1.0123682e+01  -6.7213050e+01
   2.4487675e+00  -6.6176307e+01
  -4.1908821e+01   1.2101988e+00
