   4.0213131e+01   1.1523477e+01
   3.0009039e+01  -1.4136593e+01
  -2.7532204e+01  -2.1727273e+01
   5.7302415e-02   2.2813289e+01
   5.7152314e+00  -3.1319575e+01
   9.7891869e+00   9.7456975e+00
   4.4480605e+00  -2.1425652e+01
  -1.5194015e+01  -2.1728078e+01
   2.6797796e+01  -3.2837221e+00
   7.0853950e+00   1.2937106e-01
   2.9167973e+01   4.2253445e+01
  -3.7559730e+01   9.8119830e+00
   9.5662698e+00   1.9733737e+01
  -1.1025980e+01   2.8463808e+01
   3.2698674e+01  -2.5585433e+01
  -4.7304362e+00  -1.7596433e+01
  -1.9859580e+01  -4.4114164e+01
  -2.2663746e+00  -5.0519971e+01
  -2.7542706e+01  -3.7716149e+01
  -2.8077272e+01   6.6600654e+00
  -3.9388804e+01  -1.0885235e+01
  -1.5455337e+01  -9.4469625e-01
   4.1587751e+00   4.0543203e+01
   3.3768437e+01   3.8800821e+00
  -2.1025364e+01   2.8527043e+01
   1.3855993e+01   3.8101777e+01
   2.4665536e+01  -3.2088145e+01
   2.0505637e+01  -1.1044943e+01
  -2.7054440e+00  -3.7054792e+01
  -4.4357299e+01   1.9656502e+00
   6.3442619e+00  -4.1284240e+01
  -1.9477616e+01  -1.2690967e+01
  -3.5125361e+01  -1.8444524e+00
  -1.2763411e+01  -3.4467318e+01
  -2.9453640e+01  -1.1934995e+01
  -3.5112916e+01  -2.8241708e+01
   4.6199851e+01   2.0080983e+01
  -2.5208273e+01  -2.9090724e+00
   1.6908853e+01  -1.7215590e+00
   7.7827439e+00   3.0110652e+01
  -6.0890444e+00   4.1700485e+01
   4.6187866e+01  -4.8433494e+00
  -3.7687608e+00   3.5720629e+00
   2.6558940e+01   2.3266211e+01
  -1.5506935e+01   3.7833596e+01
   1.7050078e+01   2.6353739e+01
   3.2645042e+01   3.1301654e+01
  -1.9269431e+00   3.2610377e+01
   2.5232949e+01  -4.2205977e+01
   2.3489373e+01  -2.1714730e+01
   3.9224831e+01  -1.8010024e+01
   1.5321314e+01  -2.8526655e+01
   1.4003087e+01  -1.8616115e+01
  -5.6051266e+00  -2.7509770e+01
  -9.8641293e+00  -4.4027532e+01
  -4.8629233e+01  -7.0758274e+00
  -4.6824310e+01   1.3565880e+01
  -2.9772301e+01   1.6603674e+01
   7.7105122e+00  -5.1179190e+01
   1.5945567e+01  -3.8504997e+01
  -2.1546973e+01  -2.9717389e+01
   5.0003577e+01   9.4908060e+00
  -1.0086611e+01  -9.2629170e+00
   3.6219292e+01   2.0690166e+01
  -4.1601186e+01  -2.0633781e+01
   2.2358410e+01   6.6591674e+00
   1.9441137e+01   1.6223002e+01
   3.6307609e+01  -6.3733975e+00
  -1.1665356e+01   4.9999864e+01
  -5.3122907e-01  -6.3372418e+00
   5.4576718e+01   5.9803654e-01
   1.0182902e+01   4.8523867e+01
  -3.0994456e+01   2.9309728e+01
   4.5559121e-02   1.2815069e+01
   2.3106785e+01   3.4303567e+01
   1.0247743e+01  -9.3525088e+00
   1.9881385e+01   4.6087600e+01
