  -7.4227247e+01   2.6731593e+01
  -7.3408449e+01   8.3056965e+01
   6.0688309e+01  -2.9426344e+01
   4.6454669e+01  -5.1675615e+01
  -7.1062000e+01   1.7245777e+01
  -9.2374005e+01   1.9380911e+01
  -5.3990568e+01   2.2729120e+01
  -6.2438549e+01   4.2694395e+01
  -9.9005461e+01   5.5198324e+01
   2.8422809e+01  -8.6307245e+01
   1.7512292e+01  -4.9394643e+01
   3.8140221e+01  -4.6121911e+01
  -4.8107811e+01   5.2474875e+01
  -8.5127400e+01   9.2292028e+00
  -7.9963425e+01   6.6046792e+01
  -5.5380419e+01   6.0018225e+00
  -7.6513265e+01   3.6466764e+01
  -9.3007952e+01  -2.8034308e-01
   2.0153685e+01  -8.0683949e+01
   2.7825817e+01  -3.3281179e+01
   6.1624237e+01  -8.8350244e+01
   5.5678951e+01  -5.5533349e+01
   7.8234319e+00  -5.2309758e+01
   2.7353992e+00  -6.2806869e+01
   6.7777843e+01  -7.1306030e+01
   3.8105989e+01  -3.6122283e+01
  -4.1156136e+01   4.5286423e+01
  -8.4494201e+01  -9.3744496e+00
  -8.0367342e+01   5.6054964e+01
  -8.9321434e+01   6.9572052e+01
  -6.0663943e+01   1.4736712e+01
  -6.3880993e+01   2.4205084e+01
  -5.6898630e+01   3.4109844e+01
  -3.9000310e+01   3.5521577e+01
  -8.1002098e+01   1.8338640e+01
   6.3372284e+01  -3.9059372e+01
   4.2566879e+01  -9.7141508e+01
   3.9543520e+01  -2.6226322e+01
   3.6309989e+01  -7.8309254e+01
   1.8237482e+01  -2.5225950e+01
  -1.0760366e+00  -4.7749119e+01
   6.2586969e+01  -6.2761120e+01
   1.4740378e+01  -5.9531651e+01
   4.7808978e+01  -7.3889898e+01
   1.8798383e+01  -6.8671257e+01
  -8.5779271e+01   4.0227083e+01
  -8.4171558e+01   2.7823075e+01
  -5.1025881e+01   4.2203735e+01
  -5.8077166e+01   5.1693108e+01
  -7.5147984e+01   8.1187030e+00
  -8.0957045e+01  -2.0945151e-02
  -8.9780422e+01   5.9430439e+01
  -6.8726343e+01   5.0470227e+01
  -8.9906234e+01   7.9805988e+01
  -5.5442420e+01  -3.9980621e+00
  -8.0610574e+01   7.6119429e+01
  -9.5120973e+01   9.5876544e+00
  -6.5391607e+01   5.9248459e+00
  -7.7850219e+01   4.6376964e+01
  -4.4162015e+01   2.0885460e+01
  -4.7603006e+01   3.0423197e+01
  -6.6892016e+01   3.3740906e+01
   5.0968872e+01  -3.1778471e+01
   4.6886762e+01  -4.0907341e+01
   5.5751767e+01  -4.5534165e+01
   3.8257539e+01  -8.8117707e+01
   4.8228640e+01  -8.8877032e+01
   3.1771025e+01  -9.5801323e+01
   2.9921429e+01  -2.3503244e+01
   1.1814316e+01  -3.2890297e+01
   2.8561256e+01  -4.3254058e+01
   3.9384689e+01  -5.8747464e+01
   3.9233329e+01  -6.8746186e+01
   1.9272891e+01  -3.9550871e+01
   4.0047394e+00  -3.9136040e+01
   6.9750964e+01  -5.5784532e+01
  -9.2031490e+01   4.8031504e+01
   2.4840555e+01  -6.0584886e+01
   2.7392265e+01  -7.3784460e+01
   8.9882845e+00  -7.0610803e+01
   5.7786388e+01  -7.1708245e+01
   5.4634804e+01  -8.1198508e+01
   5.0733298e+01  -6.4325487e+01
  -9.8560416e+01   7.3398422e+01
  -9.2722182e+01   3.3030160e+01
  -9.9016819e+01   4.0812788e+01
