   3.1180257e+01   5.3491493e+01
   7.8760107e+01  -3.8985603e+01
  -3.8627353e+01   1.9812862e+01
   3.2172314e+01   3.8856857e+01
  -8.8113696e+01  -5.1569381e+01
   4.3741770e+01   5.5438744e+00
   8.4534060e+00   7.9861163e+01
  -3.6371915e+01  -8.8595351e+01
  -6.3703700e+01   2.9239963e+01
  -7.3088891e+01  -5.3952122e+00
   2.1697204e+01  -8.8646695e+01
  -2.7024269e+01  -2.8791727e+01
  -3.0833140e+01  -4.9924667e+01
   2.8554038e+01  -1.6336009e+01
   1.6734677e+01  -1.7241764e+01
  -3.3313876e+01   4.9330640e+01
   2.8987657e+01  -6.6333279e+01
  -6.3489354e+01  -7.8456071e+00
  -5.5959611e+01  -1.4584777e+00
   7.1255837e+00  -6.8986892e+01
  -4.2438335e+01  -7.0028100e+01
   5.3106981e+01   2.2957752e+01
  -5.9885128e+01  -1.6816349e+01
  -1.2007990e+00   7.1528903e+01
  -3.5101847e+01   9.2452524e+01
   1.2003723e+01   1.5332046e+01
   5.0433714e+01   7.4952708e+01
   5.8897883e+01  -2.9108234e+01
  -2.8508020e+01   2.0521561e+01
   4.6799991e+01   4.1152106e+01
   4.8426413e+01   6.1938637e+01
   4.3319274e+01  -5.2509532e+01
   3.1504610e+01  -8.6693811e+01
   3.2174729e+01  -3.5095740e+01
  -4.6583269e+01   1.3639527e+01
  -9.5147205e+01   2.2459437e+01
  -7.5203029e+01   3.4103490e+01
  -4.4931620e+00  -6.3417072e+01
  -2.1420506e+01  -9.0828754e+01
   7.0183394e-02  -4.0542345e+01
  -4.3489503e+01   3.0557218e+01
  -4.0708591e+01   5.6552128e+00
  -3.3312098e+01  -5.9610977e+01
   1.3593145e+01  -5.4842604e+01
   3.7062684e+01   1.6846248e+01
  -1.9842511e+01   7.2671840e+01
  -5.9967362e+01  -4.5986027e+01
   2.4797751e+01   8.6301198e+01
   6.8278894e+01  -1.2652346e+01
   7.7520429e+01  -8.8765228e+00
  -2.1676472e+01   4.5650598e+01
   6.6361326e+01  -2.2457377e+01
  -3.7069671e+01   5.8476743e+01
   1.2492191e+01   6.0478514e+01
  -6.7329352e+00   5.8708219e+01
  -1.8666804e+01  -1.1794059e+01
   1.3421328e+01   2.5229743e+01
  -7.3555253e-02  -1.8293925e+01
   3.6106803e+01  -2.2895621e+01
   5.0776542e+01  -3.4939966e+01
  -4.5128136e+01  -8.3655521e+01
  -6.7140467e+01   2.0777049e+01
  -6.6354429e+01   5.0438241e+01
   9.5620148e+00  -3.6177906e+01
  -7.4515643e+01   1.4415724e+01
  -9.0979690e+01  -2.9210346e+01
  -4.0394030e+01  -1.2019154e+01
  -7.5427029e+01   4.4510869e+00
   5.6371567e+00  -7.8875069e+01
  -8.9079022e+01  -1.0563611e+01
   5.0906565e+01  -5.9022004e+01
   8.0354386e+01   6.8349029e-01
  -2.2463886e+01  -6.6385625e+01
  -1.7315351e+01  -2.6148180e+01
  -5.6373739e+01  -6.7118059e+01
  -3.3622253e+00   9.4661428e+01
  -8.2565548e+00  -3.0400359e+01
   8.3594312e+00  -1.1742478e+01
  -4.3631809e+01   8.7233363e+01
  -1.0537131e+01   6.7954405e+01
   6.0326855e+01   1.6069397e+01
  -8.6822980e+01  -3.8303692e+01
   1.8977046e+01   8.1657406e+00
  -1.6136252e+01   3.5052799e+01
   2.9159929e+01   6.4628648e+01
   9.1030709e+00   6.9884062e+01
   8.9502478e+01  -4.1831727e+00
   8.4717596e+01  -3.0954202e+01
  -4.3666330e+01   4.9616184e+01
  -5.0215516e+01   7.1688535e+01
  -3.0176978e+01  -3.9945170e+01
   2.3331140e+01   3.2386855e+01
   5.7361705e+01   5.2231626e+01
   3.8452672e+01   4.6637079e+01
   5.2838531e+01  -3.6516245e-02
   9.6221072e-02   2.7991766e+01
   5.8986299e+01  -4.0951431e+01
   3.9203851e+01  -4.2318156e+01
   4.2992709e+01  -8.2485702e+01
   5.7502346e+01  -5.1262216e+01
   3.3437778e+01  -5.1000675e+01
   4.9565290e+01  -2.4861457e+01
  -5.9857290e+01  -7.9775365e+01
  -2.7928900e+01  -8.3236743e+01
  -7.8607798e+01   4.4788834e+01
  -1.3004142e+01  -6.9957275e+01
  -1.9926193e+01  -3.5790318e+01
  -7.6438922e+01   2.4340685e+01
  -6.9723038e+01   4.1905684e+01
  -5.4015537e+01   3.2058070e+01
  -5.7382610e+01   1.8110512e+01
  -8.3539706e+01   1.0268526e+01
  -2.4533424e+01  -1.9284423e+01
  -5.5074599e+01   8.4263735e+00
  -8.6267334e+01  -2.0395697e+01
  -7.9428403e+01  -1.3115844e+01
  -6.5872541e+01   1.6558608e+00
  -4.6871951e+01  -1.9279186e+01
  -5.7185699e+01  -2.5995272e+01
  -3.6483876e+01  -3.3132766e+00
   4.9435701e+01  -7.4837979e+01
   1.7335425e+00  -2.9955790e+01
  -6.4698099e+01   1.1393508e+01
  -8.4814572e-01  -9.4842660e+01
  -3.4788931e+00  -5.3469017e+01
   8.0998287e+00   3.3696805e+01
  -8.2717059e+01  -2.8523698e+00
   1.4573731e+01  -4.4899884e+01
  -4.9037678e+01   2.3145071e+01
  -1.2873523e+01  -5.0048878e+01
   8.8943886e+01   5.7991830e+00
  -1.9540114e+01   8.2663597e+01
   8.7059952e+01   1.7076254e+01
  -1.3994954e+00   8.1567774e+01
  -4.3301554e+01  -6.0065412e+01
   2.4538949e+01  -7.6695896e+01
  -1.1828701e+01  -8.8001288e+01
   4.6436554e+00  -5.9300472e+01
  -4.4810830e+00  -7.5187571e+01
   4.4505832e+01  -5.5099329e+00
   2.5493537e+01   5.8456900e-01
  -3.8072114e+01   6.8505111e+01
  -2.9719641e+01   7.4230554e+01
   4.7451832e+01   3.1182278e+01
  -7.6892452e+01  -3.7153377e+01
  -6.2941038e+01  -5.6491095e+01
   7.1246140e+01   4.9540789e+01
   3.6772160e+01   8.8230247e+01
  -4.3288079e+00   3.6565443e+01
  -1.9039273e+01   6.2714757e+01
  -1.0721401e+01   7.7949608e+01
   5.0562684e+00   8.9265307e+01
   6.2067569e+01   3.8508274e+00
   1.9543626e+01   6.8237573e+01
  -2.8589155e+01   3.8636305e+01
  -2.5270083e+01   5.4965080e+01
   2.7475873e+01   7.4485685e+01
  -5.3325492e+01   5.5581629e+01
   8.4038293e+01  -1.6440533e+01
   9.3549035e+01  -1.3325431e+01
  -6.6858128e+01  -2.5037049e+01
  -3.3334625e+00   4.9306315e+01
  -4.9365471e+01  -3.0998559e+01
   6.0004939e+00   5.2876278e+01
   2.2061219e+01   5.7585484e+01
   7.0926646e+01   6.6566124e+01
   2.4442385e+01   4.5196105e+01
   5.7992543e+01   6.4851641e+01
   4.6856075e+01   5.2062426e+01
  -3.7663561e+01   4.0898694e+01
  -1.1388180e+01  -6.0775172e+00
   5.2656896e+01   9.9068161e+00
   2.7096842e+00  -2.9993740e+00
   9.2822338e+00   5.7127118e+00
  -2.8924307e+01   6.4264771e+01
  -7.9140941e+01  -2.7410200e+01
  -3.6652692e+01  -7.8348697e+01
  -8.4750988e+01   3.6805936e+01
  -5.2144998e+01   4.3603354e+01
   2.6441412e+01  -2.6902540e+01
   6.8985100e+01  -4.1094558e+01
   5.7439653e+01  -1.7782216e+01
   6.7881760e+01  -5.1033105e+01
   4.9795105e+01  -4.4890795e+01
   3.4527795e+01  -7.7161887e+01
   5.1791431e+01  -8.7237689e+01
   2.6809854e+01  -4.3540434e+01
   4.1445586e+01  -3.1347952e+01
   4.7831747e+01  -1.5009468e+01
  -5.0841806e+01  -7.5448584e+01
   2.2953227e+01  -5.8359522e+01
  -5.4913893e+01  -8.8487888e+01
  -3.1782362e+01  -9.7479943e+01
   7.1017507e+01  -3.1304288e+01
  -3.1960370e+01  -6.9518438e+01
  -2.0781540e+01  -7.6242980e+01
  -7.5592984e+01   5.4376697e+01
  -1.3889917e+01  -5.9996789e+01
  -8.5444656e+01   2.0076163e+01
  -8.5539210e+01   5.5360749e+01
  -9.5933676e+01  -1.7841540e+01
  -2.3226093e+01  -5.6414914e+01
  -9.0629737e+01   3.2396525e+00
  -9.9621374e+00  -4.0253831e+01
   5.6221120e+01  -6.7492472e+01
  -8.8827901e+01   4.5920740e+01
  -3.4253421e+01   2.8844755e+01
   3.6993557e+01  -6.0341588e+01
   4.0970869e+01  -6.9514781e+01
   1.0980784e+01  -9.0503784e+01
   2.9441100e+01   2.4470943e+01
  -1.0773275e+01   8.7948228e+01
   8.1836248e+00  -2.2184981e+01
  -6.9779735e+01  -1.5569849e+01
   1.6163818e+01  -2.7362975e+01
   2.1532442e+01   1.8357496e+01
   1.3663915e+01  -3.2704091e+00
  -2.1823797e+01  -4.5596048e+01
   1.9849836e+01  -3.6449861e+01
   6.9051464e+01   1.1007647e+01
   5.4497628e+00  -4.8971757e+01
   9.9344303e+01   3.7633995e+00
  -6.6353682e+01  -6.5890750e+01
  -1.4209363e+01  -9.7756884e+01
   3.8004163e+01  -1.3084202e+01
   1.5440831e+01  -8.0845658e+01
  -2.3059752e+00  -8.4949563e+01
   2.2005562e+01  -8.7800796e+00
  -3.4278729e+01  -1.9684171e+01
  -1.0251519e+01  -1.9082300e+01
  -3.8762221e+01   7.8499280e+01
  -2.9417300e+01   8.4225519e+01
   1.7068963e+01  -7.0047860e+01
   7.6368713e+01  -2.2856748e+01
  -2.2841577e+01   9.2101318e+01
  -7.7251566e+01  -5.6648186e+01
  -6.9515681e+01  -4.8956318e+01
   5.5849084e+01   3.6933159e+01
   3.7491542e+01   3.0393449e+01
   7.6593950e+01   5.7990696e+01
   6.1382881e+01   2.8635148e+01
   6.8462754e+01   2.1580374e+01
   4.1922986e+01   6.9673407e+01
   3.1815896e+01   8.3332466e+00
   3.6748157e+01   7.8230312e+01
   7.9040129e+01   1.0569675e+01
   3.5143331e+01  -2.0195757e+00
  -1.1832411e+01   4.4061047e+01
   1.4149201e+01   9.3426405e+01
   3.8575190e+01   6.0222138e+01
  -1.5244964e+01   5.3460208e+01
   1.8377444e+01   7.8634516e+01
  -2.4499135e+01   2.9671708e+01
  -6.7134485e+01  -3.4996599e+01
  -4.6216902e+01  -2.7745844e+00
  -2.8179111e+01  -9.5275776e+00
  -9.2741626e+00   2.7840937e+01
   9.1236077e+01  -2.3371204e+01
  -5.2088611e+01  -1.0731403e+01
   6.0765108e+01  -6.0817740e+00
   6.9996974e+01  -2.2483261e+00
   2.6063498e+00   6.2282176e+01
   6.5440521e+01   5.8178807e+01
   1.6256759e+01   3.9453737e+01
   4.4152527e+00   4.2987730e+01
   1.5378579e+01   4.9414249e+01
  -7.9293036e+01  -4.6859315e+01
  -5.7323203e-01   7.3962283e+00
  -9.8206751e+01   4.2453658e+01
  -9.4108675e+01   3.3332257e+01
   9.6191333e+01   1.3195383e+01
  -4.0573337e+01  -2.7103100e+01
  -2.8682974e+01   2.2502564e+00
  -3.5144858e+00  -1.0215687e+01
  -6.2176129e+01   3.7911969e+01
  -4.5951628e+01   3.8528758e+01
   2.7538818e+00   2.3706146e+01
