   5.7974497e+01  -1.2258037e+01
  -4.2448738e+01   6.6602005e+01
  -9.9055584e+01   5.6551634e+00
  -8.3401272e+01   8.1294218e+01
   3.8035860e+00  -8.3688384e+01
   5.8227719e+01  -9.3015591e+01
   5.7202236e+01  -4.9735000e+01
  -1.1911767e+01  -6.7339634e+01
   8.1789712e+01  -6.4268033e+01
  -9.9463467e+01  -1.2763744e+01
  -4.0404077e+01   3.9574351e+01
   5.1547010e+01  -3.0604699e+01
  -8.9353299e+01   2.3044695e+01
  -5.6401401e+01   5.2713697e+01
  -6.3751191e+01   3.4202860e+01
  -4.7563271e+01  -1.6899792e+01
  -7.2244776e+01  -1.0959177e+00
  -7.9224236e+01   3.6740548e+01
  -3.8591020e+01   2.1606490e+01
   4.0588535e+01  -7.7814017e+01
   2.2387751e+01  -2.1815771e+01
   5.2162189e+00  -1.7859533e+01
   3.0431128e+01  -4.1257545e+01
   8.7338595e+00  -3.7456255e+01
   7.6551961e+01  -4.9192490e+01
   1.5028715e+01  -6.7844763e+01
   3.5215885e+01  -6.9846749e+01
   5.1719005e+00  -6.6619047e+01
   4.6163706e+01  -6.9204512e+01
   4.2243956e+01  -6.0151459e+01
  -2.3609818e+01   6.2330763e+01
  -9.8348770e+01   5.2716715e+01
  -8.4806407e+01  -2.3740509e+01
  -4.3653606e+01  -7.7045840e+00
  -1.3102954e+01   2.8871042e+01
  -6.1440942e+01   7.9564478e+01
  -8.6302431e+01   6.1104703e+01
  -6.2389197e+01   4.9883519e+00
   8.0964706e+01  -2.2937058e+01
  -4.9071312e+01   1.7570630e+01
  -7.0534967e+01   2.7116623e+01
   3.7920059e+01  -4.8994432e+00
  -1.5589624e+01  -5.2448329e+01
   2.1340939e+01  -4.6285646e+01
  -9.8732136e+00  -3.3497338e+01
   3.1652460e+01  -8.5648109e+01
   5.9352014e+01  -8.3110643e+01
  -5.0600119e+01   6.0841512e+01
  -4.2602409e+01   7.6589686e+01
  -1.7270442e+01   4.3661724e+01
  -7.9809405e+01   5.3300776e+00
  -6.2617387e+01  -2.9626556e+01
  -2.9939098e+01   3.9619909e+01
  -8.5899239e+01   9.0953608e+01
  -7.8916448e+01  -1.5666834e+01
  -4.4252927e+01   2.2571878e+00
  -2.5546328e+01   1.5841496e+00
   7.0825256e+01  -2.6149069e+01
  -9.5940928e+01   6.1974967e+01
  -5.1561582e+01   8.1011995e+01
  -9.8551642e+01   3.5942323e+01
  -5.1998028e+01   3.7954368e+01
  -7.0543383e+01   4.1228316e+01
   3.9288771e+01  -2.7921236e+01
  -6.0245208e+01   4.3506115e+01
   2.3720579e+01  -7.3582418e+00
  -1.1946847e-01  -3.1817207e+01
   1.4985760e+01  -6.8636563e+00
   5.2103170e+01  -6.0717548e+01
  -1.8662554e+01  -3.8505267e+01
   1.5476369e+01  -7.7528443e+01
   4.8618071e+01  -9.5481954e+01
   5.6287313e+01  -6.9734625e+01
   9.1172969e+01  -6.0901392e+01
   1.5065274e+01  -9.7630497e+01
   6.3345590e+01  -6.3074722e+01
   5.0950890e+01  -7.7867637e+01
   4.9891848e+00  -5.6672120e+01
  -1.0116888e+01  -7.7168562e+01
  -2.5355026e+01   7.2115776e+01
  -5.1316748e+01   7.1060066e+01
  -2.1265307e+01   3.4644405e+01
  -4.1618360e+01   5.6478760e+01
  -3.1188164e+01   5.1913682e+01
  -6.2716092e+01  -1.9014175e+01
  -2.5283568e+01   2.5653339e+01
   7.5570531e+01  -3.9401865e+01
   7.5825198e+01  -1.4396180e+01
  -9.6012314e+01   1.5707778e+01
  -9.8863795e+01   2.5989317e+01
  -7.7061325e+01   1.7706677e+01
  -8.0344252e+01   2.7020842e+01
  -3.3177803e+01   7.6212653e+00
   5.7272751e+01  -2.2407215e+01
  -3.7702265e+01  -1.5733773e+01
  -5.5951548e+01  -1.1705329e+01
  -9.1398997e+01  -3.1255329e+01
  -7.9505846e+01   6.7802274e+01
  -8.6125737e+01   1.3627225e+01
  -5.2192464e+01   9.0963190e+01
   7.8503669e+01  -9.4925180e+01
  -7.4019826e+01   9.3757123e+01
   6.7681820e+01  -8.8514064e+01
  -4.1671628e+01   1.1867579e+01
  -9.0998617e+01   4.2335863e+01
  -5.5551625e+01   2.8828421e+01
   1.2011879e+01  -4.9582463e+01
   5.5040415e+01  -3.9972856e+01
   2.9076968e+01  -3.0525119e+01
  -7.6855915e+01   5.5916110e+01
   1.6148855e+01  -2.9257159e+01
   4.8406886e+01  -1.0300996e+01
  -8.8360101e+01   3.2886300e+01
   3.1288536e+01  -1.1907776e+01
  -8.9372389e+01   3.9629640e+00
   7.5167421e+00  -2.6243820e+01
  -7.9897024e+01   4.6538589e+01
  -6.7265012e+01   1.8032046e+01
  -3.6738698e+00  -3.6519061e+00
  -7.0692969e+00  -2.4615101e+01
  -7.0015398e+01   8.4684420e+01
  -9.3298619e+01   8.2305400e+01
   1.2769498e+00  -4.4119175e+01
  -9.7142062e+00  -4.3141740e+01
  -5.0949256e+00  -5.1872906e+01
  -8.8400119e+01   5.1679739e+01
  -2.6271818e+01  -4.4993649e+01
  -6.7410022e+01   5.0383327e+01
  -4.7409976e+01   4.8343298e+01
   8.5503819e+01  -4.2356889e+01
   7.1344954e+01  -5.7445310e+01
   2.5219209e+01  -6.8157422e+01
   3.2609966e+01  -6.0701120e+01
   5.3659909e+00  -9.4083188e+01
   8.5942329e+01  -5.2407467e+01
  -4.6208390e-01  -7.4766826e+01
  -3.6305519e+00  -6.1745328e+01
  -5.7866261e+00  -8.6169791e+01
   1.2991092e+01  -8.7048538e+01
  -5.3545630e+01  -2.0396474e+00
  -3.3518997e+01   6.2295108e+01
   6.6343467e+01  -1.7331510e+01
  -9.0799230e+00   3.8010645e+01
  -2.0068577e+01   5.3110865e+01
   8.2897602e+01  -3.2706775e+01
  -4.2570712e+01   8.6591780e+01
  -7.1998873e+01  -2.6179935e+01
  -4.4689638e+01   3.0539200e+01
  -3.4203296e+01   3.0583475e+01
   5.8908254e+01  -2.3414479e+00
  -2.9782351e+01   1.6888280e+01
  -9.4608602e+01   9.5849830e+01
  -5.4065064e+01  -2.4470602e+01
  -3.5229152e+01  -2.0889100e+00
  -1.3641078e+01   6.2320227e+01
  -6.3122940e+01  -4.9264507e+00
  -7.1171476e+01   9.4148582e+00
  -8.0991628e+01  -5.8917836e+00
  -2.8201191e+01  -1.8727054e+01
   4.7459122e+01  -5.1775992e+01
  -8.9437966e+01  -1.2831302e+01
  -4.2923375e+01  -2.5702054e+01
   6.6580417e+01  -3.5160508e+01
  -8.8681957e+01   7.0884063e+01
   6.8949738e+01  -9.8393479e+01
  -6.2111339e+01   9.0540310e+01
   6.5719136e+01  -7.5424348e+01
  -9.4543140e+01  -2.1468603e+01
  -7.4848094e+01   7.6269906e+01
   4.5668176e+01  -8.6127683e+01
   2.2467209e+01  -8.9412179e+01
   4.3604994e+01  -3.6789925e+01
   3.2180641e+01  -2.1302679e+01
  -7.9821272e+01  -3.2407409e+01
  -5.2532016e+01   7.8751196e+00
   7.2291836e+01  -6.7273495e+01
   4.0147415e+01  -1.5381799e+01
   2.8919482e+01  -9.6849740e+01
   3.8786819e+01  -9.6573734e+01
   2.1611320e+01  -3.6844962e+01
   4.5242421e+01   1.6256591e+00
   2.0575584e+01   1.9916525e+00
   1.6496320e+01  -5.8315432e+01
   2.5516181e+01  -5.4722621e+01
  -5.8138761e+01   1.9524961e+01
   4.5888876e+00  -8.4761427e+00
  -2.9029628e+00  -1.6558001e+01
   9.1285339e+00   8.9659101e-02
  -9.8463242e+01   7.1111952e+01
   1.2791758e+01  -1.5231930e+01
