   5.2009728e+01  -1.2317823e+01
   5.9700497e+01  -4.0997513e+01
   9.3480876e+01  -5.8985173e+01
  -6.3568987e+01   4.7196770e+01
  -5.6327273e+01  -1.0895362e+01
  -7.8637217e+01   2.0689012e+00
  -8.2064477e+01   2.7166862e+01
   2.1768601e+01  -1.6711608e+01
   2.9679783e+00  -1.7600464e+01
   3.3152945e+01  -4.8496210e+01
   2.9562175e+00  -7.4879757e+01
   4.2751349e+01  -5.1317279e+01
  -5.8000993e+00   2.8390259e+01
  -6.9814560e+01   6.6489325e+00
   9.1824782e+01  -1.1782705e+01
   3.4889064e+01  -4.7914186e+00
  -4.5324161e+00  -4.8882470e+01
   2.3441460e+01  -4.4974175e+01
  -2.3225798e+00  -3.4394027e+01
   3.7508447e+01  -8.0921842e+01
   5.5849472e+01  -9.0480855e+01
  -5.2726365e+01   5.6460144e+01
  -1.2061776e+01   4.7259604e+01
  -6.8472811e+01  -3.5775707e+01
  -8.7191373e+01   8.9612624e+01
  -8.0786032e+01  -1.7230514e+01
  -1.5032736e+01  -5.2806199e+00
   4.8836724e+00  -2.7383973e+01
   1.7059220e+01  -5.3713546e+00
  -2.1744532e+01  -3.6799072e+01
   1.2954583e+01  -7.4973321e+01
   5.0964409e+01  -9.9150587e+01
   4.7052671e+01  -8.5595703e+01
  -1.3858094e+01  -8.0697207e+01
  -2.7383948e+01   8.4679553e+01
  -5.3542254e+01   8.2604436e+01
  -2.8207843e+01   3.9595774e+01
  -3.4699730e+01   5.1588564e+01
  -6.4584970e+01  -2.6889994e+01
   7.7985076e+01  -1.4192552e+01
  -9.8718783e+01   1.9352801e+01
  -3.6821143e+01  -3.0166759e+00
   6.0030103e+01  -1.9105683e+01
  -3.5556914e+01  -1.3165917e+01
  -9.5050324e+01  -4.5803946e+01
  -8.5739298e+01   6.6698726e+01
  -8.3272748e+01   1.0809234e+01
   8.2000059e+01  -9.9219206e+01
  -4.5106310e+01   1.5195665e+01
  -6.1528413e+01   2.3573608e+01
   1.4680062e+01  -4.9420248e+01
  -8.4204261e+01   4.9146980e+01
  -9.3556097e+01   2.7702348e+01
  -8.8632598e+01   2.1586817e+00
  -6.8004572e+01   1.6266798e+01
  -1.1543656e+00  -6.0332651e+00
  -4.2019548e+00  -2.4364594e+01
  -6.6865095e+01   9.6226468e+01
  -9.4871891e+01   8.1920497e+01
  -9.8562887e+01   5.2707427e+01
  -2.3843905e+01  -5.5245703e+01
  -7.5968694e+01   4.4095529e+01
  -4.3778964e+01   4.0452394e+01
   8.1781668e+01  -3.7529608e+01
   6.3517599e+01  -5.0173181e+01
   2.8933952e+01  -7.6923225e+01
   2.9373604e+01  -6.3428580e+01
   4.3186194e+00  -9.5745170e+01
  -6.4167422e+00  -7.1445873e+01
  -1.3863208e+01  -6.3521330e+01
  -4.9252329e+00  -9.1997356e+01
   1.3088361e+01  -9.1025541e+01
  -2.5048240e+01   6.5919411e+01
   6.8326485e+01  -1.2560479e+01
  -6.2619882e+00   3.8376172e+01
  -2.1951953e+01   4.7205954e+01
   8.9168020e+01  -3.0819245e+01
  -3.6079811e+01   9.1319848e+01
  -3.5230036e+01   3.2320728e+01
   5.7302188e+01   1.0113066e+00
  -3.5344038e+01   1.4306123e+01
  -5.0089365e+01  -2.8489874e+01
   3.3393714e+00   6.1712139e+01
  -2.2811982e+01  -2.7162976e+01
  -4.8837007e+01  -1.7265562e+01
   5.6837434e+01  -7.0002335e+01
  -7.7864596e+01   7.1512445e+01
   2.2534795e+01  -9.3920497e+01
   4.2827724e+01  -3.1373554e+01
   3.2811662e+01  -1.5292853e+01
  -8.5337261e+01  -4.3708058e+01
  -5.1176183e+01   7.5439034e+00
   6.3969252e+01  -6.4805252e+01
   4.0318314e+01  -2.1673845e+01
   1.4427743e+01  -2.8328051e+01
   4.7506603e+01   1.5828075e+01
   1.5386986e+01   9.2361874e+00
   2.5214883e+01  -5.4589871e+01
   8.0925865e+00  -9.1255745e+00
  -6.0988068e+00  -1.4556951e+01
   1.3043422e+00   4.5339227e+00
   1.2404406e+01  -1.8730526e+01
   5.2740095e+01  -3.1602308e+01
   4.9048998e+01  -6.0980917e+01
  -6.1823130e+01   3.3232120e+01
  -1.3709225e+01  -2.4371053e+01
  -2.3713696e+01  -6.5173292e+01
  -2.9955939e+01  -4.4319741e+01
   3.6225547e+01  -7.0361032e+01
   4.5722317e+01  -6.9980392e+01
   9.4334353e+01  -4.9067919e+01
   7.0333204e+01  -5.7379910e+01
   2.2646136e+01  -7.0691945e+01
   7.2963878e+01  -9.5081940e+01
   7.6175569e+00  -5.6317376e+01
  -2.5815965e+01  -7.5774357e+01
  -1.9399306e+01   7.3919262e+01
   8.4202825e+01  -5.3766560e+00
   6.9547232e+01  -2.2213526e+01
  -5.0286704e+01   6.6509187e+01
  -3.9175017e+01   8.0573746e+01
  -3.3906546e+01   6.1674852e+01
  -3.8372372e+01   7.0585474e+01
  -1.0867941e+00   1.9597620e+01
   7.6450349e+01  -2.9231128e+01
   4.0577612e+00   2.9719265e+01
   6.6889796e+01   1.6716873e+00
   8.3677006e+01  -2.2347609e+01
  -9.9367449e+01   3.5752363e+00
  -5.3727314e+01   4.6633108e+01
  -5.8129613e+01  -3.4388017e+01
  -1.5353157e+01   5.6718983e+01
  -1.7109794e+01   3.8640804e+01
  -2.8231185e+01   2.0872538e+01
  -4.6280936e+01   8.7443721e+01
  -2.2301637e+01   1.0753812e+00
  -9.8268397e+00   7.1124417e+01
  -3.1555419e+01  -2.3554480e+01
  -7.6393451e+01  -8.3797344e+00
  -2.5160970e+01  -1.6273670e+01
  -2.1623742e+00   4.8086168e+01
  -5.7511267e+01  -2.0705594e+01
  -8.1455865e+01   3.6537021e+01
  -9.3123437e+01   1.1140888e+01
  -8.8325837e+01   1.9645143e+01
  -7.1849200e+01   2.6590091e+01
  -4.0432737e+01  -3.0996521e+01
  -7.9315107e+01   9.6076684e+01
  -5.8769027e+01   9.0320082e+01
  -6.9028478e+01   7.8987820e+01
   5.3793089e+01  -5.2392069e+01
  -9.9851690e+01  -3.2157928e+01
   6.6157663e+01  -8.8052862e+01
  -4.4549825e+01   5.0218902e+01
  -7.8175225e+01  -3.2944977e+01
  -8.6379321e+01   7.6648836e+01
   2.3973764e+01  -2.6140401e+01
   3.0260533e+01  -3.7925481e+01
   3.9525972e+01  -4.0797825e+01
   3.3364924e+01  -2.8608125e+01
   6.6081980e+01  -7.5087312e+01
   3.3642239e+01  -9.7842895e+01
  -8.9683380e+01   4.0844019e+01
   4.2145464e+01  -1.1838206e+01
   7.9670566e+01  -6.4299722e+01
   4.0776551e+01   7.6646806e+00
   7.3043784e+00  -3.6994537e+01
   2.0804847e+01  -3.5538987e+01
   2.9362112e+01   3.0003956e+00
  -7.8990339e+01   5.9316480e+01
  -9.4325128e+01   7.0926031e+01
  -7.7646111e+00   1.0870770e+00
   1.0310100e+01   1.3337159e+00
  -1.9792289e+01  -4.6264717e+01
  -8.8940564e+01   5.7620735e+01
  -4.5487609e+01   3.0694427e+01
  -7.0881700e+01   3.6221422e+01
   5.1325900e+00  -4.6673934e+01
  -1.3256994e+01  -5.3613487e+01
  -4.8299089e+00  -5.8909894e+01
  -3.3796108e+01  -5.4948373e+01
   3.8930474e+01  -6.0551019e+01
  -5.2982588e+01   3.6898204e+01
  -3.9604429e+00  -8.2064754e+01
   5.8574846e+00  -8.4302976e+01
   6.3105694e+01  -9.7470938e+01
   8.7806440e+01  -6.7063090e+01
   9.9275482e+01  -3.9906253e+01
  -3.1262998e+01  -3.4421734e+01
   7.3570453e+01  -4.7981887e+01
   8.0091552e+01  -5.5467365e+01
   2.0265465e+01  -8.1784992e+01
  -3.9267219e+01   2.3230619e+01
   6.0427365e+01  -7.4983326e+00
   3.0159671e+00  -6.5034056e+01
   9.7274998e+01  -6.8402984e+01
  -3.3124875e+01  -6.8501079e+01
  -2.2707392e+01  -8.5348377e+01
   8.4635517e+01  -4.6938017e+01
  -4.4714182e+01  -8.6338233e+00
  -4.0698827e+01   6.0230209e+00
  -5.2005500e+01  -2.1041352e+00
  -1.2545031e+01  -9.8449441e+01
  -1.2229888e+01  -3.4163818e+01
   8.0088543e+01   3.7554031e+00
  -1.8417736e+01   8.9092714e+01
   9.9172982e+01  -2.9911225e+01
   8.8854773e+00   2.0217404e+01
   6.1512051e+01   1.1184005e+01
  -1.5677697e+01   2.8901175e+01
   7.4340220e+01  -4.6940366e+00
   3.6488714e+00   3.9708190e+01
  -4.3389421e+01   5.9850949e+01
   9.3632350e+01  -2.1600393e+01
  -7.3817352e+01  -2.4030160e+01
  -4.7570187e+01   7.5621580e+01
  -3.0697105e+01   5.8580809e+00
  -6.0029745e+01  -4.4159001e+01
   7.1127074e+01  -3.7721819e+01
  -2.5467671e+01   3.0191818e+01
  -9.4670683e+01   9.6234545e+01
  -9.9764891e+01  -6.3433982e+00
  -1.5672492e+01  -1.4864705e+01
  -6.8054290e+01  -3.0726945e+00
  -6.0373887e+01   3.2591858e+00
  -7.2057938e+01   5.2272984e+01
  -2.5806336e+01   5.6112792e+01
  -2.9362867e+01   7.4901824e+01
   6.2323240e+01  -2.8993414e+01
   5.0157582e+01  -2.2013369e+01
  -2.7873349e+01  -6.9160676e+00
  -2.6700130e+01   9.4660360e+01
   8.8950913e+01  -9.2036487e+01
  -6.6569251e+00   6.1649115e+01
   1.5543569e-01   7.1188538e+01
  -6.8044792e+01  -1.5520664e+01
  -1.2522769e+01   8.1037801e+01
  -4.2675723e+01   9.8652081e+01
  -4.0679659e+01  -2.1530916e+01
  -9.0308116e+01  -1.4680742e+01
  -9.4441530e+01  -2.3758680e+01
   3.0666752e+01  -8.8221059e+01
   5.1190448e+01  -7.7374542e+01
  -7.8263353e+01   8.0160124e+01
   4.9154486e+01  -4.2719057e+01
  -9.0367640e+01  -3.5148309e+01
  -5.8303802e+01   1.4274726e+01
  -7.7493103e+01   1.8599666e+01
  -5.2158182e+01   9.6937444e+01
   2.6046959e+01  -8.1636306e+00
   4.4036380e+01  -1.7902103e+00
  -7.5530666e+01  -4.2606350e+01
  -9.7575868e+01   6.2475306e+01
   5.9420354e+01  -8.1385382e+01
   4.2545248e+01  -9.3912186e+01
  -7.6001502e+01   8.7900542e+01
   5.1591892e+01   7.6384519e+00
   2.4511001e+01   1.1036574e+01
  -6.0363645e+01   7.8726730e+01
  -6.7359178e+01   8.7470418e+01
   1.6109889e+01  -6.4661467e+01
  -9.7603147e+01   3.6217054e+01
   7.1338390e+01  -6.7816076e+01
   7.7196111e+01  -6.6760016e+01
  -9.4911206e+01   7.4519242e+01
