   3.0429045e+01  -7.9542273e+00
  -2.1647008e+01  -1.9220679e+01
   5.3139069e+00   2.4714170e+01
   1.1431093e+01   1.2525129e+01
   2.4989477e+00  -2.4816669e+01
   2.9992451e+01   4.8310662e+01
  -1.3712264e+01   3.4236844e+01
   4.8680114e+01  -3.1776333e+01
  -1.4987455e+01  -3.7334396e+01
  -8.8432691e+00  -5.9023147e+01
  -2.4600138e+01  -3.4602158e+01
  -2.8441862e+01   7.4860131e+00
  -4.1611073e+01  -7.7466871e+00
  -1.6469359e+01  -7.9018181e-01
   8.4920152e+00   3.4526090e+01
   3.9054219e+01   8.8485530e+00
  -2.2383620e+01   3.8578216e+01
   4.0534835e+00  -4.3561013e+01
  -3.5463896e+01  -1.5455205e+01
  -5.4632907e+01  -2.9319175e+01
   4.7469286e+01   3.5475561e+01
  -2.5135045e+01  -1.6175495e+00
   1.3424538e+01   2.7342711e+00
  -5.5130783e+00   4.9439435e+01
   5.7963540e+01  -1.3863965e+01
   1.5788980e+01   4.0542699e+01
   3.7257280e+01   3.6471967e+01
   2.6243569e+01  -4.2731150e+01
   2.4270745e+01  -1.5631246e+01
   5.6460029e+00  -1.5991091e+01
  -1.6771327e+01  -2.7666902e+01
  -1.1546251e+01  -4.9442119e+01
  -5.0536240e+01  -3.4388501e+00
  -4.8544294e+01   1.4924227e+01
  -2.9203931e+01   2.0365519e+01
   1.7867785e+01  -5.6544162e+01
   1.7098137e+01  -4.6598840e+01
   6.6761392e+01   1.0087688e+01
   3.3693130e+01   2.2358028e+01
  -4.3478783e+01  -2.0830029e+01
   2.9425856e+01   1.3803653e+01
   2.3640367e+01   2.1678951e+01
   3.7791986e+01  -1.4134086e+00
  -2.2153209e+01   4.8900310e+01
   2.9717405e+00  -7.3284251e+00
   6.4854482e+01   2.8615504e-01
   1.4091979e+01   5.8329072e+01
  -3.4476458e+01   3.9377510e+01
   2.6362321e+00   9.6912230e+00
   2.0032535e+01   4.9296922e+01
   2.8020316e+01  -3.3029621e+01
   2.8195712e+01  -6.2134074e+01
   1.4895273e+01  -1.8455490e+01
  -2.9529330e+01  -6.2439346e+01
   2.1618316e+01  -2.5587881e+01
  -5.8967653e+00  -4.1326732e+01
   3.1389141e+01  -2.3612905e+01
  -4.8724061e+01   2.4902800e+01
  -5.8546118e+01   2.3165294e+01
  -5.8696741e+01  -9.5259666e+00
  -4.1941047e+01   4.1649787e+00
  -4.9591711e+01  -1.3280888e+01
  -1.6934205e+01  -1.0660118e+01
   9.2438867e-01  -3.4269082e+01
  -1.8269853e+00  -5.1564749e+01
  -2.9787255e+01  -2.3418690e+01
  -2.6905706e+01  -1.1001855e+01
   1.2008558e+01  -6.4634562e+01
   4.6763999e+01   2.4407579e+00
  -5.7081052e+01  -1.9686108e+01
   5.0610501e+01   2.1915005e+01
  -3.4290128e+01  -3.5563697e+01
  -3.0056526e+01  -4.3220878e+01
  -4.3252089e-01   3.2082299e+01
   2.0566980e+01   9.7763912e+00
   2.2371040e+01  -1.5833750e+00
  -1.1140362e+01   5.7694826e+01
   1.8958539e+01   3.0531981e+01
   5.6223301e+01   5.0315066e+00
  -5.8814319e+00   3.9539211e+01
   6.4869228e+00   5.2147533e+01
   5.3626183e+01  -4.8301556e+00
   8.4908336e-01   1.2875294e+00
  -2.6117606e+01   2.9811865e+01
  -3.4627980e+01   3.0782493e+01
   3.0915751e+00   4.3000440e+01
   3.9929739e+01   4.7276511e+01
  -1.4208315e+01   4.3873791e+01
   3.7813839e+01  -3.2448691e+01
   4.2348438e+01  -2.3949744e+01
   3.6209389e+01  -4.3414537e+01
   2.9169272e+01  -5.2216551e+01
   8.8772072e+00  -5.2213376e+01
   1.2263756e+01  -3.7901548e+01
   1.1936278e+01  -2.7972043e+01
  -1.8562315e+01  -5.6507997e+01
  -3.9088902e+01   2.2621112e+01
  -5.9997833e+01   1.3283000e+01
  -6.6563849e+01  -1.5641456e+01
  -5.3112942e+01   6.0913228e+00
  -3.6339822e+01   1.3249165e+01
  -3.4239657e+01  -1.7248747e+00
  -6.8593048e+00  -2.7877957e+01
  -3.7274160e+00  -6.7598409e+01
  -2.0612792e+01  -4.5502601e+01
  -6.5994875e+00  -1.0717339e+01
  -1.1674704e+01  -1.9147324e+01
   3.0304110e+00  -6.0267311e+01
   5.7978680e+01   1.4820103e+01
   2.8911340e+01   3.0948952e+01
   4.2175792e+01   2.7133255e+01
   1.4125572e+01   2.1819490e+01
  -2.7745978e+01  -5.2644656e+01
   3.7097921e+01  -1.5428746e+01
   3.0156878e+01   4.3027790e+00
   5.6013778e+01   3.0273735e+01
   4.4348116e+01  -8.3930063e+00
  -4.5009360e+01  -3.0284864e+01
   4.8368313e+01   1.2255408e+01
  -7.7028313e+00   2.6557328e+01
  -4.1978427e+00   6.4888422e+01
  -2.1103820e+01   5.8443116e+01
  -1.0109791e+00   1.8048336e+01
   7.1709535e+01  -6.8589224e+00
  -7.7613012e+00  -1.0512970e+00
   2.3897757e+01   5.9580747e+01
   4.8777918e+01  -1.6941528e+01
  -1.8665581e+01   2.7208739e+01
  -3.6082187e+01  -2.8540805e+01
  -2.9544485e+01   4.4735513e+01
