  -6.7086488e+01   2.4038282e+01
   2.7266092e+01  -4.4501750e+01
  -9.7694061e+01   3.0599584e+01
   3.6465700e+01  -6.8225716e+01
  -7.2187132e+01   4.1648511e+01
  -8.2749508e+01   6.9654663e+01
   5.4045996e+01  -4.0723983e+01
   4.2164439e+01  -5.6837015e+01
  -9.9129593e+01   4.5715261e+01
  -7.4018134e+01   1.6830491e+01
  -8.1260362e+01   3.7444169e+01
  -9.3184510e+01   2.0117903e+01
   2.7325528e+01  -6.4168961e+01
   5.1315633e+01  -6.3215252e+01
  -9.2632669e+01   6.8130480e+01
  -5.9045947e+01   4.1330557e+01
  -7.5753232e+01   2.9087618e+01
  -5.7827669e+01   2.7916788e+01
  -6.6503384e+01   5.0034543e+01
  -8.9941715e+01   5.5473670e+01
  -8.3206279e+01   2.0777385e+01
   3.5584143e+01  -7.9033389e+01
   1.7837408e+01  -4.1170096e+01
   3.7261006e+01  -4.4902077e+01
   2.9112203e+01  -5.4329866e+01
   4.5297919e+01  -7.2915268e+01
  -5.6595326e+01   5.1387463e+01
  -8.0957194e+01   9.6298371e+00
  -8.5563937e+01   4.6482838e+01
  -7.9241410e+01   6.0290199e+01
  -6.4289342e+01   1.4437451e+01
  -6.5798841e+01   3.3955030e+01
  -7.6486124e+01   5.0677274e+01
  -9.0929498e+01   1.0373579e+01
  -9.1932227e+01   3.8772788e+01
  -8.7637925e+01   2.9741788e+01
  -9.9979231e+01   5.6113627e+01
   4.6885320e+01  -4.7732004e+01
   2.6853241e+01  -7.4157802e+01
   3.1915646e+01  -3.5648409e+01
   4.4828840e+01  -8.2904260e+01
   5.4801308e+01  -5.3842416e+01
   1.0037290e+01  -4.7427745e+01
   1.9271117e+01  -5.1408057e+01
   1.7381117e+01  -6.5221907e+01
   5.5286566e+01  -7.2438885e+01
   4.3815511e+01  -3.7349696e+01
