  -7.1671163e+01   9.2126706e+01
   5.9907773e+01  -2.3979219e+01
   4.9628131e+01  -5.5706303e+01
  -5.1254003e+01   2.0923418e+01
  -6.9335676e+01   4.0775103e+01
   2.9496770e+01  -8.4946371e+01
   9.2022026e+00  -5.1953677e+01
   4.2887899e+01  -4.8320887e+01
  -5.0021009e+01   6.1358943e+01
  -8.7357047e+01   8.8163679e+00
  -7.8222166e+01   7.2083381e+01
  -4.6638736e+01   7.5948885e+00
  -7.7540810e+01   3.4452825e+01
  -9.3116338e+01   6.4137265e-01
   1.5462300e+01  -8.0382468e+01
   5.9347450e+01  -9.0527025e+01
   5.9469841e+01  -5.3938969e+01
   2.4493604e+00  -6.1805979e+01
   7.1088402e+01  -6.7934257e+01
   3.7657511e+01  -3.5456373e+01
  -3.9217762e+01   4.4341091e+01
  -8.8802269e+01  -9.5506738e+00
  -8.5432028e+01   5.1744345e+01
  -9.1319465e+01   7.1629316e+01
  -5.9180074e+01   1.4386444e+01
  -3.8993076e+01   3.4344326e+01
  -8.7592244e+01   1.8813600e+01
   6.1465411e+01  -3.7055280e+01
   4.1554866e+01  -9.9246095e+01
   4.3809522e+01  -2.7572988e+01
   3.6726552e+01  -7.8037825e+01
   1.8995517e+01  -2.4977870e+01
  -6.9301218e-01  -5.0510603e+01
   6.2080410e+01  -6.3592105e+01
   1.3397593e+01  -6.1030784e+01
   4.6367050e+01  -7.5381023e+01
  -8.8410553e+01   2.9108568e+01
  -4.8426662e+01   4.0443382e+01
  -5.5770453e+01   5.3178287e+01
  -7.7390637e+01   7.9974395e+00
  -8.3083120e+01  -2.2429210e-01
  -9.9952086e+01   6.1834684e+01
  -6.5499284e+01   5.0008864e+01
  -9.1211693e+01   8.7268908e+01
  -5.5202709e+01  -1.3228794e+01
  -7.5568079e+01   8.2917252e+01
  -9.7215543e+01   1.0601754e+01
  -6.4409987e+01  -9.4781802e-01
  -7.8657344e+01   4.4390287e+01
  -4.2247189e+01   1.6578814e+01
  -4.8201849e+01   3.0446103e+01
  -6.1806492e+01   3.4198035e+01
   5.3090848e+01  -3.1295348e+01
   4.6938903e+01  -3.9178675e+01
   5.5229261e+01  -4.4882494e+01
   3.8231887e+01  -8.9814359e+01
   4.7726366e+01  -8.6675224e+01
   2.8308968e+01  -9.5227965e+01
   2.6275060e+01  -1.8121757e+01
   4.6839036e+00  -2.2918899e+01
   3.3607691e+01  -4.4599191e+01
   3.9422754e+01  -5.8203368e+01
   3.7621948e+01  -6.8078064e+01
   1.9838248e+01  -3.4941945e+01
   4.5967655e+00  -3.8853551e+01
   7.8536965e+01  -5.3098700e+01
  -9.5830519e+01   4.2963740e+01
   2.3096062e+01  -6.3956816e+01
   2.7601882e+01  -7.3946348e+01
   2.1844455e+00  -7.1891570e+01
   5.5486507e+01  -7.1109961e+01
   5.6024755e+01  -8.1095288e+01
   4.7262365e+01  -6.5421541e+01
  -2.9245825e+01   4.5082857e+01
  -4.5866703e+01   5.1808830e+01
  -9.9700513e+01  -6.8851557e+00
  -7.9959044e+01   6.2235374e+01
  -7.5808134e+01  -7.0853830e+00
  -8.0662131e+01  -1.5828306e+01
  -5.1470731e+01  -3.9521084e+00
  -9.8886994e+01   8.0852712e+01
  -2.8896723e+01   3.3336130e+01
  -3.6395909e+01   2.4687927e+01
  -6.5938419e+01   8.0221022e+01
  -7.4818721e+01   5.3657666e+01
  -7.3021202e+01   1.6992328e+01
  -6.7413747e+01   8.7124471e+00
   6.8160194e+01  -2.9626984e+01
  -7.9464685e+01   2.4639641e+01
   6.5697687e+01  -4.6115430e+01
  -6.0677964e+01   2.4268097e+01
  -5.7970287e+01   4.3427799e+01
   6.9347335e+01  -9.0560306e+01
  -7.0003079e+01   2.7881481e+01
   5.1049633e+01  -9.6107809e+01
  -8.5028345e+01   7.9409762e+01
   4.2667403e+01  -1.7638532e+01
   3.4279292e+01  -2.4116095e+01
   2.3617134e+01  -4.4199839e+01
   1.3880292e+01  -1.6385353e+01
   1.0683236e+01  -3.0919270e+01
   1.3688294e+01  -4.3016680e+01
  -1.1855688e+01  -4.7418149e+01
   2.0002389e+01  -5.3523015e+01
  -9.5358292e+01   5.2952492e+01
   6.9134840e+01  -5.6504065e+01
  -5.3561779e+00  -3.9818581e+01
   2.0392330e+01  -8.9082522e+01
   2.9599187e+01  -5.6333540e+01
   6.4447998e+01  -7.5547311e+01
   1.2139994e+01  -7.0950870e+01
  -8.9945965e+01   6.1724090e+01
  -9.7572172e+01   3.3116626e+01
  -5.6248759e+01   4.8299476e+00
