   3.6050000e+03
   3.5050000e+03
   3.1410000e+03
   3.1030000e+03
   3.4550000e+03
   3.1590000e+03
   3.4810000e+03
   3.4050000e+03
   3.3010000e+03
   3.1830000e+03
   3.4950000e+03
   3.1870000e+03
   3.2510000e+03
   3.0710000e+03
   3.3530000e+03
   3.3490000e+03
   3.5730000e+03
   3.3890000e+03
   3.6070000e+03
   3.6010000e+03
   3.4990000e+03
   3.3110000e+03
   3.2450000e+03
   3.5910000e+03
   3.2350000e+03
   3.3550000e+03
   3.0830000e+03
   3.3510000e+03
   3.3910000e+03
   3.1270000e+03
   3.4390000e+03
   3.1070000e+03
   3.2470000e+03
   3.5430000e+03
   3.4670000e+03
   3.5930000e+03
   3.5790000e+03
   3.2850000e+03
   3.5590000e+03
   3.4370000e+03
   3.4090000e+03
   3.3050000e+03
   3.3470000e+03
   3.3430000e+03
   3.5070000e+03
   3.5090000e+03
   3.2190000e+03
   3.1010000e+03
   3.0950000e+03
   3.1690000e+03
   3.4510000e+03
   3.3350000e+03
   3.1230000e+03
   3.4630000e+03
   3.1610000e+03
   3.4170000e+03
   3.1850000e+03
   3.4330000e+03
   3.3670000e+03
   3.5230000e+03
   3.4790000e+03
   3.1670000e+03
   3.1330000e+03
   3.2010000e+03
   3.2810000e+03
   3.2870000e+03
   3.2290000e+03
   3.2310000e+03
   3.0550000e+03
   3.2750000e+03
   3.4610000e+03
   3.3130000e+03
   3.3090000e+03
   3.5350000e+03
   3.3650000e+03
   3.3150000e+03
   3.3290000e+03
   3.3250000e+03
   3.3170000e+03
   3.5110000e+03
   3.2090000e+03
   3.4250000e+03
   3.0870000e+03
   3.0790000e+03
   3.0990000e+03
   3.4410000e+03
   3.3770000e+03
   3.3970000e+03
   3.4030000e+03
   3.3930000e+03
   3.1250000e+03
   3.3370000e+03
   3.4110000e+03
   3.3570000e+03
   3.5290000e+03
   3.3990000e+03
   3.1490000e+03
   3.5390000e+03
   3.2490000e+03
   3.1510000e+03
   3.3870000e+03
   3.4770000e+03
   3.4150000e+03
   3.3410000e+03
   3.3950000e+03
   3.4470000e+03
   3.1750000e+03
   3.4590000e+03
   3.2210000e+03
   3.4350000e+03
   3.4010000e+03
   3.3190000e+03
   3.4850000e+03
   3.5130000e+03
   3.6030000e+03
   3.5450000e+03
   3.2570000e+03
   3.2230000e+03
   3.5510000e+03
   3.2630000e+03
   3.2890000e+03
   3.5770000e+03
   3.5690000e+03
   3.5570000e+03
   3.5550000e+03
   3.5750000e+03
   3.5670000e+03
   3.3030000e+03
   3.0480000e+03
   3.0500000e+03
   3.0520000e+03
   3.0540000e+03
   3.3270000e+03
   3.0740000e+03
   3.3390000e+03
   3.4450000e+03
   3.3450000e+03
   3.0860000e+03
   3.0880000e+03
   3.0900000e+03
   3.4070000e+03
   3.3690000e+03
   3.5710000e+03
   3.3710000e+03
   3.1020000e+03
   3.3610000e+03
   3.4270000e+03
   3.1100000e+03
   3.5870000e+03
   3.1220000e+03
   3.4190000e+03
   3.1260000e+03
   3.4210000e+03
   3.1300000e+03
   3.3850000e+03
   3.4690000e+03
   3.4290000e+03
   3.4130000e+03
   3.5830000e+03
   3.4430000e+03
   3.4910000e+03
   3.1460000e+03
   3.1500000e+03
   3.1540000e+03
   3.4650000e+03
   3.5330000e+03
   3.1600000e+03
   3.4230000e+03
   3.1660000e+03
   3.1680000e+03
   3.4750000e+03
   3.4530000e+03
   3.4710000e+03
   3.4730000e+03
   3.1800000e+03
   3.5010000e+03
   3.4970000e+03
   3.1860000e+03
   3.5530000e+03
   3.1960000e+03
   3.1980000e+03
   3.5470000e+03
   3.5310000e+03
   3.5250000e+03
   3.5030000e+03
   3.2080000e+03
   3.4870000e+03
   3.5170000e+03
   3.4930000e+03
   3.2200000e+03
   3.5150000e+03
   3.5610000e+03
   3.2280000e+03
   3.2300000e+03
   3.5370000e+03
   3.2340000e+03
   3.2360000e+03
   3.6090000e+03
   3.2420000e+03
   3.2440000e+03
   3.5630000e+03
   3.2480000e+03
   3.2500000e+03
   3.5650000e+03
   3.2620000e+03
   3.2640000e+03
   3.2660000e+03
   3.2740000e+03
   3.2800000e+03
   3.2820000e+03
   3.2840000e+03
   3.2860000e+03
   3.5970000e+03
   3.5990000e+03
   3.2960000e+03
   3.3000000e+03
   3.3040000e+03
   3.3060000e+03
   3.3080000e+03
   3.3100000e+03
   3.3120000e+03
   3.3160000e+03
   3.3180000e+03
   3.3240000e+03
   3.3260000e+03
   3.3340000e+03
   3.3360000e+03
   3.3380000e+03
   3.3400000e+03
   3.3420000e+03
   3.3440000e+03
   3.3460000e+03
   3.3480000e+03
   3.3500000e+03
   3.3520000e+03
   3.3540000e+03
   3.3560000e+03
   3.3600000e+03
   3.3660000e+03
   3.3680000e+03
   3.3700000e+03
   3.3740000e+03
   3.3760000e+03
   3.3780000e+03
   3.3800000e+03
   3.3840000e+03
   3.3860000e+03
   3.3880000e+03
   3.3900000e+03
   3.3920000e+03
   3.3940000e+03
   3.3960000e+03
   3.3980000e+03
   3.4000000e+03
   3.4020000e+03
   3.4040000e+03
   3.4060000e+03
   3.4080000e+03
   3.4100000e+03
   3.4120000e+03
   3.4140000e+03
   3.4160000e+03
   3.4180000e+03
   3.4200000e+03
   3.4220000e+03
   3.4240000e+03
   3.4260000e+03
   3.4280000e+03
   3.4320000e+03
   3.4340000e+03
   3.4360000e+03
   3.4380000e+03
   3.4400000e+03
   3.4420000e+03
   3.4440000e+03
   3.4460000e+03
   3.4500000e+03
   3.4520000e+03
   3.4540000e+03
   3.4560000e+03
   3.4580000e+03
   3.4600000e+03
   3.4620000e+03
   3.4640000e+03
   3.4660000e+03
   3.4680000e+03
   3.4700000e+03
   3.4720000e+03
   3.4740000e+03
   3.4760000e+03
   3.4780000e+03
   3.4800000e+03
   3.4820000e+03
   3.4840000e+03
   3.4860000e+03
   3.4880000e+03
   3.4900000e+03
   3.4920000e+03
   3.4940000e+03
   3.4960000e+03
   3.4980000e+03
   3.5000000e+03
   3.5040000e+03
   3.5060000e+03
   3.5080000e+03
   3.5100000e+03
   3.5120000e+03
   3.5140000e+03
   3.5160000e+03
   3.5220000e+03
   3.5260000e+03
   3.5280000e+03
   3.5300000e+03
   3.5320000e+03
   3.5340000e+03
   3.5360000e+03
   3.5400000e+03
   3.5420000e+03
   3.5440000e+03
   3.5460000e+03
   3.5480000e+03
   3.5500000e+03
   3.5520000e+03
   3.5540000e+03
   3.5560000e+03
   3.5580000e+03
   3.5600000e+03
   3.5620000e+03
   3.5640000e+03
   3.5660000e+03
   3.5680000e+03
   3.5700000e+03
   3.5720000e+03
   3.5740000e+03
   3.5760000e+03
   3.5780000e+03
   3.5800000e+03
   3.5820000e+03
   3.5840000e+03
   3.5860000e+03
   3.5880000e+03
   3.5900000e+03
   3.5920000e+03
   3.5940000e+03
   3.5960000e+03
   3.6000000e+03
   3.6020000e+03
   3.6040000e+03
   3.6060000e+03
   3.6080000e+03
