  -2.2364087e+01  -2.7330578e+01
   3.0537976e+01   5.5376992e+01
   6.5743070e+01  -3.9374479e+01
  -8.0136871e+00  -4.1483468e+01
  -2.5258779e+00  -5.7425012e+01
  -2.9796515e+01   1.1537779e+01
  -8.6096060e+00  -1.0271320e+01
   2.1765733e+01   3.9072373e+01
   4.0274935e+01   5.0519705e+00
   1.2856041e+01  -4.3649538e+01
  -3.7510811e+01  -7.7759339e+00
  -7.0259148e+01  -4.2678931e+01
   5.1882819e+01   4.3980996e+01
   5.7171849e+01  -1.2899672e+01
   2.2847614e+01  -4.4034145e+01
  -3.9341265e+01   1.4520055e+01
   8.0815117e+01   1.7467879e+01
   3.3760787e+01   2.8727747e+01
   4.2468657e+01   2.3811224e+01
   4.1559342e+01  -5.7668590e+00
   7.0857396e+01   4.3484915e-01
   9.4921994e+00   7.8586932e+01
  -5.3833916e+01   3.8430062e+01
   2.6505855e+01  -6.3337923e+01
   2.7228190e+01  -1.8193630e+01
  -3.2886474e+01  -7.7167652e+01
   2.1187799e+01  -3.4128494e+01
  -5.3500847e+01   2.8435654e+01
  -6.5796684e+01   2.7153311e+01
  -6.8128198e+01  -6.7952506e+00
   4.1679275e+00  -3.8700289e+01
  -2.7015848e+01  -1.8138210e+01
   2.1325238e+01  -7.6500708e+01
  -3.2337597e+01  -2.6603635e+01
  -3.0084567e+01  -4.6590444e+01
  -1.0217962e+00   4.4287471e+01
   2.4685844e+01  -7.4715873e+00
   2.1347456e+00   5.8327417e+01
   1.6887047e+01  -1.2126099e+00
  -3.8356462e+01   3.9545082e+01
  -1.4012254e+01   5.9132158e+01
   3.8402282e+01  -3.1894998e+01
   3.7047737e+01  -4.7653246e+01
   2.6511956e+01  -5.3338125e+01
   1.7343488e+01  -5.7330314e+01
  -1.2081605e+01  -5.4478299e+01
  -6.0146721e+01   1.0059429e+01
  -6.4558506e+01  -1.6136379e+01
  -5.5792458e+01   3.3394954e-01
  -4.6659908e+01  -3.7396803e+00
   1.6073285e+00  -8.7130142e+01
  -3.1263387e+00  -2.2449093e+01
   7.3239518e+00  -6.2582612e+01
   5.6736861e+01   1.4846954e+01
   8.4019987e+00   2.2789548e+01
  -3.9934582e+01  -6.9469630e+01
   5.5660311e+01   3.4721919e+01
  -5.1626572e+01  -2.2098581e+01
  -8.4528488e+00   3.7595747e+01
  -3.3249695e+00   7.4336367e+01
  -2.4752680e+01   7.4254671e+01
   6.9058535e+00   1.2902394e+01
   8.5155397e+01  -1.6861565e+01
   3.9862024e+01   7.0426164e+01
   5.4803826e+01  -2.3109756e+01
  -2.3511586e+01   2.6633355e+01
  -2.7523840e+01   4.4511420e+01
   1.7271368e+01   5.0901313e+01
   3.6528435e+01   3.8337107e+01
   5.0021269e+01   5.5646149e+01
   4.4531512e-02  -3.3803716e+00
   4.8334526e+01  -3.0735164e+01
   5.1457709e+01  -4.6762987e+01
   3.6824941e+01  -7.9260882e+01
  -2.1314526e+01  -7.3511384e+01
   2.9102479e+01  -2.8016391e+01
   8.9628787e+00  -1.9366639e+01
  -4.5573082e+01   2.2340665e+01
  -2.0971838e+01  -6.3517279e+01
  -7.5410239e+01   2.4400382e+01
  -1.7759807e+01  -1.4354576e+01
  -2.7517915e+01  -8.1510813e+00
  -6.9017700e+01   3.6620255e+01
  -7.1868597e+01  -2.2959965e+01
  -3.5525505e+01   2.0246700e+00
  -5.0905927e+01   1.3881386e+01
  -4.6157680e+01  -1.3726777e+01
  -1.7037058e+01  -4.5793456e+01
  -5.5842106e+01  -1.1235106e+01
  -1.1012754e+01  -6.4420474e+01
  -1.3562035e+01  -8.3485193e+01
  -1.8393422e-01  -4.7703404e+01
  -3.8212732e+01   2.9110027e+01
   3.5583617e+01  -5.7545414e+01
   6.3714606e+01   7.4334520e+00
   8.7644242e+00  -7.2478182e+01
  -1.4569226e+00  -6.7367464e+01
  -4.4674342e+01   6.0609374e+00
  -3.2925318e+01  -5.6337056e+01
   8.5049771e+00  -5.2652902e+01
  -2.2617427e+01  -3.7496550e+01
   3.0077265e+01   8.3329394e+00
   2.0486981e+01   1.1165843e+01
   4.7035869e+01   1.2420016e+01
  -5.6457042e+00   6.4609409e+01
   5.7175187e+01   2.4837334e+01
  -2.3270664e+01   6.2911273e+01
   4.5669936e+01   3.4283363e+01
  -5.9988723e+01  -4.4418565e+01
  -6.1032389e+01  -2.5494041e+01
   4.4564358e+00   3.4267253e+01
   2.4478519e+01   7.2714980e+01
   6.1386399e+01  -3.1720793e+00
   4.8095405e+00   6.7978817e+01
   7.6119597e+01  -8.0686231e+00
  -2.1471518e+01   5.2471899e+01
   6.7006250e+01  -2.2517282e+01
  -2.0086393e+01   3.6998945e+01
  -3.7485864e+01   4.9507110e+01
   7.1600994e+01   1.3582017e+01
  -4.2537281e+01  -2.6802714e+01
  -3.1843886e+01   5.7763490e+01
   1.3946446e+01   3.1111451e+01
   7.3320004e+00   4.9784202e+01
  -6.2757204e+00   5.2796069e+01
   1.1880967e+01   6.0565968e+01
   4.1250719e+01   6.0450047e+01
  -1.8261159e+01  -4.3681307e+00
  -3.8499741e+00   2.8699245e+01
  -9.3236024e+00   1.1581928e-01
   3.1627775e+01  -3.9249622e+01
   4.2216431e+01  -2.2651511e+01
   4.7232974e+01  -1.4001260e+01
   5.8088301e+01  -3.2939943e+01
   4.3825992e+01  -4.0301029e+01
   3.4318115e+01  -6.9580235e+01
  -4.4643775e+01  -7.8291384e+01
  -3.0118969e+01  -6.7558240e+01
  -2.9754761e+01   3.4445036e+01
   1.7699262e+01  -2.4756740e+01
  -5.8833554e+01   1.9976212e+01
  -6.2188673e+01   4.3925303e+01
   5.6970601e+00  -2.8818005e+01
  -6.9736196e+01   1.5611327e+01
  -7.8692530e+01   3.4090965e+01
  -8.1630200e+01  -2.0789539e+01
  -2.5536793e+01   2.4910141e+00
  -6.7402815e+01   3.1783840e+00
  -1.6442824e-02  -7.7262990e+01
  -7.6562624e+01  -1.2167437e+01
  -3.1969553e+01   2.1298507e+01
   4.2868953e+01  -6.4395359e+01
  -3.6252660e+00  -3.2435905e+01
   9.8696423e-01  -1.3335103e+01
   7.8743788e+01   6.5834108e+00
   1.7337467e+01  -6.7330253e+01
  -2.3099326e+01  -5.3746271e+01
  -1.3097686e+01  -2.3200212e+01
  -4.2325052e+01  -5.9759558e+01
   1.8278165e+01   2.0918835e+01
  -9.5721645e+00  -7.4315803e+01
  -1.2359165e+01   7.8623938e+01
  -1.3595726e+01  -3.3186860e+01
   3.2589785e+01  -1.3461357e+00
   1.7837063e+01  -1.4757725e+01
   3.6499679e+01  -1.4446789e+01
   9.8480581e+00  -8.7005881e+00
  -3.3560119e+01   6.7615114e+01
   2.8277600e+01   2.0305022e+01
  -1.5418424e+01   6.9103386e+01
   6.1989130e+01   4.2464397e+01
   6.6871875e+01   2.2393114e+01
  -7.3431376e+01  -3.2837070e+01
   2.9482185e+01   4.5432892e+01
  -6.3698297e+01  -3.5132086e+01
   7.7913821e+00   2.9421345e+00
   3.7296201e+01   1.5252889e+01
  -1.3838807e+01   2.9170137e+01
   3.1245042e+01   6.5351957e+01
   2.1778407e+01   6.1994477e+01
   1.4819917e+01   7.0124343e+01
   5.1498149e+01  -4.6627258e+00
  -1.3820048e+01   4.6033345e+01
   8.6034402e+01  -6.7665334e+00
   7.8077165e+01  -2.3925462e+01
  -4.6548522e+01   4.5280061e+01
   6.7164394e+01  -1.2518556e+01
  -4.6464977e+01   5.5279704e+01
  -5.2575179e+01  -3.2053370e+01
  -3.7008798e+01  -1.7762785e+01
  -3.2574827e+01  -3.6599170e+01
   1.1935475e+01   4.0906977e+01
   2.3775700e+01   2.9272102e+01
   5.9378002e+01   5.2117477e+01
   3.9405311e+01   5.0540965e+01
  -1.7450016e+00   6.6398600e+00
   5.4011121e+01   5.0163688e+00
  -9.0881826e-01   1.9141630e+01
