  -6.7201213e+01   2.2553460e+01
   2.8001811e+01  -4.4044108e+01
  -9.1438408e+01   3.2345661e+01
   3.3590428e+01  -7.0006208e+01
  -7.2564881e+01   3.8979720e+01
  -8.1155680e+01   6.0317039e+01
   5.0120420e+01  -4.5206325e+01
   4.6169557e+01  -5.4392765e+01
  -9.0307532e+01   4.2311147e+01
  -7.8578367e+01   1.6562109e+01
  -8.2070679e+01   3.5839165e+01
  -8.0926723e+01   4.5769779e+01
  -9.1595463e+01   1.7573849e+01
   3.8775013e+01  -6.1455180e+01
   2.5933296e+01  -6.3574386e+01
   3.5050785e+01  -5.2174548e+01
   5.0973714e+01  -6.3163174e+01
  -9.0944085e+01   6.2363288e+01
  -6.6391915e+01   4.6847023e+01
  -7.5135186e+01   2.8638401e+01
  -6.4821918e+01   3.2651488e+01
  -7.4169055e+01   5.3132761e+01
  -8.8337082e+01   5.2483351e+01
  -9.9616976e+01   3.8098913e+01
  -8.4392360e+01   2.4698293e+01
   3.8517281e+01  -7.8708283e+01
   1.7733609e+01  -4.4939080e+01
   4.0208184e+01  -4.3607095e+01
   2.5087995e+01  -5.3610177e+01
   4.5442149e+01  -7.1493947e+01
  -9.7719394e+01   4.9023456e+01
  -9.8256892e+01   2.5032028e+01
