   3.7104987e+01   1.1600759e+01
   2.3602546e+01  -1.3309682e+01
  -2.5817421e+01  -1.7958171e+01
   4.0682074e+00   2.7284818e+01
   3.7327307e+00  -2.9681231e+01
  -2.1773369e+00   6.2167294e+00
  -6.5574554e+00  -2.8154694e+00
   3.9141162e+00  -1.9682876e+01
  -1.3243340e+01  -1.8679020e+01
   2.3514458e+01  -3.3100698e+00
   3.5829215e+00  -1.9575849e+00
   2.0521063e+01   3.4075932e+01
   1.4929508e+01  -1.8287474e+01
  -1.9085780e+01  -1.0563240e+01
  -4.9633159e+00  -2.4286266e+01
  -3.5564174e+01   4.1317201e+00
   2.1402462e+01   1.8351913e+01
   1.3580886e+01  -2.1593624e+00
   1.6833857e-01   1.8076614e+01
   1.0716138e+01   1.7031721e+01
  -6.0005157e+00   2.6000387e+01
   1.3622677e+01  -2.8201716e+01
   2.3324546e+01  -2.3721012e+01
  -2.4296325e+00  -1.1923767e+01
  -6.6661457e+00  -3.4140218e+01
   2.1783823e+00  -3.9559692e+01
   8.3765431e+00  -1.0733756e+01
  -1.5270535e+01  -2.8471388e+01
  -2.5651039e+01   2.8165162e+00
  -2.8521525e+01  -7.2516353e+00
  -1.6379333e+01  -9.3644674e-01
   2.7221019e+01   1.0081817e+01
   1.7727217e+01   6.9405239e+00
   7.7420095e+00   7.4842316e+00
  -1.9450424e+00   3.5274864e+01
   3.2299470e+01   1.4673327e+00
  -1.2864231e+01   3.3272898e+01
   1.4034552e+01   2.6465073e+01
