   3.7104974e+01   1.1600757e+01
   2.3602541e+01  -1.3309681e+01
  -2.5817420e+01  -1.7958171e+01
   4.0682074e+00   2.7284818e+01
   3.7327321e+00  -2.9681225e+01
  -2.1773441e+00   6.2167270e+00
  -6.5574558e+00  -2.8154695e+00
   3.9141178e+00  -1.9682871e+01
  -1.3243338e+01  -1.8679019e+01
   2.3514453e+01  -3.3100697e+00
   3.5829187e+00  -1.9575756e+00
   2.0521061e+01   3.4075929e+01
   1.4929495e+01  -1.8287459e+01
  -1.9085779e+01  -1.0563240e+01
  -4.9633129e+00  -2.4286263e+01
  -3.5564174e+01   4.1317201e+00
   2.1402462e+01   1.8351913e+01
   1.3580881e+01  -2.1593597e+00
   1.6833858e-01   1.8076614e+01
   1.0716138e+01   1.7031718e+01
  -6.0005157e+00   2.6000387e+01
   1.3622677e+01  -2.8201701e+01
   2.3324528e+01  -2.3721001e+01
  -2.4296326e+00  -1.1923767e+01
  -6.6661451e+00  -3.4140214e+01
   2.1783832e+00  -3.9559686e+01
   8.3765298e+00  -1.0733746e+01
  -1.5270535e+01  -2.8471388e+01
  -2.5651039e+01   2.8165162e+00
  -2.8521523e+01  -7.2516358e+00
  -1.6379333e+01  -9.3644654e-01
   2.7221008e+01   1.0081811e+01
   1.7727204e+01   6.9405308e+00
   7.7419980e+00   7.4842326e+00
  -1.9450423e+00   3.5274864e+01
   3.2299466e+01   1.4673307e+00
  -1.2864231e+01   3.3272898e+01
   1.4034551e+01   2.6465069e+01
