   2.9310811e+01  -9.3355966e+00
  -2.0099835e+01  -2.4839690e+01
   3.3586996e+00  -2.2912989e+01
   3.4921838e+01   5.3568839e+01
   5.7933527e+01  -3.3182769e+01
  -6.0849099e+00  -3.8891780e+01
  -4.2306449e+00  -5.8374330e+01
  -2.7593795e+01   5.8432525e+00
  -1.2119365e+01  -7.7593182e+00
   1.2332480e+01   4.0188344e+01
   3.8453050e+01   6.7250610e+00
   9.8432124e+00  -4.2039292e+01
  -3.5276236e+01  -1.1625736e+01
  -6.7774535e+01  -3.2008807e+01
   5.1242166e+01   4.3242038e+01
   5.6691140e+01  -1.2884748e+01
   2.5164725e+01   5.1382275e+01
   3.6780838e+01   3.5277406e+01
   2.6672685e+01  -4.1468228e+01
  -1.3958629e+01  -3.2729262e+01
  -5.1787687e+01  -5.3221542e+00
  -3.3390550e+01   1.3991569e+01
   1.8438508e+01  -4.7141893e+01
   7.6248395e+01   1.2878965e+01
   3.3164255e+01   2.5955374e+01
   3.7047426e+01   1.6667869e+01
   2.4095420e+01   2.1747116e+01
   3.9723823e+01  -3.3403477e+00
  -2.3870229e+01   5.2101239e+01
   9.3162561e+00  -9.4737629e+00
   6.6402197e+01  -1.2843377e+00
   1.4217432e+01   6.8892261e+01
  -4.5925413e+01   3.9033877e+01
   9.7475893e+00   1.0658402e+01
   2.9158291e+01  -3.1782564e+01
   2.7611297e+01  -6.4974140e+01
   2.2181291e+01  -1.6340341e+01
  -3.4731685e+01  -7.2061786e+01
   2.0832870e+01  -2.6246950e+01
  -5.2246584e+01   3.1286082e+01
  -5.9569356e+01   2.4371226e+01
  -6.4385281e+01  -4.2533430e+00
   3.0141340e+00  -3.4745391e+01
  -2.8216246e+01  -1.9000320e+01
   1.8669649e+01  -6.9620239e+01
   5.3012365e+01   2.3555868e+01
  -3.2650233e+01  -3.4127137e+01
  -3.0036496e+01  -4.4029068e+01
  -6.0288752e+00   3.6813848e+01
   1.8970912e+01  -6.8691062e+00
  -1.3580161e+01   6.4934716e+01
   5.4474278e+00   5.1563184e+01
   1.1157970e+01   3.5488806e-01
  -3.0583956e+01   3.3645481e+01
   4.1694598e+01   4.6211722e+01
  -1.4288479e+01   5.4961139e+01
   3.8832926e+01  -3.4306368e+01
   4.0189029e+01  -2.4399314e+01
   3.5909298e+01  -4.5299029e+01
   2.7466391e+01  -5.1436636e+01
   1.5551804e+01  -6.0119370e+01
   1.8074908e+01  -3.6362963e+01
   1.1240650e+01  -2.9063937e+01
  -1.3883465e+01  -5.5775202e+01
  -4.0140378e+01   2.3328910e+01
  -6.3416340e+01   1.1483549e+01
  -6.9492510e+01  -1.2850432e+01
  -5.7549519e+01   3.0448234e+00
  -4.3376637e+01   1.3323900e+01
  -4.1863310e+01  -4.1187459e+00
  -4.8611251e+00  -2.8597787e+01
  -1.2146217e-01  -7.7928075e+01
  -2.2200085e+01  -5.0231251e+01
  -2.7706478e+00  -1.5015636e+01
  -1.0989436e+01  -2.0706052e+01
   5.3961973e+00  -6.1072559e+01
   5.6891392e+01   1.4340031e+01
   2.5411159e+01   3.2270500e+01
   4.3075351e+01   2.4641509e+01
   1.2692387e+01   2.0207130e+01
  -3.7571884e+01  -6.2473606e+01
   3.7745560e+01  -1.4703434e+01
   3.0527659e+01   5.8502452e-01
   5.6654358e+01   3.4834285e+01
   4.7084952e+01  -1.0107679e+01
  -4.9625991e+01  -2.3643668e+01
   4.7015251e+01   1.2771637e+01
  -1.1782893e+01   2.8646728e+01
  -5.2876194e+00   7.3248403e+01
  -2.1978001e+01   7.0363205e+01
   1.4272613e-01   1.4202627e+01
   8.0135743e+01  -1.5754668e+01
   1.9971333e+00   4.3640760e+00
   3.3452958e+01   6.3459920e+01
   4.9118680e+01  -1.9898421e+01
  -2.1775596e+01   2.8912577e+01
  -3.7949992e+01  -2.1243039e+01
  -2.9003367e+01   4.3519542e+01
   2.2206434e+01   4.1742670e+01
   1.5303191e+01   4.9732947e+01
   2.0812530e+01   2.9598642e+00
   3.1938537e+01   4.4025453e+01
   5.0345874e+01   5.3201563e+01
   1.5802154e-01  -5.4595428e+00
   4.8212186e+01  -3.0839413e+01
   4.5513666e+01  -4.1746269e+01
   3.4744344e+01  -7.1982680e+01
  -2.4941119e+01  -7.0026271e+01
   3.0515663e+01  -2.1865164e+01
   1.2530759e+01  -1.8942263e+01
  -4.9977448e+01   2.1548380e+01
  -2.3950134e+01  -6.0075986e+01
  -6.8584253e+01   2.0044059e+01
  -1.9112952e+01  -1.4890295e+01
  -2.6082755e+01  -7.7277835e+00
  -6.7355446e+01   3.0645434e+01
  -7.1360981e+01  -2.2674139e+01
  -3.7620805e+01   4.9335666e+00
  -5.3442336e+01   1.2171458e+01
  -4.5402635e+01  -1.4579966e+01
  -1.5126218e+01  -4.3163589e+01
  -5.8276239e+01  -1.2929829e+01
  -1.3380673e+01  -6.5761295e+01
  -9.7468258e+00  -7.5077034e+01
  -8.8796824e-01  -4.7434549e+01
  -3.0144163e+01   2.3446921e+01
   3.4905783e+01  -5.8117188e+01
   6.5099999e+01   8.6298407e+00
   8.5331443e+00  -7.0566326e+01
  -1.7547490e+00  -6.8062598e+01
  -4.7602056e+01   4.0608715e+00
  -3.2125515e+01  -5.4086887e+01
   9.6694859e+00  -5.2034040e+01
  -2.3041723e+01  -3.6892421e+01
   2.9191318e+01   1.0489926e+01
   1.9488953e+01   1.2874404e+01
   4.7638814e+01   2.7756098e+00
  -3.7239532e+00   6.3245837e+01
   6.2495350e+01   2.6718631e+01
  -2.7358615e+01   6.1934277e+01
   4.6693285e+01   3.3961993e+01
  -5.8354212e+01  -3.8168925e+01
  -5.8541034e+01  -2.8170869e+01
   2.7312546e+00   3.1771102e+01
   2.3704234e+01   6.5687186e+01
   5.6521693e+01  -2.8247498e+00
   4.1797004e+00   6.9372087e+01
   7.3778538e+01  -8.0357407e+00
  -1.0839758e+01   4.5577175e+01
   6.6489453e+01  -1.4881779e+01
  -1.6981352e+01   3.7686486e+01
  -4.1545090e+01   4.8022830e+01
   6.7816012e+01   1.8253297e+01
  -4.2156130e+01  -3.0286361e+01
  -3.3654571e+01   5.4165327e+01
   1.2606863e+01   3.0198903e+01
   2.5058344e+00   4.2009599e+01
  -4.4056363e+00   5.3269147e+01
   1.1954468e+01   5.9153562e+01
   4.2784899e+01   5.9745903e+01
  -1.9350140e+01  -3.4969217e-01
  -3.1140883e+00   2.3657420e+01
  -7.4275612e+00   1.0570928e+00
