   3.9693855e+01   1.1644681e+01
   3.1990143e+01  -9.8533138e+00
  -2.0911368e+01  -2.0293814e+01
   1.1215692e+00   2.0844462e+01
   5.7152764e+00  -3.2807220e+01
   1.0890431e+01   1.0687605e+01
   3.3168755e+00  -2.3582033e+01
   2.6149057e+01  -1.9866556e+00
   6.0399567e+00   2.2546016e+00
   2.9325259e+01   4.2458790e+01
  -3.7341524e+01   1.1461410e+01
  -1.1243021e+01   2.8534344e+01
   4.2094416e+01  -2.6769782e+01
  -5.2400128e+00  -1.8831766e+01
  -1.7535859e+01  -4.1633040e+01
  -5.4360354e+00  -5.7644702e+01
  -2.5331482e+01  -3.7025307e+01
  -2.8248281e+01   7.5018356e+00
  -3.8472950e+01  -7.3390066e+00
  -1.2362072e+01  -5.8318828e-01
   4.3139012e+00   4.0756283e+01
   3.3081718e+01   5.0101949e+00
  -2.0997891e+01   2.8481610e+01
   1.3896932e+01   3.8119838e+01
   2.3668797e+01  -3.3891215e+01
  -4.5391530e+01   4.5210328e+00
   6.5739839e+00  -4.2364447e+01
  -3.5049630e+01  -1.5910722e+01
  -4.0900005e+01  -3.1554132e+01
   4.5133366e+01   2.5933125e+01
  -2.6556669e+01  -2.3182432e+00
   1.6745856e+01   1.2911966e+00
   7.6790800e+00   3.0273075e+01
  -6.2142180e+00   4.1992362e+01
   4.8379281e+01  -5.7910006e+00
  -3.7387420e+00   3.8969341e+00
   2.6596286e+01   2.3479072e+01
  -1.5506935e+01   3.7833596e+01
   1.6970142e+01   2.7307297e+01
   3.2701981e+01   3.1303691e+01
  -1.9474345e+00   3.3846166e+01
   2.6922782e+01  -4.3320099e+01
   2.2884283e+01  -1.3978981e+01
   4.3170370e+01  -1.6663560e+01
   1.4937484e+01  -2.9075940e+01
   5.1261571e+00  -1.4190489e+01
  -1.2504438e+01  -2.5345396e+01
  -1.0704205e+01  -4.8331100e+01
  -4.7983350e+01  -5.0828091e+00
  -4.6738317e+01   1.4384504e+01
  -2.9519067e+01   1.7523931e+01
   1.1012849e+01  -5.1133134e+01
   1.6271050e+01  -4.0441425e+01
  -2.0592106e+01  -3.0157964e+01
   5.5070803e+01   1.0475467e+01
  -8.6959478e+00  -9.7278142e+00
   3.6212556e+01   2.0999449e+01
  -3.9844584e+01  -2.3184883e+01
   2.4353098e+01   7.2396752e+00
   1.7840807e+01   1.9100576e+01
   3.8943946e+01  -2.7384903e+00
  -1.1726438e+01   5.0090286e+01
   2.1914576e-01  -5.6454213e+00
   5.6199467e+01   5.3878688e-01
   1.0236001e+01   4.8612171e+01
  -3.0746724e+01   3.0517560e+01
   3.0427776e-01   1.2477156e+01
   2.3274578e+01   3.4588998e+01
   1.0879656e+01  -6.4238130e+00
   1.9906056e+01   4.6102362e+01
   3.2510628e+01  -2.9464238e+01
   2.7598504e+01  -5.3282131e+01
   1.4292924e+01  -1.9109601e+01
  -2.5921211e+01  -5.1008869e+01
   2.3494950e+01  -2.3930798e+01
  -4.9687194e+00  -4.0137905e+01
   3.3622521e+01  -1.9604713e+01
  -3.7666879e+01   2.3242087e+01
  -5.5693226e+01   1.8604775e+01
  -5.6656769e+01  -9.8710116e+00
  -3.5895369e+01   1.7383267e+00
  -4.5102816e+01  -1.4767296e+01
  -1.8289918e+01  -8.0994257e+00
  -4.0069499e+00  -3.0264068e+01
  -5.4483551e-01  -4.9067244e+01
  -2.9781341e+01  -2.3983293e+01
  -2.6648917e+01  -1.2240367e+01
   7.8176543e+00  -6.0541293e+01
   4.6901600e+01   4.2371678e+00
  -4.9514450e+01  -2.4026973e+01
   4.7717409e+01   1.6671131e+01
  -3.2314749e+01  -3.2836578e+01
  -2.8880847e+01  -4.3391047e+01
  -2.5043302e+00   2.6280829e+01
   2.0094795e+01   1.3088934e+01
