  -7.4225294e+01   2.6739209e+01
  -7.3408449e+01   8.3056965e+01
   6.0690845e+01  -2.9437656e+01
   4.6490129e+01  -5.1680640e+01
  -7.1059118e+01   1.7259054e+01
  -9.2374005e+01   1.9380911e+01
  -5.4013434e+01   2.2743624e+01
  -6.2448119e+01   4.2689744e+01
  -9.8980130e+01   5.5172276e+01
   2.8424593e+01  -8.6307007e+01
   1.7513108e+01  -4.9390174e+01
   3.8181803e+01  -4.6153931e+01
  -4.8137207e+01   5.2457257e+01
  -8.5127211e+01   9.2300926e+00
  -7.9959773e+01   6.6033509e+01
  -5.5380419e+01   6.0018225e+00
  -7.6497064e+01   3.6471262e+01
  -9.3007952e+01  -2.8034308e-01
   2.0154946e+01  -8.0684607e+01
   2.7827468e+01  -3.3285943e+01
   6.1620381e+01  -8.8346295e+01
   5.5667322e+01  -5.5588248e+01
   7.8244573e+00  -5.2311723e+01
   2.7358788e+00  -6.2807467e+01
   6.7854262e+01  -7.1231344e+01
   3.8124048e+01  -3.6158795e+01
  -4.1167513e+01   4.5289609e+01
  -8.4483216e+01  -9.3454684e+00
  -8.0363990e+01   5.6045821e+01
  -8.9305684e+01   6.9566828e+01
  -6.0681353e+01   1.4757444e+01
  -6.3895077e+01   2.4221884e+01
  -5.6905802e+01   3.4109116e+01
  -3.9014570e+01   3.5525629e+01
  -8.1000101e+01   1.8338459e+01
   6.3329337e+01  -3.9082264e+01
   4.2563164e+01  -9.7133720e+01
   3.9536077e+01  -2.6261613e+01
   3.6312268e+01  -7.8301834e+01
   1.8232565e+01  -2.5231856e+01
  -1.0712085e+00  -4.7744657e+01
   6.2556138e+01  -6.2790869e+01
   1.4739909e+01  -5.9533867e+01
   4.7804656e+01  -7.3887319e+01
   1.8800459e+01  -6.8671107e+01
  -8.5748766e+01   4.0225785e+01
  -8.4171224e+01   2.7822076e+01
  -5.1029622e+01   4.2198581e+01
  -5.8102126e+01   5.1684870e+01
  -7.5143877e+01   8.1431086e+00
  -8.0933234e+01  -1.0732598e-03
  -8.9773571e+01   5.9427979e+01
  -6.8726787e+01   5.0471320e+01
  -8.9906234e+01   7.9805988e+01
  -5.5442420e+01  -3.9980621e+00
  -8.0610574e+01   7.6119429e+01
  -9.5120763e+01   9.5876469e+00
  -6.5390796e+01   5.9379427e+00
  -7.7847176e+01   4.6373540e+01
  -4.4190649e+01   2.0890846e+01
  -4.7612868e+01   3.0424381e+01
  -6.6893419e+01   3.3745321e+01
   5.0968948e+01  -3.1779402e+01
   4.6915644e+01  -4.0920993e+01
   5.5749695e+01  -4.5598464e+01
   3.8260934e+01  -8.8107787e+01
   4.8231725e+01  -8.8865556e+01
   3.1771025e+01  -9.5801323e+01
   2.9922754e+01  -2.3508292e+01
   1.1859568e+01  -3.2937258e+01
   2.8627649e+01  -4.3253127e+01
   3.9417225e+01  -5.8744454e+01
   3.9231728e+01  -6.8739940e+01
   1.9345513e+01  -3.9559848e+01
   4.0117035e+00  -3.9133336e+01
   6.9717848e+01  -5.5816778e+01
  -9.2014801e+01   4.8005243e+01
   2.4840555e+01  -6.0584886e+01
   2.7392577e+01  -7.3784158e+01
   8.9907399e+00  -7.0609625e+01
   5.7874328e+01  -7.1728904e+01
   5.4637870e+01  -8.1188429e+01
   5.0733298e+01  -6.4325487e+01
  -9.8540661e+01   7.3390241e+01
  -9.2705396e+01   3.3047520e+01
  -9.9016819e+01   4.0812788e+01
