  -6.0756982e+01   4.2297970e+01
  -5.6990706e+01  -1.3107266e+01
  -7.2829364e+01  -2.0858597e+00
  -8.4626768e+01   2.3518611e+01
   2.3546386e+01  -1.3454399e+01
   3.6354273e+01  -5.4729867e+01
  -2.9409129e+00   4.3508949e+01
  -7.2235416e+01   7.7285695e+00
   9.9446830e+01  -9.8046980e+00
   3.8161852e+01  -5.6117774e+00
  -2.1394130e+00  -4.0341442e+01
   3.9533716e+01  -8.1786226e+01
   5.6366020e+01  -9.4087696e+01
  -5.0512311e+01   6.1113253e+01
  -8.2593268e+01  -1.9170540e+01
  -2.0427094e+01  -9.3671218e+00
   3.0918375e+00  -2.3494155e+01
  -2.1018126e+01  -3.6326985e+01
   1.6667054e+01  -7.7201402e+01
   4.6499300e+01  -8.7966811e+01
  -1.8503507e+01  -8.0738730e+01
  -2.6905833e+01   8.7907061e+01
  -5.0248213e+01   9.2060267e+01
  -2.8287011e+01   4.6342937e+01
  -6.8438931e+01  -3.3196685e+01
  -3.6968422e+01  -7.7291144e+00
   5.9519214e+01  -2.0255979e+01
  -6.1624162e+01   2.4343973e+01
   2.0231909e+01  -4.0289120e+01
  -9.6742405e+01   2.6903059e+01
  -6.6917435e+01   1.5995306e+01
  -5.5329929e+00  -1.8480996e+01
  -8.3873971e+01   4.5311969e+01
   6.6943690e+01  -4.8657299e+01
  -2.2032323e+00  -7.1363243e+01
  -1.9939839e+01  -6.2797800e+01
   1.3716195e+01  -9.7134325e+01
   7.1747028e+01  -1.8252137e+01
  -2.1580609e+01   5.3333001e+01
   8.7818766e+01  -3.4755047e+01
  -3.4692508e+01   9.4093788e+01
  -3.6532896e+01   2.9157977e+01
   5.9121401e+01   7.2879191e+00
  -3.8894051e+01   1.0470653e+01
   1.2188590e+01   6.5324078e+01
  -7.9819498e+01   6.7268750e+01
  -8.2631015e+01  -4.3082836e+01
  -5.2534142e+01   6.7657356e+00
   6.1942560e+01  -6.3449364e+01
   4.6555810e+01  -2.8378039e+01
   1.3973098e+01  -3.2515713e+01
   4.9305868e+01   3.1048820e+01
   1.7962493e+01   1.2230832e+01
   2.6885672e+01  -5.1207330e+01
   8.0625278e+00  -5.1642784e+00
   8.2853275e+00   1.1049601e+01
   5.1412617e+01  -3.6992044e+01
  -6.5572909e+01   3.3393617e+01
  -2.2299482e+01  -5.3029488e+01
   9.6457934e+01  -4.5770941e+01
   7.0347328e+01  -5.8059222e+01
   2.4169454e+01  -7.0364490e+01
   8.0770165e+01  -9.9452816e+01
   9.5675056e+00  -5.6295964e+01
  -2.8408828e+01  -7.4459235e+01
  -1.6714888e+01   7.0195937e+01
   9.4307696e+01  -1.2153327e+00
  -5.1629593e+01   7.1437626e+01
  -3.3214381e+01   6.5201782e+01
  -8.5921820e-01   2.0188926e+01
   8.0058386e+01  -2.8491615e+01
   5.3126027e+00   2.7638987e+01
   9.0620168e+01  -2.4613425e+01
  -5.8238955e+01  -3.7976229e+01
  -1.2528724e+01   5.7035985e+01
  -2.1032487e+01   3.8165092e-01
  -6.6164158e+00   7.2278077e+01
  -3.4047013e+01  -2.1934416e+01
  -7.8285844e+01  -1.0278885e+01
  -2.3364637e+00   5.3212962e+01
  -4.7901673e+01  -3.0286944e+01
  -5.7777029e+01   9.8571997e+01
   4.6271471e+01  -5.5400424e+01
   6.4006731e+01  -8.8821825e+01
  -3.8200202e+01   4.8290094e+01
   2.3522422e+01  -3.0871231e+01
   4.1648984e+01  -3.7054835e+01
   3.2088224e+01  -3.5383887e+01
   6.5042468e+01  -7.8974076e+01
  -9.3076993e+01   4.1434408e+01
   8.6770465e+01  -6.0591307e+01
   4.2716250e+01   4.7334859e+00
   2.3088839e+01   3.7417306e+00
  -1.0678922e+01  -9.8606450e+00
   1.3315947e+01   3.1199169e+00
  -9.7821390e+01   5.8853078e+01
  -7.3978776e+01   2.8008599e+01
  -4.3426919e+00  -5.1021523e+01
  -3.2441295e+01  -5.3172144e+01
   4.2017676e+01  -6.4389462e+01
  -1.2504172e+00  -8.5348536e+01
   9.0872679e+01  -6.9683985e+01
  -2.8224818e+01  -2.9706320e+01
   7.6742323e+01  -4.4539749e+01
   7.9482002e+01  -5.4071480e+01
   2.5445719e+01  -8.1916806e+01
   6.0961355e+01  -1.3863816e+00
   5.6646881e+00  -6.5448881e+01
  -4.6010249e+01  -7.5834294e+01
  -3.2964652e+01  -9.2328520e+01
   8.6499868e+01  -4.6679750e+01
  -4.6632311e+01  -7.8077717e+00
  -4.4292118e+01   1.7975794e+00
  -5.4775933e+01  -2.7634510e+00
  -1.4628500e+01  -9.9179553e+01
  -1.1210456e+01  -3.6638763e+01
   7.7250523e+01   1.2467869e+01
  -1.1867185e+01   9.8477143e+01
   1.1506063e+01   2.0027791e+01
   6.7288451e+01   1.2885610e+01
  -1.5329240e+01   2.8833845e+01
   7.1071880e+01  -4.8644292e+00
   1.4092222e+01   4.0122913e+01
  -4.0838454e+01   5.8267842e+01
  -7.5464007e+01  -2.6090480e+01
  -4.4094551e+01   7.7739895e+01
  -3.4768543e+01   1.4133077e+00
  -6.3439397e+01  -4.6480688e+01
   7.2948052e+01  -3.5385871e+01
  -3.2153620e+01   3.7667278e+01
  -1.4780493e+01  -2.7545084e+01
  -6.3892203e+01  -5.9699400e+00
  -6.2084181e+01   3.9933704e+00
  -6.7266702e+01   5.0309889e+01
  -2.3543434e+01   6.2957699e+01
  -2.6549625e+01   7.2406982e+01
   6.7332314e+01  -2.7161718e+01
   4.9682725e+01  -1.8985799e+01
  -2.9300596e+01  -1.3306524e+01
   8.9183179e+01  -9.4066982e+01
  -4.5055503e+00   6.2728282e+01
   4.9320790e+00   7.8938846e+01
  -6.9177659e+01  -1.4268699e+01
  -4.7203926e+00   8.9003736e+01
  -4.1838811e+01  -1.6262276e+01
  -9.0459825e+01  -1.3016344e+01
   3.3175987e+01  -8.9489688e+01
   4.7378723e+01  -7.5540668e+01
  -8.1212477e+01   8.4085312e+01
   4.6656181e+01  -4.5603202e+01
  -8.5877190e+01  -3.3628992e+01
  -5.7279092e+01   1.5194322e+01
  -7.6309273e+01   1.8313801e+01
   2.8265705e+01  -4.7616259e+00
   5.0862761e+01  -9.1109529e-01
  -7.6918529e+01  -5.1288950e+01
   5.4994024e+01  -8.2050219e+01
   4.5897915e+01  -9.8313215e+01
  -7.6063239e+01   9.3374949e+01
   5.0140789e+01   1.1334504e+01
   3.1807139e+01   1.8957443e+01
  -5.8549300e+01   7.8463809e+01
  -6.8521670e+01   8.7615495e+01
   1.5037996e+01  -6.7354677e+01
   6.9143690e+01  -6.9889046e+01
   7.7889682e+01  -6.5075842e+01
   1.3757739e+01  -1.3775947e+01
   3.2904281e+01   4.0359808e+00
   4.0714211e+01   1.4518298e+01
  -1.6981345e+00  -7.2298689e+00
   2.0487572e+01  -5.9036296e+01
   4.2571470e+00  -3.2970886e+01
   1.8369417e+01  -5.0884866e+00
   4.2108674e+00  -1.4245480e+01
  -1.2283779e+00   1.8220891e+00
  -8.9210478e+01  -2.7911359e+00
  -9.2828500e+01   7.4623776e+00
   3.4686793e+01  -4.4951907e+01
   5.7422685e+01  -5.4846918e+01
  -2.9543358e+01  -6.4525711e+01
  -1.0738294e+01  -6.6386104e+01
   3.0391877e+01  -6.2646098e+01
   7.2640622e+01  -9.3694175e+01
   9.9488502e+01  -7.4714769e+01
   9.6460023e+01  -5.4980903e+01
  -1.2771741e+01  -8.8115298e+01
   4.4088062e+00  -9.3561210e+01
  -3.7420310e+01  -7.0981670e+01
  -2.1862288e+01  -9.2336727e+01
  -8.7393274e+00  -7.8787272e+01
  -2.7531055e+01  -8.4188770e+01
   6.8940739e+00  -7.5349685e+01
   1.7380411e+01  -8.7833509e+01
  -5.4749172e+00  -9.4522699e+01
   8.4816545e+01  -4.3455338e+00
   8.6774181e+01   6.8352881e+00
  -1.6510198e+01   8.9298773e+01
   8.1670841e+01  -1.8684730e+01
   2.4701062e+01  -9.4787791e+01
   9.7740735e+01  -3.5900734e+01
  -5.3870043e+00   2.8810699e+01
   5.8324847e+01   1.8617156e+01
  -3.1290128e+01   5.5614635e+01
   1.5582429e+01   2.8938139e+01
   6.5055513e+00   4.6949123e+01
   6.4382682e+01  -1.2096356e+01
   4.5849251e+00   3.7264398e+01
   9.0227278e+01  -1.3610847e+01
  -5.7549900e+01   5.2000713e+01
  -2.4867839e+01   2.5464406e+01
  -5.6944180e+01  -5.4073551e+01
  -3.0143209e+01   1.7063323e+01
  -9.8476925e+01   9.4565976e+01
  -3.4193764e+01   7.8790963e+01
  -4.2534732e+01   6.7991253e+01
  -2.0628404e+01   8.0227885e+01
  -5.7305732e+01  -2.8083017e+01
  -5.5637059e+01   3.3649083e+01
   9.5008984e+01  -8.5946086e+01
   4.0004573e+01  -1.6629754e+01
  -1.5384769e+01  -1.7916116e+01
  -4.7728046e+01   5.1157502e+01
  -4.1754022e+01   8.7223221e+01
  -1.0501074e+01   3.7329913e+01
  -1.7588086e+01   4.4259584e+01
  -2.2472418e+01   3.5593432e+01
  -2.4132982e+01  -2.1374488e+01
  -3.2285852e+01  -3.7885733e+01
  -3.8364415e+01  -3.0684188e+01
   6.9210913e+00   5.6873663e+01
  -5.0612618e+01  -2.0704867e+01
   2.9901125e+00   6.9177569e+01
  -9.0723527e+01  -2.4888772e+01
  -1.0798571e+01   8.1161968e+01
   3.6872339e+01  -2.6361012e+01
  -8.1208862e+01   3.1521843e+00
  -8.8599924e+01   3.2572706e+01
  -7.9500786e+01   3.6320047e+01
  -9.4083160e+01   8.0864948e+01
  -7.1183956e+01   4.1457069e+01
  -8.4336862e+01   1.2583659e+01
  -8.9699254e+01   8.9790776e+01
  -8.5845047e+01   7.5226729e+01
  -2.2009367e+01   9.7603000e+01
   1.7580550e+01  -2.2904414e+01
   2.7984551e+01  -2.2122304e+01
  -9.7221458e+01  -5.3526776e+01
   3.6089390e+01  -9.9049864e+01
  -4.5726373e+01   3.2925094e+01
   5.7546699e+01  -7.2393506e+01
  -8.7937786e+01   6.1324694e+01
  -7.2522765e+01  -4.2312548e+01
   4.8288736e+01   2.1119294e+01
  -6.5902762e+01  -2.3539100e+01
  -9.2516553e+01  -4.4702726e+01
  -9.5870900e+01  -3.5282092e+01
  -7.1383321e+01   7.8402428e+01
  -9.3936794e+01   6.9325745e+01
   2.2104884e+01   2.1235471e+01
  -6.7740636e+01   9.8903129e+01
   6.3381745e+01  -3.7851132e+01
   5.7746010e+01  -2.9723412e+01
   5.6754076e+01  -4.5157678e+01
   5.2040235e+01  -6.3425113e+01
  -1.0956738e+01  -2.4779319e-01
   7.7594836e+01   2.5378963e+00
   7.6798668e+00  -4.2216496e+01
   1.7007754e+01  -4.9694166e+01
  -4.9313312e+00  -2.9095142e+01
  -5.1683716e+01   2.4371972e+01
  -1.6042162e+01  -4.5190599e+01
  -9.3617443e+01   1.7422333e+01
  -9.8975221e+01  -3.6772865e-01
  -5.9066227e+01   8.8251614e+01
  -7.6980743e+01   5.2524503e+01
  -2.8022345e+01   7.4856769e+00
   3.2703377e+01  -7.4925857e+01
  -2.7555733e+00  -6.0705515e+01
  -8.2094215e-01   1.0838903e+01
  -3.8708352e+01  -6.1001017e+01
  -8.4438091e+01   9.8223078e+01
  -2.6371238e+01  -4.4629283e+01
  -1.9092699e+01  -7.1826891e+01
   5.2290262e+01  -9.2172985e+01
   5.9719528e+01  -5.9370546e+00
   9.4216196e+01  -5.8603356e+01
