   1.5210000e+03
   1.5130000e+03
   1.3530000e+03
   1.4190000e+03
   1.4210000e+03
   1.3450000e+03
   1.4490000e+03
   1.5230000e+03
   1.4770000e+03
   1.4830000e+03
   1.5070000e+03
   1.4690000e+03
   1.3330000e+03
   1.4850000e+03
   1.4570000e+03
   1.4250000e+03
   1.5150000e+03
   1.3690000e+03
   1.4610000e+03
   1.4750000e+03
   1.4970000e+03
   1.5110000e+03
   1.4090000e+03
   1.5250000e+03
   1.4350000e+03
   1.3550000e+03
   1.4410000e+03
   1.4470000e+03
   1.3610000e+03
   1.3650000e+03
   1.3730000e+03
   1.4150000e+03
   1.4730000e+03
   1.3930000e+03
   1.4070000e+03
   1.4910000e+03
   1.4870000e+03
   1.4310000e+03
   1.4810000e+03
   1.5190000e+03
   1.5290000e+03
   1.5010000e+03
   1.4270000e+03
   1.4290000e+03
   1.4330000e+03
   1.4370000e+03
   1.4430000e+03
   1.4390000e+03
   1.3520000e+03
   1.3540000e+03
   1.4450000e+03
   1.4550000e+03
   1.4530000e+03
   1.4510000e+03
   1.4590000e+03
   1.3660000e+03
   1.4630000e+03
   1.3700000e+03
   1.3720000e+03
   1.3740000e+03
   1.4790000e+03
   1.3840000e+03
   1.5090000e+03
   1.4930000e+03
   1.5030000e+03
   1.4950000e+03
   1.4890000e+03
   1.4020000e+03
   1.5170000e+03
   1.4060000e+03
   1.4080000e+03
   1.4100000e+03
   1.5050000e+03
   1.4140000e+03
   1.4160000e+03
   1.5310000e+03
   1.4200000e+03
   1.4240000e+03
   1.4260000e+03
   1.4280000e+03
   1.4300000e+03
   1.4340000e+03
   1.4360000e+03
   1.4380000e+03
   1.4400000e+03
   1.4420000e+03
   1.4440000e+03
   1.4460000e+03
   1.4480000e+03
   1.4500000e+03
   1.4520000e+03
   1.4540000e+03
   1.4560000e+03
   1.4580000e+03
   1.4600000e+03
   1.4620000e+03
   1.4640000e+03
   1.4660000e+03
   1.4680000e+03
   1.4720000e+03
   1.4740000e+03
   1.4760000e+03
   1.4780000e+03
   1.4820000e+03
   1.4860000e+03
   1.4880000e+03
   1.4900000e+03
   1.4920000e+03
   1.4940000e+03
   1.4960000e+03
   1.5000000e+03
   1.5020000e+03
   1.5040000e+03
   1.5060000e+03
   1.5080000e+03
   1.5100000e+03
   1.5120000e+03
   1.5140000e+03
   1.5160000e+03
   1.5180000e+03
   1.5200000e+03
   1.5220000e+03
   1.5240000e+03
   1.5260000e+03
   1.5280000e+03
   1.5300000e+03
