  -7.1955644e+01   9.4099084e+01
   5.6542635e+01  -1.7321131e+01
  -5.1596433e+01   1.6826006e+01
  -7.0055782e+01   3.8489867e+01
   9.3763149e+00  -5.0805023e+01
   4.3511902e+01  -5.0435485e+01
  -4.0296827e+01   6.5172276e+01
  -8.9976254e+01   7.3674742e+00
  -7.6032114e+01   7.5163084e+01
  -4.3439222e+01   8.0671194e+00
  -9.7453709e+01   7.3070619e-01
   6.7105795e+00  -8.1214551e+01
   6.4890753e+01  -9.0482508e+01
   5.5378802e+01  -4.6987187e+01
  -4.1934374e+00  -6.3873445e+01
   7.6423121e+01  -6.5434145e+01
  -3.4465244e+01   4.4351518e+01
  -9.1159664e+01  -1.4690570e+01
  -4.1188079e+01   3.6955243e+01
  -9.0650261e+01   1.9758700e+01
   5.2897072e+01  -3.6950514e+01
   4.3304394e+01  -3.0370216e+01
   3.7264156e+01  -8.6055411e+01
   1.8179097e+01  -2.6167550e+01
  -8.9702865e-01  -5.0353048e+01
  -8.8938822e+01   2.9607330e+01
  -5.4879785e+01   4.9392824e+01
  -8.1382948e+01   2.2208776e+00
  -6.0396013e+01   4.1061943e+01
  -9.5243685e+01   8.6305516e+01
  -5.3071876e+01  -1.5058376e+01
  -7.6423633e+01   8.5154086e+01
  -9.9044430e+01   1.1581265e+01
  -5.9833220e+01  -7.2085353e-01
  -7.9962819e+01   3.9784014e+01
  -4.1657927e+01   1.7901129e+01
  -6.2994745e+01   3.1417125e+01
   4.6707447e+01  -8.2910501e+01
   3.1650721e+01  -9.4289956e+01
   2.5816120e+01  -1.9712322e+01
   6.1549767e+00  -1.9786418e+01
   3.3582055e+01  -3.9364378e+01
   2.1629553e+01  -3.5553165e+01
   4.1059835e+00  -3.9800944e+01
   8.0695390e+01  -4.7354321e+01
   2.0159972e+01  -6.3796969e+01
   3.0779998e+01  -6.7319549e+01
   3.9236227e+00  -6.9710051e+01
   4.8323723e+01  -7.1205158e+01
   4.0660987e+01  -6.4818084e+01
  -2.7396660e+01   5.1421370e+01
  -4.1935179e+01   5.5310242e+01
  -8.8086096e+01   5.7443608e+01
  -7.4294646e+01  -4.8327506e+00
  -8.4142771e+01  -2.1919103e+01
  -4.5494640e+01  -8.5329320e+00
  -2.3495028e+01   2.8274474e+01
  -3.4099889e+01   2.4446872e+01
  -6.7508825e+01   8.0390750e+01
  -7.8091290e+01   5.7680278e+01
  -7.2602874e+01   1.6888615e+01
  -6.7872871e+01   8.0799372e+00
   7.5406109e+01  -2.4685251e+01
  -8.1206275e+01   2.3278662e+01
   6.9077985e+01  -4.7374612e+01
  -6.3366234e+01   2.0819779e+01
  -5.1354067e+01   3.6797108e+01
   7.4292715e+01  -9.3871656e+01
  -7.1880406e+01   2.6859850e+01
  -8.6036672e+01   8.2404588e+01
   4.1769824e+01  -1.1703760e+01
   3.5815892e+01  -1.9735250e+01
   2.4341882e+01  -4.5209708e+01
   1.6042377e+01  -1.6398657e+01
   9.7483881e+00  -3.1545048e+01
   1.3887047e+01  -4.1881064e+01
  -1.0878135e+01  -5.0967475e+01
   1.8961727e+01  -5.3639736e+01
   7.0691931e+01  -5.7242059e+01
  -5.8909197e+00  -3.9562342e+01
   2.2927371e+01  -8.9344749e+01
   2.8089296e+01  -5.7704821e+01
   6.5059879e+01  -8.0501449e+01
   1.3759504e+01  -7.1479895e+01
  -9.7818951e+01   6.7297538e+01
  -9.8171466e+01   3.3859433e+01
  -5.7926367e+01   9.0922167e+00
  -5.1330584e+01   5.8734280e+01
  -4.5491987e+01   4.5969949e+01
  -4.9803505e+01   6.8613278e+01
  -2.4745535e+01   4.1407486e+01
  -8.1939585e+01   1.3311434e+01
  -6.2217362e+01  -1.9102882e+01
  -3.1600302e+01   3.4128398e+01
  -8.7853535e+01   9.3553744e+01
  -8.1645092e+01  -1.1612853e+01
  -4.9902913e+01   4.4171829e-01
  -8.8904887e+01  -4.7302715e+00
  -3.3515633e+01   1.2103306e+01
  -7.4412994e+01  -1.8519129e+01
   6.8487854e+01  -3.1905619e+01
  -8.9673619e+01   7.3092341e+01
  -8.1767550e+01   6.6974567e+01
  -4.4411206e+01   2.7503288e+01
   5.9931835e+01  -2.6729282e+01
   6.0874980e+01  -5.5341038e+01
  -5.7597885e+01   8.1717650e+01
  -6.5259511e+01  -9.1178032e+00
   4.3524297e+01  -4.0435000e+01
   6.2456965e+01  -3.9881895e+01
  -8.9949645e+01   3.9544942e+01
  -5.4343451e+01   2.6433602e+01
  -7.4698905e+01   4.8279703e+01
   3.2944345e+01  -7.7063584e+01
   2.3405229e+01  -7.4089414e+01
   5.6188776e+01  -9.5392709e+01
   2.3384856e+01  -9.9888365e+01
   3.3187503e+01  -2.9378961e+01
  -6.4855994e+01   5.0004778e+01
   3.3573463e+01  -4.9355840e+01
   4.6114507e+01  -2.0773171e+01
   2.9683481e+01  -1.0490531e+01
   3.9082579e-01  -2.8018778e+01
   9.3585688e+00  -8.9605769e+00
   5.1455787e+01  -6.1249984e+01
  -9.3338445e+01   4.8938056e+01
  -1.5558070e+01  -4.2120340e+01
   1.6706045e+01  -8.1515630e+01
   4.6508755e+01  -9.2900009e+01
   5.8252476e+01  -6.8580156e+01
   8.2161301e+01  -5.7245807e+01
   1.3099417e+01  -9.1193755e+01
  -9.8736633e+01   5.7345034e+01
   6.7996741e+01  -7.0817316e+01
   5.5439224e+01  -7.8165644e+01
   4.9349783e+00  -5.9762802e+01
  -3.3410218e+00  -7.6578634e+01
