   2.6170000e+03
   2.3850000e+03
   2.2490000e+03
   2.3570000e+03
   2.4490000e+03
   2.4750000e+03
   2.6270000e+03
   2.5950000e+03
   2.4530000e+03
   2.4610000e+03
   2.2850000e+03
   2.5410000e+03
   2.2710000e+03
   2.4670000e+03
   2.4230000e+03
   2.4550000e+03
   2.4510000e+03
   2.6410000e+03
   2.6010000e+03
   2.2390000e+03
   2.4690000e+03
   2.2790000e+03
   2.4870000e+03
   2.5770000e+03
   2.3590000e+03
   2.5610000e+03
   2.6090000e+03
   2.4130000e+03
   2.3290000e+03
   2.6230000e+03
   2.3990000e+03
   2.4250000e+03
   2.5070000e+03
   2.4430000e+03
   2.5870000e+03
   2.4050000e+03
   2.6430000e+03
   2.2090000e+03
   2.2330000e+03
   2.2250000e+03
   2.2410000e+03
   2.3430000e+03
   2.4850000e+03
   2.5390000e+03
   2.2150000e+03
   2.2830000e+03
   2.6250000e+03
   2.5430000e+03
   2.5830000e+03
   2.5710000e+03
   2.5670000e+03
   2.2990000e+03
   2.3390000e+03
   2.5850000e+03
   2.4710000e+03
   2.3630000e+03
   2.6150000e+03
   2.6110000e+03
   2.2510000e+03
   2.5290000e+03
   2.3510000e+03
   2.4070000e+03
   2.3810000e+03
   2.6370000e+03
   2.4570000e+03
   2.2210000e+03
   2.6390000e+03
   2.6450000e+03
   2.4450000e+03
   2.2370000e+03
   2.4170000e+03
   2.3870000e+03
   2.4770000e+03
   2.4810000e+03
   2.2610000e+03
   2.5010000e+03
   2.3650000e+03
   2.4910000e+03
   2.5170000e+03
   2.5210000e+03
   2.5230000e+03
   2.5130000e+03
   2.5470000e+03
   2.3110000e+03
   2.5490000e+03
   2.5630000e+03
   2.4470000e+03
   2.5570000e+03
   2.3530000e+03
   2.5090000e+03
   2.6350000e+03
   2.4370000e+03
   2.3610000e+03
   2.3490000e+03
   2.5150000e+03
   2.6310000e+03
   2.3330000e+03
   2.4390000e+03
   2.5930000e+03
   2.6210000e+03
   2.6330000e+03
   2.3730000e+03
   2.6050000e+03
   2.5050000e+03
   2.1720000e+03
   2.1760000e+03
   2.4410000e+03
   2.4270000e+03
   2.5110000e+03
   2.3930000e+03
   2.4190000e+03
   2.4830000e+03
   2.2060000e+03
   2.4330000e+03
   2.4290000e+03
   2.2120000e+03
   2.2140000e+03
   2.4950000e+03
   2.4970000e+03
   2.6290000e+03
   2.2260000e+03
   2.2280000e+03
   2.2300000e+03
   2.2320000e+03
   2.2340000e+03
   2.6470000e+03
   2.2380000e+03
   2.4790000e+03
   2.4650000e+03
   2.4630000e+03
   2.5890000e+03
   2.2500000e+03
   2.2520000e+03
   2.5330000e+03
   2.2600000e+03
   2.5030000e+03
   2.2700000e+03
   2.5270000e+03
   2.5250000e+03
   2.2760000e+03
   2.2780000e+03
   2.2820000e+03
   2.2840000e+03
   2.2860000e+03
   2.5370000e+03
   2.2920000e+03
   2.5450000e+03
   2.2960000e+03
   2.2980000e+03
   2.5550000e+03
   2.3040000e+03
   2.3060000e+03
   2.5910000e+03
   2.5690000e+03
   2.3120000e+03
   2.5790000e+03
   2.5730000e+03
   2.5590000e+03
   2.5750000e+03
   2.3240000e+03
   2.5650000e+03
   2.3280000e+03
   2.5810000e+03
   2.3320000e+03
   2.3340000e+03
   2.3360000e+03
   2.3380000e+03
   2.3420000e+03
   2.5970000e+03
   2.6490000e+03
   2.3480000e+03
   2.3500000e+03
   2.6030000e+03
   2.3560000e+03
   2.5990000e+03
   2.3600000e+03
   2.6070000e+03
   2.6130000e+03
   2.3680000e+03
   2.3700000e+03
   2.3720000e+03
   2.3740000e+03
   2.6190000e+03
   2.3780000e+03
   2.3800000e+03
   2.3820000e+03
   2.3840000e+03
   2.3860000e+03
   2.3880000e+03
   2.3900000e+03
   2.3920000e+03
   2.3960000e+03
   2.3980000e+03
   2.4000000e+03
   2.4040000e+03
   2.4060000e+03
   2.4080000e+03
   2.4120000e+03
   2.4140000e+03
   2.4160000e+03
   2.4180000e+03
   2.4200000e+03
   2.4220000e+03
   2.4240000e+03
   2.4260000e+03
   2.4280000e+03
   2.4300000e+03
   2.4320000e+03
   2.4340000e+03
   2.4360000e+03
   2.4380000e+03
   2.4400000e+03
   2.4420000e+03
   2.4440000e+03
   2.4460000e+03
   2.4480000e+03
   2.4500000e+03
   2.4520000e+03
   2.4540000e+03
   2.4600000e+03
   2.4620000e+03
   2.4660000e+03
   2.4680000e+03
   2.4700000e+03
   2.4740000e+03
   2.4760000e+03
   2.4780000e+03
   2.4800000e+03
   2.4820000e+03
   2.4840000e+03
   2.4860000e+03
   2.4880000e+03
   2.4900000e+03
   2.4920000e+03
   2.4940000e+03
   2.4960000e+03
   2.5000000e+03
   2.5040000e+03
   2.5060000e+03
   2.5080000e+03
   2.5100000e+03
   2.5120000e+03
   2.5140000e+03
   2.5160000e+03
   2.5180000e+03
   2.5200000e+03
   2.5220000e+03
   2.5240000e+03
   2.5260000e+03
   2.5280000e+03
   2.5320000e+03
   2.5340000e+03
   2.5400000e+03
   2.5420000e+03
   2.5440000e+03
   2.5460000e+03
   2.5480000e+03
   2.5500000e+03
   2.5540000e+03
   2.5560000e+03
   2.5580000e+03
   2.5600000e+03
   2.5620000e+03
   2.5640000e+03
   2.5660000e+03
   2.5680000e+03
   2.5700000e+03
   2.5720000e+03
   2.5740000e+03
   2.5760000e+03
   2.5780000e+03
   2.5820000e+03
   2.5840000e+03
   2.5860000e+03
   2.5880000e+03
   2.5900000e+03
   2.5940000e+03
   2.5980000e+03
   2.6000000e+03
   2.6020000e+03
   2.6040000e+03
   2.6060000e+03
   2.6080000e+03
   2.6100000e+03
   2.6120000e+03
   2.6140000e+03
   2.6160000e+03
   2.6200000e+03
   2.6220000e+03
   2.6240000e+03
   2.6260000e+03
   2.6280000e+03
   2.6300000e+03
   2.6320000e+03
   2.6340000e+03
   2.6360000e+03
   2.6380000e+03
   2.6420000e+03
   2.6440000e+03
   2.6460000e+03
   2.6480000e+03
