  -7.2605764e+01   2.7129514e+01
   2.7135829e+01  -4.3995138e+01
   3.8647890e+01  -6.6341151e+01
  -7.8732055e+01   7.6630425e+01
   5.4416769e+01  -3.4598370e+01
   4.2096910e+01  -5.6954764e+01
  -7.1223638e+01   1.7240777e+01
  -7.8716456e+01   3.5017491e+01
  -9.2451926e+01   1.9075903e+01
   2.8949957e+01  -6.3901868e+01
   5.0580519e+01  -6.3363118e+01
  -5.9564440e+01   4.2396356e+01
  -5.3113771e+01   2.4875441e+01
  -6.6117094e+01   4.9950344e+01
  -9.0637510e+01   5.5438761e+01
   3.0732155e+01  -8.7302889e+01
   1.6816289e+01  -4.2134599e+01
   3.7121798e+01  -4.3850406e+01
   3.0961574e+01  -5.4106288e+01
  -5.5838243e+01   5.3123039e+01
  -8.1292617e+01   8.3047656e+00
  -8.4335132e+01   4.7682367e+01
  -8.2475565e+01   6.1207911e+01
  -5.7905409e+01   3.6725685e+00
  -6.8817492e+01   3.6404848e+01
  -7.4949259e+01   4.4259799e+01
  -9.0879367e+01   5.4624348e+00
  -9.7909036e+01   4.0281596e+01
  -9.4616889e+01   3.0838788e+01
   4.6439119e+01  -4.7454496e+01
   2.6591939e+01  -7.8204669e+01
   2.7765689e+01  -3.4022259e+01
   5.0555119e+01  -8.4939562e+01
   5.4013180e+01  -5.3971171e+01
   1.0525994e+01  -5.0525811e+01
   2.0480047e+01  -5.1435489e+01
   1.0050314e+01  -6.6978983e+01
   6.2545966e+01  -7.0736227e+01
   4.4854185e+01  -3.7515654e+01
  -4.9907444e+01   4.4992975e+01
  -8.2351253e+01  -1.6272419e+00
  -7.5384095e+01   5.4200916e+01
  -8.6498763e+01   7.0339774e+01
  -6.2383335e+01   1.2604056e+01
  -6.2972443e+01   2.2912085e+01
  -5.9691009e+01   3.2387767e+01
  -4.7391378e+01   3.3194322e+01
  -9.8901288e+01   1.1432573e+01
  -8.1155634e+01   1.8285446e+01
   5.6800371e+01  -4.4323370e+01
   4.0712913e+01  -8.6704135e+01
   3.7288996e+01  -3.0977151e+01
   3.7163155e+01  -7.6774488e+01
   1.6834907e+01  -3.2136471e+01
   2.1148762e+00  -4.5121237e+01
   6.1294508e+01  -6.0817383e+01
   1.8167967e+01  -6.1146776e+01
   5.3731778e+01  -7.5458082e+01
   1.9639767e+01  -7.1026666e+01
  -9.5407704e+01   7.4859529e+01
  -8.8096884e+01   3.8420360e+01
  -8.5238817e+01   2.7392755e+01
