  -7.4856495e+01   3.9329554e+00
  -8.5957776e+01   2.3786387e+01
  -3.3691032e+00   4.4914808e+01
  -3.6607245e+00  -4.2770353e+01
   3.9020583e+01  -8.1781120e+01
  -5.0274728e+01   6.2155623e+01
  -8.5710682e+01  -2.2281130e+01
   7.1167848e+00  -2.2608765e+01
  -1.9716602e+01  -3.5382015e+01
   1.5871993e+01  -8.0700508e+01
   4.5650427e+01  -9.5844669e+01
  -5.1572107e+01   9.9491270e+01
  -6.9653502e+01  -3.2641352e+01
  -6.1099508e+01   2.6963821e+01
   2.5649311e+01  -3.8994767e+01
  -6.7325393e+01   1.0492831e+01
  -8.7065459e+01   4.6364490e+01
  -2.1825739e+01  -6.4750197e+01
   7.0174955e+01  -1.8701914e+01
  -1.7322218e+01   5.6788447e+01
   9.1584811e+01  -3.6851071e+01
  -3.1080896e+01   9.9097779e+01
  -4.1708292e+01   2.4004775e+01
  -3.9232420e+01   1.4346999e+01
   1.8135203e+01   6.3059284e+01
  -8.0516243e+01   6.6547096e+01
  -8.4751122e+01  -4.7582482e+01
  -5.6425464e+01   7.1946516e+00
   5.9577085e+01  -6.3574058e+01
   4.9507241e+01  -3.2804876e+01
   1.5801185e+01  -4.0375772e+01
   4.5790862e+01   3.6756064e+01
  -6.4979456e+01   3.6141424e+01
  -1.8989576e+01  -5.5241496e+01
  -2.8228925e+01  -7.2385937e+01
  -1.5189363e+01   7.3825837e+01
   9.7565172e+01   3.7485196e+00
  -4.3277978e+01   6.9284518e+01
  -3.1057066e+01   6.5654446e+01
  -2.9443176e+00   2.5239265e+01
   9.8012768e+01  -2.9217892e+01
  -6.0381707e+01  -3.6305007e+01
  -7.7488457e+00   5.3904535e+01
  -2.1436206e+01   4.5813762e-01
  -3.1787161e+01  -1.9059390e+01
   2.4835889e+00   5.2981694e+01
  -4.8884335e+01  -2.2010381e+01
   3.8278948e+01  -5.3480508e+01
   5.5567432e+01  -9.4599319e+01
  -3.9810808e+01   4.1820463e+01
   2.2194517e+01  -2.9678914e+01
   3.2245034e+01  -3.1549935e+01
   6.7668752e+01  -8.8513210e+01
  -9.6611089e+01   4.9312668e+01
   4.5064341e+01  -2.7112617e+00
   2.9974344e+01   3.7489777e+00
  -1.6745580e+01  -8.3376795e+00
   1.0300359e+01   2.0646628e+00
  -9.8857881e+01   5.9053899e+01
  -7.5604013e+01   2.7309047e+01
  -1.2343540e+00  -5.3026022e+01
  -2.7811090e+01  -5.0701265e+01
   4.0027077e+01  -6.3266553e+01
   9.5688733e+01  -7.9866048e+01
  -2.6779811e+01  -2.8343298e+01
   6.1819544e+01   1.7646793e+00
   6.7439424e+00  -5.8963900e+01
  -4.5299340e+01  -8.4723443e+01
   8.3872818e+01  -4.3133878e+01
  -4.0960030e+01  -5.3670157e+00
   8.4549770e+01   1.8921916e+01
   1.5526128e+01   2.2337711e+01
   6.7031551e+01   2.0649490e+01
  -1.2304797e+01   2.8731745e+01
   7.1766386e+01  -2.5798072e+00
   1.8655631e+01   4.1907983e+01
  -4.2279253e+01   8.1766487e+01
  -3.1467178e+01  -2.2976999e+00
  -6.7119523e+01  -5.6799851e+01
   7.0811736e+01  -3.7628022e+01
  -3.1242588e+01   3.6734897e+01
  -1.4823861e+01  -2.6743122e+01
  -6.4289561e+01   1.0579523e+00
  -6.7693349e+01   5.0256818e+01
  -2.5143589e+01   7.3680764e+01
   6.7548807e+01  -2.8278373e+01
   8.8012342e+01  -9.3517642e+01
   2.9906649e+00   8.0095064e+01
   1.1872220e+00   9.7885942e+01
  -4.1461489e+01  -1.5316231e+01
  -9.6020336e+01  -1.4892720e+01
   4.4978188e+01  -4.6074435e+01
  -8.7319421e+01  -3.2139878e+01
  -5.8973314e+01   1.6853829e+01
  -7.8086121e+01   1.7632368e+01
  -7.5484893e+01  -5.1329796e+01
  -8.0425674e+01   9.4877611e+01
   3.5448774e+01   2.4031812e+01
  -6.7680219e+01   8.0359006e+01
   6.9641814e+01  -6.8032951e+01
   7.9916727e+01  -6.5101132e+01
   2.1323163e+01  -1.2349442e+01
   4.6420632e+01   1.6788040e+01
   3.1384704e+01  -6.7111369e+00
   9.8507637e+00  -1.1641810e+01
   1.7569851e+00  -3.1293577e+00
  -9.8005075e+01   7.8711379e+00
   3.3868570e+01  -4.4574535e+01
  -8.8338763e+00  -7.1205995e+01
   3.0503284e+01  -6.0291762e+01
   7.8615560e+01  -9.6937527e+01
  -4.2430353e+01  -7.5185520e+01
  -2.5352165e+01  -9.6765542e+01
   6.1213012e+00  -8.2770018e+01
   8.3046997e+01  -3.5336082e+00
   9.3076266e+01   1.3699440e+01
  -1.4357527e+01   9.1655941e+01
   8.3373655e+01  -1.8684421e+01
   2.0113530e+01  -9.9862266e+01
  -1.4167118e+00   3.5115073e+01
   5.7105061e+01   2.1825134e+01
  -3.5577028e+01   5.0857135e+01
   2.5635492e+01   3.4754526e+01
   1.1644109e+01   4.9021243e+01
   6.0269014e+01  -1.7491716e+01
   6.3989057e+00   2.8879025e+01
  -4.9668654e+01   4.3242439e+01
  -3.2147405e+01   2.6812646e+01
  -5.7248688e+01  -5.5227925e+01
  -2.9652466e+01   1.7175263e+01
  -3.0230645e+01   8.3632241e+01
  -3.9343089e+01   6.0117470e+01
  -2.0306810e+01   8.2421286e+01
  -6.0287885e+01  -2.6321743e+01
  -5.5038069e+01   3.4859222e+01
   9.7269778e+01  -8.9737360e+01
   4.4179240e+01  -1.2623136e+01
  -1.2266251e+01  -1.7174404e+01
  -4.5457105e+01   5.2263793e+01
  -3.6970765e+01   9.1012513e+01
  -1.1084779e+01   3.8604726e+01
  -2.6680323e+01   4.6308511e+01
  -2.1269054e+01   3.7143509e+01
  -2.6350115e+01  -1.0782615e+01
  -2.8210759e+01  -4.0794890e+01
  -3.9585141e+01  -2.5098882e+01
   8.3411166e+00   6.1072503e+01
  -5.7078814e+01  -1.6634857e+01
   4.2290484e+00   7.0181754e+01
  -9.5357321e+01  -2.4895240e+01
  -1.0309864e+01   8.2521498e+01
   4.1226047e+01  -2.7230639e+01
  -8.3745429e+01  -6.4494357e-01
  -9.5900636e+01   2.8758876e+01
  -8.4192537e+01   3.3620321e+01
  -9.6926312e+01   7.7835121e+01
  -7.4887023e+01   3.7244887e+01
  -8.3651206e+01   9.3463871e+00
  -9.0424908e+01   9.5011037e+01
  -8.6448061e+01   7.4586460e+01
   1.2313319e+01  -3.1052354e+01
   2.6707029e+01  -2.0794600e+01
  -4.5155250e+01   3.3377622e+01
   4.9532854e+01  -8.0339357e+01
  -8.8791995e+01   5.9981458e+01
  -7.0669519e+01  -4.2576761e+01
   4.6111268e+01   2.6768330e+01
  -7.6117120e+01  -2.5051983e+01
  -9.4604600e+01  -4.5900591e+01
  -7.6339713e+01   8.5677407e+01
  -9.4615321e+01   6.8107812e+01
   2.5469638e+01   2.3392977e+01
   6.0891358e+01  -3.6430902e+01
   5.7654810e+01  -2.7064673e+01
   6.4729865e+01  -4.5561574e+01
   4.9791508e+01  -6.5329300e+01
  -1.1002009e+01  -2.6334333e-01
   7.7719722e+01   5.3927521e+00
   9.2320676e+00  -4.9322686e+01
   2.1964849e+01  -4.8214312e+01
  -7.7021764e+00  -3.3673192e+01
  -5.1666109e+01   2.3790097e+01
  -1.0630153e+01  -4.9838270e+01
  -7.9369824e+01   5.6645552e+01
  -2.8727294e+01   7.2695540e+00
   3.3201622e+01  -7.1820503e+01
  -1.4389578e+00  -6.4535879e+01
  -2.3083937e+00   6.0048848e+00
  -4.0236440e+01  -6.5508124e+01
  -1.9413178e+01  -4.5303348e+01
  -1.7722609e+01  -8.4042886e+01
   5.3729298e+01  -9.9537075e+00
   9.9051471e+01  -5.9668772e+01
   6.5232457e+01  -5.5453224e+01
   8.4477391e+01  -5.3110817e+01
   8.9477445e+01  -6.2430762e+01
   2.9087484e+01  -8.2687752e+01
  -4.8346268e+01   1.3408860e+00
  -3.8840385e+01   4.3939393e+00
  -4.9220082e+01   1.4107488e+01
  -5.2029377e+01  -7.9518602e+00
  -6.2977547e+01  -8.7470613e+00
   9.4648213e+00  -6.8561351e+01
  -3.6065122e+01  -9.0512781e+01
  -6.0813608e+01  -7.4808857e+01
   9.4221507e+01  -5.0859433e+01
  -5.1358689e+01  -7.0628568e+01
  -5.2339994e+00  -8.8004710e+01
  -1.0158526e+01  -5.9795240e+01
   3.6665649e+01  -9.1476047e+01
   9.8517422e+01  -6.2039133e+00
   8.7697031e+01   5.2894262e+00
   7.5323360e+01   1.5078216e+01
   6.6345773e+01   1.0674134e+01
  -8.7042173e+00   9.9899078e+01
   2.6715923e+01  -9.2373727e+01
   2.1053297e+01   5.2393007e+01
   8.9729233e+01  -1.0969485e+01
   8.7882206e+01  -2.7585388e+01
  -2.2170893e+01   2.7172742e+01
  -5.9726727e+01  -6.4886743e+01
   6.8802100e-02   1.5713277e+01
   1.5782711e+01   3.2332509e+01
  -3.5038036e+01   7.4883184e+01
   7.3084382e+00   3.9999577e+01
  -5.9553734e+01   4.4496559e+01
   7.6733849e+01  -1.1234747e+01
   6.3495711e+01  -8.0806083e+00
  -5.2445736e+01   7.3189888e+01
  -1.1230646e+01   6.4677974e+01
   4.9386682e+01  -2.1510758e+01
   4.0523771e+01  -3.7159193e+01
  -2.7289158e+01   5.6404295e+01
  -7.6051365e+01  -1.5068952e+01
  -1.6706059e+01   4.6834681e+01
  -6.8486798e+01   2.0340489e+01
  -4.6962063e+01   9.0597268e+01
  -8.5625338e+01  -1.2292163e+01
  -2.1865194e+01  -1.9684587e+01
  -4.1583187e+01   9.9881234e+01
  -5.1623597e+01  -3.1565893e+01
  -3.5102930e+01  -3.3801747e+01
  -1.6049702e+00   6.2079049e+01
  -7.2471268e+01  -5.7541685e+00
   1.2786816e+01   8.2095699e+01
   1.4019902e+01   7.2172608e+01
  -5.2096788e+00   7.3459316e+01
  -5.5344589e+01   5.3541314e+01
   1.6853024e+01  -2.1258324e+01
  -7.7102370e+01   4.6946603e+01
  -2.3479510e+00   8.8542394e+01
  -6.1387683e+01  -4.6201842e+01
   6.5257555e+01  -7.7279455e+01
   4.3784032e+01   7.1651908e+00
   5.4849392e+01   3.1627223e+01
   2.6635284e+01   1.3463443e+01
   2.2096093e+01  -2.4009513e+00
   3.6310227e+01  -1.8585291e+01
  -2.4349802e+01   9.1707386e+01
  -6.6797722e+01  -1.8747509e+01
   5.4813467e+01  -4.4363182e+01
   3.6606285e+01   1.4105082e+01
   5.5969762e+01   1.1889728e+01
  -9.9078996e+01  -5.4841898e+01
  -8.0931640e+01  -5.9710780e+01
  -5.7773750e+01   8.1622352e+01
  -7.6505732e+01   7.5685222e+01
  -7.9915225e+01  -3.8834382e+01
   5.6256301e+01  -7.2958577e+01
   8.0038183e+01  -3.3782624e+01
   9.4256731e+01  -1.9884478e+01
   2.3573074e+01  -7.4407166e+01
   1.8947656e+01   7.0799689e+00
   4.8336292e+01  -5.5464184e+01
   4.3130867e+01  -7.2717969e+01
   5.8815965e+00  -4.0009746e+01
   1.8878841e+00  -3.0998676e+01
  -4.8635900e+00  -2.3748818e+01
  -6.7657969e+00  -8.9698227e+00
   5.8567551e-01  -1.5352246e+01
  -9.1536164e+01   1.5493335e+01
  -9.3008525e+01   3.8329180e+01
   2.1558751e+01  -6.4704808e+01
   1.6289811e+01  -5.6330281e+01
   9.9274875e+00   1.4053820e+01
  -9.2668666e+01  -5.2190228e+00
  -4.9070883e+01  -6.0898737e+01
  -7.0427789e+01   9.4671950e+01
  -3.3991972e+01  -8.0535575e+01
  -3.5672398e+01  -5.6719248e+01
  -8.9973304e+01   8.5021456e+01
  -1.3798874e+01  -9.3223814e+01
   7.4622536e+01  -4.6743724e+01
   7.5087137e+01  -5.6573625e+01
   9.6131071e+01  -6.9881367e+01
  -5.7710471e+01   9.1606685e+01
  -9.6500565e+01  -3.6084338e+01
   9.9783149e+01  -4.2548902e+01
  -4.4850131e+01  -9.5290187e+01
  -1.8378770e+01  -7.4095825e+01
  -5.5150184e+01  -8.3038877e+01
   1.1347474e+00  -7.4145607e+01
   6.5298303e+01  -9.8212997e+01
   5.8340393e+01  -8.4995542e+01
   1.3541766e+01  -9.0409370e+01
   3.7493927e+00  -9.2463172e+01
