  -7.1952757e+01   9.4104868e+01
   5.6542632e+01  -1.7321123e+01
  -5.1579463e+01   1.6806382e+01
  -7.0049745e+01   3.8502572e+01
   9.3371482e+00  -5.0785706e+01
   4.3541338e+01  -5.0438702e+01
  -4.0293410e+01   6.5192900e+01
  -8.9984650e+01   7.3582146e+00
  -7.6030303e+01   7.5165253e+01
  -4.3428725e+01   8.0437539e+00
  -9.7464483e+01   7.2114503e-01
   6.7105790e+00  -8.1214551e+01
   6.4903300e+01  -9.0581589e+01
   5.5378121e+01  -4.6986152e+01
  -4.2073995e+00  -6.3863394e+01
   7.6428584e+01  -6.5431374e+01
  -3.4454051e+01   4.4365275e+01
  -9.1159865e+01  -1.4690635e+01
  -4.1176415e+01   3.6962171e+01
  -9.0653933e+01   1.9737411e+01
   5.2895612e+01  -3.6948447e+01
   4.3304394e+01  -3.0370216e+01
   3.7145286e+01  -8.6132905e+01
   1.8178912e+01  -2.6167579e+01
  -8.9702865e-01  -5.0353048e+01
  -8.8968891e+01   2.9594355e+01
  -5.4882326e+01   4.9413270e+01
  -8.1383534e+01   2.2214609e+00
  -6.0382473e+01   4.1062087e+01
  -9.5247095e+01   8.6306958e+01
  -5.3072349e+01  -1.5059098e+01
  -7.6419007e+01   8.5157675e+01
  -9.9048321e+01   1.1583076e+01
  -5.9843288e+01  -7.3115528e-01
  -7.9970196e+01   3.9761078e+01
  -4.1637546e+01   1.7881798e+01
  -6.2999202e+01   3.1411085e+01
   4.6627441e+01  -8.2965507e+01
   3.1605496e+01  -9.4455634e+01
   2.5815800e+01  -1.9711745e+01
   6.1549767e+00  -1.9786418e+01
   3.3582976e+01  -3.9347066e+01
   2.1630923e+01  -3.5552865e+01
   4.1058214e+00  -3.9801523e+01
   8.0694868e+01  -4.7350810e+01
   2.0159620e+01  -6.3797143e+01
   3.0783838e+01  -6.7296613e+01
   3.9052170e+00  -6.9710049e+01
   4.8205663e+01  -7.1066280e+01
   4.0505189e+01  -6.4688632e+01
  -2.7382408e+01   5.1435622e+01
  -4.1923544e+01   5.5326756e+01
  -8.8089898e+01   5.7460389e+01
  -7.4295250e+01  -4.8323438e+00
  -8.4142771e+01  -2.1919103e+01
  -4.5489447e+01  -8.5399386e+00
  -2.3484181e+01   2.8266634e+01
  -3.4094220e+01   2.4446665e+01
  -6.7506257e+01   8.0394036e+01
  -7.8092346e+01   5.7679503e+01
  -7.2600121e+01   1.6883694e+01
  -6.7881360e+01   8.0671224e+00
   7.5406845e+01  -2.4684483e+01
  -8.1231719e+01   2.3259418e+01
   6.9080429e+01  -4.7371776e+01
  -6.3366234e+01   2.0819779e+01
  -5.1340653e+01   3.6790777e+01
   7.4339450e+01  -9.3890928e+01
  -7.1902528e+01   2.6859219e+01
  -8.6035533e+01   8.2415052e+01
   4.1782336e+01  -1.1686908e+01
   3.5815790e+01  -1.9711661e+01
   2.4341882e+01  -4.5209708e+01
   1.6042435e+01  -1.6398435e+01
   9.7479933e+00  -3.1545263e+01
   1.3887357e+01  -4.1880360e+01
  -1.0878135e+01  -5.0967475e+01
   1.8927246e+01  -5.3618078e+01
   7.0690422e+01  -5.7241321e+01
  -5.8913130e+00  -3.9562198e+01
   2.2927371e+01  -8.9344749e+01
   2.8066943e+01  -5.7674124e+01
   6.5014297e+01  -8.0583294e+01
   1.3748272e+01  -7.1473285e+01
  -9.7833029e+01   6.7315359e+01
  -9.8187230e+01   3.3848521e+01
  -5.7933328e+01   9.0846571e+00
  -5.1317199e+01   5.8755920e+01
  -4.5488891e+01   4.5984127e+01
  -4.9799397e+01   6.8639936e+01
  -2.4738914e+01   4.1414524e+01
  -8.1929700e+01   1.3284002e+01
  -6.2218114e+01  -1.9103215e+01
  -3.1586823e+01   3.4127183e+01
  -8.7853535e+01   9.3553744e+01
  -8.1645223e+01  -1.1613041e+01
  -4.9910939e+01   4.2942581e-01
  -8.8904887e+01  -4.7302715e+00
  -3.3489494e+01   1.2084702e+01
  -7.4412965e+01  -1.8519157e+01
   6.8488303e+01  -3.1904855e+01
  -8.9677300e+01   7.3101800e+01
  -8.1771858e+01   6.6977849e+01
  -4.4393229e+01   2.7494199e+01
   5.9931820e+01  -2.6729279e+01
   6.0872544e+01  -5.5341469e+01
  -5.7594318e+01   8.1718127e+01
  -6.5267018e+01  -9.1324466e+00
   4.3523499e+01  -4.0436060e+01
   6.2456079e+01  -3.9880584e+01
  -8.9967739e+01   3.9544100e+01
  -5.4334924e+01   2.6419036e+01
  -7.4713452e+01   4.8267781e+01
   3.2948278e+01  -7.7058089e+01
   2.3400627e+01  -7.4085782e+01
   5.6161536e+01  -9.5436609e+01
   2.3264058e+01  -9.9969205e+01
   3.3173902e+01  -2.9355990e+01
  -6.4864959e+01   5.0000792e+01
   3.3601435e+01  -4.9346355e+01
   4.6114507e+01  -2.0773171e+01
   2.9683678e+01  -1.0490060e+01
   3.9048494e-01  -2.8018649e+01
   9.3584281e+00  -8.9604204e+00
   5.1432407e+01  -6.1224943e+01
  -9.3348778e+01   4.8954924e+01
  -1.5558539e+01  -4.2120464e+01
   1.6706046e+01  -8.1515630e+01
   4.6472372e+01  -9.2963786e+01
   5.8281828e+01  -6.8510563e+01
   8.2167072e+01  -5.7241827e+01
   1.3099417e+01  -9.1193755e+01
  -9.8767702e+01   5.7359221e+01
   6.8009544e+01  -7.0827485e+01
   5.5341779e+01  -7.8067871e+01
   4.9316343e+00  -5.9762914e+01
  -3.3523860e+00  -7.6589391e+01
