  -2.2621488e+01  -2.7120909e+01
   3.0477860e+01   5.5074956e+01
   6.5561157e+01  -3.9225213e+01
  -8.0321195e+00  -4.1215693e+01
  -3.0142579e+00  -5.6860584e+01
  -2.9715811e+01   1.0810754e+01
  -8.6454224e+00  -1.0048054e+01
   2.1071528e+01   3.9506068e+01
   3.9113618e+01   4.3601435e+00
   1.2333800e+01  -4.2999754e+01
  -3.6380242e+01  -8.5897191e+00
  -6.9974047e+01  -4.2345690e+01
   5.1915055e+01   4.3899881e+01
   5.6824335e+01  -1.2327324e+01
   2.2239197e+01  -4.3604856e+01
  -3.8968353e+01   1.4152469e+01
   8.0046709e+01   1.7145142e+01
   3.3315780e+01   2.8819654e+01
   4.2063921e+01   2.3976982e+01
   4.1301860e+01  -5.9990622e+00
   7.0637813e+01   5.6599966e-01
   9.5178032e+00   7.8546379e+01
  -5.3300889e+01   3.8065177e+01
   2.6461355e+01  -6.2737670e+01
   2.7159254e+01  -1.8008701e+01
  -3.2871006e+01  -7.7114627e+01
   2.1061310e+01  -3.3717132e+01
  -5.2678517e+01   2.8254865e+01
  -6.5295881e+01   2.6704489e+01
  -6.7934759e+01  -6.9442378e+00
   3.7110333e+00  -3.8125929e+01
  -2.6899489e+01  -1.8142982e+01
   2.1274807e+01  -7.6380540e+01
  -3.2539466e+01  -2.7265956e+01
  -3.0074267e+01  -4.6738097e+01
  -1.8087991e+00   4.4004868e+01
   2.2817496e+01  -5.5846947e+00
   2.2940219e+00   5.7660250e+01
   1.4450397e+01  -7.3633417e-01
  -3.7787577e+01   3.9795503e+01
  -1.3804670e+01   5.9037190e+01
   3.8050732e+01  -3.2004868e+01
   3.6808407e+01  -4.7417999e+01
   2.6126945e+01  -5.2760166e+01
   1.7161948e+01  -5.7153403e+01
  -1.2530363e+01  -5.3889042e+01
  -6.0402897e+01   1.0328738e+01
  -6.4282170e+01  -1.6181989e+01
  -5.5452468e+01   1.8478748e-01
  -4.4939018e+01  -3.8613878e+00
   1.4959945e+00  -8.6449829e+01
  -3.9430154e+00  -2.2273492e+01
   7.2676714e+00  -6.2101894e+01
   5.6256635e+01   1.5011152e+01
   7.7684741e+00   2.2108607e+01
  -3.9843223e+01  -6.9437017e+01
   5.5572002e+01   3.4620909e+01
  -5.1150322e+01  -2.1688411e+01
  -6.8893220e+00   3.6040383e+01
  -3.4430099e+00   7.3921788e+01
  -2.4752680e+01   7.4254671e+01
   1.6728642e+00   1.2153692e+01
   8.5155397e+01  -1.6861565e+01
   3.9617625e+01   7.0277796e+01
   5.4793108e+01  -2.3122370e+01
  -2.3283632e+01   2.6488906e+01
  -2.7450188e+01   4.4588392e+01
   1.6295585e+01   5.0735318e+01
   3.6420308e+01   3.8316373e+01
   5.0076662e+01   5.5633437e+01
   1.7274584e+00  -3.9514634e+00
   4.8023988e+01  -3.0732752e+01
   5.1330795e+01  -4.6655649e+01
   3.6747767e+01  -7.8981618e+01
  -2.1305474e+01  -7.3212786e+01
   2.9046907e+01  -2.7742798e+01
   9.1992025e+00  -1.9262963e+01
  -4.5296360e+01   2.1704528e+01
  -2.1037663e+01  -6.3234559e+01
  -7.5014710e+01   2.4500972e+01
  -1.7949665e+01  -1.3972923e+01
  -2.6794846e+01  -8.2385074e+00
  -6.8684862e+01   3.6039135e+01
  -7.1728921e+01  -2.2854360e+01
  -3.5082625e+01   2.2643299e+00
  -5.0769283e+01   1.3356348e+01
  -4.5431371e+01  -1.3675783e+01
  -1.7138212e+01  -4.5151506e+01
  -5.5321647e+01  -1.1708582e+01
  -1.1076253e+01  -6.3698913e+01
  -1.3285041e+01  -8.2816738e+01
  -1.6778376e-01  -4.7306350e+01
  -3.7609382e+01   2.8052709e+01
   3.5031891e+01  -5.7252686e+01
   6.3651045e+01   7.3686328e+00
   8.7481137e+00  -7.1981895e+01
  -1.5767928e+00  -6.6732377e+01
  -4.4377904e+01   5.8798648e+00
  -3.2926242e+01  -5.6309160e+01
   8.5025833e+00  -5.2204856e+01
  -2.2705322e+01  -3.7049594e+01
   2.9931867e+01   7.9440786e+00
   2.0825984e+01   1.1696925e+01
   4.6745256e+01   1.0412982e+01
  -5.2410700e+00   6.4119237e+01
   5.7484082e+01   2.4892901e+01
  -2.3130967e+01   6.2232865e+01
   4.5615012e+01   3.4483576e+01
  -5.9962192e+01  -4.4028350e+01
  -6.0385488e+01  -2.5319011e+01
   3.8126245e+00   3.3539338e+01
   2.4533418e+01   7.2544308e+01
   6.0976442e+01  -3.2324613e+00
   4.8095405e+00   6.7978817e+01
   7.5670438e+01  -7.8862930e+00
  -1.9303382e+01   5.0521055e+01
   6.7005215e+01  -2.2367366e+01
  -2.0013301e+01   3.6636402e+01
  -3.7699011e+01   4.9724706e+01
   7.1058001e+01   1.3359969e+01
  -4.2532447e+01  -2.6795400e+01
  -3.1692670e+01   5.7443376e+01
   1.3233179e+01   3.0280727e+01
   6.6308531e+00   4.8772819e+01
  -6.3147638e+00   5.2678530e+01
   1.1786045e+01   6.0581190e+01
   4.1307716e+01   6.0418888e+01
  -1.8230959e+01  -4.4458664e+00
  -4.0126377e+00   2.7755363e+01
  -1.0384211e+01  -2.6648834e-01
   3.1152671e+01  -3.9183145e+01
   4.1915103e+01  -2.2846728e+01
   4.7054333e+01  -1.4307104e+01
   5.7758917e+01  -3.2976305e+01
   4.3718954e+01  -4.0198023e+01
   3.3914593e+01  -6.9394120e+01
  -4.4606099e+01  -7.8221358e+01
  -3.0041337e+01  -6.7528856e+01
  -2.9659056e+01   3.4089698e+01
   1.8241653e+01  -2.4184900e+01
  -5.8083387e+01   1.9967630e+01
  -6.1779392e+01   4.3224967e+01
   5.0347638e+00  -2.8248991e+01
  -6.9736196e+01   1.5611327e+01
  -7.8481478e+01   3.4138260e+01
  -8.1518987e+01  -2.0750222e+01
  -2.4964641e+01   2.4040099e+00
  -6.7043818e+01   2.9470097e+00
  -1.1262920e-01  -7.6598303e+01
  -7.6456230e+01  -1.2137825e+01
  -3.1161443e+01   2.0517501e+01
   4.2386194e+01  -6.4008388e+01
  -4.1309154e+00  -3.2106768e+01
   7.0151305e-01  -1.3678061e+01
   7.8470582e+01   6.7384673e+00
   1.7485207e+01  -6.7133649e+01
  -2.2673549e+01  -5.3417718e+01
  -1.3764718e+01  -2.2689030e+01
  -4.2310054e+01  -5.9753406e+01
   1.7474860e+01   2.0981090e+01
  -9.6183855e+00  -7.3538827e+01
  -1.2447201e+01   7.8266284e+01
  -1.3994751e+01  -3.2516990e+01
   3.2060507e+01  -2.4293446e+00
   1.8093358e+01  -1.4285404e+01
   3.6405798e+01  -1.4577564e+01
   9.6980718e+00  -9.4007527e+00
  -3.3492513e+01   6.7234155e+01
   2.7985197e+01   2.0363824e+01
  -1.5759867e+01   6.8871069e+01
   6.1910856e+01   4.2282985e+01
   6.7061512e+01   2.2345842e+01
  -7.3338657e+01  -3.2723228e+01
   2.9216431e+01   4.5196684e+01
  -6.3546645e+01  -3.4723493e+01
   7.0178592e+00   4.8823041e+00
   3.7240132e+01   1.5217358e+01
  -1.3748191e+01   2.8907404e+01
   3.1130240e+01   6.5032815e+01
   2.1633517e+01   6.2007473e+01
   1.4844532e+01   7.0089081e+01
   5.0951922e+01  -4.1701901e+00
  -1.2658494e+01   4.3436714e+01
   8.5551182e+01  -6.8300551e+00
   7.8077165e+01  -2.3925462e+01
  -4.6332417e+01   4.5019984e+01
   6.6787677e+01  -1.2380411e+01
  -4.6465825e+01   5.5071185e+01
  -5.1628661e+01  -3.1588811e+01
  -3.6809006e+01  -1.8453890e+01
  -3.2451690e+01  -3.7065976e+01
   1.1201128e+01   4.0008495e+01
   2.3104324e+01   2.9179495e+01
   5.9334715e+01   5.1903711e+01
   3.9405311e+01   5.0540965e+01
  -2.8504114e+00   4.3911091e+00
   5.4604162e+01   4.7938855e+00
  -1.5050908e+00   1.9816300e+01
