   5.6857987e+01  -1.3389844e+01
   4.0359191e+00  -8.3320669e+01
   5.8360158e+01  -4.3805590e+01
  -1.3859097e+01  -6.7038453e+01
   8.7378614e+01  -6.3985571e+01
  -3.7210485e+01   3.9969273e+01
   5.2622781e+01  -3.2366296e+01
  -6.1795528e+01   5.0681334e+01
  -4.7564648e+01  -1.2854354e+01
  -7.1890100e+01  -1.8112259e+00
  -8.2009198e+01   2.9754799e+01
   4.0235366e+01  -8.1258254e+01
   2.2350932e+01  -1.5703267e+01
   2.6746068e+00  -1.7894254e+01
   3.0295700e+01  -4.6890180e+01
   7.6803665e+01  -4.7834102e+01
   1.1333749e+01  -6.8511369e+01
   3.5435224e+01  -7.2527652e+01
   1.4229461e+00  -6.9077962e+01
   4.1592568e+01  -5.3666915e+01
  -2.0137643e+01   6.2453090e+01
  -8.4619266e+01  -2.4062765e+01
  -1.2921539e+01   2.8811530e+01
  -6.1646245e+01   3.4670469e+00
   8.6081119e+01  -1.5726207e+01
  -5.0141933e+01   1.8554539e+01
   3.4439988e+01  -4.6929614e+00
  -1.4050736e+01  -5.3696731e+01
   1.8101110e+01  -4.7078207e+01
  -1.0197847e+01  -3.2393476e+01
   3.0969467e+01  -8.4716043e+01
   5.5908959e+01  -8.8513876e+01
  -4.9514126e+01   5.7503958e+01
  -3.5575559e+01   8.1465636e+01
  -1.7378494e+01   4.6984807e+01
  -6.6478346e+01  -3.4335095e+01
  -2.7526351e+01   4.1620087e+01
  -8.5677982e+01   9.0495503e+01
  -8.0835710e+01  -1.4831814e+01
  -4.4161680e+01  -1.2311093e+00
  -2.1899110e+01  -5.8355991e+00
  -9.8931667e+01   6.2827141e+01
  -5.9501179e+01   4.1214771e+01
   2.4816949e+01  -6.0903891e+00
   3.7503967e+00  -2.8225565e+01
   1.5233437e+01  -7.6756994e+00
  -1.9775688e+01  -3.4699998e+01
   1.6191133e+01  -7.7235281e+01
   5.0392418e+01  -9.9067903e+01
   9.4756717e+01  -5.7378786e+01
   5.8530071e+01  -6.3190896e+01
   5.0076338e+01  -8.0455936e+01
  -1.3397548e+01  -7.9897106e+01
  -2.5577234e+01   8.1247505e+01
  -5.4322906e+01   7.6368477e+01
  -2.5367948e+01   3.1839761e+01
  -3.4527014e+01   5.3999055e+01
  -6.5319214e+01  -2.0650191e+01
   7.1832225e+01  -3.9342479e+01
   7.6350177e+01  -1.3500419e+01
  -9.7688624e+01   1.9790438e+01
  -3.6340059e+01   4.7486158e+00
   6.0579772e+01  -2.4615615e+01
  -3.7923111e+01  -1.1482743e+01
  -9.4859633e+01  -4.0551154e+01
  -8.4279897e+01   6.7220999e+01
  -8.2208897e+01   1.3764809e+01
  -5.5014866e+01   9.8629693e+01
   8.0177914e+01  -9.5333697e+01
  -7.4722437e+01   9.7411172e+01
  -4.2115032e+01   1.2832862e+01
  -9.7340816e+01   4.3433096e+01
  -5.9172797e+01   2.2804254e+01
   1.0138757e+01  -5.2690400e+01
  -7.8158208e+01   5.0608018e+01
   4.9978771e+01  -6.1532734e+00
  -9.4516958e+01   2.9353212e+01
  -8.8424438e+01   2.1946545e+00
  -6.7564320e+01   1.7524061e+01
  -3.5007566e+00  -4.5145576e+00
  -5.2345457e+00  -2.3830293e+01
  -6.6478421e+01   8.9719757e+01
  -9.5367190e+01   8.1866981e+01
  -4.2340650e+00  -5.1855006e+01
  -9.6413622e+01   5.3259387e+01
  -2.9061300e+01  -5.1395744e+01
  -7.0128040e+01   4.7268048e+01
  -4.7192888e+01   4.0072366e+01
   8.4148907e+01  -4.1216675e+01
   6.6407935e+01  -4.9546373e+01
   2.6101956e+01  -7.6032163e+01
   2.9857369e+01  -6.2839345e+01
   6.0418837e+00  -9.3615512e+01
   9.1565695e+01  -4.7914353e+01
  -3.8585845e+00  -7.7223085e+01
  -5.3817690e+00  -6.1771569e+01
  -5.7592459e+00  -8.6898667e+01
   1.3369003e+01  -8.6818990e+01
  -5.3925997e+01  -2.8512955e+00
  -3.0079853e+01   6.2825880e+01
   6.6602601e+01  -1.1164607e+01
  -7.2079967e+00   3.7200841e+01
  -2.4677365e+01   5.3602229e+01
   9.0686435e+01  -3.3730566e+01
  -3.6389461e+01   9.1413288e+01
  -7.4762819e+01  -2.3311195e+01
  -4.8612897e+01   2.7814239e+01
  -3.3568909e+01   2.8410907e+01
   5.6610127e+01   1.2470939e+00
  -2.9894876e+01   1.2038922e+01
  -9.8220797e+01   9.5159682e+01
  -5.2092236e+01  -2.6924357e+01
  -3.1710607e+01  -4.0269783e+00
  -6.6780830e+00   6.3566426e+01
  -6.3134570e+01  -6.5698135e+00
  -7.0526933e+01   8.0467074e+00
  -8.1378064e+01  -4.8684864e+00
  -2.5131062e+01  -2.5555577e+01
   4.8912723e+01  -4.6855562e+01
  -9.0127372e+01  -1.1079236e+01
  -4.3112835e+01  -2.2688550e+01
   6.3483060e+01  -3.4061385e+01
  -6.4958210e+01   9.9569303e+01
   5.6247925e+01  -7.2787704e+01
  -9.6080433e+01  -2.2210322e+01
  -7.3025178e+01   7.8003843e+01
   4.5960774e+01  -8.9532676e+01
   2.2727162e+01  -9.0218252e+01
   4.2783772e+01  -3.4112963e+01
   3.2042587e+01  -1.7887516e+01
  -8.4744047e+01  -3.8443213e+01
  -5.0498812e+01   6.7649698e+00
   6.7972744e+01  -6.5343142e+01
   4.1401456e+01  -2.1209819e+01
   2.6931527e+01  -9.9272720e+01
   1.5986098e+01  -3.0414887e+01
   4.9247589e+01   7.9783372e+00
   1.8975401e+01   8.3012238e+00
   1.5675449e+01  -5.9360052e+01
   2.4362678e+01  -5.4707688e+01
  -5.8383723e+01   1.2894492e+01
   5.5071651e+00  -8.3947707e+00
  -6.5577112e+00  -1.3975567e+01
   1.8756945e+00   3.8693900e+00
   1.2567515e+01  -1.7278949e+01
   5.1053899e+01  -2.2462311e+01
   4.9018281e+01  -6.1070470e+01
  -5.6550702e+01   3.2271475e+01
  -1.5312564e+01  -2.3979065e+01
  -2.2534242e+01  -5.8963947e+01
  -3.0663616e+01  -3.8314226e+01
   3.9579937e+01  -6.3485309e+01
   4.5682872e+01  -7.1379391e+01
   9.8133170e+01  -4.0388341e+01
   8.4121035e+01  -5.4566270e+01
   7.2985076e+01  -5.6843823e+01
   1.5437953e+01  -9.7012212e+01
   2.1155392e+01  -6.7426069e+01
   9.5488918e+01  -6.9650946e+01
   7.0425940e+01  -9.3234741e+01
   5.5598863e+00  -6.0432104e+01
  -2.1253409e+01  -7.3753907e+01
  -3.5063327e+00  -9.6574133e+01
  -2.4805043e+01   7.1290125e+01
   8.1847243e+01  -5.2023844e+00
   6.9659762e+01  -2.0799730e+01
  -5.0204095e+01   6.7346539e+01
  -4.4096049e+01   7.5151453e+01
  -4.0844582e+01   6.2445025e+01
  -3.4839038e+01   7.1527904e+01
  -3.9046595e+00   2.4583857e+01
   7.6071054e+01  -3.0344171e+01
   1.7781951e+00   3.2808201e+01
   6.6284971e+01  -1.1738995e+00
   8.4857428e+01  -2.5632332e+01
  -9.8172472e+01  -1.2005671e-02
  -5.2738930e+01   4.8201752e+01
  -5.6693548e+01  -3.5707476e+01
  -1.2787704e+01   5.5717065e+01
  -1.7860528e+01   3.7344489e+01
  -2.8124998e+01   2.1293719e+01
  -4.5018186e+01   8.5031020e+01
  -2.5398791e+01   3.3740737e+00
  -1.4067947e+01   7.0349023e+01
  -3.3478330e+01  -2.0270197e+01
  -7.1128087e+01  -1.2521531e+01
  -2.0462125e+01  -1.5585587e+01
  -7.4149555e+00   4.7199314e+01
  -5.5983630e+01  -1.7773330e+01
  -7.8404616e+01   3.8869371e+01
  -9.2164430e+01   1.1456126e+01
  -8.7949144e+01   2.1874386e+01
  -7.2758949e+01   2.6029770e+01
  -4.5735431e+01   9.4957806e+01
  -3.6365854e+01  -3.0099440e+01
  -7.6178362e+01   8.7485976e+01
  -5.6555191e+01   8.8648308e+01
  -6.3413979e+01   8.0252189e+01
   5.6124066e+01  -5.3618907e+01
  -9.1580884e+01  -3.1140277e+01
   6.5153943e+01  -8.4813962e+01
  -4.3211978e+01   4.9580497e+01
  -7.6322525e+01  -3.3144609e+01
  -8.2843655e+01   7.6888678e+01
   2.4542882e+01  -2.5386103e+01
   3.2054386e+01  -3.7199553e+01
   3.9633032e+01  -4.3580673e+01
   3.4138495e+01  -2.7663019e+01
   6.5916549e+01  -7.4962558e+01
   3.5261595e+01  -9.3736440e+01
  -8.9176869e+01   3.7736294e+01
   4.1604703e+01  -1.1409857e+01
   7.7732482e+01  -6.5331721e+01
   4.0739612e+01   2.8755120e+00
  -1.4043861e+00  -3.6770918e+01
   2.2210849e+01  -3.8158500e+01
   2.7698190e+01   3.4344536e+00
  -7.8648450e+01   5.9882850e+01
  -9.2296796e+01   7.2517205e+01
  -1.2623351e+01  -7.6830565e-01
   1.1582880e+01   1.6015696e+00
  -2.2054018e+01  -4.4344488e+01
  -8.6836910e+01   5.4736834e+01
  -4.1101724e+01   3.1455757e+01
  -6.8737603e+01   3.8590716e+01
   6.9585726e+00  -4.7125317e+01
