  -2.2370946e+01  -2.7330088e+01
   3.0537858e+01   5.5376334e+01
   6.5732850e+01  -3.9365900e+01
  -8.0211730e+00  -4.1481690e+01
  -2.5547911e+00  -5.7403403e+01
  -2.9791803e+01   1.1511113e+01
  -8.6096060e+00  -1.0271320e+01
   2.1764391e+01   3.9073991e+01
   4.0263780e+01   5.0461168e+00
   1.2839304e+01  -4.3618040e+01
  -3.7503433e+01  -7.8084959e+00
  -7.0256454e+01  -4.2675832e+01
   5.1882989e+01   4.3980579e+01
   5.7156498e+01  -1.2904338e+01
   2.2822931e+01  -4.4023153e+01
  -3.9328556e+01   1.4513581e+01
   8.0814937e+01   1.7467803e+01
   3.3751235e+01   2.8727920e+01
   4.2457794e+01   2.3809630e+01
   4.1556327e+01  -5.7849940e+00
   7.0857769e+01   4.3404941e-01
   9.4922510e+00   7.8586850e+01
  -5.3832523e+01   3.8426839e+01
   2.6504855e+01  -6.3317883e+01
   2.7222157e+01  -1.8190336e+01
  -3.2886150e+01  -7.7166528e+01
   2.1186871e+01  -3.4124578e+01
  -5.3486850e+01   2.8433246e+01
  -6.5782893e+01   2.7139865e+01
  -6.8126072e+01  -6.7974797e+00
   4.1516438e+00  -3.8683204e+01
  -2.7010613e+01  -1.8182512e+01
   2.1323441e+01  -7.6496571e+01
  -3.2346344e+01  -2.6632920e+01
  -3.0085017e+01  -4.6594020e+01
  -1.0240649e+00   4.4285938e+01
   2.4661316e+01  -7.4526303e+00
   2.1368319e+00   5.8317185e+01
   1.6852531e+01  -1.2084919e+00
  -3.8355019e+01   3.9545217e+01
  -1.4011079e+01   5.9133430e+01
   3.8387803e+01  -3.1909171e+01
   3.7029134e+01  -4.7638470e+01
   2.6498563e+01  -5.3319485e+01
   1.7335859e+01  -5.7323586e+01
  -1.2106828e+01  -5.4450702e+01
  -6.0146486e+01   1.0058469e+01
  -6.4550468e+01  -1.6136083e+01
  -5.5772874e+01   3.2521704e-01
  -4.6639980e+01  -3.7459142e+00
   1.6026093e+00  -8.7101474e+01
  -3.1496893e+00  -2.2456383e+01
   7.3230439e+00  -6.2555170e+01
   5.6728396e+01   1.4846938e+01
   8.4091252e+00   2.2768292e+01
  -3.9932548e+01  -6.9469081e+01
   5.5660124e+01   3.4721374e+01
  -5.1619404e+01  -2.2091690e+01
  -8.4544690e+00   3.7593675e+01
  -3.3265697e+00   7.4331768e+01
  -2.4752680e+01   7.4254671e+01
   6.8996942e+00   1.2885215e+01
   8.5155397e+01  -1.6861565e+01
   3.9861621e+01   7.0425926e+01
   5.4794885e+01  -2.3120282e+01
  -2.3512700e+01   2.6630438e+01
  -2.7522788e+01   4.4512803e+01
   1.7271368e+01   5.0901313e+01
   3.6527039e+01   3.8334807e+01
   5.0021386e+01   5.5646123e+01
   1.4284607e-02  -3.4039304e+00
   4.8316830e+01  -3.0737658e+01
   5.1457677e+01  -4.6762961e+01
   3.6822568e+01  -7.9251743e+01
  -2.1314374e+01  -7.3506952e+01
   2.9101170e+01  -2.8012013e+01
   8.9607629e+00  -1.9361521e+01
  -4.5570296e+01   2.2324862e+01
  -2.0971695e+01  -6.3512991e+01
  -7.5400714e+01   2.4403101e+01
  -1.7771013e+01  -1.4367925e+01
  -2.7511403e+01  -8.1970137e+00
  -6.9009582e+01   3.6604104e+01
  -7.1863801e+01  -2.2955593e+01
  -3.5523777e+01   1.9909066e+00
  -5.0898621e+01   1.3863151e+01
  -4.6137154e+01  -1.3730675e+01
  -1.7054694e+01  -4.5768179e+01
  -5.5824154e+01  -1.1253794e+01
  -1.1010164e+01  -6.4386222e+01
  -1.3548825e+01  -8.3454768e+01
  -1.8596867e-01  -4.7690719e+01
  -3.8198618e+01   2.9081549e+01
   3.5567124e+01  -5.7530478e+01
   6.3715032e+01   7.4326447e+00
   8.7581323e+00  -7.2450591e+01
  -1.4570116e+00  -6.7340634e+01
  -4.4658305e+01   6.0532794e+00
  -3.2925318e+01  -5.6337056e+01
   8.5079213e+00  -5.2627968e+01
  -2.2628426e+01  -3.7475338e+01
   3.0083172e+01   8.3167514e+00
   2.0498032e+01   1.1165484e+01
   4.7030905e+01   1.2407438e+01
  -5.6398593e+00   6.4603198e+01
   5.7175044e+01   2.4836866e+01
  -2.3270424e+01   6.2910114e+01
   4.5669742e+01   3.4283901e+01
  -5.9988537e+01  -4.4414683e+01
  -6.1022533e+01  -2.5492755e+01
   4.4488617e+00   3.4262179e+01
   2.4478717e+01   7.2714493e+01
   6.1380869e+01  -3.1729124e+00
   4.8095405e+00   6.7978817e+01
   7.6108026e+01  -8.0767187e+00
  -2.1469741e+01   5.2472663e+01
   6.7006324e+01  -2.2512319e+01
  -2.0087376e+01   3.6998685e+01
  -3.7487126e+01   4.9507452e+01
   7.1600811e+01   1.3581966e+01
  -4.2537281e+01  -2.6802714e+01
  -3.1843854e+01   5.7762822e+01
   1.3935727e+01   3.1100004e+01
   7.3346668e+00   4.9775120e+01
  -6.2757422e+00   5.2795902e+01
   1.1880657e+01   6.0566046e+01
   4.1250824e+01   6.0449989e+01
  -1.8265912e+01  -4.3880192e+00
  -3.8534156e+00   2.8688667e+01
  -9.3413379e+00   1.1066903e-01
   3.1598662e+01  -3.9242916e+01
   4.2207206e+01  -2.2671731e+01
   4.7221466e+01  -1.4023219e+01
   5.8069712e+01  -3.2942011e+01
   4.3824776e+01  -4.0302405e+01
   3.4304934e+01  -6.9574225e+01
  -4.4643077e+01  -7.8290077e+01
  -3.0117036e+01  -6.7557613e+01
  -2.9755123e+01   3.4442457e+01
   1.7700711e+01  -2.4752093e+01
  -5.8814029e+01   1.9970387e+01
  -6.2190004e+01   4.3917634e+01
   5.6655550e+00  -2.8799859e+01
  -6.9736196e+01   1.5611327e+01
  -7.8688737e+01   3.4091953e+01
  -8.1626434e+01  -2.0790375e+01
  -2.5538288e+01   2.4657056e+00
  -6.7401149e+01   3.1760358e+00
  -2.2021391e-02  -7.7235479e+01
  -7.6562104e+01  -1.2167106e+01
  -3.1954711e+01   2.1271906e+01
   4.2850734e+01  -6.4381192e+01
  -3.6468035e+00  -3.2438273e+01
   9.7111818e-01  -1.3351802e+01
   7.8743583e+01   6.5833417e+00
   1.7342828e+01  -6.7323157e+01
  -2.3090427e+01  -5.3740465e+01
  -1.3117996e+01  -2.3210759e+01
  -4.2324976e+01  -5.9759526e+01
   1.8279106e+01   2.0916061e+01
  -9.5744037e+00  -7.4279839e+01
  -1.2358807e+01   7.8623426e+01
  -1.3608076e+01  -3.3191308e+01
   3.2589299e+01  -1.3628733e+00
   1.7832034e+01  -1.4753298e+01
   3.6500284e+01  -1.4460710e+01
   9.8281616e+00  -8.7110032e+00
  -3.3560000e+01   6.7614436e+01
   2.8277600e+01   2.0305022e+01
  -1.5418970e+01   6.9103176e+01
   6.1988846e+01   4.2463876e+01
   6.6871847e+01   2.2393136e+01
  -7.3429870e+01  -3.2832006e+01
   2.9482597e+01   4.5432266e+01
  -6.3697037e+01  -3.5127955e+01
   7.7500565e+00   2.9251774e+00
   3.7289620e+01   1.5248989e+01
  -1.3841197e+01   2.9168827e+01
   3.1244948e+01   6.5351236e+01
   2.1778105e+01   6.1994433e+01
   1.4820008e+01   7.0124291e+01
   5.1492600e+01  -4.6620429e+00
  -1.3819625e+01   4.6032519e+01
   8.6021541e+01  -6.7682267e+00
   7.8077165e+01  -2.3925462e+01
  -4.6548520e+01   4.5277956e+01
   6.7147294e+01  -1.2513506e+01
  -4.6464995e+01   5.5277504e+01
  -5.2561895e+01  -3.2046078e+01
  -3.7002825e+01  -1.7791780e+01
  -3.2573823e+01  -3.6617450e+01
   1.1931855e+01   4.0895740e+01
   2.3766910e+01   2.9275702e+01
   5.9377934e+01   5.2116989e+01
   3.9405311e+01   5.0540965e+01
  -1.7581544e+00   6.6285461e+00
   5.4011606e+01   5.0154385e+00
  -9.0638932e-01   1.9133507e+01
