   4.0278428e+01   1.1596387e+01
   3.0056352e+01  -1.4145812e+01
  -2.7575206e+01  -2.1796688e+01
   3.2525275e-02   2.2809084e+01
   5.7531791e+00  -3.1489525e+01
   9.8094585e+00   9.7511990e+00
   4.5580442e+00  -2.1561383e+01
  -1.5194015e+01  -2.1728078e+01
   2.6830547e+01  -3.1863986e+00
   7.0691252e+00   1.3401000e-01
   2.9179501e+01   4.2268561e+01
  -3.7623038e+01   9.8280050e+00
   9.5524505e+00   1.9747886e+01
  -1.1026549e+01   2.8464152e+01
   3.2823524e+01  -2.5654296e+01
  -4.6934796e+00  -1.7766427e+01
  -1.9902541e+01  -4.4131317e+01
  -2.2087114e+00  -5.0586004e+01
  -2.7600236e+01  -3.7748113e+01
  -2.8117069e+01   6.7238934e+00
  -3.9488323e+01  -1.0909400e+01
  -1.5576279e+01  -9.8861681e-01
   4.1606433e+00   4.0547112e+01
   3.3844524e+01   3.9411156e+00
  -2.1026351e+01   2.8526962e+01
   1.3856988e+01   3.8101526e+01
   2.4672696e+01  -3.2090866e+01
   2.0569535e+01  -1.0983590e+01
  -2.6679164e+00  -3.7295164e+01
  -4.4555845e+01   2.0511104e+00
   6.4201726e+00  -4.1467140e+01
  -1.9495789e+01  -1.2697547e+01
  -3.5332950e+01  -1.8136700e+00
  -1.2809807e+01  -3.4630420e+01
  -2.9547292e+01  -1.1993215e+01
  -3.5163586e+01  -2.8309434e+01
   4.6205894e+01   2.0080606e+01
  -2.5392038e+01  -2.8975846e+00
   1.6903205e+01  -1.6799681e+00
   7.7736033e+00   3.0114347e+01
  -6.0908318e+00   4.1707537e+01
   4.6204062e+01  -4.8469448e+00
  -3.7708962e+00   3.5668914e+00
   2.6552124e+01   2.3265945e+01
  -1.5506935e+01   3.7833596e+01
   1.7045966e+01   2.6369596e+01
   3.2648027e+01   3.1300712e+01
  -1.9286679e+00   3.2614882e+01
   2.5271151e+01  -4.2221199e+01
   2.3602687e+01  -2.1784523e+01
   3.9277221e+01  -1.8015599e+01
   1.5320869e+01  -2.8549223e+01
   1.4116003e+01  -1.8622124e+01
  -5.5749526e+00  -2.7727191e+01
  -9.9027895e+00  -4.4198487e+01
  -4.8711275e+01  -7.0446241e+00
  -4.6887741e+01   1.3591614e+01
  -2.9772301e+01   1.6603674e+01
   7.7599553e+00  -5.1376904e+01
   1.5978325e+01  -3.8527555e+01
  -2.1555607e+01  -2.9781809e+01
   5.0055361e+01   9.4961762e+00
  -1.0076439e+01  -9.3395983e+00
   3.6227603e+01   2.0739149e+01
  -4.1626103e+01  -2.0678200e+01
   2.2387069e+01   6.6822652e+00
   1.9436796e+01   1.6237148e+01
   3.6317443e+01  -6.3484760e+00
  -1.1669875e+01   5.0006588e+01
  -5.2801593e-01  -6.3685318e+00
   5.4598372e+01   5.8770779e-01
   1.0185145e+01   4.8528677e+01
  -3.0995661e+01   2.9309823e+01
   4.7695449e-02   1.2809096e+01
   2.3114100e+01   3.4318035e+01
   1.0248411e+01  -9.3560599e+00
   1.9882552e+01   4.6087307e+01
