   3.1144316e+01   5.3592930e+01
   7.8831314e+01  -3.8989685e+01
  -3.8627353e+01   1.9812862e+01
   3.1776401e+01   3.8616010e+01
  -8.8116474e+01  -5.1570864e+01
   4.3543662e+01   5.4452888e+00
   8.5304056e+00   7.9927343e+01
  -3.6533208e+01  -8.8690183e+01
  -6.4619646e+01   2.9802783e+01
  -7.3270533e+01  -5.6126787e+00
   2.1689857e+01  -8.8653569e+01
   2.8640550e+01  -1.6642380e+01
   1.6941639e+01  -1.7312101e+01
  -3.3407362e+01   5.0349554e+01
   2.8992701e+01  -6.6393212e+01
  -6.3454060e+01  -8.1765579e+00
  -5.6066790e+01  -1.4696624e+00
   7.1292413e+00  -6.9016104e+01
  -4.2620580e+01  -7.0010192e+01
   5.5024988e+01   2.2853068e+01
  -5.9590070e+01  -1.7348501e+01
  -8.1146662e-01   7.1704587e+01
  -3.5603498e+01   9.3119432e+01
   1.2284585e+01   1.5496627e+01
   5.0433714e+01   7.4952708e+01
   5.8970634e+01  -2.9080075e+01
   4.8008055e+01   4.3631148e+01
   4.8666905e+01   6.2615962e+01
   4.3306399e+01  -5.2641199e+01
   3.1502500e+01  -8.6733406e+01
   3.2158536e+01  -3.5175185e+01
  -9.5639227e+01   2.2594299e+01
  -7.3568105e+01   3.1591558e+01
  -3.6461562e+00  -6.4055667e+01
  -2.1414879e+01  -9.0848257e+01
   8.1298140e-01  -4.0551732e+01
  -4.2016048e+01   2.9872229e+01
  -4.0211744e+01   5.7264383e+00
   1.3733362e+01  -5.4943298e+01
   3.7129980e+01   1.6960055e+01
  -1.8498882e+01   7.2736042e+01
  -5.9967568e+01  -4.5985716e+01
   2.4805080e+01   8.6309958e+01
   6.8290052e+01  -1.2674912e+01
   7.7543686e+01  -8.9244648e+00
  -2.1355846e+01   4.5998352e+01
   6.6405697e+01  -2.2469481e+01
   1.2505659e+01   6.0560365e+01
  -6.5192716e+00   5.8693231e+01
   1.3541987e+01   2.5391734e+01
  -1.1503468e+00  -1.9362212e+01
   3.6295120e+01  -2.2952588e+01
   5.0763281e+01  -3.4666651e+01
  -4.5223902e+01  -8.3717883e+01
  -6.7509602e+01   2.0493720e+01
   9.6687514e+00  -3.6190269e+01
  -7.4897786e+01   1.3891169e+01
  -9.1114024e+01  -2.9344788e+01
  -4.1889485e+01  -1.1377340e+01
  -7.5794802e+01   4.0394309e+00
   5.6293116e+00  -7.8898442e+01
  -8.9372260e+01  -1.0528477e+01
   5.0527603e+01  -5.9498468e+01
   8.0412442e+01   6.4411727e-01
  -2.2981283e+01  -6.9044053e+01
  -3.3401194e+00   9.4729081e+01
  -8.0516348e+00  -2.8402952e+01
   7.9295420e+00  -1.2364361e+01
  -9.9866087e+00   6.7922566e+01
   6.1126446e+01   1.4943858e+01
  -8.6824484e+01  -3.8369996e+01
   2.2408708e+01   9.5151757e+00
  -1.4595730e+01   3.4974250e+01
   2.9176148e+01   6.4616811e+01
   9.1391149e+00   6.9964998e+01
   8.9501919e+01  -4.1826218e+00
   8.4727134e+01  -3.0939645e+01
  -4.1741170e+01   5.5399384e+01
  -5.0281528e+01   7.1751904e+01
   2.3386026e+01   3.2340938e+01
   5.5324781e+01   5.4862791e+01
   3.8057628e+01   4.6384588e+01
   5.2882740e+01   2.0389666e-02
  -4.4882834e-01   2.9119493e+01
   5.9361013e+01  -3.9513390e+01
   3.8985852e+01  -4.2350014e+01
   4.2996594e+01  -8.2488461e+01
   5.7030327e+01  -4.9042295e+01
   3.3475016e+01  -5.1208707e+01
   4.9571989e+01  -2.4856374e+01
  -5.9881069e+01  -7.9786764e+01
  -2.8123425e+01  -8.3458049e+01
  -1.3145166e+01  -7.1243147e+01
  -1.9902511e+01  -3.6011142e+01
  -7.7048474e+01   2.3371882e+01
  -6.9946971e+01   4.2020792e+01
  -5.4962481e+01   3.0201725e+01
  -5.7781879e+01   1.8151550e+01
  -8.4033132e+01   9.9711090e+00
  -2.1269673e+01  -1.6819004e+01
  -5.5175595e+01   8.4780576e+00
  -8.6422144e+01  -2.0540063e+01
  -7.9739147e+01  -1.3160724e+01
  -6.6177162e+01   1.3380607e+00
  -4.7286842e+01  -1.9788938e+01
  -3.5963542e+01  -3.3234696e+00
   4.9543673e+01  -7.4913000e+01
   1.8511859e+00  -2.9928870e+01
  -6.4802232e+01   1.1064575e+01
  -8.4437327e-01  -9.4868231e+01
  -3.3171353e+00  -5.3600410e+01
   8.3501345e+00   3.3869798e+01
  -8.2950243e+01  -2.8917913e+00
   1.4590546e+01  -4.5037296e+01
  -4.8779817e+01   2.2498069e+01
  -1.3190472e+01  -5.3183959e+01
   8.8967868e+01   5.8143884e+00
  -1.9484542e+01   8.2849725e+01
   8.7183322e+01   1.7341964e+01
  -1.2338687e+00   8.1693129e+01
  -4.3303054e+01  -6.0051045e+01
   2.4528288e+01  -7.6698191e+01
  -1.1832173e+01  -8.8002600e+01
   4.8902964e+00  -5.9272376e+01
  -4.2211657e+00  -7.5257235e+01
   4.4716898e+01  -5.6614098e+00
   2.5832075e+01   2.4913013e-01
  -4.3209479e+01   6.4895967e+01
  -2.7501596e+01   7.5889135e+01
   4.7021441e+01   3.3722003e+01
  -7.6900975e+01  -3.7153326e+01
   3.6773399e+01   8.8371079e+01
  -4.1910351e+00   3.8227862e+01
  -1.8727876e+01   6.2935142e+01
  -1.0413718e+01   7.8184217e+01
   5.0887606e+00   8.9357211e+01
   6.2092486e+01   3.8356541e+00
   1.9543626e+01   6.8237573e+01
  -2.4338493e+01   3.3137210e+01
  -2.4878362e+01   5.5202641e+01
   2.7461776e+01   7.4460099e+01
   8.4074740e+01  -1.6485853e+01
   9.3558503e+01  -1.3323853e+01
  -6.7920229e+01  -2.5350127e+01
  -3.1716563e+00   4.9366186e+01
  -4.9283556e+01  -3.0624629e+01
   6.0915771e+00   5.2927126e+01
   2.2025976e+01   5.7635275e+01
   7.1017824e+01   6.6705624e+01
   2.4603186e+01   4.5547011e+01
   5.8340026e+01   6.5072535e+01
   4.5339342e+01   5.3222628e+01
  -3.9236594e+01   3.9612943e+01
  -1.1929103e+01  -4.4655914e+00
   5.2445348e+01   9.9968766e+00
   1.3287175e+01   5.6713977e+00
  -2.8658766e+01   6.4317586e+01
  -7.9141183e+01  -2.7407333e+01
  -3.6746588e+01  -7.8493732e+01
  -8.6823980e+01   3.4975555e+01
  -5.5936136e+01   4.7477885e+01
   2.6971829e+01  -2.6679957e+01
   6.9124102e+01  -4.1156724e+01
   5.7473891e+01  -1.7791910e+01
   4.8597417e+01  -4.4252023e+01
   3.4510177e+01  -7.7200796e+01
   2.6978703e+01  -4.3715357e+01
   4.1411383e+01  -3.1455077e+01
   4.7849145e+01  -1.5087955e+01
  -5.0892610e+01  -7.5482817e+01
   2.3061363e+01  -5.8368943e+01
  -5.4913893e+01  -8.8487888e+01
  -3.1779850e+01  -9.7484685e+01
   7.1047461e+01  -3.1326755e+01
  -3.2785458e+01  -6.9364698e+01
  -1.9827925e+01  -7.8273251e+01
  -1.3140323e+01  -6.2012208e+01
  -8.6107243e+01   1.9733714e+01
  -9.6072151e+01  -1.7933877e+01
  -9.1085216e+01   2.9239335e+00
  -8.3510209e+00  -3.7792445e+01
  -9.0008973e+01   4.6805503e+01
   3.7071763e+01  -6.0503129e+01
   4.1052746e+01  -6.9650982e+01
   1.0980784e+01  -9.0503784e+01
   2.9746663e+01   2.4567924e+01
  -1.0831128e+01   8.8128915e+01
   8.3425432e+00  -2.2343166e+01
  -7.0068851e+01  -1.5613628e+01
   1.7002903e+01  -2.7248877e+01
   2.1413563e+01   1.9332202e+01
   1.3627674e+01  -4.2118171e+00
  -2.3649121e+01  -4.5848514e+01
   1.9967992e+01  -3.6693085e+01
   6.9864667e+01   1.0102187e+01
   5.5626813e+00  -4.9181190e+01
   9.9366118e+01   3.6972913e+00
  -6.6353698e+01  -6.5890793e+01
  -1.4202593e+01  -9.7763379e+01
   3.8006700e+01  -1.3097117e+01
   1.5434769e+01  -8.0852407e+01
  -2.2964700e+00  -8.5001609e+01
   2.2335181e+01  -8.9951495e+00
  -1.1102635e+01  -1.8690608e+01
  -3.9522576e+01   8.0372606e+01
  -2.9502387e+01   8.5380364e+01
   1.7073958e+01  -7.0037207e+01
   7.6381035e+01  -2.2863760e+01
  -2.2631198e+01   9.2529380e+01
  -7.7250848e+01  -5.6651628e+01
  -6.9515973e+01  -4.8956849e+01
   3.7617410e+01   3.0537868e+01
   4.1785101e+01   6.9836657e+01
   3.2275734e+01   8.2325693e+00
   3.6645606e+01   7.8385862e+01
   3.5483884e+01  -2.0277848e+00
  -1.1734632e+01   4.4470808e+01
   1.4186516e+01   9.3443274e+01
   3.8429133e+01   6.0428507e+01
  -1.5087162e+01   5.3739712e+01
   1.8402168e+01   7.8638603e+01
  -6.7076516e+01  -3.5298613e+01
  -4.6120789e+01  -2.3299787e+00
  -2.8200075e+01  -9.6167726e+00
   9.1288537e+01  -2.3405033e+01
  -5.1968134e+01  -1.0710306e+01
   6.0781300e+01  -6.0934213e+00
   7.0019906e+01  -2.2506726e+00
   2.7045430e+00   6.2346791e+01
   6.5643219e+01   5.8250402e+01
   1.6533597e+01   3.9623320e+01
   4.5226710e+00   4.3058445e+01
   1.5474213e+01   4.9565807e+01
  -7.9294219e+01  -4.6862653e+01
  -9.8666905e+01   4.2277464e+01
  -9.5113037e+01   3.2988345e+01
   9.6287702e+01   1.3210344e+01
  -3.9682478e+01  -2.7829848e+01
  -2.8006760e+01   2.7411763e+00
  -3.3668475e+00  -9.6229210e+00
  -6.0607150e+01   3.8776678e+01
  -4.8656890e+01   3.7423429e+01
   3.5231618e+00   2.0075025e+01
   6.2972211e+01   4.8419437e+01
   4.5090779e+01   2.3911942e+01
  -2.7292658e+01  -2.4801018e+01
   4.5848161e+00   8.8892488e-01
  -2.9790633e+01   4.1241162e+01
  -4.6080702e+01   4.6792290e+01
  -3.5860278e+01   7.1151028e+01
  -2.2642436e+01  -5.9290715e+01
   6.0505834e+01  -5.8080181e+01
  -1.4226061e+01  -4.4446265e+01
  -7.7757236e+01   3.6659093e+01
  -8.2969519e+01   4.2055718e+01
