  -9.9592828e+01   2.3223557e+01
  -4.7400427e+01   8.2962671e+01
   4.8912450e+01   8.9832197e+01
  -2.5514662e+01  -7.9395702e+00
   3.5906481e+01   8.6409327e-01
  -2.8192234e+01  -5.9624772e+01
   9.5988453e+00  -6.5317552e+01
   1.3968316e+01   2.7168463e+01
  -7.0960903e+01   1.2067979e+01
  -7.6893313e+01   4.6835578e+01
   8.5456406e+01  -4.9152172e+01
   8.3814343e+01  -6.5499389e+01
   4.7203517e+01   1.5139440e+01
   2.0535374e+01  -1.2930593e+01
  -6.3535370e+00  -7.7701349e+01
  -4.6571364e+01  -6.2255593e+01
  -2.0143970e+01   4.4187417e+01
  -8.3757815e+01   3.1966788e+01
  -9.6882136e+01   1.2259244e+01
   5.2886503e+01  -4.5185010e+01
   1.2036703e+00  -1.2013148e+01
   1.6417203e+01  -3.5271823e+01
  -2.3130244e+01   1.4844241e+00
   2.8046041e+01  -8.4775788e+01
  -4.9900746e+01   1.7173197e+01
  -8.6364500e+01  -9.5268361e+01
   8.0650757e+01   2.1111842e+01
   9.9890635e+01  -1.0977528e+01
  -3.4529421e+01   2.7433017e+01
   2.8342913e+01   3.7551700e+01
   5.0098649e+01  -2.9320269e+01
  -3.4030773e+00   5.4063659e+01
  -6.0661837e+01  -3.0321117e+01
  -3.4057094e+01  -2.0566640e+01
   2.1593184e+01   9.9625873e+01
  -5.0431563e+01   4.5685780e+01
   5.7182473e+01  -9.8869405e+01
   3.6335304e+01   2.0782338e+01
  -2.3944881e+00  -3.1092559e+01
  -3.7788916e+01  -5.7891219e+01
  -8.1702441e+01   9.7682669e+01
   2.0903600e+00  -8.2791818e+01
   2.5231551e+00  -9.5070188e+01
   9.8676669e+01   4.2882333e+01
  -1.0380282e+00   3.4644032e+01
  -6.4155366e+01   9.3222975e+01
  -7.0722516e+01  -2.0789227e+01
  -3.3084769e+01   3.7287662e+01
  -1.8275219e+01  -2.3778537e+01
  -6.1135973e+01  -1.4577721e+01
   3.7304946e+01  -4.5667747e+01
   7.1842095e+01   5.0556929e+01
  -7.8874897e+01  -3.1771997e+01
  -7.4761098e+01   3.7368932e+01
   7.1173097e+01  -2.2011696e+01
  -6.1577826e+01   5.0553809e+01
   6.0949539e-01   6.3076038e+01
   7.5635490e+01   3.8345863e+00
  -3.0278685e+01   6.7634305e+01
  -9.5803316e+01  -5.9686734e+01
   4.7090530e+00  -2.6428570e+00
   6.6890506e+01  -5.8878713e+01
   1.8236816e+01   9.2156918e+00
   1.0992663e+01  -1.0263627e+01
   4.0048245e+01  -8.5737827e+01
  -4.0197841e-02  -5.8209719e+01
  -5.9974236e+01  -4.6975527e+00
  -2.0667177e+01  -6.5527867e+01
   1.9868913e+01  -5.6701282e+01
  -6.9136073e+01   2.2321266e+01
  -5.9574258e+01  -8.2489657e+01
  -5.0421134e+01  -8.6401085e+01
   9.2497942e+01   1.7699734e+01
   5.7259549e+01   1.4648869e+01
   6.2531348e+01  -4.0426337e+00
   4.4506309e+01   4.3217426e+01
   1.7876284e+01   5.3644671e+01
  -2.9593244e+01   1.7271653e+01
  -3.4415375e+01  -6.7487733e+00
  -3.7856553e+01   8.5875861e+01
  -1.7931956e+01   7.5066067e+01
  -1.1177829e+01   4.7971169e+01
  -4.4301140e+01   9.3509347e+01
   4.0683941e+01  -7.3364677e+00
   3.5367607e+01   9.2095087e+01
  -1.2984684e+01  -4.1501302e+01
  -2.1216133e+01  -3.5777257e+01
  -8.4249897e+00  -2.2767039e+01
  -6.7723230e+01   8.3536125e+01
   4.4459025e+01   6.2897096e+01
   5.2524319e+01   5.3178270e+01
  -8.1566361e+01  -1.2447719e+01
  -2.4742009e+01   2.5402169e+01
  -8.0988769e+01   8.4215610e+01
   7.0503079e+01  -3.6944126e+01
  -8.8659004e+01  -6.6678056e+01
  -9.9360652e+01   9.7963045e+01
   4.6885540e+01   5.1254014e+00
   1.1518898e+01   7.2338690e+01
  -8.7016842e+01  -3.0230842e+01
  -3.5697831e+01   7.6112150e+01
  -8.1187828e+01  -7.7198182e+01
   9.7910086e+01  -2.0774970e+01
   9.5585460e+00   1.7112907e+01
   1.9290077e+01   1.9057048e+01
   1.0070885e+01  -8.8677453e+01
   9.8099923e+00  -2.7226590e+01
   6.6506879e+01  -9.5255888e+01
   2.9441321e+01  -6.6725584e+01
  -7.8314244e+01   1.8461164e+01
   3.9312937e+01  -6.7433668e+01
   5.1881275e+01  -7.0816864e+01
  -7.3264517e+01  -2.0768510e+00
   6.6085163e+01  -4.5651106e+01
   5.2216616e+00  -4.6371971e+01
  -9.8253187e+00  -5.9877778e+01
  -7.1200817e+01  -7.7305450e+01
  -2.6815244e+01  -9.4065301e+01
  -6.7249311e+01  -9.6697436e+01
   9.9238957e+01   5.5112596e+01
   6.3896558e+01   4.4977013e+01
   6.5387352e+01   8.7692043e+00
  -6.3819869e+01  -5.5390757e+01
  -6.5090339e+01  -3.8710879e+01
  -2.6598510e+01   8.0010450e+01
   3.8072021e+01  -1.6917999e+01
   6.4019271e+01   6.5531566e+01
  -9.2117725e+01   3.8785383e+01
  -8.0647054e+01  -2.2132518e+01
  -8.3868444e+00   7.2290350e+01
   1.8684024e+01   6.3576590e+01
   3.8038069e+01   3.5636547e+01
  -2.0383876e+01   6.5571697e+01
  -1.0422524e+01   3.7650907e+01
   3.2234172e+01   8.2611750e+01
  -6.7809955e+01   4.3879243e+01
  -4.4547213e+01   5.6296635e+01
  -5.7804646e+01   2.2444628e+01
  -5.4782812e+01   7.5959054e+01
  -2.9533726e+01  -4.1025719e+01
   7.0127761e+01  -1.0422446e+01
   3.3058726e+01   6.4686514e+01
  -4.5602803e+01  -2.5835187e+01
   5.6840622e+01   7.2305489e+01
   2.3659852e+01  -4.3785873e+01
   2.9075761e+01  -3.6066885e+01
  -7.6949301e+01  -6.8593079e+01
  -8.4605326e+01   7.4727063e+01
  -8.4233027e+01  -4.3729025e+01
   4.3542062e+01   2.7399775e+01
   3.8328422e-01   8.9740224e+01
  -3.5498533e+01   5.4250444e+01
  -1.2292883e+01  -3.1670132e+01
   8.7745810e+00   7.1395795e+00
  -1.8867629e+01  -5.5776033e+01
   1.3825336e+01   8.7966750e+01
   5.2664062e+01   2.3506025e+01
   5.0461386e+01  -4.2103501e+00
  -5.0044418e+01   6.4557297e+01
   8.9622110e+01  -1.1912008e+01
  -4.5299241e+01   2.5906608e+01
   4.6820988e+00   2.7143200e+01
   2.7350478e+01   5.5107692e+00
   9.0705916e+01  -4.0681513e+01
   6.5045517e+01  -8.1116213e+01
  -2.6822699e+01  -1.7549412e+01
   5.4437950e+01   6.2783657e+01
   8.4952956e+00  -7.5167315e+01
  -2.8620251e+01   9.9848623e+01
  -8.8892942e+00  -1.3338936e+01
   7.1038247e+01  -6.7975001e+01
  -8.9986949e+01  -8.6036495e+01
   2.3732202e+01  -3.5873294e+00
  -9.0228257e+01   6.5808262e+01
   9.4459933e+00  -5.5462046e+01
  -2.1402091e+01  -7.5348165e+01
   1.6486521e+01  -8.1129880e+01
   4.7529328e+01  -6.2149515e+01
   5.7556725e+01  -6.2486749e+01
  -4.1349928e+01  -9.0456664e+01
  -5.6308652e+01   7.6402112e+00
  -4.3713060e+01  -6.2334922e+00
  -6.5352032e+01   3.7078728e+00
  -6.2382846e+01   1.4757586e+01
  -1.7060849e+01  -9.4436449e+01
  -4.6495821e+01   8.1026618e+00
  -3.1086110e+01  -5.0434116e+01
   3.8967546e+01  -9.5673554e+01
  -1.1885963e+01  -6.9620158e+01
  -9.8526274e+01   4.6187360e+01
  -2.1068562e+00  -6.7963805e+01
   9.5085809e+01  -7.5991705e+01
  -1.5385146e+01  -4.5781312e+00
  -9.0286842e+01   2.5538271e+01
  -9.0605825e+01  -1.1818356e+01
  -5.1859416e+01  -7.6458932e+01
  -3.2363345e+01  -8.5993301e+01
  -7.9865448e+01  -8.6892151e+01
  -3.4670268e+01  -6.7091831e+01
   8.8401816e+01   2.7379221e+01
   6.0043287e+01   3.3862349e+01
   5.0047240e+01   3.4755354e+01
   1.4042470e+01   4.4436200e+01
   3.2744294e+01   5.4768111e+01
  -5.5857895e+01  -6.7307932e+01
  -7.4364619e+01  -5.4559334e+01
  -6.8942134e+01  -4.7228118e+01
  -1.0644563e+01   9.5496823e+01
   6.2688533e+01   5.4991315e+01
   8.1691677e+01   6.3796745e+01
   3.0582577e+01  -2.6488299e+01
  -2.8740847e+01   8.9754383e+01
  -3.9820384e+01   6.4909278e+01
  -5.4856960e+01  -2.2401151e+01
   8.8441616e+01  -9.2697864e+01
  -1.8090555e+01   8.4935976e+01
  -7.7849472e+01   6.0333379e+00
  -8.3273484e+01  -2.6531664e+00
  -6.9931312e+01  -3.0328363e+01
  -7.3995270e+01   5.4512155e+01
  -8.6591644e+01   7.9586911e+00
   4.7546990e+01  -1.3428095e+01
   5.9094550e+01  -5.2662462e+01
   5.1080807e+01  -2.1225915e+01
   4.3555957e+01   9.8150582e+01
   4.8877956e+01  -5.2960569e+01
   7.9510125e+01  -2.6341855e+01
  -9.9742530e+01  -1.5687274e+01
   6.1289430e+01  -3.6906315e+01
   6.3671038e-01   2.0709417e+01
  -7.3973467e+01   9.1340546e+01
   1.8728047e+01   3.5668894e+01
   1.8617760e+01  -2.2645508e+01
   3.8428663e+01   1.0406064e+01
   1.4433218e+01  -6.6611428e-01
   3.1146505e+01  -9.9618551e+00
  -3.4376828e+01  -3.3613385e+01
  -3.3599839e+00   3.0873338e+00
   5.4558925e+01   8.1800380e+01
  -5.7907142e+01   8.5428500e+01
   7.9552785e+01  -5.3645422e+00
   7.8781749e+01  -1.5344546e+01
   9.7047852e+00   5.9182060e+01
   4.6856101e+01   7.2610422e+01
  -5.4224569e+01   9.4716141e+01
  -9.9795140e+01   8.7064855e+01
   5.6714045e+01   3.9360178e+00
  -7.4736155e+01   7.6410236e+01
   9.7284840e+01  -1.3315271e+00
  -9.8166273e+01  -6.9385804e+01
  -4.5209065e+01   7.3248470e+01
   2.0404035e+01   8.0445629e+01
   1.5413725e+00   7.2912041e+01
   6.1022968e+00   8.1684155e+01
   3.9524677e+01  -5.5347945e+01
  -3.0881551e+00  -4.1037166e+01
   7.6481354e+01  -9.4581003e+01
  -8.9934084e+01   9.2006806e+01
   8.8180252e+00   3.5942386e+01
   1.9473749e+01  -6.6765613e+01
   2.9802485e+01  -5.6769853e+01
   4.2578662e+01   5.3068327e+01
   1.4325437e+00  -2.1903087e+01
   6.0169510e+00  -3.6425674e+01
  -6.5679814e+00   2.6515416e+01
   7.6868662e+01  -5.8332818e+01
   6.1774819e+01  -7.1680619e+01
   5.3270474e+01  -8.0609631e+01
  -7.5024885e+01  -4.0127049e+01
   4.3624420e+01  -7.6418292e+01
  -9.0974437e+01  -7.6220056e+01
   7.8905208e+00   9.6014833e+01
   4.8902051e+01  -9.0381318e+01
   1.7763596e+01  -9.4986372e+01
  -9.7038253e+01   7.3986641e+01
  -6.3876921e+00  -5.0491605e+01
   5.8790164e+01  -8.8910930e+01
   2.4591952e+01  -7.5401508e+01
  -7.9971845e+01   6.5933786e+01
   2.9012931e+01  -9.4725174e+01
   1.4932901e+01  -4.7450522e+01
  -2.1554881e+01  -4.6344553e+01
  -2.7076276e+01  -2.7736765e+01
   9.8088368e+01  -4.7421248e+01
  -9.1933947e+01   5.5719843e+01
  -1.8282208e+01  -1.4016486e+01
  -5.5833232e+00  -5.0238433e+00
   9.3784819e+01  -6.6137955e+01
  -3.0294907e+01   8.0648785e+00
   9.2368364e+01  -5.6295332e+01
   7.5572562e+01  -4.8443746e+01
   9.0245223e+01  -3.0709024e+01
  -4.0652167e+01  -8.0651788e+01
  -7.7003487e+01  -9.8542495e+01
  -9.6261235e+01  -9.4048274e+01
  -5.8107534e+01  -9.2759475e+01
  -4.8997355e+01  -9.6835011e+01
  -2.0239963e+01   9.4632451e+01
  -4.3495399e+01  -7.1391977e+01
   8.3467551e+01   1.0512706e+01
  -1.2062465e+01  -8.5829573e+01
  -7.3152822e+00  -9.5455186e+01
  -2.2037935e+01  -8.5252410e+01
   9.3056239e+01   7.7186822e+00
   9.1159911e+01   4.9373302e+01
   8.9844326e+01   3.7265163e+01
   9.8059789e+01   2.9921832e+01
  -3.8655717e+01   1.3752683e+01
  -1.5732174e+01   2.9217296e+01
   6.2605455e+01   2.4165906e+01
  -2.0353106e+00   4.4278378e+01
  -1.7277577e+01   5.5789351e+01
   7.4009389e+01   1.3700822e+01
  -2.6815163e+01   5.8254417e+01
  -1.7643228e+00   9.9483249e+01
   3.6952081e+01   7.3828785e+01
   2.3757193e+01   8.9864026e+01
  -4.2101863e+01   4.0509701e+01
  -2.3636351e+01   3.5068953e+01
  -2.9610107e+01   4.6593365e+01
   2.8296563e+01   1.5230721e+01
   2.9013177e+01   2.7604324e+01
   2.5097763e+01   4.6944763e+01
   3.4824620e+01   4.5072860e+01
  -5.9484540e+01  -4.6715771e+01
   2.4789762e+01   7.1470564e+01
   4.2913327e+01   8.1832386e+01
  -5.4337992e+01  -5.6600621e+01
  -8.8964463e+01  -5.2448220e+01
  -9.7055270e+01  -4.6657315e+01
   8.1402632e+01   4.8533286e+01
  -8.2189737e+01  -5.9651879e+01
   7.2393801e+01   6.0336593e+01
  -9.3306693e+00   6.2341501e+01
   7.2996992e+01   7.0259801e+01
  -3.1301960e+01  -7.6228934e+01
  -7.1997477e+01  -1.1380663e+01
   5.4334550e+01   4.3541742e+01
  -5.1641167e+01  -1.1868658e+01
  -5.1190612e+01  -4.1621942e-01
   9.5772503e+01  -8.5914771e+01
  -3.5642633e+01  -9.8524550e+01
  -9.2355724e+01  -3.7976010e+01
   9.8645717e+01  -9.5465429e+01
  -5.3673702e+01   5.5223145e+01
  -9.2754216e+01   1.9712663e+00
   5.7426351e+01  -1.2477200e+01
  -6.8399948e+01  -8.6846086e+01
  -6.7105429e+01   3.2308020e+01
  -5.8724442e+01   4.0652205e+01
  -5.8050766e+01   3.1234387e+01
  -4.9625151e+01   3.4790948e+01
  -6.9258522e+01  -6.3064058e+01
  -8.3424419e+01   4.1258436e+01
  -9.9843342e+01   3.3145609e+01
  -8.7977368e+01   1.6737391e+01
  -5.2051387e+01  -3.2082924e+01
  -8.2724877e+01   5.6472163e+01
   4.1740572e-01   1.0076933e+01
   3.8827231e+01  -3.5933896e+01
   4.0568971e+01  -2.6337105e+01
   5.1730527e+01  -3.7064078e+01
   6.0654441e+01  -2.1884925e+01
  -8.4995485e+00   8.6023096e+01
  -3.6359420e+01   1.7378805e+00
  -9.2481525e+01  -2.3975248e+01
  -9.6670291e+01  -5.7170731e+00
   7.8757486e+01  -3.4449449e+01
  -3.8124237e+01  -2.5005731e+01
  -4.2568764e+01  -3.2319748e+01
  -2.2565688e+00   1.6360095e+01
