  -7.1671163e+01   9.2126706e+01
   5.9904187e+01  -2.3983688e+01
   4.9622229e+01  -5.5699267e+01
  -5.1253328e+01   2.0927080e+01
  -6.9318054e+01   4.0770937e+01
   2.9497806e+01  -8.4945262e+01
   9.2053422e+00  -5.1952965e+01
   4.2881478e+01  -4.8320775e+01
  -5.0036479e+01   6.1336963e+01
  -8.7357049e+01   8.8163860e+00
  -7.8222083e+01   7.2083390e+01
  -4.6640078e+01   7.5977581e+00
  -7.7540916e+01   3.4452837e+01
  -9.3116314e+01   6.4142190e-01
   1.5461549e+01  -8.0377229e+01
   5.9346830e+01  -9.0524953e+01
   5.9462439e+01  -5.3942307e+01
   2.4493604e+00  -6.1805979e+01
   7.1087416e+01  -6.7935226e+01
   3.7657674e+01  -3.5461410e+01
  -3.9230143e+01   4.4345190e+01
  -8.8802269e+01  -9.5506738e+00
  -8.5425515e+01   5.1725059e+01
  -9.1319465e+01   7.1629314e+01
  -5.9183794e+01   1.4417199e+01
  -3.8993346e+01   3.4350320e+01
  -8.7591996e+01   1.8813557e+01
   6.1466712e+01  -3.7057068e+01
   4.1555638e+01  -9.9245558e+01
   4.3805918e+01  -2.7576291e+01
   3.6727237e+01  -7.8036967e+01
   1.8996167e+01  -2.4982318e+01
  -6.8961552e-01  -5.0511098e+01
   6.2079831e+01  -6.3593159e+01
   1.3402624e+01  -6.1028189e+01
   4.6364798e+01  -7.5371105e+01
  -8.8410615e+01   2.9108582e+01
  -4.8437224e+01   4.0445398e+01
  -5.5794955e+01   5.3166096e+01
  -7.7390645e+01   7.9975016e+00
  -8.3083122e+01  -2.2424122e-01
  -9.9949799e+01   6.1830267e+01
  -6.5503690e+01   5.0010728e+01
  -9.1211534e+01   8.7268705e+01
  -5.5195230e+01  -1.3210080e+01
  -7.5568079e+01   8.2917252e+01
  -9.7215543e+01   1.0601754e+01
  -6.4397519e+01  -9.3895425e-01
  -7.8631586e+01   4.4392984e+01
  -4.2247606e+01   1.6580774e+01
  -4.8200564e+01   3.0449090e+01
  -6.1794008e+01   3.4199158e+01
   5.3087046e+01  -3.1298625e+01
   4.6939121e+01  -3.9183458e+01
   5.5229261e+01  -4.4882494e+01
   3.8232438e+01  -8.9813938e+01
   4.7726708e+01  -8.6674635e+01
   2.8308968e+01  -9.5227965e+01
   2.6273097e+01  -1.8123978e+01
   4.6857961e+00  -2.2921423e+01
   3.3605735e+01  -4.4601658e+01
   3.9420857e+01  -5.8203007e+01
   3.7629516e+01  -6.8078106e+01
   1.9838597e+01  -3.4945089e+01
   4.6043783e+00  -3.8860060e+01
   7.8531929e+01  -5.3100522e+01
  -9.5830633e+01   4.2964896e+01
   2.3096062e+01  -6.3956816e+01
   2.7602166e+01  -7.3946475e+01
   2.1876707e+00  -7.1891265e+01
   5.5484560e+01  -7.1109159e+01
   5.6024138e+01  -8.1093671e+01
   4.7266666e+01  -6.5413576e+01
  -2.9259285e+01   4.5081859e+01
  -4.5896900e+01   5.1792975e+01
  -9.9700462e+01  -6.8850974e+00
  -7.9959028e+01   6.2235426e+01
  -7.5808177e+01  -7.0853524e+00
  -8.0662127e+01  -1.5828299e+01
  -5.1506682e+01  -3.9183369e+00
  -9.8886994e+01   8.0852712e+01
  -2.8896723e+01   3.3336130e+01
  -3.6402089e+01   2.4693353e+01
  -6.5938419e+01   8.0221022e+01
  -7.4818748e+01   5.3657711e+01
  -7.3021436e+01   1.6992483e+01
  -6.7400588e+01   8.7217591e+00
   6.8159533e+01  -2.9627083e+01
  -7.9464706e+01   2.4639814e+01
   6.5690794e+01  -4.6120711e+01
  -6.0672179e+01   2.4285256e+01
  -5.7980422e+01   4.3424427e+01
   6.9346455e+01  -9.0559279e+01
  -7.0003170e+01   2.7881560e+01
   5.1050225e+01  -9.6107117e+01
  -8.5028206e+01   7.9409643e+01
   4.2667777e+01  -1.7641792e+01
   3.4279072e+01  -2.4115931e+01
   2.3620893e+01  -4.4199249e+01
   1.3882720e+01  -1.6389432e+01
   1.0684737e+01  -3.0921594e+01
   1.3695229e+01  -4.3018952e+01
  -1.1852783e+01  -4.7414755e+01
   2.0002385e+01  -5.3518528e+01
  -9.5347945e+01   5.2952870e+01
   6.9128062e+01  -5.6499113e+01
  -5.3475107e+00  -3.9820856e+01
   2.0391450e+01  -8.9076518e+01
   2.9597592e+01  -5.6332877e+01
   6.4445852e+01  -7.5546248e+01
   1.2142379e+01  -7.0945972e+01
  -8.9945938e+01   6.1724093e+01
  -9.7571674e+01   3.3117828e+01
  -5.6260307e+01   4.8698183e+00
