   4.0327013e+01   1.3411992e+01
   3.2631516e+01  -1.2258415e+01
  -2.0541714e+01  -1.9707601e+01
   3.5733900e+00   2.0809311e+01
   6.1385250e+00  -3.4422671e+01
   9.7282021e+00   1.0661377e+01
   4.8457854e+00  -2.4659598e+01
   2.5037982e+01  -5.7907548e+00
   6.0510276e+00   1.6873890e+00
   2.9064344e+01   4.4477799e+01
  -3.8306126e+01   1.1866166e+01
  -1.4476702e+01   2.9069568e+01
   4.2260557e+01  -2.7399112e+01
  -3.5743102e+00  -1.9525016e+01
  -1.5831484e+01  -4.1387068e+01
  -5.8481186e+00  -5.9241445e+01
  -2.5354417e+01  -3.8330902e+01
  -2.8886305e+01   8.4642446e+00
  -4.1302116e+01  -6.5613137e+00
  -1.4745496e+01  -9.0610592e-01
   4.8016048e+00   3.3952644e+01
   3.5467537e+01   4.7434865e+00
  -2.1866908e+01   3.5778425e+01
   2.3763452e+01  -3.4966361e+01
  -4.5965193e+01   4.8809569e+00
   6.7629972e+00  -4.4288183e+01
  -3.5802066e+01  -1.4779898e+01
  -4.6306369e+01  -3.0293952e+01
   4.6675862e+01   2.7999105e+01
  -2.5891447e+01  -1.0176104e+00
   1.5939756e+01   2.0350451e+00
  -5.8992619e+00   5.0180217e+01
   5.1740854e+01  -1.4351430e+01
   2.7999932e+01   2.2977104e+01
   1.4502779e+01   3.6359607e+01
   3.4463558e+01   3.2428378e+01
   2.7554316e+01  -4.4173267e+01
   2.2315702e+01  -1.5263770e+01
   4.2197032e+01  -1.7332760e+01
   1.5096636e+01  -2.9986571e+01
   5.3129653e+00  -1.4745655e+01
  -1.1790630e+01  -2.5106005e+01
  -1.0902355e+01  -5.0081152e+01
  -5.0877806e+01  -3.7922047e+00
  -4.8570178e+01   1.4499482e+01
  -3.0336439e+01   1.8306701e+01
   1.2441166e+01  -5.2465657e+01
   1.6378417e+01  -4.1653246e+01
  -2.0655796e+01  -2.9615334e+01
   5.7385302e+01   1.2812341e+01
  -7.9878810e+00  -1.0746630e+01
   3.7976796e+01   2.3092737e+01
  -4.2671121e+01  -2.1441085e+01
   2.9640395e+01   1.3148180e+01
   1.3411561e+01   1.9687447e+01
   3.8985296e+01  -4.5739243e+00
  -1.7676499e+01   5.0915157e+01
   4.8440794e-01  -6.1556266e+00
   6.4692398e+01  -1.9228637e-03
   1.6103789e+01   5.6536071e+01
  -3.2297845e+01   3.7790371e+01
  -2.1042383e-01   1.1572147e+01
   2.4969075e+01   3.5465291e+01
   1.1567079e+01  -6.9485082e+00
   1.9426253e+01   4.7107255e+01
   3.3358947e+01  -3.2176883e+01
   2.7632389e+01  -5.4152072e+01
   1.3676437e+01  -2.0116309e+01
  -2.3628551e+01  -5.4555396e+01
   2.3885260e+01  -2.5047021e+01
  -5.0482719e+00  -4.0593999e+01
   3.3461084e+01  -2.2193918e+01
  -4.1366992e+01   2.1404169e+01
  -5.7267659e+01   1.9399841e+01
  -5.8060804e+01  -1.0745987e+01
  -3.6410810e+01   2.0473930e+00
  -4.8486558e+01  -1.3459585e+01
  -1.7558962e+01  -1.0301106e+01
  -3.5113739e+00  -3.0713014e+01
  -9.3523291e-01  -5.0563403e+01
  -2.9689898e+01  -2.3671834e+01
  -2.7111062e+01  -1.0834784e+01
   7.5439907e+00  -6.1173053e+01
   4.5394826e+01   4.7590339e+00
  -5.2586756e+01  -2.2629056e+01
   4.9028619e+01   1.8286018e+01
  -3.3738998e+01  -3.2802955e+01
  -3.0161690e+01  -4.7024856e+01
  -5.2345669e+00   2.5362677e+01
   1.9615348e+01   1.1913145e+01
   2.5630893e+01   4.0483634e+00
  -1.0599053e+01   5.9006770e+01
   1.9155404e+01   2.7550519e+01
   5.5200225e+01   3.0610655e+00
  -5.3563259e+00   3.5327243e+01
   7.6638800e+00   5.1167733e+01
   4.8963464e+01  -4.7499703e+00
  -5.2421210e+00   2.1114742e+00
  -2.3986020e+01   2.6008663e+01
  -3.3797159e+01   2.7911284e+01
   1.4145878e+00   4.3361079e+01
   3.8660258e+01   4.7153512e+01
  -1.2304008e+01   4.2492990e+01
