  -7.1763569e+01   9.1911769e+01
   5.9437774e+01  -2.4568675e+01
   4.8815186e+01  -5.4964199e+01
  -5.1456442e+01   2.1182304e+01
  -6.8729290e+01   4.0431184e+01
   3.0107404e+01  -8.4826107e+01
   1.0109123e+01  -5.2415496e+01
   4.2306392e+01  -4.8376237e+01
  -5.0392533e+01   6.0839133e+01
  -8.7356396e+01   8.8886066e+00
  -7.8961801e+01   7.0696423e+01
  -5.0589473e+01   8.1005805e+00
  -7.7116404e+01   3.4890109e+01
  -9.3077685e+01   7.1342894e-01
   1.5569497e+01  -7.9196565e+01
   5.9229297e+01  -9.0070759e+01
   5.8399614e+01  -5.4503453e+01
   2.4493604e+00  -6.1805979e+01
   7.0565683e+01  -6.8407589e+01
   3.7730559e+01  -3.6033041e+01
  -3.9730024e+01   4.4056661e+01
  -8.8802269e+01  -9.5506738e+00
  -8.5276856e+01   5.1301841e+01
  -9.0820414e+01   7.1480819e+01
  -5.8610568e+01   1.4011502e+01
  -3.8879288e+01   3.4097854e+01
  -8.7238530e+01   1.8864059e+01
   6.1461120e+01  -3.7208661e+01
   4.1572091e+01  -9.8703869e+01
   4.3458154e+01  -2.7903337e+01
   3.6898609e+01  -7.8022453e+01
   1.9125063e+01  -2.5784916e+01
   4.1608593e-01  -5.0675947e+01
   6.1713466e+01  -6.3852443e+01
   1.3087106e+01  -6.1344877e+01
   4.5997489e+01  -7.4869925e+01
  -8.6057084e+01   3.9304797e+01
  -8.8657450e+01   2.9688266e+01
  -4.9108820e+01   4.0607911e+01
  -5.6307021e+01   5.2793572e+01
  -7.7405759e+01   8.1424238e+00
  -8.3011300e+01  -1.3246865e-01
  -9.8006310e+01   6.0852183e+01
  -6.5840792e+01   4.9994767e+01
  -9.0764363e+01   8.6693125e+01
  -5.4747014e+01  -1.1383080e+01
  -7.5746152e+01   8.2844782e+01
  -9.7204071e+01   1.0599742e+01
  -6.3213591e+01   5.7265023e-01
  -7.7776171e+01   4.4635541e+01
  -4.3144535e+01   1.5659304e+01
  -4.8262369e+01   3.0650276e+01
  -6.1493198e+01   3.3564259e+01
   5.2653289e+01  -3.1791932e+01
   4.6954569e+01  -3.9799577e+01
   5.5377967e+01  -4.5078300e+01
   3.8474538e+01  -8.9410403e+01
   4.7664139e+01  -8.6490980e+01
   2.8308968e+01  -9.5227965e+01
   2.5878539e+01  -1.8622132e+01
   4.9637618e+00  -2.3295778e+01
   3.3597691e+01  -4.5035878e+01
   3.9273873e+01  -5.8326788e+01
   3.8536849e+01  -6.8239578e+01
   1.9648849e+01  -3.5433587e+01
   5.4164104e+00  -3.9424008e+01
   7.7520502e+01  -5.3422619e+01
  -9.5653342e+01   4.1686712e+01
   2.2720747e+01  -6.3727797e+01
   2.7782330e+01  -7.4025238e+01
   2.9521887e+00  -7.1795911e+01
   5.4859061e+01  -7.1066577e+01
   5.5561668e+01  -8.0875926e+01
   4.8366042e+01  -6.4355733e+01
  -9.8317318e+01   3.2243980e+01
  -2.9783162e+01   4.5035248e+01
  -4.6422128e+01   5.1472183e+01
  -9.9640338e+01  -6.8162407e+00
  -8.0100980e+01   6.1085280e+01
  -7.5817829e+01  -7.0782625e+00
  -8.0661357e+01  -1.5826909e+01
  -5.3434977e+01  -1.4754049e+00
  -9.8881995e+01   8.0856438e+01
  -2.8910477e+01   3.3337171e+01
  -3.7557276e+01   2.3952729e+01
  -6.6183608e+01   8.0288410e+01
  -7.4743824e+01   5.3684052e+01
  -7.3665792e+01   1.7411534e+01
  -6.7530703e+01   9.5633892e+00
   6.8012527e+01  -2.9702446e+01
  -7.9671740e+01   2.5334772e+01
   6.5357446e+01  -4.6406151e+01
  -6.1110986e+01   2.3628155e+01
  -5.8752019e+01   4.3120675e+01
   6.9157191e+01  -9.0325692e+01
  -7.0019141e+01   2.7998754e+01
   5.1117730e+01  -9.5826944e+01
  -8.4638144e+01   7.8897291e+01
   4.2697880e+01  -1.7956693e+01
   3.4230325e+01  -2.4078981e+01
   2.4257386e+01  -4.3757166e+01
   1.4325923e+01  -1.7159305e+01
   1.0808758e+01  -3.1218113e+01
   1.4319742e+01  -4.3700625e+01
  -1.1461701e+01  -4.7001788e+01
   2.0237810e+01  -5.2650428e+01
  -9.5651591e+01   5.1372348e+01
   6.8013024e+01  -5.6071194e+01
  -4.3505524e+00  -4.0130708e+01
   2.0901718e+01  -8.6852810e+01
   2.9490761e+01  -5.6402541e+01
   6.3407928e+01  -7.4924455e+01
   1.2679434e+01  -7.0535739e+01
  -8.8930296e+01   6.2081797e+01
