   5.8371581e+01  -1.1677527e+01
  -4.2287292e+01   6.6994195e+01
  -9.9780200e+01   5.7993365e+00
  -8.3435131e+01   8.1305486e+01
   3.5853307e+00  -8.3820919e+01
   5.8696783e+01  -9.3312622e+01
   5.8118467e+01  -5.0906322e+01
  -1.2274320e+01  -6.7471270e+01
   8.1796092e+01  -6.6481073e+01
  -9.9464319e+01  -1.2762236e+01
  -3.9739880e+01   3.9456931e+01
   5.0276367e+01  -3.2861873e+01
  -8.9553779e+01   2.2511540e+01
  -5.6797176e+01   5.2517476e+01
  -4.7430575e+01  -1.7149883e+01
  -7.2347537e+01  -1.0750687e+00
  -7.9510731e+01   3.6646325e+01
  -3.8650982e+01   2.1628396e+01
   3.9395984e+01  -8.0031876e+01
   2.3168690e+01  -2.0390031e+01
   4.2682104e+00  -1.7201168e+01
   3.0954782e+01  -4.1527128e+01
   9.1990568e+00  -3.7506899e+01
   7.7027098e+01  -4.8751114e+01
   1.4845395e+01  -6.7949381e+01
   3.3565111e+01  -7.2563415e+01
   5.0828694e+00  -6.7047550e+01
   4.2009839e+01  -5.6091980e+01
  -2.2983508e+01   6.2733167e+01
  -9.8333807e+01   5.3750057e+01
  -8.4808710e+01  -2.3745628e+01
  -4.3635099e+01  -7.9371527e+00
  -1.3068964e+01   2.8867987e+01
  -6.1467844e+01   7.9577583e+01
  -8.6533132e+01   6.1130599e+01
  -6.1805567e+01   4.9338321e+00
   8.0966475e+01  -2.2513869e+01
  -4.8641185e+01   1.8520487e+01
  -7.0528889e+01   2.8240935e+01
   3.8393370e+01  -4.1139231e+00
  -1.3647418e+01  -5.3563745e+01
   1.9348701e+01  -4.5444289e+01
  -9.6566451e+00  -3.4478696e+01
   3.1670358e+01  -8.5812055e+01
   6.1343917e+01  -8.3854356e+01
  -5.0585817e+01   6.0848936e+01
  -4.2540804e+01   7.6950113e+01
  -1.6923615e+01   4.3732727e+01
  -8.0173994e+01   5.1459860e+00
  -6.2678561e+01  -2.9699054e+01
  -2.9791331e+01   3.9701217e+01
  -8.5892310e+01   9.0998900e+01
  -7.8901148e+01  -1.5677338e+01
  -4.3820904e+01   2.0014602e+00
  -2.4728935e+01   9.3032841e-01
   7.0867898e+01  -2.6170083e+01
  -9.6201182e+01   6.3512379e+01
  -5.1598840e+01   8.1173835e+01
  -9.9079979e+01   3.5766578e+01
  -4.9615783e+01   4.0553575e+01
  -7.0344206e+01   4.0636347e+01
   4.0304931e+01  -2.8538041e+01
  -6.0422404e+01   4.3282465e+01
   2.4058386e+01  -6.1269709e+00
   1.6163856e-01  -3.3286568e+01
   1.4106450e+01  -6.0371876e+00
  -1.8754259e+01  -3.8554029e+01
   1.5651562e+01  -7.7970807e+01
   4.8249844e+01  -9.6564635e+01
   9.2246174e+01  -6.1222898e+01
   1.5065274e+01  -9.7630497e+01
   6.3071218e+01  -6.2779833e+01
   5.3089467e+01  -8.0329954e+01
   4.9484515e+00  -5.7179030e+01
  -1.0541297e+01  -7.7319474e+01
  -2.5416644e+01   7.2424468e+01
  -5.1345102e+01   7.1187544e+01
  -2.1167100e+01   3.4702475e+01
  -4.0416389e+01   5.7226529e+01
  -3.1188164e+01   5.1913682e+01
  -6.2848529e+01  -1.9154843e+01
  -2.5250639e+01   2.5598272e+01
   7.4563082e+01  -3.8900680e+01
   7.7793390e+01  -1.3292507e+01
  -9.6511639e+01   1.5344247e+01
  -9.9028429e+01   2.5778590e+01
  -7.7783828e+01   1.7081902e+01
  -8.0400361e+01   2.6702866e+01
  -3.2546677e+01   7.1359338e+00
   6.0435163e+01  -2.1942862e+01
  -3.7513565e+01  -1.5820133e+01
  -5.5952710e+01  -1.1931924e+01
  -9.1404625e+01  -3.1261743e+01
  -7.9635030e+01   6.8184860e+01
  -8.6819685e+01   1.2921150e+01
  -5.1708051e+01   9.1165744e+01
   7.8503669e+01  -9.4925180e+01
  -7.4239124e+01   9.4220845e+01
   6.8638230e+01  -8.9502083e+01
  -4.1417332e+01   1.1682451e+01
  -9.1272905e+01   4.1956641e+01
  -5.6812899e+01   2.4181131e+01
   1.0296186e+01  -4.8934136e+01
   5.6149181e+01  -4.0955545e+01
   3.0679201e+01  -3.1299512e+01
  -7.7165020e+01   5.6235245e+01
   1.7082175e+01  -2.8201781e+01
   4.8632633e+01  -9.4508435e+00
  -8.8571710e+01   3.2413113e+01
   3.2165462e+01  -1.1866525e+01
  -9.0052204e+01   3.4897740e+00
   7.3971477e+00  -2.6570026e+01
  -7.9862893e+01   4.6621157e+01
  -6.7975403e+01   1.8605731e+01
  -4.8022167e+00  -3.0689493e+00
  -6.0728444e+00  -2.4156422e+01
  -6.9716613e+01   8.5325836e+01
  -9.3384158e+01   8.2314078e+01
   1.4085122e+00  -4.3805161e+01
  -9.6879051e+00  -4.4410466e+01
  -3.7398750e+00  -5.2376283e+01
  -8.8597616e+01   5.1471779e+01
  -2.5481535e+01  -4.8108275e+01
  -6.7555163e+01   5.0233584e+01
  -4.7195424e+01   5.0112042e+01
   8.3495824e+01  -4.1076644e+01
   6.8238707e+01  -5.3768905e+01
   2.4169062e+01  -7.0575930e+01
   2.8173717e+01  -6.1785677e+01
   5.2923285e+00  -9.4147754e+01
   8.6525488e+01  -5.2186667e+01
  -8.8035467e-01  -7.4926934e+01
  -3.6961282e+00  -6.2358420e+01
  -6.0862034e+00  -8.6293659e+01
   1.2790304e+01  -8.7557787e+01
  -5.3527050e+01  -2.2592746e+00
  -3.2876224e+01   6.3632846e+01
   6.8043615e+01  -1.5459619e+01
  -8.8078989e+00   3.7908300e+01
  -2.0064762e+01   5.3196979e+01
   8.3228773e+01  -3.1719530e+01
  -4.2570639e+01   8.6928400e+01
  -7.2027710e+01  -2.6159954e+01
  -4.4569359e+01   3.0502712e+01
  -3.4202657e+01   3.0584498e+01
   5.8967591e+01  -1.6762866e+00
  -2.9911285e+01   1.6771160e+01
  -9.4630219e+01   9.5861918e+01
  -5.4106544e+01  -2.4569236e+01
  -3.4975094e+01  -2.5642790e+00
  -1.3025776e+01   6.2302840e+01
  -6.3146003e+01  -4.9811484e+00
  -7.0943133e+01   8.9963099e+00
  -8.1093772e+01  -5.9209498e+00
  -2.7976171e+01  -1.8798665e+01
   4.8457816e+01  -4.9201102e+01
  -8.9437966e+01  -1.2831302e+01
  -4.2774438e+01  -2.5985877e+01
   6.5883177e+01  -3.4888239e+01
  -8.9176157e+01   7.1161532e+01
   6.9014384e+01  -9.9132719e+01
  -6.1687463e+01   9.1205494e+01
   6.5470191e+01  -7.5382226e+01
  -9.4546143e+01  -2.1469211e+01
  -7.4543389e+01   7.6666440e+01
   4.6022653e+01  -8.7027667e+01
   2.2522012e+01  -8.9272704e+01
   4.1902400e+01  -3.8395592e+01
   3.3023378e+01  -2.1726659e+01
  -7.9827380e+01  -3.2416780e+01
  -5.1987374e+01   7.5815477e+00
   7.1247736e+01  -6.8294110e+01
   4.1237697e+01  -1.6132743e+01
   2.8280175e+01  -9.7427563e+01
   3.8242192e+01  -9.6689045e+01
   2.2362458e+01  -3.6411578e+01
   4.6023821e+01   2.3047967e+00
   2.0162707e+01   3.0611990e+00
   1.5709488e+01  -5.8011514e+01
   2.4666300e+01  -5.3171890e+01
  -5.8962116e+01   1.4529795e+01
   4.2255430e+00  -7.2829600e+00
  -5.2077704e+00  -1.4099285e+01
   8.0532628e+00   1.9249837e+00
  -9.9446645e+01   7.2953707e+01
   1.4192580e+01  -1.6033623e+01
   5.0478795e+01  -2.2864085e+01
   5.0937614e+01  -6.0779414e+01
  -5.6999300e+01   3.4003207e+01
  -1.6305158e+01  -2.7089055e+01
  -2.2714826e+01  -5.7720840e+01
  -2.8790340e+01  -3.8671935e+01
   3.7469548e+01  -6.4066049e+01
   4.6675044e+01  -7.3630145e+01
   9.1614544e+01  -4.5106115e+01
   8.2821391e+01  -5.8930278e+01
   7.4243903e+01  -6.0204252e+01
