  -9.2101060e+01   2.3205460e+01
  -4.9216428e+01   7.3419367e+01
  -1.0094350e+01  -4.2568514e+01
  -1.4613624e+01   7.0751233e+01
   4.3392641e+01   8.0879228e+01
   4.9305750e+01   4.4200277e+01
  -3.3051951e+00   7.8105080e+01
  -1.1241104e+01   6.1442991e+01
  -1.9189593e+01  -3.0269339e+00
   3.6023309e+01   5.1721937e-02
  -3.1683914e+01  -5.2208666e+01
   6.5124006e+01  -4.6650542e+00
   1.5536548e+01  -6.4882984e+01
   8.9045013e+01   1.5701739e+01
   1.4277409e+01   3.2341600e+01
  -1.6931212e+01   3.8497114e+01
  -6.9912118e+01   1.2445011e+01
  -7.4753632e+01   5.3647128e+01
   8.2966999e+01  -4.8745994e+01
   8.3437619e+01  -6.2965296e+01
   4.8540805e+01   1.4455672e+01
   1.4689198e+01  -1.1517158e+01
   2.3233548e+01  -5.8525337e+01
  -7.5283519e+00  -7.8538201e+01
   2.3452472e+01  -7.0991172e+01
  -5.3185947e+01  -5.8818292e+01
   4.4306576e+01  -1.0411140e+01
  -2.3376661e+01   4.5873501e+01
  -8.0333208e+01   3.8235736e+01
  -9.0621298e+01   9.7557542e+00
   2.7111214e+01  -1.9799317e+01
  -8.1030374e+01  -2.8324129e+01
   4.9959909e+01  -4.8328540e+01
  -2.9731132e+00  -1.4056316e+01
   1.4185811e+01  -3.3360911e+01
  -8.9377969e+01   5.6140064e+01
  -2.6156967e+01   4.0551618e+00
   7.6387349e+01  -4.3230470e+01
   2.8150232e+01  -8.1000469e+01
  -4.8853771e+01   1.6311630e+01
  -6.0622634e+01  -8.9069220e+00
  -7.8167829e+01  -9.1860458e+01
   8.0443025e+01   2.1022237e+01
   3.4672632e+01   5.5185567e+01
   9.3944327e+01  -7.2377796e+00
  -3.5160499e+01   2.7313948e+01
   1.0288216e+01   1.2361442e+01
  -3.3374686e+01   7.6732779e+01
   1.9978112e+01   4.0610664e+01
  -5.0290993e+01   8.6828968e+01
   5.3869507e+01  -2.9614751e+01
  -6.0191487e+00   5.3072475e+01
  -5.5774123e+01  -3.1668271e+01
  -3.7393446e+01  -2.4846344e+01
  -7.7591759e+01  -1.6403413e+01
   2.6193111e+01   8.8787523e+01
   5.9557817e+00   6.8502418e+01
  -5.2780201e+01   4.3653067e+01
  -6.8181532e+01  -4.5741746e+01
   6.0061880e+01  -8.7571874e+01
   2.9955215e+01   2.2117894e+01
   2.4448854e+01  -1.0189271e+01
   5.0719243e+01  -1.8070480e+01
  -8.4413424e+01  -6.4198028e+01
   8.3014427e+01  -3.5816942e+01
   1.1180634e+01  -4.2781929e+01
  -5.8002383e+00  -3.3230486e+01
  -2.1843942e+00  -2.3715343e+01
  -5.8047453e+01  -7.2272179e+01
  -3.9112757e+01  -5.8793135e+01
  -8.5331528e+01   8.8109978e+01
  -1.2458619e+01  -8.7204041e+01
  -5.8998772e+01  -9.4581940e+01
   2.3316823e+00  -7.9969259e+01
   1.0299858e+01  -9.7543687e+01
  -2.6317657e+00  -9.2810954e+01
   9.3304869e+01   6.5998173e+00
   9.0593492e+01   3.5613211e+01
   8.5989769e+01  -1.1937147e+00
   4.0829596e+00   2.9986205e+01
   1.0536936e+01   2.2355457e+01
  -6.2146974e+01  -6.3237868e+01
   2.9830518e+01   4.1934209e+01
   5.6826710e+01   2.0087937e+01
  -4.3645054e+01   7.7671530e+00
  -6.0204664e+01   8.7948642e+01
   9.6299086e+01  -9.5999748e+01
  -6.7700476e+01  -1.5737347e+01
  -5.2544992e+01   3.3671992e+01
  -7.1498546e+01   3.3901710e+01
  -2.6534748e+01   5.5083189e+01
  -7.3859469e+00   3.3735569e+01
  -4.3508512e+01  -1.7397073e+01
  -3.9515343e+01   3.6154110e+01
  -2.1236140e+01  -2.2819853e+01
  -5.2114331e+01  -2.2202227e+01
   1.4909649e+01   8.3924433e+01
  -9.8585097e+01   1.5790383e+01
   4.0408873e+01  -4.5588303e+01
   4.9055369e+01  -3.8373588e+01
   6.9028527e+01   4.8755959e+01
  -7.4773756e+01  -3.8242613e+01
   4.7883511e+01   3.4345020e+01
   2.4096987e+01   6.9263738e+01
  -7.2556506e+01   4.3918987e+01
   7.2661456e+01  -2.2299564e+01
   7.3762108e+01  -3.2191415e+01
  -9.8772002e+01   6.8005399e+01
  -8.9634763e+01  -6.8978806e+00
  -5.5733557e+01   5.3204872e+01
   1.3219130e+00   5.9707071e+01
   7.6073563e+01  -2.2851911e+00
  -3.2651124e+01   6.2873875e+01
  -8.9087447e+01  -5.5193041e+01
  -2.8422600e+00  -4.4283764e+00
   7.4178499e+01  -6.3025084e+01
   5.2111776e+01  -8.0515526e+01
   1.8448760e+01   6.6007911e+00
   5.8199172e+00  -7.5577051e+00
   4.2155787e+01  -8.0588165e+01
  -1.9219686e+00  -5.5141984e+01
  -1.1332470e+01  -9.7995784e+01
  -5.3593702e+01  -2.0837561e+00
  -2.6616807e+01  -6.0790247e+01
   1.7318478e+01  -5.0578747e+01
  -6.7138786e+01   2.2000539e+01
  -3.8826635e+01  -9.6869339e+01
  -4.9029394e+01  -9.6941019e+01
  -6.2644063e+01  -8.1515244e+01
  -2.5874124e+01  -7.3251585e+01
  -5.2052541e+01  -8.7459642e+01
  -4.9930216e+01  -7.7825115e+01
   8.9294342e+01   2.5698224e+01
   2.3795503e+01   4.9813340e+01
   6.1292275e+01   2.8968455e+01
   5.6894391e+01  -1.0269075e+01
   6.8329291e+01   2.1570742e+01
   3.9416771e+01   4.6456098e+01
  -4.6113781e+01  -6.5881505e+01
  -6.8634776e+01  -5.5697771e+01
   1.3873844e+01   5.0497803e+01
  -2.9313584e+01   1.8351008e+01
  -3.6006568e+01   4.1518482e-01
  -3.1731161e+01   8.6589458e+01
  -2.4438344e+01   7.2462533e+01
  -1.2937133e+01   8.0479198e+01
  -9.6557854e+01  -2.2164262e+01
  -6.9880723e+01  -6.0592822e+00
   4.1998918e+01  -9.5382718e+01
  -6.6167222e+01  -3.3047860e+01
  -1.6606200e+01   5.3103493e+01
  -7.9390501e+01   1.0303010e+01
  -4.0929786e+01   9.0466673e+01
   5.9075312e+01   4.7829022e+01
   3.4359401e+01  -9.7740228e+00
   3.9848477e+01  -3.4628628e+01
   3.6185390e+01   8.8529343e+01
  -8.3212647e+00   9.7379591e+01
  -2.0012426e+01  -4.3137479e+01
  -2.5287711e+01  -3.1839562e+01
  -1.1775181e+01  -2.5218394e+01
  -6.7596719e+01   7.9773278e+01
   5.8024894e+01  -4.2598935e+01
   1.6630976e+01  -2.1246925e+01
   4.1553194e+01   6.2415885e+01
   4.6258544e+01   5.3672416e+01
  -7.9723490e+01  -6.6699061e+00
  -2.5269655e+01   2.7079669e+01
   2.6037655e+01  -3.4101994e-01
  -4.2473182e+01   8.0653510e+01
  -7.7169782e+01   8.2417136e+01
   6.7467351e+01  -3.9908784e+01
  -7.8991011e+01  -5.5815187e+01
  -9.9527299e+01   9.6737504e+01
  -7.0068276e+01   8.9474932e+01
   4.4469792e+01   5.3539385e+00
   1.4871988e+01   7.2903490e+01
   5.4925327e+01   6.7680539e+00
  -8.8937401e+01   6.6224447e+01
  -8.5428628e+01  -3.7237099e+01
  -4.0138128e+01   6.9382062e+01
  -7.7832706e+01  -7.3408748e+01
   1.1086009e+01   9.3121807e+01
  -9.9330126e+01   5.8024411e+01
  -9.4277967e+01  -6.6865222e+01
   2.0293099e+01   2.4477822e+01
   9.7348074e+01  -2.0351316e+01
   9.9561034e+01  -4.3050152e+01
   9.4986639e-01   1.5854587e+01
  -8.4650820e+01   1.9312393e+00
   2.3243954e+01   1.5018672e+01
   8.6325781e+00  -8.7700266e+01
   3.6629339e+00  -3.6283207e+01
   6.9551536e+00  -2.6949292e+01
   6.9521521e+01  -9.0724629e+01
   3.1127966e+01  -6.4520386e+01
   6.4872868e+01  -5.9897972e+01
  -8.2183617e+01   2.0709788e+01
   1.0125430e+01   4.1346964e+01
   3.6350068e+01  -5.4718224e+01
   4.1007001e+01  -6.5808246e+01
   2.7740381e+01  -4.9603200e+01
   6.0140743e+00  -6.1852821e+01
   5.7649286e+01  -7.2289219e+01
   3.4950191e+01  -7.3712350e+01
  -7.4282132e+01   2.5076128e+00
   5.0572766e+01  -9.0366843e+01
  -4.0762088e+01  -7.4350088e+01
   9.2655097e+01  -3.3267131e+01
   7.4103351e+01  -5.3144478e+01
   6.4697462e+01  -4.9960189e+01
  -5.2167521e-01  -4.5291634e+01
  -1.1649855e+01  -5.7030014e+01
  -9.3734714e+01  -3.1741297e+01
  -2.1659743e+01  -1.2924648e+01
  -2.8314164e+01  -5.6242874e+00
  -7.4068930e+01  -8.2671330e+01
  -2.9745482e+01  -9.0470711e+01
  -6.8231699e+01  -9.0782404e+01
   6.4750648e+00  -1.7223513e+01
  -2.2182283e+01  -8.2543590e+01
   8.2472987e+01   8.1655428e+00
   6.8869090e+01   4.5603669e+00
   9.4929563e+01   4.4624093e+01
   9.8591100e+01   2.1971221e+01
  -8.4667188e+00   4.3574559e+01
   5.5407001e-01   3.9379279e+01
   5.7156429e+01   3.8034000e+01
   2.3639053e+01   7.9167252e+01
   2.5722709e+01   5.9523323e+01
   6.3480824e+01   1.2835766e+01
   7.3856587e+01   1.3238309e+01
  -2.6768402e+01   3.6663839e+01
  -3.3184388e+01   4.4133777e+01
   2.5998301e+01   3.2672766e+01
  -5.9328667e+01  -5.0934817e+01
  -4.3007445e+01   4.5371306e+01
  -1.5163571e+01   9.0121589e+01
  -5.9435036e+01  -4.0944259e+01
  -3.9254669e+01   1.8351315e+01
  -2.2738068e+01   8.2283380e+01
  -9.4728139e+01   1.5935725e+00
   8.6630413e+01  -9.3454027e+01
   7.7286615e+01  -9.6999886e+01
  -9.9611495e+01  -6.9467724e+00
   3.7081651e+01  -1.9364527e+01
   6.5510202e+01   5.8109816e+01
  -8.2820159e+01   4.7820780e+01
  -8.9766619e+01   3.6439587e+01
  -8.0335540e+01   2.8747417e+01
  -6.5058091e+01   5.0096498e+01
  -7.1769981e+01  -2.4782340e+01
  -6.1882261e+01  -2.3793209e+01
   3.0921050e+00   4.9004416e+01
  -6.2203204e+01   3.0668779e+01
  -3.9847773e+00   6.8181873e+01
   1.1287940e+01   6.0083124e+01
  -5.1369407e+01  -1.1780097e+01
  -3.6362724e+01  -1.0830519e+01
  -1.8088040e+01   9.9635541e+01
   3.8198623e+01   3.6645593e+01
   3.0288865e+01   9.7889221e+01
  -2.1011533e+01   6.3173825e+01
  -3.7504929e+01   9.9829728e+01
  -1.5719972e+01   2.8807280e+01
  -6.7947223e+01  -7.2334764e+01
  -8.6789559e+01  -2.0180395e+01
   3.3607803e+01   7.8880897e+01
  -6.2245351e+01   4.0582109e+01
  -4.6006916e+01   5.4733642e+01
  -5.4986399e+01   2.4003256e+01
   2.3053326e+01  -2.8895608e+01
  -5.7800076e+01   7.8282279e+01
  -3.4865927e+01  -3.4123317e+01
   6.3846030e+01  -1.7455579e+01
   7.2642930e+01  -1.2324123e+01
   4.4599849e+01  -2.5907473e+01
   6.3800024e+01  -3.0671058e+01
   3.4036753e+01   6.8917962e+01
  -6.2176409e+01   9.7731849e+01
  -8.6456851e+01   7.7815401e+01
  -8.6630159e+01   9.8009350e+01
  -4.5926401e+01  -3.0037245e+01
   4.6136643e+01   7.1273884e+01
   2.2111149e+01  -3.9147644e+01
   3.1876004e+01  -4.0517923e+01
  -7.3775779e+01  -6.4271610e+01
  -9.5300389e+01   8.7684371e+01
  -7.8012007e+01   7.2459446e+01
  -8.0961996e+01  -4.6094167e+01
   3.8508071e+01   2.6814653e+01
  -4.3317376e+00   8.8034196e+01
  -4.8725288e+01   9.6699982e+01
  -3.6264416e+01   5.3558139e+01
   8.6516682e+01  -2.5034408e+01
  -9.1375010e+01  -4.5458203e+01
  -1.5679042e+01  -3.4289814e+01
  -1.1512206e+00   6.1005119e+00
  -2.0683091e+01  -5.2954266e+01
   6.6052522e+00   7.8451547e+01
   4.8008624e+01   2.4408296e+01
   5.0519067e+01  -2.5863667e+00
  -5.0118599e+01   6.3616611e+01
   8.7775816e+01  -1.5113996e+01
  -4.5365707e+01   2.6680894e+01
  -4.1789443e+00   2.4363746e+01
  -9.8771521e+01  -5.7939942e+01
   3.0928994e+01   8.6377801e+00
   8.9897339e+01  -4.2934032e+01
   6.5056379e+01  -7.9151705e+01
   2.0338049e+01   9.6877608e+01
  -2.9988542e+01  -1.8353289e+01
   1.5728061e+00   9.6097295e+01
   5.5573944e+01   5.7190126e+01
   9.8910729e+00  -7.3447042e+01
   5.8600825e+01  -9.7386808e+01
  -2.7194512e+01   9.5496605e+01
  -1.2137113e+01  -1.0221819e+01
   6.7154711e+01  -6.9611919e+01
  -8.7746394e+01  -7.4418426e+01
  -9.7028512e+01   7.7844984e+01
   1.3373432e+01  -1.6136409e+00
  -7.9751459e+01   6.2298271e+01
   7.4599232e+00  -5.1979044e+01
  -3.3926933e+01  -6.7326464e+01
   2.6661589e+01  -9.2789110e+01
   1.6220354e+01  -8.1194395e+01
   4.6692298e+01  -5.7681959e+01
   5.5330337e+01  -6.2609253e+01
  -4.2030554e+01  -8.7396490e+01
  -5.3524789e+01   7.6671127e+00
  -4.4213868e+01  -4.9284533e+00
  -6.3137681e+01   5.1834797e+00
  -5.9817302e+01   1.5276179e+01
  -2.0230478e+01  -9.3456932e+01
  -3.4051463e+01   9.9489919e+00
   9.4727661e+01  -8.6150232e+01
  -2.9856154e+01  -4.2518565e+01
  -7.5331440e+01   9.7970043e+01
   3.5375119e+01  -8.7907406e+01
   9.6293360e+01  -7.6379109e+01
  -1.3234771e+01  -7.0355801e+01
  -9.2709919e+01   4.6521687e+01
   9.8817351e+01  -6.4438175e+01
  -5.0968027e+00  -6.4578510e+01
   9.0118306e+01  -6.9026203e+01
  -1.0412725e+01   2.2273827e-01
  -9.7734998e+01   3.0837295e+01
   8.5736414e+01  -5.5461688e+01
  -8.6313179e+01   1.5853452e+01
