   5.7672842e+01  -1.1139100e+01
   4.3707668e+01  -5.0992875e+01
  -4.0935387e+01   6.5744848e+01
  -9.7764533e+01   5.7764624e+00
  -8.1828595e+01   7.8709355e+01
  -4.4209561e+01   4.2945582e+00
   5.4592168e+00  -8.1231897e+01
   5.7920550e+01  -9.1535211e+01
   5.3667124e+01  -5.0572931e+01
  -4.8160150e+00  -6.4311602e+01
   7.7433321e+01  -6.5230708e+01
  -3.3421040e+01   4.3154519e+01
  -9.0100305e+01  -1.4451784e+01
  -4.1280132e+01   3.6747454e+01
   4.8556260e+01  -3.2437799e+01
   3.6846750e+01  -8.6747382e+01
  -8.7887760e+01   2.5003576e+01
  -5.1679907e+01   5.0358897e+01
  -5.9070215e+01   3.8049776e+01
  -9.8787172e+01   8.7398670e+01
  -4.8944894e+01  -1.9136237e+01
  -6.3073058e+01  -5.1498535e-01
  -7.6242969e+01   3.5893998e+01
  -3.6763083e+01   2.0350047e+01
   4.5820128e+01  -8.1850775e+01
   2.9089388e+01  -9.5524515e+01
   2.5753081e+01  -2.0200448e+01
   6.2838364e+00  -1.6728355e+01
   3.3492125e+01  -4.0290004e+01
   2.3538491e+01  -3.9862313e+01
   8.5500111e+00  -3.7620396e+01
   8.0630467e+01  -4.7004950e+01
   2.1494569e+01  -6.5919339e+01
   3.1334737e+01  -6.7547397e+01
   3.4313242e+00  -6.9827386e+01
   4.8012146e+01  -7.0753449e+01
   4.0662089e+01  -6.3979207e+01
  -2.2627877e+01   5.6232332e+01
  -9.5730107e+01   5.5553748e+01
  -7.2511380e+01  -4.5577510e+00
  -8.1114993e+01  -2.5095455e+01
  -4.2896991e+01  -5.5890909e+00
  -1.6829468e+01   2.8881265e+01
  -6.3073331e+01   7.9855090e+01
  -8.2496330e+01   6.1015333e+01
  -6.9002034e+01   8.1916961e+00
   7.9277381e+01  -2.6618302e+01
  -5.3936072e+01   1.7717961e+01
  -6.8112723e+01   2.5697082e+01
   3.9862175e+01  -6.7559805e+00
   3.7257099e+01  -1.9304024e+01
   1.6318849e+01  -1.6884546e+01
  -1.5468176e+01  -5.2405718e+01
   2.0423054e+01  -4.9332108e+01
   7.1525701e+01  -5.7180610e+01
  -8.1298356e+00  -3.5185844e+01
   2.1964332e+01  -8.8595009e+01
   2.7665537e+01  -5.8127308e+01
   6.4852600e+01  -7.8144205e+01
   1.3219424e+01  -7.1381250e+01
  -5.8243689e+01   8.4087920e+00
  -5.0926396e+01   5.9870719e+01
  -4.3259109e+01   4.6127135e+01
  -4.3656067e+01   7.6763674e+01
  -2.2114722e+01   4.6256467e+01
  -7.7948900e+01   3.8132368e+00
  -6.6578211e+01  -2.5203452e+01
  -3.2520456e+01   3.2339305e+01
  -8.9113213e+01   9.1835942e+01
  -8.0356530e+01  -1.0752467e+01
  -5.3102082e+01  -1.5303911e-01
  -8.8263749e+01  -4.6437410e+00
  -3.4280476e+01   4.7596754e+00
  -7.3792164e+01  -1.8285940e+01
   6.9466910e+01  -2.8555636e+01
  -9.6371155e+01   7.2846349e+01
  -9.1390925e+01   6.4433562e+01
  -4.3515726e+01   2.7168351e+01
   5.9667704e+01  -3.0547950e+01
   6.1558807e+01  -5.6662154e+01
  -5.3187386e+01   7.9645861e+01
  -6.4427281e+01  -1.0422173e+01
   4.3444176e+01  -4.1005798e+01
   6.4091039e+01  -4.2064652e+01
  -9.7218387e+01   3.6414118e+01
  -5.0659956e+01   3.3589345e+01
  -6.8465261e+01   4.1428979e+01
   3.3781760e+01  -7.7234566e+01
   2.3909847e+01  -7.5623953e+01
   3.8446487e+01  -2.9227069e+01
  -6.0203588e+01   4.7298626e+01
   3.3765752e+01  -5.0265016e+01
   4.6633843e+01  -2.2686347e+01
   2.3302987e+01  -5.2080880e+00
   6.2360057e-01  -3.0524234e+01
   1.2693583e+01  -7.5648159e+00
   5.1338322e+01  -6.1122346e+01
  -1.7075046e+01  -3.9925208e+01
   1.5448553e+01  -8.1074566e+01
   4.6061243e+01  -9.0388513e+01
   5.8032170e+01  -6.8550876e+01
   8.2759626e+01  -5.6773549e+01
   1.2359631e+01  -9.1398371e+01
   6.8033591e+01  -6.8666095e+01
   5.4882040e+01  -7.8027045e+01
   4.8860190e+00  -5.9776493e+01
  -3.6377033e+00  -7.6872205e+01
  -3.1117247e+01   6.3393815e+01
  -5.0524509e+01   6.9607647e+01
  -2.3428982e+01   3.6368094e+01
  -4.1714576e+01   5.5854088e+01
  -3.2112587e+01   5.3067454e+01
  -5.8935035e+01  -1.8773541e+01
  -2.5984454e+01   2.4874929e+01
   7.3149033e+01  -3.7852506e+01
   7.1770801e+01  -1.8824956e+01
  -9.3886546e+01   1.7209562e+01
  -9.7761815e+01   2.6465161e+01
  -7.4495296e+01   1.7183578e+01
  -7.8077417e+01   2.6369873e+01
  -2.9850495e+01   1.3577409e+01
   5.6491255e+01  -2.1067776e+01
  -3.9806967e+01  -1.5081495e+01
  -5.4034302e+01  -1.0078819e+01
  -9.9795291e+01  -1.6890680e+01
  -9.1090604e+01  -2.4389999e+01
  -7.9082663e+01   6.9636748e+01
  -8.4159872e+01   1.4617595e+01
  -5.8289642e+01   8.8619720e+01
   7.4411321e+01  -9.4804278e+01
  -6.8050254e+01   9.0745549e+01
   6.7219351e+01  -8.7857597e+01
  -4.4624936e+01   1.4229727e+01
  -8.9586049e+01   4.3365665e+01
  -5.8152321e+01   2.6769991e+01
   1.5423546e+01  -5.7975561e+01
   5.4218359e+01  -4.0620647e+01
   3.8546196e+01  -9.8378072e+01
   2.8652981e+01  -3.1246906e+01
  -7.6247909e+01   5.4401792e+01
   1.7488267e+01  -3.1986256e+01
   4.7820023e+01  -1.2789118e+01
  -8.5888225e+01   3.4508074e+01
   3.1059586e+01  -1.1492248e+01
  -8.7798744e+01   5.3209463e+00
   9.5030238e+00  -2.6121756e+01
  -7.9476219e+01   4.5169070e+01
  -6.3833344e+01   1.6696546e+01
   2.5221768e+00  -7.5041910e+00
  -3.6662327e+00  -2.1493568e+01
  -7.2669946e+01   8.1973401e+01
  -9.1132278e+01   8.1239166e+01
  -9.9032976e+01   4.6205104e+01
   1.1048901e+00  -4.4165322e+01
  -8.7044763e+00  -4.5106652e+01
  -5.5010846e+00  -5.4438314e+01
  -8.6335348e+01   5.2339036e+01
  -2.5802968e+01  -4.4671538e+01
  -6.8219032e+01   5.0775345e+01
   4.8417625e+01  -9.7475700e+01
