   3.7095965e+01   1.1599371e+01
   2.3599097e+01  -1.3309446e+01
  -2.5816888e+01  -1.7957587e+01
   4.0682708e+00   2.7284818e+01
   3.7336977e+00  -2.9677601e+01
  -2.1822311e+00   6.2151232e+00
  -6.5577220e+00  -2.8154957e+00
   3.9151559e+00  -1.9679794e+01
  -1.3242349e+01  -1.8678818e+01
   2.3511006e+01  -3.3099962e+00
   3.5809872e+00  -1.9512203e+00
   2.0519584e+01   3.4074195e+01
   1.4920533e+01  -1.8277011e+01
  -1.9084678e+01  -1.0563252e+01
  -4.9613019e+00  -2.4284079e+01
  -3.5564174e+01   4.1317201e+00
   2.1402462e+01   1.8351913e+01
   1.3578107e+01  -2.1575506e+00
   1.6834902e-01   1.8076639e+01
   1.0715640e+01   1.7029563e+01
  -6.0005157e+00   2.6000387e+01
   1.3622569e+01  -2.8191647e+01
   2.3312567e+01  -2.3713256e+01
  -2.4296709e+00  -1.1923682e+01
  -6.6656864e+00  -3.4137561e+01
   2.1790093e+00  -3.9555708e+01
   8.3674266e+00  -1.0726842e+01
  -1.5270448e+01  -2.8470967e+01
  -2.5651039e+01   2.8165162e+00
  -2.8520461e+01  -7.2520085e+00
  -1.6379546e+01  -9.3631478e-01
   2.7213133e+01   1.0077461e+01
   1.7717741e+01   6.9451773e+00
   7.7341900e+00   7.4848853e+00
  -1.9450176e+00   3.5274831e+01
   3.2296552e+01   1.4659212e+00
  -1.2864231e+01   3.3272898e+01
   1.4034390e+01   2.6462434e+01
