   1.2590000e+03
   1.2310000e+03
   1.2290000e+03
   1.3190000e+03
   1.3350000e+03
   1.2350000e+03
   1.2690000e+03
   1.2670000e+03
   1.2410000e+03
   1.2430000e+03
   1.3290000e+03
   1.3130000e+03
   1.2910000e+03
   1.2810000e+03
   1.2830000e+03
   1.2450000e+03
   1.2390000e+03
   1.3050000e+03
   1.3070000e+03
   1.3110000e+03
   1.3170000e+03
   1.3330000e+03
   1.3210000e+03
   1.2990000e+03
   1.3010000e+03
   1.2260000e+03
   1.2950000e+03
   1.2790000e+03
   1.2770000e+03
   1.2870000e+03
   1.2850000e+03
   1.2380000e+03
   1.2890000e+03
   1.2930000e+03
   1.3370000e+03
   1.3030000e+03
   1.3090000e+03
   1.3270000e+03
   1.3150000e+03
   1.3230000e+03
   1.2580000e+03
   1.2600000e+03
   1.3310000e+03
   1.2680000e+03
   1.3390000e+03
   1.3410000e+03
   1.2780000e+03
   1.2800000e+03
   1.2820000e+03
   1.2840000e+03
   1.2860000e+03
   1.2880000e+03
   1.2920000e+03
   1.2940000e+03
   1.2960000e+03
   1.2980000e+03
   1.3000000e+03
   1.3020000e+03
   1.3040000e+03
   1.3060000e+03
   1.3080000e+03
   1.3100000e+03
   1.3120000e+03
   1.3140000e+03
   1.3160000e+03
   1.3180000e+03
   1.3200000e+03
   1.3220000e+03
   1.3260000e+03
   1.3280000e+03
   1.3300000e+03
   1.3320000e+03
   1.3340000e+03
   1.3360000e+03
   1.3380000e+03
   1.3400000e+03
