  -7.1687241e+01   2.7258670e+01
   2.7266092e+01  -4.4501750e+01
  -9.7959468e+01   3.0847348e+01
   3.6465700e+01  -6.8225716e+01
  -8.0190710e+01   7.5307331e+01
   5.4045996e+01  -4.0723983e+01
   4.2164439e+01  -5.6837015e+01
  -9.9324965e+01   4.5907043e+01
  -7.4683848e+01   1.8031982e+01
  -8.1328090e+01   3.7293944e+01
  -9.2786075e+01   2.1593011e+01
   2.7325528e+01  -6.4168961e+01
   5.1315633e+01  -6.3215252e+01
  -9.6121696e+01   6.8734751e+01
  -5.9603977e+01   4.1730622e+01
  -5.5720273e+01   2.6017107e+01
  -6.6230156e+01   4.9914344e+01
  -9.0772383e+01   5.5233391e+01
  -8.3565351e+01   2.1342481e+01
   3.5584143e+01  -7.9033389e+01
   1.7837408e+01  -4.1170096e+01
   3.7261006e+01  -4.4902077e+01
   2.9112203e+01  -5.4329866e+01
   4.5297919e+01  -7.2915268e+01
  -5.5868481e+01   5.3158623e+01
  -8.1479345e+01   1.1497624e+01
  -8.5917496e+01   4.6525224e+01
  -8.2169274e+01   5.9882149e+01
  -6.0683890e+01   7.5333504e+00
  -7.1391614e+01   3.6984049e+01
  -7.6033599e+01   4.5309656e+01
  -8.9935421e+01   7.1934038e+00
  -9.2293560e+01   3.8903815e+01
  -8.7890752e+01   3.0112529e+01
   4.6885320e+01  -4.7732004e+01
   2.6853241e+01  -7.4157802e+01
   3.1915646e+01  -3.5648409e+01
   4.4828840e+01  -8.2904260e+01
   5.4801308e+01  -5.3842416e+01
   1.0037290e+01  -4.7427745e+01
   1.9271117e+01  -5.1408057e+01
   1.7381117e+01  -6.5221907e+01
   5.5286566e+01  -7.2438885e+01
   4.3815511e+01  -3.7349696e+01
  -5.0301268e+01   4.4913521e+01
  -8.2719287e+01   1.5350487e+00
  -7.4958080e+01   5.4345181e+01
  -8.6552795e+01   6.8029433e+01
  -6.6100265e+01   1.4853945e+01
  -6.3445907e+01   2.3065756e+01
  -6.2910096e+01   3.2681087e+01
  -4.9091453e+01   3.1527859e+01
  -9.5090651e+01   1.3566293e+01
  -9.5559483e+01   2.3922802e+01
