   5.6703503e+01  -1.3195416e+01
  -4.1784514e+01   6.6812231e+01
  -9.7983035e+01   5.7862869e+00
  -8.2117715e+01   8.0389119e+01
   6.2910517e+00  -8.4125619e+01
   5.7812494e+01  -9.1574631e+01
   5.6606063e+01  -4.8805784e+01
  -1.1566261e+01  -6.7385855e+01
   7.9223985e+01  -6.5031993e+01
  -9.6741990e+01  -1.3859381e+01
  -3.9856661e+01   3.9398464e+01
   4.8389384e+01  -3.2243718e+01
   3.6469574e+01  -8.9103770e+01
  -8.8556054e+01   2.3754698e+01
  -5.6332825e+01   5.2805199e+01
  -6.3297826e+01   3.3745089e+01
  -4.8478329e+01  -1.6578441e+01
  -7.1195046e+01  -2.1229773e+00
  -7.8287771e+01   3.5930657e+01
  -3.8420814e+01   1.9613549e+01
   4.5116885e+01  -8.0304878e+01
   2.9470823e+01  -9.7396033e+01
   2.5753083e+01  -2.0200449e+01
   6.1397068e+00  -1.6233063e+01
   3.3860864e+01  -4.0186239e+01
   2.3908008e+01  -3.9217093e+01
   8.7337958e+00  -3.7456312e+01
   7.5424765e+01  -4.8386874e+01
   1.6146539e+01  -6.4186639e+01
   3.5281228e+01  -6.9199128e+01
   5.0965333e+00  -6.6982042e+01
   4.8019064e+01  -7.0765931e+01
   4.2059154e+01  -6.1854567e+01
  -2.4376412e+01   6.0335601e+01
  -9.6642836e+01   5.5074571e+01
  -8.1836925e+01  -2.4978835e+01
  -4.2176133e+01  -7.1462447e+00
  -1.4261159e+01   2.8525694e+01
  -6.2618929e+01   7.9808809e+01
  -8.3405125e+01   6.2120890e+01
  -6.6592069e+01   5.7883046e+00
   8.0547454e+01  -2.3545794e+01
  -5.3398117e+01   1.6064143e+01
  -6.9013560e+01   2.5752166e+01
   3.9417920e+01  -6.2446216e+00
   3.7095542e+01  -1.9331640e+01
   1.6318848e+01  -1.6884547e+01
  -1.5589624e+01  -5.2448329e+01
   2.3729296e+01  -4.9215435e+01
  -8.9775089e+00  -3.2899139e+01
   2.5769370e+01  -8.8106295e+01
   6.4879900e+01  -7.8512084e+01
  -5.0507984e+01   6.1004194e+01
  -4.2982952e+01   7.6397002e+01
  -1.8910398e+01   4.3303799e+01
  -7.8206126e+01   4.4444501e+00
  -6.2645083e+01  -2.8665812e+01
  -3.0485613e+01   3.6928735e+01
  -8.5919539e+01   8.9758689e+01
  -8.1969719e+01  -1.5110415e+01
  -4.6912689e+01   3.5022940e+00
  -2.8556644e+01   1.9166960e+00
  -7.3042651e+01  -1.6768257e+01
   6.9058398e+01  -2.7074006e+01
  -9.8062081e+01   7.3817449e+01
  -9.4304924e+01   6.3405902e+01
   6.1480210e+01  -5.7075063e+01
  -5.2688972e+01   8.0953893e+01
  -6.5998442e+01  -1.0128355e+01
  -9.7603980e+01   3.6400708e+01
  -5.3675423e+01   3.4704334e+01
  -6.9922195e+01   4.0898511e+01
   3.5122534e+01  -7.9195647e+01
   2.5178059e+01  -7.8123795e+01
   3.8738600e+01  -2.9204066e+01
  -6.0044004e+01   4.3545159e+01
   3.3682178e+01  -5.0184659e+01
   4.6508894e+01  -2.2619521e+01
   2.3210976e+01  -5.1333779e+00
   7.5910503e-01  -3.0619185e+01
   1.2693582e+01  -7.5648133e+00
   5.2046095e+01  -6.1772281e+01
  -1.8662382e+01  -3.8505398e+01
   1.5229446e+01  -7.7111329e+01
   4.6407314e+01  -9.0217949e+01
   5.8173566e+01  -6.8968506e+01
   8.8384591e+01  -6.1070406e+01
   1.5498729e+01  -9.7178629e+01
   6.7987395e+01  -6.8998776e+01
   5.4874807e+01  -7.8241012e+01
   5.4686413e+00  -5.6985743e+01
  -9.3345725e+00  -7.7133651e+01
  -2.5095731e+01   6.9991150e+01
  -5.1294994e+01   7.0968118e+01
  -2.1369849e+01   3.4556151e+01
  -4.1416897e+01   5.6898564e+01
  -3.1188164e+01   5.1913682e+01
  -6.2748215e+01  -1.8776386e+01
  -2.5258501e+01   2.5999820e+01
   7.4541422e+01  -3.9939087e+01
   7.4865627e+01  -1.5649496e+01
  -9.4860993e+01   1.6022450e+01
  -9.8170200e+01   2.6212890e+01
  -7.6354800e+01   1.8300123e+01
  -7.9152886e+01   2.6654763e+01
  -3.4820555e+01   1.0041210e+01
   5.6501604e+01  -2.3178609e+01
  -3.9024790e+01  -1.5574397e+01
  -5.4267848e+01  -1.0401280e+01
  -9.1794120e+01  -2.5186987e+01
  -7.8755996e+01   7.0975923e+01
  -8.5035253e+01   1.4491365e+01
  -5.8326342e+01   8.9217681e+01
   7.6180874e+01  -9.4884934e+01
  -6.8099583e+01   9.1333342e+01
   6.7065683e+01  -8.7952220e+01
  -4.4411968e+01   1.2407727e+01
  -9.0407372e+01   4.3416380e+01
  -5.7172409e+01   2.5500110e+01
   1.5085159e+01  -5.4243135e+01
   5.4274956e+01  -3.9805293e+01
   3.9389386e+01  -9.8669654e+01
   2.8824051e+01  -3.0508564e+01
  -7.6824854e+01   5.4803442e+01
   1.7607019e+01  -3.1452085e+01
   4.6882706e+01  -1.2727362e+01
  -8.7994603e+01   3.3715906e+01
   3.0923704e+01  -1.1481200e+01
  -8.8059908e+01   5.1996619e+00
   9.4483630e+00  -2.5669803e+01
  -8.0208330e+01   4.5476180e+01
  -6.2916724e+01   1.7885264e+01
   2.3125994e+00  -6.9943963e+00
  -3.6674015e+00  -2.1491103e+01
  -7.2305215e+01   8.2263841e+01
  -9.2013781e+01   8.1751265e+01
   1.2769027e+00  -4.4119250e+01
  -9.6677117e+00  -4.2875290e+01
  -5.1387119e+00  -5.1790903e+01
  -8.6911891e+01   5.2798374e+01
  -2.6271783e+01  -4.4993620e+01
  -6.7869755e+01   5.0405123e+01
   4.9323314e+01  -9.9817288e+01
  -4.7174236e+01   4.8952031e+01
   8.3762552e+01  -4.2369450e+01
   7.1114519e+01  -5.9257458e+01
   2.5338307e+01  -6.8125082e+01
   3.0833652e+01  -5.9770375e+01
   5.3659909e+00  -9.4083188e+01
   8.5048187e+01  -5.1874115e+01
   5.9072525e-01  -7.5909399e+01
  -3.3833523e+00  -6.1637824e+01
  -3.6337666e+00  -8.5349538e+01
   1.5812035e+01  -8.7183539e+01
  -5.3889548e+01  -1.1974984e+00
  -3.3355806e+01   6.2367068e+01
   6.5295232e+01  -1.7943264e+01
  -1.1096829e+01   3.7590596e+01
  -2.0724849e+01   5.2053917e+01
   8.1742849e+01  -3.3041665e+01
  -4.2588879e+01   8.6154334e+01
  -7.2140351e+01  -2.6578589e+01
  -4.4857656e+01   3.0796464e+01
  -3.5361530e+01   2.8635292e+01
   5.8714739e+01  -3.4789782e+00
  -2.9182255e+01   1.7469185e+01
  -9.4087148e+01   9.5521565e+01
  -5.4497728e+01  -2.3692246e+01
  -3.8036720e+01   1.1965355e+00
  -1.4848525e+01   6.2194230e+01
  -6.2096373e+01  -1.6995142e+00
  -7.0529624e+01   1.2661208e+01
  -7.8081715e+01  -7.3926716e+00
  -3.0566513e+01  -1.8052941e+01
   4.8553519e+01  -5.3172657e+01
  -8.9342592e+01  -1.6077351e+01
  -4.3905694e+01  -2.3568885e+01
   7.0642103e+01  -3.4614937e+01
  -9.0565882e+01   6.8324188e+01
   7.0795460e+01  -9.5597273e+01
