   9.3500000e+02
   1.0610000e+03
   7.2700000e+02
   1.1050000e+03
   1.0370000e+03
   1.0850000e+03
   8.0700000e+02
   1.0290000e+03
   8.9900000e+02
   1.0330000e+03
   1.0470000e+03
   6.8900000e+02
   1.1090000e+03
   1.1110000e+03
   1.0210000e+03
   8.2100000e+02
   1.0890000e+03
   1.0750000e+03
   8.7300000e+02
   1.0590000e+03
   9.4100000e+02
   9.7500000e+02
   1.0730000e+03
   1.0530000e+03
   1.0450000e+03
   1.1130000e+03
   1.0790000e+03
   8.5900000e+02
   1.0630000e+03
   6.9900000e+02
   1.0810000e+03
   1.0150000e+03
   8.5300000e+02
   7.2500000e+02
   1.0410000e+03
   7.5300000e+02
   7.3100000e+02
   1.0510000e+03
   1.0010000e+03
   1.0570000e+03
   1.0950000e+03
   1.0170000e+03
   1.0690000e+03
   8.0300000e+02
   1.0970000e+03
   8.3100000e+02
   1.1030000e+03
   8.5500000e+02
   1.0650000e+03
   9.0100000e+02
   8.6700000e+02
   1.0190000e+03
   9.0500000e+02
   6.8800000e+02
   1.1070000e+03
   8.8100000e+02
   1.0770000e+03
   8.8700000e+02
   1.0910000e+03
   9.2500000e+02
   7.2400000e+02
   9.3300000e+02
   1.0390000e+03
   7.3000000e+02
   1.0490000e+03
   7.3600000e+02
   1.0550000e+03
   1.0430000e+03
   1.0990000e+03
   1.0310000e+03
   1.0350000e+03
   1.0250000e+03
   1.0230000e+03
   1.0670000e+03
   1.1150000e+03
   1.0830000e+03
   7.9800000e+02
   8.0000000e+02
   1.0930000e+03
   8.0600000e+02
   1.0870000e+03
   8.1600000e+02
   9.8300000e+02
   1.0710000e+03
   8.4600000e+02
   8.5200000e+02
   8.6600000e+02
   8.7200000e+02
   8.8000000e+02
   8.8400000e+02
   8.8600000e+02
   8.9800000e+02
   9.2000000e+02
   9.2400000e+02
   9.2800000e+02
   9.3200000e+02
   9.3400000e+02
   9.4000000e+02
   9.7400000e+02
   9.8200000e+02
   9.8400000e+02
   1.0020000e+03
   1.0040000e+03
   1.0120000e+03
   1.0160000e+03
   1.0180000e+03
   1.0200000e+03
   1.0220000e+03
   1.0240000e+03
   1.0300000e+03
   1.0340000e+03
   1.0360000e+03
   1.0380000e+03
   1.0400000e+03
   1.0420000e+03
   1.0440000e+03
   1.0460000e+03
   1.0480000e+03
   1.0500000e+03
   1.0520000e+03
   1.0540000e+03
   1.0560000e+03
   1.0580000e+03
   1.0600000e+03
   1.0620000e+03
   1.0640000e+03
   1.0660000e+03
   1.0680000e+03
   1.0700000e+03
   1.0720000e+03
   1.0740000e+03
   1.0760000e+03
   1.0780000e+03
   1.0800000e+03
   1.0820000e+03
   1.0840000e+03
   1.0860000e+03
   1.0880000e+03
   1.0900000e+03
   1.0920000e+03
   1.0940000e+03
   1.0960000e+03
   1.0980000e+03
   1.1020000e+03
   1.1040000e+03
   1.1060000e+03
   1.1080000e+03
   1.1100000e+03
   1.1120000e+03
   1.1140000e+03
