  -7.2575246e+01   2.7092570e+01
   2.7125234e+01  -4.3968772e+01
   3.8647890e+01  -6.6341151e+01
  -7.8705521e+01   7.6651758e+01
   5.4427708e+01  -3.4595035e+01
   4.2096910e+01  -5.6954764e+01
  -7.1226832e+01   1.7183944e+01
  -7.8739612e+01   3.4966561e+01
  -9.2451926e+01   1.9075903e+01
   2.8949957e+01  -6.3901868e+01
   5.0579808e+01  -6.3365059e+01
  -5.9564440e+01   4.2396356e+01
  -5.3071223e+01   2.4826585e+01
  -6.6117094e+01   4.9950344e+01
  -9.0674211e+01   5.5431004e+01
   3.0734009e+01  -8.7320769e+01
   1.6810555e+01  -4.2128260e+01
   3.7124452e+01  -4.3844181e+01
   3.0961574e+01  -5.4106288e+01
  -5.5838243e+01   5.3123039e+01
  -8.1286853e+01   8.2800032e+00
  -8.4345615e+01   4.7687730e+01
  -8.2537026e+01   6.1243552e+01
  -5.7891508e+01   3.6447131e+00
  -6.8797556e+01   3.6351528e+01
  -7.4961959e+01   4.4225405e+01
  -9.0881293e+01   5.4610217e+00
  -9.7946764e+01   4.0292718e+01
  -9.4659127e+01   3.0848616e+01
   4.6453686e+01  -4.7444915e+01
   2.6607861e+01  -7.8211715e+01
   2.7759961e+01  -3.3988940e+01
   5.0558323e+01  -8.4941249e+01
   5.4025176e+01  -5.3977331e+01
   1.0512591e+01  -5.0529829e+01
   2.0471630e+01  -5.1433985e+01
   1.0032788e+01  -6.6991565e+01
   6.2550721e+01  -7.0747292e+01
   4.4861660e+01  -3.7508917e+01
  -4.9907444e+01   4.4992975e+01
  -8.2355052e+01  -1.6627546e+00
  -7.5424451e+01   5.4214452e+01
  -8.6522319e+01   7.0414998e+01
  -6.2338650e+01   1.2601421e+01
  -6.2972443e+01   2.2912085e+01
  -5.9617478e+01   3.2386076e+01
  -4.7391378e+01   3.3194322e+01
  -9.8902100e+01   1.1433177e+01
  -8.1166638e+01   1.8279231e+01
   5.6800371e+01  -4.4323370e+01
   4.0715000e+01  -8.6704483e+01
   3.7294020e+01  -3.0972035e+01
   3.7163155e+01  -7.6774488e+01
   1.6834925e+01  -3.2128291e+01
   2.1053890e+00  -4.5115134e+01
   6.1313632e+01  -6.0824107e+01
   1.8158346e+01  -6.1162734e+01
   5.3729427e+01  -7.5457364e+01
   1.9623720e+01  -7.1054780e+01
  -9.5465724e+01   7.4888761e+01
  -8.8121444e+01   3.8427942e+01
  -8.5273839e+01   2.7396763e+01
