  -7.1671163e+01   9.2126706e+01
   5.9808723e+01  -2.4103150e+01
   4.9465306e+01  -5.5520979e+01
  -5.1282013e+01   2.1015224e+01
  -6.8863021e+01   4.0485133e+01
   2.9534024e+01  -8.4914576e+01
   9.2927878e+00  -5.1935118e+01
   4.2714766e+01  -4.8321215e+01
  -5.0223842e+01   6.1074290e+01
  -8.7368101e+01   8.8528936e+00
  -7.8291539e+01   7.1933592e+01
  -4.6912774e+01   8.0733610e+00
  -7.7361696e+01   3.4502709e+01
  -9.3103200e+01   6.6520280e-01
   1.5442831e+01  -8.0232608e+01
   5.9321733e+01  -9.0440898e+01
   5.9266081e+01  -5.4048991e+01
   2.4493604e+00  -6.1805979e+01
   7.1042044e+01  -6.7980921e+01
   3.7658638e+01  -3.5593355e+01
  -3.9418645e+01   4.4170884e+01
  -8.8802269e+01  -9.5506738e+00
  -8.5317248e+01   5.1441742e+01
  -9.1319031e+01   7.1626308e+01
  -5.9111383e+01   1.4774653e+01
  -3.8912876e+01   3.4271647e+01
  -8.7432668e+01   1.8844744e+01
   6.1503807e+01  -3.7108696e+01
   4.1587799e+01  -9.9222301e+01
   4.3711061e+01  -2.7664451e+01
   3.6744359e+01  -7.8012558e+01
   1.9013229e+01  -2.5098216e+01
  -5.9290838e-01  -5.0525028e+01
   6.2063352e+01  -6.3625916e+01
   1.3526655e+01  -6.0961953e+01
   4.6298082e+01  -7.5118374e+01
  -8.8353938e+01   2.9076111e+01
  -4.8704441e+01   4.0497118e+01
  -5.5992676e+01   5.2911009e+01
  -7.7404199e+01   8.0211835e+00
  -8.3073410e+01  -2.1197304e-01
  -9.9835917e+01   6.1778426e+01
  -6.5509106e+01   4.9898109e+01
  -9.1144642e+01   8.7183820e+01
  -5.4989016e+01  -1.2576300e+01
  -7.5568079e+01   8.2917252e+01
  -9.7215543e+01   1.0601754e+01
  -6.3819729e+01  -4.8032782e-01
  -7.8309845e+01   4.4352639e+01
  -4.2224778e+01   1.6522165e+01
  -4.8206858e+01   3.0523271e+01
  -6.1593926e+01   3.3746925e+01
   5.2986431e+01  -3.1388226e+01
   4.6941108e+01  -3.9310924e+01
   5.5238412e+01  -4.4901602e+01
   3.8255670e+01  -8.9796082e+01
   4.7739814e+01  -8.6650408e+01
   2.8308968e+01  -9.5227965e+01
   2.6222372e+01  -1.8181832e+01
   4.7356387e+00  -2.2987928e+01
   3.3556076e+01  -4.4669861e+01
   3.9372801e+01  -5.8193835e+01
   3.7843098e+01  -6.8083028e+01
   1.9850315e+01  -3.5029115e+01
   4.8110047e+00  -3.9035415e+01
   7.8388095e+01  -5.3151032e+01
  -9.5835150e+01   4.2967445e+01
   2.3096062e+01  -6.3956816e+01
   2.7609150e+01  -7.3949592e+01
   2.2779832e+00  -7.1882109e+01
   5.5444083e+01  -7.1081188e+01
   5.5997964e+01  -8.1030764e+01
   4.7391653e+01  -6.5212560e+01
  -2.9477546e+01   4.5065399e+01
  -4.6102045e+01   5.1560489e+01
  -9.9682115e+01  -6.8641122e+00
  -7.9880766e+01   6.2097861e+01
  -7.5809534e+01  -7.0843789e+00
  -8.0662015e+01  -1.5828097e+01
  -5.2435809e+01  -3.0895755e+00
  -9.8886994e+01   8.0852712e+01
  -2.8896723e+01   3.3336130e+01
  -3.6896219e+01   2.4641816e+01
  -6.5938419e+01   8.0221022e+01
  -7.4728986e+01   5.3605303e+01
  -7.3131511e+01   1.7053751e+01
  -6.7260758e+01   9.0061056e+00
   6.8140064e+01  -2.9631104e+01
  -7.9400548e+01   2.4759103e+01
   6.5495437e+01  -4.6268496e+01
  -6.0856297e+01   2.4099269e+01
  -5.8326159e+01   4.3045806e+01
   6.9309806e+01  -9.0516082e+01
  -6.9954157e+01   2.7912185e+01
   5.1074770e+01  -9.6077800e+01
  -8.4959442e+01   7.9346325e+01
   4.2677302e+01  -1.7728966e+01
   3.4273393e+01  -2.4111714e+01
   2.3721185e+01  -4.4189355e+01
   1.3945279e+01  -1.6495096e+01
   1.0724697e+01  -3.0984064e+01
   1.3881676e+01  -4.3083168e+01
  -1.1771873e+01  -4.7322391e+01
   2.0000429e+01  -5.3408146e+01
  -9.5189067e+01   5.2934050e+01
   6.8948342e+01  -5.6383596e+01
  -5.1116887e+00  -3.9884403e+01
   2.0378026e+01  -8.8902979e+01
   2.9556740e+01  -5.6315469e+01
   6.4396601e+01  -7.5521855e+01
   1.2208137e+01  -7.0815187e+01
  -8.9847369e+01   6.1735931e+01
  -9.7462215e+01   3.3114205e+01
  -5.6325280e+01   5.7495876e+00
