  -6.0135941e+01   4.2731050e+01
  -7.3945479e+01  -1.8963142e+00
  -8.6717492e+01   2.3748454e+01
   2.5169601e+01  -1.3145608e+01
   3.6155879e+01  -5.4894708e+01
  -2.7601503e+00   4.3665167e+01
  -7.4756832e+01   8.5613138e+00
   3.9435590e+01  -5.7676993e+00
  -3.4162342e+00  -4.1404934e+01
   3.9503748e+01  -8.0532967e+01
  -5.0522708e+01   6.1138414e+01
  -8.2705109e+01  -1.9383928e+01
  -2.1817868e+01  -9.6569174e+00
   3.6840616e+00  -2.4810892e+01
  -2.0801283e+01  -3.7068298e+01
   1.6920906e+01  -7.7644094e+01
   4.3872688e+01  -8.9509523e+01
  -1.8597265e+01  -8.4326651e+01
  -2.7071249e+01   8.8196008e+01
  -4.9647747e+01   9.2999685e+01
  -2.8076471e+01   4.5888180e+01
  -6.8393519e+01  -3.3386620e+01
   5.9092671e+01  -1.9420676e+01
  -6.2479249e+01   2.5940893e+01
   2.0601491e+01  -4.0548475e+01
  -9.7754571e+01   2.6532334e+01
  -6.8381204e+01   1.6225394e+01
  -4.1468221e+00  -1.8364970e+01
  -8.3885704e+01   4.5290525e+01
  -1.8541939e+00  -7.4570261e+01
  -1.9517417e+01  -6.4601754e+01
   7.2780156e+01  -1.9092282e+01
  -2.1576537e+01   5.4083821e+01
   8.8487773e+01  -3.4054288e+01
  -3.4362635e+01   9.5037330e+01
  -3.6932011e+01   2.7981421e+01
   5.9719266e+01   8.3414878e+00
  -3.8884960e+01   1.4304982e+01
   1.2886567e+01   6.6033838e+01
  -7.9831183e+01   6.7244103e+01
  -8.2649485e+01  -4.3101850e+01
  -5.4973300e+01   7.4423537e+00
   6.0439137e+01  -6.4014014e+01
   4.7522936e+01  -2.8248523e+01
   1.3769598e+01  -3.3256849e+01
   4.9362917e+01   3.1535711e+01
   1.9453650e+01   1.3668270e+01
   2.7214007e+01  -5.0418366e+01
   8.1502703e+00  -5.5158119e+00
   9.5824468e+00   1.2103707e+01
   5.1937507e+01  -3.7315827e+01
  -6.6506294e+01   3.5067914e+01
  -2.1039217e+01  -5.4722181e+01
   9.7388324e+01  -4.2998434e+01
   2.4306964e+01  -7.0936659e+01
  -2.7561648e+01  -7.2990158e+01
  -1.5993251e+01   7.0943490e+01
   9.4323005e+01  -1.2102377e+00
  -5.1757652e+01   7.2017861e+01
  -3.2990536e+01   6.5222009e+01
  -1.4916894e+00   2.0935784e+01
   8.0379219e+01  -2.8203059e+01
   5.5261621e+00   2.8024877e+01
   9.0872696e+01  -2.4341778e+01
  -5.8494680e+01  -3.8452802e+01
  -1.1971809e+01   5.6818298e+01
  -2.1101408e+01   3.0823612e-01
  -6.1926507e+00   7.3060094e+01
  -3.3819756e+01  -2.1962477e+01
  -8.0606332e+01  -9.4112334e+00
  -1.8924783e+00   5.3591913e+01
  -4.8572932e+01  -3.0433547e+01
  -5.7830459e+01   9.8746331e+01
   4.6096652e+01  -5.5750621e+01
   6.0821839e+01  -8.8734750e+01
  -3.7876540e+01   4.7625973e+01
   2.3415005e+01  -3.0814783e+01
   4.1984576e+01  -3.6888992e+01
   3.2114736e+01  -3.5601706e+01
   6.5011525e+01  -7.9663860e+01
  -9.3545401e+01   4.2515243e+01
   8.5599629e+01  -5.8565541e+01
   4.3216348e+01   4.8878319e+00
   2.3280851e+01   4.4385450e+00
  -1.1862902e+01  -9.3058992e+00
   1.3411664e+01   2.9371909e+00
  -9.7821390e+01   5.8853078e+01
  -7.3731093e+01   2.8187755e+01
  -4.8622998e+00  -5.1234321e+01
  -3.2354641e+01  -5.3022838e+01
   4.0476842e+01  -6.4268312e+01
   9.6042600e+01  -7.5044590e+01
  -2.6848816e+01  -2.9115745e+01
   6.3017767e+01  -1.0937422e+00
   8.7600401e+00  -5.8380246e+01
  -4.4089041e+01  -8.0982240e+01
   8.2822426e+01  -4.2294600e+01
  -4.1097992e+01  -6.8434946e+00
   7.8050123e+01   1.3399957e+01
  -1.1716910e+01   9.8757994e+01
   1.3006631e+01   2.1435237e+01
   6.8062477e+01   1.3844443e+01
  -1.5191061e+01   2.8985306e+01
   7.2402552e+01  -4.5472222e+00
   1.5044164e+01   4.0736457e+01
  -4.0978835e+01   5.8264677e+01
  -7.6271075e+01  -2.7035816e+01
  -4.3831403e+01   7.8080365e+01
  -3.0726104e+01  -2.3388451e+00
  -6.3757770e+01  -4.6953546e+01
   7.3838401e+01  -3.5761245e+01
  -3.2947011e+01   3.7152474e+01
  -1.5240687e+01  -2.8847014e+01
  -6.4027365e+01  -3.2339864e+00
  -6.4935406e+01   6.7233257e+00
  -6.6947220e+01   5.0131500e+01
  -2.3082447e+01   6.3907510e+01
  -2.6811895e+01   7.3141261e+01
   6.7780187e+01  -2.7749557e+01
   4.9155376e+01  -1.8383233e+01
  -3.1440068e+01  -1.2285507e+01
   8.9380454e+01  -9.4086221e+01
  -4.3343661e+00   6.3259926e+01
   5.0063180e+00   7.9354880e+01
  -7.2275630e+01  -1.4934822e+01
  -4.1016830e+00   8.9780788e+01
  -4.2358130e+01  -1.6761117e+01
  -9.0915735e+01  -1.3681766e+01
   3.4665932e+01  -9.3399056e+01
   4.7230859e+01  -7.4198388e+01
  -8.1208812e+01   8.4092320e+01
   4.6577021e+01  -4.5765707e+01
  -8.5869569e+01  -3.3634528e+01
  -5.8487143e+01   1.6803038e+01
  -7.7891551e+01   1.9117359e+01
   2.9574808e+01  -4.1715077e+00
   5.1833486e+01  -1.6192243e-01
  -7.6993742e+01  -5.1446875e+01
   5.2986901e+01  -8.2520894e+01
  -7.6447081e+01   9.3827563e+01
   5.0375450e+01   1.1868979e+01
   3.2019019e+01   1.9365618e+01
  -5.9109146e+01   7.8794567e+01
  -6.8641833e+01   8.7576769e+01
   1.5368698e+01  -6.6501659e+01
   6.8281645e+01  -7.0208442e+01
   7.8033959e+01  -6.5130185e+01
   1.5195928e+01  -1.3768066e+01
   3.3235531e+01   5.1307554e+00
   4.0767453e+01   1.4576389e+01
  -1.9681741e+00  -8.2787706e+00
   2.1286787e+01  -5.8463865e+01
   3.9362103e+00  -3.4735648e+01
   1.9619106e+01  -4.8493036e+00
   5.3165805e+00  -1.5044219e+01
   8.4877483e-01   1.2576456e+00
  -9.0469685e+01  -3.6997109e+00
  -9.3741324e+01   7.0883865e+00
   3.5593054e+01  -4.4942095e+01
   5.6053885e+01  -5.5053594e+01
  -2.9242644e+01  -6.2472999e+01
  -9.6740948e+00  -6.8354272e+01
   3.0232633e+01  -6.2909248e+01
   7.9499706e+01  -9.5617463e+01
  -1.1308669e+01  -9.1221664e+01
   8.2889958e+00  -9.1795264e+01
  -3.6743627e+01  -6.9034514e+01
  -2.4365063e+01  -9.2477760e+01
  -9.0208237e+00  -8.1500136e+01
  -2.8497471e+01  -8.2945069e+01
   7.0432503e+00  -7.9110908e+01
   1.7373422e+01  -8.7624063e+01
  -3.9244873e+00  -9.8907944e+01
   8.4842319e+01  -4.3908967e+00
   8.7669767e+01   7.2284611e+00
  -1.6548206e+01   9.0006527e+01
   8.2760331e+01  -1.8493419e+01
   2.4720821e+01  -9.4398682e+01
   9.8474626e+01  -3.3058084e+01
  -4.6529309e+00   3.0342587e+01
   5.8323193e+01   1.8643023e+01
  -3.1466375e+01   5.5300151e+01
   1.6360991e+01   3.0834223e+01
   6.8703575e+00   4.7868884e+01
   6.5747767e+01  -1.1985651e+01
   5.4393929e+00   3.7987588e+01
   9.1063305e+01  -1.2923540e+01
  -5.7180320e+01   5.2237435e+01
  -2.4783425e+01   2.6235473e+01
  -5.6855810e+01  -5.4189067e+01
  -2.9538913e+01   1.7505398e+01
  -9.8482331e+01   9.4568918e+01
  -3.4036820e+01   8.0021316e+01
  -4.2550306e+01   6.8136451e+01
  -2.0374597e+01   8.0773615e+01
  -5.8356842e+01  -2.8457435e+01
  -5.5666486e+01   3.3801095e+01
   9.5068354e+01  -8.5861978e+01
   3.9340513e+01  -1.6491523e+01
  -1.4150604e+01  -1.8973344e+01
  -4.7374814e+01   5.0585845e+01
  -4.1163407e+01   8.7710580e+01
  -1.0955289e+01   3.8004438e+01
  -1.8181583e+01   4.4767524e+01
  -2.3012837e+01   3.6041071e+01
  -2.4134654e+01  -1.9462102e+01
  -3.1681657e+01  -3.7927614e+01
  -3.8596664e+01  -3.0722186e+01
   7.1448069e+00   5.7855587e+01
  -5.1475774e+01  -2.0864773e+01
   3.4960527e+00   6.9471472e+01
  -9.1031116e+01  -2.5069601e+01
  -1.0468659e+01   8.2078015e+01
   3.7581739e+01  -2.7232662e+01
  -8.2911625e+01   2.8202370e+00
  -9.0213277e+01   3.3097491e+01
  -8.0518336e+01   3.5524170e+01
  -9.4134825e+01   8.0827467e+01
  -7.3280050e+01   4.2409777e+01
  -8.5360167e+01   1.2512281e+01
  -8.9698411e+01   8.9789511e+01
  -8.5846371e+01   7.5232690e+01
  -2.2373878e+01   9.8127849e+01
   1.6490393e+01  -2.3645477e+01
   2.8825859e+01  -2.2428951e+01
  -9.7222300e+01  -5.3528357e+01
  -4.5391853e+01   3.3344459e+01
   5.7192150e+01  -7.3453279e+01
  -8.7937786e+01   6.1324694e+01
  -7.2672838e+01  -4.2424610e+01
   4.8059806e+01   2.1620980e+01
  -6.6962343e+01  -2.3395541e+01
  -9.2520244e+01  -4.4702897e+01
  -9.5871242e+01  -3.5281131e+01
  -7.2121135e+01   7.8201789e+01
  -9.3936794e+01   6.9325745e+01
   2.2816667e+01   2.3203265e+01
  -6.7828766e+01   9.8907506e+01
   6.3962894e+01  -3.7279524e+01
   5.7911005e+01  -2.9327932e+01
   5.7965662e+01  -4.5265137e+01
   5.0465593e+01  -6.4739739e+01
  -9.0799597e+00   2.4391299e-01
   7.8432621e+01   3.4121422e+00
   8.3268489e+00  -4.3704179e+01
   1.6529993e+01  -4.9677335e+01
  -5.2771038e+00  -2.9185917e+01
  -5.1017727e+01   2.4958484e+01
  -1.5524002e+01  -4.5849623e+01
  -9.4219217e+01   1.7150187e+01
  -5.8715663e+01   8.8785755e+01
  -7.7028541e+01   5.2569214e+01
  -2.8469436e+01   7.4007459e+00
   3.4224523e+01  -7.2064951e+01
  -1.3073002e+00  -6.0546826e+01
  -3.1251634e-01   1.1093518e+01
  -4.0017674e+01  -5.9427952e+01
  -8.5171875e+01   9.8713772e+01
  -2.5522925e+01  -4.5800544e+01
  -1.7640328e+01  -7.4392873e+01
   5.2586181e+01  -9.4394489e+01
   5.6153884e+01  -9.1737084e+00
   9.7253363e+01  -6.2379300e+01
   6.9531411e+01  -5.9870846e+01
   7.7085261e+01  -5.3324360e+01
   8.8968598e+01  -6.7978051e+01
   3.0032852e+01  -8.3734373e+01
  -4.7445415e+01   8.7765340e-01
  -3.8093492e+01   4.3762215e+00
  -4.8721621e+01   1.5232256e+01
  -5.2079942e+01  -8.4933964e+00
  -6.2432726e+01  -1.3105313e+01
   5.4970871e+00  -6.7837867e+01
  -3.4662820e+01  -9.0816300e+01
  -5.5615957e+01  -7.5194699e+01
   8.9775606e+01  -4.9481065e+01
  -4.6504302e+01  -7.1102647e+01
  -1.3769241e+00  -8.9237889e+01
   6.9834792e+01  -9.3059460e+01
  -1.1608679e+01  -5.8552915e+01
  -1.7110090e+01  -9.9359089e+01
