  -7.1952701e+01   9.4104978e+01
   5.6542632e+01  -1.7321123e+01
  -5.1578458e+01   1.6805868e+01
  -7.0049638e+01   3.8502615e+01
   9.3341217e+00  -5.0784281e+01
   4.3543586e+01  -5.0438949e+01
  -4.2789167e+01   6.5250008e+01
  -8.9150692e+01   6.7519419e+00
  -7.6030256e+01   7.5165306e+01
  -4.3428219e+01   8.0430605e+00
  -9.7036800e+01  -7.1280016e-01
   6.7105790e+00  -8.1214551e+01
   6.4904104e+01  -9.0587790e+01
   5.5378121e+01  -4.6986152e+01
  -4.2081165e+00  -6.3862877e+01
   7.6428944e+01  -6.5431282e+01
  -3.4453631e+01   4.4365792e+01
  -9.1160156e+01  -1.4690729e+01
  -4.1176059e+01   3.6962513e+01
  -9.0654009e+01   1.9736971e+01
   5.2895620e+01  -3.6948433e+01
   4.3304394e+01  -3.0370216e+01
   3.7138478e+01  -8.6138121e+01
   1.8178900e+01  -2.6167589e+01
  -8.9702865e-01  -5.0353048e+01
  -8.8990863e+01   2.9604943e+01
  -5.4890650e+01   4.9391652e+01
  -8.0754363e+01   1.9930185e+00
  -6.0382071e+01   4.1062508e+01
  -9.5247158e+01   8.6306985e+01
  -5.3072369e+01  -1.5059128e+01
  -7.6418920e+01   8.5157750e+01
  -5.9841397e+01  -7.2741916e-01
  -7.9970225e+01   3.9760314e+01
  -4.1636777e+01   1.7881187e+01
  -6.2992091e+01   3.1414263e+01
   4.6622946e+01  -8.2968876e+01
   3.1602775e+01  -9.4466110e+01
   2.5815763e+01  -1.9711714e+01
   6.1549767e+00  -1.9786418e+01
   3.3583126e+01  -3.9345808e+01
   2.1630926e+01  -3.5552871e+01
   4.1058161e+00  -3.9801547e+01
   8.0694842e+01  -4.7350634e+01
   2.0159620e+01  -6.3797143e+01
   3.0784238e+01  -6.7295380e+01
   3.9042518e+00  -6.9710052e+01
   4.8198565e+01  -7.1057873e+01
   4.0495773e+01  -6.4680835e+01
  -2.7381870e+01   5.1436160e+01
  -4.1910267e+01   5.5321633e+01
  -8.8089899e+01   5.7460965e+01
  -7.4096343e+01  -5.0974277e+00
  -8.4142771e+01  -2.1919103e+01
  -4.5489208e+01  -8.5402810e+00
  -2.3483872e+01   2.8266411e+01
  -3.4094040e+01   2.4446673e+01
  -6.7506197e+01   8.0394112e+01
  -7.8092372e+01   5.7679532e+01
  -7.2492796e+01   1.6914848e+01
  -6.7877140e+01   8.0551590e+00
   7.5406847e+01  -2.4684481e+01
  -8.1224686e+01   2.3338826e+01
   6.9080435e+01  -4.7371779e+01
  -6.3332644e+01   2.0834136e+01
  -5.1340103e+01   3.6790517e+01
   7.4342388e+01  -9.3892135e+01
  -7.1892606e+01   2.6883475e+01
  -8.6035508e+01   8.2415264e+01
   4.1783316e+01  -1.1685589e+01
   3.5815762e+01  -1.9709817e+01
   2.4341882e+01  -4.5209708e+01
   1.6042435e+01  -1.6398435e+01
   9.7479754e+00  -3.1545275e+01
   1.3887357e+01  -4.1880361e+01
  -1.0878135e+01  -5.0967475e+01
   1.8924674e+01  -5.3616454e+01
   7.0690423e+01  -5.7241325e+01
  -5.8913190e+00  -3.9562196e+01
   2.2927371e+01  -8.9344749e+01
   2.8065316e+01  -5.7672123e+01
   6.5011584e+01  -8.0588383e+01
   1.3747638e+01  -7.1472911e+01
  -9.7833309e+01   6.7315784e+01
  -9.8187284e+01   3.3848484e+01
  -5.7932157e+01   9.0856472e+00
  -5.1271456e+01   5.8440580e+01
  -4.5488974e+01   4.5984613e+01
  -5.0282745e+01   7.0984889e+01
  -2.4738726e+01   4.1414724e+01
  -8.1776889e+01   1.3392826e+01
  -6.2218143e+01  -1.9103228e+01
  -3.1586446e+01   3.4127154e+01
  -8.7853535e+01   9.3553744e+01
  -8.1546143e+01  -1.1731362e+01
  -4.9910332e+01   4.2905269e-01
  -8.8425262e+01  -4.9056502e+00
  -3.3488623e+01   1.2084081e+01
  -7.4383521e+01  -1.8547214e+01
   6.8488305e+01  -3.1904853e+01
  -8.9677400e+01   7.3102020e+01
  -8.1771971e+01   6.6977956e+01
  -4.4392342e+01   2.7493967e+01
   5.9931820e+01  -2.6729279e+01
   6.0872544e+01  -5.5341469e+01
  -5.7594236e+01   8.1718138e+01
  -6.5128767e+01  -9.2048121e+00
   4.3523514e+01  -4.0436073e+01
   6.2456084e+01  -3.9880586e+01
  -8.9967917e+01   3.9549091e+01
  -5.4333496e+01   2.6417912e+01
  -7.4714036e+01   4.8267488e+01
   3.2948185e+01  -7.7058419e+01
   2.3400303e+01  -7.4085565e+01
   5.6159831e+01  -9.5439342e+01
   2.3256484e+01  -9.9974207e+01
   3.3172834e+01  -2.9354236e+01
  -6.4865778e+01   5.0000811e+01
   3.3603521e+01  -4.9345777e+01
   4.6114507e+01  -2.0773171e+01
   2.9683684e+01  -1.0490044e+01
   3.9047162e-01  -2.8018644e+01
   9.3584281e+00  -8.9604204e+00
   5.1430870e+01  -6.1223309e+01
  -9.3349564e+01   4.8956527e+01
  -1.5558545e+01  -4.2120465e+01
   1.6706046e+01  -8.1515630e+01
   4.6470099e+01  -9.2967701e+01
   5.8283706e+01  -6.8506068e+01
   8.2167365e+01  -5.7241623e+01
   1.3099417e+01  -9.1193755e+01
  -9.8768582e+01   5.7359820e+01
   6.8010344e+01  -7.0828239e+01
   5.5336116e+01  -7.8061774e+01
   4.9314512e+00  -5.9762949e+01
  -3.3529620e+00  -7.6589937e+01
  -9.7756555e+01   1.1280727e+01
  -3.3481198e+01   6.3766541e+01
  -5.2352712e+01   6.6698509e+01
