  -6.7086485e+01   2.4038278e+01
   2.7266092e+01  -4.4501750e+01
  -9.7694061e+01   3.0599583e+01
   3.6465700e+01  -6.8225716e+01
  -7.2187133e+01   4.1648509e+01
  -8.2749511e+01   6.9654673e+01
   5.4045996e+01  -4.0723983e+01
   4.2164439e+01  -5.6837015e+01
  -9.9129593e+01   4.5715261e+01
  -7.4018135e+01   1.6830488e+01
  -8.1260364e+01   3.7444169e+01
  -9.3184510e+01   2.0117903e+01
   2.7325528e+01  -6.4168961e+01
   5.1315633e+01  -6.3215252e+01
  -9.2632670e+01   6.8130480e+01
  -5.9045943e+01   4.1330560e+01
  -7.5753232e+01   2.9087618e+01
  -5.7827663e+01   2.7916783e+01
  -6.6503384e+01   5.0034543e+01
  -8.9941715e+01   5.5473670e+01
  -8.3206280e+01   2.0777385e+01
   3.5584143e+01  -7.9033389e+01
   1.7837408e+01  -4.1170096e+01
   3.7261006e+01  -4.4902077e+01
   2.9112203e+01  -5.4329866e+01
   4.5297919e+01  -7.2915268e+01
  -5.6595326e+01   5.1387463e+01
  -8.0957196e+01   9.6298334e+00
  -8.5563938e+01   4.6482838e+01
  -7.9241413e+01   6.0290206e+01
  -6.4289341e+01   1.4437446e+01
  -6.5798835e+01   3.3955029e+01
  -7.6486126e+01   5.0677278e+01
  -9.0929499e+01   1.0373580e+01
  -9.1932228e+01   3.8772787e+01
  -8.7637927e+01   2.9741787e+01
  -9.9979231e+01   5.6113627e+01
   4.6885320e+01  -4.7732004e+01
   2.6853241e+01  -7.4157802e+01
   3.1915646e+01  -3.5648409e+01
   4.4828840e+01  -8.2904260e+01
   5.4801308e+01  -5.3842416e+01
   1.0037290e+01  -4.7427745e+01
   1.9271117e+01  -5.1408057e+01
   1.7381117e+01  -6.5221907e+01
   5.5286566e+01  -7.2438885e+01
   4.3815511e+01  -3.7349696e+01
