   2.9041163e+01  -9.2674536e+00
  -1.9858733e+01  -2.4582100e+01
   3.3094165e+00  -2.2801181e+01
   3.4798952e+01   5.3459538e+01
   5.7795262e+01  -3.3150732e+01
  -6.0706878e+00  -3.8784466e+01
  -4.3370107e+00  -5.8360055e+01
  -2.7669152e+01   5.9675017e+00
  -1.2543098e+01  -7.1527912e+00
   1.2298288e+01   3.9867170e+01
   3.8308741e+01   6.7601450e+00
   9.4438438e+00  -4.1931702e+01
  -3.5294311e+01  -1.1919825e+01
  -6.7722406e+01  -3.1908623e+01
   5.0996995e+01   4.3125345e+01
   5.6562208e+01  -1.2832288e+01
   2.5043011e+01   5.1369085e+01
   3.6755754e+01   3.5300215e+01
   2.6653449e+01  -4.1396827e+01
  -1.3936140e+01  -3.2623150e+01
  -5.1544317e+01  -5.3756230e+00
  -3.3391787e+01   1.4137084e+01
   1.8339366e+01  -4.6939138e+01
   7.6076898e+01   1.2988379e+01
   3.3147425e+01   2.5977410e+01
   3.6686995e+01   1.6624103e+01
   2.4141874e+01   2.1632909e+01
   3.9578165e+01  -3.3541526e+00
  -2.3841163e+01   5.2082619e+01
   8.9385887e+00  -9.2159803e+00
   6.6423857e+01  -1.1864142e+00
   1.4119818e+01   6.8451745e+01
  -4.5953430e+01   3.9039475e+01
   9.4764397e+00   1.0705374e+01
   2.8964562e+01  -3.1687498e+01
   2.7611297e+01  -6.4974140e+01
   2.2061344e+01  -1.6359305e+01
  -3.4708277e+01  -7.2055650e+01
   2.0691089e+01  -2.6198985e+01
  -5.2118178e+01   3.1178573e+01
  -5.9381256e+01   2.4296801e+01
  -6.4274771e+01  -4.2182980e+00
   2.9035908e+00  -3.4452204e+01
  -2.7865256e+01  -1.8608619e+01
   1.8623645e+01  -6.9482141e+01
   5.2991313e+01   2.3608280e+01
  -3.2436942e+01  -3.4189602e+01
  -3.0060121e+01  -4.3917206e+01
  -5.9946631e+00   3.6608998e+01
   1.8629333e+01  -7.0133508e+00
  -1.3647637e+01   6.4649759e+01
   5.4390441e+00   5.1111818e+01
   1.1029372e+01   5.4976846e-01
  -3.0326535e+01   3.3608116e+01
   4.1473562e+01   4.6032641e+01
  -1.4203386e+01   5.4687693e+01
   3.8595043e+01  -3.4178589e+01
   4.0125521e+01  -2.4265355e+01
   3.5866138e+01  -4.5281049e+01
   2.7476693e+01  -5.1354626e+01
   1.5425137e+01  -6.0017249e+01
   1.7741601e+01  -3.6381590e+01
   1.1147288e+01  -2.8893263e+01
  -1.3967133e+01  -5.5706590e+01
  -4.0053654e+01   2.3189467e+01
  -6.3205625e+01   1.1539293e+01
  -6.9386242e+01  -1.2781833e+01
  -5.7523357e+01   3.1084841e+00
  -4.3330198e+01   1.3321488e+01
  -4.1621894e+01  -4.2182043e+00
  -4.9402580e+00  -2.8382127e+01
  -1.2943424e-01  -7.7878502e+01
  -2.2230065e+01  -5.0098046e+01
  -2.5972785e+00  -1.4841779e+01
  -1.0810449e+01  -2.0390273e+01
   5.3347763e+00  -6.0863518e+01
   5.6896234e+01   1.4410142e+01
   2.5399785e+01   3.2307668e+01
   4.3038836e+01   2.4278968e+01
   1.2734983e+01   2.0076059e+01
  -3.7571386e+01  -6.2474334e+01
   3.7460999e+01  -1.4631262e+01
   3.0454214e+01   5.8324570e-01
   5.6517360e+01   3.4842864e+01
   4.7001910e+01  -9.9838436e+00
  -4.9358606e+01  -2.4051461e+01
   4.7033546e+01   1.2765888e+01
  -1.1773891e+01   2.8608309e+01
  -5.2876194e+00   7.3248403e+01
  -2.1900752e+01   7.0281973e+01
   6.5653029e-02   1.4175787e+01
   8.0097817e+01  -1.5708865e+01
   1.8678722e+00   4.4134720e+00
   3.3445865e+01   6.3360571e+01
   4.9047674e+01  -1.9757958e+01
  -2.1665436e+01   2.8654739e+01
  -3.7227396e+01  -2.1683119e+01
  -2.8967153e+01   4.3506600e+01
   2.2052107e+01   4.1728812e+01
   1.5277070e+01   4.9360246e+01
   2.0742781e+01   2.7176907e+00
   3.1740486e+01   4.3943723e+01
   5.0292992e+01   5.3083920e+01
  -1.1785249e-01  -5.3004805e+00
   4.8044550e+01  -3.0979365e+01
   4.5331531e+01  -4.1545007e+01
   3.4744344e+01  -7.1982680e+01
  -2.4949312e+01  -6.9878941e+01
   3.0442533e+01  -2.1792527e+01
   1.2336332e+01  -1.8564349e+01
  -4.9833423e+01   2.1456483e+01
  -2.3915753e+01  -5.9940119e+01
  -6.8429072e+01   2.0064230e+01
  -1.8877483e+01  -1.4643562e+01
  -2.6194002e+01  -7.8566807e+00
  -6.7192540e+01   3.0514977e+01
  -7.1303439e+01  -2.2579540e+01
  -3.7615999e+01   4.9358080e+00
  -5.3231631e+01   1.2094606e+01
  -4.4763378e+01  -1.5175643e+01
  -1.5009937e+01  -4.3206767e+01
  -5.8195494e+01  -1.2837243e+01
  -1.3364480e+01  -6.5685311e+01
  -9.7706496e+00  -7.5015572e+01
  -9.3335241e-01  -4.7359624e+01
  -3.0136216e+01   2.3546789e+01
   3.4869272e+01  -5.8084233e+01
   6.5106813e+01   8.7114833e+00
   8.4612647e+00  -7.0349551e+01
  -1.6547734e+00  -6.7999098e+01
  -4.7554803e+01   3.8162615e+00
  -3.2125708e+01  -5.4087185e+01
   9.6484151e+00  -5.1877440e+01
  -2.2862511e+01  -3.7022370e+01
   2.8935768e+01   1.0408395e+01
   1.9245787e+01   1.2561892e+01
   4.7504634e+01   2.7239377e+00
  -3.7506431e+00   6.3249138e+01
   6.2432198e+01   2.6835961e+01
  -2.7375604e+01   6.1917288e+01
   4.6604547e+01   3.3596089e+01
  -5.8344033e+01  -3.8150131e+01
  -5.8463056e+01  -2.8152816e+01
   2.6685882e+00   3.1598982e+01
   2.3724885e+01   6.5682693e+01
   5.6561302e+01  -2.8183777e+00
   4.1628499e+00   6.9357185e+01
   7.3709719e+01  -8.0217744e+00
  -1.0839526e+01   4.5308781e+01
   6.6348338e+01  -1.4829078e+01
  -1.7041289e+01   3.7486487e+01
  -4.1509163e+01   4.7985457e+01
   6.7661885e+01   1.8360540e+01
  -4.1708059e+01  -3.0449076e+01
  -3.3623169e+01   5.4116068e+01
   1.2526251e+01   2.9964328e+01
   2.5387916e+00   4.1597652e+01
  -4.3120854e+00   5.3267211e+01
   1.1861836e+01   5.8734726e+01
   4.2698096e+01   5.9575163e+01
  -1.9806849e+01  -1.9710491e-01
  -3.2179901e+00   2.3547464e+01
  -7.4625995e+00   1.2141500e+00
