   1.6450000e+03
   1.6250000e+03
   1.4490000e+03
   1.5230000e+03
   1.5910000e+03
   1.4830000e+03
   1.5070000e+03
   1.4690000e+03
   1.5930000e+03
   1.5670000e+03
   1.6470000e+03
   1.5150000e+03
   1.5830000e+03
   1.5790000e+03
   1.4750000e+03
   1.6310000e+03
   1.5110000e+03
   1.6590000e+03
   1.5370000e+03
   1.4470000e+03
   1.6130000e+03
   1.4730000e+03
   1.5470000e+03
   1.6190000e+03
   1.6290000e+03
   1.4310000e+03
   1.5190000e+03
   1.6710000e+03
   1.6510000e+03
   1.4270000e+03
   1.5690000e+03
   1.6610000e+03
   1.5530000e+03
   1.5550000e+03
   1.5490000e+03
   1.6670000e+03
   1.4550000e+03
   1.5730000e+03
   1.4590000e+03
   1.5390000e+03
   1.5850000e+03
   1.5710000e+03
   1.5590000e+03
   1.6010000e+03
   1.5090000e+03
   1.4930000e+03
   1.6330000e+03
   1.6270000e+03
   1.6050000e+03
   1.6430000e+03
   1.6650000e+03
   1.6150000e+03
   1.6090000e+03
   1.5310000e+03
   1.6170000e+03
   1.4300000e+03
   1.6690000e+03
   1.5450000e+03
   1.5570000e+03
   1.4420000e+03
   1.4440000e+03
   1.5650000e+03
   1.6570000e+03
   1.4520000e+03
   1.4540000e+03
   1.5750000e+03
   1.4580000e+03
   1.5810000e+03
   1.4620000e+03
   1.5770000e+03
   1.4680000e+03
   1.5990000e+03
   1.4740000e+03
   1.5950000e+03
   1.5970000e+03
   1.6370000e+03
   1.6030000e+03
   1.4880000e+03
   1.6230000e+03
   1.4920000e+03
   1.4940000e+03
   1.4960000e+03
   1.6210000e+03
   1.5020000e+03
   1.6070000e+03
   1.5060000e+03
   1.6350000e+03
   1.5100000e+03
   1.5120000e+03
   1.5140000e+03
   1.6390000e+03
   1.5180000e+03
   1.5220000e+03
   1.5240000e+03
   1.6530000e+03
   1.6550000e+03
   1.5320000e+03
   1.5360000e+03
   1.5380000e+03
   1.6490000e+03
   1.6630000e+03
   1.5460000e+03
   1.5480000e+03
   1.5500000e+03
   1.6730000e+03
   1.5540000e+03
   1.5560000e+03
   1.5580000e+03
   1.5600000e+03
   1.5640000e+03
   1.5660000e+03
   1.5680000e+03
   1.5700000e+03
   1.5720000e+03
   1.5740000e+03
   1.5760000e+03
   1.5780000e+03
   1.5800000e+03
   1.5820000e+03
   1.5840000e+03
   1.5900000e+03
   1.5940000e+03
   1.5960000e+03
   1.5980000e+03
   1.6000000e+03
   1.6020000e+03
   1.6040000e+03
   1.6060000e+03
   1.6080000e+03
   1.6100000e+03
   1.6120000e+03
   1.6140000e+03
   1.6160000e+03
   1.6200000e+03
   1.6240000e+03
   1.6260000e+03
   1.6280000e+03
   1.6300000e+03
   1.6320000e+03
   1.6340000e+03
   1.6360000e+03
   1.6380000e+03
   1.6400000e+03
   1.6420000e+03
   1.6460000e+03
   1.6500000e+03
   1.6520000e+03
   1.6540000e+03
   1.6560000e+03
   1.6580000e+03
   1.6600000e+03
   1.6620000e+03
   1.6640000e+03
   1.6660000e+03
   1.6680000e+03
   1.6700000e+03
   1.6720000e+03
