  -2.2075390e+01  -2.7726171e+01
   3.3163504e+01   5.6688033e+01
   7.2911656e+01  -3.6454204e+01
  -8.2344106e+00  -3.9706015e+01
  -3.0009894e+01   1.4398125e+01
   2.6751275e+01   3.7895413e+01
  -4.0287829e+01  -5.1861128e+00
  -7.9184431e+01  -4.8908456e+01
   2.2720810e+01  -4.5793849e+01
   8.4030519e+01   2.3022950e+01
   3.3309528e+01   2.8505690e+01
   4.4346360e+01   2.5666034e+01
   4.1821140e+01   4.2373818e+00
   1.1471111e+01   7.8270224e+01
  -5.7102618e+01   4.2642829e+01
   2.7647993e+01  -2.0129974e+01
  -3.7236468e+01  -8.6636903e+01
   2.1262664e+01  -3.5901798e+01
  -6.2792396e+01   3.0393553e+01
  -6.7968530e+01  -5.2393238e+00
   3.5365660e+00  -3.9679466e+01
   1.6997977e+01  -7.9816122e+01
  -3.0678596e+01  -2.2632264e+01
  -3.1274497e+01  -5.1050460e+01
   2.7982162e+01  -1.0137738e+01
   1.8738521e+01  -6.3369450e+00
  -3.5871940e+01   4.9402533e+01
   3.8656933e+01  -3.3606713e+01
   2.6709416e+01  -5.7625817e+01
  -6.5314990e+01  -1.5740704e+01
  -5.8493482e+01  -8.4350004e+00
  -5.0375311e+01  -2.6068870e+00
   8.8616667e+00  -9.3634445e+01
  -6.4459390e+00  -2.2405009e+01
   1.2605526e+01  -7.0832618e+01
  -4.1697667e+01  -6.9214209e+01
   6.0382326e+01   3.0821263e+01
  -5.5570412e+01  -1.7998460e+01
  -1.2069441e+01   4.0643010e+01
  -2.6482883e+00   7.0303506e+01
  -2.9302127e+01   8.3478650e+01
   1.2155277e+01   1.2286795e+01
   8.7980155e+01  -2.1902009e+01
   4.4543713e+01   7.2414740e+01
   5.7493306e+01  -2.2720305e+01
  -2.6403210e+01   2.3701946e+01
   4.0877001e+01   3.5042270e+01
   4.7109682e+01   6.2750671e+01
   4.8263859e+01  -5.2607005e+01
   3.4299519e+01  -8.0385309e+01
  -1.8420982e+01  -7.0750923e+01
   2.9336165e+01  -2.9984358e+01
  -3.9992355e+01   1.3829100e+01
  -8.4512729e+01   1.8971014e+01
  -7.6097374e+01   3.6540238e+01
  -7.0811819e+01  -2.4090947e+01
  -1.1688371e+01  -5.9417304e+01
  -2.0324206e+01  -8.7967341e+01
  -2.7796456e-03  -4.9031846e+01
  -4.2789037e+01   3.0822014e+01
   3.7342562e+01  -5.8570561e+01
  -4.3226801e+01   4.3721901e+00
  -3.3743913e+01  -6.0738820e+01
   9.4221846e+00  -5.2373612e+01
  -1.8172298e+01  -3.8598640e+01
   3.2025417e+01   9.9203923e+00
   2.2148981e+01   1.1957403e+01
   4.7705088e+01   1.5348520e+01
   5.4011919e+01   2.3108726e+01
  -2.0868257e+01   6.9592886e+01
  -5.9989125e+01  -4.4432853e+01
   2.1601405e+01   8.0529667e+01
   6.5543859e+01  -6.5580902e+00
   7.5580190e+01  -6.3886568e+00
  -1.9621403e+01   4.7166429e+01
   6.7264497e+01  -2.4847003e+01
  -3.7963827e+01   5.9392915e+01
  -4.1871265e+01  -2.0454540e+01
   1.3852023e+01   3.2198049e+01
   1.2166990e+01   5.1591396e+01
  -4.5328238e+00   5.8713863e+01
  -1.6996255e+01  -8.2604745e+00
   6.8286141e+00   2.4721590e+01
  -7.4001247e+00  -1.1055546e+01
   3.0783993e+01  -3.9877245e+01
   3.8906828e+01  -2.3610866e+01
   4.8619020e+01  -1.6335216e+01
   5.7759777e+01  -3.2860819e+01
   4.8542536e+01  -3.7376445e+01
   3.2874734e+01  -6.7561311e+01
  -4.5244482e+01  -7.8563878e+01
  -2.8286238e+01  -6.9117252e+01
  -3.0380901e+01   3.2808399e+01
   1.8402769e+01  -2.6321774e+01
  -6.4869805e+01   2.0612594e+01
  -6.3774935e+01   5.0059937e+01
   1.1201649e+01  -3.3258028e+01
  -7.4563566e+01   1.7538337e+01
  -9.5527601e+01   3.9503998e+01
  -9.0527467e+01  -2.4717280e+01
  -3.0240571e+01  -4.5626591e+00
  -7.1802212e+01   3.9964361e+00
   6.4899774e+00  -7.8744225e+01
  -8.5878212e+01  -1.0202110e+01
  -3.6380893e+01   2.3149341e+01
   4.6465098e+01  -6.2666207e+01
  -2.3643236e+00  -3.1606175e+01
   1.2641721e+00  -1.6040432e+01
   7.8139677e+01   3.7835556e+00
   2.1420689e+01  -6.6112040e+01
  -2.1681411e+01  -5.9790300e+01
  -1.6078741e+01  -1.9721081e+01
  -5.4698712e+01  -6.4038947e+01
   1.6254140e+01   2.1398761e+01
  -1.3336361e+01  -7.9361605e+01
  -8.6674714e+00   8.4909347e+01
  -1.2442028e+01  -3.0405283e+01
   3.5373977e+01  -3.4055026e+00
   1.8400062e+01  -1.6326000e+01
   3.7307521e+01  -1.3741182e+01
   9.9108134e+00  -1.1025894e+01
  -3.8998581e+01   7.9277821e+01
   2.8239404e+01   1.9886367e+01
  -1.1570828e+01   6.5804810e+01
   6.0490251e+01   4.0826564e+01
   6.3867085e+01   2.1421905e+01
  -7.7964230e+01  -3.8983581e+01
   2.8872647e+01   4.7659565e+01
  -6.7557082e+01  -3.3959252e+01
   1.6856773e+01   3.4739809e+00
   3.8039554e+01   1.7908110e+01
  -1.6069028e+01   2.8959896e+01
   3.6315169e+01   6.6176554e+01
   2.5974935e+01   6.3638697e+01
   8.7689412e+00   6.8358829e+01
   5.4665572e+01  -6.1876894e+00
  -1.0185848e+01   5.0466623e+01
   8.6366626e+01  -1.9012374e+00
   7.7588075e+01  -2.4332882e+01
  -4.5831978e+01   4.9540857e+01
   7.0341300e+01  -1.5332124e+01
  -4.7444017e+01   6.2574929e+01
  -5.6301647e+01  -3.5137753e+01
  -3.4712311e+01  -1.3488330e+01
  -3.1690718e+01  -3.2576141e+01
   9.6776807e+00   4.1907632e+01
   2.3238250e+01   2.8542716e+01
   5.9847327e+01   5.0805807e+01
   3.8432350e+01   4.4735702e+01
  -2.3464255e+00   5.8987402e+00
   5.1793445e+01   3.4993376e+00
  -3.0205006e+00   2.3020142e+01
   6.3887913e+01  -4.0763734e+01
   4.0575633e+01  -4.3420306e+01
   4.4246611e+01  -8.1412004e+01
   5.4881934e+01  -4.5110268e+01
   3.2774146e+01  -4.9675791e+01
   4.8375403e+01  -2.6826578e+01
  -5.4921717e+01  -8.1083784e+01
  -2.5579588e+01  -7.9459821e+01
  -7.3409951e+01   4.7417017e+01
  -8.5787367e+00  -6.8982608e+01
  -2.7668145e+01  -4.1726791e+01
  -7.2318344e+01   2.7282888e+01
  -6.6680712e+01   3.9849499e+01
  -8.2321826e+01   2.8724146e+01
  -5.2829477e+01   3.1203940e+01
  -5.5459569e+01   1.7233765e+01
  -8.0265320e+01   9.3231867e+00
  -2.4727820e+01  -1.4597983e+01
  -5.2676508e+01   7.6313046e+00
  -8.2037543e+01  -1.9435057e+01
  -7.4790765e+01  -1.2547241e+01
  -6.0487551e+01   1.3921971e+00
  -4.7450224e+01  -1.2164356e+01
  -5.0786419e+01  -2.6791624e+01
  -3.3253848e+01   4.9582507e+00
   4.2012498e+01  -7.1623654e+01
   5.3022159e+00  -2.5186040e+01
  -6.4318589e+01   1.0628753e+01
  -4.2520037e-01  -8.9925883e+01
  -9.9885465e+00  -4.9562847e+01
   3.4146279e+00   3.4114070e+01
  -7.8662014e+01  -3.2794283e+00
   1.3097805e+01  -4.3074834e+01
  -2.1672397e+01   5.7267100e-01
  -4.6413484e+01   2.1494160e+01
  -2.0706152e+01  -4.9681383e+01
   8.9388972e+01   7.6310269e+00
  -1.9309478e+01   8.3166027e+01
   8.1162364e+01   1.3315664e+01
   1.0128295e-02   7.9940146e+01
  -4.5555634e+01  -5.9989254e+01
   2.5813475e+01  -7.5095290e+01
  -1.0395927e+01  -8.9162134e+01
   7.5617547e+00  -6.2198280e+01
  -3.3834207e+00  -8.0329242e+01
   4.4700517e+01  -7.0091447e+00
   2.6654427e+01   1.4865408e+00
  -3.9477661e+01   6.9289303e+01
  -3.0410588e+01   7.3547873e+01
   5.0768221e+01   3.3572192e+01
  -6.9972994e+01  -4.4994577e+01
  -6.2132523e+01  -5.4200371e+01
   6.9687981e+01   4.9027908e+01
   7.3771522e+01   2.0050606e+01
   3.6859749e+01   7.8813361e+01
  -6.4360006e+00   3.2401628e+01
  -1.7982222e+01   5.8159535e+01
  -1.2628595e+01   7.5733344e+01
   6.8755724e+00   8.7208821e+01
   6.1761116e+01   2.6987638e+00
   1.8567385e+01   7.0356062e+01
  -2.1498301e+01   3.7352513e+01
  -2.6991005e+01   5.3885919e+01
   2.8514954e+01   7.3306322e+01
  -5.4658084e+01   5.4160133e+01
   8.0857844e+01  -1.4882559e+01
   9.0140007e+01  -1.1161955e+01
  -6.1070481e+01  -2.6348856e+01
  -2.2326314e+00   4.2356522e+01
  -4.1455112e+01  -3.0431912e+01
   2.1815298e+00   5.1317082e+01
   2.1691173e+01   5.4609582e+01
   6.6747875e+01   5.9200114e+01
   1.9309859e+01   4.4594701e+01
   5.6812657e+01   6.0334072e+01
   4.2726078e+01   5.3764511e+01
  -3.7640034e+01   3.9595126e+01
  -9.6500407e+00  -9.2778681e-01
   5.7116742e+01   1.1970914e+01
   1.2434294e+00  -6.0286895e+00
   6.9398911e+00   2.1895949e+00
  -2.8926571e+01   6.3673787e+01
   2.4529663e+00   1.4665389e+01
  -7.9466165e+01  -2.9098041e+01
  -3.5230109e+01  -7.6840429e+01
  -8.5536570e+01   3.9816185e+01
  -4.7588767e+01   3.9705087e+01
