  -2.2065318e+01  -2.7737774e+01
   3.3187282e+01   5.6720982e+01
   7.2911657e+01  -3.6454204e+01
  -8.2223837e+00  -3.9714596e+01
  -3.0014386e+01   1.4374585e+01
   2.6785696e+01   3.7914277e+01
  -4.0283878e+01  -5.1848680e+00
  -7.9185368e+01  -4.8916077e+01
   8.4030519e+01   2.3022950e+01
   3.3305828e+01   2.8505719e+01
   4.4351663e+01   2.5659192e+01
   4.1930990e+01   4.4399333e+00
   1.1471111e+01   7.8270224e+01
  -5.7165489e+01   4.2669715e+01
   2.7269860e+01  -1.7792482e+01
  -3.7236694e+01  -8.6638008e+01
   2.0630747e+01  -3.6147815e+01
  -6.2838982e+01   3.0402531e+01
  -6.7989567e+01  -5.2335941e+00
   3.5156924e+00  -3.9690868e+01
   1.6998987e+01  -7.9820219e+01
  -3.0679576e+01  -2.2659467e+01
  -3.1286946e+01  -5.1078799e+01
   2.7947208e+01  -8.6341291e+00
   1.8491754e+01  -6.2856456e+00
  -3.5892693e+01   4.9585296e+01
   2.6706221e+01  -5.7627433e+01
  -6.5338790e+01  -1.5767770e+01
  -5.8522161e+01  -8.4522967e+00
  -5.0442624e+01  -2.5622321e+00
   8.8618604e+00  -9.3634522e+01
  -6.4602886e+00  -2.2410167e+01
   1.2604546e+01  -7.0837549e+01
  -4.1697598e+01  -6.9215063e+01
   6.0384066e+01   3.0820797e+01
  -5.5572160e+01  -1.8007077e+01
  -1.2012420e+01   4.0678609e+01
  -2.5693677e+00   7.0305324e+01
  -2.9328072e+01   8.3606104e+01
   1.2150023e+01   1.2300041e+01
   8.7980155e+01  -2.1902009e+01
   4.4549374e+01   7.2428108e+01
   5.7509694e+01  -2.2708891e+01
  -2.6430181e+01   2.3709677e+01
   4.0877979e+01   3.5036226e+01
   4.7118480e+01   6.2763886e+01
   4.8263858e+01  -5.2607007e+01
   3.4300859e+01  -8.0386948e+01
  -1.8417280e+01  -7.0750246e+01
   3.0548297e+01  -3.5553038e+01
  -4.0002079e+01   1.3829263e+01
  -8.4526843e+01   1.8907262e+01
  -7.6182481e+01   3.6511783e+01
  -7.0827950e+01  -2.4125899e+01
  -1.1688395e+01  -5.9417651e+01
  -2.0324244e+01  -8.7968085e+01
  -6.5567002e-03  -4.9040817e+01
  -4.2820920e+01   3.0835183e+01
   3.7343947e+01  -5.8581404e+01
  -4.3236882e+01   4.3688696e+00
  -3.3765162e+01  -6.0766569e+01
   9.4180627e+00  -5.2383343e+01
  -1.8161610e+01  -3.8612231e+01
   3.2020580e+01   9.9171332e+00
   2.2157320e+01   1.1961647e+01
   4.7718946e+01   1.5342274e+01
   5.4020274e+01   2.3107056e+01
  -2.0850765e+01   6.9605579e+01
  -5.9989333e+01  -4.4434840e+01
   2.1583529e+01   8.0548277e+01
   6.5544428e+01  -6.5599168e+00
   7.5580190e+01  -6.3886568e+00
  -1.9591072e+01   4.7200053e+01
   6.7270195e+01  -2.4848862e+01
  -3.7964905e+01   5.9391841e+01
  -4.1961328e+01  -2.0446599e+01
   1.3852023e+01   3.2198049e+01
   1.2190287e+01   5.1589306e+01
  -4.5168336e+00   5.8764168e+01
  -1.7004625e+01  -8.2903705e+00
   6.8563378e+00   2.4669146e+01
  -7.4095146e+00  -1.1063629e+01
   3.9083276e+01  -2.3546476e+01
   4.8619020e+01  -1.6335216e+01
   5.7759777e+01  -3.2860819e+01
   4.8542864e+01  -3.7376186e+01
   3.2874734e+01  -6.7561311e+01
  -4.5244541e+01  -7.8564887e+01
  -2.8285307e+01  -6.9131315e+01
  -3.0386254e+01   3.2889741e+01
   1.8415811e+01  -2.6344305e+01
  -6.4880434e+01   2.0613055e+01
  -6.3920676e+01   5.0039914e+01
   1.1135945e+01  -3.3254106e+01
  -7.4563160e+01   1.7530509e+01
  -9.5595620e+01   3.9501699e+01
  -9.0541813e+01  -2.4726209e+01
  -3.0213237e+01  -4.6122257e+00
  -7.1807834e+01   4.0084926e+00
   6.4895730e+00  -7.8749956e+01
  -8.5878956e+01  -1.0201638e+01
  -3.6413002e+01   2.3160956e+01
   4.6470528e+01  -6.2668642e+01
  -2.3691907e+00  -3.1606684e+01
   1.2358975e+00  -1.6064946e+01
   7.8138307e+01   3.7810605e+00
   2.1419396e+01  -6.6115549e+01
  -2.1681447e+01  -5.9790301e+01
  -1.6087112e+01  -1.9718749e+01
  -5.4699882e+01  -6.4039465e+01
   1.6302418e+01   2.1388915e+01
  -1.3337935e+01  -7.9364179e+01
  -8.6348381e+00   8.4992767e+01
  -1.2432504e+01  -3.0419666e+01
   3.5703181e+01  -3.1088833e+00
   1.7751871e+01  -1.6366761e+01
   3.7335029e+01  -1.3723322e+01
   9.7004964e+00  -1.0864698e+01
  -3.8998581e+01   7.9277821e+01
   2.8251191e+01   1.9880095e+01
  -1.1538344e+01   6.5883632e+01
   6.0490351e+01   4.0824998e+01
   6.3876629e+01   2.1419389e+01
  -7.7966546e+01  -3.8990682e+01
   2.8900886e+01   4.7686833e+01
  -6.7563309e+01  -3.3966561e+01
   1.6855191e+01   3.5063502e+00
   3.8050616e+01   1.7894484e+01
  -1.6041136e+01   2.8963763e+01
   3.6327837e+01   6.6214771e+01
   2.5999191e+01   6.3672922e+01
   8.7670825e+00   6.8358450e+01
   5.4718450e+01  -6.1832743e+00
  -1.0152634e+01   5.0503767e+01
   8.6366193e+01  -1.9024088e+00
   7.7588075e+01  -2.4332882e+01
  -4.5889148e+01   4.9426293e+01
   7.0342176e+01  -1.5332815e+01
  -4.7444696e+01   6.2575157e+01
  -5.6303112e+01  -3.5139093e+01
  -3.4746169e+01  -1.3524187e+01
  -3.1673873e+01  -3.2609223e+01
   9.6914495e+00   4.1906774e+01
   2.3275016e+01   2.8552737e+01
   5.9847550e+01   5.0804308e+01
   3.8455906e+01   4.4738029e+01
  -2.3682152e+00   5.8404681e+00
   5.1829489e+01   3.4948005e+00
  -3.0038119e+00   2.3004422e+01
   6.3887913e+01  -4.0763733e+01
   4.0583638e+01  -4.3430127e+01
   4.4248158e+01  -8.1412163e+01
   5.4881939e+01  -4.5110274e+01
   3.2780146e+01  -4.9683492e+01
   4.8443113e+01  -2.6868009e+01
  -5.4922076e+01  -8.1083877e+01
  -2.5578222e+01  -7.9459518e+01
  -7.3558565e+01   4.7376103e+01
  -8.5748947e+00  -6.8981918e+01
  -2.7651092e+01  -4.1763755e+01
  -7.2338897e+01   2.7279970e+01
  -6.6756194e+01   3.9845285e+01
  -8.2395699e+01   2.8677183e+01
  -5.2859739e+01   3.1044936e+01
  -5.5463368e+01   1.7248910e+01
  -8.0277811e+01   9.3242616e+00
  -2.4756146e+01  -1.4603802e+01
  -5.2689567e+01   7.6413444e+00
  -8.2052872e+01  -1.9440741e+01
  -7.4806666e+01  -1.2549536e+01
  -6.0491991e+01   1.3865837e+00
  -4.7491767e+01  -1.2116230e+01
  -5.0786419e+01  -2.6791624e+01
  -3.3252310e+01   4.9140099e+00
   4.2012498e+01  -7.1623654e+01
   5.2949247e+00  -2.5184111e+01
  -6.4313445e+01   1.0629145e+01
  -4.2499336e-01  -8.9925837e+01
  -9.9918430e+00  -4.9562676e+01
   3.4702831e+00   3.4077895e+01
  -7.8662038e+01  -3.2794936e+00
   1.3110972e+01  -4.3090271e+01
  -2.1655354e+01   5.5857459e-01
  -4.6413638e+01   2.1503210e+01
  -2.0706152e+01  -4.9681383e+01
   8.9397952e+01   7.6269264e+00
  -1.9335010e+01   8.3237510e+01
   8.1170117e+01   1.3310373e+01
   1.0319297e-02   7.9966722e+01
  -4.5556625e+01  -5.9989669e+01
   2.5813884e+01  -7.5098196e+01
  -1.0395791e+01  -8.9162168e+01
   7.5524026e+00  -6.2207684e+01
  -3.3847346e+00  -8.0330297e+01
   4.4790302e+01  -7.0446508e+00
   2.6663585e+01   1.4730944e+00
  -3.9477661e+01   6.9289303e+01
  -3.0462244e+01   7.3671143e+01
   5.0770058e+01   3.3572157e+01
  -6.9973329e+01  -4.4999631e+01
  -6.2132960e+01  -5.4202363e+01
   6.9688541e+01   4.9028128e+01
   7.3782210e+01   2.0049548e+01
   3.6878456e+01   7.8843361e+01
  -6.3896207e+00   3.2411471e+01
  -1.7797745e+01   5.8086311e+01
  -1.2624806e+01   7.5823579e+01
   6.8899899e+00   8.7224059e+01
   6.1778005e+01   2.7004000e+00
   1.8564579e+01   7.0360653e+01
  -2.1449864e+01   3.7374646e+01
  -2.6922340e+01   5.3998216e+01
   2.8523513e+01   7.3348674e+01
  -5.4756951e+01   5.4043376e+01
   8.0857844e+01  -1.4882559e+01
   9.0140366e+01  -1.1162836e+01
  -6.1079353e+01  -2.6353641e+01
  -2.1533382e+00   4.2346184e+01
  -4.1433380e+01  -3.0431022e+01
   2.1938426e+00   5.1351084e+01
   2.1713276e+01   5.4638535e+01
   6.6754170e+01   5.9199395e+01
   1.9326380e+01   4.4583878e+01
   5.6818848e+01   6.0334608e+01
   4.2742599e+01   5.3772347e+01
  -3.7661708e+01   3.9745022e+01
  -9.6923563e+00  -9.6722420e-01
   5.7132191e+01   1.1967009e+01
   1.1459948e+00  -5.9421303e+00
   6.9444558e+00   2.1988981e+00
  -2.8980401e+01   6.3782576e+01
   2.4293336e+00   1.4612817e+01
  -7.9497745e+01  -2.9108736e+01
  -3.5229447e+01  -7.6841532e+01
  -8.5602572e+01   3.9865587e+01
  -4.7657512e+01   3.9584970e+01
   2.9614383e+01  -2.6373383e+01
