   4.0637651e+01   8.9500216e+00
   2.9355317e+01  -1.3449129e+01
  -2.3481325e+01  -2.1882827e+01
   9.5147263e-01   2.2046804e+01
   5.6402963e+00  -2.9499166e+01
   7.1704050e-01   1.2271331e+01
  -4.2168918e+00  -6.3156854e+00
   4.3381477e+00  -1.9611101e+01
  -1.3563972e+01  -2.1109004e+01
   2.4546453e+01  -2.3852314e+00
   4.6892970e+00  -1.8653802e+00
   2.3217041e+01   4.1772383e+01
   1.4310709e+01  -1.9507731e+01
  -3.6600591e+00  -2.5940658e+01
  -3.9063303e+01   9.2293705e+00
   1.5102796e+01   1.5227412e+01
  -1.1455398e+01   2.8568878e+01
   1.5611741e+01  -2.9403333e+01
   2.4786643e+01  -2.2466701e+01
  -4.9820438e+00  -1.6121866e+01
  -1.1808765e+01  -4.0976949e+01
   1.9248821e-01  -4.5963787e+01
   9.0943049e+00  -1.0841405e+01
  -2.2195860e+01  -3.1774989e+01
  -2.9075185e+01   8.8291268e+00
  -3.6245207e+01  -9.6319156e+00
  -1.2511764e+01  -7.8755426e-01
   2.8366726e+01   1.0497838e+01
   1.9362124e+01   6.2096785e+00
   9.2413173e+00   7.1360859e+00
   5.0567533e+00   3.8626288e+01
   3.3523690e+01   1.9405977e+00
  -2.1447138e+01   2.8769567e+01
   1.6122293e+01   3.4775857e+01
   2.4801795e+01  -3.3297112e+01
   1.9654873e+01  -1.1095313e+01
  -2.4575317e+00  -3.5836777e+01
  -4.1354852e+01  -6.6890107e-01
   7.6168641e+00  -3.9275427e+01
  -1.3409300e+01  -1.0739307e+01
  -3.1399794e+01  -8.8596364e-01
  -1.2242539e+01  -3.1003753e+01
  -2.6676830e+01  -1.2459020e+01
  -3.3384173e+01  -2.3104409e+01
   3.6276985e+01   1.7946816e+01
  -2.1903887e+01  -3.7507264e+00
   1.4587513e+01  -2.5155618e+00
   8.0811559e+00   2.8936172e+01
  -5.8452632e+00   4.0619582e+01
   4.2966372e+01  -1.3080935e+00
  -3.6649653e+00   3.5418541e+00
   2.6465019e+01   2.0306333e+01
  -1.5419400e+01   3.7744420e+01
   1.7577821e+01   2.4890274e+01
   2.5921122e+01   3.0386920e+01
  -1.9101862e+00   3.1493009e+01
