  -7.2576765e+01   2.7098242e+01
   2.7126107e+01  -4.3970824e+01
   3.8647890e+01  -6.6341151e+01
  -7.8709834e+01   7.6648312e+01
   5.4426862e+01  -3.4595293e+01
   4.2096910e+01  -5.6954764e+01
  -7.1227524e+01   1.7191258e+01
  -7.8735827e+01   3.4974482e+01
  -9.2451926e+01   1.9075903e+01
   2.8949957e+01  -6.3901868e+01
   5.0579865e+01  -6.3364904e+01
  -5.9564440e+01   4.2396356e+01
  -5.3076091e+01   2.4832203e+01
  -6.6117094e+01   4.9950344e+01
  -9.0669655e+01   5.5434255e+01
   3.0733869e+01  -8.7319446e+01
   1.6810938e+01  -4.2128689e+01
   3.7124276e+01  -4.3844696e+01
   3.0961574e+01  -5.4106288e+01
  -5.5838243e+01   5.3123039e+01
  -8.1287829e+01   8.2847037e+00
  -8.4345616e+01   4.7687725e+01
  -8.2526649e+01   6.1237306e+01
  -5.7892997e+01   3.6477103e+00
  -6.8802130e+01   3.6357111e+01
  -7.4962151e+01   4.4229918e+01
  -9.0880895e+01   5.4612897e+00
  -9.7945461e+01   4.0289199e+01
  -9.4649909e+01   3.0848284e+01
   4.6452546e+01  -4.7445695e+01
   2.6606670e+01  -7.8211188e+01
   2.7760406e+01  -3.3991535e+01
   5.0558089e+01  -8.4941117e+01
   5.4024226e+01  -5.3976842e+01
   1.0513680e+01  -5.0529499e+01
   2.0472302e+01  -5.1434067e+01
   1.0034114e+01  -6.6990614e+01
   6.2550341e+01  -7.0746398e+01
   4.4861081e+01  -3.7509436e+01
  -4.9907444e+01   4.4992975e+01
  -8.2354498e+01  -1.6576007e+00
  -7.5417341e+01   5.4211529e+01
  -8.6518436e+01   7.0402521e+01
  -6.2344031e+01   1.2601969e+01
  -6.2972443e+01   2.2912085e+01
  -5.9626661e+01   3.2386533e+01
  -4.7391378e+01   3.3194322e+01
  -9.8901955e+01   1.1433069e+01
  -8.1166966e+01   1.8282725e+01
   5.6800371e+01  -4.4323370e+01
   4.0714848e+01  -8.6704457e+01
   3.7293629e+01  -3.0972432e+01
   3.7163155e+01  -7.6774488e+01
   1.6834924e+01  -3.2128831e+01
   2.1061647e+00  -4.5115633e+01
   6.1312094e+01  -6.0823570e+01
   1.8159062e+01  -6.1161504e+01
   5.3729617e+01  -7.5457414e+01
   1.9624913e+01  -7.1052655e+01
  -9.5456318e+01   7.4884050e+01
  -8.8120375e+01   3.8427539e+01
  -8.5263681e+01   2.7402889e+01
