   4.0278740e+01   1.1596741e+01
   3.0056501e+01  -1.4145842e+01
  -2.7575354e+01  -2.1796925e+01
   3.2491083e-02   2.2809081e+01
   5.7533059e+00  -3.1490120e+01
   9.8094914e+00   9.7512184e+00
   4.5583565e+00  -2.1561862e+01
  -1.5194015e+01  -2.1728078e+01
   2.6830673e+01  -3.1860093e+00
   7.0690747e+00   1.3404661e-01
   2.9179512e+01   4.2268574e+01
  -3.7623257e+01   9.8280591e+00
   9.5524270e+00   1.9747909e+01
  -1.1026549e+01   2.8464152e+01
   3.2823914e+01  -2.5654509e+01
  -4.6934227e+00  -1.7767015e+01
  -1.9902680e+01  -4.4131371e+01
  -2.2085124e+00  -5.0586223e+01
  -2.7600428e+01  -3.7748223e+01
  -2.8117206e+01   6.7241133e+00
  -3.9488663e+01  -1.0909484e+01
  -1.5576709e+01  -9.8875834e-01
   4.1606446e+00   4.0547115e+01
   3.3844871e+01   3.9413835e+00
  -2.1026352e+01   2.8526962e+01
   1.3856989e+01   3.8101526e+01
   2.4672738e+01  -3.2090882e+01
   2.0569745e+01  -1.0983384e+01
  -2.6677905e+00  -3.7295991e+01
  -4.4556532e+01   2.0514063e+00
   6.4204169e+00  -4.1467786e+01
  -1.9495804e+01  -1.2697553e+01
  -3.5333670e+01  -1.8135644e+00
  -1.2809965e+01  -3.4630977e+01
  -2.9547612e+01  -1.1993415e+01
  -3.5163759e+01  -2.8309666e+01
   4.6205909e+01   2.0080605e+01
  -2.5392678e+01  -2.8975433e+00
   1.6903181e+01  -1.6798368e+00
   7.7735506e+00   3.0114368e+01
  -6.0908334e+00   4.1707543e+01
   4.6204105e+01  -4.8469563e+00
  -3.7708972e+00   3.5668890e+00
   2.6552080e+01   2.3265948e+01
  -1.5506935e+01   3.7833596e+01
   1.7045927e+01   2.6369643e+01
   3.2648029e+01   3.1300711e+01
  -1.9286702e+00   3.2614887e+01
   2.5271304e+01  -4.2221260e+01
   2.3603046e+01  -2.1784741e+01
   3.9277384e+01  -1.8015618e+01
   1.5320862e+01  -2.8549364e+01
   1.4116355e+01  -1.8622196e+01
  -5.5748436e+00  -2.7727942e+01
  -9.9029209e+00  -4.4199072e+01
  -4.8711552e+01  -7.0445157e+00
  -4.6887961e+01   1.3591703e+01
  -2.9772301e+01   1.6603674e+01
   7.7601204e+00  -5.1377601e+01
   1.5978432e+01  -3.8527705e+01
  -2.1555635e+01  -2.9782029e+01
   5.0055621e+01   9.4962032e+00
  -1.0076380e+01  -9.3398116e+00
   3.6227634e+01   2.0739398e+01
  -4.1626187e+01  -2.0678351e+01
   2.2387154e+01   6.6823341e+00
   1.9436783e+01   1.6237190e+01
   3.6317468e+01  -6.3483970e+00
  -1.1669879e+01   5.0006593e+01
  -5.2799197e-01  -6.3685978e+00
   5.4598456e+01   5.8763824e-01
   1.0185146e+01   4.8528680e+01
  -3.0995661e+01   2.9309823e+01
   4.7696439e-02   1.2809093e+01
   2.3114108e+01   3.4318049e+01
   1.0248411e+01  -9.3560599e+00
   1.9882552e+01   4.6087307e+01
