  -2.2042914e+01  -2.7710919e+01
   3.3043736e+01   5.6525530e+01
   7.2911509e+01  -3.6454274e+01
  -8.4724664e+00  -3.9676241e+01
  -2.9981980e+01   1.4555115e+01
   2.6575260e+01   3.7781671e+01
  -4.0263327e+01  -5.0395691e+00
  -7.9147957e+01  -4.8829361e+01
   2.2637013e+01  -4.5638540e+01
   8.4030519e+01   2.3022950e+01
   3.3312941e+01   2.8092917e+01
   4.4295520e+01   2.5636329e+01
   4.1718807e+01   3.8631195e+00
   1.1471111e+01   7.8270224e+01
  -5.7242984e+01   4.1647270e+01
   2.7702505e+01  -2.0096655e+01
  -3.6849743e+01  -8.4489124e+01
   2.1204180e+01  -3.5728610e+01
  -6.2103976e+01   3.0462546e+01
  -6.7767418e+01  -5.2227322e+00
   3.5457277e+00  -3.9670121e+01
   1.7004536e+01  -7.9769470e+01
  -3.0598685e+01  -2.2537509e+01
  -3.1207689e+01  -5.0891057e+01
   2.7608488e+01  -1.0159247e+01
   1.8525587e+01  -6.2311704e+00
  -3.8897061e+01   4.9197119e+01
   3.8670410e+01  -3.3460005e+01
   2.6775816e+01  -5.7593770e+01
  -6.5140615e+01  -1.5704305e+01
  -5.8314575e+01  -8.3851409e+00
  -5.0105697e+01  -2.7406505e+00
   8.2648493e+00  -9.3408028e+01
  -6.2742018e+00  -2.2382003e+01
   1.2658068e+01  -7.0764735e+01
  -3.9094115e+01  -6.9193028e+01
   6.0303104e+01   3.0832179e+01
  -5.5390223e+01  -1.7918180e+01
  -1.2553756e+01   4.0610663e+01
  -3.0471634e+00   7.0278807e+01
  -2.9226776e+01   8.3119972e+01
   1.2095751e+01   1.2301001e+01
   8.7980155e+01  -2.1902009e+01
   4.4507329e+01   7.2267173e+01
   5.7472666e+01  -2.2740986e+01
  -2.6256620e+01   2.3832200e+01
   4.0580463e+01   3.4902880e+01
   4.7023040e+01   6.2600533e+01
   4.8264012e+01  -5.2606831e+01
   3.4262940e+01  -8.0339887e+01
  -1.8935484e+01  -7.0806793e+01
   2.9328619e+01  -2.9897885e+01
  -3.9944751e+01   1.3854966e+01
  -8.4289604e+01   1.9537212e+01
  -7.6831483e+01   3.7897936e+01
  -7.0650956e+01  -2.4048311e+01
  -1.1688204e+01  -5.9414779e+01
  -2.0626983e+01  -8.5922373e+01
   1.7599706e-02  -4.9024929e+01
  -4.2779788e+01   3.0511286e+01
   3.7309414e+01  -5.8316161e+01
  -4.3267312e+01   4.4837982e+00
  -3.3402552e+01  -6.0610008e+01
   9.4784578e+00  -5.2259705e+01
  -1.8353429e+01  -3.8179899e+01
   3.2026475e+01   9.8987777e+00
   2.2144337e+01   1.1719152e+01
   4.7501692e+01   1.5479209e+01
   5.3955191e+01   2.3110606e+01
  -2.1119000e+01   6.9090752e+01
  -5.9978261e+01  -4.4352891e+01
   2.1687432e+01   8.0438201e+01
   6.5539866e+01  -6.5417563e+00
   7.5580190e+01  -6.3886568e+00
  -2.0110580e+01   4.7138633e+01
   6.7250086e+01  -2.4834207e+01
  -3.7972336e+01   5.9074409e+01
  -4.1524867e+01  -2.0502304e+01
   1.3973100e+01   3.2149652e+01
   1.2071795e+01   5.1596160e+01
  -4.6355823e+00   5.8529918e+01
  -1.6939990e+01  -8.1389794e+00
   6.7964823e+00   2.5005361e+01
  -7.3687696e+00  -1.0876886e+01
   3.0706767e+01  -3.9743049e+01
   3.8892561e+01  -2.3480653e+01
   4.8619020e+01  -1.6335216e+01
   5.7759777e+01  -3.2860819e+01
   4.8512790e+01  -3.7399836e+01
   3.2874734e+01  -6.7561311e+01
  -4.4247826e+01  -7.7762433e+01
  -2.8836176e+01  -6.9474116e+01
  -3.0798522e+01   3.2655623e+01
   1.8276627e+01  -2.6175471e+01
  -6.5077541e+01   2.0937077e+01
  -6.2621523e+01   5.0068274e+01
   1.1104734e+01  -3.3127523e+01
  -7.4486115e+01   1.7592867e+01
  -8.6796925e+01   3.8665432e+01
  -9.0338402e+01  -2.4600047e+01
  -3.0299308e+01  -4.3846163e+00
  -7.1648379e+01   3.9701832e+00
   6.4394675e+00  -7.8581919e+01
  -8.5787135e+01  -1.0174992e+01
  -3.6177906e+01   2.3069160e+01
   4.6333069e+01  -6.2605173e+01
  -2.2907061e+00  -3.1552108e+01
   1.2371796e+00  -1.5908037e+01
   7.8150035e+01   3.8023840e+00
   2.1446324e+01  -6.6026769e+01
  -2.1681137e+01  -5.9790289e+01
  -1.5912068e+01  -1.9769226e+01
  -5.2796327e+01  -6.3208228e+01
   1.6129642e+01   2.1415993e+01
  -1.3331765e+01  -7.9083989e+01
  -8.7694793e+00   8.4649642e+01
  -1.2369673e+01  -3.0227829e+01
   3.5036620e+01  -3.5388802e+00
   1.8501370e+01  -1.6200850e+01
   3.6913345e+01  -1.3706078e+01
   9.9003804e+00  -1.1104637e+01
  -3.9012575e+01   7.8909216e+01
   2.8032668e+01   1.9669107e+01
  -1.1812836e+01   6.5469121e+01
   6.0486102e+01   4.0827362e+01
   6.3800775e+01   2.1439445e+01
  -7.7914673e+01  -3.8908739e+01
   2.8814660e+01   4.7486227e+01
  -6.7493811e+01  -3.3885278e+01
   1.6697269e+01   3.4741682e+00
   3.7854006e+01   1.8011000e+01
  -1.6106972e+01   2.8959098e+01
   3.6251547e+01   6.5986964e+01
   2.5850256e+01   6.3466767e+01
   8.7784651e+00   6.8360758e+01
   5.4312872e+01  -6.2172733e+00
  -1.0384498e+01   5.0356428e+01
   8.6370003e+01  -1.8921465e+00
   7.7588075e+01  -2.4332882e+01
  -4.8513563e+01   4.6499677e+01
   7.0326745e+01  -1.5319885e+01
  -4.7357661e+01   6.2505115e+01
  -5.6250493e+01  -3.5085090e+01
  -3.4559079e+01  -1.3377567e+01
  -3.1696464e+01  -3.2440240e+01
   9.6077211e+00   4.1911050e+01
   2.3238409e+01   2.8404757e+01
   5.9841734e+01   5.0803615e+01
   3.8373559e+01   4.4618183e+01
  -2.2195884e+00   6.2331676e+00
   5.1699115e+01   3.5028085e+00
  -3.1729817e+00   2.3219182e+01
   6.3887774e+01  -4.0763802e+01
   4.0434903e+01  -4.3291503e+01
   4.4203385e+01  -8.1407451e+01
   5.4881425e+01  -4.5109525e+01
   3.2615074e+01  -4.9510816e+01
   4.8327190e+01  -2.6779906e+01
  -5.3786670e+01  -8.0763030e+01
  -2.8226009e+01  -7.9438021e+01
  -7.2317069e+01   4.7620829e+01
  -9.0906850e+00  -6.9074423e+01
  -2.7718583e+01  -4.1569441e+01
  -7.1851847e+01   2.8289721e+01
  -6.6927848e+01   3.9205726e+01
  -8.1801233e+01   2.9221625e+01
  -5.2440227e+01   3.2897097e+01
  -5.5762441e+01   1.7340603e+01
  -8.0088120e+01   9.3151942e+00
  -2.4495686e+01  -1.4647005e+01
  -5.2684549e+01   7.8347429e+00
  -8.1835416e+01  -1.9356885e+01
  -7.4625674e+01  -1.2461170e+01
  -6.0618986e+01   1.7588450e+00
  -4.7151600e+01  -1.2272142e+01
  -5.0744258e+01  -2.6749694e+01
  -3.3302153e+01   5.1350276e+00
   4.2012498e+01  -7.1623654e+01
   5.2813256e+00  -2.5024458e+01
  -6.4512888e+01   1.0964378e+01
  -1.1405940e+00  -9.0018481e+01
  -9.9667422e+00  -4.9564196e+01
   3.1265489e+00   3.4304941e+01
  -7.8607752e+01  -3.2150210e+00
   1.3020274e+01  -4.2922269e+01
  -2.1698170e+01   6.1465587e-01
  -4.6598628e+01   2.1297607e+01
  -2.0706152e+01  -4.9681383e+01
   8.9320683e+01   7.6618695e+00
  -1.9228902e+01   8.2950017e+01
   8.1104150e+01   1.3354914e+01
   8.0364466e-03   7.9799863e+01
  -4.3363862e+01  -5.9908424e+01
   2.5802327e+01  -7.5018751e+01
  -1.1064321e+01  -8.8823535e+01
   7.6959950e+00  -6.2090138e+01
  -3.4085955e+00  -8.0279638e+01
   4.4367983e+01  -7.0694488e+00
   2.6481569e+01   1.5921416e+00
  -3.9292863e+01   6.8937178e+01
  -3.0240216e+01   7.3173916e+01
   5.0480460e+01   3.3607461e+01
  -6.9944461e+01  -4.4931536e+01
  -6.2114412e+01  -5.4117617e+01
   6.9682011e+01   4.9025550e+01
   7.3694801e+01   2.0059042e+01
   3.6801194e+01   7.8631318e+01
  -6.7085836e+00   3.2537100e+01
  -1.9121566e+01   5.8052450e+01
  -1.2639259e+01   7.5430501e+01
   6.8054269e+00   8.7133897e+01
   6.1657124e+01   2.6709373e+00
   1.8581690e+01   7.0331953e+01
  -2.1958537e+01   3.7278860e+01
  -2.8568241e+01   5.2458971e+01
   2.8476685e+01   7.3101772e+01
  -5.3883986e+01   5.4931059e+01
   8.0857844e+01  -1.4882559e+01
   9.0137184e+01  -1.1155020e+01
  -6.0902841e+01  -2.6245276e+01
  -2.7268470e+00   4.2414122e+01
  -4.1470807e+01  -3.0449506e+01
   2.1001633e+00   5.1159967e+01
   2.1641044e+01   5.4416473e+01
   6.6685785e+01   5.9207117e+01
   1.9242386e+01   4.4584022e+01
   5.6749949e+01   6.0310686e+01
   4.2616954e+01   5.3644489e+01
  -3.8166838e+01   3.9315540e+01
  -9.4097280e+00  -6.9962794e-01
   5.6883779e+01   1.2053238e+01
   1.2947398e+00  -5.9321806e+00
   6.8768991e+00   2.3046669e+00
  -2.8583485e+01   6.2455867e+01
   2.5103333e+00   1.5031337e+01
  -7.9321866e+01  -2.9021947e+01
