  -7.1671163e+01   9.2126706e+01
   5.9908670e+01  -2.3978101e+01
   4.9629610e+01  -5.5708072e+01
  -5.1254220e+01   2.0922277e+01
  -6.9341651e+01   4.0776796e+01
   2.9496516e+01  -8.4946652e+01
   9.2014149e+00  -5.1953850e+01
   4.2889514e+01  -4.8320918e+01
  -5.0015710e+01   6.1366486e+01
  -8.7357870e+01   8.8165955e+00
  -7.8222168e+01   7.2083381e+01
  -4.6638313e+01   7.5938312e+00
  -7.7540790e+01   3.4452834e+01
  -9.3116473e+01   6.4113378e-01
   1.5462491e+01  -8.0383790e+01
   5.9347597e+01  -9.0527517e+01
   5.9471697e+01  -5.3938163e+01
   2.4493604e+00  -6.1805979e+01
   7.1088629e+01  -6.7934039e+01
   3.7657469e+01  -3.5455110e+01
  -3.9213596e+01   4.4339627e+01
  -8.8802269e+01  -9.5506738e+00
  -8.5434226e+01   5.1750831e+01
  -9.1319465e+01   7.1629316e+01
  -5.9177901e+01   1.4376163e+01
  -3.8992970e+01   3.4342116e+01
  -8.7592342e+01   1.8813837e+01
   6.1465090e+01  -3.7054839e+01
   4.1554688e+01  -9.9246221e+01
   4.3810426e+01  -2.7572160e+01
   3.6726380e+01  -7.8038036e+01
   1.8995353e+01  -2.4976750e+01
  -6.9386593e-01  -5.0510478e+01
   6.2080557e+01  -6.3591855e+01
   1.3396323e+01  -6.1031434e+01
   4.6367615e+01  -7.5383514e+01
  -8.8410520e+01   2.9108556e+01
  -4.8423059e+01   4.0442766e+01
  -5.5762001e+01   5.3182441e+01
  -7.7391501e+01   7.9974949e+00
  -8.3083357e+01  -2.2458518e-01
  -9.9952839e+01   6.1836141e+01
  -6.5497426e+01   5.0008290e+01
  -9.1211697e+01   8.7268912e+01
  -5.5205259e+01  -1.3235120e+01
  -7.5568079e+01   8.2917252e+01
  -9.7215543e+01   1.0601754e+01
  -6.4414246e+01  -9.5082871e-01
  -7.8666190e+01   4.4389304e+01
  -4.2247111e+01   1.6578100e+01
  -4.8202421e+01   3.0445214e+01
  -6.1810978e+01   3.4197664e+01
   5.3091801e+01  -3.1294530e+01
   4.6938846e+01  -3.9177478e+01
   5.5229261e+01  -4.4882494e+01
   3.8231758e+01  -8.9814459e+01
   4.7726285e+01  -8.6675363e+01
   2.8308968e+01  -9.5227965e+01
   2.6275554e+01  -1.8121198e+01
   4.6834281e+00  -2.2918265e+01
   3.3608187e+01  -4.4598577e+01
   3.9423234e+01  -5.8203459e+01
   3.7620069e+01  -6.8078054e+01
   1.9838161e+01  -3.4941155e+01
   4.5948611e+00  -3.8851922e+01
   7.8538235e+01  -5.3098240e+01
  -9.5830481e+01   4.2963358e+01
   2.3096062e+01  -6.3956816e+01
   2.7601809e+01  -7.3946315e+01
   2.1836323e+00  -7.1891647e+01
   5.5487001e+01  -7.1110161e+01
   5.6024902e+01  -8.1095677e+01
   4.7261301e+01  -6.5423543e+01
  -2.9241317e+01   4.5083193e+01
  -4.5856150e+01   5.1814562e+01
  -9.9700685e+01  -6.8853520e+00
  -7.9959045e+01   6.2235373e+01
  -7.5808111e+01  -7.0853999e+00
  -8.0662133e+01  -1.5828309e+01
  -5.1458455e+01  -3.9636408e+00
  -9.8886994e+01   8.0852712e+01
  -2.8896723e+01   3.3336130e+01
  -3.6393617e+01   2.4685890e+01
  -6.5938419e+01   8.0221022e+01
  -7.4818721e+01   5.3657665e+01
  -7.3021162e+01   1.6992289e+01
  -6.7416889e+01   8.7089166e+00
   6.8160358e+01  -2.9626961e+01
  -7.9464613e+01   2.4639636e+01
   6.5699390e+01  -4.6114124e+01
  -6.0679936e+01   2.4262296e+01
  -5.7966767e+01   4.3428858e+01
   6.9347540e+01  -9.0560543e+01
  -7.0003070e+01   2.7881473e+01
   5.1049495e+01  -9.6107970e+01
  -8.5028349e+01   7.9409765e+01
   4.2667309e+01  -1.7637715e+01
   3.4279347e+01  -2.4116137e+01
   2.3616197e+01  -4.4199986e+01
   1.3879680e+01  -1.6384326e+01
   1.0682857e+01  -3.0918688e+01
   1.3686562e+01  -4.3016107e+01
  -1.1856414e+01  -4.7418999e+01
   2.0002391e+01  -5.3524142e+01
  -9.5361744e+01   5.2952360e+01
   6.9136550e+01  -5.6505316e+01
  -5.3583466e+00  -3.9818013e+01
   2.0392560e+01  -8.9084034e+01
   2.9599590e+01  -5.6333707e+01
   6.4448543e+01  -7.5547581e+01
   1.2139393e+01  -7.0952103e+01
  -8.9945966e+01   6.1724090e+01
  -9.7572318e+01   3.3116230e+01
  -5.6244826e+01   4.8162941e+00
