   5.3333895e+01  -1.5020228e+01
   5.8003590e+01  -4.1430237e+01
  -1.5197203e+01  -7.0057692e+01
   9.0716575e+01  -5.9374055e+01
  -3.6413839e+01   4.1177186e+01
   5.3077170e+01  -3.2994454e+01
  -6.2181344e+01   5.0353735e+01
  -4.8119752e+01  -1.2021615e+01
  -7.1881620e+01  -2.0422491e+00
  -8.2100223e+01   2.9783209e+01
   4.0929297e+01  -8.0431344e+01
   2.2365902e+01  -1.5535796e+01
   2.7469793e+00  -1.7887159e+01
   3.1227991e+01  -4.6522986e+01
   4.8011419e+00  -6.9674644e+01
   4.1767520e+01  -5.1744220e+01
  -1.9730437e+01   6.2872258e+01
  -8.5144332e+01  -2.3983659e+01
  -1.2419390e+01   2.8744750e+01
  -6.2531396e+01   2.3214733e+00
   8.6994210e+01  -1.4971731e+01
  -5.0950232e+01   1.6288843e+01
   3.4641044e+01  -4.2955912e+00
  -4.6503385e+00  -5.1087275e+01
   1.9581682e+01  -4.6312665e+01
  -9.3782543e+00  -3.2380886e+01
   3.2561191e+01  -8.4873239e+01
   5.5443546e+01  -8.9134564e+01
  -4.9193122e+01   5.7895542e+01
  -3.5597056e+01   8.1642388e+01
  -1.7004702e+01   4.7498876e+01
  -6.6698722e+01  -3.4286641e+01
  -2.6497093e+01   4.1697043e+01
  -8.5733100e+01   9.0513080e+01
  -8.1088306e+01  -1.4874977e+01
  -4.4164950e+01  -1.9308119e+00
  -2.1348316e+01  -6.0120266e+00
  -9.8979676e+01   6.3053133e+01
   2.4855758e+01  -5.8714784e+00
   4.0412415e+00  -2.7834249e+01
   1.5139738e+01  -7.8116866e+00
  -1.8470892e+01  -3.4417897e+01
   1.4534045e+01  -7.4552305e+01
   5.1069123e+01  -9.8844907e+01
   9.8830199e+01  -5.4490642e+01
   5.8466062e+01  -6.3011574e+01
   5.0585570e+01  -8.0616198e+01
  -1.6564717e+01  -8.0500000e+01
  -2.5598469e+01   8.1555907e+01
  -5.4087851e+01   7.6860371e+01
  -2.4197050e+01   3.1224873e+01
  -3.4128250e+01   5.4377000e+01
  -6.5548839e+01  -2.0909682e+01
   7.1844123e+01  -3.8827736e+01
   7.7501253e+01  -1.3673389e+01
  -9.7836441e+01   1.9770971e+01
  -3.5369198e+01   2.8929327e+00
   6.0807315e+01  -2.4122461e+01
  -3.8282390e+01  -1.1862807e+01
  -9.4948722e+01  -4.0817610e+01
  -8.4532215e+01   6.7565190e+01
  -8.2139224e+01   1.3667842e+01
  -5.5063061e+01   9.8668834e+01
   8.3463543e+01  -9.5553636e+01
  -7.4730319e+01   9.7409322e+01
  -4.0618358e+01   1.0485146e+01
  -9.7455108e+01   4.3128307e+01
  -5.9151687e+01   2.1385514e+01
   1.1350057e+01  -5.1543279e+01
  -8.0490900e+01   4.9412192e+01
   5.0196892e+01  -5.7123998e+00
  -9.4555467e+01   2.9345707e+01
  -8.8468814e+01   2.2405977e+00
  -6.8152486e+01   1.7417219e+01
  -3.8055564e+00  -4.3084401e+00
  -5.0576536e+00  -2.3729789e+01
  -6.6506296e+01   8.9841900e+01
  -9.5508044e+01   8.2360148e+01
  -9.7851596e+01   5.3116593e+01
  -2.3545080e+01  -5.4133718e+01
  -7.1133357e+01   4.6488405e+01
  -4.6287841e+01   4.1225015e+01
   8.4019827e+01  -4.1252132e+01
   6.3712468e+01  -4.9030936e+01
   2.7558131e+01  -7.6324750e+01
   2.9941190e+01  -6.3052234e+01
   6.2910621e+00  -9.2356981e+01
  -4.5636061e+00  -7.2440180e+01
  -1.2330514e+01  -6.0485570e+01
  -6.8495019e+00  -9.1645652e+01
   1.4218778e+01  -8.9396435e+01
  -5.4083948e+01  -3.0068166e+00
  -2.9687558e+01   6.3162740e+01
   6.8665303e+01  -1.1052688e+01
  -6.7980312e+00   3.7258040e+01
  -2.4329825e+01   5.4081066e+01
   8.9319726e+01  -3.2831277e+01
  -3.6368295e+01   9.1596783e+01
  -7.5199207e+01  -2.3312271e+01
  -5.0550580e+01   2.6327238e+01
  -3.3770669e+01   2.9017651e+01
   5.6913001e+01   1.6007379e+00
  -3.0258267e+01   1.1774273e+01
  -9.8220797e+01   9.5159682e+01
  -5.2140727e+01  -2.7043125e+01
  -3.0993349e+01  -5.4049415e+00
  -6.2248200e+00   6.4152995e+01
  -6.3001218e+01  -7.4966696e+00
  -7.0830468e+01   7.8683889e+00
  -8.1461182e+01  -4.8866322e+00
  -2.4671371e+01  -2.4544069e+01
   4.9315925e+01  -4.5600048e+01
  -9.0285450e+01  -1.1013766e+01
  -4.3305443e+01  -2.2475229e+01
   6.3619473e+01  -3.3524810e+01
  -6.5002842e+01   9.9723119e+01
   5.6375219e+01  -7.2696580e+01
  -9.6080604e+01  -2.2209981e+01
  -7.3120042e+01   7.7919834e+01
   4.5517647e+01  -8.9837779e+01
   2.5237510e+01  -9.0716721e+01
   4.3000491e+01  -3.2533021e+01
   3.2158129e+01  -1.7282846e+01
  -8.5012680e+01  -3.8614417e+01
  -5.0456166e+01   6.4243223e+00
   6.7787325e+01  -6.6260674e+01
   4.1389492e+01  -2.0976507e+01
   1.4937184e+01  -2.9696610e+01
   4.9583014e+01   8.3856619e+00
   1.8969434e+01   8.3438959e+00
   1.7119775e+01  -5.9641444e+01
   2.5358081e+01  -5.4350314e+01
  -5.9540791e+01   1.1572474e+01
   5.2511993e+00  -8.3059628e+00
  -6.5958670e+00  -1.3919656e+01
   1.8619210e+00   3.9259591e+00
   1.2628125e+01  -1.7484036e+01
   5.0728962e+01  -2.3807023e+01
   4.8883259e+01  -6.0761242e+01
  -6.2353491e+01   3.0343671e+01
  -1.4918344e+01  -2.4023546e+01
  -2.3163334e+01  -6.4056162e+01
  -3.1015786e+01  -4.1668792e+01
   3.6568235e+01  -7.0617623e+01
   4.6510622e+01  -7.1460537e+01
   8.6221495e+01  -5.0857346e+01
   6.8748012e+01  -5.7050877e+01
   2.1883870e+01  -6.8240804e+01
   9.6969144e+01  -7.0179337e+01
   7.3568127e+01  -9.5437075e+01
   7.3550672e+00  -6.0325756e+01
  -2.4562841e+01  -7.4603737e+01
  -2.4514775e+01   7.1645015e+01
   8.2093077e+01  -4.8208692e+00
   7.0267000e+01  -2.0908376e+01
  -5.0257329e+01   6.7688493e+01
  -4.3998782e+01   7.5398905e+01
  -4.0418874e+01   6.2686423e+01
  -3.4748480e+01   7.1708536e+01
  -3.4632350e+00   2.4352274e+01
   7.5878205e+01  -2.9949692e+01
   2.0667088e+00   3.2683818e+01
   6.6499004e+01  -1.1840016e+00
   8.4053122e+01  -2.4445969e+01
  -9.8208803e+01  -2.0342030e-02
  -5.2639731e+01   4.8618532e+01
  -5.6848448e+01  -3.5827583e+01
  -1.2275570e+01   5.6233604e+01
  -1.6739108e+01   3.7671080e+01
  -2.7865356e+01   2.1389631e+01
  -4.5055237e+01   8.5298257e+01
  -2.5334648e+01   3.1286799e+00
  -1.3721024e+01   7.0803098e+01
  -3.3574364e+01  -2.0517980e+01
  -7.1373182e+01  -1.2795550e+01
  -2.0731553e+01  -1.5777379e+01
  -7.0461448e+00   4.7249685e+01
  -5.6098067e+01  -1.7884017e+01
  -7.8954568e+01   3.9266304e+01
  -9.2187573e+01   1.1520500e+01
  -8.8035216e+01   2.1743109e+01
  -7.2758241e+01   2.6251899e+01
  -4.5671781e+01   9.5256378e+01
  -3.6833521e+01  -2.9965238e+01
  -7.6214397e+01   8.7450502e+01
  -5.6538834e+01   8.8646518e+01
  -6.3432469e+01   8.0337389e+01
   5.5284097e+01  -5.3547188e+01
  -9.1903395e+01  -3.1308649e+01
   6.4288823e+01  -8.4621955e+01
  -4.2888372e+01   5.0299748e+01
  -7.6619433e+01  -3.3199845e+01
  -8.3101844e+01   7.7461098e+01
   2.3954243e+01  -2.5397275e+01
   3.1771570e+01  -3.6695391e+01
   4.0091637e+01  -4.2021581e+01
   3.3744899e+01  -2.7113119e+01
   6.5856694e+01  -7.5292498e+01
   3.5678452e+01  -9.4553131e+01
  -8.9058444e+01   3.7699417e+01
   4.1849948e+01  -1.1114763e+01
   7.7573855e+01  -6.5558976e+01
   4.0934583e+01   3.4140057e+00
  -7.8138949e-01  -3.6499785e+01
   2.1894780e+01  -3.6755760e+01
   2.7808884e+01   3.6703094e+00
  -7.8881292e+01   5.9316658e+01
  -9.3145463e+01   7.2643800e+01
  -1.3048272e+01  -8.1404433e-01
   1.1586884e+01   1.5991003e+00
  -2.1916711e+01  -4.4198386e+01
  -8.8202133e+01   5.5616032e+01
  -4.2768619e+01   3.2273816e+01
  -6.9392276e+01   3.6860174e+01
   5.2082681e+00  -4.4034227e+01
  -1.4458598e+01  -5.0590754e+01
  -2.4336857e+00  -6.0805096e+01
  -3.3254013e+01  -5.4094886e+01
   3.9284783e+01  -6.1117644e+01
  -5.4686982e+01   3.6334047e+01
  -6.7561843e+00  -8.1894264e+01
   5.7647761e+00  -8.3182035e+01
   6.3786829e+01  -9.4380692e+01
   8.7416167e+01  -6.7676610e+01
   9.8016698e+01  -3.7624869e+01
  -2.7752225e+01  -3.3271808e+01
   7.3299725e+01  -4.8263832e+01
   7.8399884e+01  -5.6301486e+01
   2.0120049e+01  -8.2411279e+01
   1.9055282e+01  -9.7958718e+01
  -4.1942216e+01   1.9872386e+01
   5.9856197e+01  -8.5714534e+00
   1.6831671e+00  -9.8581939e+01
