  -7.3916094e+01   2.6314583e+00
  -8.6641786e+01   2.3527208e+01
  -3.2957094e+00   4.4132871e+01
  -5.3126882e+00  -4.2756404e+01
   3.9071562e+01  -8.0749724e+01
  -5.0273497e+01   6.3059775e+01
  -8.4906390e+01  -2.1940428e+01
   4.0071921e+00  -2.1172475e+01
  -2.0316256e+01  -3.8173970e+01
   1.5212657e+01  -7.9718310e+01
   4.7043615e+01  -9.4091568e+01
  -1.8642213e+01  -8.5882166e+01
  -5.2115141e+01   9.8600773e+01
  -6.9664393e+01  -3.2431727e+01
  -6.0367916e+01   2.6750780e+01
   2.4088080e+01  -4.1142456e+01
  -6.8313273e+01   1.0756091e+01
  -8.5866833e+01   4.5961392e+01
  -2.8982053e+00  -7.4979684e+01
  -1.9912397e+01  -6.7103680e+01
   7.0457355e+01  -1.9520270e+01
  -1.7755602e+01   5.6433177e+01
   9.0755946e+01  -3.7813884e+01
  -3.0684938e+01   9.8530370e+01
  -4.1250416e+01   2.5301144e+01
  -3.9343249e+01   1.3664571e+01
   1.7558282e+01   6.3093896e+01
  -7.9969680e+01   6.5822572e+01
  -8.5079012e+01  -4.7540701e+01
  -5.5637814e+01   7.1594597e+00
   6.2081149e+01  -6.2080303e+01
   4.8761611e+01  -3.2790747e+01
   1.2177368e+01  -3.9634660e+01
   4.5801841e+01   3.6445642e+01
  -6.5393200e+01   3.5161455e+01
  -2.1315790e+01  -5.7642649e+01
  -2.7766399e+01  -7.2917394e+01
  -1.5926266e+01   7.2792656e+01
   9.7221434e+01   3.7042756e+00
  -4.4378634e+01   7.0879378e+01
  -3.1591689e+01   6.5108681e+01
  -4.2849543e+00   2.4977922e+01
   9.6873842e+01  -2.9951074e+01
  -6.0921272e+01  -3.6856775e+01
  -8.2397933e+00   5.3498608e+01
  -2.0960270e+01   2.7823516e-01
  -3.2038087e+01  -1.8804090e+01
   1.7256925e+00   5.2530392e+01
  -4.7616806e+01  -2.3577663e+01
   3.8351872e+01  -5.2756524e+01
   5.7003665e+01  -9.0109326e+01
  -4.0184182e+01   4.2067810e+01
   2.3046347e+01  -3.1639670e+01
   3.2390457e+01  -3.3822725e+01
   6.6297111e+01  -8.6520946e+01
  -9.5585339e+01   4.9459606e+01
   4.4649954e+01  -2.9500503e+00
   2.8954330e+01   3.1179022e+00
  -1.6094274e+01  -8.1320201e+00
   1.0302666e+01   2.0342332e+00
  -9.8314307e+01   5.9017829e+01
  -7.4756300e+01   2.7343565e+01
  -3.9004273e+00  -5.2256591e+01
  -3.2595376e+01  -5.3763150e+01
   4.0558364e+01  -6.2284591e+01
   9.6676976e+01  -7.4317993e+01
  -2.5559329e+01  -2.9709479e+01
   6.2046780e+01   1.4738338e+00
   6.8357012e+00  -5.9444438e+01
  -4.4089041e+01  -8.0982240e+01
   8.2821207e+01  -4.3739050e+01
  -4.0686332e+01  -5.8916775e+00
   8.4477354e+01   1.8863293e+01
   1.5562996e+01   2.2163857e+01
   6.7026542e+01   2.0507486e+01
  -1.2850120e+01   2.8825597e+01
   7.1605899e+01  -3.3245201e+00
   1.7219639e+01   4.1255749e+01
  -4.1874977e+01   8.1621326e+01
  -3.0716834e+01  -3.0837841e+00
  -6.6612454e+01  -5.4725241e+01
   7.1460563e+01  -4.0251792e+01
  -3.2808307e+01   3.5698345e+01
  -1.5592798e+01  -2.9314923e+01
  -6.4341545e+01  -5.5403524e-01
  -6.7331650e+01   5.0375801e+01
  -2.5669080e+01   7.2939674e+01
   6.7760876e+01  -2.8974616e+01
   8.8251962e+01  -9.3197209e+01
   2.8714958e+00   7.9707312e+01
   8.7248669e-01   9.7086551e+01
  -4.1550807e+01  -1.5783806e+01
  -9.5489198e+01  -1.5010376e+01
   3.4988237e+01  -9.9764176e+01
   4.6069289e+01  -4.6541966e+01
  -8.6856226e+01  -3.1769062e+01
  -5.8960370e+01   1.6544131e+01
  -7.7441996e+01   1.7936263e+01
  -7.5642050e+01  -5.0557974e+01
  -7.7235281e+01   9.5096614e+01
   3.3633470e+01   2.3494862e+01
  -6.6911313e+01   7.9876337e+01
   7.0024959e+01  -6.8085708e+01
   7.9457962e+01  -6.4940127e+01
   1.8757592e+01  -1.3513578e+01
   4.6164628e+01   1.6539315e+01
   3.1268911e+01  -6.6776750e+00
   8.5414644e+00  -1.2435016e+01
   1.3548663e+00  -1.3169065e+00
  -9.5203363e+01  -3.9909351e-01
  -9.6497959e+01   7.8486170e+00
   3.3011952e+01  -4.4629894e+01
   5.7202870e+01  -5.3618324e+01
  -2.9423063e+01  -6.3199247e+01
  -1.0114464e+01  -6.8299642e+01
   3.1187809e+01  -6.2225816e+01
   7.9242842e+01  -9.7463591e+01
  -1.1192063e+01  -9.2423475e+01
   7.9604500e+00  -9.2123366e+01
  -3.7083569e+01  -6.9514333e+01
  -2.6626075e+01  -9.1609847e+01
  -9.1174216e+00  -8.2687679e+01
  -2.9153036e+01  -8.2421519e+01
   5.3245606e+00  -8.0477729e+01
   1.7569711e+01  -8.9382120e+01
  -3.7703893e+00  -9.9048834e+01
   8.2759671e+01  -4.0067019e+00
   9.2732235e+01   1.3222273e+01
  -1.4689400e+01   9.1718889e+01
   8.3467885e+01  -1.9065733e+01
   2.0331095e+01  -9.8960878e+01
  -2.1258633e+00   3.4384293e+01
   5.7113594e+01   2.1824095e+01
  -3.5105570e+01   5.0365731e+01
   2.5298479e+01   3.4882632e+01
   1.0919718e+01   4.8934365e+01
   6.0565225e+01  -1.8190279e+01
   6.3241749e+00   2.9086922e+01
  -4.9729622e+01   4.3681264e+01
  -3.1679070e+01   2.5946949e+01
  -5.5828955e+01  -5.5374275e+01
  -2.9776982e+01   1.6334999e+01
  -9.9903510e+01   9.4813551e+01
  -3.0492327e+01   8.2672009e+01
  -4.0627536e+01   6.1314707e+01
  -2.0694546e+01   8.1503540e+01
  -6.0565076e+01  -2.6574351e+01
  -5.5651096e+01   3.5702774e+01
   9.5548178e+01  -8.6382392e+01
   4.2971353e+01  -1.2736664e+01
  -1.2526576e+01  -1.7057575e+01
  -4.4832712e+01   5.2319419e+01
  -3.6573607e+01   9.0457237e+01
  -1.1262543e+01   3.8343274e+01
  -2.5892179e+01   4.6514101e+01
  -2.2976548e+01   3.7019613e+01
  -2.5400149e+01  -1.1455259e+01
  -3.0381963e+01  -4.3865775e+01
  -3.8301707e+01  -2.6393247e+01
   7.7443577e+00   6.0482498e+01
  -5.4994655e+01  -1.7170691e+01
   3.2007171e+00   6.9778359e+01
  -9.4459866e+01  -2.4747039e+01
  -1.0855114e+01   8.2058398e+01
   4.0188810e+01  -2.7671434e+01
  -8.3652761e+01   4.0861154e-01
  -9.5725631e+01   2.9107170e+01
  -8.2874456e+01   3.2232187e+01
  -9.4364283e+01   7.8892418e+01
  -7.4754383e+01   3.7221337e+01
  -8.3103739e+01   1.0118121e+01
  -8.9279371e+01   8.9830654e+01
  -8.5705715e+01   7.3966717e+01
   1.3641986e+01  -3.0487006e+01
   2.6003339e+01  -2.2376249e+01
  -4.5947374e+01   3.4027741e+01
   5.3482826e+01  -7.9787829e+01
  -8.8436703e+01   6.0440902e+01
  -7.0090480e+01  -4.2316650e+01
   4.6183773e+01   2.6482583e+01
  -7.5306335e+01  -2.4592139e+01
  -9.3762236e+01  -4.2771987e+01
  -7.6336066e+01   8.5196278e+01
  -9.4356256e+01   6.8465124e+01
   2.4307516e+01   2.2815492e+01
  -6.8086614e+01   9.9051365e+01
   6.2109253e+01  -3.6943117e+01
   5.7499545e+01  -2.8110008e+01
   6.5098649e+01  -4.7771142e+01
   4.9798737e+01  -6.5528867e+01
  -1.1045819e+01   2.5440216e-01
   7.7348315e+01   4.7730525e+00
   6.4171063e+00  -4.8086759e+01
   1.7107812e+01  -4.7295406e+01
  -6.4323425e+00  -3.3207804e+01
  -5.0904615e+01   2.4609680e+01
  -1.3755784e+01  -4.5894586e+01
  -9.9859721e+01   2.0107665e+01
  -6.0291076e+01   9.2880527e+01
  -7.9606186e+01   5.5911547e+01
  -2.8413890e+01   6.6093214e+00
   3.2151258e+01  -7.2186765e+01
  -2.3596577e+00  -6.1989928e+01
  -1.2883379e+00   7.9554827e+00
  -4.0541863e+01  -5.9846729e+01
  -8.6211725e+01   9.9439537e+01
  -2.2524540e+01  -4.8336382e+01
  -1.6671073e+01  -7.6277548e+01
   5.5163051e+01  -9.9927131e+01
   5.3323766e+01  -1.0298162e+01
   9.7313943e+01  -6.2336917e+01
   7.1100883e+01  -5.8225060e+01
   7.9317759e+01  -5.2917572e+01
   8.8964479e+01  -6.7965626e+01
   2.9223347e+01  -8.2041558e+01
  -4.7578920e+01   1.3105095e+00
  -3.7937563e+01   3.7874371e+00
  -4.9200215e+01   1.4800517e+01
  -5.1899242e+01  -7.6857496e+00
  -6.1989463e+01  -1.0217606e+01
   4.9801447e+00  -6.9042460e+01
  -3.6270811e+01  -9.0755727e+01
  -5.5899400e+01  -7.5324595e+01
   9.1045033e+01  -4.9552969e+01
  -4.6878049e+01  -7.1092763e+01
  -1.5836371e+00  -8.9201114e+01
   6.9424668e+01  -9.5864242e+01
  -1.1551998e+01  -5.8489260e+01
   3.7831371e+01  -9.0341548e+01
   9.8289703e+01  -6.2321011e+00
   8.7310491e+01   4.8502921e+00
   7.5456947e+01   1.4558883e+01
   6.6275487e+01   1.0535732e+01
  -8.7901581e+00   9.9777378e+01
   2.8002463e+01  -9.1963530e+01
   2.0345670e+01   5.2151507e+01
   8.9653976e+01  -1.1242708e+01
   8.7077685e+01  -2.8291911e+01
  -2.2200358e+01   2.7113042e+01
  -5.9386784e+01  -6.4694761e+01
   1.3456340e-01   1.7133895e+01
   1.6062553e+01   3.1498148e+01
  -3.5346851e+01   7.4194189e+01
   6.8445036e+00   3.9801363e+01
  -5.9296839e+01   4.5052625e+01
   7.6676756e+01  -1.1851600e+01
   6.3142771e+01  -8.5444082e+00
  -5.3464767e+01   7.4451908e+01
  -1.1628574e+01   6.3989251e+01
   4.9398508e+01  -2.2148634e+01
   4.0785137e+01  -3.8522473e+01
  -2.7442252e+01   5.6316015e+01
  -7.6940694e+01  -1.5265056e+01
  -1.5948419e+01   4.6850544e+01
  -6.7930733e+01   2.0550993e+01
  -4.6546766e+01   9.0365642e+01
  -8.5115937e+01  -1.2059464e+01
  -2.1691990e+01  -2.0658345e+01
  -4.1256566e+01   9.9232170e+01
  -5.2348480e+01  -3.2076537e+01
  -3.3892212e+01  -3.4977276e+01
  -2.1763094e+00   6.1512404e+01
  -7.1853801e+01  -7.0283937e+00
   1.2609476e+01   8.1905738e+01
   1.2890237e+01   7.1921001e+01
  -6.0708409e+00   7.3320211e+01
  -5.4634492e+01   5.4151856e+01
   1.3399503e+01  -2.1185389e+01
  -7.6196340e+01   4.6724336e+01
  -2.8285410e+00   8.7860835e+01
  -6.0711137e+01  -4.6715308e+01
   6.5426448e+01  -7.6808940e+01
   4.3663536e+01   6.9282691e+00
   5.4774675e+01   3.1584180e+01
   2.6346285e+01   1.3081407e+01
   2.1598816e+01  -4.3125770e+00
   3.5280950e+01  -1.8992913e+01
  -2.4595951e+01   9.0654698e+01
  -6.6892835e+01  -1.8914348e+01
   5.5446181e+01  -4.3954432e+01
   3.6310732e+01   1.3924776e+01
   5.5969762e+01   1.1889728e+01
  -9.7449765e+01  -5.2037349e+01
  -8.0626629e+01  -5.9200079e+01
  -5.7558647e+01   8.3382796e+01
  -7.5844285e+01   7.5288070e+01
  -7.9664986e+01  -3.8717377e+01
   5.7794733e+01  -7.0881089e+01
   7.9371434e+01  -3.4418294e+01
   9.3355397e+01  -2.0552190e+01
  -9.8177950e+01  -3.3902218e+01
   2.1464036e+01  -7.2045948e+01
   1.9366966e+01   5.3167173e+00
   4.7794521e+01  -5.5992320e+01
   4.2215672e+01  -7.1747537e+01
   2.8479451e+00  -3.9068805e+01
   3.9342279e+00  -3.0115115e+01
  -5.5180935e+00  -2.3618823e+01
  -6.3253463e+00  -7.0794067e+00
  -1.4347151e+00  -1.4261987e+01
  -9.1283017e+01   1.5362790e+01
  -9.0449549e+01   3.7423289e+01
   2.1854481e+01  -6.2302908e+01
   1.5265330e+01  -5.5927201e+01
  -9.9480212e+01   4.0313331e+01
  -2.0962424e+01  -9.9178640e+01
   8.7492990e+00   1.7490395e+01
  -9.0894752e+01  -6.6411878e+00
