  -7.1991651e+01   9.4027305e+01
   5.6542727e+01  -1.7321388e+01
  -5.1666742e+01   1.6919229e+01
  -7.0154014e+01   3.8424662e+01
   9.4484729e+00  -5.0820092e+01
   4.3429060e+01  -5.0421268e+01
  -4.0308390e+01   6.5103315e+01
  -8.9933259e+01   7.4159401e+00
  -7.6045523e+01   7.5144113e+01
  -4.3472072e+01   8.1448146e+00
  -9.7398246e+01   7.7997079e-01
   6.7925475e+00  -8.1217226e+01
   6.4827412e+01  -9.0114253e+01
   5.5382290e+01  -4.6992481e+01
  -4.0313465e+00  -6.3956265e+01
   7.6358569e+01  -6.5470271e+01
  -3.4504902e+01   4.4303205e+01
  -9.1158852e+01  -1.4690308e+01
  -4.1234129e+01   3.6931967e+01
  -9.0623185e+01   1.9908685e+01
   5.2911701e+01  -3.6979729e+01
   4.3304394e+01  -3.0370216e+01
   3.7679541e+01  -8.5775319e+01
   1.8185665e+01  -2.6174857e+01
  -8.9702875e-01  -5.0353048e+01
  -8.8774454e+01   2.9703046e+01
  -5.4902987e+01   4.9319396e+01
  -8.1380589e+01   2.2185311e+00
  -6.0522422e+01   4.1075513e+01
  -9.5196512e+01   8.6285209e+01
  -5.3070365e+01  -1.5056085e+01
  -7.6485493e+01   8.5117590e+01
  -9.9024734e+01   1.1572186e+01
  -5.9803937e+01  -6.7096116e-01
  -7.9988896e+01   3.9951768e+01
  -4.1739399e+01   1.7972708e+01
  -6.3024513e+01   3.1450710e+01
   4.7086947e+01  -8.2796365e+01
   3.1827563e+01  -9.3796206e+01
   2.5815554e+01  -1.9717108e+01
   6.1549767e+00  -1.9786418e+01
   3.3596728e+01  -3.9408209e+01
   2.1497224e+01  -3.5581087e+01
   4.1157563e+00  -3.9800471e+01
   8.0709773e+01  -4.7456924e+01
   2.0189670e+01  -6.3790961e+01
   3.0706618e+01  -6.7372918e+01
   4.0839402e+00  -6.9718606e+01
   4.8742163e+01  -7.1675753e+01
   4.1199372e+01  -6.5271281e+01
  -2.7445959e+01   5.1372032e+01
  -4.1974712e+01   5.5252277e+01
  -8.8052633e+01   5.7302343e+01
  -7.4292157e+01  -4.8344020e+00
  -8.4142771e+01  -2.1919103e+01
  -4.5510921e+01  -8.5108083e+00
  -2.3529899e+01   2.8299590e+01
  -3.4127271e+01   2.4446377e+01
  -6.7528489e+01   8.0365967e+01
  -7.8088527e+01   5.7700378e+01
  -7.2615129e+01   1.6903135e+01
  -6.7833035e+01   8.1280769e+00
   7.5394823e+01  -2.4697034e+01
  -8.1129818e+01   2.3375439e+01
   6.9048629e+01  -4.7389464e+01
  -6.3366234e+01   2.0819779e+01
  -5.1477323e+01   3.6854958e+01
   7.4078356e+01  -9.3780859e+01
  -7.1829429e+01   2.6863066e+01
  -8.6045405e+01   8.2293076e+01
   4.1727446e+01  -1.1761185e+01
   3.5812993e+01  -1.9810247e+01
   2.4341859e+01  -4.5209744e+01
   1.6034401e+01  -1.6431450e+01
   9.7532871e+00  -3.1543030e+01
   1.3865535e+01  -4.1943475e+01
  -1.0878135e+01  -5.0967475e+01
   1.9021462e+01  -5.3676832e+01
   7.0704672e+01  -5.7236246e+01
  -5.8688380e+00  -3.9569935e+01
   2.2959126e+01  -8.9337928e+01
   2.8134057e+01  -5.7750400e+01
   6.5220120e+01  -8.0303294e+01
   1.3814928e+01  -7.1475332e+01
  -9.7665670e+01   6.7137691e+01
  -9.7863314e+01   3.4011979e+01
  -5.7892544e+01   9.1289003e+00
  -5.1377511e+01   5.8655849e+01
  -4.5527450e+01   4.5923638e+01
  -4.9817602e+01   6.8523093e+01
  -2.4770261e+01   4.1381326e+01
  -8.1999305e+01   1.3461336e+01
  -6.2215020e+01  -1.9101846e+01
  -3.1648510e+01   3.4129378e+01
  -8.7853535e+01   9.3553744e+01
  -8.1644554e+01  -1.1612087e+01
  -4.9876879e+01   4.8144509e-01
  -8.8904887e+01  -4.7302715e+00
  -3.3613789e+01   1.2173286e+01
  -7.4413109e+01  -1.8519019e+01
   6.8482076e+01  -3.1915472e+01
  -8.9645698e+01   7.3014814e+01
  -8.1741327e+01   6.6955952e+01
  -4.4518385e+01   2.7538665e+01
   5.9932238e+01  -2.6729325e+01
   6.0888484e+01  -5.5339038e+01
  -5.7624495e+01   8.1714058e+01
  -6.5229641e+01  -9.0593437e+00
   4.3537346e+01  -4.0424326e+01
   6.2461456e+01  -3.9888789e+01
   3.9707452e+01  -9.9874882e+01
  -8.9863987e+01   3.9565193e+01
  -5.4421173e+01   2.6497260e+01
  -7.4666403e+01   4.8360618e+01
   3.2782833e+01  -7.7135725e+01
   2.3347979e+01  -7.4087631e+01
   5.6293367e+01  -9.5168794e+01
   2.3500682e+01  -9.9809008e+01
   3.3230927e+01  -2.9448135e+01
  -6.4853703e+01   5.0030777e+01
   3.3498295e+01  -4.9367728e+01
   4.6114507e+01  -2.0773171e+01
   2.9681038e+01  -1.0496357e+01
   3.9535849e-01  -2.8020485e+01
   9.3786816e+00  -8.9830220e+00
   5.1487827e+01  -6.1284847e+01
  -9.3253592e+01   4.8814433e+01
  -1.5533429e+01  -4.2113836e+01
   1.6753311e+01  -8.1562819e+01
   4.6647405e+01  -9.2731382e+01
   5.8295314e+01  -6.8730984e+01
   8.2015251e+01  -5.7332068e+01
   1.3152301e+01  -9.1183796e+01
  -9.8462542e+01   5.7237436e+01
   6.8030075e+01  -7.0811033e+01
   5.5837140e+01  -7.8430096e+01
   4.9800384e+00  -5.9683426e+01
  -3.2355012e+00  -7.6479813e+01
  -9.9986618e+01   2.4774798e+01
