  -7.3960438e+01   1.3778297e+00
  -8.9761543e+01   2.6219110e+01
  -2.9009077e+00  -4.5021191e+01
  -5.0377991e+01   6.8252355e+01
  -8.6240799e+01  -2.3105454e+01
   6.7527208e+00  -2.6955161e+01
  -2.0004660e+01  -3.5393440e+01
   1.3557162e+01  -8.3300769e+01
   4.7139888e+01  -9.9763230e+01
  -6.2590971e+01   2.7882677e+01
  -7.2451864e+01   1.1245151e+01
   6.7391146e+01  -2.5995171e+01
  -1.9649568e+01   6.1524671e+01
   9.4250550e+01  -4.1432677e+01
   2.8132568e+01   6.5668139e+01
  -8.7828290e+01  -4.9191805e+01
   4.5902821e+01  -2.9371550e+01
   4.8345431e+01   4.1940824e+01
  -2.0684502e+01  -5.7543918e+01
  -2.7120425e+01  -7.5971298e+01
  -1.2853683e+01   7.8398955e+01
  -4.0411545e+01   6.8907576e+01
  -2.8538196e+01   6.6402893e+01
   2.0722558e+00   2.7467344e+01
  -2.4923782e+00   6.1353071e+01
  -2.6896778e+01  -2.1248874e-01
  -3.8029456e+01  -2.2876873e+01
   6.7669373e+00   5.7607627e+01
  -4.4215300e+01  -1.5112545e+01
   3.9979924e+01  -5.5406220e+01
   5.6664862e+01  -9.5986155e+01
   2.7777160e+01  -3.4338887e+01
   6.5829033e+01  -9.2065752e+01
   4.1549300e+01  -1.4505592e+00
   3.2390540e+01   2.5419223e+00
   5.8339309e+00   1.1095484e+00
  -3.0883406e+01  -5.0628050e+01
   3.6412217e+01  -6.4702455e+01
   9.4926114e+01  -8.1486982e+01
   6.1204314e+01   4.3041677e+00
   5.4330371e+00  -5.5517715e+01
  -4.0908946e+01  -5.7342963e+00
   8.4264586e+01   2.0482600e+01
   1.6174861e+01   2.5960771e+01
   6.4086592e+01   1.8061878e+01
  -1.9010865e+01   3.9321465e+01
   2.1372660e+01   4.4041476e+01
  -7.0634338e+01  -6.7425901e+01
   7.4724173e+01  -3.5519921e+01
  -6.3886700e+01   6.0983475e+00
  -7.2960274e+01   5.2265036e+01
  -2.4213167e+01   8.0463678e+01
   9.4209713e+01  -9.7464002e+01
   4.0223745e+00   8.0825351e+01
  -9.7821637e+01  -1.4992564e+01
  -7.7918464e+01  -5.0092622e+01
  -7.0778006e+01   7.8842494e+01
   7.0751320e+01  -6.3474868e+01
   8.0417516e+01  -6.5075591e+01
   2.0719028e+01  -1.2621699e+01
   4.6433552e+01   1.6271977e+01
   3.3704225e+01  -7.6273013e+00
   1.0876921e+01  -1.1805221e+01
   3.1049029e+01  -5.1298837e+01
  -8.2150322e+00  -7.4471119e+01
   2.7357828e+01  -6.0545758e+01
   3.9891776e+00  -8.5172332e+01
   9.7706630e+01   1.9503910e+01
   5.2978376e+01   2.3621682e+01
  -3.5750528e+01   4.9936156e+01
   3.1517789e+01   3.1190201e+01
   6.3429503e+01  -1.6038726e+01
   9.8568130e+00   3.3681718e+01
  -4.5622312e+01   4.9399880e+01
  -5.2474539e+01  -5.7887974e+01
  -3.4672546e+01   1.7794874e+01
   4.7192357e+01  -9.7713824e+00
  -3.6473462e+01   9.1801202e+01
  -9.4666873e+00   3.6726473e+01
  -2.7451359e+01   4.4512353e+01
  -1.5291120e+01  -1.0667634e+01
  -2.9832328e+01  -4.0820408e+01
  -5.9340243e+01  -2.4662979e+01
  -8.1792171e+01   3.4429134e+01
  -8.2055604e+01   8.5940153e+00
  -9.1800761e+01   9.3388726e+01
   2.3913528e+01  -2.5134699e+01
   4.6341103e+01  -8.8813361e+01
  -7.8260322e+01  -2.9125728e+01
  -9.6881952e+01  -4.5002940e+01
  -7.8278759e+01   8.9140813e+01
  -9.9980411e+01   6.6177116e+01
   5.4964627e+01  -3.3602414e+01
   6.5636543e+01  -4.5388023e+01
   4.8177653e+01  -6.0960404e+01
  -7.5491081e+00  -4.2428919e+00
   1.8175496e+01  -4.0402504e+01
  -1.0733992e+01  -3.1854231e+01
  -4.5120178e+01   2.5524345e+01
  -7.9684011e+01   5.9641472e+01
  -2.9249905e+01   9.4427020e+00
  -3.4829114e+01  -7.0379641e+01
  -1.9977682e+01  -8.6346706e+01
   6.5702183e+01  -5.5184169e+01
   8.7413406e+01  -4.9215297e+01
   3.3140726e+01  -8.6474190e+01
  -4.6818331e+01   1.5658173e+01
  -5.1795365e+01  -6.5671057e+00
  -3.3792026e+01  -9.7138695e+01
  -7.0463799e+01  -7.7409021e+01
   9.7376672e+01  -5.1289671e+01
  -5.9409409e+00  -8.6826675e+01
  -1.1621462e+01  -6.2366258e+01
   3.8443517e+01  -9.4898922e+01
   8.5146967e+01  -1.3109783e+00
   7.4017306e+01   2.0062581e+01
   7.0775317e+01   1.0667560e+01
   2.8600711e+01  -9.6430365e+01
   2.7994567e+01   5.1527338e+01
   9.1993368e+01  -8.6074474e+00
   8.7711783e+01  -2.3651908e+01
  -2.6525457e+01   2.3585322e+01
  -6.0847991e+01  -6.4565854e+01
  -4.0705535e-03   1.4331840e+01
   2.1956719e+01   3.4081568e+01
  -3.2836163e+01   7.5419942e+01
   8.1702438e+00   4.3512164e+01
  -7.0091660e+01   4.2508135e+01
   8.3543656e+01  -1.3946240e+01
   6.3265953e+01  -6.0854680e+00
  -4.8995729e+01   7.8119196e+01
  -1.1000154e+01   6.7034602e+01
   4.8490311e+01  -1.9738695e+01
   3.7732527e+01  -3.5127350e+01
  -3.6066387e+01   5.9915833e+01
  -7.7228907e+01  -1.8836280e+01
  -9.6140611e+00   4.6590769e+01
  -7.4629230e+01   2.3094505e+01
  -4.6311048e+01   9.0136729e+01
  -8.7983056e+01  -1.3203052e+01
  -2.3988478e+01  -1.9791799e+01
  -5.3717748e+01  -3.2841477e+01
  -3.6698230e+01  -3.2650831e+01
   4.4615994e+00   6.8509322e+01
  -7.8555532e+01  -8.9684689e+00
   2.2814668e+01   8.3865417e+01
   1.2618649e+01   7.5753609e+01
  -3.8618445e+00   7.4036911e+01
  -5.4146191e+01   4.4390705e+01
   1.4823532e+01  -2.0943410e+01
  -7.9731150e+01   4.4923713e+01
   4.3753209e+00   9.0818631e+01
  -5.9733475e+01  -4.2299765e+01
   6.5177796e+01  -8.2173692e+01
   4.8438062e+01   5.7868325e+00
   5.3749427e+01   3.3547629e+01
   2.5706362e+01   2.3061794e+01
   2.4652756e+01  -3.5076048e+00
   3.9366576e+01  -1.5832797e+01
  -2.6634981e+01   9.0132279e+01
  -6.9269977e+01  -2.4793596e+01
   5.5863234e+01  -4.3526452e+01
   3.9213220e+01   9.6033870e+00
   5.5716617e+01   1.2627882e+01
  -7.9634994e+01  -6.3065456e+01
  -5.6104075e+01   8.8234421e+01
  -8.0808085e+01   7.9478106e+01
  -8.4013950e+01  -3.9792882e+01
   4.8953742e+01  -7.9218976e+01
   8.4847908e+01  -3.3310773e+01
   2.0166762e+01  -7.6037774e+01
   1.9117274e+01   6.1353005e+00
   4.7684432e+01  -4.9183620e+01
   4.4670788e+01  -7.0256777e+01
   5.8930338e+00  -4.0171263e+01
  -9.6509614e-01  -3.3184283e+01
  -4.6307221e+00  -2.3974835e+01
  -6.0638085e+00  -1.4120032e+01
   3.1058717e+00  -1.7787974e+01
  -9.3101548e+01   1.5586798e+01
  -9.8465331e+01   3.8242366e+01
   1.9216228e+01  -6.6259054e+01
   1.5103171e+01  -5.7346274e+01
   9.9976600e+00   1.0094405e+01
  -5.1433037e+01  -6.7715036e+01
  -3.6464762e+01  -7.9911525e+01
  -3.7273737e+01  -5.7496578e+01
  -8.9928205e+01   8.3567632e+01
   7.5601981e+01  -4.5466974e+01
   7.6730476e+01  -5.5392722e+01
  -1.7523937e+01  -7.6952952e+01
  -5.7860347e+01  -8.8541103e+01
   1.5164725e+00  -7.5858910e+01
   5.6059561e+01  -8.6070061e+01
   1.1475519e+01  -9.2975931e+01
   2.0740802e+00  -9.3411906e+01
   9.0678832e+01   1.2391498e+01
   9.4306794e+01   3.0734598e+00
   8.8962665e+01   2.9310257e+01
   8.0762740e+01   1.1115816e+01
   4.4527832e-01   3.7276599e+01
  -1.8996814e+01   4.9836033e+01
   2.1016719e+01   5.8679237e+01
   1.9055520e+01  -9.9275361e+01
  -7.8041276e+00   2.7045237e+01
  -3.5465216e+01   2.8047326e+01
   8.3480695e+00   1.9831719e+01
  -6.1731694e+01  -5.4582200e+01
  -2.7140404e+01   3.3553700e+01
  -1.9965110e+01   7.1455391e+01
   3.1166933e+01   4.2046596e+01
   6.1922425e+01   2.7798158e+01
  -3.7217796e+01   3.5064347e+00
  -3.9978638e+01   8.2402323e+01
  -1.2298438e+01  -4.1663071e+01
  -5.8967453e+01   7.8702707e+01
   8.4746113e+01  -9.4310816e+01
  -6.4036325e+01  -1.5825946e+01
  -6.1401183e+01   3.7697181e+01
  -5.2666554e+01   3.2082335e+01
  -7.1793956e+01   3.2670342e+01
  -2.7329304e+01   5.5220260e+01
  -1.7888273e+01   2.9002160e+01
  -1.1132748e+01   5.6404031e+01
  -9.2011744e+01   5.6482960e+00
  -1.4482470e+01  -2.2651577e+01
  -9.6073923e+01  -2.4838641e+01
  -6.4208085e+01  -3.3389358e+01
  -3.4357624e+01  -1.3645190e+01
  -3.5644122e+01   3.8796301e+01
  -2.7553238e+01  -2.9006420e+01
  -4.7921318e+01  -2.4687762e+01
  -4.5623252e+01   3.9175910e+01
  -5.4486628e+01   2.2064161e+01
   1.2993278e+01   8.5746189e+01
  -8.3478298e+01   1.8463083e+01
  -5.4069597e+01  -1.6258934e+01
   1.4434600e+01   5.1217592e+01
   1.4092015e+01   6.5871239e+01
   3.8674009e+01  -4.5019859e+01
   2.9579282e+01  -1.7005356e+01
   4.6810510e+01  -3.9287803e+01
  -7.1230108e+01  -5.7475938e+01
   5.8413352e+01   4.2374918e+01
  -8.6635870e+01   5.2463096e+01
  -2.2035202e+01   9.8993413e+01
  -6.8376142e+01  -4.7268413e+01
   3.9726806e+01   3.6882649e+01
  -1.6378510e+01   8.9081494e+01
   1.5821112e+01  -3.0845875e+01
   7.4941830e+01  -9.6027323e+01
  -5.1614180e+00   8.4724476e+01
   2.2430299e+01   7.3874803e+01
   3.6232538e+01  -2.5288952e+01
  -6.3298957e+01   4.9791844e+01
  -9.7585821e+01   7.7138965e+01
   7.3318429e+01  -1.7271729e+01
   5.7483759e+01  -2.3999054e+01
   6.4731384e+01  -3.5566342e+01
   5.3957291e+01  -2.5210495e+00
  -7.9270949e+01   6.9614525e+01
  -8.4583976e+01  -1.0381835e+00
  -5.1301897e+00   9.4706604e+01
  -8.9307216e+01   7.1117442e+01
   7.5827384e+01  -7.6323428e+00
  -5.4469537e+01   5.4343565e+01
  -7.1098753e-01   5.1011682e+01
  -9.7940129e+01  -5.5026458e+01
   7.0515297e+01   7.5118699e-01
  -7.4057795e+01  -3.9117768e+01
  -6.6236589e+01   8.7751789e+01
  -4.5933762e+01   5.9362516e+01
  -8.8827027e+01  -5.9137288e+01
   7.7963863e+01  -2.6080168e+01
   8.4695649e+00  -6.4987545e+01
   4.1827765e+01   2.5207587e+01
   2.7568172e+01   1.1321035e+01
   3.4534390e+01   1.8418581e+01
   9.5038618e+01  -3.1463778e+01
  -1.6932235e+01  -8.4950430e-01
  -2.5155900e+01  -9.9578446e+00
   9.5848738e+01  -1.7838994e+01
   6.7098514e+01  -7.2500526e+01
   5.7489521e+01  -6.4515327e+01
   5.5875467e+01  -5.4680632e+01
   5.7505008e+01  -7.4459921e+01
   1.8062658e+01   1.6072041e+01
  -9.9532904e+01   2.8306676e+01
  -9.6384765e+01   5.4681212e+01
  -9.3768146e+01  -4.9497724e+00
   2.1431699e+01  -4.9742497e+01
  -2.4013057e+01  -9.5356312e+01
  -1.2958053e+01  -5.1516532e+01
  -3.2859765e+00   4.7709001e+00
   1.4850379e+01  -2.8047391e+00
   1.7182195e+00  -7.9148352e+00
   2.3253703e+01  -8.5512531e+01
   2.9995007e+01  -7.5136578e+01
   3.9198569e+01  -7.8612892e+01
  -7.1663191e+01   9.6633279e+01
  -2.1825755e+01  -4.7385088e+01
  -6.1326849e+01  -3.5634297e+00
  -5.4352261e+01   9.0862887e+00
  -2.4563912e+00  -6.6427371e+01
  -4.2424189e+00  -5.5816234e+01
  -1.3266322e+01  -9.3611453e+01
  -8.2923806e+01   9.7992362e+01
  -4.7102458e+01   2.2237391e+00
  -8.9290517e+01   4.2153700e+01
  -2.9030644e+01  -6.2548358e+01
   9.6776135e+01  -7.1659601e+01
   9.7888649e+01  -6.1524561e+01
  -5.6781461e+01   9.8188448e+01
   8.8249351e+01  -5.9121387e+01
   1.1759549e+01  -4.7994417e+01
  -6.5590848e+01   1.8432208e+01
  -9.3141351e+01  -3.5729395e+01
  -2.9825361e+01  -8.7220016e+01
  -3.9688010e+01  -8.9165534e+01
  -4.8620671e+01  -9.3469293e+01
  -6.0542796e+01  -7.6266048e+01
  -2.0126468e+01  -6.7455786e+01
  -5.1613837e+01  -8.0739874e+01
  -4.2485470e+01  -6.5000281e+01
  -1.5633069e-01  -9.9989929e+01
