   4.0484372e+01   1.3420793e+01
   3.2610053e+01  -1.2329063e+01
  -2.0666234e+01  -1.9934201e+01
   3.4804151e+00   2.0668922e+01
   6.2721264e+00  -3.4965349e+01
   9.7679969e+00   1.1197393e+01
   5.3425915e+00  -2.5047060e+01
   2.5227413e+01  -5.5858386e+00
   6.0312612e+00   2.0004425e+00
   2.9231594e+01   4.5537624e+01
  -3.8567073e+01   1.1934362e+01
  -1.4520465e+01   2.9286154e+01
   4.2260557e+01  -2.7399112e+01
  -3.3482870e+00  -2.0158890e+01
  -1.5869425e+01  -4.1318220e+01
  -6.0236268e+00  -5.9554547e+01
  -2.5550356e+01  -3.8685989e+01
  -2.9064982e+01   8.8309492e+00
  -4.1795597e+01  -6.2640672e+00
  -1.4411772e+01  -9.7959886e-01
   4.7429651e+00   3.3932559e+01
   3.5666595e+01   4.6641458e+00
  -2.1986036e+01   3.5936626e+01
   2.3839739e+01  -3.5161204e+01
  -4.6072032e+01   4.9329011e+00
   6.8817677e+00  -4.4918048e+01
  -3.6468270e+01  -1.4706796e+01
  -4.8294541e+01  -3.0398839e+01
   4.6803442e+01   2.8112674e+01
  -2.5261865e+01  -3.9941249e-01
   1.6013720e+01   1.9288104e+00
  -5.9004645e+00   5.0180783e+01
   5.1764011e+01  -1.4370659e+01
   2.8137945e+01   2.3176573e+01
   1.4322326e+01   3.6798895e+01
   3.4738163e+01   3.2536927e+01
   2.7726087e+01  -4.4369876e+01
   2.2743210e+01  -1.5254113e+01
   4.2209491e+01  -1.7321570e+01
   1.5116864e+01  -3.0272581e+01
   5.6430056e+00  -1.5075325e+01
  -1.1926458e+01  -2.5270027e+01
  -1.1150392e+01  -5.0133250e+01
  -5.1407516e+01  -3.5235438e+00
  -4.8629356e+01   1.4598371e+01
  -3.0652741e+01   1.8681007e+01
   1.2899775e+01  -5.2889069e+01
   1.6387861e+01  -4.1823936e+01
  -2.0765329e+01  -2.9922544e+01
   5.7456265e+01   1.2814695e+01
  -7.8865079e+00  -1.1288368e+01
   3.8133214e+01   2.3134988e+01
  -4.3582451e+01  -2.1640932e+01
   3.0057395e+01   1.3370288e+01
   1.3466688e+01   2.0420333e+01
   3.9100262e+01  -4.7239807e+00
  -1.7705859e+01   5.0961289e+01
   7.5123912e-01  -6.3936424e+00
   6.4975577e+01  -9.3910277e-02
   1.6096337e+01   5.6557443e+01
  -3.2267401e+01   3.7983614e+01
  -2.3002857e-01   1.1385468e+01
   2.5476758e+01   3.6291960e+01
   1.1559211e+01  -7.0188663e+00
   1.9355516e+01   4.7103605e+01
   3.3416094e+01  -3.2283449e+01
   2.7632247e+01  -5.4367118e+01
   1.4141603e+01  -2.0324505e+01
  -2.3390106e+01  -5.4820342e+01
   2.3954657e+01  -2.5170524e+01
  -5.0483227e+00  -4.0594326e+01
   3.3528614e+01  -2.2285051e+01
  -4.1411104e+01   2.1518624e+01
  -5.7369006e+01   1.9456696e+01
  -5.8595171e+01  -1.0599586e+01
  -3.6468862e+01   2.1598117e+00
  -4.8951703e+01  -1.3216098e+01
  -1.7767544e+01  -1.0379259e+01
  -3.5104337e+00  -3.0713288e+01
  -1.1782749e+00  -5.0813245e+01
  -2.9932891e+01  -2.3684692e+01
  -2.7690602e+01  -1.0074171e+01
   7.4752632e+00  -6.1287331e+01
   4.5654674e+01   4.8624724e+00
  -5.3692556e+01  -2.2005462e+01
   4.9157996e+01   1.8393937e+01
  -3.3785708e+01  -3.2911421e+01
  -3.0216667e+01  -4.7519289e+01
  -5.2979023e+00   2.5439378e+01
   1.9692840e+01   1.2386403e+01
   2.5686760e+01   4.3887025e+00
  -1.0599640e+01   5.9007873e+01
   1.9551984e+01   2.8284142e+01
   5.5474657e+01   3.0134012e+00
  -5.2860922e+00   3.5438071e+01
   7.6644981e+00   5.1168505e+01
   4.9098904e+01  -4.7325377e+00
  -4.9382438e+00   2.2109283e+00
  -2.4008640e+01   2.6144805e+01
  -3.3904565e+01   2.8124510e+01
   1.4144487e+00   4.3362310e+01
   3.9077878e+01   4.7249405e+01
  -1.2345968e+01   4.2519418e+01
