   3.9643921e+01   1.1520739e+01
   2.9132969e+01  -1.2686706e+01
  -2.7016461e+01  -2.1261269e+01
   2.6912989e-01   2.2344876e+01
   5.5577054e+00  -2.9992154e+01
   1.4585648e+00   1.2937317e+01
   3.1195673e+00  -2.0402338e+01
  -1.5420776e+01  -2.0856262e+01
   2.6737558e+01  -2.9463449e+00
   6.3848233e+00  -2.6033472e+00
   2.3968536e+01   4.2419236e+01
  -3.7036613e+01   9.6528558e+00
   1.0252086e+01   1.5975170e+01
  -1.1679156e+01   2.8561675e+01
   3.1094706e+01  -2.4851161e+01
  -5.2443467e+00  -1.5457576e+01
  -1.9486710e+01  -4.3935877e+01
  -2.6683486e+00  -4.9967466e+01
  -2.6991494e+01  -3.7337088e+01
  -2.7736149e+01   6.1905607e+00
  -3.7929697e+01  -1.0793710e+01
  -1.4390324e+01  -6.6080833e-01
   9.6746274e+00   6.3281426e+00
   3.8575814e+00   3.7707205e+01
   3.4419117e+01   4.0061944e+00
  -2.1564902e+01   2.8771883e+01
   1.5677143e+01   3.6909586e+01
   2.3972695e+01  -3.1826595e+01
   1.9722587e+01  -1.0843320e+01
  -2.7145463e+00  -3.5472744e+01
  -4.2668517e+01   1.2984057e+00
   6.0800018e+00  -3.9965060e+01
  -1.5590618e+01  -1.1001413e+01
  -3.3353105e+01  -2.0193265e+00
  -1.2193947e+01  -3.2916591e+01
  -2.8035901e+01  -1.1527376e+01
  -3.4669789e+01  -2.7611993e+01
   4.4661404e+01   2.0066859e+01
  -2.3620584e+01  -2.8317473e+00
   1.4342826e+01  -3.6202890e+00
   7.3706853e+00   2.9227005e+01
  -5.0595017e+00   3.9880431e+01
   4.4089567e+01  -3.9974540e+00
  -3.7559135e+00   5.3783432e+00
   2.6602200e+01   2.1817288e+01
  -1.5483709e+01   3.7775407e+01
   1.6796511e+01   2.7020988e+01
   2.6301054e+01   3.1314559e+01
  -2.4285338e+00   3.1105866e+01
   2.4436648e+01  -4.1849086e+01
   2.2233896e+01  -2.0268282e+01
   3.7753725e+01  -1.7389175e+01
   1.5111063e+01  -2.7222174e+01
   1.2562607e+01  -1.7585171e+01
  -6.1473813e+00  -2.5071400e+01
  -9.5685385e+00  -4.2734304e+01
  -4.7335669e+01  -7.5408582e+00
  -4.6288713e+01   1.3350572e+01
  -2.9772300e+01   1.6603674e+01
   7.3416071e+00  -4.9835464e+01
   1.5602052e+01  -3.7200658e+01
  -2.1266739e+01  -2.9207297e+01
   4.8588988e+01   8.8700413e+00
  -7.4866148e+00  -6.6008808e+00
   3.5124897e+01   1.9526759e+01
  -4.1278234e+01  -2.0135802e+01
   1.9878356e+01   3.9861262e+00
   1.9092614e+01   1.7252708e+01
   3.5745018e+01  -5.2881206e+00
  -9.9694725e+00   4.7338980e+01
  -9.1264107e-01  -2.2529934e+00
   5.1336869e+01   4.5392559e-02
   8.7736670e+00   4.4154493e+01
