  -2.2388351e+01  -2.7328977e+01
   3.0534973e+01   5.5361009e+01
   6.5683641e+01  -3.9324920e+01
  -8.0546801e+00  -4.1471660e+01
  -2.6649505e+00  -5.7282312e+01
  -2.9767141e+01   1.1379365e+01
  -8.6096060e+00  -1.0271320e+01
   2.1728874e+01   3.9100785e+01
   4.0172304e+01   4.9969772e+00
   1.2755210e+01  -4.3459554e+01
  -3.7462981e+01  -8.0034020e+00
  -7.0224387e+01  -4.2638860e+01
   5.1884023e+01   4.3978042e+01
   5.7075133e+01  -1.2927775e+01
   2.2699297e+01  -4.3971290e+01
  -3.9272668e+01   1.4449422e+01
   8.0813484e+01   1.7467190e+01
   3.3697331e+01   2.8733672e+01
   4.2391207e+01   2.3798289e+01
   4.1530646e+01  -5.8690251e+00
   7.0859477e+01   4.2998595e-01
   9.4931315e+00   7.8585452e+01
  -5.3814359e+01   3.8394724e+01
   2.6502892e+01  -6.3214286e+01
   2.7179081e+01  -1.8168788e+01
  -3.2885461e+01  -7.7164138e+01
   2.1175584e+01  -3.4090609e+01
  -5.3386061e+01   2.8410025e+01
  -6.5720469e+01   2.7079751e+01
  -6.8104063e+01  -6.8214558e+00
   4.0741616e+00  -3.8588585e+01
  -2.7046945e+01  -1.8365037e+01
   2.1315726e+01  -7.6478686e+01
  -3.2373124e+01  -2.6793866e+01
  -3.0086829e+01  -4.6608106e+01
  -1.0555382e+00   4.4264029e+01
   2.4528347e+01  -7.3666379e+00
   2.1490202e+00   5.8258441e+01
   1.6673252e+01  -1.1979181e+00
  -3.8326687e+01   3.9545036e+01
  -1.4002518e+01   5.9140015e+01
   3.8299417e+01  -3.1964643e+01
   3.6941753e+01  -4.7567373e+01
   2.6435371e+01  -5.3224827e+01
   1.7302704e+01  -5.7290875e+01
  -1.2203471e+01  -5.4317152e+01
  -6.0158023e+01   1.0058819e+01
  -6.4506045e+01  -1.6147405e+01
  -5.5667915e+01   2.7859036e-01
  -4.6525438e+01  -3.7619347e+00
   1.5761522e+00  -8.6941065e+01
  -3.2554915e+00  -2.2475467e+01
   7.3323877e+00  -6.2422416e+01
   5.6653012e+01   1.4848808e+01
   8.4468997e+00   2.2644766e+01
  -3.9928248e+01  -6.9467932e+01
   5.5654471e+01   3.4716258e+01
  -5.1546702e+01  -2.2025724e+01
  -8.4737995e+00   3.7565527e+01
  -3.3363357e+00   7.4303337e+01
  -2.4752680e+01   7.4254671e+01
   6.8200385e+00   1.2791323e+01
   8.5155397e+01  -1.6861565e+01
   3.9851233e+01   7.0419798e+01
   5.4793108e+01  -2.3122370e+01
  -2.3517035e+01   2.6596772e+01
  -2.7516911e+01   4.4520521e+01
   1.7255315e+01   5.0899435e+01
   3.6515688e+01   3.8326600e+01
   5.0023303e+01   5.5645703e+01
  -1.2679881e-01  -3.5247279e+00
   4.8221622e+01  -3.0794317e+01
   5.1453129e+01  -4.6759115e+01
   3.6809981e+01  -7.9203924e+01
  -2.1313642e+01  -7.3485469e+01
   2.9093163e+01  -2.7982644e+01
   8.9674965e+00  -1.9352150e+01
  -4.5537094e+01   2.2227590e+01
  -2.0976247e+01  -6.3492123e+01
  -7.5356842e+01   2.4415405e+01
  -1.7868648e+01  -1.4456987e+01
  -2.7471494e+01  -8.3821419e+00
  -6.8971879e+01   3.6531627e+01
  -7.1844055e+01  -2.2937940e+01
  -3.5447230e+01   1.9756027e+00
  -5.0873066e+01   1.3771551e+01
  -4.6037889e+01  -1.3713210e+01
  -1.7131636e+01  -4.5654672e+01
  -5.5744152e+01  -1.1335300e+01
  -1.1003430e+01  -6.4224003e+01
  -1.3488831e+01  -8.3314630e+01
  -1.8353308e-01  -4.7615054e+01
  -3.8125906e+01   2.8939128e+01
   3.5485738e+01  -5.7458146e+01
   6.3716937e+01   7.4284143e+00
   8.7373914e+00  -7.2318106e+01
  -1.4550541e+00  -6.7191985e+01
  -4.4589831e+01   6.0126434e+00
  -3.2925318e+01  -5.6337056e+01
   8.5277104e+00  -5.2505397e+01
  -2.2668370e+01  -3.7376699e+01
   3.0118256e+01   8.2181984e+00
   2.0567027e+01   1.1168257e+01
   4.6988691e+01   1.2299071e+01
  -5.6051534e+00   6.4565976e+01
   5.7173917e+01   2.4833759e+01
  -2.3268110e+01   6.2898613e+01
   4.5664735e+01   3.4294647e+01
  -5.9986157e+01  -4.4369841e+01
  -6.0921092e+01  -2.5477136e+01
   4.3968450e+00   3.4203273e+01
   2.4484410e+01   7.2702210e+01
   6.1340677e+01  -3.1789444e+00
   4.8095405e+00   6.7978817e+01
   7.6045765e+01  -8.1194637e+00
  -2.1452731e+01   5.2471295e+01
   6.7006575e+01  -2.2486031e+01
  -2.0094009e+01   3.6996919e+01
  -3.7493457e+01   4.9509270e+01
   7.1599196e+01   1.3581950e+01
  -4.2537281e+01  -2.6802714e+01
  -3.1842613e+01   5.7756603e+01
   1.3876748e+01   3.1028513e+01
   7.3271039e+00   4.9711930e+01
  -6.2767459e+00   5.2791852e+01
   1.1878344e+01   6.0567770e+01
   4.1252611e+01   6.0449010e+01
  -1.8256747e+01  -4.5056847e+00
  -3.9051158e+00   2.8651629e+01
  -9.4114073e+00   9.4303542e-02
   3.1455888e+01  -3.9213623e+01
   4.2165222e+01  -2.2765622e+01
   4.7158857e+01  -1.4120884e+01
   5.7980534e+01  -3.2952040e+01
   4.3815365e+01  -4.0304889e+01
   3.4238190e+01  -6.9542866e+01
  -4.4641622e+01  -7.8287353e+01
  -3.0112842e+01  -6.7556249e+01
  -2.9752503e+01   3.4407259e+01
   1.7715782e+01  -2.4713021e+01
  -5.8718169e+01   1.9953105e+01
  -6.2179959e+01   4.3868903e+01
   5.5157949e+00  -2.8708966e+01
  -6.9736196e+01   1.5611327e+01
  -7.8669957e+01   3.4096746e+01
  -8.1610642e+01  -2.0792865e+01
  -2.5465239e+01   2.3768121e+00
  -6.7385187e+01   3.1499472e+00
  -5.1233634e-02  -7.7081624e+01
  -7.6556612e+01  -1.2164177e+01
  -3.1871671e+01   2.1144633e+01
   4.2760474e+01  -6.4312489e+01
  -3.7484090e+00  -3.2434733e+01
   9.3319891e-01  -1.3430911e+01
   7.8741983e+01   6.5834599e+00
   1.7375929e+01  -6.7288401e+01
  -2.3049610e+01  -5.3711539e+01
  -1.3207838e+01  -2.3258712e+01
  -4.2324815e+01  -5.9759462e+01
   1.8293994e+01   2.0904838e+01
  -9.5956709e+00  -7.4110371e+01
  -1.2357226e+01   7.8618431e+01
  -1.3661635e+01  -3.3209335e+01
   3.2565863e+01  -1.4688884e+00
   1.7796818e+01  -1.4719764e+01
   3.6492799e+01  -1.4533178e+01
   9.7649206e+00  -8.7443072e+00
  -3.3558818e+01   6.7607647e+01
   2.8277600e+01   2.0305022e+01
  -1.5425130e+01   6.9101052e+01
   6.1984745e+01   4.2455991e+01
   6.6871380e+01   2.2393534e+01
  -7.3419976e+01  -3.2812092e+01
   2.9472595e+01   4.5421533e+01
  -6.3681074e+01  -3.5080581e+01
   7.5456780e+00   2.8414299e+00
   3.7248458e+01   1.5224138e+01
  -1.3875479e+01   2.9158920e+01
   3.1242661e+01   6.5333185e+01
   2.1775955e+01   6.1994123e+01
   1.4822794e+01   7.0124237e+01
   5.1452750e+01  -4.6583827e+00
  -1.3814348e+01   4.6018227e+01
   8.5952398e+01  -6.7774740e+00
   7.8077165e+01  -2.3925462e+01
  -4.6538020e+01   4.5248213e+01
   6.7056487e+01  -1.2487229e+01
  -4.6465241e+01   5.5246199e+01
  -5.2420071e+01  -3.1971531e+01
  -3.7030403e+01  -1.7984762e+01
  -3.2553672e+01  -3.6729000e+01
   1.1883973e+01   4.0821189e+01
   2.3719502e+01   2.9303151e+01
   5.9376729e+01   5.2109147e+01
   3.9405311e+01   5.0540965e+01
  -1.8078030e+00   6.5860107e+00
   5.4014804e+01   5.0072279e+00
  -9.0725122e-01   1.9121631e+01
