   3.3501797e+01  -1.1972302e+01
  -2.1889400e+01  -1.9081396e+01
   4.1382869e+00   2.0887652e+01
   9.9270110e+00   1.2257564e+01
   2.8780894e+00  -2.4207500e+01
   2.4961097e+01  -5.1118697e+00
   6.1463154e+00   3.4192461e+00
   2.9327889e+01   4.6070558e+01
  -1.2947285e+01   3.0584919e+01
   4.8134990e+01  -3.0854201e+01
  -1.5296675e+01  -3.7294199e+01
  -9.5874710e+00  -5.8894435e+01
  -2.6554953e+01  -3.7887142e+01
  -2.8000858e+01   6.9140636e+00
  -4.0426703e+01  -6.9924342e+00
  -1.3074417e+01  -7.8117597e-01
   4.9193923e+00   3.3814117e+01
   3.5719880e+01   4.8379397e+00
  -2.1817784e+01   3.8369471e+01
   3.7665725e+00  -4.2921486e+01
  -3.6297429e+01  -1.5943843e+01
  -4.9369264e+01  -3.0710834e+01
   4.7148721e+01   3.0001415e+01
  -2.2562442e+01  -2.3760150e+00
   1.6089910e+01   2.4930272e+00
  -5.9022927e+00   5.0181816e+01
   5.2086130e+01  -1.4585202e+01
   1.4327543e+01   3.7085405e+01
   3.7355044e+01   3.4302937e+01
   2.6041147e+01  -4.2319782e+01
   2.4140011e+01  -1.5016443e+01
   5.6280569e+00  -1.4962433e+01
  -1.6525166e+01  -2.7438351e+01
  -1.1445110e+01  -4.9081997e+01
  -4.9861723e+01  -4.3819532e+00
  -4.8873735e+01   1.4444290e+01
  -2.8970180e+01   2.1291089e+01
   1.7361319e+01  -5.6074688e+01
   1.6961544e+01  -4.6090051e+01
   6.2774547e+01   1.0117680e+01
   3.4883092e+01   2.3015111e+01
  -4.3371915e+01  -2.2835832e+01
   3.0390675e+01   1.3646521e+01
   1.4023935e+01   2.1061717e+01
   3.9681039e+01  -4.2655445e+00
  -1.7708389e+01   5.0965275e+01
   3.2498343e+00  -5.6817724e+00
   6.5085192e+01  -1.3013591e-01
   1.6141722e+01   5.6587592e+01
  -3.1934368e+01   4.0537720e+01
  -5.4575172e-02   1.1926053e+01
   2.5130893e+01   3.7283627e+01
   1.3155993e+01  -7.0530025e+00
   1.9351231e+01   4.7103205e+01
   2.8505393e+01  -3.2722830e+01
   2.8221956e+01  -6.1826649e+01
   1.4879474e+01  -1.8178517e+01
  -2.8808686e+01  -5.7548038e+01
   2.2444276e+01  -2.4836257e+01
  -5.9603912e+00  -4.0723953e+01
   3.2575187e+01  -2.1908514e+01
  -4.8356938e+01   2.4420030e+01
  -5.8129382e+01   2.3145724e+01
  -5.8235017e+01  -9.6377866e+00
  -4.0735697e+01   3.3181981e+00
  -4.8397673e+01  -1.4226405e+01
  -1.6814117e+01  -1.0535155e+01
   1.1199102e+00  -3.3704181e+01
  -1.8775126e+00  -5.0884391e+01
  -3.0509970e+01  -2.4001812e+01
  -2.7885748e+01  -1.0729681e+01
   1.1631102e+01  -6.4263877e+01
   4.5725192e+01   4.8687341e+00
  -5.4451933e+01  -2.2153069e+01
   4.8061804e+01   1.9465405e+01
  -3.5079675e+01  -3.2826569e+01
  -3.0289290e+01  -4.7672115e+01
  -4.7838781e+00   2.5077342e+01
   1.9870383e+01   1.2815105e+01
   2.5778168e+01   4.7979647e+00
  -1.0600305e+01   5.9009123e+01
   1.9922921e+01   2.8833901e+01
   5.5593065e+01   2.9860867e+00
  -4.7763909e+00   3.5945396e+01
   7.7201938e+00   5.1266509e+01
   4.9575714e+01  -4.9420271e+00
  -3.9711158e+00   2.8789124e+00
  -2.2409710e+01   2.8468534e+01
  -3.3234117e+01   3.0712774e+01
   1.5463866e+00   4.3510340e+01
   3.9210828e+01   4.7269493e+01
  -1.2350042e+01   4.2522046e+01
   3.8170089e+01  -3.0359998e+01
   4.2746028e+01  -2.1482627e+01
   3.5912757e+01  -4.3384404e+01
   2.8945228e+01  -5.1864329e+01
   8.6528608e+00  -5.1340996e+01
   1.2019490e+01  -3.7501702e+01
   1.2255570e+01  -2.7667686e+01
  -1.9017209e+01  -5.5585318e+01
  -3.8783850e+01   2.2591310e+01
  -5.9964325e+01   1.3342254e+01
  -6.6299336e+01  -1.5448688e+01
  -5.2363216e+01   5.1541471e+00
  -3.5141974e+01   1.3530353e+01
  -3.2252655e+01  -1.7890476e+00
  -6.5731703e+00  -2.7558786e+01
  -3.4300917e+00  -6.6781743e+01
  -2.0600667e+01  -4.5734191e+01
  -6.3016948e+00  -7.8090805e+00
  -1.1332548e+01  -1.8859633e+01
   3.0361192e+00  -5.9370986e+01
   5.4677483e+01   1.4500446e+01
   3.0172051e+01   2.9889966e+01
   4.1620458e+01   2.2648629e+01
