   3.7104986e+01   1.1600759e+01
   2.3602545e+01  -1.3309682e+01
  -2.5817421e+01  -1.7958171e+01
   4.0682074e+00   2.7284818e+01
   3.7327308e+00  -2.9681230e+01
  -2.1773376e+00   6.2167291e+00
  -6.5574554e+00  -2.8154695e+00
   3.9141164e+00  -1.9682876e+01
  -1.3243339e+01  -1.8679020e+01
   2.3514458e+01  -3.3100698e+00
   3.5829212e+00  -1.9575839e+00
   2.0521063e+01   3.4075931e+01
   1.4929506e+01  -1.8287472e+01
  -1.9085780e+01  -1.0563240e+01
  -4.9633156e+00  -2.4286265e+01
  -3.5564174e+01   4.1317201e+00
   2.1402462e+01   1.8351913e+01
   1.3580885e+01  -2.1593621e+00
   1.6833857e-01   1.8076614e+01
   1.0716138e+01   1.7031721e+01
  -6.0005157e+00   2.6000387e+01
   1.3622677e+01  -2.8201714e+01
   2.3324544e+01  -2.3721011e+01
  -2.4296325e+00  -1.1923767e+01
  -6.6661457e+00  -3.4140217e+01
   2.1783824e+00  -3.9559692e+01
   8.3765418e+00  -1.0733755e+01
  -1.5270535e+01  -2.8471388e+01
  -2.5651039e+01   2.8165162e+00
  -2.8521525e+01  -7.2516353e+00
  -1.6379333e+01  -9.3644672e-01
   2.7221018e+01   1.0081816e+01
   1.7727216e+01   6.9405246e+00
   7.7420083e+00   7.4842317e+00
  -1.9450423e+00   3.5274864e+01
   3.2299469e+01   1.4673325e+00
  -1.2864231e+01   3.3272898e+01
   1.4034552e+01   2.6465073e+01
