  -7.5079862e+01   4.1871326e+00
  -8.6065823e+01   2.3812570e+01
  -3.2911579e+00   4.4920848e+01
  -3.6052404e+00  -4.2905150e+01
   3.8794675e+01  -8.0773996e+01
  -5.0277027e+01   6.2131796e+01
  -8.5801867e+01  -2.2229377e+01
   7.2201841e+00  -2.3213124e+01
  -1.9745012e+01  -3.5507854e+01
   1.5825206e+01  -8.0849932e+01
   4.5420059e+01  -9.4179604e+01
  -5.1553434e+01   9.9558016e+01
  -6.9746041e+01  -3.2648849e+01
  -6.1092611e+01   2.6926611e+01
   2.5683212e+01  -3.8858386e+01
  -6.7453657e+01   1.0648993e+01
  -8.7149542e+01   4.6366933e+01
  -2.1965698e+01  -6.4926299e+01
   7.0122095e+01  -1.8443617e+01
  -1.7280359e+01   5.6841116e+01
   9.1880955e+01  -3.6905325e+01
  -3.1115648e+01   9.9135722e+01
  -4.1649576e+01   2.4130041e+01
  -3.9161716e+01   1.4462155e+01
   1.8225025e+01   6.3073165e+01
  -8.0604050e+01   6.6635195e+01
  -8.4768757e+01  -4.7606006e+01
  -5.6517434e+01   7.3234300e+00
   6.0486843e+01  -6.4253791e+01
   4.9516203e+01  -3.3066186e+01
   1.5945035e+01  -4.1023411e+01
   4.5786578e+01   3.6896684e+01
  -6.5039728e+01   3.6102602e+01
  -1.8942291e+01  -5.5422916e+01
  -2.8409178e+01  -7.2553081e+01
  -1.5136734e+01   7.3910628e+01
  -4.3305224e+01   6.9298416e+01
  -3.0967127e+01   6.5741592e+01
  -2.8812923e+00   2.5211975e+01
   9.8244880e+01  -2.9193192e+01
  -6.0441797e+01  -3.6292473e+01
  -7.7243432e+00   5.3897253e+01
  -2.1508883e+01   4.8888680e-01
  -3.1902587e+01  -1.8909979e+01
   2.5667152e+00   5.3013710e+01
  -4.9088080e+01  -2.1910564e+01
   3.8514295e+01  -5.3368783e+01
   5.5685549e+01  -9.4609022e+01
  -3.9765505e+01   4.1822996e+01
   2.2169054e+01  -2.9525796e+01
   3.2147597e+01  -3.1230795e+01
   6.7735676e+01  -8.8630005e+01
  -9.6704945e+01   4.9311089e+01
   4.5271695e+01  -2.5158355e+00
   3.0059792e+01   3.8148184e+00
  -1.6699098e+01  -8.2625680e+00
   1.0266063e+01   2.0449308e+00
  -9.8871684e+01   5.9073110e+01
  -7.6080311e+01   2.7308791e+01
  -8.2156822e-01  -5.3020835e+01
  -2.7847256e+01  -5.0932903e+01
   3.9873769e+01  -6.3233989e+01
   9.5680734e+01  -7.9895769e+01
  -2.6702228e+01  -2.8341032e+01
   6.1705513e+01   1.6587025e+00
   7.0136245e+00  -5.9285922e+01
  -4.5362250e+01  -8.5136062e+01
   8.4122872e+01  -4.3189243e+01
  -4.1044998e+01  -5.3088764e+00
   8.3019245e+01   1.8296562e+01
   1.5528662e+01   2.2329696e+01
   6.5185843e+01   2.2233566e+01
  -1.2234360e+01   2.8735457e+01
   7.1395988e+01  -3.1562209e+00
   1.8736845e+01   4.1884502e+01
  -4.2336918e+01   8.1796047e+01
  -3.1571357e+01  -2.1179728e+00
  -6.7118542e+01  -5.6820174e+01
   7.0715220e+01  -3.7432557e+01
  -3.1021354e+01   3.6989149e+01
  -1.4994421e+01  -2.6761109e+01
  -6.4383159e+01   1.1666440e+00
  -6.7725435e+01   5.0251349e+01
  -2.5126196e+01   7.3846422e+01
   6.7362506e+01  -2.8035724e+01
   8.8010126e+01  -9.3518648e+01
   3.0035720e+00   8.0147709e+01
   1.2347418e+00   9.8012397e+01
  -4.1591284e+01  -1.5283826e+01
  -9.6020336e+01  -1.4892720e+01
   4.4988608e+01  -4.5762220e+01
  -8.7389138e+01  -3.2101887e+01
  -5.9012447e+01   1.7004005e+01
  -7.8274310e+01   1.7551778e+01
  -7.5508199e+01  -5.1379033e+01
  -8.0427615e+01   9.4885266e+01
   3.5440671e+01   2.4157535e+01
  -6.7692754e+01   8.0415828e+01
   6.9713035e+01  -6.8062514e+01
   8.0241374e+01  -6.5019386e+01
   2.1567862e+01  -1.2207358e+01
   4.6554849e+01   1.6929865e+01
   3.1384704e+01  -6.7111369e+00
   1.0286506e+01  -1.1459837e+01
   1.7354305e+00  -3.1702726e+00
  -9.8034564e+01   7.8363044e+00
   3.3838034e+01  -4.4576071e+01
  -8.8572774e+00  -7.1339676e+01
   3.0437365e+01  -5.9946407e+01
   7.8613086e+01  -9.6938427e+01
  -4.2586727e+01  -7.5537645e+01
  -2.5352165e+01  -9.6765542e+01
   6.0852328e+00  -8.3076561e+01
   9.7184217e+01   1.8983518e+01
  -1.4345313e+01   9.1726212e+01
   8.2930125e+01  -1.9168734e+01
  -1.4045014e+00   3.5101690e+01
   5.5854203e+01   2.1816948e+01
  -3.5552168e+01   5.0880548e+01
   2.5689362e+01   3.4699107e+01
   1.1721306e+01   4.9005309e+01
   6.0152928e+01  -1.7451765e+01
   6.4205358e+00   2.8875345e+01
  -4.9651444e+01   4.3273455e+01
  -3.2101975e+01   2.7058019e+01
  -5.7233648e+01  -5.5309765e+01
  -2.9607887e+01   1.7387018e+01
  -3.0193578e+01   8.3672869e+01
  -3.9254485e+01   6.0165239e+01
  -2.0231220e+01   8.2562170e+01
  -6.0221514e+01  -2.6294920e+01
  -5.5113068e+01   3.4917398e+01
   9.7279494e+01  -8.9766668e+01
   4.4340802e+01  -1.2435517e+01
  -1.2291749e+01  -1.7189907e+01
  -4.5439082e+01   5.2326191e+01
  -3.6982032e+01   9.1014971e+01
  -1.1067535e+01   3.8649991e+01
  -2.6722426e+01   4.6197199e+01
  -2.1027179e+01   3.7150588e+01
  -2.6377464e+01  -1.0622285e+01
  -2.8094812e+01  -4.0973442e+01
  -3.9692010e+01  -2.5091464e+01
   8.4196571e+00   6.1118929e+01
  -5.7497456e+01  -1.6644295e+01
   4.3149325e+00   7.0237230e+01
  -9.5432573e+01  -2.4915963e+01
  -1.0231502e+01   8.2614761e+01
   4.1481770e+01  -2.7105134e+01
  -8.3757830e+01  -7.8206230e-01
  -9.5906182e+01   2.8740274e+01
  -8.4290991e+01   3.3649465e+01
  -9.6937771e+01   7.7854069e+01
  -7.4963340e+01   3.7237333e+01
  -8.3785294e+01   9.2149675e+00
  -9.0426535e+01   9.5013848e+01
  -8.6524898e+01   7.4690796e+01
   1.2422243e+01  -3.1694557e+01
   2.6830023e+01  -2.0705715e+01
  -4.5227343e+01   3.3456435e+01
   4.9425282e+01  -8.0675184e+01
  -8.8833193e+01   5.9973930e+01
  -7.0728773e+01  -4.2597485e+01
   4.6075743e+01   2.6906732e+01
  -7.6204040e+01  -2.5024152e+01
  -9.4622322e+01  -4.5902402e+01
  -7.6334529e+01   8.5762604e+01
  -9.4623891e+01   6.8125889e+01
   2.5466607e+01   2.3440188e+01
   6.0791243e+01  -3.6336657e+01
   5.7425359e+01  -2.6977961e+01
   6.4801234e+01  -4.5465209e+01
   5.0544741e+01  -6.4820114e+01
  -1.0740789e+01  -2.8278362e-01
   7.7436198e+01   3.5188035e+00
   9.2725100e+00  -4.9577640e+01
   2.2650669e+01  -4.8417382e+01
  -8.1065830e+00  -3.3986897e+01
  -5.1627968e+01   2.3753257e+01
  -1.0411475e+01  -5.0212409e+01
  -7.9378859e+01   5.6719540e+01
  -2.8684234e+01   7.4428598e+00
   3.3226429e+01  -7.1758198e+01
  -1.3277118e+00  -6.4761577e+01
  -2.3334563e+00   5.9639572e+00
  -4.0260402e+01  -6.5829590e+01
  -1.9185205e+01  -4.5457725e+01
  -1.7767616e+01  -8.4236787e+01
   5.3800015e+01  -9.5665746e+00
   9.9457814e+01  -5.9553964e+01
   6.5090112e+01  -5.5418698e+01
   8.4480520e+01  -5.3180177e+01
   8.9826193e+01  -6.2217515e+01
   2.9074228e+01  -8.3014753e+01
  -4.8529438e+01   1.3185910e+00
  -3.9053546e+01   4.4842455e+00
  -4.9148346e+01   1.4071572e+01
  -5.2060861e+01  -8.0335303e+00
  -6.3549549e+01  -8.7574860e+00
   9.5696370e+00  -6.8942461e+01
  -3.6059907e+01  -9.0574787e+01
  -6.0886672e+01  -7.4913276e+01
   9.4220362e+01  -5.0861103e+01
  -5.1367904e+01  -7.0666949e+01
  -5.2339994e+00  -8.8004710e+01
  -1.0194360e+01  -6.0202415e+01
   3.6164998e+01  -9.0396615e+01
   8.3566876e+01  -2.9548146e+00
   7.3470285e+01   1.9347855e+01
   6.6073474e+01   1.0645156e+01
  -8.6656958e+00   9.9955081e+01
   2.6373019e+01  -9.2627072e+01
   2.1119719e+01   5.2416963e+01
   8.8508106e+01  -1.1008321e+01
   8.7900763e+01  -2.7768582e+01
  -2.2110876e+01   2.7206447e+01
  -5.9777229e+01  -6.4977255e+01
   8.5922784e-02   1.5665343e+01
   1.5804693e+01   3.2325396e+01
  -3.5059210e+01   7.4940607e+01
   7.3127353e+00   4.0001984e+01
  -5.9574921e+01   4.4463567e+01
   7.7010192e+01  -1.1221158e+01
   6.3475600e+01  -8.2209287e+00
  -5.2478955e+01   7.3254767e+01
  -1.1169336e+01   6.4742744e+01
   4.9406412e+01  -2.1040884e+01
   4.0313196e+01  -3.6983757e+01
  -2.7263780e+01   5.6457060e+01
  -7.6288088e+01  -1.5029212e+01
  -1.6750044e+01   4.6864461e+01
  -6.8742591e+01   2.0534804e+01
  -4.6988483e+01   9.0647290e+01
  -8.5879354e+01  -1.2231134e+01
  -2.1950939e+01  -1.9576714e+01
  -4.1560095e+01   9.9905042e+01
  -5.1644899e+01  -3.1559619e+01
  -3.5015669e+01  -3.3841752e+01
  -1.5275916e+00   6.2127970e+01
  -7.3013974e+01  -5.5879067e+00
   1.2809544e+01   8.2105493e+01
   1.4120202e+01   7.2191816e+01
  -5.1471886e+00   7.3473737e+01
  -5.5356054e+01   5.3519198e+01
   1.6901026e+01  -2.1033405e+01
  -7.7170838e+01   4.6977602e+01
  -2.2617810e+00   8.8646643e+01
  -6.1418712e+01  -4.6237129e+01
   6.5244885e+01  -7.7300636e+01
   4.3786402e+01   7.3394753e+00
   5.4866649e+01   3.1716472e+01
   2.6586807e+01   1.3504929e+01
   2.2101805e+01  -2.2351481e+00
   3.6493105e+01  -1.8481980e+01
  -2.4343038e+01   9.1779662e+01
  -6.7169313e+01  -1.9103689e+01
   5.4873782e+01  -4.4381942e+01
   3.6553650e+01   1.4224964e+01
   5.5968836e+01   1.1855151e+01
  -9.9083949e+01  -5.4851815e+01
  -8.0963021e+01  -5.9759027e+01
  -5.7782007e+01   8.1725423e+01
  -7.6543011e+01   7.5767226e+01
  -7.9987091e+01  -3.8823670e+01
   5.6108365e+01  -7.3234072e+01
   8.0024326e+01  -3.3876925e+01
   9.4209594e+01  -2.0037869e+01
   2.3651008e+01  -7.4644354e+01
   1.8827343e+01   7.2066105e+00
   4.8465880e+01  -5.5086695e+01
   4.3995632e+01  -7.2302128e+01
   6.0069666e+00  -4.0200224e+01
   1.5188525e+00  -3.1359718e+01
  -4.6689507e+00  -2.3577060e+01
  -6.4764912e+00  -9.1440866e+00
   1.1266812e+00  -1.5429667e+01
  -9.1582606e+01   1.5474885e+01
  -9.3117714e+01   3.8343732e+01
   2.1740903e+01  -6.4864977e+01
   1.6572992e+01  -5.6349759e+01
   9.9505662e+00   1.4030548e+01
  -9.2833545e+01  -5.0513708e+00
  -4.8986553e+01  -6.0955057e+01
  -7.0427789e+01   9.4671950e+01
  -3.4074586e+01  -8.0780204e+01
  -3.5851592e+01  -5.6880242e+01
  -8.9967592e+01   8.5024423e+01
  -1.3730183e+01  -9.3381977e+01
   7.4730277e+01  -4.6570342e+01
   7.5007613e+01  -5.6539697e+01
   9.6211960e+01  -6.9910797e+01
  -5.7763159e+01   9.1721807e+01
  -9.6558172e+01  -3.6091711e+01
  -4.4870250e+01  -9.5301050e+01
  -1.8417874e+01  -7.4264743e+01
  -5.5153010e+01  -8.3104864e+01
   1.0456659e+00  -7.4455182e+01
   6.5272074e+01  -9.8318431e+01
   5.8429804e+01  -8.4993698e+01
   1.3502591e+01  -9.0573382e+01
   3.6730722e+00  -9.2774020e+01
   9.8373831e+01  -1.0943441e+01
   9.0130423e+01   1.2148365e+01
   9.9392302e+01   8.8045341e+00
   9.1522881e+01   2.6580505e+00
   8.7330532e+01   2.6602630e+01
   7.6743315e+01   1.1474721e+01
