  -7.2575462e+01   2.7093408e+01
   2.7125298e+01  -4.3968920e+01
   3.8647890e+01  -6.6341151e+01
  -7.8706169e+01   7.6651241e+01
   5.4427647e+01  -3.4595054e+01
   4.2096910e+01  -5.6954764e+01
  -7.1226975e+01   1.7185000e+01
  -7.8739069e+01   3.4967737e+01
  -9.2451926e+01   1.9075903e+01
   2.8949957e+01  -6.3901868e+01
   5.0579812e+01  -6.3365048e+01
  -5.9564440e+01   4.2396356e+01
  -5.3071940e+01   2.4827412e+01
  -6.6117094e+01   4.9950344e+01
  -9.0673526e+01   5.5431493e+01
   3.0733999e+01  -8.7320674e+01
   1.6810582e+01  -4.2128290e+01
   3.7124439e+01  -4.3844219e+01
   3.0961574e+01  -5.4106288e+01
  -5.5838243e+01   5.3123039e+01
  -8.1287014e+01   8.2807703e+00
  -8.4345615e+01   4.7687730e+01
  -8.2535460e+01   6.1242608e+01
  -5.7891736e+01   3.6451725e+00
  -6.8798244e+01   3.6352369e+01
  -7.4962052e+01   4.4226063e+01
  -9.0881229e+01   5.4610655e+00
  -9.7946562e+01   4.0292139e+01
  -9.4657638e+01   3.0848573e+01
   4.6453604e+01  -4.7444971e+01
   2.6607775e+01  -7.8211677e+01
   2.7759993e+01  -3.3989127e+01
   5.0558306e+01  -8.4941240e+01
   5.4025108e+01  -5.3977296e+01
   1.0512670e+01  -5.0529805e+01
   2.0471679e+01  -5.1433990e+01
   1.0032883e+01  -6.6991497e+01
   6.2550693e+01  -7.0747227e+01
   4.4861618e+01  -3.7508954e+01
  -4.9907444e+01   4.4992975e+01
  -8.2354960e+01  -1.6618971e+00
  -7.5423375e+01   5.4214001e+01
  -8.6521735e+01   7.0413120e+01
  -6.2339477e+01   1.2601505e+01
  -6.2972443e+01   2.2912085e+01
  -5.9618838e+01   3.2386146e+01
  -4.7391378e+01   3.3194322e+01
  -9.8902076e+01   1.1433159e+01
  -8.1166701e+01   1.8279773e+01
   5.6800371e+01  -4.4323370e+01
   4.0714989e+01  -8.6704481e+01
   3.7293991e+01  -3.0972064e+01
   3.7163155e+01  -7.6774488e+01
   1.6834925e+01  -3.2128328e+01
   2.1054454e+00  -4.5115170e+01
   6.1313521e+01  -6.0824068e+01
   1.8158397e+01  -6.1162645e+01
   5.3729441e+01  -7.5457367e+01
   1.9623805e+01  -7.1054628e+01
  -9.5464312e+01   7.4888055e+01
  -8.8121332e+01   3.8427901e+01
  -8.5272264e+01   2.7397665e+01
