  -6.7194391e+01   2.2548229e+01
   2.8001811e+01  -4.4044108e+01
  -9.1443930e+01   3.2343369e+01
   3.3590428e+01  -7.0006208e+01
  -7.2564890e+01   3.8979709e+01
  -8.1155680e+01   6.0317039e+01
   5.0120420e+01  -4.5206325e+01
   4.6169557e+01  -5.4392765e+01
  -9.0317395e+01   4.2304556e+01
  -7.8578367e+01   1.6562109e+01
  -8.2071784e+01   3.5830746e+01
  -8.0935597e+01   4.5765890e+01
  -9.1595254e+01   1.7573615e+01
   3.8775013e+01  -6.1455180e+01
   2.5933296e+01  -6.3574386e+01
   3.5050785e+01  -5.2174548e+01
   5.0973714e+01  -6.3163174e+01
  -9.0944085e+01   6.2363288e+01
  -6.6390429e+01   4.6845841e+01
  -7.5130816e+01   2.8632018e+01
  -6.4821918e+01   3.2651488e+01
  -7.4169747e+01   5.3129316e+01
  -8.8340281e+01   5.2486774e+01
  -9.9620032e+01   3.8101064e+01
  -8.4392360e+01   2.4698293e+01
   3.8517281e+01  -7.8708283e+01
   1.7733609e+01  -4.4939080e+01
   4.0208184e+01  -4.3607095e+01
   2.5087995e+01  -5.3610177e+01
   4.5442149e+01  -7.1493947e+01
  -9.7722119e+01   4.9025405e+01
  -9.8261463e+01   2.5027583e+01
