  -6.0127862e+01   4.2697963e+01
  -7.3945479e+01  -1.8963142e+00
  -8.6867401e+01   2.3783254e+01
   2.5224096e+01  -1.3106252e+01
   3.6368239e+01  -5.4480737e+01
  -2.6764940e+00   4.3690509e+01
  -7.4815670e+01   8.4966937e+00
   3.9523901e+01  -5.7821520e+00
  -3.7882639e+00  -4.1226555e+01
   3.9483994e+01  -7.8508863e+01
  -5.0515799e+01   6.1148251e+01
  -8.2695450e+01  -1.9384444e+01
  -2.1948035e+01  -9.6908041e+00
   3.7113530e+00  -2.4829238e+01
  -2.0816681e+01  -3.7112380e+01
   1.6569036e+01  -7.7674811e+01
   4.6540138e+01  -9.3764783e+01
  -1.8724339e+01  -8.4437497e+01
  -2.7079989e+01   8.8207432e+01
  -4.9650241e+01   9.3006734e+01
  -2.8023893e+01   4.5848468e+01
  -6.8393197e+01  -3.3385939e+01
   5.9059483e+01  -1.9324086e+01
  -6.2492125e+01   2.5975958e+01
   2.0823508e+01  -4.0313926e+01
  -9.7757673e+01   2.6529621e+01
  -6.8500431e+01   1.6229863e+01
  -4.1468221e+00  -1.8364970e+01
  -8.3885704e+01   4.5290525e+01
  -2.0964390e+00  -7.4687816e+01
  -1.9471463e+01  -6.4678008e+01
   7.2790482e+01  -1.9076905e+01
  -2.1542873e+01   5.4181918e+01
   8.8496069e+01  -3.4058821e+01
  -3.4352334e+01   9.5070116e+01
  -3.6934283e+01   2.7976165e+01
   5.9768587e+01   8.3164366e+00
  -3.8870871e+01   1.4188853e+01
   1.2932022e+01   6.6082202e+01
  -7.9831183e+01   6.7244103e+01
  -8.2650466e+01  -4.3102058e+01
  -5.5012471e+01   7.4087538e+00
   6.0825877e+01  -6.3650274e+01
   4.7612342e+01  -2.8234336e+01
   1.3681785e+01  -3.3304842e+01
   4.9362917e+01   3.1535711e+01
   1.9468877e+01   1.3735403e+01
   2.7219319e+01  -5.0410738e+01
   8.3777389e+00  -5.5604481e+00
   9.5903892e+00   1.2191856e+01
   5.1977125e+01  -3.7205719e+01
  -6.6583740e+01   3.5088162e+01
  -2.0984770e+01  -5.4795540e+01
   9.7410949e+01  -4.2988623e+01
   2.3742570e+01  -7.0785604e+01
  -2.7544469e+01  -7.2977625e+01
  -1.5920477e+01   7.1022939e+01
   9.4323005e+01  -1.2102377e+00
  -5.1756867e+01   7.2029845e+01
  -3.2987404e+01   6.5213016e+01
  -1.5243001e+00   2.0900284e+01
   8.0406960e+01  -2.8181405e+01
   5.4706195e+00   2.8031420e+01
   9.0872696e+01  -2.4341778e+01
  -5.8499801e+01  -3.8461843e+01
  -1.1900936e+01   5.6793609e+01
  -2.1008164e+01   2.6116014e-01
  -6.1469342e+00   7.3130782e+01
  -3.3857886e+01  -2.2021305e+01
  -8.0632369e+01  -9.3940195e+00
  -1.8617965e+00   5.3637147e+01
  -4.8591323e+01  -3.0436716e+01
  -5.7834330e+01   9.8752112e+01
   4.6236838e+01  -5.5466511e+01
   6.0915762e+01  -8.8798759e+01
  -3.7852794e+01   4.7546579e+01
   2.3315871e+01  -3.0667769e+01
   4.1989952e+01  -3.6674719e+01
   3.2087965e+01  -3.5363098e+01
   6.5082678e+01  -7.9804251e+01
  -9.3577368e+01   4.2606182e+01
   8.5677861e+01  -5.8553541e+01
   4.3282413e+01   4.8780599e+00
   2.3333481e+01   4.5167031e+00
  -1.1976693e+01  -9.2291714e+00
   1.3462812e+01   3.0111600e+00
  -9.7821390e+01   5.8853078e+01
  -7.3784585e+01   2.8169331e+01
  -4.8753625e+00  -5.1131867e+01
  -3.2404166e+01  -5.3131666e+01
   4.0884449e+01  -6.3870484e+01
   9.6053219e+01  -7.5055200e+01
  -2.6826200e+01  -2.9124416e+01
   6.3031274e+01  -1.1339082e+00
   8.7600401e+00  -5.8380246e+01
  -4.4089041e+01  -8.0982240e+01
   8.2813352e+01  -4.2286934e+01
  -4.1075076e+01  -6.8507860e+00
   7.8070091e+01   1.3443967e+01
  -1.1701216e+01   9.8786295e+01
   1.3057006e+01   2.1538378e+01
   6.8080454e+01   1.3871751e+01
  -1.5145830e+01   2.8990221e+01
   7.2447092e+01  -4.5149834e+00
   1.5120230e+01   4.0857572e+01
  -4.0958973e+01   5.8288454e+01
  -7.6290437e+01  -2.7062828e+01
  -4.3830275e+01   7.8108570e+01
  -3.0650652e+01  -2.3530282e+00
  -6.3763810e+01  -4.6963592e+01
   7.3932708e+01  -3.5792157e+01
  -3.2982228e+01   3.7161703e+01
  -1.5202154e+01  -2.8874431e+01
  -6.4027221e+01  -3.2401954e+00
  -6.4980749e+01   6.7134854e+00
  -6.6955963e+01   5.0129345e+01
  -2.3060266e+01   6.4031938e+01
  -2.6895059e+01   7.3243093e+01
   6.7846991e+01  -2.7766191e+01
   4.9114625e+01  -1.8357605e+01
  -3.1591262e+01  -1.2296437e+01
   8.9456698e+01  -9.4098260e+01
  -4.3269212e+00   6.3312211e+01
   5.0098031e+00   7.9377946e+01
  -7.2284132e+01  -1.4896840e+01
  -4.0628801e+00   8.9827582e+01
  -4.2364945e+01  -1.6766329e+01
  -9.0940074e+01  -1.3727687e+01
   3.3682996e+01  -9.6979292e+01
   4.8068712e+01  -7.3753645e+01
  -8.1208812e+01   8.4092320e+01
   4.6545640e+01  -4.5547373e+01
  -8.5869586e+01  -3.3634374e+01
  -5.8564491e+01   1.6794267e+01
  -7.8036578e+01   1.9130684e+01
   2.9663198e+01  -4.1486268e+00
   5.1906919e+01  -1.6998477e-01
  -7.6993742e+01  -5.1446875e+01
   5.2985084e+01  -8.2525000e+01
  -7.6447820e+01   9.3828395e+01
   5.0428299e+01   1.1871759e+01
   3.2053847e+01   1.9376211e+01
  -5.9117249e+01   7.8798266e+01
  -6.8643254e+01   8.7576471e+01
   1.4874619e+01  -6.6367280e+01
   6.8421650e+01  -7.0144241e+01
   7.8165513e+01  -6.5128033e+01
   1.5246472e+01  -1.3718111e+01
   3.3297234e+01   5.1663054e+00
   4.0805830e+01   1.4563609e+01
  -2.0398454e+00  -8.3539264e+00
   2.0398515e+01  -5.8136465e+01
   3.7934808e+00  -3.4754615e+01
   1.9692841e+01  -4.7874276e+00
   5.3535785e+00  -1.5041584e+01
   9.9239975e-01   1.1480042e+00
  -9.0582271e+01  -3.7374062e+00
  -9.3844837e+01   7.0215061e+00
   3.5815988e+01  -4.4574911e+01
   5.6163610e+01  -5.4888040e+01
  -2.9242537e+01  -6.2602790e+01
  -9.7788760e+00  -6.8309447e+01
   2.9599593e+01  -6.1686776e+01
   7.9585010e+01  -9.5679740e+01
  -1.1298058e+01  -9.1389360e+01
   8.1189110e+00  -9.1960543e+01
  -3.6784204e+01  -6.9155589e+01
  -2.4463491e+01  -9.2610206e+01
  -9.1623229e+00  -8.1651363e+01
  -2.8591752e+01  -8.2919924e+01
   6.7379894e+00  -7.9335707e+01
   1.7116896e+01  -8.7628106e+01
  -3.9244873e+00  -9.8907944e+01
   8.4842319e+01  -4.3908967e+00
   8.7717122e+01   7.2479554e+00
  -1.6567106e+01   9.0052053e+01
   8.2770510e+01  -1.8469196e+01
   2.3927811e+01  -9.4911970e+01
   9.8475747e+01  -3.3047721e+01
  -4.3982606e+00   3.0439919e+01
   5.8323193e+01   1.8643023e+01
  -3.1462717e+01   5.5237702e+01
   1.6411511e+01   3.0946852e+01
   6.8856953e+00   4.7917335e+01
   6.5780014e+01  -1.1947092e+01
   5.5386966e+00   3.8014354e+01
   9.1081219e+01  -1.2911538e+01
  -5.7180095e+01   5.2223254e+01
  -2.4774640e+01   2.6340246e+01
  -5.6853690e+01  -5.4191834e+01
  -2.9539193e+01   1.7587852e+01
  -9.8482331e+01   9.4568918e+01
  -3.4059687e+01   8.0201290e+01
  -4.2540067e+01   6.8160517e+01
  -2.0361362e+01   8.0802878e+01
  -5.8388774e+01  -2.8463510e+01
  -5.5652807e+01   3.3767658e+01
   9.5086896e+01  -8.5834951e+01
   3.9296208e+01  -1.6482990e+01
  -1.4182765e+01  -1.8954407e+01
  -4.7345615e+01   5.0598233e+01
  -4.1151230e+01   8.7739327e+01
  -1.0875777e+01   3.8006666e+01
  -1.8096436e+01   4.4844954e+01
  -2.3034238e+01   3.6166240e+01
  -2.4168094e+01  -1.9463775e+01
  -3.1631964e+01  -3.7974348e+01
  -3.8604982e+01  -3.0812869e+01
   7.1748173e+00   5.7909722e+01
  -5.1485883e+01  -2.0864979e+01
   3.5313844e+00   6.9489554e+01
  -9.1031197e+01  -2.5069467e+01
  -1.0456148e+01   8.2142757e+01
   3.7693370e+01  -2.7107558e+01
  -8.2981973e+01   2.7484251e+00
  -9.0279186e+01   3.3171703e+01
  -8.0560439e+01   3.5520502e+01
  -9.4134825e+01   8.0827467e+01
  -7.3349779e+01   4.2445390e+01
  -8.5446867e+01   1.2437774e+01
  -8.9698411e+01   8.9789511e+01
  -8.5846371e+01   7.5232690e+01
  -2.2403263e+01   9.8168764e+01
   1.6255166e+01  -2.3641748e+01
   2.8891042e+01  -2.2391341e+01
  -9.7222615e+01  -5.3528947e+01
  -4.5391853e+01   3.3344459e+01
   5.7890670e+01  -7.3089198e+01
  -8.7937786e+01   6.1324694e+01
  -7.2673621e+01  -4.2423494e+01
   4.8059806e+01   2.1620980e+01
  -6.6994763e+01  -2.3380234e+01
  -9.2521428e+01  -4.4702943e+01
  -9.5871374e+01  -3.5280759e+01
  -7.2122249e+01   7.8201240e+01
  -9.3936794e+01   6.9325745e+01
   2.2880814e+01   2.3323773e+01
  -6.7832881e+01   9.8907571e+01
   6.4043622e+01  -3.7162609e+01
   5.7963172e+01  -2.9237531e+01
   5.8044863e+01  -4.5125524e+01
   5.0881784e+01  -6.4237849e+01
  -8.9601957e+00   2.8116562e-01
   7.8468513e+01   3.4554034e+00
   7.9500573e+00  -4.3779803e+01
   1.6282492e+01  -4.9162549e+01
  -5.2236543e+00  -2.9293958e+01
  -5.0979240e+01   2.4937295e+01
  -1.5522808e+01  -4.5849627e+01
  -9.4295129e+01   1.7095674e+01
  -5.8717345e+01   8.8789955e+01
  -7.7028541e+01   5.2569214e+01
  -2.8473750e+01   7.4077273e+00
   3.3623191e+01  -7.0673682e+01
  -1.5644978e+00  -6.0526921e+01
  -3.1381913e-01   1.1015635e+01
  -4.0105395e+01  -5.9500880e+01
  -8.5172871e+01   9.8714330e+01
  -2.5532496e+01  -4.5897103e+01
  -1.7628110e+01  -7.4500186e+01
   5.5831766e+01  -9.7352472e+01
   5.6160072e+01  -9.2172294e+00
   9.7257790e+01  -6.2376305e+01
   6.9871278e+01  -5.9598403e+01
   7.7351490e+01  -5.3022610e+01
   8.8981156e+01  -6.7987578e+01
   2.9453814e+01  -8.3516207e+01
  -4.7525988e+01   7.8791610e-01
  -3.8148949e+01   4.2378844e+00
  -4.8752466e+01   1.5195568e+01
  -5.2079942e+01  -8.4933964e+00
  -6.2431694e+01  -1.3111702e+01
   5.1169915e+00  -6.7894480e+01
  -3.4683930e+01  -9.0843495e+01
  -5.5691493e+01  -7.5228780e+01
   8.9787331e+01  -4.9450368e+01
  -4.6586736e+01  -7.1100975e+01
  -1.4888772e+00  -8.9206978e+01
   6.9915654e+01  -9.3145674e+01
  -1.1627325e+01  -5.8490640e+01
  -1.7178273e+01  -9.9460316e+01
   3.8294613e+01  -8.8225549e+01
