   2.7239181e+01   9.1703711e+00
   2.0552276e+01  -1.3578958e+01
  -2.4674269e+01  -1.0852040e+01
   4.2090465e+00   2.7087302e+01
   5.3881013e+00  -2.9291226e+01
  -5.4632670e+00  -9.4935922e+00
  -1.2643026e+00   7.9735665e+00
   7.8173356e+00  -9.0161131e+00
  -8.9386562e+00   2.7920879e-01
   1.3299273e+00  -1.6831898e+01
  -1.3094768e+01  -1.7354143e+01
   2.0850701e+01  -3.5834119e+00
   9.0864981e-01  -1.7868448e+00
   1.2453435e+01   2.1375670e+01
   1.1679377e+01  -1.8240030e+01
  -1.5258917e+01  -7.4830782e+00
  -3.8538543e+00  -2.5383398e+01
  -2.1693573e+01   1.7160010e-01
   1.7309500e+01   1.0352687e+01
   1.2207153e+01   1.4454139e+00
  -6.4248391e-01   1.8343010e+01
   7.5763241e+00   1.2645898e+01
  -6.4644906e+00   2.6473503e+01
