   5.6598063e+01  -1.2707587e+01
  -8.4990621e+01   8.1353400e+01
   4.1031455e+00  -8.3287298e+01
   5.7857413e+01  -4.6401491e+01
  -1.3643011e+01  -6.6934998e+01
   8.0825677e+01  -6.5033900e+01
  -3.9214230e+01   3.8895908e+01
   5.0271999e+01  -3.2864645e+01
  -6.1880730e+01   5.0736922e+01
  -4.7239995e+01  -1.4089624e+01
  -7.1988144e+01  -1.6510091e+00
  -8.1365735e+01   3.0975819e+01
   4.0769476e+01  -8.1321557e+01
   2.3249475e+01  -1.9326685e+01
   4.1146602e+00  -1.6916949e+01
   3.1166125e+01  -4.1956564e+01
   9.7975640e+00  -3.7152148e+01
   7.6641137e+01  -4.9145401e+01
   1.1928321e+01  -6.8405519e+01
   3.5744365e+01  -7.2708496e+01
   1.9392916e+00  -6.7996945e+01
   4.1509940e+01  -5.3616864e+01
  -2.1321237e+01   6.1708698e+01
  -9.9548008e+01   5.3870207e+01
  -8.2994118e+01  -2.3940270e+01
  -1.3676170e+01   2.8815194e+01
  -8.7394573e+01   6.1724506e+01
  -6.1350565e+01   3.7866968e+00
   8.5799743e+01  -1.5916132e+01
  -4.9722357e+01   1.8326855e+01
   3.8282494e+01  -4.0690759e+00
  -1.3704820e+01  -5.3614819e+01
   1.8244049e+01  -4.5125549e+01
  -9.9240879e+00  -3.4234996e+01
   3.2047178e+01  -8.5995872e+01
   5.6169294e+01  -8.6554564e+01
  -4.9182313e+01   5.6467522e+01
  -3.5595413e+01   8.0375119e+01
  -1.8711256e+01   4.6877638e+01
  -6.8585308e+01  -3.3746060e+01
  -2.9594481e+01   4.0935057e+01
  -8.5511855e+01   9.1021508e+01
  -8.0862509e+01  -1.4893958e+01
  -4.3946840e+01   4.7563862e-02
  -2.3521828e+01  -6.1567330e+00
  -9.7011074e+01   6.3538471e+01
  -6.9487662e+01   3.9085196e+01
   4.0921007e+01  -2.8418691e+01
  -6.0284832e+01   4.1234695e+01
   2.4038340e+01  -5.9702260e+00
  -4.1020940e-02  -3.3139902e+01
   1.4042273e+01  -5.9853790e+00
  -1.8978376e+01  -3.8598181e+01
   1.6553378e+01  -7.7272427e+01
   4.8522894e+01  -9.8935010e+01
   9.4135213e+01  -5.7900205e+01
   6.2995244e+01  -6.3247936e+01
   5.0374287e+01  -7.8996426e+01
  -1.2900226e+01  -7.9621277e+01
  -2.5653174e+01   8.0832852e+01
  -5.4078501e+01   7.5292681e+01
  -2.6102952e+01   3.1030144e+01
  -3.5071462e+01   5.4297875e+01
  -6.4885538e+01  -2.0424437e+01
   7.2347722e+01  -4.0154264e+01
   7.6069973e+01  -1.3676527e+01
  -9.6741637e+01   2.0058672e+01
  -3.5633286e+01   5.3057327e+00
   5.8809501e+01  -2.3899809e+01
  -3.8250777e+01  -1.1334302e+01
  -9.3990612e+01  -3.8688410e+01
  -7.9043196e+01   6.5983863e+01
  -8.2556292e+01   1.4276878e+01
  -5.5011252e+01   9.8289527e+01
   7.9085859e+01  -9.4984477e+01
  -7.5571098e+01   9.7022316e+01
  -4.2193429e+01   1.2278947e+01
  -9.1884674e+01   4.2970514e+01
  -5.8343905e+01   2.2932593e+01
   9.2497866e+00  -4.9478480e+01
  -7.7970513e+01   5.7684051e+01
   4.7613305e+01  -8.3429472e+00
  -9.1492026e+01   3.3120168e+01
   3.2079673e+01  -1.1903761e+01
  -8.8221648e+01   2.0031733e+00
   7.2975328e+00  -2.6387467e+01
  -8.1083912e+01   4.8981916e+01
  -6.6884140e+01   1.7947128e+01
  -5.0828936e+00  -2.9420609e+00
  -6.0728444e+00  -2.4156422e+01
  -6.6794789e+01   8.6951244e+01
  -9.4540337e+01   8.2474731e+01
   1.6542291e+00  -4.2983301e+01
  -1.0619033e+01  -4.4135254e+01
  -3.7587960e+00  -5.1386453e+01
  -8.9916257e+01   5.2505836e+01
  -2.5481478e+01  -4.8108440e+01
  -7.1387746e+01   4.9913184e+01
  -4.5509944e+01   4.5121647e+01
   8.3385974e+01  -4.1849489e+01
   6.6794326e+01  -5.0857916e+01
   2.6538423e+01  -7.6513129e+01
   2.9546337e+01  -6.1250192e+01
   6.1345361e+00  -9.3581000e+01
   9.0968648e+01  -4.8368301e+01
  -3.2693963e+00  -7.6532347e+01
  -5.4275233e+00  -6.1238535e+01
  -5.4437243e+00  -8.6292778e+01
   1.3467251e+01  -8.6783919e+01
  -5.3585839e+01  -2.6298192e+00
  -3.0863256e+01   6.2001312e+01
   6.6442079e+01  -1.1063648e+01
  -7.1261006e+00   3.7589086e+01
  -2.6092854e+01   5.2999502e+01
   8.9946604e+01  -3.4345135e+01
  -3.6485477e+01   9.1306504e+01
  -7.3385400e+01  -2.4483773e+01
  -4.5894608e+01   2.9246452e+01
  -3.5994485e+01   3.0038071e+01
   5.4851030e+01   5.8090291e-01
  -2.9757741e+01   1.2714718e+01
  -9.8282661e+01   9.4469942e+01
  -5.1995072e+01  -2.7304768e+01
  -3.2877778e+01  -3.6457456e+00
  -7.0552198e+00   6.3104062e+01
  -6.3003990e+01  -6.0152296e+00
  -7.0131579e+01   8.5612796e+00
  -8.1256887e+01  -5.2360207e+00
  -2.5491513e+01  -2.3938611e+01
   4.7957671e+01  -4.6069716e+01
  -9.0003693e+01  -1.1164978e+01
  -4.3313988e+01  -2.3287583e+01
   6.4350282e+01  -3.4168795e+01
  -8.9755803e+01   7.1558422e+01
  -6.5630090e+01   9.6148041e+01
   6.3996230e+01  -7.4182812e+01
  -9.4754473e+01  -2.3820714e+01
  -7.7222546e+01   7.6478578e+01
   4.6923939e+01  -8.9111724e+01
   2.2932071e+01  -8.9966844e+01
   4.1895202e+01  -3.7990011e+01
   3.3192665e+01  -2.1465844e+01
  -8.1046599e+01  -3.3619416e+01
  -5.0882463e+01   6.9750134e+00
   7.1406864e+01  -6.7976148e+01
   4.1265741e+01  -1.6061285e+01
   2.8591943e+01  -9.8215210e+01
   3.8470717e+01  -9.6662851e+01
   2.2365355e+01  -3.6017956e+01
   4.5191866e+01   3.1526056e+00
   2.0095971e+01   3.2174150e+00
   1.6508300e+01  -5.7541334e+01
   2.5262034e+01  -5.2236656e+01
  -5.8312892e+01   1.3191845e+01
   4.0891239e+00  -6.9211338e+00
  -5.4540825e+00  -1.4021536e+01
   8.1745401e+00   2.2053624e+00
  -9.9515689e+01   7.3174274e+01
   1.4069352e+01  -1.5984727e+01
   4.8920278e+01  -2.2490855e+01
   4.9131918e+01  -6.1967050e+01
  -5.6987329e+01   3.2378333e+01
  -1.6144996e+01  -2.6603674e+01
  -2.2796478e+01  -5.7758243e+01
  -2.8978095e+01  -3.8673026e+01
   3.9258179e+01  -6.3274038e+01
   4.5446491e+01  -7.0887577e+01
   9.7534268e+01  -4.0845543e+01
   8.4192335e+01  -5.5679779e+01
   7.3253066e+01  -5.8418978e+01
   1.5614365e+01  -9.6755634e+01
   2.1894877e+01  -6.7659556e+01
   9.0848000e+01  -6.7344475e+01
   7.0033606e+01  -9.1170023e+01
   6.5812369e+00  -5.9111944e+01
  -2.0988430e+01  -7.3719027e+01
  -3.5394676e+00  -9.6109666e+01
  -2.4992171e+01   7.0910141e+01
   8.1704949e+01  -5.4169713e+00
   6.8351604e+01  -2.0924426e+01
  -5.0103207e+01   6.6212748e+01
  -4.4166924e+01   7.4155392e+01
  -4.0916182e+01   6.2430479e+01
  -3.4981408e+01   7.0577195e+01
  -4.5553941e+00   2.4950953e+01
   7.6087364e+01  -3.0893526e+01
   1.5982681e+00   3.2822702e+01
   6.4681725e+01  -1.2272964e+00
   8.4708445e+01  -2.5844763e+01
  -9.8041540e+01   1.6427094e-02
  -5.3380115e+01   4.7601366e+01
  -5.9522535e+01  -3.3193879e+01
  -1.3722263e+01   5.5721676e+01
  -1.8523362e+01   3.7214368e+01
  -3.0386013e+01   2.2227326e+01
  -8.9777633e+01   9.9809048e+01
  -4.4789345e+01   8.4117605e+01
  -2.5768221e+01   3.5733476e+00
  -1.4931642e+01   6.9269087e+01
  -3.4247802e+01  -2.0100023e+01
  -7.1304064e+01  -1.2942198e+01
  -2.0229464e+01  -1.5475524e+01
  -8.7958418e+00   4.7292306e+01
  -5.5730769e+01  -1.8140134e+01
  -7.8968489e+01   4.0026545e+01
  -9.2076328e+01   1.1218947e+01
  -8.7694277e+01   2.3791707e+01
  -7.3034504e+01   2.5622111e+01
  -4.5953406e+01   9.4241168e+01
  -3.6223674e+01  -3.0322532e+01
  -7.6548512e+01   8.6975077e+01
  -5.7468954e+01   8.8763951e+01
  -9.9047976e+01  -1.5320075e+01
  -6.8892773e+01   7.8737219e+01
   5.6667692e+01  -5.5984217e+01
  -8.8932897e+01  -3.1004521e+01
   6.4889840e+01  -8.3434697e+01
  -4.1392923e+01   5.0864939e+01
  -7.5728151e+01  -3.3324330e+01
  -8.1704080e+01   7.0338565e+01
   2.4079253e+01  -2.2434780e+01
   2.9212391e+01  -3.9501146e+01
   4.0255216e+01  -4.0775935e+01
   3.2882474e+01  -2.4692478e+01
