  -7.3070779e+01   2.7526508e+01
   2.7208216e+01  -4.4281884e+01
  -9.9980464e+01   3.2353469e+01
   3.8647890e+01  -6.6341151e+01
  -7.9324745e+01   7.6123813e+01
   5.4294197e+01  -3.4636100e+01
   4.2096910e+01  -5.6954764e+01
  -9.9299617e+01   4.6203973e+01
  -7.2042638e+01   1.7593014e+01
  -8.1323195e+01   3.6113134e+01
  -9.1780110e+01   2.0013720e+01
   2.8949957e+01  -6.3901868e+01
   5.0586865e+01  -6.3345406e+01
  -9.8852977e+01   6.7664063e+01
  -5.9564440e+01   4.2396356e+01
  -5.3451211e+01   2.5182190e+01
  -6.6117094e+01   4.9950344e+01
  -9.0085804e+01   5.4721441e+01
   3.0716234e+01  -8.7017642e+01
   1.6928974e+01  -4.2257408e+01
   3.7066535e+01  -4.3898223e+01
   3.0961574e+01  -5.4106288e+01
  -5.5838243e+01   5.3123039e+01
  -8.1521942e+01   9.5841873e+00
  -8.5375505e+01   4.5939520e+01
  -8.2685436e+01   6.1404815e+01
  -5.8178153e+01   4.1740490e+00
  -6.9306240e+01   3.6764893e+01
  -7.5522680e+01   4.4504432e+01
  -9.0686737e+01   5.5834336e+00
  -9.2455473e+01   3.8917795e+01
  -8.8894037e+01   2.9581995e+01
   4.6287872e+01  -4.7530739e+01
   2.6373784e+01  -7.8103565e+01
   2.7829236e+01  -3.4379612e+01
   5.0489718e+01  -8.4916442e+01
   5.3896312e+01  -5.3912361e+01
   1.0638356e+01  -5.0494911e+01
   2.0556918e+01  -5.1488614e+01
   1.0267373e+01  -6.6822014e+01
   6.2496422e+01  -7.0641566e+01
   4.4769084e+01  -3.7594900e+01
  -4.9907444e+01   4.4992975e+01
  -8.2239085e+01  -3.9376363e-01
  -7.5623672e+01   5.4442429e+01
  -8.6866490e+01   7.0100347e+01
  -6.3294563e+01   1.2762306e+01
  -6.3355265e+01   2.2767388e+01
  -6.0386468e+01   3.2351837e+01
  -4.7391378e+01   3.3194322e+01
  -9.8113556e+01   1.2279720e+01
  -8.1782892e+01   1.9848742e+01
   5.6800371e+01  -4.4323370e+01
   4.0674923e+01  -8.6695313e+01
   3.7232856e+01  -3.1034133e+01
   3.7163155e+01  -7.6774488e+01
   1.6835537e+01  -3.2301105e+01
   2.1917036e+00  -4.5170132e+01
   6.1125197e+01  -6.0756860e+01
   1.8313791e+01  -6.0982292e+01
  -9.9066250e+01   5.8884813e+01
   5.3753605e+01  -7.5476490e+01
   1.9876914e+01  -7.0679030e+01
  -9.4891486e+01   7.2608631e+01
