  -6.7098848e+01   2.4078406e+01
   2.7269861e+01  -4.4538743e+01
  -9.7671509e+01   3.0631523e+01
   3.6457791e+01  -6.8230400e+01
  -7.2210283e+01   4.1755061e+01
  -8.4637252e+01   6.8826077e+01
   5.4045996e+01  -4.0723983e+01
   4.2164439e+01  -5.6837015e+01
  -9.9118085e+01   4.5704214e+01
  -7.4014987e+01   1.6856959e+01
  -8.1238406e+01   3.7448512e+01
  -9.3178813e+01   2.0118284e+01
   2.7372397e+01  -6.4154542e+01
   5.1315661e+01  -6.3215178e+01
  -9.4382180e+01   6.6584352e+01
  -5.9063853e+01   4.1311099e+01
  -7.5753145e+01   2.9087784e+01
  -5.7882281e+01   2.7956834e+01
  -6.6540481e+01   5.0045096e+01
  -8.9934847e+01   5.5455041e+01
  -8.3202782e+01   2.0793270e+01
   3.5576460e+01  -7.9029084e+01
   1.7864719e+01  -4.1192081e+01
   3.7259781e+01  -4.4900584e+01
   2.9076898e+01  -5.4339223e+01
   4.5258702e+01  -7.2892945e+01
  -5.6634848e+01   5.1382096e+01
  -8.0947050e+01   9.6501053e+00
  -8.5522617e+01   4.6484284e+01
  -7.9273396e+01   6.0389668e+01
  -6.4306005e+01   1.4472304e+01
  -6.5891600e+01   3.4004940e+01
  -7.6505040e+01   5.0785171e+01
  -9.0920736e+01   1.0372935e+01
  -9.1897015e+01   3.8791126e+01
  -8.7631370e+01   2.9753265e+01
  -9.9601903e+01   5.8009346e+01
   4.6885376e+01  -4.7732048e+01
   2.6862517e+01  -7.4129755e+01
   3.1893566e+01  -3.5690558e+01
   4.4830289e+01  -8.2872009e+01
   5.4801225e+01  -5.3842446e+01
   1.0047947e+01  -4.7419227e+01
   1.9271117e+01  -5.1408057e+01
   1.7456311e+01  -6.5213910e+01
   5.5226680e+01  -7.2441667e+01
   4.3814293e+01  -3.7351099e+01
