   5.2847500e+01  -1.2490959e+01
   6.0631042e+01  -4.0759087e+01
   9.6189258e+01  -5.9123726e+01
  -6.3546437e+01   4.5971920e+01
  -5.7696484e+01  -1.0560225e+01
  -7.6014510e+01   5.5447186e-01
  -8.2479124e+01   2.6880937e+01
   2.1953851e+01  -1.6905576e+01
   3.4443185e+01  -5.3137014e+01
   2.8446293e+00  -7.5193315e+01
  -5.6065410e+00   2.8496352e+01
  -6.9004781e+01   7.2207091e+00
   9.2139608e+01  -1.1763057e+01
   3.5544366e+01  -6.3767597e+00
  -5.5130075e+00  -4.8548697e+01
  -2.5627687e+00  -3.5691530e+01
   3.8451338e+01  -8.1280780e+01
   5.4294808e+01  -9.2672224e+01
  -5.2500469e+01   5.6792548e+01
  -1.1724324e+01   4.7436029e+01
  -6.8223588e+01  -3.7241899e+01
  -8.6194757e+01   9.0460967e+01
  -8.1691496e+01  -1.7396792e+01
  -1.8005534e+01  -8.7362165e+00
   1.0785336e+00  -2.2478932e+01
  -2.1970621e+01  -3.6805068e+01
   1.2676641e+01  -7.6340483e+01
   4.6704110e+01  -8.6785664e+01
  -1.4016017e+01  -8.0615745e+01
  -2.7255189e+01   8.4845360e+01
  -5.2331949e+01   8.3614807e+01
  -2.8683276e+01   4.0071057e+01
  -3.4312478e+01   5.1645153e+01
  -6.5216743e+01  -2.7834059e+01
   7.9278331e+01  -1.3628556e+01
  -9.9666537e+01   2.0738750e+01
  -3.6412874e+01  -2.7688708e+00
   6.0270208e+01  -1.9157633e+01
  -3.5581251e+01  -1.2838749e+01
  -9.5515610e+01  -4.5901918e+01
  -8.5836550e+01   6.5690824e+01
  -8.1057866e+01   1.0154633e+01
   8.3079447e+01  -9.9886801e+01
  -4.5297212e+01   1.5840285e+01
  -6.0451572e+01   2.3816955e+01
   1.4550654e+01  -4.9000992e+01
  -8.4766330e+01   4.9739765e+01
  -9.3091637e+01   2.8307176e+01
  -9.4578993e+01  -2.6200427e+00
  -6.7371410e+01   1.6785904e+01
  -6.4490168e+00  -1.5920955e+01
  -6.6832229e+01   9.7697987e+01
  -9.4996176e+01   8.5787022e+01
  -9.8014915e+01   4.9764563e+01
  -2.3792135e+01  -5.5669243e+01
  -7.6847472e+01   4.3896923e+01
  -4.2886643e+01   3.9862740e+01
   8.1921482e+01  -3.7450596e+01
   6.6000478e+01  -4.9181074e+01
   2.8922532e+01  -7.8308982e+01
   4.3464360e+00  -9.5840134e+01
  -6.2181960e+00  -7.1918921e+01
  -1.5829582e+01  -6.4028010e+01
  -4.9561167e+00  -9.2194411e+01
   1.3223353e+01  -9.1242532e+01
  -2.4444306e+01   6.6221812e+01
   6.9397567e+01  -1.2583018e+01
  -6.2668383e+00   3.8436187e+01
  -2.1700474e+01   4.7136710e+01
   8.9409773e+01  -3.0824270e+01
  -3.4881442e+01   9.1265420e+01
  -3.5379938e+01   3.2746466e+01
   5.7362445e+01   1.7912906e+00
  -3.5433508e+01   1.4183234e+01
  -5.0277862e+01  -2.8241432e+01
   3.3700720e+00   6.1704919e+01
  -2.1897019e+01  -2.6820706e+01
  -4.9755453e+01  -1.6638115e+01
   5.6702812e+01  -7.0155129e+01
  -7.8257667e+01   7.2009569e+01
   2.2788267e+01  -9.4124854e+01
   4.4557231e+01  -2.9064157e+01
   3.1725730e+01  -1.5654096e+01
  -8.5748018e+01  -4.3854634e+01
  -5.0753215e+01   7.4600178e+00
   6.0622842e+01  -6.1013228e+01
   3.9560655e+01  -2.1198879e+01
   1.5346507e+01  -2.7547882e+01
   5.0539425e+01   2.0252600e+01
   1.6316136e+01   1.2457508e+01
   2.5114059e+01  -5.2894783e+01
   8.8497737e+00  -5.3515987e+00
   3.1137250e+00   1.0771649e+01
   5.3578501e+01  -3.2968809e+01
  -6.1692464e+01   3.3616708e+01
  -2.9729579e+01  -4.4280399e+01
   3.5517413e+01  -7.0819907e+01
   4.5449504e+01  -6.8879311e+01
   9.5669051e+01  -4.9163363e+01
   7.0384441e+01  -5.8075202e+01
   2.2243063e+01  -7.0642626e+01
   7.6010537e+01  -9.5465446e+01
   7.9066933e+00  -5.6990506e+01
  -2.5805214e+01  -7.5783710e+01
  -1.9134808e+01   7.4630420e+01
   8.4714041e+01  -5.1020010e+00
   6.9596294e+01  -2.2401435e+01
  -5.0124727e+01   6.6455644e+01
  -3.8160311e+01   8.1096332e+01
  -3.3388037e+01   6.1852722e+01
  -3.8015161e+01   7.0606167e+01
  -1.1130372e+00   1.9669597e+01
   7.6887036e+01  -2.8967885e+01
   4.3203581e+00   2.9742511e+01
   6.7337399e+01   2.3744747e+00
   8.4219489e+01  -2.2278105e+01
  -5.3678930e+01   4.7001141e+01
  -5.7932754e+01  -3.4650337e+01
  -1.5309329e+01   5.6749762e+01
  -1.6546407e+01   3.8717022e+01
  -2.8225047e+01   2.1060641e+01
  -4.4690417e+01   8.9833777e+01
  -2.2266370e+01   9.6839646e-01
  -9.7820500e+00   7.1121581e+01
  -3.1703925e+01  -2.4808272e+01
  -7.6010413e+01  -9.2781081e+00
  -2.5699625e+01  -1.6915524e+01
  -1.7707446e+00   4.8117875e+01
  -5.8780347e+01  -2.0439642e+01
  -8.2969535e+01   3.6468925e+01
  -8.8765480e+01   1.9328392e+01
  -7.0179679e+01   2.6211633e+01
  -4.0636198e+01  -3.0762355e+01
  -8.0888070e+01   9.9523681e+01
  -5.7805266e+01   9.1897642e+01
  -7.1111232e+01   7.8794493e+01
   4.6938317e+01  -5.2058138e+01
  -9.9959539e+01  -3.2154574e+01
   6.6300523e+01  -8.7242189e+01
  -4.4111699e+01   4.9736726e+01
  -7.8343142e+01  -3.3312462e+01
  -8.8586560e+01   7.5654900e+01
   2.5152989e+01  -2.6278531e+01
   2.9572796e+01  -3.8157960e+01
   4.2677890e+01  -3.7846312e+01
   3.4479734e+01  -2.9605567e+01
   6.5315629e+01  -7.7132595e+01
   3.2526337e+01  -9.8247005e+01
  -9.1097809e+01   4.2033337e+01
   4.3138426e+01  -1.2358602e+01
   8.6357727e+01  -6.0508669e+01
   4.2561261e+01   5.5886168e+00
   1.0489000e+01  -3.9885723e+01
   1.9889848e+01  -3.6412230e+01
   2.3627686e+01   5.7626290e+00
  -7.8677997e+01   5.8768084e+01
  -9.5487679e+01   6.8053119e+01
  -1.2589776e+01  -6.6803829e-01
   1.0569461e+01   4.3535808e+00
  -1.9925214e+01  -4.6498080e+01
  -9.1162577e+01   5.7305859e+01
  -4.5604414e+01   3.0264969e+01
  -7.1266177e+01   3.5933575e+01
   4.4054458e+00  -4.7744141e+01
  -1.3704423e+01  -5.4249733e+01
  -4.4975599e+00  -5.8320426e+01
  -3.3252367e+01  -5.2771629e+01
   4.0535736e+01  -6.1619606e+01
  -5.2521846e+01   3.7231490e+01
  -4.1736914e+00  -8.2254827e+01
   5.6726523e+00  -8.4717406e+01
   6.1820242e+01  -9.7792943e+01
   9.0652575e+01  -6.9458196e+01
   9.9404557e+01  -3.9920203e+01
  -3.1618198e+01  -3.4719597e+01
   7.4811314e+01  -4.4916550e+01
   7.9268902e+01  -5.3681490e+01
   2.0077286e+01  -8.2888815e+01
  -3.8618563e+01   2.3386546e+01
   6.1114443e+01  -7.3298694e+00
   2.4964914e+00  -6.5295843e+01
  -3.3307196e+01  -6.9384619e+01
  -2.2790922e+01  -8.5393069e+01
   8.6097495e+01  -4.6435318e+01
  -4.4413584e+01  -8.4151232e+00
  -4.0991607e+01   5.9860418e+00
  -5.2090504e+01  -2.3588961e+00
  -1.2662195e+01  -9.8547636e+01
  -1.2367946e+01  -3.4514717e+01
   8.0275014e+01   4.0392310e+00
  -1.8191770e+01   8.9038509e+01
   9.9470801e+01  -2.9952099e+01
   8.9251752e+00   2.0220056e+01
   6.1512051e+01   1.1184005e+01
  -1.5567976e+01   2.8914451e+01
   7.4782026e+01  -4.2693782e+00
   3.6498977e+00   3.9719216e+01
  -4.2981477e+01   5.9595657e+01
   9.4144385e+01  -2.1533786e+01
  -7.4410833e+01  -2.4134935e+01
  -4.6518028e+01   7.5658515e+01
  -3.0984020e+01   5.4791779e+00
  -6.0080879e+01  -4.4403570e+01
   7.0119702e+01  -3.6264232e+01
  -2.5406868e+01   3.0632175e+01
  -9.4673551e+01   9.6237085e+01
  -1.5922030e+01  -1.8377388e+01
  -6.7007977e+01  -3.6789895e+00
  -5.9942670e+01   3.5088793e+00
  -7.1566736e+01   5.1795828e+01
  -2.5253189e+01   5.6308633e+01
  -2.9108508e+01   7.5049521e+01
   6.2826282e+01  -2.9598266e+01
   5.0930764e+01  -2.2067290e+01
  -2.7652471e+01  -7.1938100e+00
  -2.5846068e+01   9.5456289e+01
   8.9040761e+01  -9.1962830e+01
  -6.6181369e+00   6.1642315e+01
   2.1356267e-01   7.1196382e+01
  -6.8044792e+01  -1.5520664e+01
  -1.1789508e+01   8.1368020e+01
  -4.1264649e+01   9.9184014e+01
  -4.0928653e+01  -2.1017476e+01
  -9.1164657e+01  -1.4364221e+01
  -9.4455281e+01  -2.3806100e+01
   3.0790361e+01  -8.8132880e+01
   4.9905860e+01  -7.7443372e+01
  -8.0652617e+01   8.1725129e+01
   5.0976683e+01  -4.2851238e+01
  -9.0375291e+01  -3.4998362e+01
  -5.7882389e+01   1.4215138e+01
  -7.6909027e+01   1.8949373e+01
  -5.1247931e+01   9.9363809e+01
   2.5871744e+01  -7.7973268e+00
   4.6913504e+01  -3.2948173e+00
  -7.5790919e+01  -4.3669415e+01
   5.7647931e+01  -8.3380370e+01
   4.2173412e+01  -9.5662294e+01
  -7.6247384e+01   9.0693449e+01
   5.1529878e+01   9.8173427e+00
   2.6013689e+01   1.5354401e+01
  -6.1234002e+01   7.9459285e+01
  -6.6786535e+01   8.7721696e+01
   1.2275441e+01  -6.6574631e+01
  -9.9181480e+01   3.6214179e+01
   6.7972275e+01  -6.7662011e+01
   7.7587493e+01  -6.5201554e+01
  -9.9796370e+01   7.7043091e+01
   1.2364188e+01  -1.4836109e+01
   3.3042533e+01   3.1105688e+00
   4.1754008e+01   1.5500783e+01
  -4.4705634e+00  -6.1248753e+00
   1.7581438e+01  -5.8565015e+01
   6.1075361e+00  -3.0979045e+01
   1.7991775e+01  -2.1906423e+00
   2.7609203e+00  -1.2801488e+01
  -3.8846307e+00   3.8427327e+00
  -8.5701493e+01   1.4985771e+00
  -9.1172801e+01   9.7636345e+00
   3.6782232e+01  -4.4650163e+01
   5.6704137e+01  -5.1933524e+01
  -3.2546524e+01  -6.0618001e+01
   6.9483369e+01  -9.5148098e+01
  -9.9688834e+00  -6.4594452e+01
   3.5818295e+01  -6.0737255e+01
