   3.8730000e+03
   3.7710000e+03
   3.7410000e+03
   3.4810000e+03
   3.4050000e+03
   3.8610000e+03
   3.7270000e+03
   3.4950000e+03
   3.7950000e+03
   3.7210000e+03
   3.3490000e+03
   3.5730000e+03
   3.6910000e+03
   3.8750000e+03
   3.8650000e+03
   3.4990000e+03
   3.7250000e+03
   3.5910000e+03
   3.6510000e+03
   3.3510000e+03
   3.3910000e+03
   3.6390000e+03
   3.4390000e+03
   3.7050000e+03
   3.5430000e+03
   3.4670000e+03
   3.8550000e+03
   3.8690000e+03
   3.8350000e+03
   3.4370000e+03
   3.4090000e+03
   3.6170000e+03
   3.3470000e+03
   3.3430000e+03
   3.7670000e+03
   3.5090000e+03
   3.6470000e+03
   3.7010000e+03
   3.3350000e+03
   3.6770000e+03
   3.4630000e+03
   3.4170000e+03
   3.4330000e+03
   3.3670000e+03
   3.8130000e+03
   3.4790000e+03
   3.8010000e+03
   3.6270000e+03
   3.7910000e+03
   3.3130000e+03
   3.6290000e+03
   3.5350000e+03
   3.3150000e+03
   3.6410000e+03
   3.6330000e+03
   3.3170000e+03
   3.7930000e+03
   3.4250000e+03
   3.7590000e+03
   3.6710000e+03
   3.3970000e+03
   3.4030000e+03
   3.3930000e+03
   3.3370000e+03
   3.4110000e+03
   3.3570000e+03
   3.5290000e+03
   3.3990000e+03
   3.7790000e+03
   3.6610000e+03
   3.8150000e+03
   3.4150000e+03
   3.3410000e+03
   3.3950000e+03
   3.7070000e+03
   3.4350000e+03
   3.4010000e+03
   3.7470000e+03
   3.4850000e+03
   3.5130000e+03
   3.6030000e+03
   3.8070000e+03
   3.7290000e+03
   3.5510000e+03
   3.8170000e+03
   3.8290000e+03
   3.5690000e+03
   3.5570000e+03
   3.8470000e+03
   3.5750000e+03
   3.6190000e+03
   3.6210000e+03
   3.6370000e+03
   3.6430000e+03
   3.6970000e+03
   3.3450000e+03
   3.6490000e+03
   3.7530000e+03
   3.3690000e+03
   3.5710000e+03
   3.6670000e+03
   3.6570000e+03
   3.4190000e+03
   3.7190000e+03
   3.7310000e+03
   3.4690000e+03
   3.7030000e+03
   3.5830000e+03
   3.8510000e+03
   3.4910000e+03
   3.7150000e+03
   3.4650000e+03
   3.7990000e+03
   3.6870000e+03
   3.4230000e+03
   3.4750000e+03
   3.7110000e+03
   3.4710000e+03
   3.7450000e+03
   3.5010000e+03
   3.7730000e+03
   3.6830000e+03
   3.6690000e+03
   3.5470000e+03
   3.8210000e+03
   3.7330000e+03
   3.7130000e+03
   3.6950000e+03
   3.5150000e+03
   3.5610000e+03
   3.8030000e+03
   3.7870000e+03
   3.7970000e+03
   3.6090000e+03
   3.5630000e+03
   3.5650000e+03
   3.6850000e+03
   3.8790000e+03
   3.6990000e+03
   3.7810000e+03
   3.5970000e+03
   3.6250000e+03
   3.6230000e+03
   3.3080000e+03
   3.3120000e+03
   3.3160000e+03
   3.3180000e+03
   3.6310000e+03
   3.3340000e+03
   3.3360000e+03
   3.6450000e+03
   3.3400000e+03
   3.3420000e+03
   3.3440000e+03
   3.3460000e+03
   3.3480000e+03
   3.3500000e+03
   3.3520000e+03
   3.6530000e+03
   3.3560000e+03
   3.3600000e+03
   3.6550000e+03
   3.3680000e+03
   3.6810000e+03
   3.6790000e+03
   3.6650000e+03
   3.6630000e+03
   3.3880000e+03
   3.3900000e+03
   3.3920000e+03
   3.3940000e+03
   3.6890000e+03
   3.3980000e+03
   3.4000000e+03
   3.4020000e+03
   3.7750000e+03
   3.4060000e+03
   3.4080000e+03
   3.4100000e+03
   3.4140000e+03
   3.4180000e+03
   3.4220000e+03
   3.4240000e+03
   3.4260000e+03
   3.4280000e+03
   3.4320000e+03
   3.4340000e+03
   3.4360000e+03
   3.4380000e+03
   3.7430000e+03
   3.7370000e+03
   3.4440000e+03
   3.7490000e+03
   3.4500000e+03
   3.4520000e+03
   3.4540000e+03
   3.4580000e+03
   3.4620000e+03
   3.7570000e+03
   3.4660000e+03
   3.4680000e+03
   3.4700000e+03
   3.7650000e+03
   3.4760000e+03
   3.4780000e+03
   3.4800000e+03
   3.4840000e+03
   3.4860000e+03
   3.7510000e+03
   3.4900000e+03
   3.7390000e+03
   3.4940000e+03
   3.7770000e+03
   3.4980000e+03
   3.7630000e+03
   3.5040000e+03
   3.5060000e+03
   3.5080000e+03
   3.8050000e+03
   3.5140000e+03
   3.8530000e+03
   3.8310000e+03
   3.5280000e+03
   3.5320000e+03
   3.5340000e+03
   3.7830000e+03
   3.5420000e+03
   3.8110000e+03
   3.8190000e+03
   3.5500000e+03
   3.8370000e+03
   3.5540000e+03
   3.5560000e+03
   3.5600000e+03
   3.5620000e+03
   3.5640000e+03
   3.5660000e+03
   3.5680000e+03
   3.5700000e+03
   3.5720000e+03
   3.5740000e+03
   3.5760000e+03
   3.5780000e+03
   3.8490000e+03
   3.8450000e+03
   3.5900000e+03
   3.8570000e+03
   3.5960000e+03
   3.8670000e+03
   3.8630000e+03
   3.8710000e+03
   3.6080000e+03
   3.6140000e+03
   3.6160000e+03
   3.6180000e+03
   3.8810000e+03
   3.6220000e+03
   3.6240000e+03
   3.6260000e+03
   3.6300000e+03
   3.6320000e+03
   3.6340000e+03
   3.6360000e+03
   3.6420000e+03
   3.6440000e+03
   3.6460000e+03
   3.6480000e+03
   3.6500000e+03
   3.6520000e+03
   3.6540000e+03
   3.6560000e+03
   3.6580000e+03
   3.6600000e+03
   3.6620000e+03
   3.6640000e+03
   3.6660000e+03
   3.6680000e+03
   3.6720000e+03
   3.6760000e+03
   3.6780000e+03
   3.6800000e+03
   3.6820000e+03
   3.6840000e+03
   3.6860000e+03
   3.6880000e+03
   3.6900000e+03
   3.6940000e+03
   3.6960000e+03
   3.6980000e+03
   3.7000000e+03
   3.7020000e+03
   3.7040000e+03
   3.7060000e+03
   3.7080000e+03
   3.7100000e+03
   3.7120000e+03
   3.7140000e+03
   3.7200000e+03
   3.7240000e+03
   3.7260000e+03
   3.7280000e+03
   3.7300000e+03
   3.7360000e+03
   3.7380000e+03
   3.7400000e+03
   3.7420000e+03
   3.7460000e+03
   3.7480000e+03
   3.7520000e+03
   3.7560000e+03
   3.7580000e+03
   3.7600000e+03
   3.7620000e+03
   3.7640000e+03
   3.7660000e+03
   3.7680000e+03
   3.7700000e+03
   3.7720000e+03
   3.7740000e+03
   3.7760000e+03
   3.7780000e+03
   3.7800000e+03
   3.7860000e+03
   3.7900000e+03
   3.7920000e+03
   3.7940000e+03
   3.7960000e+03
   3.7980000e+03
   3.8000000e+03
   3.8020000e+03
   3.8040000e+03
   3.8060000e+03
   3.8100000e+03
   3.8120000e+03
   3.8140000e+03
   3.8160000e+03
   3.8180000e+03
   3.8200000e+03
   3.8220000e+03
   3.8240000e+03
   3.8260000e+03
   3.8280000e+03
   3.8300000e+03
   3.8320000e+03
   3.8340000e+03
   3.8360000e+03
   3.8380000e+03
   3.8440000e+03
   3.8460000e+03
   3.8480000e+03
   3.8500000e+03
   3.8520000e+03
   3.8540000e+03
   3.8580000e+03
   3.8600000e+03
   3.8620000e+03
   3.8640000e+03
   3.8680000e+03
   3.8700000e+03
   3.8720000e+03
   3.8740000e+03
   3.8760000e+03
   3.8780000e+03
   3.8800000e+03
