  -2.1882684e+01  -2.7619135e+01
   3.2179671e+01   5.5290293e+01
   7.2910862e+01  -3.6454583e+01
  -8.8967208e+00  -3.9612459e+01
  -2.9917139e+01   1.5025675e+01
   2.4978829e+01   3.6984876e+01
  -3.9819458e+01  -5.2981814e+00
  -7.8793277e+01  -4.8259689e+01
   2.2628403e+01  -4.5077861e+01
   8.4030519e+01   2.3022950e+01
   3.3054445e+01   2.7198439e+01
   4.3382924e+01   2.5766722e+01
   4.1455986e+01   1.7166908e+00
   1.1471111e+01   7.8270224e+01
  -5.6354928e+01   4.1799040e+01
   2.5937718e+01  -1.9374120e+01
  -3.6512947e+01  -8.4191406e+01
   2.1080363e+01  -3.4786265e+01
  -6.1323654e+01   3.0255689e+01
  -6.7142974e+01  -5.8206506e+00
   3.6469374e+00  -3.9212214e+01
   1.7071093e+01  -7.9675304e+01
  -3.0689659e+01  -2.2916536e+01
  -3.1028427e+01  -5.0412332e+01
   2.4823403e+01  -8.6080328e+00
   1.7143783e+01  -2.2662083e+00
  -3.9319830e+01   4.6943683e+01
   3.8415751e+01  -3.2226073e+01
   2.7059746e+01  -5.7167571e+01
  -6.5056582e+01  -1.6078916e+01
  -5.7471566e+01  -7.8381779e+00
  -4.9292997e+01  -2.4265084e+00
   8.0553331e+00  -9.3333105e+01
  -5.1856528e+00  -2.1737886e+01
   1.3013805e+01  -7.0535606e+01
  -3.9103878e+01  -6.9209376e+01
   5.9978299e+01   3.0923227e+01
  -5.5233090e+01  -1.7487036e+01
  -1.0756080e+01   3.7764649e+01
  -3.3176803e+00   7.0254834e+01
  -2.9003826e+01   8.2367386e+01
   9.0773646e+00   1.3161172e+01
   8.7980153e+01  -2.1902007e+01
   4.4208490e+01   7.0782475e+01
   5.7340383e+01  -2.2865216e+01
  -2.5709500e+01   2.3856313e+01
   3.8919481e+01   3.4949434e+01
   4.6501131e+01   6.1411363e+01
   4.8264625e+01  -5.2606137e+01
   3.4126185e+01  -8.0172686e+01
  -1.9179830e+01  -7.0894969e+01
   2.9050961e+01  -2.8774882e+01
  -3.9756069e+01   1.4509132e+01
  -8.3409936e+01   1.9813238e+01
  -7.5371094e+01   3.7725869e+01
  -7.0652222e+01  -2.4350481e+01
  -1.1682260e+01  -5.9380107e+01
  -2.0685265e+01  -8.5534907e+01
   1.5112758e-01  -4.8550510e+01
  -4.2338117e+01   3.0972891e+01
   3.7082340e+01  -5.7072812e+01
  -4.3640949e+01   5.5655307e+00
  -3.2957159e+01  -6.0042084e+01
   9.5162676e+00  -5.2042691e+01
  -1.8526843e+01  -3.7056845e+01
   3.1350592e+01   1.0017558e+01
   2.0156740e+01   1.0709022e+01
   4.6785379e+01   1.5961340e+01
   5.3389021e+01   2.3448648e+01
  -2.1035379e+01   6.7851627e+01
  -5.9971903e+01  -4.3981567e+01
   2.1971457e+01   8.0117704e+01
   6.5477769e+01  -6.3856372e+00
   7.5580192e+01  -6.3886604e+00
  -2.0095972e+01   4.5683140e+01
   6.7165176e+01  -2.4727412e+01
  -3.6689769e+01   5.5473267e+01
  -4.1401338e+01  -2.0663379e+01
   1.3577327e+01   3.1378395e+01
   1.1520658e+01   5.0822500e+01
  -5.7339567e+00   5.7539941e+01
  -1.5810914e+01  -7.4978654e+00
   5.7359828e+00   2.5294538e+01
  -6.7298263e+00  -6.0496548e+00
   3.0288367e+01  -3.8660055e+01
   3.8426829e+01  -2.2272514e+01
   4.8619020e+01  -1.6335216e+01
   5.7759777e+01  -3.2860819e+01
   4.8487133e+01  -3.7418995e+01
   3.2875071e+01  -6.7561460e+01
  -4.4203733e+01  -7.7809640e+01
  -2.8955787e+01  -6.9034529e+01
  -3.0211227e+01   3.1688827e+01
   1.7621003e+01  -2.5013118e+01
  -6.4329290e+01   2.0872383e+01
  -6.2111681e+01   4.9947073e+01
   1.1309929e+01  -3.2800448e+01
  -7.3677264e+01   1.7815393e+01
  -8.5254571e+01   3.8543440e+01
  -8.9366706e+01  -2.4118916e+01
  -3.0197388e+01  -3.4380837e+00
  -7.1231585e+01   3.2412620e+00
   6.4801010e+00  -7.8092141e+01
  -8.4433268e+01  -1.1607805e+01
  -3.5779704e+01   2.3527456e+01
   4.5618980e+01  -6.2260598e+01
  -2.3306691e+00  -3.1294089e+01
   2.4139985e+00  -1.5334772e+01
   7.8164902e+01   3.8305693e+00
   2.1686949e+01  -6.5582341e+01
  -2.1672867e+01  -5.9789963e+01
  -1.5016037e+01  -1.9997843e+01
  -5.2319346e+01  -6.3044020e+01
   1.6400256e+01   1.9944809e+01
  -1.3188111e+01  -7.8877537e+01
  -9.0520776e+00   8.3956810e+01
  -1.2087571e+01  -2.9520535e+01
   3.3553113e+01  -3.7339072e+00
   1.7202109e+01  -1.5184041e+01
   3.3872173e+01  -1.3495325e+01
   1.0820185e+01  -9.5885071e+00
  -3.8705426e+01   7.6553225e+01
   2.7503000e+01   1.9046589e+01
  -1.1753748e+01   6.4942283e+01
   6.0400381e+01   4.0809478e+01
   6.3706584e+01   2.1693439e+01
  -7.7632553e+01  -3.3155831e+01
   2.8504564e+01   4.6181900e+01
  -6.7616209e+01  -3.3869870e+01
   9.3219770e+00   2.7111675e+00
   3.7286782e+01   1.7879780e+01
  -1.5156785e+01   2.8866690e+01
   3.5733753e+01   6.4569685e+01
   2.5873979e+01   6.2972300e+01
   8.9209047e+00   6.8386507e+01
   5.2069152e+01  -6.0174304e+00
  -1.1015659e+01   4.9251150e+01
   8.6374780e+01  -1.8785950e+00
   7.7588076e+01  -2.4332881e+01
  -4.8684449e+01   4.7540094e+01
   7.0189183e+01  -1.5199143e+01
  -4.5167158e+01   5.9864334e+01
  -5.6026962e+01  -3.4833005e+01
  -3.4359633e+01  -1.3654816e+01
  -3.2278921e+01  -3.2716350e+01
   9.9615309e+00   4.0680236e+01
   2.2730723e+01   2.7551538e+01
   5.9755832e+01   5.0666526e+01
   3.8053249e+01   4.4473030e+01
  -9.6681854e-01   8.5126517e+00
   5.0770524e+01   3.4789106e+00
  -4.6339754e-01   1.7674209e+01
   6.3887263e+01  -4.0764051e+01
   3.9669656e+01  -4.2118850e+01
   4.4050731e+01  -8.1386921e+01
   5.4880079e+01  -4.5107381e+01
   3.1994578e+01  -4.8491547e+01
   4.7556142e+01  -2.6284238e+01
  -5.3758045e+01  -8.0754119e+01
  -2.8073134e+01  -7.8891914e+01
  -7.1668439e+01   4.7098245e+01
  -9.3608068e+00  -6.9104382e+01
  -2.7431497e+01  -4.1292591e+01
  -7.1060159e+01   2.8201896e+01
  -6.5679980e+01   3.9152213e+01
  -8.0941247e+01   2.9479970e+01
  -5.1892510e+01   3.3010651e+01
  -5.4975658e+01   1.7980174e+01
  -7.9042024e+01   9.4432423e+00
  -2.2918565e+01  -1.3820402e+01
  -5.3212870e+01   8.2528269e+00
  -7.9973336e+01  -2.0799079e+01
  -7.4390037e+01  -1.2581651e+01
  -6.0826933e+01   1.8749338e+00
  -4.6759222e+01  -1.2336929e+01
  -5.0858127e+01  -2.6334550e+01
  -3.3710483e+01   5.8954214e+00
   4.2027093e+01  -7.1592223e+01
   5.2825889e+00  -2.4864298e+01
  -6.4954240e+01   1.0960148e+01
  -1.3583083e+00  -9.0002840e+01
  -9.7875333e+00  -4.9567167e+01
   2.1674499e+00   3.4630021e+01
  -7.8570540e+01  -3.5168579e+00
   1.2972273e+01  -4.2664178e+01
  -2.1262734e+01   5.2959502e-01
  -4.6091299e+01   2.2020752e+01
  -2.0706152e+01  -4.9681383e+01
   8.9220583e+01   7.7074083e+00
  -1.9025465e+01   8.2366310e+01
   8.1013340e+01   1.3415325e+01
  -1.1565050e-02   7.9677100e+01
  -4.2884568e+01  -5.9840656e+01
   2.5751882e+01  -7.4713048e+01
  -1.1241682e+01  -8.8685786e+01
   7.9529383e+00  -6.1915122e+01
  -3.2867655e+00  -8.0191626e+01
   4.2439319e+01  -8.4310733e+00
   2.5707045e+01   2.1103003e+00
  -3.7910545e+01   6.6646107e+01
  -2.9706887e+01   7.2417308e+01
   4.9602817e+01   3.3584404e+01
  -6.9957176e+01  -4.3587405e+01
  -6.2035060e+01  -5.3748093e+01
   6.9584802e+01   4.8979427e+01
   7.3559665e+01   2.0070733e+01
   3.7052302e+01   7.7515963e+01
  -5.3051110e+00   2.8155448e+01
  -1.9146715e+01   5.8043330e+01
  -1.2694511e+01   7.4712236e+01
   6.7714357e+00   8.7097061e+01
   6.0743381e+01   2.4166310e+00
   1.8781701e+01   6.9976390e+01
  -2.1600241e+01   3.6139615e+01
  -2.7180868e+01   5.2215434e+01
   2.8449156e+01   7.2538226e+01
  -5.3845694e+01   5.5467888e+01
   8.0857844e+01  -1.4882559e+01
   9.0133178e+01  -1.1145157e+01
  -6.0825670e+01  -2.6062040e+01
  -2.7900323e+00   4.3659068e+01
  -4.1883931e+01  -3.0453535e+01
   2.1378411e+00   5.2182773e+01
   2.0543952e+01   5.4663030e+01
   6.5947160e+01   5.9268985e+01
   1.8941059e+01   4.4700823e+01
   5.6090306e+01   5.9834853e+01
   4.1891983e+01   5.3116292e+01
  -3.6239219e+01   3.8408292e+01
  -7.1613029e+00   2.3471310e+00
   5.5519678e+01   1.1602243e+01
   6.6176976e+00  -6.2861812e+00
   3.3542527e+00   6.4863248e+00
  -3.4057658e+01   5.8262912e+01
