   5.7741744e+01  -1.1126483e+01
   4.3631335e+01  -5.1155595e+01
  -4.1195497e+01   6.8132439e+01
  -9.7931782e+01   5.7836845e+00
  -8.2134169e+01   8.0378291e+01
   6.2909675e+00  -8.4125769e+01
   5.7820375e+01  -9.1571676e+01
   5.3610216e+01  -5.0538492e+01
  -1.1559049e+01  -6.7383349e+01
   7.9254559e+01  -6.5018997e+01
  -3.0055055e+01   4.2316460e+01
  -9.1515131e+01  -1.4650737e+01
  -4.1481140e+01   3.4255736e+01
   4.8573122e+01  -3.2362002e+01
   3.6469546e+01  -8.9103486e+01
  -8.8454671e+01   2.3771209e+01
  -5.5900204e+01   5.3111190e+01
  -6.1485245e+01   3.4163348e+01
  -9.9729854e+01   8.8168840e+01
  -4.8874885e+01  -1.9217137e+01
  -6.5800912e+01  -1.1364463e+00
  -7.7998663e+01   3.5570098e+01
  -3.6033824e+01   2.0703534e+01
   4.5129389e+01  -8.0298924e+01
   2.9470837e+01  -9.7395091e+01
   2.5753083e+01  -2.0200449e+01
   6.1405498e+00  -1.6236062e+01
   3.3859566e+01  -4.0186765e+01
   2.3907140e+01  -3.9219180e+01
   8.7337958e+00  -3.7456312e+01
   7.5441167e+01  -4.7699667e+01
   1.6147604e+01  -6.4183319e+01
   3.5285370e+01  -6.9195940e+01
   5.0965202e+00  -6.6982068e+01
   4.8040052e+01  -7.0719944e+01
   4.2078811e+01  -6.1857741e+01
  -2.1770595e+01   5.6762247e+01
  -9.6515608e+01   5.5324389e+01
  -7.4896157e+01  -5.2815677e+00
  -8.1113558e+01  -2.5096263e+01
  -4.0703650e+01  -6.5708203e+00
  -1.5380137e+01   2.8988721e+01
  -6.2617989e+01   7.9809208e+01
  -8.3543417e+01   6.2186435e+01
  -6.8814992e+01   8.3677845e+00
   7.9277465e+01  -2.6618286e+01
  -5.3038887e+01   1.6114136e+01
  -6.8410902e+01   2.6240690e+01
   3.9809027e+01  -6.6872557e+00
   3.7175909e+01  -1.9326816e+01
   1.6318848e+01  -1.6884547e+01
  -1.5589624e+01  -5.2448329e+01
   2.3730706e+01  -4.9215944e+01
  -8.9754763e+00  -3.2899080e+01
   2.5769245e+01  -8.8105621e+01
   6.4887700e+01  -7.8545172e+01
  -4.9940802e+01   6.1143916e+01
  -3.9868384e+01   4.4106973e+01
  -4.3142405e+01   7.7933131e+01
  -2.1113866e+01   4.6783857e+01
  -7.8003230e+01   4.2228188e+00
  -6.6617521e+01  -2.5549632e+01
  -3.1651835e+01   3.2450992e+01
  -8.9113213e+01   9.1835942e+01
  -8.1735460e+01  -1.2572318e+01
  -4.6143070e+01   1.8189609e+00
  -8.8321017e+01  -4.6728308e+00
  -3.4319365e+01   3.7629234e+00
  -7.3614180e+01  -1.8405750e+01
   6.9466473e+01  -2.8554280e+01
  -9.7817527e+01   7.3630859e+01
  -9.3204355e+01   6.4759809e+01
  -4.5092303e+01   2.4940086e+01
   5.9668235e+01  -3.0552905e+01
   6.1377329e+01  -5.6834241e+01
  -5.2682345e+01   8.0919488e+01
  -6.4586799e+01  -1.1043022e+01
   4.3812124e+01  -4.1155697e+01
   6.4172744e+01  -4.2112748e+01
  -9.7474385e+01   3.6312656e+01
  -5.1446776e+01   3.3469742e+01
  -6.9280542e+01   4.0407951e+01
   3.5122594e+01  -7.9194615e+01
   2.5178139e+01  -7.8123406e+01
   3.8737456e+01  -2.9204132e+01
  -5.9974111e+01   4.4023165e+01
   3.3681034e+01  -5.0185044e+01
   4.6641588e+01  -2.2551108e+01
   2.3242382e+01  -5.1590272e+00
   7.6051483e-01  -3.0617691e+01
   1.2693582e+01  -7.5648133e+00
   5.1989384e+01  -6.0523367e+01
  -1.8662382e+01  -3.8505398e+01
   1.5229495e+01  -7.7111334e+01
   4.6407275e+01  -9.0217733e+01
   5.7879520e+01  -6.8604598e+01
   8.7996617e+01  -6.0164410e+01
   1.5498731e+01  -9.7178560e+01
   6.7871822e+01  -6.8996893e+01
   5.4895550e+01  -7.8149017e+01
   5.4748819e+00  -5.6987087e+01
  -9.3343615e+00  -7.7132476e+01
  -3.0181072e+01   6.4023227e+01
  -5.0739313e+01   7.1111131e+01
  -2.1927798e+01   3.6525955e+01
  -3.8514000e+01   5.8513525e+01
  -3.0706489e+01   5.2284152e+01
  -5.8868656e+01  -1.9233406e+01
  -2.5940640e+01   2.4254323e+01
   7.3208077e+01  -3.7827913e+01
   7.1771150e+01  -1.8823483e+01
  -9.4820982e+01   1.6065523e+01
  -9.8116534e+01   2.6332264e+01
  -7.4541677e+01   1.6530247e+01
  -7.8637862e+01   2.5620301e+01
  -2.9948416e+01   1.2757077e+01
   5.6529493e+01  -2.1058263e+01
  -3.9264169e+01  -1.6465831e+01
  -5.3858802e+01  -1.0491752e+01
  -9.1103230e+01  -2.4642069e+01
  -7.8761686e+01   7.0966023e+01
  -8.4359649e+01   1.4651261e+01
  -5.8317358e+01   8.9178663e+01
   7.4633563e+01  -9.5011616e+01
  -6.8086204e+01   9.1313131e+01
   6.7256308e+01  -8.8260608e+01
  -4.3305940e+01   1.3841633e+01
  -9.0404181e+01   4.3404160e+01
  -5.7778981e+01   2.4903591e+01
   1.5087776e+01  -5.4240114e+01
   5.4293913e+01  -4.0562919e+01
   3.9389203e+01  -9.8669628e+01
   2.8823410e+01  -3.0511552e+01
  -7.6873298e+01   5.4740491e+01
   1.7606500e+01  -3.1455737e+01
   4.7854842e+01  -1.2625402e+01
  -8.7816379e+01   3.3746124e+01
   3.1015877e+01  -1.1449576e+01
  -8.7943106e+01   5.3185444e+00
   9.4508866e+00  -2.5671306e+01
  -8.0185636e+01   4.5311505e+01
  -6.4141262e+01   1.7198948e+01
   2.3139618e+00  -6.9976854e+00
  -3.6674015e+00  -2.1491103e+01
  -7.2313096e+01   8.2250906e+01
  -9.2032476e+01   8.1786671e+01
   1.2769027e+00  -4.4119250e+01
  -9.6675937e+00  -4.2875041e+01
  -5.1388006e+00  -5.1790729e+01
  -8.6854858e+01   5.2753065e+01
  -2.6271783e+01  -4.4993620e+01
  -6.7917278e+01   5.0295969e+01
   4.9323087e+01  -9.9817262e+01
  -4.6018467e+01   5.1946579e+01
   8.3160078e+01  -4.0733384e+01
   7.1075311e+01  -5.9267639e+01
   2.5337721e+01  -6.8125039e+01
   3.0833047e+01  -5.9770687e+01
   5.3659909e+00  -9.4083188e+01
   8.5004431e+01  -5.0622622e+01
   5.9080077e-01  -7.5909463e+01
  -3.3770310e+00  -6.1635691e+01
  -3.6339281e+00  -8.5348439e+01
   1.5811926e+01  -8.7183477e+01
  -5.5819287e+01  -6.8665245e-01
