   2.8650000e+03
   2.6930000e+03
   2.9390000e+03
   2.6950000e+03
   3.1410000e+03
   2.6850000e+03
   2.8250000e+03
   2.9070000e+03
   3.1030000e+03
   2.9550000e+03
   2.8710000e+03
   2.6710000e+03
   2.8890000e+03
   2.9850000e+03
   2.7270000e+03
   3.1050000e+03
   2.7950000e+03
   2.9270000e+03
   2.9570000e+03
   2.8470000e+03
   2.8690000e+03
   2.8570000e+03
   2.6890000e+03
   3.0570000e+03
   2.8930000e+03
   2.8950000e+03
   2.9130000e+03
   2.6450000e+03
   2.9890000e+03
   3.0030000e+03
   2.6910000e+03
   3.0230000e+03
   2.9310000e+03
   2.9470000e+03
   3.0170000e+03
   3.0710000e+03
   2.9710000e+03
   2.8090000e+03
   2.8350000e+03
   2.8790000e+03
   2.6750000e+03
   3.0050000e+03
   2.9030000e+03
   2.8050000e+03
   3.1130000e+03
   2.8970000e+03
   2.6650000e+03
   2.9370000e+03
   2.9630000e+03
   3.0310000e+03
   2.6290000e+03
   2.9490000e+03
   2.6470000e+03
   2.9910000e+03
   2.8730000e+03
   3.0090000e+03
   2.7070000e+03
   2.7590000e+03
   2.8070000e+03
   2.9090000e+03
   2.8590000e+03
   3.0890000e+03
   2.7970000e+03
   3.0830000e+03
   3.1290000e+03
   2.7850000e+03
   2.8530000e+03
   2.9590000e+03
   2.8210000e+03
   2.8270000e+03
   3.1270000e+03
   2.9930000e+03
   2.8750000e+03
   3.1210000e+03
   3.1070000e+03
   3.0390000e+03
   2.6690000e+03
   2.9210000e+03
   2.9110000e+03
   2.9650000e+03
   2.9870000e+03
   2.9810000e+03
   2.6970000e+03
   2.8610000e+03
   2.8830000e+03
   3.0970000e+03
   2.7230000e+03
   2.7550000e+03
   2.9670000e+03
   2.7390000e+03
   2.9950000e+03
   3.0070000e+03
   2.8670000e+03
   3.0450000e+03
   3.0490000e+03
   3.0410000e+03
   2.7670000e+03
   3.0110000e+03
   2.7790000e+03
   3.0850000e+03
   3.0810000e+03
   3.0750000e+03
   2.9610000e+03
   2.8030000e+03
   2.7990000e+03
   3.1010000e+03
   3.0950000e+03
   2.8230000e+03
   2.9230000e+03
   2.8170000e+03
   3.1350000e+03
   2.8290000e+03
   2.8370000e+03
   3.0350000e+03
   2.8510000e+03
   2.8410000e+03
   3.1230000e+03
   3.1430000e+03
   2.9170000e+03
   3.1370000e+03
   2.8990000e+03
   2.9250000e+03
   3.0190000e+03
   2.9190000e+03
   2.8870000e+03
   2.9690000e+03
   2.6380000e+03
   2.8810000e+03
   2.9510000e+03
   2.6460000e+03
   3.1330000e+03
   2.8850000e+03
   2.6520000e+03
   2.6560000e+03
   2.9530000e+03
   2.9410000e+03
   2.6660000e+03
   2.9150000e+03
   2.9350000e+03
   2.6720000e+03
   2.9450000e+03
   2.9970000e+03
   2.6860000e+03
   2.6880000e+03
   2.9990000e+03
   3.0330000e+03
   2.6940000e+03
   2.6960000e+03
   2.6980000e+03
   2.7000000e+03
   2.7020000e+03
   2.9790000e+03
   2.7060000e+03
   2.7080000e+03
   2.7160000e+03
   3.0550000e+03
   3.0430000e+03
   3.0210000e+03
   2.7300000e+03
   2.7380000e+03
   2.7400000e+03
   3.0510000e+03
   3.0530000e+03
   2.7580000e+03
   2.7620000e+03
   3.0930000e+03
   3.0590000e+03
   3.0730000e+03
   3.0690000e+03
   2.7820000e+03
   2.7840000e+03
   2.7880000e+03
   2.7900000e+03
   2.7940000e+03
   2.7960000e+03
   2.7980000e+03
   3.0910000e+03
   2.8020000e+03
   2.8040000e+03
   3.0870000e+03
   3.0790000e+03
   3.0990000e+03
   2.8120000e+03
   2.8140000e+03
   2.8160000e+03
   3.1090000e+03
   3.1110000e+03
   2.8220000e+03
   2.8240000e+03
   2.8260000e+03
   3.1250000e+03
   2.8340000e+03
   2.8360000e+03
   3.1170000e+03
   2.8400000e+03
   3.1150000e+03
   2.8440000e+03
   2.8460000e+03
   2.8520000e+03
   3.1450000e+03
   2.8560000e+03
   2.8580000e+03
   2.8600000e+03
   2.8620000e+03
   2.8640000e+03
   2.8660000e+03
   2.8680000e+03
   2.8700000e+03
   2.8720000e+03
   2.8740000e+03
   2.8760000e+03
   2.8780000e+03
   3.1310000e+03
   2.8820000e+03
   2.8860000e+03
   2.8880000e+03
   3.1390000e+03
   2.8920000e+03
   2.8940000e+03
   2.8960000e+03
   2.8980000e+03
   2.9000000e+03
   2.9020000e+03
   2.9040000e+03
   2.9060000e+03
   2.9080000e+03
   2.9100000e+03
   2.9120000e+03
   2.9140000e+03
   2.9160000e+03
   2.9180000e+03
   2.9200000e+03
   2.9220000e+03
   2.9240000e+03
   2.9260000e+03
   2.9280000e+03
   2.9300000e+03
   2.9340000e+03
   2.9360000e+03
   2.9380000e+03
   2.9400000e+03
   2.9440000e+03
   2.9460000e+03
   2.9480000e+03
   2.9500000e+03
   2.9520000e+03
   2.9540000e+03
   2.9560000e+03
   2.9580000e+03
   2.9600000e+03
   2.9620000e+03
   2.9640000e+03
   2.9660000e+03
   2.9680000e+03
   2.9700000e+03
   2.9720000e+03
   2.9740000e+03
   2.9760000e+03
   2.9800000e+03
   2.9820000e+03
   2.9840000e+03
   2.9860000e+03
   2.9880000e+03
   2.9900000e+03
   2.9940000e+03
   2.9960000e+03
   2.9980000e+03
   3.0000000e+03
   3.0020000e+03
   3.0040000e+03
   3.0060000e+03
   3.0080000e+03
   3.0100000e+03
   3.0120000e+03
   3.0140000e+03
   3.0160000e+03
   3.0180000e+03
   3.0200000e+03
   3.0240000e+03
   3.0260000e+03
   3.0280000e+03
   3.0300000e+03
   3.0320000e+03
   3.0340000e+03
   3.0360000e+03
   3.0420000e+03
   3.0440000e+03
   3.0460000e+03
   3.0480000e+03
   3.0500000e+03
   3.0520000e+03
   3.0540000e+03
   3.0620000e+03
   3.0660000e+03
   3.0680000e+03
   3.0700000e+03
   3.0720000e+03
   3.0740000e+03
   3.0780000e+03
   3.0820000e+03
   3.0840000e+03
   3.0860000e+03
   3.0880000e+03
   3.0900000e+03
   3.0920000e+03
   3.0940000e+03
   3.0960000e+03
   3.0980000e+03
   3.1000000e+03
   3.1020000e+03
   3.1040000e+03
   3.1060000e+03
   3.1080000e+03
   3.1100000e+03
   3.1160000e+03
   3.1180000e+03
   3.1200000e+03
   3.1220000e+03
   3.1240000e+03
   3.1260000e+03
   3.1280000e+03
   3.1300000e+03
   3.1320000e+03
   3.1340000e+03
   3.1360000e+03
   3.1380000e+03
   3.1400000e+03
   3.1420000e+03
   3.1440000e+03
