  -2.2364591e+01  -2.7330541e+01
   3.0537968e+01   5.5376944e+01
   6.5742315e+01  -3.9373844e+01
  -8.0142425e+00  -4.1483360e+01
  -2.5281111e+00  -5.7423457e+01
  -2.9796173e+01   1.1535790e+01
  -8.6096060e+00  -1.0271320e+01
   2.1765633e+01   3.9072490e+01
   4.0274196e+01   5.0515832e+00
   1.2854798e+01  -4.3647220e+01
  -3.7510265e+01  -7.7783697e+00
  -7.0258962e+01  -4.2678716e+01
   5.1882830e+01   4.3980970e+01
   5.7170727e+01  -1.2900010e+01
   2.2845783e+01  -4.4033347e+01
  -3.9340329e+01   1.4519628e+01
   8.0815105e+01   1.7467874e+01
   3.3760081e+01   2.8727759e+01
   4.2467866e+01   2.3811128e+01
   4.1559144e+01  -5.7682094e+00
   7.0857424e+01   4.3479065e-01
   9.4922031e+00   7.8586926e+01
  -5.3833826e+01   3.8429846e+01
   2.6505762e+01  -6.3336459e+01
   2.7227792e+01  -1.8193405e+01
  -3.2886447e+01  -7.7167558e+01
   2.1187736e+01  -3.4128229e+01
  -5.3499875e+01   2.8435490e+01
  -6.5795681e+01   2.7152332e+01
  -6.8128047e+01  -6.7953941e+00
   4.1667185e+00  -3.8699039e+01
  -2.7015436e+01  -1.8141538e+01
   2.1325100e+01  -7.6500392e+01
  -3.2338246e+01  -2.6605822e+01
  -3.0084602e+01  -4.6590721e+01
  -1.0219585e+00   4.4287361e+01
   2.4684064e+01  -7.4701620e+00
   2.1348994e+00   5.8326660e+01
   1.6884516e+01  -1.2122861e+00
  -3.8356375e+01   3.9545095e+01
  -1.4012167e+01   5.9132252e+01
   3.8401218e+01  -3.1896072e+01
   3.7046360e+01  -4.7652153e+01
   2.6510954e+01  -5.3336763e+01
   1.7342911e+01  -5.7329821e+01
  -1.2083556e+01  -5.4476266e+01
  -6.0146651e+01   1.0059358e+01
  -6.4557921e+01  -1.6136340e+01
  -5.5790993e+01   3.3329620e-01
  -4.6658411e+01  -3.7401322e+00
   1.6069911e+00  -8.7128092e+01
  -3.1280624e+00  -2.2449677e+01
   7.3238371e+00  -6.2580580e+01
   5.6736306e+01   1.4846952e+01
   8.4025044e+00   2.2788012e+01
  -3.9934412e+01  -6.9469583e+01
   5.5660297e+01   3.4721883e+01
  -5.1626070e+01  -2.2098091e+01
  -8.4529658e+00   3.7595597e+01
  -3.3250886e+00   7.4336025e+01
  -2.4752680e+01   7.4254671e+01
   6.9054186e+00   1.2901151e+01
   8.5155397e+01  -1.6861565e+01
   3.9861996e+01   7.0426147e+01
   5.4803167e+01  -2.3110532e+01
  -2.3511665e+01   2.6633109e+01
  -2.7523761e+01   4.4511523e+01
   1.7271368e+01   5.0901313e+01
   3.6528331e+01   3.8336936e+01
   5.0021277e+01   5.5646147e+01
   4.2290358e-02  -3.3820885e+00
   4.8333220e+01  -3.0735347e+01
   5.1457706e+01  -4.6762985e+01
   3.6824765e+01  -7.9260205e+01
  -2.1314515e+01  -7.3511055e+01
   2.9102390e+01  -2.8016096e+01
   8.9626778e+00  -1.9366197e+01
  -4.5572884e+01   2.2339567e+01
  -2.0971812e+01  -6.3516961e+01
  -7.5409549e+01   2.4400580e+01
  -1.7760613e+01  -1.4355594e+01
  -2.7517440e+01  -8.1545389e+00
  -6.9017111e+01   3.6619081e+01
  -7.1868238e+01  -2.2959637e+01
  -3.5525404e+01   2.0221479e+00
  -5.0905362e+01   1.3880097e+01
  -4.6156159e+01  -1.3727080e+01
  -1.7038384e+01  -4.5791568e+01
  -5.5840772e+01  -1.1236499e+01
  -1.1012548e+01  -6.4417932e+01
  -1.3561040e+01  -8.3482907e+01
  -1.8410262e-01  -4.7702502e+01
  -3.8211659e+01   2.9107939e+01
   3.5582393e+01  -5.7544308e+01
   6.3714638e+01   7.4333933e+00
   8.7639312e+00  -7.2476136e+01
  -1.4569400e+00  -6.7365536e+01
  -4.4673158e+01   6.0604046e+00
  -3.2925318e+01  -5.6337056e+01
   8.5051845e+00  -5.2651065e+01
  -2.2618259e+01  -3.7494976e+01
   3.0077682e+01   8.3317931e+00
   2.0487760e+01   1.1165817e+01
   4.7035542e+01   1.2419188e+01
  -5.6452713e+00   6.4608948e+01
   5.7175178e+01   2.4837304e+01
  -2.3270645e+01   6.2911190e+01
   4.5669921e+01   3.4283400e+01
  -5.9988710e+01  -4.4418296e+01
  -6.1031703e+01  -2.5493946e+01
   4.4558937e+00   3.4266889e+01
   2.4478533e+01   7.2714946e+01
   6.1386022e+01  -3.1721361e+00
   4.8095405e+00   6.7978817e+01
   7.6118756e+01  -8.0692134e+00
  -2.1471387e+01   5.2471958e+01
   6.7006256e+01  -2.2516921e+01
  -2.0086545e+01   3.6998904e+01
  -3.7485955e+01   4.9507136e+01
   7.1600981e+01   1.3582013e+01
  -4.2537281e+01  -2.6802714e+01
  -3.1843883e+01   5.7763443e+01
   1.3945660e+01   3.1110618e+01
   7.3322027e+00   4.9783537e+01
  -6.2757213e+00   5.2796057e+01
   1.1880943e+01   6.0565973e+01
   4.1250725e+01   6.0450043e+01
  -1.8261533e+01  -4.3696332e+00
  -3.8502183e+00   2.8698476e+01
  -9.3249432e+00   1.1542178e-01
   3.1625609e+01  -3.9249134e+01
   4.2215738e+01  -2.2653023e+01
   4.7232134e+01  -1.4002910e+01
   5.8086927e+01  -3.2940097e+01
   4.3825903e+01  -4.0301130e+01
   3.4317136e+01  -6.9579790e+01
  -4.4643716e+01  -7.8291273e+01
  -3.0118809e+01  -6.7558188e+01
  -2.9754848e+01   3.4444769e+01
   1.7699360e+01  -2.4756425e+01
  -5.8832145e+01   1.9975774e+01
  -6.2188785e+01   4.3924760e+01
   5.6947051e+00  -2.8816643e+01
  -6.9736196e+01   1.5611327e+01
  -7.8692256e+01   3.4091037e+01
  -8.1629917e+01  -2.0789602e+01
  -2.5536932e+01   2.4891084e+00
  -6.7402652e+01   3.1782287e+00
  -1.6837135e-02  -7.7261020e+01
  -7.6562580e+01  -1.2167409e+01
  -3.1968468e+01   2.1296522e+01
   4.2867601e+01  -6.4394308e+01
  -3.6268699e+00  -3.2436117e+01
   9.8567723e-01  -1.3336333e+01
   7.8743773e+01   6.5834052e+00
   1.7337838e+01  -6.7329729e+01
  -2.3098663e+01  -5.3745846e+01
  -1.3099183e+01  -2.3201029e+01
  -4.2325046e+01  -5.9759555e+01
   1.8278229e+01   2.0918639e+01
  -9.5722800e+00  -7.4313124e+01
  -1.2359138e+01   7.8623901e+01
  -1.3596648e+01  -3.3187220e+01
   3.2589798e+01  -1.3473122e+00
   1.7836730e+01  -1.4757423e+01
   3.6499762e+01  -1.4447801e+01
   9.8464912e+00  -8.7014076e+00
  -3.3560110e+01   6.7615066e+01
   2.8277600e+01   2.0305022e+01
  -1.5418462e+01   6.9103371e+01
   6.1989111e+01   4.2464362e+01
   6.6871874e+01   2.2393115e+01
  -7.3431266e+01  -3.2836690e+01
   2.9482214e+01   4.5432846e+01
  -6.3698210e+01  -3.5131798e+01
   7.7883388e+00   2.9408976e+00
   3.7295737e+01   1.5252614e+01
  -1.3838981e+01   2.9170041e+01
   3.1245035e+01   6.5351906e+01
   2.1778385e+01   6.1994474e+01
   1.4819924e+01   7.0124339e+01
   5.1497769e+01  -4.6626786e+00
  -1.3820017e+01   4.6033286e+01
   8.6033467e+01  -6.7666562e+00
   7.8077165e+01  -2.3925462e+01
  -4.6548532e+01   4.5279930e+01
   6.7163147e+01  -1.2518187e+01
  -4.6464978e+01   5.5279567e+01
  -5.2574256e+01  -3.2052859e+01
  -3.7008341e+01  -1.7764948e+01
  -3.2574762e+01  -3.6600526e+01
   1.1935206e+01   4.0906153e+01
   2.3775053e+01   2.9272373e+01
   5.9377998e+01   5.2117446e+01
   3.9405311e+01   5.0540965e+01
  -1.7460012e+00   6.6389995e+00
   5.4011155e+01   5.0163057e+00
  -9.0864226e-01   1.9141034e+01
