   2.7090242e+01   9.1883240e+00
   2.0552276e+01  -1.3578958e+01
  -2.4642271e+01  -1.0840651e+01
   4.1951082e+00   2.7062170e+01
   5.3881013e+00  -2.9291226e+01
  -5.4166797e+00  -9.4046681e+00
  -1.3126751e+00   7.9891221e+00
   7.6997676e+00  -8.9555073e+00
  -8.9386563e+00   2.7920894e-01
   1.2965066e+00  -1.6805214e+01
  -1.3094768e+01  -1.7354143e+01
   2.0850701e+01  -3.5834119e+00
   9.0027169e-01  -1.6861461e+00
   1.2386099e+01   2.1255488e+01
   1.1630412e+01  -1.8124480e+01
  -1.5221192e+01  -7.5066236e+00
  -3.8502951e+00  -2.5377498e+01
  -2.1691798e+01   1.6948924e-01
   1.7197121e+01   1.0394527e+01
   1.2207153e+01   1.4454139e+00
  -6.4836395e-01   1.8324113e+01
   7.4956866e+00   1.2560288e+01
  -6.4539842e+00   2.6458805e+01
