  -7.2044759e+01   9.1319434e+01
   5.8481698e+01  -2.5864823e+01
   4.7482309e+01  -5.2365159e+01
  -5.1998355e+01   2.1497570e+01
  -6.8774107e+01   4.0967759e+01
   2.8038520e+01  -8.4940756e+01
   1.7251077e+01  -5.0085319e+01
   3.9942255e+01  -4.7628435e+01
  -5.0547365e+01   6.0631353e+01
  -8.7124520e+01   9.1562242e+00
  -7.8918938e+01   6.9498561e+01
  -5.1606962e+01   8.4597586e+00
  -7.6952521e+01   3.5278213e+01
  -9.2804194e+01   1.2054539e+00
   1.9338396e+01  -8.0224272e+01
   5.8952232e+01  -8.9128699e+01
   5.6206900e+01  -5.5791432e+01
   7.6791892e+00  -5.2342811e+01
   2.7248748e+00  -6.2793627e+01
   6.7811915e+01  -7.1333461e+01
   3.7511728e+01  -3.7300667e+01
  -3.9909561e+01   4.4089891e+01
  -8.8802269e+01  -9.5506738e+00
  -8.5026307e+01   5.1346213e+01
  -9.0041300e+01   6.8807884e+01
  -5.9205080e+01   1.4670380e+01
  -3.8983305e+01   3.4150082e+01
  -8.6029562e+01   1.8815173e+01
   6.1829809e+01  -3.7910368e+01
   4.1550345e+01  -9.7127259e+01
   4.2005795e+01  -2.9061099e+01
   3.6311571e+01  -7.8041774e+01
   1.9016527e+01  -2.8742969e+01
  -1.2430030e+00  -4.7933677e+01
   6.3004869e+01  -6.2689423e+01
   1.4685659e+01  -5.9565805e+01
   4.7397329e+01  -7.3699768e+01
   1.8717951e+01  -6.8651962e+01
  -8.6356250e+01   4.0241196e+01
  -8.8389893e+01   2.9636205e+01
  -4.9099420e+01   4.0423699e+01
  -5.6533577e+01   5.2659386e+01
  -7.7348410e+01   8.3095023e+00
  -8.2869673e+01   3.3606738e-02
  -9.2259387e+01   5.9108143e+01
  -6.6116659e+01   5.0229212e+01
  -8.9702835e+01   8.4877057e+01
  -5.4721111e+01  -1.1171741e+01
  -7.6446211e+01   8.2504853e+01
  -9.6983587e+01   1.0564240e+01
  -6.3271349e+01   1.0819570e+00
  -7.7658093e+01   4.4945869e+01
  -4.3794582e+01   1.6117329e+01
  -4.8247984e+01   3.0579708e+01
  -6.2349070e+01   3.3783447e+01
   5.0986113e+01  -3.2066207e+01
   4.6786366e+01  -4.0860303e+01
   5.5299742e+01  -4.5840274e+01
   3.7329735e+01  -8.8132588e+01
   4.6923247e+01  -8.6037281e+01
   2.8330200e+01  -9.4938076e+01
   2.5218224e+01  -2.1079773e+01
   7.4808264e+00  -2.7653618e+01
   3.2173332e+01  -4.4853665e+01
   3.9326302e+01  -5.8429196e+01
   3.8967770e+01  -6.8404676e+01
   1.8072905e+01  -4.0174307e+01
   3.2404366e+00  -3.9275712e+01
   7.0207488e+01  -5.5918780e+01
  -9.3944401e+01   4.7163416e+01
   2.4840555e+01  -6.0584886e+01
   2.7292112e+01  -7.3748981e+01
   8.9224108e+00  -7.0639530e+01
   5.7840423e+01  -7.1017012e+01
   5.4854970e+01  -8.0263056e+01
   5.0579849e+01  -6.4218814e+01
  -9.9859176e+01   7.0944332e+01
  -9.6833265e+01   3.4617380e+01
  -3.0042418e+01   4.5010778e+01
  -4.6742317e+01   5.1300080e+01
  -9.9211354e+01  -6.3181522e+00
  -8.2558072e+01   6.0733876e+01
  -7.5838234e+01  -7.0642259e+00
  -8.0659161e+01  -1.5822931e+01
  -5.3587915e+01  -1.2743018e+00
  -9.8793798e+01   8.0866312e+01
  -2.9052935e+01   3.3348639e+01
  -3.7572609e+01   2.3932305e+01
  -6.6754991e+01   8.0424885e+01
  -7.5224173e+01   5.4258135e+01
  -7.3919256e+01   1.7692251e+01
  -6.7722650e+01   9.9327545e+00
   6.7629852e+01  -2.9750468e+01
  -7.9493495e+01   2.5851102e+01
   6.5108369e+01  -4.7357551e+01
  -6.1331081e+01   2.4134712e+01
  -5.8682416e+01   4.2956757e+01
   6.8667188e+01  -8.9644669e+01
  -7.0208146e+01   2.7777286e+01
   5.1202226e+01  -9.5081556e+01
  -8.4455843e+01   7.6919727e+01
   4.2706713e+01  -1.9299428e+01
   3.4020434e+01  -2.4213638e+01
   2.4647463e+01  -4.4093154e+01
   1.5752385e+01  -1.9155766e+01
   1.1754430e+01  -3.5474657e+01
