   5.2452637e+01  -1.4201467e+01
   5.9307747e+01  -4.1140799e+01
   9.3356744e+01  -5.8984955e+01
  -3.5884508e+01   4.1861752e+01
   5.2275969e+01  -3.4057547e+01
  -6.3528431e+01   5.0087880e+01
  -5.5557719e+01  -9.9081995e+00
  -7.3438986e+01  -1.7300793e+00
  -8.2360959e+01   2.9915452e+01
   4.0995560e+01  -7.9941407e+01
   2.2779794e+01  -1.5249741e+01
   3.0351677e+00  -1.6959297e+01
   3.3171192e+01  -4.7649989e+01
   3.9263147e+00  -7.5175336e+01
   4.2479088e+01  -5.1269157e+01
  -1.9082217e+01   6.3528542e+01
  -8.5872439e+01  -2.4599421e+01
  -1.1966980e+01   2.8684707e+01
  -6.4480441e+01   2.8020652e+00
   8.8383166e+01  -1.4701889e+01
  -5.0880921e+01   1.7090722e+01
   3.6438371e+01  -3.7007148e+00
  -4.4181820e+00  -4.9139850e+01
   2.3643228e+01  -4.4706210e+01
  -3.1644549e+00  -3.3400979e+01
   3.2503230e+01  -8.5217926e+01
   5.5145799e+01  -8.9830480e+01
  -4.9868052e+01   5.9178182e+01
  -3.5448011e+01   8.1949006e+01
  -1.6226115e+01   4.7593228e+01
  -6.7140598e+01  -3.4090410e+01
  -2.5894137e+01   4.1719619e+01
  -8.5751989e+01   9.0519183e+01
  -8.2226809e+01  -1.5308257e+01
  -1.8704262e+01  -5.4026449e+00
  -9.8988176e+01   6.3155084e+01
   2.6738121e+01  -5.6409074e+00
   4.7796539e+00  -2.6788546e+01
   1.6996390e+01  -7.1426933e+00
  -2.2721680e+01  -3.5528737e+01
   1.3867306e+01  -7.6060237e+01
   5.1024860e+01  -9.8941454e+01
   5.8738061e+01  -6.2527697e+01
   5.0998562e+01  -8.0731131e+01
  -1.3464377e+01  -8.0893240e+01
  -2.5460608e+01   8.2060115e+01
  -5.3927561e+01   7.8468796e+01
  -2.2928814e+01   3.0084707e+01
  -3.3348034e+01   5.4448958e+01
  -6.6079755e+01  -2.1854338e+01
   7.1922840e+01  -3.8245443e+01
   7.8403151e+01  -1.4153927e+01
  -9.8366532e+01   1.9794770e+01
  -3.6896498e+01  -4.3845748e+00
   6.0932829e+01  -2.2735838e+01
  -3.6345231e+01  -1.4273806e+01
  -9.5145486e+01  -4.1514620e+01
  -8.4541002e+01   6.7547855e+01
  -8.2128919e+01   1.3653784e+01
  -5.5133979e+01   9.8715166e+01
   8.3642982e+01  -9.5555561e+01
  -7.4749904e+01   9.7404531e+01
  -4.1245392e+01   1.4576340e+01
  -9.8005267e+01   4.3192995e+01
  -6.0059828e+01   2.0962874e+01
   1.4809380e+01  -4.9319659e+01
  -8.2383200e+01   4.9451750e+01
   5.0067780e+01  -4.2599362e+00
  -9.4820812e+01   2.9131733e+01
  -8.8833978e+01   2.5474562e+00
  -6.9440117e+01   1.7572614e+01
  -2.3859445e+00  -5.9130553e+00
  -4.5037906e+00  -2.3492681e+01
  -6.6577299e+01   9.0004752e+01
  -9.5508202e+01   8.2360799e+01
  -9.8281153e+01   5.3182830e+01
  -2.3637592e+01  -5.4558324e+01
  -7.2825400e+01   4.6623744e+01
  -4.6804904e+01   4.2815474e+01
   8.2439482e+01  -3.6405806e+01
   6.3681122e+01  -5.0112944e+01
   2.8340129e+01  -7.6012644e+01
   2.9393243e+01  -6.3715428e+01
   5.3025620e+00  -9.4459679e+01
  -5.6885911e+00  -7.1717826e+01
  -1.3888774e+01  -6.2741889e+01
  -4.3267735e+00  -9.1771041e+01
   1.4983104e+01  -9.0807096e+01
  -2.9080269e+01   6.3475418e+01
   6.9032033e+01  -1.0570880e+01
  -6.4187204e+00   3.7308779e+01
  -2.3389090e+01   5.4525769e+01
   9.1038381e+01  -3.1315561e+01
  -3.6374761e+01   9.1898028e+01
  -7.5959797e+01  -2.3343253e+01
  -5.1205178e+01   2.7085008e+01
  -3.2898726e+01   3.0462039e+01
   5.7398091e+01   2.5298049e+00
  -2.9826950e+01   1.1692069e+01
  -9.8220797e+01   9.5159682e+01
  -5.1653581e+01  -2.8656875e+01
  -2.8009786e+01  -8.8365407e+00
  -5.8952951e+00   6.4589297e+01
  -6.5103079e+01  -7.1670469e+00
  -7.2885055e+01   8.2188808e+00
  -8.2726551e+01  -5.3419858e+00
  -2.4124849e+01  -2.4924438e+01
   4.9952440e+01  -4.4623633e+01
  -9.1131281e+01  -1.0739755e+01
  -4.4787082e+01  -2.0793488e+01
   6.3906575e+01  -3.2274772e+01
  -6.5063473e+01   9.9887761e+01
   5.6552427e+01  -7.2275375e+01
  -9.6080604e+01  -2.2209981e+01
  -7.3364309e+01   7.7798779e+01
   4.5146433e+01  -8.9846417e+01
   2.5199918e+01  -9.2048528e+01
   4.2702682e+01  -3.1253053e+01
   3.2679101e+01  -1.6567593e+01
  -8.5381981e+01  -3.8857249e+01
  -4.8128559e+01   7.3785068e+00
   6.7478757e+01  -6.7328619e+01
   4.1588446e+01  -2.1092110e+01
   1.4519106e+01  -2.8277744e+01
   5.0220621e+01   9.4872125e+00
   1.8921063e+01   8.3916264e+00
   1.7204619e+01  -5.9761175e+01
   2.5680770e+01  -5.4461745e+01
  -5.8835837e+01   1.1043946e+01
   7.2169840e+00  -7.9248128e+00
  -7.9698506e+00  -1.4148519e+01
   1.9250182e+00   4.0834846e+00
   1.3002280e+01  -1.7854465e+01
   5.1066586e+01  -2.4143290e+01
   4.8770624e+01  -6.1905603e+01
  -6.2594629e+01   3.0603166e+01
  -1.4361299e+01  -2.3100868e+01
  -2.3719782e+01  -6.4550588e+01
  -3.0076320e+01  -4.3362767e+01
   3.6686248e+01  -7.0526654e+01
   4.6596283e+01  -7.1661491e+01
   9.3057098e+01  -4.8991132e+01
   7.0180559e+01  -5.7700778e+01
   2.0951821e+01  -6.9030407e+01
   7.3643486e+01  -9.5455134e+01
   7.6195691e+00  -5.6231561e+01
  -2.5815965e+01  -7.5774357e+01
  -2.4128117e+01   7.2155509e+01
   8.2097664e+01  -4.8118551e+00
   7.0636813e+01  -2.0432454e+01
  -5.0580006e+01   6.9075895e+01
  -4.3490966e+01   7.6052688e+01
  -4.0418371e+01   6.2686698e+01
  -3.4387889e+01   7.1941110e+01
  -3.0642684e+00   2.4140589e+01
   7.5740902e+01  -2.9007856e+01
   2.3661177e+00   3.2537512e+01
   6.7107306e+01  -6.1347869e-01
   8.4359217e+01  -2.3866479e+01
  -9.8476317e+01  -8.8339415e-02
  -5.3620540e+01   4.9980923e+01
  -5.7511391e+01  -3.6736630e+01
  -1.1885370e+01   5.6588957e+01
  -1.6406896e+01   3.7628669e+01
  -2.8044892e+01   2.1512117e+01
  -4.5193594e+01   8.5889136e+01
  -2.5102051e+01   2.8843384e+00
  -1.3150397e+01   7.1567198e+01
  -3.4026334e+01  -2.3882001e+01
  -7.2320963e+01  -1.4044635e+01
  -2.0385387e+01  -1.5225316e+01
  -6.2395936e+00   4.7306471e+01
  -5.6299682e+01  -1.9842918e+01
  -7.9898949e+01   3.9606666e+01
  -9.2179191e+01   1.1953488e+01
  -8.8063937e+01   2.1701961e+01
  -7.2808254e+01   2.6973352e+01
  -4.5549017e+01   9.5873860e+01
  -4.1839324e+01  -3.0337908e+01
  -7.6240394e+01   8.7432899e+01
  -5.6538834e+01   8.8646518e+01
  -6.3722573e+01   8.0424576e+01
   5.4311738e+01  -5.3589277e+01
  -9.2784260e+01  -3.1804601e+01
   6.4748313e+01  -8.7044392e+01
  -4.2982189e+01   5.1987094e+01
  -7.7097521e+01  -3.3268654e+01
  -8.3355546e+01   7.7477011e+01
   2.3926294e+01  -2.5141501e+01
   3.1634725e+01  -3.6856610e+01
   4.0664900e+01  -4.1038842e+01
   3.3653082e+01  -2.7085470e+01
   6.5298526e+01  -7.7074220e+01
   3.5720965e+01  -9.4685909e+01
  -8.9676696e+01   3.7685374e+01
   4.2924216e+01  -1.1231283e+01
   7.7238832e+01  -6.5271828e+01
   4.1336607e+01   4.9516354e+00
   6.2759821e+00  -3.6640123e+01
   2.1875175e+01  -3.4923272e+01
   2.8032444e+01   4.2718734e+00
  -7.8877418e+01   5.9306422e+01
  -9.3146294e+01   7.2643732e+01
  -1.0326233e+01  -1.5402537e-01
   1.1605097e+01   1.5744264e+00
  -2.0216935e+01  -4.5176281e+01
  -8.9009750e+01   5.6921284e+01
  -4.2180661e+01   3.4126986e+01
  -7.0271826e+01   3.6966520e+01
   5.2161262e+00  -4.6547356e+01
  -1.3723282e+01  -5.2754712e+01
  -4.5655617e+00  -5.9134908e+01
  -3.3631178e+01  -5.4782767e+01
   3.8873965e+01  -6.0592068e+01
  -5.4678761e+01   3.6681780e+01
  -3.5181128e+00  -8.1815218e+01
   7.1266377e+00  -8.4632721e+01
   6.3482167e+01  -9.6956620e+01
   8.7115074e+01  -6.6795288e+01
   9.8503193e+01  -3.7967886e+01
  -3.2478911e+01  -3.3691971e+01
   7.3474246e+01  -4.8117112e+01
   7.9987506e+01  -5.5694824e+01
   2.1125634e+01  -8.2922692e+01
   1.9053658e+01  -9.9936087e+01
  -4.0816866e+01   2.4388383e+01
   5.9612322e+01  -7.2290527e+00
   3.3477725e+00  -6.5230795e+01
   9.6992027e+01  -6.8338211e+01
  -3.2934446e+01  -6.8425841e+01
  -2.2470046e+01  -8.5228947e+01
   8.3422860e+01  -4.6333291e+01
  -4.5667633e+01  -1.0831458e+01
  -3.7595687e+01   5.4383065e+00
  -5.4876423e+01   4.2488708e-02
  -1.2084312e+01  -9.8073731e+01
  -1.3111799e+01  -3.2988528e+01
