  -9.6303505e+01   2.2577077e+01
  -4.7119197e+01   8.2207404e+01
   4.3750260e+01   8.5038263e+01
  -6.6597839e+00   8.0676666e+01
  -1.1157790e+01   6.1337334e+01
  -2.6525524e+01  -6.4732331e+00
   3.4494762e+01   4.3983961e-01
  -3.0210763e+01  -5.9501599e+01
   9.9001272e+00  -6.4282293e+01
   1.4919960e+01   2.6213897e+01
  -1.8278945e+01   3.8312510e+01
  -6.9031900e+01   1.2629824e+01
  -7.5712792e+01   4.5497300e+01
   8.5001817e+01  -4.8761094e+01
   8.3685607e+01  -6.5472738e+01
   4.9164768e+01   1.5279962e+01
   2.1009630e+01  -1.1384532e+01
  -7.6260578e+00  -7.6034257e+01
  -5.0991546e+01  -5.8681213e+01
  -2.4079542e+01   4.6370554e+01
  -8.0857457e+01   3.6737670e+01
  -9.5429180e+01   1.1714706e+01
   2.8181721e+01  -1.9411835e+01
   5.2408093e+01  -4.2189638e+01
   3.8419599e-01  -1.3304961e+01
   1.6417203e+01  -3.5271823e+01
  -9.8129781e+01   5.5202607e+01
  -2.5419718e+01   3.3243159e+00
   2.8022894e+01  -8.4744912e+01
  -4.9865725e+01   1.7443512e+01
  -6.3809122e+01  -7.8010563e+00
  -8.5816205e+01  -9.5400010e+01
   8.1180757e+01   2.1789017e+01
   3.5751841e+01   5.8483114e+01
   9.9450925e+01  -1.0646144e+01
  -3.4213031e+01   2.7706975e+01
   2.8295364e+01   4.0232627e+01
   5.1637042e+01  -3.2261736e+01
  -5.3021404e+00   5.3262717e+01
  -5.4267831e+01  -3.2891565e+01
  -3.7233004e+01  -2.2250176e+01
   2.2681822e+01   9.2072231e+01
  -5.2542439e+01   4.3937117e+01
  -7.8857032e+01  -4.9139110e+01
   5.7208680e+01  -9.8814349e+01
   3.2095455e+01   1.9061828e+01
  -3.8277921e+00  -3.1605428e+01
  -3.9800668e+01  -5.8903700e+01
  -8.1770109e+01   9.7548923e+01
   9.4987631e-01  -8.0657742e+01
   1.0810511e+00  -9.3850421e+01
   9.8532484e+01   8.4167949e+00
   9.1604262e+01   4.0885236e+01
   1.1905640e+00   3.4448540e+01
  -6.3751619e+01  -6.1590671e+01
  -6.4102680e+01   9.3099719e+01
   9.6510722e+01  -9.8655577e+01
  -7.0904436e+01  -1.4633119e+01
  -5.2093517e+01   3.4216763e+01
  -7.5687235e+01   2.8019425e+01
  -8.5450909e+00   3.6381170e+01
  -4.6142328e+01  -1.8006206e+01
  -4.0424885e+01   3.5510935e+01
  -1.9278188e+01  -2.3274655e+01
  -5.5313301e+01  -1.3011826e+01
   3.6903061e+01  -4.4728575e+01
   7.4246334e+01   4.9981048e+01
  -7.7939981e+01  -3.1234880e+01
   4.6299266e+01   3.4494092e+01
   2.6578446e+01   6.9795052e+01
  -7.0992628e+01   3.6843199e+01
   7.1163872e+01  -2.2047931e+01
  -5.6663909e+01   5.2720432e+01
  -4.2349197e-01   6.1876902e+01
   7.6713854e+01   4.1731234e+00
  -3.0807555e+01   6.4762217e+01
  -9.0988003e+01  -5.7519366e+01
   2.9375511e+00  -3.6660372e+00
   6.6910832e+01  -5.8960066e+01
   1.8632290e+01   9.9411665e+00
   1.1332610e+01  -9.0404699e+00
   4.0232993e+01  -8.5543311e+01
   1.9094611e-01  -5.9653630e+01
  -5.5614397e+01  -2.3880915e+00
  -2.2742330e+01  -6.5118675e+01
   2.0336303e+01  -5.6729416e+01
  -6.7181285e+01   2.2708230e+01
  -5.9912694e+01  -8.0867395e+01
  -4.8425425e+01  -8.5145142e+01
   9.1125997e+01   1.9274593e+01
   5.8145355e+01   1.9600661e+01
   5.9188910e+01  -7.5714822e+00
   6.7763716e+01   2.1966423e+01
   4.1342273e+01   4.3160995e+01
   1.7438664e+01   5.4104932e+01
  -2.9597679e+01   1.7217011e+01
  -3.6868390e+01  -1.2158261e+00
  -3.7304783e+01   8.3476366e+01
  -1.8060297e+01   7.3137484e+01
  -1.7712757e+01   5.3918263e+01
  -4.3123458e+01   9.1639763e+01
   4.0541009e+01  -7.9121022e+00
   4.1314340e+01  -3.5280133e+01
   3.5225694e+01   9.0476480e+01
  -1.3247239e+01  -4.1298127e+01
  -2.2658986e+01  -3.4926943e+01
  -9.2464554e+00  -2.2397089e+01
  -6.7596210e+01   8.3501767e+01
   4.4745508e+01   6.2815165e+01
   5.3803750e+01   5.1090404e+01
  -8.0377104e+01  -1.1595228e+01
  -2.4429105e+01   2.5639023e+01
  -8.0982907e+01   8.4221537e+01
   7.1415845e+01  -3.6362106e+01
  -8.1249587e+01  -5.9649012e+01
  -9.9360652e+01   9.7963045e+01
   4.7682988e+01   5.4209130e+00
   1.1327142e+01   7.3029786e+01
  -8.7893378e+01  -3.0687253e+01
  -3.5077364e+01   7.3768242e+01
  -7.7774225e+01  -7.4742826e+01
   1.6575772e+01   9.9976716e+01
   9.8362077e+01  -2.0385307e+01
   1.1057395e+01   1.7094541e+01
  -9.2232361e+01   6.9197861e-01
   2.2108743e+01   1.9310211e+01
   8.1579129e+00  -8.7463125e+01
   1.0585877e+01  -2.6961234e+01
   6.7382647e+01  -9.5038719e+01
   2.9483309e+01  -6.6772514e+01
  -7.7324330e+01   1.8164893e+01
   3.9414575e+01  -6.7119063e+01
   5.1728482e+01  -7.0379738e+01
  -7.2734666e+01  -3.4365615e+00
   9.9774354e+01  -3.0193065e+01
   6.5881557e+01  -4.4926923e+01
   5.9354940e+00  -4.5049401e+01
  -1.0160431e+01  -6.0645658e+01
  -6.9898951e+01  -8.0826467e+01
  -3.0613486e+01  -9.2653817e+01
  -6.8524258e+01  -9.0675775e+01
   6.7172316e+01   1.8006463e+00
   9.6631054e+01   5.0643872e+01
  -1.1843480e+01   4.5823820e+01
  -2.0442342e+00   4.3857626e+01
   6.3207438e+01   4.4260029e+01
   2.7991023e+01   8.3625626e+01
   2.5816586e+01   5.9543249e+01
   6.2569120e+01   1.0698331e+01
   7.1877312e+01   1.3154083e+01
  -2.7564537e+01   3.5018045e+01
  -3.3330581e+01   4.2987356e+01
   2.8402338e+01   2.8354448e+01
  -5.8311173e+01  -5.1894649e+01
  -4.2826481e+01   4.5189865e+01
  -5.9517101e+01  -4.1270515e+01
  -3.9272061e+01   1.9235693e+01
  -2.6374227e+01   7.8661028e+01
   8.6512445e+01  -9.8841152e+01
   3.8215679e+01  -1.7629213e+01
   6.6350395e+01   6.4751793e+01
  -8.5647395e+01   4.5472272e+01
  -9.0795369e+01   3.6784378e+01
  -8.5775508e+01   2.8088116e+01
  -6.6933298e+01   5.0185243e+01
  -7.8185950e+01  -2.1334158e+01
  -6.4587177e+01  -2.2307053e+01
   4.5285035e+00   5.1281347e+01
  -6.2755406e+01   3.1656341e+01
  -8.3709074e+00   7.0854797e+01
   1.7689504e+01   6.5346732e+01
  -4.6544756e+01  -8.3010091e+00
  -3.7032038e+01  -1.1282425e+01
   3.6347860e+01   3.4416885e+01
  -2.0910592e+01   6.3572451e+01
  -1.5061047e+01   2.8933408e+01
  -6.4872570e+01  -7.2199337e+01
  -8.8110361e+01  -2.0554731e+01
   3.6405846e+01   7.8291898e+01
  -6.2161805e+01   4.1522825e+01
  -4.6828532e+01   5.4229655e+01
  -5.5696358e+01   2.5075263e+01
   2.4320711e+01  -2.9134958e+01
  -5.4301930e+01   7.5413323e+01
  -3.0898158e+01  -4.0115664e+01
   6.2201871e+01  -1.7062303e+01
   6.9480630e+01  -1.0222359e+01
   4.4337576e+01  -2.5510094e+01
   6.2642190e+01  -2.6995910e+01
   3.6409252e+01   6.8349127e+01
  -9.0655712e+01   8.1685025e+01
  -4.5736960e+01  -2.7862009e+01
   5.4596441e+01   7.0064246e+01
   2.3532045e+01  -4.2388669e+01
   3.1399497e+01  -3.6410938e+01
  -7.2783987e+01  -6.6113068e+01
  -8.4328399e+01   7.3686401e+01
  -8.8679315e+01  -4.7809923e+01
   4.0009609e+01   2.5140953e+01
  -3.2602566e-01   8.9730242e+01
  -3.4253236e+01   5.3211659e+01
   8.5762472e+01  -2.1506427e+01
  -9.8643744e+01  -4.7783248e+01
  -1.3583953e+01  -3.1356787e+01
   8.2934131e+00   7.5618630e+00
  -1.8900590e+01  -5.5906328e+01
   1.3733644e+01   8.5056674e+01
   4.9976189e+01   2.5239783e+01
   4.9780963e+01  -4.3193555e+00
  -5.0104699e+01   6.3602683e+01
   8.9498366e+01  -1.2255412e+01
  -4.5480163e+01   2.6894819e+01
   5.0546277e+00   2.5331372e+01
   2.8626584e+01   9.6907821e+00
   9.0367544e+01  -4.0407893e+01
   6.5042428e+01  -8.1072276e+01
  -2.8788969e+01  -1.6908712e+01
   5.7314063e+01   6.0450300e+01
   8.3638493e+00  -7.4059490e+01
  -2.8428080e+01   9.8858715e+01
  -9.5404833e+00  -1.2417886e+01
   7.0927763e+01  -6.8079313e+01
  -8.9768671e+01  -8.4574447e+01
   2.4721041e+01  -1.9877934e+00
  -9.0069005e+01   6.4924070e+01
   8.2720391e+00  -5.4562703e+01
  -2.6673954e+01  -7.4240989e+01
   1.5420712e+01  -8.1090041e+01
   4.7511744e+01  -6.1355570e+01
   5.7464989e+01  -6.2213984e+01
  -3.9901578e+01  -8.9736137e+01
  -5.4516899e+01   7.5206154e+00
  -4.6524867e+01   1.3540777e+00
  -6.4043403e+01   3.9200540e+00
  -5.9725542e+01   1.6013419e+01
  -1.7414809e+01  -9.1028188e+01
  -4.3373610e+01   1.0367069e+01
  -3.0920389e+01  -4.9896150e+01
   3.8987039e+01  -9.5449014e+01
  -1.4630969e+01  -6.9743461e+01
  -9.5610046e+01   4.5536115e+01
  -3.5625039e+00  -6.8061941e+01
   9.4770927e+01  -7.7388973e+01
  -1.6365508e+01  -3.9211919e+00
  -8.7308252e+01   1.8250503e+01
  -9.0319494e+01  -1.0808822e+01
  -5.1246954e+01  -7.5865418e+01
  -3.3502147e+01  -8.2197685e+01
  -7.9785596e+01  -8.5284264e+01
  -3.4771415e+01  -6.8379381e+01
   8.8660876e+01   2.8283830e+01
   6.1066067e+01   2.9250873e+01
   5.5742765e+01   3.7651410e+01
   1.8576776e+01   4.4206262e+01
   3.2426644e+01   4.9188267e+01
  -5.5808046e+01  -6.7295102e+01
  -7.1942500e+01  -5.6190686e+01
  -6.7236969e+01  -4.7473124e+01
  -1.0237819e+01   9.0324611e+01
   8.6080033e+00  -9.9724709e+01
   6.5012721e+01   5.4079391e+01
   7.5118236e+01   5.9942956e+01
   3.4538342e+01  -2.7013389e+01
  -2.9024395e+01   8.8891984e+01
  -4.0301131e+01   6.1755051e+01
  -5.4687204e+01  -2.2968996e+01
   9.1185097e+01  -8.9994679e+01
  -1.7095392e+01   8.3070434e+01
  -9.3391633e+01  -3.9022603e+01
  -7.6292046e+01   5.8648273e+00
  -8.2589511e+01  -1.8704539e+00
  -6.7950510e+01  -3.1695846e+01
  -7.6486574e+01   5.5380469e+01
  -8.5918142e+01   8.3965166e+00
   4.8303340e+01  -1.4191031e+01
   5.9393940e+01  -5.2431389e+01
   5.3809075e+01  -2.2491663e+01
   4.4112273e+01   9.5025611e+01
   4.9493372e+01  -5.1639463e+01
   7.8258328e+01  -2.9069967e+01
  -9.9773758e+01  -1.6336227e+01
   6.0600957e+01  -3.6608759e+01
  -3.4410651e-01   1.7047065e+01
  -7.3943726e+01   9.1324185e+01
   2.0344024e+01   3.4410677e+01
   1.8403917e+01  -2.0981890e+01
   3.8621810e+01   9.6286533e+00
   1.5019715e+01   2.4356147e-01
   3.0831898e+01  -9.8430950e+00
  -3.6897181e+01  -3.2270264e+01
  -1.6455810e+00   7.1947181e+00
   5.2378189e+01   7.9986443e+01
  -5.7686218e+01   8.4803890e+01
   7.8321892e+01  -5.3975605e+00
   7.8200383e+01  -1.5163653e+01
   9.3517042e+00   5.9962095e+01
   4.5106143e+01   7.3159676e+01
  -5.4107659e+01   9.4132762e+01
  -9.9271648e+01   8.6760901e+01
   5.7260379e+01   2.2483772e+00
  -7.4686537e+01   7.6452791e+01
   9.7081770e+01  -1.2285614e+00
  -9.4008217e+01  -6.7033867e+01
  -4.4896812e+01   7.2084117e+01
   2.0205908e+01   7.7456815e+01
   1.5200506e+00   7.1605248e+01
   4.5891374e+00   8.1064821e+01
   3.9914516e+01  -5.4250571e+01
  -3.3379617e+00  -4.1521629e+01
   7.7379015e+01  -9.4769240e+01
  -8.9853554e+01   9.1661831e+01
   9.9139779e+00   3.9252630e+01
   1.9541694e+01  -6.6682200e+01
   3.0304742e+01  -5.6815115e+01
   4.3960617e+01   5.2802952e+01
   1.3781290e+00  -2.3187815e+01
   5.3152288e+00  -3.5263422e+01
  -5.5534550e+00   2.5874614e+01
   7.6857482e+01  -5.8225477e+01
   6.1618152e+01  -7.1686735e+01
   5.3221399e+01  -8.0250657e+01
  -7.4162627e+01  -4.0374651e+01
   4.3608369e+01  -7.6164410e+01
  -8.7736016e+01  -7.4794770e+01
   8.7902034e+00   9.3736194e+01
   4.9010306e+01  -9.0333530e+01
   1.6992341e+01  -9.4485845e+01
  -9.7038148e+01   7.3986768e+01
  -4.8402595e+00  -5.1303061e+01
   5.8913361e+01  -8.8963927e+01
   2.3670576e+01  -7.5752652e+01
  -8.0068491e+01   6.4665590e+01
  -3.8119717e+01  -9.9497097e+01
   2.9016760e+01  -9.4690285e+01
   1.5469189e+01  -4.8003622e+01
  -2.1722020e+01  -4.6360030e+01
  -2.8509038e+01  -2.6901352e+01
   9.7745834e+01  -4.7111265e+01
  -8.8117156e+01   5.5131758e+01
  -9.6603638e+01  -2.5806831e+01
  -1.9439287e+01  -1.3393588e+01
  -6.7560281e+00  -1.3327957e+00
   9.3462545e+01  -6.7478316e+01
  -3.3872868e+01   8.3013690e+00
   9.1803508e+01  -5.6029553e+01
  -9.9556993e+01   3.2023331e+01
   7.5105653e+01  -4.8423731e+01
  -9.9271730e+01  -6.3661797e+00
   8.9798374e+01  -3.0524534e+01
  -4.1265027e+01  -7.5983667e+01
  -7.6025527e+01  -9.7187345e+01
  -9.5702238e+01  -9.4116950e+01
  -5.8582486e+01  -9.0759304e+01
  -4.9570146e+01  -9.5013777e+01
  -1.9876888e+01   9.2729623e+01
  -4.5370829e+01  -6.6941219e+01
   8.1082610e+01   1.2632473e+01
  -1.0937295e+01  -8.4131096e+01
  -8.0385064e+00  -9.3088087e+01
  -2.2987353e+01  -9.8848634e+01
  -2.3838549e+01  -8.3765057e+01
   8.9385307e+01   9.5777126e+00
   8.6921027e+01   4.8288632e+01
   9.7484547e+01   3.4558155e+01
   8.7409403e+01   3.6751530e+01
