  -2.1942813e+01  -2.7625678e+01
   3.2633561e+01   5.5966303e+01
   7.2911468e+01  -3.6454294e+01
  -8.6597783e+00  -3.9645459e+01
  -2.9963591e+01   1.4345027e+01
   2.6097922e+01   3.7396487e+01
  -4.0092259e+01  -5.1765924e+00
  -7.8831894e+01  -4.8280118e+01
   2.2628857e+01  -4.5402842e+01
   8.4030519e+01   2.3022950e+01
   3.3166132e+01   2.7235678e+01
   4.4001708e+01   2.5493100e+01
   4.1456602e+01   2.8308721e+00
   1.1471111e+01   7.8270224e+01
  -5.7016065e+01   4.1410636e+01
   2.7689775e+01  -1.9950671e+01
  -3.6704701e+01  -8.4364755e+01
   2.1216113e+01  -3.5511684e+01
  -6.1704587e+01   3.0346626e+01
  -6.7642977e+01  -5.7566498e+00
   3.4785127e+00  -3.9549627e+01
   1.7061096e+01  -7.9717860e+01
  -3.0584859e+01  -2.2620934e+01
  -3.1067230e+01  -5.0542714e+01
   2.6655571e+01  -1.0246699e+01
   1.8298246e+01  -5.7291085e+00
  -3.8929938e+01   4.8221284e+01
   3.8664500e+01  -3.2938746e+01
   2.6947768e+01  -5.7386884e+01
  -6.5283724e+01  -1.5995755e+01
  -5.8010321e+01  -8.1313638e+00
  -4.9751066e+01  -2.6861031e+00
   8.1802756e+00  -9.3377628e+01
  -5.6648931e+00  -2.2019825e+01
   1.2914303e+01  -7.0620718e+01
  -3.9098097e+01  -6.9199669e+01
   6.0159032e+01   3.0835521e+01
  -5.5450693e+01  -1.7729359e+01
  -1.2500317e+01   3.9970264e+01
  -3.2114963e+00   7.0273331e+01
  -2.9185908e+01   8.2820778e+01
   1.2003900e+01   1.2196697e+01
   8.7980155e+01  -2.1902009e+01
   4.4434474e+01   7.1852041e+01
   5.7372776e+01  -2.2838774e+01
  -2.6213738e+01   2.3531932e+01
   3.9815007e+01   3.4510418e+01
   4.6811428e+01   6.2192305e+01
   4.8264061e+01  -5.2606776e+01
   3.4165580e+01  -8.0218801e+01
  -1.9048655e+01  -7.0865316e+01
   2.9257530e+01  -2.9580311e+01
  -3.9891520e+01   1.4144531e+01
  -8.3960556e+01   1.9604032e+01
  -7.6390004e+01   3.7871179e+01
  -7.0700729e+01  -2.4397968e+01
  -1.1687345e+01  -5.9405971e+01
  -2.0658043e+01  -8.5759561e+01
   5.6409086e-02  -4.8928847e+01
  -4.2491229e+01   3.0716182e+01
   3.7189338e+01  -5.7568120e+01
  -4.3543786e+01   4.9870784e+00
  -3.3167935e+01  -6.0258659e+01
   9.5129139e+00  -5.2167293e+01
  -1.8340619e+01  -3.7173397e+01
   3.1913598e+01   9.7634281e+00
   2.1950891e+01   1.1294230e+01
   4.7101007e+01   1.5732512e+01
   5.3703907e+01   2.3227117e+01
  -2.1331417e+01   6.8256667e+01
  -6.0016076e+01  -4.4158158e+01
   2.1780418e+01   8.0336106e+01
   6.5521517e+01  -6.4824320e+00
   7.5580190e+01  -6.3886568e+00
  -1.9858388e+01   4.6695421e+01
   6.7172953e+01  -2.4779483e+01
  -3.7930730e+01   5.7763834e+01
  -4.1292337e+01  -2.0429969e+01
   1.4052098e+01   3.2117366e+01
   1.1955544e+01   5.1414445e+01
  -5.2969544e+00   5.8099642e+01
  -1.6425431e+01  -7.8915428e+00
   6.6962794e+00   2.5255815e+01
  -6.8679561e+00  -1.0399061e+01
   3.0526846e+01  -3.9291973e+01
   3.8795022e+01  -2.3052670e+01
   4.8619020e+01  -1.6335216e+01
   5.7759777e+01  -3.2860819e+01
   4.8502087e+01  -3.7408102e+01
   3.2874734e+01  -6.7561311e+01
  -4.4229716e+01  -7.7782014e+01
  -2.8899514e+01  -6.9245786e+01
  -3.0413400e+01   3.2066844e+01
   1.8130846e+01  -2.6020169e+01
  -6.4762874e+01   2.0891326e+01
  -6.2426750e+01   4.9803583e+01
   1.1027440e+01  -3.3018963e+01
  -7.4169895e+01   1.7686156e+01
  -8.6305884e+01   3.8628407e+01
  -8.9634897e+01  -2.4210422e+01
  -3.0184802e+01  -4.2864159e+00
  -7.1425265e+01   3.4520596e+00
   6.4745045e+00  -7.8234234e+01
  -8.4651742e+01  -1.1598155e+01
  -3.6046908e+01   2.3261203e+01
   4.5908322e+01  -6.2401208e+01
  -2.2776445e+00  -3.1395906e+01
   1.6438179e+00  -1.5535488e+01
   7.8159996e+01   3.8214448e+00
   2.1596509e+01  -6.5748575e+01
  -2.1679730e+01  -5.9790236e+01
  -1.5366770e+01  -1.9809594e+01
  -5.2580426e+01  -6.3133294e+01
   1.6593996e+01   2.0822122e+01
  -1.3221273e+01  -7.8981739e+01
  -8.8271455e+00   8.4511520e+01
  -1.2131243e+01  -2.9457909e+01
   3.4039295e+01  -3.7262348e+00
   1.8521689e+01  -1.6067668e+01
   3.5762747e+01  -1.3711811e+01
   1.0112269e+01  -1.0807730e+01
  -3.8998772e+01   7.7478437e+01
   2.7591314e+01   1.9157355e+01
  -1.1905627e+01   6.5381199e+01
   6.0467211e+01   4.0808396e+01
   6.3698428e+01   2.1489214e+01
  -7.7632553e+01  -3.3155831e+01
   2.8848827e+01   4.6859945e+01
  -6.7585699e+01  -3.3897939e+01
   1.6236878e+01   3.5200578e+00
   3.7430833e+01   1.8038352e+01
  -1.6048206e+01   2.8924562e+01
   3.6015342e+01   6.5313182e+01
   2.5872704e+01   6.3280608e+01
   8.8365606e+00   6.8371956e+01
   5.3171331e+01  -6.3205859e+00
  -1.0302293e+01   4.9562329e+01
   8.6373116e+01  -1.8832075e+00
   7.7588075e+01  -2.4332882e+01
  -4.8635950e+01   4.6582472e+01
   7.0270602e+01  -1.5274609e+01
  -4.6865789e+01   6.2057479e+01
  -5.6169265e+01  -3.4953062e+01
  -3.4264239e+01  -1.3353965e+01
  -3.1930898e+01  -3.2501722e+01
   9.7428349e+00   4.1682756e+01
   2.3214052e+01   2.8043279e+01
   5.9820045e+01   5.0767403e+01
   3.8429969e+01   4.4267701e+01
  -1.9722933e+00   7.0063199e+00
   5.1373199e+01   3.5174394e+00
  -3.1528617e+00   2.3119845e+01
   6.3887726e+01  -4.0763825e+01
   4.0002926e+01  -4.2780348e+01
   4.4090407e+01  -8.1394695e+01
   5.4881192e+01  -4.5109207e+01
   3.2196517e+01  -4.8985805e+01
   4.8111950e+01  -2.6553152e+01
  -5.3775364e+01  -8.0759489e+01
  -2.8164107e+01  -7.9185363e+01
  -7.2111905e+01   4.7336352e+01
  -9.2131541e+00  -6.9094529e+01
  -2.7352728e+01  -4.1336148e+01
  -7.1460024e+01   2.8307668e+01
  -6.6578200e+01   3.9028906e+01
  -8.1401756e+01   2.9254032e+01
  -5.2111121e+01   3.2778429e+01
  -5.5417729e+01   1.7532868e+01
  -7.9532378e+01   9.2707880e+00
  -2.3844118e+01  -1.4538872e+01
  -5.3111981e+01   7.8401907e+00
  -8.0140417e+01  -2.1114683e+01
  -7.4730931e+01  -1.2737788e+01
  -6.0965507e+01   1.6768743e+00
  -4.7078365e+01  -1.2299917e+01
  -5.0836657e+01  -2.6530671e+01
  -3.3583133e+01   5.0847344e+00
   4.2017853e+01  -7.1611507e+01
   5.3104502e+00  -2.4828190e+01
  -6.4791024e+01   1.0911056e+01
  -1.2267746e+00  -9.0003601e+01
  -9.9174805e+00  -4.9565307e+01
   2.9604447e+00   3.4493982e+01
  -7.8628240e+01  -3.5024795e+00
   1.2980050e+01  -4.2806653e+01
  -2.1567567e+01   5.8658142e-01
  -4.6396965e+01   2.1642178e+01
  -2.0706152e+01  -4.9681383e+01
   8.9253729e+01   7.6926457e+00
  -1.9195091e+01   8.2831448e+01
   8.1041725e+01   1.3396872e+01
   7.2593676e-03   7.9731494e+01
  -4.3137026e+01  -5.9880574e+01
   2.5769803e+01  -7.4810516e+01
  -1.1138867e+01  -8.8769274e+01
   7.8499218e+00  -6.2012627e+01
  -3.3093184e+00  -8.0224273e+01
   4.3299201e+01  -7.3193518e+00
   2.5890941e+01   1.8706272e+00
  -3.8510635e+01   6.7561914e+01
  -3.0113377e+01   7.2893739e+01
   4.9737184e+01   3.3685865e+01
  -6.9996570e+01  -4.3601377e+01
  -6.2073941e+01  -5.3932454e+01
   6.9663668e+01   4.9018062e+01
   7.3594143e+01   2.0066713e+01
   3.6840482e+01   7.8320150e+01
  -6.6463546e+00   3.2173992e+01
  -1.9121566e+01   5.8052450e+01
  -1.2654543e+01   7.5296421e+01
   6.7714357e+00   8.7097061e+01
   6.1296282e+01   2.5679205e+00
   1.8665062e+01   7.0185323e+01
  -2.1892768e+01   3.6965318e+01
  -2.8063253e+01   5.2349924e+01
   2.8455150e+01   7.2905284e+01
  -5.3889170e+01   5.4990435e+01
   8.0857844e+01  -1.4882559e+01
   9.0134595e+01  -1.1148649e+01
  -6.0856180e+01  -2.6124083e+01
  -2.7550730e+00   4.2788384e+01
  -4.1663868e+01  -3.0393997e+01
   2.0592493e+00   5.1507555e+01
   2.1453869e+01   5.4348852e+01
   6.6512242e+01   5.9225405e+01
   1.9207516e+01   4.4591421e+01
   5.6575834e+01   6.0208597e+01
   4.2267096e+01   5.3381107e+01
  -3.7122556e+01   3.8871036e+01
  -8.8596090e+00  -1.4983986e-01
   5.6408161e+01   1.2147506e+01
   1.7190507e+00  -5.5454468e+00
   6.6924005e+00   2.9252903e+00
  -2.9193119e+01   6.2273636e+01
   2.9327739e+00   1.5590965e+01
