  -6.7238882e+01   2.2582390e+01
   2.8001811e+01  -4.4044108e+01
  -9.1406209e+01   3.2359187e+01
   3.3590428e+01  -7.0006208e+01
  -7.2565621e+01   3.8979531e+01
  -8.1155680e+01   6.0317039e+01
   5.0120420e+01  -4.5206325e+01
   4.6169557e+01  -5.4392765e+01
  -9.0260117e+01   4.2342011e+01
  -7.8578367e+01   1.6562109e+01
  -8.2068273e+01   3.5881000e+01
  -8.0881940e+01   4.5786400e+01
  -9.1596900e+01   1.7575465e+01
   3.8775013e+01  -6.1455180e+01
   2.5933296e+01  -6.3574386e+01
   3.5050785e+01  -5.2174548e+01
   5.0973714e+01  -6.3163174e+01
  -9.0944085e+01   6.2363288e+01
  -6.6401514e+01   4.6850035e+01
  -7.5159059e+01   2.8673534e+01
  -6.4823767e+01   3.2652999e+01
  -7.4166029e+01   5.3149364e+01
  -8.8319332e+01   5.2462730e+01
  -9.9597480e+01   3.8085243e+01
  -8.4392360e+01   2.4698293e+01
   3.8517281e+01  -7.8708283e+01
   1.7733609e+01  -4.4939080e+01
   4.0208184e+01  -4.3607095e+01
   2.5087995e+01  -5.3610177e+01
   4.5442149e+01  -7.1493947e+01
  -9.7705186e+01   4.9015271e+01
  -9.8227376e+01   2.5060492e+01
