  -7.4178530e+01   2.8247230e+00
  -8.9902051e+01   2.4341767e+01
  -2.9162897e+00  -4.3214726e+01
   3.8118220e+01  -8.0023167e+01
  -5.0499267e+01   6.6230553e+01
  -8.6017424e+01  -2.1260567e+01
   5.8979721e+00  -2.4457664e+01
  -1.8607686e+01  -3.2957001e+01
   1.5489565e+01  -8.0755958e+01
   4.6282913e+01  -9.5982344e+01
  -6.3240514e+01   2.6956654e+01
   2.6961669e+01  -4.1213305e+01
  -6.8496181e+01   1.0609767e+01
  -8.9175054e+01   4.3984574e+01
  -2.2333081e+01  -6.5745924e+01
   6.8303312e+01  -2.5057878e+01
  -1.9185831e+01   6.1598953e+01
   9.2744705e+01  -3.7712870e+01
   2.5737040e+01   6.4409072e+01
  -8.7037109e+01  -4.8745622e+01
  -5.8397904e+01   8.9566682e+00
   6.0708032e+01  -6.5495532e+01
   4.7025330e+01  -3.1296205e+01
   4.7961373e+01   3.8235946e+01
  -1.9151898e+01  -5.6352613e+01
  -2.8451078e+01  -7.3576901e+01
  -1.3932913e+01   7.6918101e+01
  -4.0862835e+01   6.7923978e+01
  -3.0096630e+01   6.5244556e+01
   1.2737698e+00   2.5612725e+01
   9.9958858e+01  -3.1003707e+01
  -3.7758282e+00   6.0773872e+01
  -1.9889919e+01  -6.0619173e-02
  -3.5835197e+01  -2.2852758e+01
   5.6485644e+00   5.2496573e+01
  -4.3899571e+01  -1.4982075e+01
   3.9232697e+01  -5.3818780e+01
   5.6135825e+01  -9.4291111e+01
   2.6940769e+01  -3.1627020e+01
   6.5310967e+01  -8.8803065e+01
  -9.7780256e+01   4.9223860e+01
   4.0661331e+01  -1.0025034e+00
   3.0453808e+01   3.3594370e+00
  -1.4046218e+01  -1.1937796e+01
   1.2449067e+01  -3.2708252e-01
  -7.8623668e+01   2.7372631e+01
  -1.5638744e+00  -5.2769825e+01
  -2.8705561e+01  -5.2263437e+01
   3.9839311e+01  -6.3553309e+01
   9.5091854e+01  -7.9105148e+01
   5.8358386e+01   2.5029007e+00
   6.1753258e+00  -5.6532581e+01
  -4.5438445e+01  -8.5486767e+01
   8.4700563e+01  -4.4508122e+01
  -4.1785853e+01  -4.5790443e+00
   8.4079218e+01   2.0087743e+01
   1.6716749e+01   2.3509400e+01
   6.2719681e+01   1.7167232e+01
  -1.8969334e+01   3.8240822e+01
   2.0536124e+01   4.2211681e+01
  -3.2070861e+01  -5.4548787e+00
  -7.0947005e+01  -6.7564231e+01
   7.4009357e+01  -3.7135334e+01
  -6.4301102e+01   1.5717538e+00
  -7.3169423e+01   5.2664811e+01
  -2.5289709e+01   7.9991779e+01
   9.3031449e+01  -9.6475057e+01
   3.7838308e+00   8.0513512e+01
  -9.5841106e+01  -1.4765315e+01
  -8.7378591e+01  -3.0923806e+01
  -6.2187655e+01   1.7608733e+01
  -7.7240951e+01  -4.9891745e+01
  -8.1124317e+01   9.6942291e+01
  -6.9213706e+01   7.8789986e+01
   7.0295521e+01  -6.8285120e+01
   8.0538599e+01  -6.5089006e+01
   2.0748500e+01  -1.2719442e+01
   4.6276619e+01   1.7235417e+01
   3.2717723e+01  -6.3979968e+00
   1.1344611e+01  -1.0670656e+01
   3.7154587e+00  -4.6943549e+00
   2.9299926e+01  -5.0704165e+01
  -8.8753992e+00  -7.1277390e+01
   3.0527517e+01  -6.0356964e+01
  -4.2886586e+01  -7.5811693e+01
  -2.5352165e+01  -9.6765542e+01
   5.4872233e+00  -8.3306059e+01
   9.7497617e+01   1.9297708e+01
  -1.2654368e+01   9.9337590e+01
   5.4098024e+01   2.1415161e+01
  -3.6404594e+01   4.8406691e+01
   2.9810076e+01   3.2380412e+01
   6.3232309e+01  -1.6463487e+01
   9.7830119e+00   3.0851006e+01
  -4.5956205e+01   4.8239657e+01
  -5.2595791e+01  -5.7796746e+01
  -3.2272624e+01   1.4965515e+01
   4.4891431e+01  -9.9692566e+00
  -3.7480166e+01   9.0499307e+01
  -8.9223182e+00   3.7032426e+01
  -2.7328028e+01   4.4675874e+01
  -2.3142543e+01  -9.1471464e+00
  -2.9400559e+01  -4.1983224e+01
  -5.7850638e+01  -2.4092581e+01
  -9.8941119e+01   2.8480779e+01
  -8.7809055e+01   3.3971719e+01
  -7.8641855e+01   3.7050083e+01
  -8.2211672e+01   8.7447265e+00
  -9.0916131e+01   9.5197126e+01
   2.3509686e+01  -2.2739721e+01
   4.7839028e+01  -8.1393201e+01
  -9.1022925e+01   6.1132750e+01
  -7.7977780e+01  -2.7878725e+01
  -9.5925781e+01  -4.4591400e+01
  -7.6459017e+01   8.8394169e+01
  -9.9534737e+01   6.5929644e+01
   5.6111755e+01  -3.3937569e+01
   6.5079851e+01  -4.7428561e+01
   5.0793647e+01  -6.4521025e+01
  -1.0064906e+01  -2.1893134e-01
   1.9755667e+01  -4.7839887e+01
  -8.7623192e+00  -3.1597741e+01
  -4.5314406e+01   2.5770325e+01
  -1.0686784e+01  -5.0475640e+01
  -7.9175506e+01   6.0068120e+01
  -2.7414353e+01   6.2376004e+00
   3.3117419e+01  -7.1421996e+01
  -1.1758903e+00  -6.4872161e+01
  -1.0705402e+00   3.8734859e+00
  -3.6451705e+01  -6.7860163e+01
  -2.0547375e+01  -4.6538055e+01
  -1.7905863e+01  -8.4792428e+01
   5.4453530e+01  -1.1902580e+01
   9.9630307e+01  -5.9508135e+01
   6.5358933e+01  -5.7043415e+01
   8.4545063e+01  -5.3961174e+01
   8.9989467e+01  -6.1991796e+01
   2.8873273e+01  -8.3550327e+01
  -5.1087356e+01   2.7653776e+00
  -4.3457239e+01   8.8523180e+00
  -5.0602596e+01   1.4679013e+01
  -5.1129508e+01  -6.6972635e+00
  -6.7577251e+01  -7.3314236e+00
   9.9761904e+00  -7.2231237e+01
  -3.6000911e+01  -9.1279482e+01
  -6.1060411e+01  -7.5063960e+01
   9.4231075e+01  -5.0858392e+01
  -5.1813206e+01  -7.1321075e+01
  -5.4494387e+00  -8.7842951e+01
  -1.0098866e+01  -6.0472598e+01
   3.8229387e+01  -9.0056514e+01
   8.7004300e+01  -4.0425537e+00
   7.2392991e+01   2.0228636e+01
   6.9253863e+01   1.0523521e+01
   2.8827150e+01  -9.3477633e+01
   2.6538896e+01   5.1342011e+01
   9.0590551e+01  -1.4252197e+01
   8.8902140e+01  -2.7318391e+01
  -2.6567382e+01   2.3127005e+01
  -5.9849048e+01  -6.5126440e+01
  -7.9832488e-02   1.3670640e+01
   1.9833345e+01   3.2672074e+01
  -3.3632063e+01   7.4638026e+01
   8.9860604e+00   4.0786369e+01
  -6.6349779e+01   4.1114657e+01
   8.1377172e+01  -1.2090981e+01
   6.2827435e+01  -6.8056819e+00
  -4.8707645e+01   7.5378383e+01
  -1.1099395e+01   6.7432017e+01
   4.7536190e+01  -2.0726418e+01
   3.7884486e+01  -3.5182167e+01
  -3.6897196e+01   5.8399899e+01
  -7.6606493e+01  -1.8097638e+01
  -1.2859231e+01   4.5812448e+01
  -7.1732461e+01   2.0176757e+01
  -4.7358181e+01   8.9329879e+01
  -8.6482860e+01  -1.1405086e+01
  -2.3424493e+01  -2.1922007e+01
  -5.2303050e+01  -3.2076334e+01
  -3.8321615e+01  -3.1931122e+01
   3.8550275e+00   6.6756322e+01
  -7.7133971e+01  -8.3665758e+00
   2.2510859e+01   8.3659234e+01
   1.2067975e+01   7.5126278e+01
  -3.3155786e+00   7.3574007e+01
  -5.5302790e+01   4.8576698e+01
   1.4331482e+01  -2.0076572e+01
  -7.9655423e+01   4.6137953e+01
   4.2871475e+00   9.0432135e+01
  -5.9538702e+01  -4.1835220e+01
   6.5259698e+01  -7.7220885e+01
   4.4267416e+01   7.9788685e+00
   5.4238899e+01   3.1089172e+01
   2.4872754e+01   1.4843542e+01
   2.3393442e+01  -3.3385584e+00
   3.8744830e+01  -1.6668121e+01
  -2.7650804e+01   8.9461260e+01
  -6.8786862e+01  -2.4247346e+01
   5.5433159e+01  -4.5004375e+01
   3.7188032e+01   1.4086084e+01
   5.4604449e+01   1.1507210e+01
  -7.9033551e+01  -6.2048349e+01
  -5.7196075e+01   8.8274943e+01
  -7.8878090e+01   7.9076844e+01
  -8.4039337e+01  -3.9771562e+01
   5.5496888e+01  -7.3751796e+01
   8.3383527e+01  -3.5287107e+01
   9.6969459e+01  -2.1607674e+01
   2.3707890e+01  -7.5125610e+01
   1.9985980e+01   5.7790637e+00
   4.9150411e+01  -5.4676809e+01
   4.4394105e+01  -7.2181845e+01
   6.7847873e+00  -4.0920044e+01
   1.0094782e+00  -3.2886350e+01
  -3.7621153e+00  -2.2954990e+01
  -5.0177377e+00  -8.7528111e+00
   2.5077804e+00  -1.5127865e+01
  -9.2788548e+01   1.4842549e+01
  -9.6868073e+01   3.8113915e+01
   2.2076639e+01  -6.5426170e+01
   1.6857910e+01  -5.7067079e+01
   1.0942993e+01   9.4774727e+00
  -9.3819038e+01  -4.7190546e+00
  -4.5247521e+01  -6.3843897e+01
  -7.0396633e+01   9.6346685e+01
  -3.4608700e+01  -8.1402090e+01
  -3.7058884e+01  -5.7726805e+01
  -8.9731695e+01   8.5277064e+01
  -1.3572931e+01  -9.3791344e+01
   7.5025104e+01  -4.6981502e+01
   7.5151847e+01  -5.6860325e+01
   9.6657388e+01  -6.9265532e+01
  -6.0523522e+01   9.7784877e+01
  -9.7337093e+01  -3.4881867e+01
  -4.5063461e+01  -9.5489319e+01
  -1.8206143e+01  -7.4821644e+01
  -5.5161320e+01  -8.3148885e+01
   4.6917392e-01  -7.4701349e+01
   6.4954535e+01  -9.8993020e+01
   5.7329188e+01  -8.3414336e+01
   1.2577788e+01  -9.0309535e+01
   2.9391414e+00  -9.3286453e+01
   9.9718281e+01  -1.0656246e+01
   9.0350055e+01   1.2317514e+01
   9.3924647e+01   3.0215900e+00
   8.8713200e+01   2.8839018e+01
   7.8786468e+01   1.1816864e+01
   7.7256168e-01   3.5436431e+01
  -2.0441982e+01   5.1692733e+01
   1.8910389e+01   5.7391471e+01
   1.9632714e+01  -9.7361457e+01
  -8.3689678e+00   2.7314577e+01
  -3.5756910e+01   2.5752876e+01
   8.2361458e+00   1.8847637e+01
  -6.1553621e+01  -5.5035250e+01
  -2.7193853e+01   3.2887153e+01
  -2.1954640e+01   7.0869422e+01
   3.0014017e+01   4.2302752e+01
   6.2779557e+01   2.6716825e+01
  -3.6148676e+01   3.2500308e+00
  -4.1051260e+01   8.1282156e+01
  -1.2501896e+01  -4.0770484e+01
  -5.8127605e+01   7.8315566e+01
   8.3299321e+01  -9.4779404e+01
  -6.3518641e+01  -1.6013934e+01
  -5.6692066e+01   4.0259844e+01
  -5.4717814e+01   3.1861817e+01
  -7.0431556e+01   3.2590242e+01
  -2.8897064e+01   5.4879909e+01
   9.8823206e+01  -8.8362277e+01
  -1.8229211e+01   2.8516806e+01
  -1.1773086e+01   5.5507906e+01
  -9.1456021e+01   4.9667171e+00
  -1.3601557e+01  -2.2915284e+01
  -9.5271638e+01  -2.5169163e+01
  -6.2577774e+01  -3.2528323e+01
  -3.0625263e+01  -1.5079751e+01
  -3.2360522e+01   9.9221211e+01
  -5.0616437e+01   9.8771502e+01
  -3.5178291e+01   3.8560564e+01
  -2.8450005e+01  -3.2031438e+01
  -4.5499546e+01  -2.4854548e+01
  -4.5061297e+01   3.8317189e+01
  -5.4439257e+01   2.2941240e+01
   1.2661722e+01   8.5126984e+01
  -8.1994169e+01   1.8384822e+01
  -5.3738994e+01  -1.5609897e+01
   1.4291500e+01   4.9042900e+01
   1.3546752e+01   6.5408579e+01
   3.6824922e+01  -4.4492770e+01
   2.9718473e+01  -1.5587267e+01
   4.6234996e+01  -4.1229056e+01
  -7.0733450e+01  -5.7272815e+01
   5.7275126e+01   4.1325491e+01
  -8.6021251e+01   5.3156256e+01
  -2.2374880e+01   9.7754515e+01
  -6.7640235e+01  -4.7406856e+01
   3.8544974e+01   3.8429825e+01
  -1.6378510e+01   8.9081494e+01
   1.6293987e+01  -3.0945742e+01
   7.3551881e+01  -9.3924419e+01
  -5.8601562e+00   8.3121101e+01
   2.1898354e+01   7.3576125e+01
   3.8991450e+01  -2.5906909e+01
  -6.4229503e+01   5.0302378e+01
  -9.6423851e+01   7.7863423e+01
   7.2818453e+01  -1.6246124e+01
   5.6787365e+01  -2.3606479e+01
   6.4598980e+01  -3.7821683e+01
   5.0354363e+01  -2.3828841e+00
  -7.9323083e+01   6.9556462e+01
  -8.3351585e+01  -9.2206762e-01
  -5.2193220e+00   9.2967244e+01
  -8.9534420e+01   7.0760764e+01
   7.3803175e+01  -6.1267669e+00
  -5.3367415e+01   5.6802698e+01
  -3.5904700e+00   5.0663453e+01
  -9.7502254e+01  -5.4365377e+01
   6.7864027e+01   1.3132122e+00
  -7.4349760e+01  -4.0292186e+01
  -6.6716482e+01   8.7496750e+01
  -4.5124176e+01   5.8778417e+01
  -8.7801464e+01  -5.8255628e+01
   7.8170234e+01  -2.7333547e+01
   1.0005017e+01  -6.3719719e+01
   4.1633333e+01   1.9892648e+01
   2.7489529e+01   1.0431481e+01
   3.3492990e+01   1.2526666e+01
