   3.7082346e+01   1.1597271e+01
   2.3593847e+01  -1.3309070e+01
  -2.5816092e+01  -1.7956712e+01
   4.0683667e+00   2.7284818e+01
   3.7351501e+00  -2.9672074e+01
  -2.1896242e+00   6.2126922e+00
  -6.5581219e+00  -2.8155351e+00
   3.9167308e+00  -1.9675103e+01
  -1.3240842e+01  -1.8678517e+01
   2.3505719e+01  -3.3098702e+00
   3.5780337e+00  -1.9416110e+00
   2.0517351e+01   3.4071574e+01
   1.4906976e+01  -1.8261196e+01
  -1.9083015e+01  -1.0563280e+01
  -4.9582392e+00  -2.4280768e+01
  -3.5564174e+01   4.1317201e+00
   2.1402462e+01   1.8351913e+01
   1.3573854e+01  -2.1548173e+00
   1.6836479e-01   1.8076676e+01
   1.0714877e+01   1.7026306e+01
  -6.0005157e+00   2.6000387e+01
   1.3622393e+01  -2.8176413e+01
   2.3294478e+01  -2.3701530e+01
  -2.4297284e+00  -1.1923555e+01
  -6.6649896e+00  -3.4133535e+01
   2.1799642e+00  -3.9549642e+01
   8.3536374e+00  -1.0716390e+01
  -1.5270316e+01  -2.8470333e+01
  -2.5651039e+01   2.8165162e+00
  -2.8518855e+01  -7.2525723e+00
  -1.6379867e+01  -9.3611924e-01
   2.7201224e+01   1.0070900e+01
   1.7703458e+01   6.9521530e+00
   7.7223994e+00   7.4858739e+00
  -1.9449802e+00   3.5274781e+01
   3.2292080e+01   1.4637781e+00
  -1.2864231e+01   3.3272898e+01
   1.4034146e+01   2.6458450e+01
