   1.1770000e+03
   1.1890000e+03
   1.1830000e+03
   1.1870000e+03
   1.1730000e+03
   1.1790000e+03
   1.1910000e+03
   1.1670000e+03
   1.1810000e+03
   1.2050000e+03
   1.2070000e+03
   1.1850000e+03
   1.1600000e+03
   1.1930000e+03
   1.1640000e+03
   1.1950000e+03
   1.1990000e+03
   1.2030000e+03
   1.1740000e+03
   1.1760000e+03
   1.1780000e+03
   1.1800000e+03
   1.1820000e+03
   1.1840000e+03
   1.1860000e+03
   1.1880000e+03
   1.1900000e+03
   1.1920000e+03
   1.1940000e+03
   1.1960000e+03
   1.2000000e+03
   1.2020000e+03
   1.2040000e+03
   1.2060000e+03
