  -2.3116599e+01  -2.7647276e+01
   3.3261116e+01   5.6826041e+01
   7.9613184e+01  -3.5985032e+01
  -3.1992847e+01   1.9004970e+01
   2.7654538e+01   3.8212827e+01
  -4.1256104e+01  -4.9853811e+00
  -7.9248326e+01  -4.9427447e+01
   8.5493405e+01   2.4701713e+01
   3.6527427e+01   2.8541630e+01
   4.5661727e+01   2.5766038e+01
   4.3468206e+01   6.6373956e+00
   1.1471111e+01   7.8270224e+01
  -5.6775903e+01   4.0221958e+01
   2.7322056e+01  -1.7048074e+01
  -3.6698392e+01  -8.7170356e+01
  -6.3975641e+01   3.0606300e+01
  -6.8022621e+01  -6.1478613e+00
   1.8135604e+01  -8.4407576e+01
  -3.0732496e+01  -2.1311190e+01
  -3.0884386e+01  -4.8883017e+01
   2.7164306e+01  -7.1084357e+00
   1.8151375e+01  -8.8729621e+00
  -3.5614413e+01   4.9536984e+01
   2.8985011e+01  -6.3943952e+01
  -5.8552326e+01  -8.6043406e+00
  -5.0835535e+01  -2.6831728e+00
   6.8227422e+00  -9.9169077e+01
   1.0113294e+01  -6.9131850e+01
  -4.2061315e+01  -6.9748401e+01
   6.0759272e+01   3.0554848e+01
  -5.6038621e+01  -1.7881351e+01
  -1.2413534e+01   4.1001653e+01
  -2.5451446e+00   7.0271491e+01
  -3.0804298e+01   8.4089673e+01
   9.8901885e+00   1.2117652e+01
   9.1184795e+01  -2.1133594e+01
   4.4564542e+01   7.2617811e+01
   5.8866634e+01  -2.8182700e+01
  -2.5281506e+01   2.5972565e+01
   4.2088386e+01   3.6539593e+01
   4.7298338e+01   6.3051540e+01
   4.3376159e+01  -5.1764378e+01
   3.1531680e+01  -8.6280648e+01
   3.2282340e+01  -3.5116267e+01
  -3.9880462e+01   1.3241053e+01
  -9.1587324e+01   2.2161221e+01
  -7.4758446e+01   3.4331236e+01
  -4.5825237e+00  -6.0541925e+01
  -2.1354060e+01  -8.9342186e+01
  -1.2359868e+00  -4.3890028e+01
  -4.4019932e+01   3.0824954e+01
  -4.4226945e+01   4.5100948e+00
  -3.3510112e+01  -5.8287093e+01
   1.2623779e+01  -5.5010759e+01
   3.4246891e+01   9.3563262e+00
   4.7886871e+01   1.5492921e+01
   5.4704865e+01   2.2648415e+01
  -2.1320293e+01   6.9340700e+01
  -5.9923507e+01  -4.3734898e+01
   2.1538337e+01   8.0594618e+01
   6.5188255e+01  -6.1403113e+00
   7.7123049e+01  -6.3927865e+00
  -1.9848860e+01   4.7393928e+01
   6.5754243e+01  -2.1570496e+01
  -3.8355431e+01   5.9180394e+01
  -4.2190042e+01  -2.0527428e+01
   1.0991751e+01   3.2794986e+01
   1.2425169e+01   5.2010730e+01
  -3.8045406e+00   5.8434425e+01
  -1.7483025e+01  -7.8869504e+00
   6.5250850e+00   2.3929558e+01
  -8.1298771e+00  -1.1184371e+01
   3.6345243e+01  -2.1255051e+01
   5.1717435e+01  -3.4662301e+01
  -4.4574806e+01  -8.1828691e+01
  -6.3719499e+01   2.0609609e+01
  -6.0859563e+01   4.9291696e+01
   8.6716681e+00  -3.5839740e+01
  -7.2073115e+01   1.5085446e+01
  -9.0467314e+01  -2.8564402e+01
  -2.9271491e+01  -5.6495148e+00
  -7.1081663e+01   3.8367754e+00
   5.1842692e+00  -7.9431888e+01
  -8.6276430e+01  -1.0357034e+01
   5.0470772e+01  -5.8805404e+01
   7.8811157e+01   2.8826356e+00
  -2.2612731e+01  -6.5122170e+01
  -1.5855733e+01  -1.8819220e+01
  -5.5508351e+01  -6.7139097e+01
  -3.3109609e+00   9.0259236e+01
  -1.3250884e+01  -2.8454807e+01
   8.6063787e+00  -1.0507694e+01
  -3.9545880e+01   7.9317907e+01
   2.8321183e+01   1.6844738e+01
  -1.1283676e+01   6.4777544e+01
   6.0491282e+01   4.0812526e+01
   6.4146280e+01   2.1181389e+01
  -7.8107161e+01  -3.9528108e+01
   2.8660428e+01   4.7999323e+01
  -6.7695457e+01  -3.4133070e+01
   1.8627544e+01   6.7581474e+00
   3.8349303e+01   1.8455189e+01
  -1.6184075e+01   2.8927480e+01
   3.6359400e+01   6.6310786e+01
   2.6149447e+01   6.3858855e+01
   8.7634301e+00   6.8357702e+01
   5.5204708e+01  -6.3925081e+00
  -1.0132228e+01   5.0697061e+01
   8.7346071e+01  -2.2921112e+00
   8.1826144e+01  -2.4589483e+01
  -4.5418099e+01   4.9987089e+01
   7.1427560e+01  -1.3970470e+01
  -4.7283934e+01   6.3659571e+01
  -5.6444253e+01  -3.4881212e+01
  -3.5750162e+01  -1.3029528e+01
  -3.4335523e+01  -2.9814352e+01
   9.2282329e+00   4.2585681e+01
   2.0120586e+01   3.2079061e+01
   5.9850596e+01   5.0788905e+01
   3.8193354e+01   4.5503524e+01
  -3.4505457e+00   5.1493127e+00
   5.2578317e+01   3.1887735e+00
  -3.4460280e+00   2.3570910e+01
   6.0220150e+01  -4.0963503e+01
   3.9163663e+01  -4.2346666e+01
   4.2563882e+01  -8.2102739e+01
   5.6563864e+01  -5.0456648e+01
   3.3419532e+01  -5.0516148e+01
   4.9417012e+01  -2.5007454e+01
  -5.9276364e+01  -7.9489406e+01
  -2.8013273e+01  -8.2591543e+01
  -7.7001502e+01   4.3785901e+01
  -9.4954421e+00  -6.8608596e+01
  -2.7998042e+01  -3.6191861e+01
  -7.2536122e+01   2.4912024e+01
  -6.6736327e+01   4.0242964e+01
  -5.3987846e+01   3.0646254e+01
  -5.4631166e+01   1.6962661e+01
  -8.1119951e+01   1.1050484e+01
  -2.4611201e+01  -1.4193430e+01
  -5.3575972e+01   7.2144928e+00
  -8.3599936e+01  -2.0935231e+01
  -7.6452280e+01  -1.4056524e+01
  -6.1100039e+01   9.3406194e-01
  -4.7807266e+01  -1.2319121e+01
  -5.1892003e+01  -2.6404813e+01
  -3.4842700e+01   2.2458849e+00
   4.8450552e+01  -7.4023558e+01
   2.1264826e+00  -2.8373339e+01
  -6.3233285e+01   1.0628383e+01
   1.3962730e+00  -9.1461110e+01
  -7.4053868e+00  -5.1417864e+01
   1.8557984e+00   3.4157646e+01
  -7.7637604e+01  -4.1914048e+00
   1.1912682e+01  -4.5199974e+01
  -2.2015868e+01   9.0362647e-01
  -4.5750538e+01   2.1163322e+01
  -1.6465760e+01  -4.9579301e+01
   8.7323234e+01   7.5782100e+00
  -2.0900040e+01   8.3348772e+01
   8.1990496e+01   1.5525905e+01
   1.0231606e-01   7.9914656e+01
  -4.3080804e+01  -6.0027400e+01
   2.3974988e+01  -7.6757984e+01
  -9.4290193e+00  -8.7885152e+01
   5.2347632e+00  -6.1593390e+01
  -5.9169709e+00  -7.6493394e+01
   4.5222362e+01  -5.8314523e+00
   2.7429615e+01   2.4842411e+00
  -3.9110499e+01   6.9346319e+01
  -3.0221082e+01   7.3879064e+01
   5.1512278e+01   3.3872936e+01
  -6.9935139e+01  -4.5076470e+01
  -6.3505092e+01  -5.2458849e+01
   6.9693262e+01   4.9029570e+01
   7.3675439e+01   2.0287977e+01
   3.6874510e+01   7.8971481e+01
  -7.4173412e+00   3.2612591e+01
  -1.7637536e+01   5.7250537e+01
  -1.2810290e+01   7.4432930e+01
   6.9070665e+00   8.7242347e+01
   6.2457867e+01   3.4669194e+00
   1.8558806e+01   7.0369777e+01
  -2.1651707e+01   3.7297360e+01
  -2.7003886e+01   5.4197428e+01
   2.8546999e+01   7.3490849e+01
  -5.3317540e+01   5.5754185e+01
   8.2325025e+01  -1.4710821e+01
   9.1656340e+01  -1.1198052e+01
  -6.1745114e+01  -2.6152032e+01
  -2.7092123e+00   4.2831785e+01
  -4.3467074e+01  -3.0320379e+01
   2.6646529e+00   5.1053160e+01
   2.1766076e+01   5.5010640e+01
   6.6813827e+01   5.9192554e+01
   1.9275956e+01   4.4566686e+01
   5.6891882e+01   6.0333932e+01
   4.2956330e+01   5.4142969e+01
  -3.6867931e+01   3.9700488e+01
  -1.0385199e+01  -1.4271573e+00
   5.7328557e+01   1.2153747e+01
  -9.6377429e-02  -5.0117069e+00
   5.3398941e+00   3.5237890e+00
  -2.9531540e+01   6.3787680e+01
   2.5896577e-01   1.4406020e+01
  -7.8945900e+01  -2.9674131e+01
  -3.5842953e+01  -7.7160930e+01
  -8.4563362e+01   3.6117932e+01
  -4.6843139e+01   4.0235423e+01
   2.6539113e+01  -2.6982819e+01
   6.9793974e+01  -3.8111416e+01
   5.6098170e+01  -1.7607716e+01
   6.8311659e+01  -4.7974944e+01
   4.9053510e+01  -4.3940907e+01
   3.3698505e+01  -7.6576414e+01
   5.1302296e+01  -8.6969304e+01
   2.6630936e+01  -4.3306548e+01
   4.0888316e+01  -3.0132824e+01
   4.5331877e+01  -1.5928285e+01
  -5.0575054e+01  -7.4787998e+01
   2.1229502e+01  -5.8488588e+01
  -5.4915692e+01  -8.8484246e+01
  -3.2474692e+01  -9.6000033e+01
   7.2750290e+01  -2.8617386e+01
  -3.2138832e+01  -6.8003881e+01
  -2.2173281e+01  -7.4787377e+01
  -7.0601158e+01   5.1194875e+01
  -1.4665317e+01  -5.9173266e+01
  -8.1675118e+01   2.1009935e+01
  -8.3557969e+01   5.1178734e+01
  -9.3191387e+01  -1.8353239e+01
  -2.4023532e+01  -5.5623230e+01
  -8.5294041e+01   2.0403716e+00
  -7.9325863e+00  -3.6788440e+01
   5.5796921e+01  -6.7263074e+01
  -9.0605825e+01   4.4073408e+01
  -3.4169111e+01   3.0147203e+01
   3.7616411e+01  -5.9501723e+01
   3.9906728e+01  -6.9011200e+01
  -9.4410770e+01   3.4467190e+01
   1.1011623e+01  -9.0345204e+01
  -2.9084970e+01   9.6710839e+00
   2.7385790e+01   2.6306453e+01
  -1.1001284e+01   8.4066455e+01
   8.0385735e+00  -2.0409684e+01
  -6.6751105e+01  -1.6299473e+01
   1.4710603e+01  -2.7881630e+01
   1.8554726e+01   1.6625006e+01
   1.3041250e+01  -1.1961573e+00
  -2.3009950e+01  -4.3522950e+01
   1.8460521e+01  -3.7683510e+01
   7.3043614e+01   1.0597120e+01
  -5.2639894e+01  -5.7817025e+01
   3.5669683e+00  -5.2162650e+01
   9.6670805e+01   4.8884868e+00
   9.2238473e+01   1.7813685e+01
  -6.3080813e+01  -6.1779538e+01
  -1.4077537e+01  -9.5773872e+01
   3.6104260e+01  -1.0154993e+01
   1.3680933e+01  -7.6911294e+01
  -2.0446751e+00  -8.3627508e+01
