  -2.2065484e+01  -2.7737242e+01
   3.3184933e+01   5.6717744e+01
   7.2911657e+01  -3.6454204e+01
  -8.2234092e+00  -3.9713436e+01
  -3.0014874e+01   1.4371883e+01
   2.6782340e+01   3.7912169e+01
  -4.0285217e+01  -5.1836137e+00
  -7.9185273e+01  -4.8915306e+01
   2.2729905e+01  -4.5817661e+01
   8.4030519e+01   2.3022950e+01
   3.3305744e+01   2.8504495e+01
   4.4351265e+01   2.5659633e+01
   4.1826260e+01   4.2549251e+00
   1.1471111e+01   7.8270224e+01
  -5.7159466e+01   4.2667983e+01
   2.7644099e+01  -2.0135212e+01
  -3.7236694e+01  -8.6638006e+01
   2.1272831e+01  -3.5924646e+01
  -6.2838011e+01   3.0402239e+01
  -6.7987055e+01  -5.2346636e+00
   3.5299883e+00  -3.9681921e+01
   1.6998863e+01  -7.9819730e+01
  -3.0678801e+01  -2.2657219e+01
  -3.1285727e+01  -5.1076023e+01
   2.8008187e+01  -1.0142435e+01
   1.8756161e+01  -6.3514696e+00
  -3.5892273e+01   4.9573368e+01
   3.8655692e+01  -3.3616854e+01
   2.6706511e+01  -5.7627337e+01
  -6.5335778e+01  -1.5764223e+01
  -5.8518690e+01  -8.4498251e+00
  -5.0435726e+01  -2.5658195e+00
   8.8618600e+00  -9.3634522e+01
  -6.4504236e+00  -2.2401662e+01
   1.2604634e+01  -7.0836983e+01
  -4.1697598e+01  -6.9215061e+01
   6.0383758e+01   3.0820853e+01
  -5.5572422e+01  -1.8005648e+01
  -1.2016005e+01   4.0675577e+01
  -2.5735859e+00   7.0305179e+01
  -2.9326557e+01   8.3597233e+01
   1.2157554e+01   1.2285848e+01
   8.7980155e+01  -2.1902009e+01
   4.4548906e+01   7.2426883e+01
   5.7494580e+01  -2.2719045e+01
  -2.6431000e+01   2.3706049e+01
   4.0877547e+01   3.5036345e+01
   4.7117699e+01   6.2762685e+01
   4.8263858e+01  -5.2607006e+01
   3.4300707e+01  -8.0386760e+01
  -1.8417650e+01  -7.0750327e+01
   2.9336447e+01  -2.9990397e+01
  -4.0001798e+01   1.3831413e+01
  -8.4525636e+01   1.8912790e+01
  -7.6175154e+01   3.6514574e+01
  -7.0825855e+01  -2.4121406e+01
  -1.1688391e+01  -5.9417601e+01
  -2.0324243e+01  -8.7968084e+01
  -5.0451657e-03  -4.9036188e+01
  -4.2819090e+01   3.0836999e+01
   3.7343846e+01  -5.8580452e+01
  -4.3238355e+01   4.3723225e+00
  -3.3763040e+01  -6.0763825e+01
   9.4184755e+00  -5.2382300e+01
  -1.8162136e+01  -3.8609871e+01
   3.2021024e+01   9.9174624e+00
   2.2151899e+01   1.1951823e+01
   4.7717376e+01   1.5343013e+01
   5.4019573e+01   2.3107120e+01
  -2.0851927e+01   6.9604746e+01
  -5.9989316e+01  -4.4434573e+01
   2.1584948e+01   8.0546805e+01
   6.5544015e+01  -6.5587586e+00
   7.5580190e+01  -6.3886568e+00
  -1.9592224e+01   4.7197733e+01
   6.7265404e+01  -2.4847596e+01
  -3.7964833e+01   5.9391914e+01
  -4.1955067e+01  -2.0447892e+01
   1.3852023e+01   3.2198049e+01
   1.2189162e+01   5.1589201e+01
  -4.5179988e+00   5.8760468e+01
  -1.6998822e+01  -8.2896634e+00
   6.8543042e+00   2.4672613e+01
  -7.3899670e+00  -1.1054019e+01
   3.0783405e+01  -3.9884676e+01
   3.8907414e+01  -2.3620302e+01
   4.8619020e+01  -1.6335216e+01
   5.7759777e+01  -3.2860819e+01
   4.8542760e+01  -3.7376268e+01
   3.2874734e+01  -6.7561311e+01
  -4.5244540e+01  -7.8564885e+01
  -2.8285387e+01  -6.9129910e+01
  -3.0385566e+01   3.2883109e+01
   1.8414475e+01  -2.6342434e+01
  -6.4879425e+01   2.0612631e+01
  -6.3908566e+01   5.0041505e+01
   1.1205551e+01  -3.3272301e+01
  -7.4563182e+01   1.7531000e+01
  -9.5590101e+01   3.9501898e+01
  -9.0540664e+01  -2.4725494e+01
  -3.0212220e+01  -4.6114853e+00
  -7.1807164e+01   4.0065228e+00
   6.4896195e+00  -7.8749294e+01
  -8.5878936e+01  -1.0201670e+01
  -3.6413156e+01   2.3162447e+01
   4.6470025e+01  -6.2668417e+01
  -2.3685683e+00  -3.1606751e+01
   1.2718467e+00  -1.6049011e+01
   7.8138443e+01   3.7813057e+00
   2.1419510e+01  -6.6115195e+01
  -2.1681442e+01  -5.9790301e+01
  -1.6083978e+01  -1.9719623e+01
  -5.4699879e+01  -6.4039464e+01
   1.6297831e+01   2.1386463e+01
  -1.3337743e+01  -7.9363910e+01
  -8.6369274e+00   8.4987691e+01
  -1.2430972e+01  -3.0415623e+01
   3.5393628e+01  -3.4011568e+00
   1.8390900e+01  -1.6343518e+01
   3.7335988e+01  -1.3744971e+01
   9.9155303e+00  -1.1022719e+01
  -3.8998581e+01   7.9277821e+01
   2.8248073e+01   1.9877949e+01
  -1.1539908e+01   6.5878747e+01
   6.0490342e+01   4.0825141e+01
   6.3875785e+01   2.1419619e+01
  -7.7966322e+01  -3.8989952e+01
   2.8898741e+01   4.7683875e+01
  -6.7562492e+01  -3.3965601e+01
   1.6863665e+01   3.4652261e+00
   3.8049112e+01   1.7895980e+01
  -1.6042303e+01   2.8963618e+01
   3.6326586e+01   6.6210990e+01
   2.5997449e+01   6.3670218e+01
   8.7672792e+00   6.8358490e+01
   5.4688066e+01  -6.1858383e+00
  -1.0153365e+01   5.0499944e+01
   8.6366237e+01  -1.9022924e+00
   7.7588075e+01  -2.4332882e+01
  -4.5886939e+01   4.9427548e+01
   7.0341880e+01  -1.5332597e+01
  -4.7444651e+01   6.2575142e+01
  -5.6302916e+01  -3.5138917e+01
  -3.4744559e+01  -1.3522125e+01
  -3.1675384e+01  -3.2606346e+01
   9.6903169e+00   4.1906836e+01
   2.3271466e+01   2.8550895e+01
   5.9847530e+01   5.0804444e+01
   3.8454287e+01   4.4737631e+01
  -2.3656511e+00   5.8457519e+00
   5.1797535e+01   3.4990578e+00
  -3.0047392e+00   2.3004999e+01
   6.3887913e+01  -4.0763734e+01
   4.0582777e+01  -4.3429247e+01
   4.4247978e+01  -8.1412145e+01
   5.4881937e+01  -4.5110272e+01
   3.2779647e+01  -4.9683005e+01
   4.8378431e+01  -2.6829422e+01
  -5.4922075e+01  -8.1083877e+01
  -2.5578225e+01  -7.9459519e+01
  -7.3546367e+01   4.7379473e+01
  -8.5752854e+00  -6.8981988e+01
  -2.7652321e+01  -4.1760301e+01
  -7.2337953e+01   2.7280164e+01
  -6.6749304e+01   3.9845793e+01
  -8.2389240e+01   2.8681322e+01
  -5.2859278e+01   3.1049337e+01
  -5.5461902e+01   1.7249841e+01
  -8.0276211e+01   9.3236666e+00
  -2.4752731e+01  -1.4603104e+01
  -5.2689799e+01   7.6417983e+00
  -8.2051628e+01  -1.9440265e+01
  -7.4804877e+01  -1.2549779e+01
  -6.0491909e+01   1.3866493e+00
  -4.7488150e+01  -1.2120246e+01
  -5.0786419e+01  -2.6791624e+01
  -3.3254196e+01   4.9128592e+00
   4.2012498e+01  -7.1623654e+01
   5.3074143e+00  -2.5197680e+01
  -6.4314103e+01   1.0628632e+01
  -4.2499378e-01  -8.9925837e+01
  -9.9911435e+00  -4.9562689e+01
   3.4665408e+00   3.4080292e+01
  -7.8662043e+01  -3.2794986e+00
   1.3109532e+01  -4.3088812e+01
  -2.1655040e+01   5.5866045e-01
  -4.6412961e+01   2.1505648e+01
  -2.0706152e+01  -4.9681383e+01
   8.9397063e+01   7.6273303e+00
  -1.9333465e+01   8.3233114e+01
   8.1169363e+01   1.3310886e+01
   1.0354256e-02   7.9965313e+01
  -4.5556623e+01  -5.9989668e+01
   2.5813842e+01  -7.5097873e+01
  -1.0395791e+01  -8.9162168e+01
   7.5534975e+00  -6.2206614e+01
  -3.3845749e+00  -8.0330176e+01
   4.4721831e+01  -7.0038292e+00
   2.6662993e+01   1.4742879e+00
  -3.9477661e+01   6.9289303e+01
  -3.0458628e+01   7.3662475e+01
   5.0769720e+01   3.3572168e+01
  -6.9973304e+01  -4.4999125e+01
  -6.2132901e+01  -5.4202096e+01
   6.9688490e+01   4.9028108e+01
   7.3781220e+01   2.0049656e+01
   3.6877046e+01   7.8840909e+01
  -6.3925764e+00   3.2410436e+01
  -1.7809229e+01   5.8090709e+01
  -1.2625037e+01   7.5818017e+01
   6.8892641e+00   8.7223293e+01
   6.1765485e+01   2.6998743e+00
   1.8564874e+01   7.0360170e+01
  -2.1453055e+01   3.7373034e+01
  -2.6926715e+01   5.3990085e+01
   2.8522855e+01   7.3345345e+01
  -5.4748367e+01   5.4052677e+01
   8.0857844e+01  -1.4882559e+01
   9.0140330e+01  -1.1162747e+01
  -6.1078189e+01  -2.6353021e+01
  -2.1584467e+00   4.2347054e+01
  -4.1435266e+01  -3.0431295e+01
   2.1934522e+00   5.1348938e+01
   2.1712230e+01   5.4636025e+01
   6.6753600e+01   5.9199460e+01
   1.9325247e+01   4.4583821e+01
   5.6818293e+01   6.0334558e+01
   4.2740999e+01   5.3771720e+01
  -3.7660059e+01   3.9734673e+01
  -9.6883903e+00  -9.6353717e-01
   5.7129809e+01   1.1966226e+01
   1.2535828e+00  -6.0258273e+00
   6.9446372e+00   2.1965880e+00
  -2.8976522e+01   6.3774835e+01
   2.4351125e+00   1.4616774e+01
  -7.9493621e+01  -2.9107467e+01
  -3.5229448e+01  -7.6841529e+01
  -8.5597145e+01   3.9861495e+01
  -4.7653474e+01   3.9586642e+01
