  -2.2296807e+01  -2.7531465e+01
   3.0544357e+01   5.5420357e+01
   7.2840205e+01  -3.6487740e+01
  -1.0639333e+01  -3.9733342e+01
  -2.9202331e+01   1.6962981e+01
  -7.3768493e+00  -1.1251539e+01
   2.2035906e+01   3.9086394e+01
  -3.7735350e+01  -7.0535576e+00
  -7.1190890e+01  -4.3890540e+01
   5.1858494e+01   4.4040509e+01
   5.7836614e+01  -1.2773700e+01
   2.2333503e+01  -4.4426248e+01
   8.3876456e+01   2.2948053e+01
   3.3836033e+01   2.8778202e+01
   4.2988716e+01   2.4730641e+01
   4.2305921e+01   6.5376468e-01
   6.9970101e+01  -1.2104556e+00
   9.9453946e+00   7.8636569e+01
  -5.4462939e+01   4.1147179e+01
   2.6047973e+01  -1.8872794e+01
  -3.5782781e+01  -8.3425411e+01
   2.0618318e+01  -3.4305916e+01
  -5.7930926e+01   3.0091709e+01
  -6.5561044e+01  -5.3824327e+00
   3.8085314e+00  -3.8107885e+01
   1.6902144e+01  -7.9178187e+01
  -3.1404142e+01  -2.4503160e+01
  -3.0848705e+01  -4.9899444e+01
  -7.3712397e-01   4.4226589e+01
   2.4762570e+01  -8.2596865e+00
   2.2717323e+00   5.8522209e+01
   1.7573652e+01  -1.5772927e+00
  -3.7534357e+01   4.1420416e+01
  -1.3900570e+01   5.8510306e+01
   3.7899380e+01  -3.1834971e+01
   2.7039394e+01  -5.7176451e+01
  -6.3076899e+01  -1.6825747e+01
  -5.5639907e+01  -5.9356086e+00
  -4.6438910e+01  -2.4747669e+00
   7.1984816e+00  -9.2999196e+01
  -5.0215587e+00  -2.0866659e+01
   1.1474355e+01  -7.0253795e+01
   5.6937815e+01   1.4906471e+01
  -3.9179162e+01  -6.9206162e+01
   5.5650483e+01   3.4791308e+01
  -5.3481528e+01  -1.7891447e+01
  -9.8881774e+00   4.0229731e+01
  -4.3749204e+00   7.0442642e+01
  -2.7041031e+01   7.7343105e+01
   8.8067551e+00   1.2747526e+01
   8.5155397e+01  -1.6861565e+01
   3.9895590e+01   7.0445990e+01
   5.7451638e+01  -2.2743710e+01
  -2.3873018e+01   2.6336378e+01
  -2.7643104e+01   4.4702886e+01
   1.7379688e+01   5.0912778e+01
   3.6555609e+01   3.8357542e+01
   5.0015565e+01   5.5647532e+01
   1.2499479e+00  -3.8398673e+00
   4.8319005e+01  -5.2616836e+01
   3.4039816e+01  -8.0032587e+01
  -1.9373542e+01  -7.2061450e+01
   2.8608095e+01  -2.8255652e+01
  -4.0096875e+01   1.6042609e+01
  -8.2276215e+01   2.0093571e+01
  -7.3579420e+01   3.7228411e+01
  -7.0249760e+01  -2.4750767e+01
  -1.1392296e+01  -5.8336047e+01
  -2.0216948e+01  -8.3956630e+01
   7.1771550e-01  -4.7191628e+01
  -3.8829336e+01   3.2135525e+01
   3.7036547e+01  -5.6971159e+01
  -4.2439480e+01   6.3738215e+00
  -3.1999192e+01  -5.9370719e+01
   8.5063473e+00  -5.2502484e+01
  -2.0232391e+01  -3.7269945e+01
   3.0520358e+01   1.1234488e+01
   1.9975584e+01   1.1392431e+01
   4.7385020e+01   1.2323513e+01
   5.6933841e+01   2.4887794e+01
  -2.2502800e+01   6.2348213e+01
   4.5672976e+01   3.4279091e+01
  -5.9996068e+01  -4.4656558e+01
  -6.0525045e+01  -2.6410360e+01
   4.4594627e+00   3.5578251e+01
   2.4650872e+01   7.2826938e+01
   6.0482846e+01  -3.2727512e+00
   5.3073411e+00   6.7986177e+01
   7.6635362e+01  -8.5836934e+00
  -2.2415043e+01   5.3068500e+01
   6.7451304e+01  -2.2587724e+01
  -1.9503546e+01   3.7501474e+01
  -3.7695765e+01   5.0961008e+01
   6.9561568e+01   1.2989525e+01
  -4.1304754e+01  -2.5080056e+01
  -3.0599219e+01   5.7113406e+01
   1.3932756e+01   3.1124720e+01
   7.4215036e+00   4.9995582e+01
  -5.7723764e+00   5.2843051e+01
   1.2039165e+01   6.0423242e+01
   4.1246312e+01   6.0452461e+01
  -1.4686778e+01  -4.8077202e+00
   2.8642066e+00   2.5896921e+01
  -7.2045777e+00   1.2535310e+00
   2.9876875e+01  -3.8018485e+01
   3.8043816e+01  -2.1835525e+01
   4.8642887e+01  -1.5522188e+01
   5.7804984e+01  -3.2719243e+01
   4.8156331e+01  -3.7672827e+01
   3.2878697e+01  -6.7563040e+01
  -4.4078814e+01  -7.7892570e+01
  -2.7910807e+01  -6.7898395e+01
  -2.9133854e+01   3.4835561e+01
   1.7862850e+01  -2.4578272e+01
  -6.3045326e+01   2.1115643e+01
  -5.8940592e+01   4.9909467e+01
   1.1069069e+01  -3.1687191e+01
  -7.2556804e+01   1.7999504e+01
  -8.5122687e+01   3.8522974e+01
  -8.7962281e+01  -2.3580537e+01
  -3.1456324e+01  -3.7746403e-01
  -7.0975198e+01   3.3374978e+00
   5.1809752e+00  -7.6503471e+01
  -8.4280003e+01  -1.1434228e+01
  -3.3691103e+01   2.4681987e+01
   4.5564079e+01  -6.2192677e+01
  -3.3670809e+00  -3.1447762e+01
   2.1699641e+00  -1.3859965e+01
   7.7979115e+01   4.3370169e+00
   2.0161342e+01  -6.6519598e+01
  -2.1202223e+01  -5.9745459e+01
  -1.4941238e+01  -2.0774670e+01
  -5.1172734e+01  -6.2665057e+01
   1.8155161e+01   2.1130102e+01
  -1.2168134e+01  -7.7978489e+01
  -9.1294660e+00   8.3075652e+01
  -1.3059726e+01  -3.0368829e+01
   3.3109514e+01  -2.9328884e+00
   1.7242660e+01  -1.4706343e+01
   3.3435600e+01  -1.2872937e+01
   1.0161152e+01  -7.9777360e+00
  -3.5551404e+01   7.2464482e+01
   2.8169621e+01   2.0635482e+01
  -1.4506922e+01   6.8539839e+01
   6.2011034e+01   4.2499048e+01
   6.6649198e+01   2.2546356e+01
  -7.5466454e+01  -3.3279151e+01
   2.9602754e+01   4.5507056e+01
  -6.5864221e+01  -3.5504607e+01
   8.8984566e+00   2.6482525e+00
   3.8492389e+01   1.6173507e+01
  -1.4292413e+01   2.8975626e+01
   3.1294496e+01   6.5368355e+01
   2.1887543e+01   6.2005733e+01
   1.5060722e+01   7.0063984e+01
   5.0771970e+01  -4.6549487e+00
  -1.4502720e+01   4.8528312e+01
   8.6396959e+01  -6.7114796e+00
   7.8077165e+01  -2.3925462e+01
  -4.6236766e+01   4.6374069e+01
   6.7603286e+01  -1.2604085e+01
  -4.6494924e+01   5.6366571e+01
  -5.6171634e+01  -3.5287281e+01
  -3.6737174e+01  -1.6505069e+01
  -3.5938097e+01  -3.3186983e+01
   1.2422865e+01   4.1409275e+01
   2.3749214e+01   2.9377096e+01
   5.9380076e+01   5.2143246e+01
   3.9405311e+01   5.0540965e+01
   3.8628355e-01   7.2068726e+00
   5.4143653e+01   5.1299193e+00
  -3.4292740e-01   1.6808264e+01
   6.3799330e+01  -4.0713559e+01
   3.9072717e+01  -4.1763497e+01
   4.3889412e+01  -8.1352928e+01
   5.4844432e+01  -4.5089262e+01
   3.1488628e+01  -4.8233529e+01
   4.7594158e+01  -2.5154307e+01
  -5.3648693e+01  -8.0721368e+01
  -2.7726593e+01  -7.7671103e+01
  -6.9038346e+01   4.7398661e+01
  -1.0123478e+01  -6.8060891e+01
  -2.9497774e+01  -4.0390065e+01
  -7.0426150e+01   2.7750547e+01
  -6.3892249e+01   3.8839297e+01
  -8.0191048e+01   2.9833395e+01
  -4.8250265e+01   3.3825108e+01
  -5.3367458e+01   1.8952914e+01
  -7.8489588e+01   9.9358921e+00
  -2.0488954e+01  -1.2673795e+01
  -5.1985581e+01   7.9309816e+00
  -7.8836738e+01  -1.9805650e+01
  -7.1952056e+01  -1.2835171e+01
  -6.0318518e+01   2.8625609e+00
  -4.5729631e+01  -1.2322890e+01
  -5.0687471e+01  -2.7254196e+01
  -3.3286223e+01   8.8061062e+00
   4.2054664e+01  -7.1528747e+01
   4.1416509e+00  -2.4591958e+01
  -6.5164904e+01   1.1424485e+01
  -1.7034897e+00  -8.9066560e+01
  -8.6354486e+00  -4.9142118e+01
  -4.8335538e+00   3.1982490e+01
  -7.7160232e+01  -4.4438735e+00
   1.2541844e+01  -4.3899074e+01
  -2.2209225e+01   1.1081798e+00
  -4.5162000e+01   2.4490003e+01
  -2.0876612e+01  -4.9681959e+01
   8.7367844e+01   7.4777208e+00
  -1.7430687e+01   7.8041329e+01
   7.9486737e+01   1.4082017e+01
   4.0245717e-02   7.9409013e+01
  -4.1779272e+01  -5.9594043e+01
   2.5776003e+01  -7.4620775e+01
  -1.1425776e+01  -8.8201339e+01
   9.0499289e+00  -6.1482701e+01
  -3.2081016e+00  -7.9548083e+01
   4.1908207e+01  -8.9347226e+00
   2.5688894e+01   3.3051330e+00
  -3.7566316e+01   6.3160243e+01
  -2.5506725e+01   6.9652814e+01
