  -6.7087019e+01   2.4039116e+01
   2.7266092e+01  -4.4501753e+01
  -9.7693903e+01   3.0599808e+01
   3.6465699e+01  -6.8225716e+01
  -7.2186947e+01   4.1648775e+01
  -8.2748953e+01   6.9652435e+01
   5.4045996e+01  -4.0723983e+01
   4.2164439e+01  -5.6837015e+01
  -9.9129525e+01   4.5715196e+01
  -7.4017928e+01   1.6831170e+01
  -8.1259832e+01   3.7444170e+01
  -9.3184413e+01   2.0117909e+01
   2.7325533e+01  -6.4168960e+01
   5.1315633e+01  -6.3215252e+01
  -9.2632405e+01   6.8130520e+01
  -5.9046674e+01   4.1329762e+01
  -7.5753232e+01   2.9087618e+01
  -5.7829042e+01   2.7917828e+01
  -6.6503384e+01   5.0034543e+01
  -8.9941654e+01   5.5473545e+01
  -8.3206214e+01   2.0777551e+01
   3.5584143e+01  -7.9033389e+01
   1.7837410e+01  -4.1170098e+01
   3.7261006e+01  -4.4902077e+01
   2.9112200e+01  -5.4329867e+01
   4.5297916e+01  -7.2915266e+01
  -5.6595326e+01   5.1387463e+01
  -8.0956813e+01   9.6306791e+00
  -8.5563747e+01   4.6482810e+01
  -7.9240822e+01   6.0288518e+01
  -6.4289680e+01   1.4438610e+01
  -6.5800358e+01   3.3955268e+01
  -7.6485729e+01   5.0676457e+01
  -9.0929096e+01   1.0373549e+01
  -9.1932017e+01   3.8772902e+01
  -8.7637523e+01   2.9742037e+01
  -9.9979231e+01   5.6113627e+01
   4.6885320e+01  -4.7732004e+01
   2.6853242e+01  -7.4157800e+01
   3.1915644e+01  -3.5648413e+01
   4.4828840e+01  -8.2904257e+01
   5.4801308e+01  -5.3842416e+01
   1.0037291e+01  -4.7427744e+01
   1.9271117e+01  -5.1408057e+01
   1.7381125e+01  -6.5221906e+01
   5.5286560e+01  -7.2438885e+01
   4.3815511e+01  -3.7349696e+01
