  -9.4594585e+01   2.6078169e+01
  -4.5855097e+01   8.1115589e+01
   4.3224181e+01   8.4611341e+01
  -6.8066042e+00   7.9755875e+01
  -1.2227179e+01   6.1045529e+01
  -2.0014393e+01  -1.7226696e+00
   3.4546544e+01   3.5949102e-01
  -3.1677639e+01  -5.8581816e+01
   1.1266484e+01  -6.2815237e+01
   1.2663203e+01   2.6848244e+01
  -1.8241792e+01   3.8378811e+01
  -6.8885978e+01   1.2943514e+01
  -7.4985872e+01   4.5261625e+01
   8.4091168e+01  -5.1351256e+01
   8.6715920e+01  -6.5894419e+01
   4.9307188e+01   1.5168402e+01
   1.8036744e+01  -1.1502306e+01
  -8.2706514e+00  -7.8303903e+01
  -5.1061796e+01  -5.9103790e+01
  -2.4407093e+01   4.6103163e+01
  -8.1899468e+01   3.7268637e+01
  -9.5282988e+01   1.1844555e+01
   2.7398484e+01  -1.9485746e+01
   5.3163665e+01  -4.2724534e+01
  -8.7195378e-01  -1.3848567e+01
   1.6216619e+01  -3.4911335e+01
  -9.6853456e+01   5.5744718e+01
  -2.7165261e+01   5.2040584e+00
   7.9419469e+01  -4.2509912e+01
   2.7427838e+01  -8.4246433e+01
  -4.9299620e+01   1.6107781e+01
  -6.3600281e+01  -7.9975495e+00
  -8.5413920e+01  -9.4725153e+01
   7.9885914e+01   2.0832617e+01
   3.5010714e+01   5.7951107e+01
   9.8491563e+01  -1.0366553e+01
  -3.4791644e+01   2.7123175e+01
   2.7447379e+01   3.9673268e+01
   5.1634870e+01  -3.2932390e+01
  -5.8766391e+00   5.3393458e+01
  -5.4308474e+01  -3.2362719e+01
  -3.7484797e+01  -2.1862520e+01
   2.2837869e+01   9.1666535e+01
  -5.2387853e+01   4.3802692e+01
  -7.8511436e+01  -4.9373761e+01
   5.7356103e+01  -9.7944343e+01
   3.2021240e+01   1.9385336e+01
  -4.4724200e+00  -3.1464871e+01
  -4.1313313e+01  -5.9834759e+01
  -8.1809243e+01   9.7397996e+01
  -1.1533373e+01  -8.7651268e+01
  -5.8693788e+01  -9.6356208e+01
   1.6507048e+00  -7.9307499e+01
  -2.3440831e+00  -9.2611709e+01
   9.2970268e+01   8.6795711e+00
   8.9351215e+01   3.9363785e+01
   8.6793769e+01  -1.1334307e+00
   1.0669154e+00   3.3121864e+01
  -6.3227081e+01  -6.2113695e+01
  -6.4294281e+01   9.3049529e+01
   9.6505644e+01  -9.8655670e+01
  -7.0712978e+01  -1.4863200e+01
  -5.1722216e+01   3.3958487e+01
  -7.4958654e+01   2.7953608e+01
  -8.5645480e+00   3.5616952e+01
  -4.5762118e+01  -1.6480440e+01
  -4.0364647e+01   3.5390223e+01
  -2.0285963e+01  -2.1830799e+01
  -5.4854388e+01  -1.2561124e+01
   3.6558429e+01  -4.4429163e+01
   7.4247412e+01   4.9980632e+01
  -7.7618745e+01  -3.1465127e+01
   4.6045926e+01   3.4322703e+01
   2.5965540e+01   6.9441387e+01
  -7.0493280e+01   3.6665275e+01
   7.1197015e+01  -2.1719871e+01
  -9.8532840e+01  -5.9194060e+00
  -5.6608443e+01   5.2680138e+01
  -2.2904235e-01   6.1404633e+01
   7.7346616e+01   3.5693234e+00
  -3.1122484e+01   6.5148319e+01
  -9.0433935e+01  -5.7284430e+01
  -5.6395054e-01  -4.0915393e+00
   6.8548840e+01  -5.8879952e+01
   1.8692958e+01   9.4761902e+00
   8.7114422e+00  -7.6571334e+00
   4.1425383e+01  -8.4459542e+01
  -1.0715774e-01  -6.0365841e+01
  -5.5442022e+01  -2.3951097e+00
  -2.4227309e+01  -6.4772451e+01
   2.0311103e+01  -5.6693173e+01
  -6.6562658e+01   2.2659111e+01
  -5.8594713e+01  -8.4999029e+01
  -4.8701720e+01  -8.6223042e+01
   9.0018278e+01   1.8963116e+01
   5.8228195e+01   1.9682850e+01
   5.8407287e+01  -8.2009964e+00
   6.8082836e+01   2.1690122e+01
   4.1453416e+01   4.3179959e+01
   1.7464085e+01   5.3217730e+01
  -2.9794041e+01   1.6372188e+01
  -3.6447697e+01  -1.0039611e+00
  -3.6343504e+01   8.4127691e+01
  -1.6918539e+01   7.4338722e+01
  -1.7350746e+01   5.2789341e+01
  -4.3046023e+01   9.1540758e+01
   3.9896253e+01  -8.0737610e+00
   4.0751008e+01  -3.5228236e+01
   3.4697968e+01   8.9775632e+01
  -1.3786083e+01  -4.2703944e+01
  -2.3126395e+01  -3.4620357e+01
  -1.0541178e+01  -2.3542955e+01
  -6.7484917e+01   8.3476949e+01
   4.4352418e+01   6.2833950e+01
   5.3391005e+01   5.1327856e+01
  -8.0106919e+01  -1.1795774e+01
  -2.5026825e+01   2.5090926e+01
  -8.1098104e+01   8.4025553e+01
   7.1230076e+01  -3.6512298e+01
  -8.0630895e+01  -5.9162074e+01
  -9.9360652e+01   9.7963045e+01
   4.7698119e+01   5.3299825e+00
   1.0890806e+01   7.2864123e+01
  -9.9325346e+01   6.4605957e+01
  -8.7539113e+01  -3.0900302e+01
  -3.5334731e+01   7.4191403e+01
  -7.7381910e+01  -7.4554697e+01
   1.6420703e+01   9.9289339e+01
   9.8359392e+01  -2.0363487e+01
   1.0964942e+01   1.7039068e+01
  -9.1399285e+01   1.0575908e+00
   2.1735309e+01   1.8981271e+01
   7.3308281e+00  -8.7511260e+01
   9.7426691e+00  -2.7376208e+01
   6.7388346e+01  -9.5038565e+01
   2.9522088e+01  -6.6645377e+01
  -7.7576070e+01   1.8384835e+01
   3.9109151e+01  -6.6955206e+01
   5.1747766e+01  -6.9796312e+01
  -7.1982540e+01  -2.7804933e+00
   4.7351026e+01  -9.9703446e+01
   9.4252761e+01  -2.9478888e+01
   6.6887629e+01  -4.5333326e+01
   4.1443912e+00  -4.5342742e+01
  -1.0052802e+01  -6.0448815e+01
  -9.7294233e+01  -2.8799210e+01
  -2.0097423e+01  -1.1944853e+01
  -2.8496413e+01  -6.7718562e+00
  -7.0064242e+01  -8.1297852e+01
  -2.9697642e+01  -9.2888853e+01
  -6.6953901e+01  -9.0761070e+01
   8.5318340e+00  -1.7507994e+01
  -2.0399548e+01  -8.2273345e+01
   8.3389568e+01   1.1493153e+01
   6.7472693e+01   2.0753289e+00
   9.3075480e+01   4.8709362e+01
  -1.1098851e+01   4.5128616e+01
  -1.4988086e+00   4.2609635e+01
   6.3019129e+01   4.4016066e+01
   2.7552339e+01   8.2922991e+01
   2.5207128e+01   5.9454726e+01
   6.3628362e+01   1.1293033e+01
   7.3443063e+01   1.3188143e+01
  -2.7435804e+01   3.4659182e+01
  -3.3409142e+01   4.2477951e+01
   2.8292483e+01   2.8613865e+01
  -5.8122283e+01  -5.2249321e+01
  -4.2725325e+01   4.5037182e+01
  -1.9247279e+01   9.4472522e+01
  -5.9372049e+01  -4.0803452e+01
  -3.9561113e+01   1.8345000e+01
  -2.6174228e+01   7.7728866e+01
   8.6510412e+01  -9.8837889e+01
   3.8358342e+01  -1.7902117e+01
   6.6322427e+01   6.4724232e+01
  -8.4352797e+01   4.5986217e+01
  -9.1936700e+01   3.5630882e+01
  -8.4893820e+01   2.8236233e+01
  -6.6596335e+01   5.0174280e+01
  -7.8050567e+01  -2.1564140e+01
  -6.3486437e+01  -2.1541716e+01
   3.7815601e+00   5.0888192e+01
  -6.1874935e+01   3.1465865e+01
  -8.2201197e+00   6.9906764e+01
   1.7061320e+01   6.5121107e+01
  -4.6416545e+01  -6.5348809e+00
  -3.7490781e+01  -1.0948551e+01
   3.6105990e+01   3.4777806e+01
  -2.1202327e+01   6.5351548e+01
  -1.5804278e+01   2.8864668e+01
  -6.5320394e+01  -7.2508104e+01
  -8.8741669e+01  -2.0998141e+01
   3.5993296e+01   7.7761552e+01
  -6.1901889e+01   4.1437552e+01
  -4.6730584e+01   5.3963605e+01
  -5.4709583e+01   2.4516736e+01
   2.4200288e+01  -2.8922184e+01
  -5.3912042e+01   7.5098755e+01
  -3.1226173e+01  -3.9479830e+01
   6.2009649e+01  -1.7462525e+01
   6.9284857e+01  -1.0662751e+01
   4.4293246e+01  -2.5924121e+01
   6.2995316e+01  -2.7340649e+01
   3.5749325e+01   6.7841139e+01
  -9.0659103e+01   8.1459691e+01
  -4.5644006e+01  -2.7633894e+01
   5.4214051e+01   7.0046214e+01
   2.3078615e+01  -4.2137273e+01
   3.0903389e+01  -3.6246359e+01
  -7.2707205e+01  -6.5815298e+01
  -8.4148187e+01   7.3305975e+01
  -8.8298068e+01  -4.7534642e+01
   3.9886618e+01   2.5541533e+01
  -6.3246236e-01   8.9276638e+01
  -3.4253236e+01   5.3211659e+01
   8.6130225e+01  -2.3694230e+01
  -9.8285989e+01  -4.7677444e+01
  -1.3864971e+01  -3.2875369e+01
   7.0532780e+00   7.8636557e+00
  -1.9066800e+01  -5.6535159e+01
   1.3185663e+01   8.4723625e+01
   4.9867175e+01   2.5125523e+01
   4.9165578e+01  -4.5229318e+00
  -5.0239137e+01   6.3123418e+01
   8.9236021e+01  -1.4109299e+01
  -4.4992747e+01   2.6624315e+01
   3.4732968e+00   2.3665313e+01
   2.8657354e+01   9.9953701e+00
   8.9471180e+01  -3.9922874e+01
   6.5291883e+01  -8.1042525e+01
  -2.8933081e+01  -1.6693256e+01
   5.7246278e+01   6.0538445e+01
   8.5610148e+00  -7.2207140e+01
  -2.8363983e+01   9.8554594e+01
  -1.0278536e+01  -1.0742968e+01
   7.0221109e+01  -6.8685566e+01
  -8.9441580e+01  -8.4392560e+01
   2.3141789e+01  -2.9081718e+00
  -8.9377611e+01   6.3463908e+01
   7.5515578e+00  -5.4148332e+01
  -2.7396691e+01  -7.3865542e+01
   1.4245540e+01  -8.0354804e+01
   4.6930773e+01  -6.1198786e+01
   5.6927527e+01  -6.1593352e+01
  -3.8943769e+01  -8.8077130e+01
  -5.4278757e+01   7.4384091e+00
  -4.5280692e+01   3.3878934e+00
  -6.3709331e+01   4.1372792e+00
  -5.9387764e+01   1.5824836e+01
  -1.9797130e+01  -9.3144367e+01
  -3.6418189e+01   8.9288261e+00
   9.9986246e+01  -8.5247190e+01
  -3.0935492e+01  -4.9120102e+01
   3.9104870e+01  -9.3911110e+01
  -1.5173676e+01  -7.0264231e+01
  -9.4871819e+01   4.5064790e+01
  -5.0096330e+00  -6.8980659e+01
   9.3874467e+01  -7.2859902e+01
  -1.0204851e+01  -8.1638564e-01
   9.2738182e+01  -5.7972385e+01
  -8.7666392e+01   1.8871393e+01
   9.9569327e+01  -3.7932390e+01
  -9.0014881e+01  -1.1096308e+01
  -7.5363069e+01  -9.6153950e+01
  -4.8705277e+01  -9.6209392e+01
  -4.9632485e+01  -7.6302311e+01
  -3.0426271e+01  -8.3065678e+01
  -7.9404681e+01  -8.6732091e+01
  -3.5997045e+01  -6.8295565e+01
   9.9846535e+01   4.1350804e+01
   9.8339935e+01   3.1465630e+01
   9.9850723e+01   2.0757253e+01
   8.8686199e+01   2.8867874e+01
   6.1159432e+01   2.9230994e+01
   5.5500541e+01   3.7461315e+01
   1.8127312e+01   4.3341859e+01
   3.1791154e+01   4.8564448e+01
  -5.5256723e+01  -6.8096436e+01
  -7.1160090e+01  -5.6082957e+01
  -6.6695927e+01  -4.7349190e+01
  -1.0485927e+01   8.9715674e+01
   6.8514085e+00  -9.7471405e+01
   6.4929972e+01   5.3818654e+01
   7.5103304e+01   5.9943039e+01
   3.4154546e+01  -2.6897739e+01
  -2.7452010e+01   8.8618335e+01
  -4.0408365e+01   6.1664275e+01
  -9.0865514e+00   9.9578857e+01
  -5.3764138e+01  -2.2400252e+01
   9.1185088e+01  -8.9994600e+01
  -1.8594512e+01   8.4112423e+01
  -9.3399744e+01  -3.8962001e+01
  -7.6185107e+01   6.2104261e+00
  -8.1903770e+01  -1.9866803e+00
  -6.7690367e+01  -3.0534970e+01
  -7.6243226e+01   5.5101023e+01
   3.4465881e+01   9.9729776e+01
  -8.5652737e+01   9.1872921e+00
   4.8762335e+01  -1.4656683e+01
   6.0175058e+01  -5.2418297e+01
   5.3890672e+01  -2.3234997e+01
   4.3557478e+01   9.4592244e+01
   5.0247466e+01  -5.2060572e+01
   7.7843484e+01  -2.9176679e+01
  -9.8022528e+01  -1.7280394e+01
   6.1276041e+01  -3.7080957e+01
  -8.0455645e-02   1.4751893e+01
  -7.4073125e+01   9.1072062e+01
   1.9700941e+01   3.3581068e+01
   1.7652157e+01  -2.1449364e+01
   3.8630267e+01   9.5059022e+00
   1.3929063e+01   7.4078150e-01
   3.0139223e+01  -9.9406626e+00
  -3.7091177e+01  -3.1849424e+01
  -2.6381665e+00   5.4421135e+00
   5.1938882e+01   7.9769031e+01
  -5.7529982e+01   8.4416899e+01
   7.8279246e+01  -6.3526985e+00
   7.9495983e+01  -1.6240804e+01
   9.3735561e+00   5.8984634e+01
   4.4631321e+01   7.2816871e+01
  -5.4324506e+01   9.3888390e+01
  -9.9162883e+01   8.6696948e+01
   5.7001963e+01   1.6805904e+00
  -7.4621138e+01   7.6472931e+01
   9.6912947e+01  -5.0022195e-01
  -9.3481618e+01  -6.6787965e+01
  -4.4712802e+01   7.1235945e+01
   1.9655657e+01   7.7125584e+01
   1.3719446e+00   7.1105196e+01
   4.1372378e+00   8.0582312e+01
   4.0396713e+01  -5.3631018e+01
  -4.4648832e+00  -4.1199492e+01
   7.7381190e+01  -9.4768261e+01
  -8.9766201e+01   9.1362775e+01
   9.2408176e+00   3.8808801e+01
   1.9919956e+01  -6.6631279e+01
   3.0913111e+01  -5.6754613e+01
   4.3555545e+01   5.2897392e+01
   6.7240736e-01  -2.3426646e+01
   4.3994948e+00  -3.5615771e+01
  -6.1509749e+00   2.6038544e+01
   7.8780712e+01  -5.9823823e+01
   6.1068025e+01  -7.2335516e+01
   5.3151363e+01  -7.9785562e+01
  -7.3838399e+01  -4.0574406e+01
   4.3996614e+01  -7.5324968e+01
  -8.7328625e+01  -7.4634676e+01
   8.3539006e+00   9.3461118e+01
   4.9515242e+01  -9.0041817e+01
   1.6500663e+01  -9.4729450e+01
  -9.6666869e+01   7.3759180e+01
  -4.6077835e+00  -5.1441672e+01
   5.9085243e+01  -8.8270186e+01
  -1.0935602e+01  -9.7709237e+01
   2.3031537e+01  -7.5711212e+01
  -7.9753080e+01   6.4408622e+01
  -3.8182217e+01  -9.8032147e+01
   2.9179489e+01  -9.3832735e+01
   1.5277511e+01  -4.8064698e+01
  -2.1877367e+01  -4.7229224e+01
  -2.8827170e+01  -2.6618649e+01
   9.4905606e+01  -4.8272694e+01
  -8.8462031e+01   5.3397017e+01
