   4.0507478e+01   1.3416575e+01
   3.2602174e+01  -1.2337404e+01
  -2.0680054e+01  -1.9952433e+01
   3.4582772e+00   2.0643046e+01
   6.2937742e+00  -3.5092251e+01
   9.7689737e+00   1.1304173e+01
   5.4551574e+00  -2.5128353e+01
   2.5260567e+01  -5.5476761e+00
   6.0241073e+00   2.0335551e+00
   2.9264273e+01   4.5787053e+01
  -3.8616753e+01   1.1950901e+01
  -1.4526427e+01   2.9330653e+01
   4.2260557e+01  -2.7399112e+01
  -3.2990434e+00  -2.0295894e+01
  -1.5877478e+01  -4.1303082e+01
  -6.0589226e+00  -5.9618388e+01
  -2.5581151e+01  -3.8739092e+01
  -2.9099374e+01   8.8821503e+00
  -4.1863806e+01  -6.2734409e+00
  -1.4373055e+01  -9.8682731e-01
   4.7305864e+00   3.3928319e+01
   3.5699508e+01   4.6483978e+00
  -2.2002468e+01   3.5972024e+01
   2.3849926e+01  -3.5186052e+01
  -4.6125628e+01   4.9353874e+00
   6.9227474e+00  -4.5071792e+01
  -3.6589134e+01  -1.4768795e+01
  -4.8646775e+01  -3.0450642e+01
   4.6831910e+01   2.8130250e+01
  -2.5106029e+01  -2.8561719e-01
   1.6023204e+01   1.9299832e+00
  -5.9005998e+00   5.0180850e+01
   5.1766082e+01  -1.4372576e+01
   2.8167201e+01   2.3206710e+01
   1.4283512e+01   3.6884868e+01
   3.4799335e+01   3.2554490e+01
   2.7748307e+01  -4.4394804e+01
   2.2840413e+01  -1.5250101e+01
   4.2210505e+01  -1.7320615e+01
   1.5113414e+01  -3.0320563e+01
   5.7185033e+00  -1.5132429e+01
  -1.1958632e+01  -2.5296496e+01
  -1.1204468e+01  -5.0144034e+01
  -5.1475257e+01  -3.5133201e+00
  -4.8630925e+01   1.4616395e+01
  -3.0712797e+01   1.8750622e+01
   1.3018061e+01  -5.2999043e+01
   1.6386721e+01  -4.1841848e+01
  -2.0808865e+01  -2.9951520e+01
   5.7462798e+01   1.2815879e+01
  -7.9276767e+00  -1.1432410e+01
   3.8166868e+01   2.3138662e+01
  -4.3780765e+01  -2.1715500e+01
   3.0139939e+01   1.3403382e+01
   1.3457910e+01   2.0597392e+01
   3.9115855e+01  -4.7498412e+00
  -1.7708318e+01   5.0965163e+01
   7.4538174e-01  -6.4575966e+00
   6.5023830e+01  -1.0971185e-01
   1.6095964e+01   5.6558524e+01
  -3.2254408e+01   3.8060156e+01
  -2.3586201e-01   1.1350467e+01
   2.5603012e+01   3.6481917e+01
   1.1570780e+01  -7.0239447e+00
   1.9351268e+01   4.7103209e+01
   3.3422327e+01  -3.2293134e+01
   2.7631963e+01  -5.4394091e+01
   1.4243985e+01  -2.0358511e+01
  -2.3353804e+01  -5.4858942e+01
   2.3962447e+01  -2.5186807e+01
  -5.0483227e+00  -4.0594326e+01
   3.3534818e+01  -2.2293785e+01
  -4.1423872e+01   2.1548774e+01
  -5.7378489e+01   1.9461958e+01
  -5.8698577e+01  -1.0571392e+01
  -3.6514520e+01   2.1743947e+00
  -4.9055996e+01  -1.3220291e+01
  -1.7868053e+01  -1.0356039e+01
  -3.5104337e+00  -3.0713288e+01
  -1.2303442e+00  -5.0861535e+01
  -2.9957034e+01  -2.3685702e+01
  -2.7856275e+01  -9.8995237e+00
   7.4592946e+00  -6.1311633e+01
   4.5696858e+01   4.8684927e+00
  -5.3922319e+01  -2.1955925e+01
   4.9172602e+01   1.8408053e+01
  -3.3790078e+01  -3.2921917e+01
  -3.0226161e+01  -4.7594677e+01
  -5.3102115e+00   2.5450229e+01
   1.9703777e+01   1.2443553e+01
   2.5702004e+01   4.4423356e+00
  -1.0599703e+01   5.9007991e+01
   1.9650724e+01   2.8447456e+01
   5.5521724e+01   3.0060853e+00
  -5.2796358e+00   3.5450150e+01
   7.6645695e+00   5.1168594e+01
   4.9115806e+01  -4.7301724e+00
  -4.9022625e+00   2.2230848e+00
  -2.4015950e+01   2.6176856e+01
  -3.3963123e+01   2.8207360e+01
   1.4144252e+00   4.3362462e+01
   3.9154798e+01   4.7261844e+01
  -1.2349926e+01   4.2521972e+01
