   2.9323463e+01  -9.3380158e+00
  -2.0102357e+01  -2.4847605e+01
   3.3613833e+00  -2.2913094e+01
   3.4927092e+01   5.3573151e+01
   5.7935154e+01  -3.3183162e+01
  -6.0810859e+00  -3.8895703e+01
  -4.2198798e+00  -5.8373658e+01
  -2.7593116e+01   5.8422977e+00
  -1.2097782e+01  -7.7859622e+00
   1.2334322e+01   4.0201540e+01
   3.8463001e+01   6.7212467e+00
   9.8554523e+00  -4.2045220e+01
  -3.5275836e+01  -1.1605187e+01
  -6.7780128e+01  -3.2011877e+01
   5.1248880e+01   4.3243318e+01
   5.6692952e+01  -1.2885464e+01
   2.5170364e+01   5.1383038e+01
   3.6783575e+01   3.5277166e+01
   2.6676435e+01  -4.1471844e+01
  -1.3958006e+01  -3.2736046e+01
  -5.1809323e+01  -5.3173885e+00
  -3.3388403e+01   1.3991735e+01
   1.8448294e+01  -4.7154584e+01
   7.6252857e+01   1.2876122e+01
   3.3163071e+01   2.5956149e+01
   3.7065717e+01   1.6669151e+01
   2.4087044e+01   2.1761085e+01
   3.9727447e+01  -3.3389889e+00
  -2.3871018e+01   5.2101274e+01
   9.3176077e+00  -9.4725482e+00
   6.6401463e+01  -1.2878225e+00
   1.4221303e+01   6.8908921e+01
  -4.5923343e+01   3.9034329e+01
   9.7509747e+00   1.0663304e+01
   2.9162072e+01  -3.1785904e+01
   2.7611297e+01  -6.4974140e+01
   2.2187938e+01  -1.6339954e+01
  -3.4732322e+01  -7.2061950e+01
   2.0837204e+01  -2.6247331e+01
  -5.2254379e+01   3.1294243e+01
  -5.9574338e+01   2.4372982e+01
  -6.4386790e+01  -4.2539747e+00
   3.0203793e+00  -3.4753091e+01
  -2.8224887e+01  -1.9015806e+01
   1.8671588e+01  -6.9626154e+01
   5.3013145e+01   2.3550470e+01
  -3.2664436e+01  -3.4123056e+01
  -3.0034139e+01  -4.4034712e+01
  -6.0295048e+00   3.6822209e+01
   1.8972560e+01  -6.8687764e+00
  -1.3577578e+01   6.4945027e+01
   5.4474689e+00   5.1580594e+01
   1.1158589e+01   3.5640953e-01
  -3.0589188e+01   3.3646024e+01
   4.1702264e+01   4.6218166e+01
  -1.4292023e+01   5.4971277e+01
   3.8837142e+01  -3.4311450e+01
   4.0192853e+01  -2.4404113e+01
   3.5913944e+01  -4.5300955e+01
   2.7481652e+01  -5.1439629e+01
   1.5557417e+01  -6.0123833e+01
   1.8081907e+01  -3.6360643e+01
   1.1243708e+01  -2.9064929e+01
  -1.3875805e+01  -5.5781135e+01
  -4.0140591e+01   2.3333860e+01
  -6.3436564e+01   1.1477530e+01
  -6.9493768e+01  -1.2851352e+01
  -5.7554135e+01   3.0473405e+00
  -4.3376637e+01   1.3323900e+01
  -4.1884220e+01  -4.1104146e+00
  -4.8574417e+00  -2.8603525e+01
  -1.2108046e-01  -7.7930380e+01
  -2.2193749e+01  -5.0235797e+01
  -2.7756186e+00  -1.5020062e+01
  -1.0993512e+01  -2.0714191e+01
   5.4044345e+00  -6.1083932e+01
   5.6891418e+01   1.4333864e+01
   2.5408655e+01   3.2269824e+01
   4.3077002e+01   2.4657723e+01
   1.2701825e+01   2.0213715e+01
  -3.7571899e+01  -6.2473584e+01
   3.7759763e+01  -1.4705154e+01
   3.0530607e+01   5.8606693e-01
   5.6661205e+01   3.4835063e+01
   4.7086257e+01  -1.0109406e+01
  -4.9644899e+01  -2.3618723e+01
   4.7014284e+01   1.2771484e+01
  -1.1781988e+01   2.8648527e+01
  -5.2876194e+00   7.3248403e+01
  -2.1980434e+01   7.0366088e+01
   1.4273280e-01   1.4202607e+01
   8.0136985e+01  -1.5756176e+01
   1.9963220e+00   4.3630129e+00
   3.3453099e+01   6.3463700e+01
   4.9120941e+01  -1.9900064e+01
  -2.1776261e+01   2.8920959e+01
  -3.7971658e+01  -2.1223486e+01
  -2.9004298e+01   4.3519512e+01
   2.2212174e+01   4.1744926e+01
   1.5305844e+01   4.9747652e+01
   2.0813610e+01   2.9602700e+00
   3.1945989e+01   4.4028457e+01
   5.0346775e+01   5.3202456e+01
   1.5704650e-01  -5.4629842e+00
   4.8214194e+01  -3.0837675e+01
   4.5518335e+01  -4.1751469e+01
   3.4744344e+01  -7.1982680e+01
  -2.4940896e+01  -7.0030383e+01
   3.0519764e+01  -2.1868936e+01
   1.2534959e+01  -1.8940417e+01
  -4.9979700e+01   2.1557296e+01
  -2.3951132e+01  -6.0079718e+01
  -6.8589986e+01   2.0047001e+01
  -1.9119943e+01  -1.4896732e+01
  -2.6073153e+01  -7.7150853e+00
  -6.7359518e+01   3.0648716e+01
  -7.1361563e+01  -2.2675258e+01
  -3.7620817e+01   4.9333865e+00
  -5.3463111e+01   1.2185837e+01
  -4.5421278e+01  -1.4554916e+01
  -1.5125400e+01  -4.3162156e+01
  -5.8283257e+01  -1.2938074e+01
  -1.3382251e+01  -6.5768166e+01
  -9.7446232e+00  -7.5082677e+01
  -8.8501548e-01  -4.7439403e+01
  -3.0143007e+01   2.3448746e+01
   3.4916000e+01  -5.8126370e+01
   6.5102704e+01   8.6270996e+00
   8.5375052e+00  -7.0579533e+01
  -1.7553757e+00  -6.8064978e+01
  -4.7608403e+01   4.0830996e+00
  -3.2125509e+01  -5.4086878e+01
   9.6706402e+00  -5.2041155e+01
  -2.3053134e+01  -3.6880692e+01
   2.9203634e+01   1.0494657e+01
   1.9496993e+01   1.2878509e+01
   4.7649080e+01   2.7711957e+00
  -3.7231016e+00   6.3245680e+01
   6.2496955e+01   2.6714989e+01
  -2.7357823e+01   6.1935057e+01
   4.6698451e+01   3.3977783e+01
  -5.8355026e+01  -3.8170478e+01
  -5.8546988e+01  -2.8172445e+01
   2.7310202e+00   3.1771202e+01
   2.3703506e+01   6.5687352e+01
   5.6520387e+01  -2.8249532e+00
   4.1801812e+00   6.9372460e+01
   7.3780503e+01  -8.0365379e+00
  -1.0840081e+01   4.5587313e+01
   6.6491368e+01  -1.4882557e+01
  -1.6978843e+01   3.7693945e+01
  -4.1546276e+01   4.8025110e+01
   6.7820151e+01   1.8250451e+01
  -4.2185184e+01  -3.0275044e+01
  -3.3655132e+01   5.4167102e+01
   1.2608224e+01   3.0208990e+01
   2.5052469e+00   4.2025314e+01
  -4.4087449e+00   5.3269238e+01
   1.1957923e+01   5.9169447e+01
   4.2789691e+01   5.9751426e+01
  -1.9301842e+01  -3.6640444e-01
  -3.1141358e+00   2.3657383e+01
  -7.4327527e+00   1.0515288e+00
