  -7.4227256e+01   2.6731573e+01
  -7.3408449e+01   8.3056965e+01
   6.0688215e+01  -2.9425935e+01
   4.6453385e+01  -5.1675528e+01
  -7.1062026e+01   1.7245729e+01
  -9.2374005e+01   1.9380911e+01
  -5.3990454e+01   2.2729049e+01
  -6.2438512e+01   4.2694416e+01
  -9.9005547e+01   5.5198413e+01
   2.8422737e+01  -8.6307255e+01
   1.7512262e+01  -4.9394812e+01
   3.8138691e+01  -4.6120727e+01
  -4.8107645e+01   5.2474973e+01
  -8.5127402e+01   9.2291935e+00
  -7.9963426e+01   6.6046840e+01
  -5.5380419e+01   6.0018225e+00
  -7.6513334e+01   3.6466755e+01
  -9.3007952e+01  -2.8034308e-01
   2.0153635e+01  -8.0683921e+01
   2.7825760e+01  -3.3281011e+01
   6.1624379e+01  -8.8350390e+01
   5.5679514e+01  -5.5531290e+01
   7.8234139e+00  -5.2309732e+01
   2.7353918e+00  -6.2806859e+01
   6.7774939e+01  -7.1308913e+01
   3.8105345e+01  -3.6120902e+01
  -4.1156073e+01   4.5286400e+01
  -8.4494251e+01  -9.3745841e+00
  -8.0367350e+01   5.6055002e+01
  -8.9321459e+01   6.9572060e+01
  -6.0663862e+01   1.4736615e+01
  -6.3880923e+01   2.4205006e+01
  -5.6898633e+01   3.4109846e+01
  -3.9000258e+01   3.5521544e+01
  -8.1002123e+01   1.8338643e+01
   6.3373864e+01  -3.9058530e+01
   4.2566983e+01  -9.7141724e+01
   3.9543806e+01  -2.6224968e+01
   3.6309831e+01  -7.8309522e+01
   1.8237668e+01  -2.5225728e+01
  -1.0761696e+00  -4.7749315e+01
   6.2588217e+01  -6.2760058e+01
   1.4740378e+01  -5.9531613e+01
   4.7809138e+01  -7.3889994e+01
   1.8798340e+01  -6.8671245e+01
  -8.5779383e+01   4.0227091e+01
  -8.4171561e+01   2.7823085e+01
  -5.1025881e+01   4.2203735e+01
  -5.8077029e+01   5.1693149e+01
  -7.5148002e+01   8.1185943e+00
  -8.0957155e+01  -2.1035806e-02
  -8.9780445e+01   5.9430447e+01
  -6.8726341e+01   5.0470225e+01
  -8.9906234e+01   7.9805988e+01
  -5.5442420e+01  -3.9980621e+00
  -8.0610574e+01   7.6119429e+01
  -9.5120975e+01   9.5876545e+00
  -6.5391610e+01   5.9247847e+00
  -7.7850231e+01   4.6376984e+01
  -4.4161874e+01   2.0885434e+01
  -4.7602998e+01   3.0423226e+01
  -6.6892036e+01   3.3740879e+01
   5.0968868e+01  -3.1778440e+01
   4.6885686e+01  -4.0906834e+01
   5.5751827e+01  -4.5531762e+01
   3.8257424e+01  -8.8118007e+01
   4.8228533e+01  -8.8877458e+01
   3.1771025e+01  -9.5801323e+01
   2.9921376e+01  -2.3503064e+01
   1.1812582e+01  -3.2888495e+01
   2.8558752e+01  -4.3254095e+01
   3.9383471e+01  -5.8747632e+01
   3.9233367e+01  -6.8746455e+01
   1.9270114e+01  -3.9550535e+01
   4.0044799e+00  -3.9136141e+01
   6.9752233e+01  -5.5783297e+01
  -9.2031548e+01   4.8031596e+01
   2.4840555e+01  -6.0584886e+01
   2.7392233e+01  -7.3784450e+01
   8.9882435e+00  -7.0610822e+01
   5.7783057e+01  -7.1707467e+01
   5.4634695e+01  -8.1198878e+01
   5.0733298e+01  -6.4325487e+01
  -9.8560444e+01   7.3398434e+01
  -9.2722240e+01   3.3030100e+01
  -9.9016819e+01   4.0812788e+01
