  -8.8350136e+01   2.8493908e+01
  -5.0253350e+01   6.3465540e+01
  -1.7905081e+01  -3.9258406e+01
  -6.4212510e+01   2.7323923e+01
   6.7113680e+01  -2.5256729e+01
  -1.5089951e+01   6.5628245e+01
   3.3478447e+01   7.0843018e+01
   4.8385009e+01   4.4628026e+01
  -1.8915021e+01  -5.7952273e+01
  -7.0290983e+00   7.1491434e+01
   1.0008219e+01   3.3811047e+01
  -2.0346586e+00   6.2859571e+01
  -2.4445216e+01   2.6917013e+00
  -3.7327049e+01  -2.2747359e+01
   7.4428157e+00   5.9636815e+01
  -4.5112025e+01  -1.5748534e+01
   2.7808195e+01  -3.4776060e+01
   7.0138307e+01  -9.6999005e+01
   3.5740415e+01   1.8207226e+00
   7.8487070e+00   3.8886856e+00
  -3.1014580e+01  -5.0148583e+01
   9.5874484e+01  -8.5128410e+01
   6.3752558e+01   2.1570058e+00
   1.4823609e+01  -6.2164764e+01
  -4.2955705e+01  -6.1686456e+00
   8.8817497e+01   1.5086667e+01
   1.9817616e+01   3.2466768e+01
   6.4869799e+01   1.2159417e+01
  -1.8392008e+01   3.9983358e+01
  -6.7674892e+01  -7.0074116e+01
  -6.5291813e+01   7.6015729e+00
  -7.3655198e+01   5.2647123e+01
  -1.8919868e+01   8.6282190e+01
   9.7281863e+01  -9.9465968e+01
   4.5744693e+00   7.9466587e+01
  -7.6108225e+01   8.4696617e+01
   8.1528419e+01  -5.5193606e+01
   8.4641921e+01  -6.5736320e+01
   4.8061011e+01   1.7949635e+01
   1.2267076e+01  -8.5303825e+00
   2.3257395e+01  -5.6838656e+01
  -6.6173553e+00  -7.3506386e+01
   2.2409259e+01  -6.8337164e+01
   3.3943638e+01   3.1303784e+01
   6.4697926e+01  -1.2836504e+01
  -4.5778204e+01   4.8195275e+01
  -5.4987420e+01  -5.5723627e+01
  -3.8839733e+01   2.0399740e+01
   4.5262201e+01  -8.8030083e+00
  -8.7433506e+00   3.7592921e+01
  -2.6537268e+01   4.5927665e+01
  -1.4927609e+01  -1.3604541e+01
  -6.0810917e+01  -2.5732660e+01
  -8.1562565e+01   3.5732984e+01
  -8.7391350e+01   1.1358707e+01
  -9.2596786e+01   9.7652777e+01
   2.3991599e+01  -2.5809276e+01
   4.7095288e+01  -9.8169102e+01
  -8.0438029e+01  -2.8107175e+01
   5.5488231e+01  -3.1022946e+01
   4.7276627e+01  -5.3565924e+01
  -6.5450262e+00  -8.9438099e+00
   1.8405214e+01  -3.7131044e+01
  -4.7162228e+01   2.5628954e+01
  -8.6963338e+01   5.3380471e+01
  -3.1096837e+01   9.4798995e+00
   7.3931124e+01  -4.5450051e+01
   3.0958916e+01  -8.6981304e+01
  -4.8645981e+01   1.5862898e+01
  -5.2802119e+01  -6.5807961e+00
  -3.5424674e+01  -9.9519125e+01
  -7.6655450e+01  -8.7290506e+01
  -7.1337581e+00  -8.6666251e+01
  -1.4938892e+01  -6.8080110e+01
   8.3128491e+01  -1.4349521e+00
   7.8845835e+01   1.8204136e+01
   2.6051953e+01  -9.5945293e+01
   3.1572847e+01   5.4166499e+01
   9.0222827e+01  -8.4821558e+00
  -3.2564873e+01   2.7898333e+01
   8.8958899e+00   1.5665355e+01
  -3.3004615e+01   7.2672771e+01
   1.5963303e+01   4.1758702e+01
  -7.1087832e+01   4.3021770e+01
   8.3297671e+01  -1.5689367e+01
  -4.9939084e+01   8.5085760e+01
   4.5759827e+01  -2.8870711e+01
  -3.3342224e+01   6.1562412e+01
  -8.0163172e+00   4.7366319e+01
  -7.3335227e+01   2.3256441e+01
  -4.7505386e+01   9.4779492e+01
  -2.1297278e+01  -2.0706737e+01
  -5.3721703e+01  -3.2835593e+01
  -4.4153184e+01  -3.0004198e+01
  -8.0448119e+01  -1.6300349e+01
   2.4696714e+01   8.9928171e+01
   5.3927942e+00   6.9507538e+01
  -5.6172627e+01   4.4489242e+01
  -8.0707469e+01   4.5626574e+01
   1.1741783e+00   9.7329148e+01
  -5.9997697e+01  -4.4807491e+01
   6.4865575e+01  -7.8823704e+01
   5.0662319e+01   3.2302011e+01
   2.6401216e+01   2.5096021e+01
   2.1968870e+01  -9.5323810e+00
   4.8170219e+01  -1.9241631e+01
  -2.8371364e+01   9.0323128e+01
   4.0849532e+01   1.1043482e+01
  -8.3733153e+01  -6.1411785e+01
  -8.5123046e+01   7.9667259e+01
  -9.1477138e+01  -4.4188201e+01
   8.2063810e+01  -3.7648326e+01
   1.9147009e+01  -7.7617337e+01
   4.7301188e+01  -6.8698683e+01
   1.0676008e+01  -4.2941096e+01
  -8.9348935e+00  -3.1966107e+01
  -2.5780159e+00  -1.7998846e+01
  -5.5428022e+01  -7.3553836e+01
  -3.9024180e+01  -7.9091947e+01
  -3.7498063e+01  -5.7773430e+01
  -8.6382295e+01   8.9587613e+01
  -1.3910059e+01  -7.9689622e+01
  -5.7309876e+01  -9.1823396e+01
   2.6733316e+00  -7.6769964e+01
   5.7267953e+01  -9.5729466e+01
   1.6094759e+01  -9.5985440e+01
  -3.3722066e+00  -9.5752654e+01
   9.0690642e+01   5.1238718e+00
   8.9993570e+01   3.4560829e+01
   8.1295198e+01   8.5183967e+00
   9.9598787e-01   4.3155990e+01
  -1.7520368e+01   4.9938406e+01
   2.4678746e+01   6.1389725e+01
  -4.2679693e+00   2.4372071e+01
  -4.0622803e+01   3.3079594e+01
   5.6206242e+00   2.4930977e+01
  -6.0876495e+01  -6.3266898e+01
  -2.7519128e+01   3.6166937e+01
  -1.8663327e+01   7.4937305e+01
   2.8362471e+01   3.9551086e+01
   5.9295085e+01   2.0778569e+01
  -4.0670729e+01   1.0875500e+01
  -3.8819132e+01   8.0795536e+01
  -8.4317591e+00  -4.1735940e+01
  -5.7005425e+01   7.7690407e+01
   8.9681830e+01  -9.2970837e+01
  -6.7046984e+01  -1.7916851e+01
  -6.3014067e+01   3.7250412e+01
  -5.5121102e+01   3.1372895e+01
  -7.2081063e+01   3.3141141e+01
  -3.4540728e+01   5.1659637e+01
  -1.3163008e+01   2.8829537e+01
  -1.0135544e+01   5.7040873e+01
  -9.6141352e+01   6.5436467e+00
  -1.1425006e+01  -2.2597228e+01
  -9.8310653e+01  -2.4752344e+01
  -7.0561076e+01  -2.7187224e+01
  -3.5698928e+01  -1.2988160e+01
  -3.5803178e+01   4.1779764e+01
  -2.8388720e+01  -2.7170311e+01
  -5.1332736e+01  -2.3216797e+01
  -4.8444877e+01   3.8661344e+01
  -5.6341346e+01   2.1553678e+01
   1.6117451e+01   8.4811861e+01
  -9.2946325e+01   1.9647364e+01
  -5.7439103e+01  -1.5358441e+01
   1.6627616e+01   5.5472593e+01
   1.5529368e+01   6.5385861e+01
   4.0135876e+01  -4.6894397e+01
   2.8737917e+01  -1.6650329e+01
   4.6083346e+01  -3.8944026e+01
  -7.1648151e+01  -6.0905808e+01
   6.4161383e+01   4.7338449e+01
  -9.4963685e+01   4.7365064e+01
  -7.0101264e+01  -4.5720510e+01
   4.1918719e+01   3.7091307e+01
   1.3430539e+01  -2.8556788e+01
  -2.4301413e+00   8.6593761e+01
   2.3506993e+01   7.1332268e+01
   3.3944126e+01  -2.5067744e+01
  -6.4117997e+01   5.0108734e+01
   7.3482839e+01  -1.7556865e+01
   5.7939006e+01  -2.1318736e+01
   7.3122685e+01  -3.3242642e+01
   5.4747472e+01  -1.9317274e+00
  -8.4675521e+01   6.9072863e+01
  -8.8359343e+01  -6.2183674e+00
  -9.4465729e+01   6.7115318e+01
   7.5375627e+01  -7.7507372e+00
  -5.3810988e+01   5.4155006e+01
   5.0665518e-04   5.3102687e+01
   7.3688966e+01   2.0855838e+00
  -7.3756458e+01  -3.6536737e+01
  -6.2672241e+01   9.8788229e+01
  -4.2438930e+01   5.7536372e+01
  -9.0314980e+01  -5.4061140e+01
   7.9454080e+01  -2.5555104e+01
   1.0983577e+01  -7.1327111e+01
   4.2537042e+01   2.6263722e+01
   3.0900242e+01   1.0486543e+01
   3.4871874e+01   1.9668044e+01
   9.9729866e+01  -3.0628393e+01
  -1.1091824e+01  -3.0363005e-01
  -2.5865618e+01  -1.2518197e+01
   6.9100976e+01  -6.9807756e+01
   5.3584364e+01  -6.1060762e+01
   5.7059887e+01  -5.1712290e+01
   5.4937045e+01  -7.9907376e+01
   1.6157696e+01   9.2006420e+00
   2.1387487e+01  -4.6950586e+01
  -1.1920931e+01  -5.0937313e+01
  -1.7608192e+00   2.2493368e+00
   1.6802474e+01  -3.0523891e-01
   2.7946893e+00  -6.5312519e+00
   2.0998820e+01  -8.7343314e+01
   2.9022695e+01  -7.5762849e+01
   3.8574984e+01  -8.0529698e+01
  -7.2673722e+01   9.8563576e+01
  -2.1409889e+01  -4.8339543e+01
  -6.1223591e+01  -1.4167115e+00
  -5.5498274e+01   8.7662988e+00
  -5.5780797e-01  -6.6018153e+01
  -2.3036791e+00  -5.2995561e+01
  -1.3331604e+01  -9.5121290e+01
  -8.2636060e+01   9.9428670e+01
  -4.7540753e+01   2.8463561e+00
  -9.1201247e+01   3.8129580e+01
  -2.8305608e+01  -6.0959305e+01
   9.1468940e+01  -5.5957154e+01
   1.3239859e+01  -5.2424446e+01
  -6.5320327e+01   1.7429403e+01
  -9.9746450e+01  -3.7042492e+01
  -2.7508911e+01  -9.3484573e+01
  -3.9629824e+01  -8.9911672e+01
  -4.7966429e+01  -9.5249064e+01
  -6.3402094e+01  -7.9115595e+01
  -2.4641202e+01  -6.9989670e+01
  -4.9576252e+01  -8.3356088e+01
  -4.5801724e+01  -7.2623332e+01
   3.5518663e+01  -9.9070255e+01
   9.7773632e+01  -1.9292518e+00
   9.6173968e+01   2.5243230e+01
   8.6178462e+01   2.4998450e+01
   9.8572859e+01   1.1605927e+01
   2.3519415e+01   4.8263378e+01
   6.0635360e+01   3.0684151e+01
   5.4785639e+01  -1.1845385e+01
   6.9287505e+01   2.1130537e+01
   3.6595838e+01   4.5538001e+01
  -5.1030743e+01  -6.4588327e+01
  -6.4594887e+01  -5.3909600e+01
   6.3336120e+00  -9.7648359e+01
   9.0752273e+00   4.8977918e+01
  -2.9013989e+01   1.8947926e+01
  -3.7668337e+01   1.9945363e+00
  -2.6967626e+01   8.0471684e+01
  -2.4930877e+01   6.6890740e+01
  -1.0574083e+01   8.0811369e+01
  -8.8476778e+01  -2.2221849e+01
   8.0021492e+01  -9.5523853e+01
  -6.8578011e+01  -8.0959449e+00
  -9.4362473e+01  -1.4173719e+01
   4.0361950e+01  -9.0342799e+01
  -6.3348435e+01  -3.5391083e+01
  -2.4569170e+01   5.6913514e+01
  -7.6950267e+01   1.2000248e+01
  -3.8348451e+01   9.0777594e+01
   5.7275808e+01   4.0092974e+01
   3.8670195e+01  -1.6283611e+01
   3.7494507e+01  -3.4311240e+01
   2.7687910e+01   8.0392890e+01
  -1.0795601e+01   9.2051211e+01
  -2.7734949e+01  -4.0604918e+01
  -3.5113103e+01  -3.3984525e+01
  -1.8531981e+01  -2.9705273e+01
  -6.6730576e+01   7.9986251e+01
   1.5544143e+01   9.4783758e+01
   5.5415235e+01  -4.1936997e+01
   1.7247778e+01  -1.8653508e+01
   3.7915942e+01   6.1887381e+01
   4.3597686e+01   5.3385487e+01
  -7.8419132e+01  -6.5631221e+00
  -2.2807600e+01   2.6773021e+01
   2.6418949e+01  -6.9624501e-01
  -4.7272725e+01   7.5462086e+01
  -7.6429847e+01   7.4708205e+01
   6.3961492e+01  -3.7005770e+01
  -7.7292093e+01  -5.2653501e+01
  -9.6232198e+01   8.6993175e+01
  -6.7599427e+01   8.9947315e+01
   4.5447070e+01   1.2067475e+00
   1.3613048e+01   7.5165664e+01
   5.5688741e+01   8.0944702e+00
  -7.9833246e+01   6.0383830e+01
  -9.9568437e+01  -5.0404765e+01
  -8.3551758e+01  -3.8163580e+01
  -4.1327651e+01   6.7463166e+01
  -7.8465253e+01  -6.9734759e+01
   7.1867678e+00   8.9293583e+01
  -9.6159208e+01   5.7275981e+01
  -9.2910866e+01  -6.5667421e+01
   1.5541294e+01   2.3080495e+01
   9.3616548e+01  -2.1575576e+01
   9.2467272e+01  -4.1680467e+01
   9.9050722e+01  -1.3178879e+01
  -2.1256427e-01   1.2008690e+01
  -8.3224379e+01   2.3201431e+00
   2.2786654e+01   1.6132760e+01
  -9.8317017e+01   2.8091478e+01
   1.0616013e+01  -8.2712737e+01
   5.8327461e-01  -3.4320263e+01
   3.9977275e+00  -2.5430560e+01
   6.4452803e+01  -8.8787856e+01
   3.0867872e+01  -6.3350235e+01
   6.3367279e+01  -6.1809723e+01
  -8.2801201e+01   2.0201891e+01
  -9.7896334e+01  -3.2961724e+00
   1.3433370e-01   3.3245632e+01
   3.2821899e+01  -5.3700082e+01
   4.0521634e+01  -6.0907166e+01
   3.0782606e+01  -4.4057285e+01
   5.6801462e+00  -5.8617337e+01
  -9.4787713e+01   7.7101959e+01
   5.7390668e+01  -7.0250580e+01
  -2.3962085e+01   9.9272738e+01
   3.7577365e+01  -7.0634424e+01
  -7.3299807e+01   1.9121201e+00
   5.0197033e+01  -8.8672480e+01
  -3.7296068e+01  -6.7611661e+01
   9.4233796e+01  -7.5274378e+01
   8.9753919e+01  -3.1269012e+01
   7.3250316e+01  -6.0721303e+01
   6.6981482e+01  -5.2569564e+01
   1.0706361e+00  -4.3947184e+01
  -8.7866725e+00  -6.0375231e+01
   9.4947601e+01  -6.5314791e+01
  -9.1238012e+01  -3.1811065e+01
   9.9555138e+01  -5.0099703e+01
  -1.9376734e+01  -5.2382895e+00
  -3.0844235e+01  -4.4828956e+00
  -7.3233180e+01  -7.8095394e+01
  -3.1378684e+01  -8.4600673e+01
  -6.6687583e+01  -8.8437160e+01
   7.4906615e+00  -1.6636719e+01
  -2.3356363e+01  -7.9610452e+01
