  -8.9097036e+01   2.8335003e+01
  -5.0122058e+01   6.4053729e+01
  -1.7423679e+01  -4.1002975e+01
  -6.5141307e+01   2.8119228e+01
   6.6272082e+01  -2.7298273e+01
  -1.4707382e+01   6.6177524e+01
   3.5189681e+01   7.2421159e+01
   4.7921441e+01   4.5638708e+01
  -1.9000004e+01  -5.9554746e+01
  -6.9545471e+00   7.2459105e+01
  -2.3020712e+00   6.3690083e+01
  -2.4068546e+01   2.1380867e+00
  -3.7087340e+01  -2.3369235e+01
   8.8048479e+00   6.1088822e+01
  -4.5840986e+01  -1.6240000e+01
   2.8263791e+01  -3.4530623e+01
   7.0142985e+01  -9.7085678e+01
   3.6268173e+01   1.6488087e+00
   7.7346555e+00   4.3700232e+00
  -3.1535788e+01  -5.1471187e+01
   9.5912758e+01  -8.5153146e+01
   6.3402258e+01  -2.9549175e-01
   1.5672085e+01  -6.2597004e+01
  -4.3520064e+01  -6.6563559e+00
   8.8183455e+01   1.4913050e+01
   2.0382368e+01   3.2673792e+01
  -2.0393459e+01   3.8232158e+01
  -6.8487376e+01  -7.0631951e+01
  -6.5977356e+01   7.8248089e+00
  -7.4805783e+01   5.3003959e+01
  -1.8922912e+01   8.7373237e+01
   9.7294790e+01  -9.9477011e+01
   4.3595900e+00   8.0190692e+01
  -7.6124711e+01   8.4783210e+01
   8.1589942e+01  -5.5005854e+01
   8.4641921e+01  -6.5736320e+01
   4.6969333e+01   1.7133837e+01
   1.3205261e+01  -9.2960930e+00
   2.3635214e+01  -5.6562627e+01
  -6.8377629e+00  -7.4158877e+01
   2.3161809e+01  -6.9152726e+01
   3.4725026e+01   3.1991822e+01
   6.5495810e+01  -1.2719675e+01
  -4.5705131e+01   4.8692710e+01
  -5.5737440e+01  -5.5463674e+01
  -4.0202547e+01   2.0147597e+01
   4.5404670e+01  -8.4668853e+00
  -2.6112389e+01   4.6411975e+01
  -1.2987309e+01  -1.4132338e+01
  -6.1823699e+01  -2.6130721e+01
  -8.3022883e+01   3.6231670e+01
  -8.7787754e+01   1.1088605e+01
  -9.2598655e+01   9.7655148e+01
   2.3656901e+01  -2.5818100e+01
   4.7137029e+01  -9.8374450e+01
  -8.1500455e+01  -2.8739765e+01
   5.5791705e+01  -3.2273118e+01
   4.7650504e+01  -5.3609877e+01
  -5.1483427e+00  -8.0483916e+00
   1.8396521e+01  -3.5857789e+01
  -4.8072741e+01   2.6127284e+01
  -8.7579941e+01   5.4409267e+01
  -3.1449951e+01   8.7398561e+00
   7.4368876e+01  -4.4995913e+01
   3.0997343e+01  -8.7060036e+01
  -4.9543144e+01   1.5962963e+01
  -5.3386998e+01  -6.5649987e+00
  -3.5537195e+01  -9.9594447e+01
  -7.7067532e+01  -8.8473932e+01
  -1.5679861e+01  -6.9502449e+01
   7.8264937e+01   1.9639954e+01
   2.6278986e+01  -9.6173650e+01
   3.5667902e+01   5.4789977e+01
   8.9955378e+01  -8.6084648e+00
  -3.3773102e+01   2.7508695e+01
   8.9935167e+00   1.6307597e+01
  -3.2582886e+01   7.3173073e+01
   1.5512623e+01   4.1111570e+01
  -7.2499599e+01   4.3281726e+01
   8.4852442e+01  -1.7197425e+01
  -5.0167720e+01   8.5433740e+01
   4.6296582e+01  -2.9154910e+01
  -3.3162184e+01   6.2090568e+01
  -5.5510545e+00   4.8585733e+01
  -7.4150064e+01   2.3516848e+01
  -4.7584770e+01   9.5091429e+01
  -1.9814526e+01  -2.1324974e+01
  -5.4522124e+01  -3.3446041e+01
  -4.4453398e+01  -3.0046360e+01
  -8.0308351e+01  -1.6947750e+01
   2.4754836e+01   9.0852451e+01
   4.9987871e+00   7.0228188e+01
  -5.6866907e+01   4.5265546e+01
  -8.2034040e+01   4.6137762e+01
   1.0488991e+00   9.7487034e+01
  -5.9998650e+01  -4.4910642e+01
   6.4859817e+01  -7.8877904e+01
   5.0246706e+01   3.1437964e+01
   2.7226875e+01   2.5690535e+01
   2.3168879e+01  -9.1455145e+00
   4.8073806e+01  -1.9352432e+01
  -2.8510707e+01   9.1003706e+01
   3.9927760e+01   1.0829764e+01
  -8.3644513e+01  -6.1348895e+01
  -8.5082414e+01   7.9913682e+01
  -9.2057569e+01  -4.4190782e+01
   8.2765653e+01  -3.8411651e+01
   1.8596132e+01  -7.8005618e+01
   4.7509612e+01  -6.9717129e+01
   1.1529925e+01  -4.3063755e+01
  -9.0459682e+00  -3.3554336e+01
  -2.4744603e+00  -1.7627696e+01
  -5.5881485e+01  -7.3127676e+01
  -3.8817505e+01  -7.9908021e+01
  -3.8575182e+01  -5.8556807e+01
  -8.6409644e+01   8.9807950e+01
  -1.3329297e+01  -8.1751053e+01
  -5.7480473e+01  -9.1735942e+01
   2.7345720e+00  -7.7033494e+01
   5.7327334e+01  -9.5895118e+01
   1.6260680e+01  -9.6488354e+01
  -1.9000444e+00  -9.3403132e+01
   9.3404951e+01   6.3958861e+00
   9.0288354e+01   3.3565311e+01
   8.4523218e+01   1.8162825e+00
  -3.1653388e+00   2.3147285e+01
  -4.1388526e+01   3.3519364e+01
   6.3966265e+00   2.5900659e+01
  -6.1113836e+01  -6.3886762e+01
  -2.9950097e+01   3.6531891e+01
  -1.8628250e+01   7.5346979e+01
   2.8198289e+01   3.9202211e+01
   5.4903274e+01   2.1695908e+01
  -4.1353538e+01   1.0445131e+01
  -3.8903840e+01   8.0919810e+01
  -7.7360532e+00  -4.3388941e+01
  -5.7273472e+01   7.7856169e+01
   8.9691175e+01  -9.2982027e+01
  -6.7452339e+01  -1.7720882e+01
  -6.3942523e+01   3.8124369e+01
  -5.5999027e+01   3.2114613e+01
  -7.3495964e+01   3.3431979e+01
  -3.4266484e+01   5.2135484e+01
  -1.4686248e+01   2.8996743e+01
  -9.9900690e+00   5.7440071e+01
  -9.6641968e+01   6.4701983e+00
  -1.0246293e+01  -2.3731835e+01
  -9.8540355e+01  -2.4705744e+01
  -7.1749974e+01  -2.6722192e+01
  -3.6279822e+01  -1.3460106e+01
  -3.7609938e+01   4.2753544e+01
  -2.7846852e+01  -2.7093201e+01
  -5.2183898e+01  -2.3792515e+01
  -4.9146331e+01   3.9347141e+01
  -5.7205607e+01   2.2201551e+01
   1.6358859e+01   8.5404325e+01
  -9.3448621e+01   1.9339677e+01
  -5.7729697e+01  -1.5513712e+01
   1.7057272e+01   5.5751945e+01
   1.6735023e+01   6.6549778e+01
   4.0596770e+01  -4.6553635e+01
   2.8864859e+01  -1.7319990e+01
   4.7215086e+01  -3.9092657e+01
  -7.2730648e+01  -6.1577639e+01
   6.5815079e+01   4.8524962e+01
  -9.5115176e+01   4.7667067e+01
  -7.0364092e+01  -4.5662032e+01
   4.2636890e+01   3.7644219e+01
   1.3116977e+01  -2.7382909e+01
  -2.4791735e+00   8.7228167e+01
   2.6277617e+01   6.8306976e+01
   3.4497040e+01  -2.5578596e+01
  -6.5343679e+01   5.0092613e+01
   7.3008084e+01  -1.9964673e+01
   5.7568009e+01  -2.2453107e+01
   7.3990633e+01  -3.3642449e+01
   5.3832826e+01  -2.9638833e+00
  -8.5175494e+01   6.9945906e+01
  -8.8871741e+01  -6.4417066e+00
  -9.4779560e+01   6.7200367e+01
   7.7122786e+01  -1.0896077e+01
  -5.3715614e+01   5.4730654e+01
   1.7382842e+00   5.4677845e+01
   7.4969521e+01  -1.1780879e+00
  -7.4147195e+01  -3.6414055e+01
  -6.2672241e+01   9.8788229e+01
  -4.2260815e+01   5.8037062e+01
  -9.0491416e+01  -5.4063746e+01
   8.0743682e+01  -2.6295044e+01
   1.1037019e+01  -7.1462157e+01
   4.2317158e+01   2.5812935e+01
   3.0233570e+01   9.6472550e+00
   3.4844878e+01   1.9379736e+01
   9.9803094e+01  -3.0623579e+01
  -1.1708964e+01  -5.9720582e-01
  -2.6366395e+01  -1.4038310e+01
   6.9017443e+01  -6.9783258e+01
   5.3477140e+01  -6.1720041e+01
   5.7603797e+01  -5.2648056e+01
   5.4928286e+01  -8.0049265e+01
   1.6353589e+01   9.6913934e+00
   2.1129930e+01  -4.5764160e+01
  -1.2136064e+01  -5.2308933e+01
  -2.2277946e+00   2.5694922e+00
   1.6642855e+01  -1.2821024e-01
   4.2794982e+00  -4.9883672e+00
   2.1002382e+01  -8.7690772e+01
   2.9543813e+01  -7.6832989e+01
   3.8807896e+01  -8.0820093e+01
  -7.2679396e+01   9.8585109e+01
  -2.1764119e+01  -4.9946457e+01
  -6.1641249e+01  -1.0958434e+00
  -5.5983536e+01   8.3206835e+00
  -4.1774799e-01  -6.6509568e+01
  -2.4687883e+00  -5.4576860e+01
  -1.4491562e+01  -9.4569547e+01
  -8.2643527e+01   9.9429311e+01
  -4.7890903e+01   2.4483121e+00
  -9.2850806e+01   3.7932144e+01
  -2.8879469e+01  -6.1057181e+01
   9.1546859e+01  -5.5932714e+01
   1.3990931e+01  -5.2746727e+01
  -6.6075850e+01   1.7741012e+01
  -9.9863390e+01  -3.7115187e+01
  -2.6572296e+01  -9.5163300e+01
  -4.0286042e+01  -9.0140651e+01
  -4.8415876e+01  -9.5954811e+01
  -6.3672896e+01  -7.9395586e+01
  -2.5617072e+01  -7.0466665e+01
  -4.9576252e+01  -8.3356088e+01
  -4.5886133e+01  -7.2841818e+01
   3.5699301e+01  -9.9517100e+01
   8.6094730e+01   2.4764641e+01
   2.2888094e+01   4.7319137e+01
   6.2245354e+01   2.7373945e+01
   5.5512015e+01  -1.2724506e+01
   6.9636040e+01   2.1709642e+01
   3.6218305e+01   4.5098995e+01
  -5.1124456e+01  -6.4330107e+01
  -6.5681764e+01  -5.4490010e+01
   6.5295046e+00  -9.8781461e+01
   9.8173033e+00   4.9082743e+01
  -2.9999233e+01   1.8421930e+01
  -3.7954356e+01   1.3446466e+00
  -2.6724977e+01   8.1189597e+01
  -2.4605057e+01   6.7199941e+01
  -1.0760392e+01   8.1646284e+01
  -8.8904043e+01  -2.2053341e+01
   8.0021128e+01  -9.5529488e+01
  -6.8960371e+01  -7.8570343e+00
  -9.5121193e+01  -1.4236153e+01
   4.0386828e+01  -9.0685370e+01
  -6.4192397e+01  -3.5838140e+01
  -2.4488585e+01   5.7147335e+01
  -7.6950267e+01   1.2000248e+01
  -3.8504113e+01   9.0909937e+01
   5.7180182e+01   4.4523441e+01
   3.8725659e+01  -1.5898342e+01
   3.8175998e+01  -3.4940835e+01
   3.0505370e+01   8.2671548e+01
  -1.0615197e+01   9.2883044e+01
  -2.7835811e+01  -4.0850483e+01
  -3.5169973e+01  -3.3741685e+01
  -1.8736304e+01  -3.1169246e+01
  -6.7035585e+01   8.0004415e+01
   1.5617818e+01   9.5373687e+01
   5.6451780e+01  -4.2758363e+01
   1.7314602e+01  -1.8275723e+01
   3.9711296e+01   6.3651913e+01
   4.5088626e+01   5.4748604e+01
  -7.8908012e+01  -7.0538493e+00
  -2.4069240e+01   2.6348351e+01
   2.6517713e+01   2.4506565e-01
  -4.7494018e+01   7.5803913e+01
  -7.6367977e+01   7.4786169e+01
   6.4650136e+01  -3.7129904e+01
  -7.7427422e+01  -5.2740044e+01
  -9.6246782e+01   8.7092759e+01
  -6.7570645e+01   8.9989164e+01
   4.6047358e+01   3.0780360e+00
   1.2999217e+01   7.5725432e+01
   5.5104108e+01   7.1969377e+00
  -8.0312740e+01   6.1266516e+01
  -9.9864358e+01  -5.0422379e+01
  -8.3917752e+01  -3.8423923e+01
  -4.1108793e+01   6.8123182e+01
  -7.8458304e+01  -6.9896902e+01
   7.3567348e+00   8.9737913e+01
  -9.7079681e+01   5.7472425e+01
  -9.2910866e+01  -6.5667421e+01
   1.6100804e+01   2.3601842e+01
   9.3567170e+01  -2.2070166e+01
   9.2467272e+01  -4.1680467e+01
   9.9612430e+01  -1.4109113e+01
  -1.1765551e-01   1.2320195e+01
  -8.3581302e+01   2.0334433e+00
   2.3291984e+01   1.6695559e+01
  -9.9077896e+01   2.8065558e+01
   1.0301027e+01  -8.3565343e+01
   6.6837626e-01  -3.5818826e+01
   3.0734394e+00  -2.6186428e+01
   6.4443170e+01  -8.8869148e+01
   3.1194117e+01  -6.3280269e+01
   6.3475260e+01  -6.1459645e+01
  -8.3486306e+01   2.0081343e+01
  -9.8380584e+01  -3.3727063e+00
   3.8636238e+00   3.5535728e+01
   3.3557675e+01  -5.3633912e+01
   4.0938619e+01  -6.1030069e+01
   3.0950315e+01  -4.4053998e+01
   6.3404599e+00  -5.9162695e+01
  -9.4789997e+01   7.7199780e+01
   5.8094431e+01  -7.0572700e+01
  -2.3708077e+01   9.9762200e+01
   3.7600006e+01  -7.0913046e+01
  -7.3613787e+01   1.4130572e+00
   5.0217985e+01  -8.8863552e+01
  -3.6881466e+01  -6.8408813e+01
   9.4242544e+01  -7.5293645e+01
   8.9829423e+01  -3.1339827e+01
   7.3455375e+01  -6.0822032e+01
   6.7588118e+01  -5.2340542e+01
   1.9514167e+00  -4.5681201e+01
  -9.2668051e+00  -6.1866455e+01
   9.4989022e+01  -6.5321583e+01
  -9.1409303e+01  -3.1773988e+01
   9.9630050e+01  -5.0045305e+01
  -1.9598785e+01  -6.7071237e+00
  -3.0683262e+01  -5.2205322e+00
  -7.4036702e+01  -7.8946316e+01
  -3.1086415e+01  -8.6244358e+01
  -6.7042073e+01  -8.8810419e+01
   7.4169842e+00  -1.7279823e+01
  -2.3185051e+01  -8.0140152e+01
   7.9310160e+01   1.0129851e+01
   6.9776056e+01   7.3487861e+00
   9.4095924e+01   4.2710624e+01
   9.5730025e+01   2.2882054e+01
   9.7889511e+01  -2.5313113e+00
  -1.1131495e+01   4.0849652e+01
  -5.6061889e+00   3.2744588e+01
   5.8958815e+01   3.5672350e+01
   2.2370416e+01   7.7398950e+01
   2.6599654e+01   5.6093116e+01
   6.2767638e+01   1.6539911e+01
