   2.9334836e+01  -9.3398855e+00
  -2.0102693e+01  -2.4852855e+01
   3.3641266e+00  -2.2912994e+01
   3.4931559e+01   5.3576500e+01
   5.7936170e+01  -3.3183407e+01
  -6.0771733e+00  -3.8897576e+01
  -4.2092801e+00  -5.8373023e+01
  -2.7592578e+01   5.8415415e+00
  -1.2079436e+01  -7.8082662e+00
   1.2335906e+01   4.0212765e+01
   3.8471401e+01   6.7180114e+00
   9.8677862e+00  -4.2051279e+01
  -3.5275893e+01  -1.1585371e+01
  -6.7785661e+01  -3.2014910e+01
   5.1254317e+01   4.3244088e+01
   5.6694491e+01  -1.2886071e+01
   2.5174996e+01   5.1384136e+01
   3.6785873e+01   3.5276948e+01
   2.6680400e+01  -4.1474996e+01
  -1.3957760e+01  -3.2741794e+01
  -5.1830238e+01  -5.3127905e+00
  -3.3386213e+01   1.3992212e+01
   1.8458714e+01  -4.7167320e+01
   7.6256515e+01   1.2873790e+01
   3.3161373e+01   2.5957078e+01
   3.7081478e+01   1.6670142e+01
   2.4079204e+01   2.1773113e+01
   3.9730510e+01  -3.3378013e+00
  -2.3871592e+01   5.2101196e+01
   9.3187976e+00  -9.4711651e+00
   6.6400816e+01  -1.2908800e+00
   1.4224526e+01   6.8922790e+01
  -4.5921264e+01   3.9034808e+01
   9.7536059e+00   1.0667753e+01
   2.9165079e+01  -3.1788655e+01
   2.7611297e+01  -6.4974140e+01
   2.2194501e+01  -1.6339680e+01
  -3.4732850e+01  -7.2062087e+01
   2.0841117e+01  -2.6247394e+01
  -5.2262135e+01   3.1302406e+01
  -5.9578706e+01   2.4374495e+01
  -6.4388266e+01  -4.2545912e+00
   3.0269769e+00  -3.4760014e+01
  -2.8231871e+01  -1.9029564e+01
   1.8673566e+01  -6.9632192e+01
   5.3013513e+01   2.3545267e+01
  -3.2678329e+01  -3.4119076e+01
  -3.0031849e+01  -4.4040092e+01
  -6.0299138e+00   3.6829124e+01
   1.8974163e+01  -6.8686307e+00
  -1.3575440e+01   6.4953545e+01
   5.4475301e+00   5.1594758e+01
   1.1158600e+01   3.5809270e-01
  -3.0593017e+01   3.3646340e+01
   4.1708526e+01   4.6223113e+01
  -1.4294920e+01   5.4979665e+01
   3.8840277e+01  -3.4315775e+01
   4.0196953e+01  -2.4408343e+01
   3.5918626e+01  -4.5302896e+01
   2.7497909e+01  -5.1442678e+01
   1.5563157e+01  -6.0128384e+01
   1.8088817e+01  -3.6358265e+01
   1.1246857e+01  -2.9065581e+01
  -1.3868317e+01  -5.5786978e+01
  -4.0140222e+01   2.3338404e+01
  -6.3456500e+01   1.1471560e+01
  -6.9495003e+01  -1.2852255e+01
  -5.7558635e+01   3.0497980e+00
  -4.3376637e+01   1.3323900e+01
  -4.1904479e+01  -4.1017509e+00
  -4.8540357e+00  -2.8608362e+01
  -1.2069758e-01  -7.7932691e+01
  -2.2187478e+01  -5.0239978e+01
  -2.7791164e+00  -1.5023279e+01
  -1.0996799e+01  -2.0720038e+01
   5.4124907e+00  -6.1095443e+01
   5.6891452e+01   1.4328044e+01
   2.5405736e+01   3.2269578e+01
   4.3077960e+01   2.4671867e+01
   1.2710083e+01   2.0219416e+01
  -3.7571911e+01  -6.2473566e+01
   3.7772101e+01  -1.4706952e+01
   3.0533178e+01   5.8716845e-01
   5.6666972e+01   3.4835681e+01
   4.7087394e+01  -1.0110789e+01
  -4.9663193e+01  -2.3594954e+01
   4.7013381e+01   1.2771341e+01
  -1.1780581e+01   2.8649805e+01
  -5.2876194e+00   7.3248403e+01
  -2.1982319e+01   7.0368634e+01
   1.4273932e-01   1.4202588e+01
   8.0138077e+01  -1.5757503e+01
   1.9944830e+00   4.3635178e+00
   3.3453203e+01   6.3466560e+01
   4.9123588e+01  -1.9901239e+01
  -2.1776108e+01   2.8928221e+01
  -3.7990024e+01  -2.1205835e+01
  -2.9005050e+01   4.3519422e+01
   2.2216805e+01   4.1747397e+01
   1.5307998e+01   4.9760214e+01
   2.0813987e+01   2.9606583e+00
   3.1952069e+01   4.4030848e+01
   5.0347422e+01   5.3202864e+01
   1.5647478e-01  -5.4649944e+00
   4.8215471e+01  -3.0836580e+01
   4.5522066e+01  -4.1755623e+01
   3.4744344e+01  -7.1982680e+01
  -2.4940714e+01  -7.0033831e+01
   3.0523764e+01  -2.1873112e+01
   1.2539082e+01  -1.8938319e+01
  -4.9981341e+01   2.1566316e+01
  -2.3951987e+01  -6.0082913e+01
  -6.8595253e+01   2.0050072e+01
  -1.9126446e+01  -1.4900687e+01
  -2.6064612e+01  -7.7011173e+00
  -6.7363067e+01   3.0651578e+01
  -7.1362133e+01  -2.2676359e+01
  -3.7620604e+01   4.9335763e+00
  -5.3483624e+01   1.2200472e+01
  -4.5436655e+01  -1.4532225e+01
  -1.5124312e+01  -4.3161066e+01
  -5.8290014e+01  -1.2946043e+01
  -1.3383824e+01  -6.5774948e+01
  -9.7424454e+00  -7.5088251e+01
  -8.8300503e-01  -4.7442710e+01
  -3.0141429e+01   2.3450585e+01
   3.4926905e+01  -5.8136186e+01
   6.5105459e+01   8.6247491e+00
   8.5418888e+00  -7.0592828e+01
  -1.7562465e+00  -6.8067404e+01
  -4.7614679e+01   4.1053751e+00
  -3.2125504e+01  -5.4086871e+01
   9.6717609e+00  -5.2048455e+01
  -2.3064264e+01  -3.6869185e+01
   2.9214099e+01   1.0498857e+01
   1.9503721e+01   1.2881814e+01
   4.7657765e+01   2.7674609e+00
  -3.7224048e+00   6.3245546e+01
   6.2498129e+01   2.6711911e+01
  -2.7357025e+01   6.1935840e+01
   4.6702802e+01   3.3991408e+01
  -5.8355840e+01  -3.8172028e+01
  -5.8552859e+01  -2.8174015e+01
   2.7307940e+00   3.1771299e+01
   2.3702956e+01   6.5687477e+01
   5.6519238e+01  -2.8251318e+00
   4.1805709e+00   6.9372762e+01
   7.3782212e+01  -8.0372528e+00
  -1.0839613e+01   4.5595986e+01
   6.6492993e+01  -1.4883209e+01
  -1.6976554e+01   3.7700772e+01
  -4.1547390e+01   4.8027395e+01
   6.7823576e+01   1.8248153e+01
  -4.2213062e+01  -3.0264212e+01
  -3.3655473e+01   5.4168697e+01
   1.2609354e+01   3.0217616e+01
   2.5048294e+00   4.2038128e+01
  -4.4112178e+00   5.3269304e+01
   1.1960187e+01   5.9182824e+01
   4.2793719e+01   5.9755818e+01
  -1.9253397e+01  -3.8304912e-01
  -3.1141820e+00   2.3657347e+01
  -7.4374593e+00   1.0467744e+00
