  -2.2363753e+01  -2.7330602e+01
   3.0537982e+01   5.5377023e+01
   6.9156208e+01  -3.8129699e+01
  -8.0133202e+00  -4.1483538e+01
  -2.5243962e+00  -5.7426034e+01
  -2.9796741e+01   1.1539091e+01
  -8.6096060e+00  -1.0271320e+01
   2.1765798e+01   3.9072297e+01
   4.0275416e+01   5.0522223e+00
   1.2856195e+01  -4.3651046e+01
  -3.7511171e+01  -7.7743245e+00
  -7.0259271e+01  -4.2679072e+01
   5.1882812e+01   4.3981013e+01
   5.7172567e+01  -1.2899453e+01
   2.2845795e+01  -4.4036589e+01
  -3.9341880e+01   1.4520334e+01
   8.0815125e+01   1.7467882e+01
   3.3761251e+01   2.8727740e+01
   4.2469176e+01   2.3811286e+01
   4.1559476e+01  -5.7659834e+00
   7.0857378e+01   4.3488770e-01
   9.4921969e+00   7.8586936e+01
  -5.3833975e+01   3.8430204e+01
   2.6505919e+01  -6.3338911e+01
   2.7228451e+01  -1.8193776e+01
  -3.2886492e+01  -7.7167714e+01
   2.1187840e+01  -3.4128666e+01
  -5.3501485e+01   2.8435761e+01
  -6.5797345e+01   2.7153957e+01
  -6.8128298e+01  -6.7951564e+00
   4.1686268e+00  -3.8701065e+01
  -2.7016120e+01  -1.8136011e+01
   2.1325328e+01  -7.6500916e+01
  -3.2337167e+01  -2.6602189e+01
  -3.0084543e+01  -4.6590260e+01
  -1.0216894e+00   4.4287544e+01
   2.4687014e+01  -7.4725286e+00
   2.1346445e+00   5.8327915e+01
   1.6888713e+01  -1.2128249e+00
  -3.8356519e+01   3.9545075e+01
  -1.4012311e+01   5.9132096e+01
   3.8301204e+01  -3.1797693e+01
   2.6512661e+01  -5.3339147e+01
   1.7343868e+01  -5.7330640e+01
  -1.2080310e+01  -5.4479639e+01
  -6.0146769e+01   1.0059475e+01
  -6.4558891e+01  -1.6136405e+01
  -5.5793425e+01   3.3438092e-01
  -4.6660896e+01  -3.7393819e+00
   1.6075500e+00  -8.7131488e+01
  -3.1252020e+00  -2.2448702e+01
   7.3240310e+00  -6.2583959e+01
   5.6737221e+01   1.4846956e+01
   8.4016658e+00   2.2790559e+01
  -3.9934696e+01  -6.9469662e+01
   5.5660320e+01   3.4721942e+01
  -5.1626902e+01  -2.2098905e+01
  -8.4527717e+00   3.7595845e+01
  -3.3248912e+00   7.4336591e+01
  -2.4752680e+01   7.4254671e+01
   6.9061397e+00   1.2903212e+01
   8.5155397e+01  -1.6861565e+01
   3.9862043e+01   7.0426175e+01
   5.4766389e+01  -2.2997360e+01
  -2.3511534e+01   2.6633518e+01
  -2.7523892e+01   4.4511352e+01
   1.7271368e+01   5.0901313e+01
   3.6528503e+01   3.8337220e+01
   5.0021264e+01   5.5646150e+01
   4.6009714e-02  -3.3792407e+00
   4.8212415e+01  -3.0689824e+01
   5.1457710e+01  -4.6762988e+01
   3.6825056e+01  -7.9261330e+01
  -2.1314533e+01  -7.3511601e+01
   2.9102536e+01  -2.8016583e+01
   8.9630149e+00  -1.9366935e+01
  -4.5573211e+01   2.2341388e+01
  -2.0971857e+01  -6.3517488e+01
  -7.5410695e+01   2.4400251e+01
  -1.7759275e+01  -1.4353903e+01
  -2.7518227e+01  -8.1487959e+00
  -6.9018088e+01   3.6621030e+01
  -7.1868834e+01  -2.2960181e+01
  -3.5525570e+01   2.0263364e+00
  -5.0906300e+01   1.3882235e+01
  -4.6158684e+01  -1.3726576e+01
  -1.7036182e+01  -4.5794702e+01
  -5.5842986e+01  -1.1234187e+01
  -1.1012892e+01  -6.4422151e+01
  -1.3562693e+01  -8.3486705e+01
  -1.8382153e-01  -4.7703996e+01
  -3.8213440e+01   2.9111404e+01
   3.5584463e+01  -5.7546092e+01
   6.3714586e+01   7.4334907e+00
   8.7647519e+00  -7.2479534e+01
  -1.4569107e+00  -6.7368731e+01
  -4.4675124e+01   6.0612884e+00
  -3.2925318e+01  -5.6337056e+01
   8.5048155e+00  -5.2654157e+01
  -2.2616877e+01  -3.7497590e+01
   3.0076991e+01   8.3336909e+00
   2.0486470e+01   1.1165860e+01
   4.7036082e+01   1.2420553e+01
  -5.6459887e+00   6.4609711e+01
   5.7175193e+01   2.4837354e+01
  -2.3270676e+01   6.2911328e+01
   4.5669946e+01   3.4283338e+01
  -5.9988731e+01  -4.4418742e+01
  -6.1032840e+01  -2.5494104e+01
   4.4567928e+00   3.4267492e+01
   2.4478510e+01   7.2715003e+01
   6.1386645e+01  -3.1720421e+00
   4.8095405e+00   6.7978817e+01
   7.6120150e+01  -8.0682349e+00
  -2.1471604e+01   5.2471861e+01
   6.7006246e+01  -2.2517520e+01
  -2.0086292e+01   3.6998971e+01
  -3.7485805e+01   4.9507093e+01
   7.1601002e+01   1.3582020e+01
  -4.2537281e+01  -2.6802714e+01
  -3.1843888e+01   5.7763521e+01
   1.3946963e+01   3.1111999e+01
   7.3318676e+00   4.9784640e+01
  -6.2757199e+00   5.2796077e+01
   1.1880982e+01   6.0565964e+01
   4.1250714e+01   6.0450049e+01
  -1.8260911e+01  -4.3671378e+00
  -3.8498130e+00   2.8699750e+01
  -9.3227162e+00   1.1608271e-01
   3.1619407e+01  -3.9261040e+01
   4.2216758e+01  -2.2650769e+01
   4.7233468e+01  -1.4000277e+01
   5.8002681e+01  -3.2380329e+01
   4.4162004e+01  -4.0467572e+01
   3.4318762e+01  -6.9580531e+01
  -4.4643814e+01  -7.8291458e+01
  -3.0119077e+01  -6.7558275e+01
  -2.9754703e+01   3.4445212e+01
   1.7699198e+01  -2.4756945e+01
  -5.8834483e+01   1.9976501e+01
  -6.2188598e+01   4.3925660e+01
   5.6986160e+00  -2.8818900e+01
  -6.9736196e+01   1.5611327e+01
  -7.8692710e+01   3.4090918e+01
  -8.1630386e+01  -2.0789497e+01
  -2.5536700e+01   2.4922722e+00
  -6.7402922e+01   3.1784862e+00
  -1.6184459e-02  -7.7264284e+01
  -7.6562654e+01  -1.2167456e+01
  -3.1970268e+01   2.1299816e+01
   4.2869839e+01  -6.4396044e+01
  -3.6242187e+00  -3.2435750e+01
   9.8782293e-01  -1.3334290e+01
   7.8743797e+01   6.5834144e+00
   1.7337224e+01  -6.7330598e+01
  -2.3099764e+01  -5.3746550e+01
  -1.3096698e+01  -2.3199670e+01
  -4.2325056e+01  -5.9759560e+01
   1.8278123e+01   2.0918963e+01
  -9.5720930e+00  -7.4317573e+01
  -1.2359183e+01   7.8623961e+01
  -1.3595119e+01  -3.3186621e+01
   3.2589775e+01  -1.3453665e+00
   1.7837280e+01  -1.4757922e+01
   3.6499647e+01  -1.4446165e+01
   9.8491000e+00  -8.7000432e+00
  -3.3560124e+01   6.7615145e+01
   2.8277600e+01   2.0305022e+01
  -1.5418399e+01   6.9103395e+01
   6.1989142e+01   4.2464419e+01
   6.6871877e+01   2.2393113e+01
  -7.3431449e+01  -3.2837321e+01
   2.9482166e+01   4.5432922e+01
  -6.3698354e+01  -3.5132276e+01
   7.7933877e+00   2.9429496e+00
   3.7296505e+01   1.5253069e+01
  -1.3838692e+01   2.9170200e+01
   3.1245046e+01   6.5351990e+01
   2.1778422e+01   6.1994479e+01
   1.4819913e+01   7.0124346e+01
   5.1498398e+01  -4.6627566e+00
  -1.3820069e+01   4.6033383e+01
   8.6035017e+01  -6.7664526e+00
   7.8077165e+01  -2.3925462e+01
  -4.6548517e+01   4.5280148e+01
   6.7165211e+01  -1.2518799e+01
  -4.6464976e+01   5.5279793e+01
  -5.2575787e+01  -3.2053707e+01
  -3.7009101e+01  -1.7761357e+01
  -3.2574869e+01  -3.6598274e+01
   1.1935651e+01   4.0907520e+01
   2.3776125e+01   2.9271923e+01
   5.9378005e+01   5.2117498e+01
   3.9405311e+01   5.0540965e+01
  -1.7443405e+00   6.6404291e+00
   5.4011098e+01   5.0164100e+00
  -9.0893410e-01   1.9142022e+01
   6.0251554e+01  -4.2028885e+01
   4.1292948e+01  -3.9115626e+01
