   3.0686449e+01  -7.8967777e+00
  -1.9455054e+01  -1.9736263e+01
   6.9483695e+00   2.5713203e+01
   2.4344711e+00  -2.5262295e+01
   3.1307202e+01   5.2540691e+01
  -1.2988962e+01   3.6037274e+01
   4.8772324e+01  -3.1883557e+01
  -1.3607734e+01  -3.8858773e+01
  -8.3972413e+00  -6.0063485e+01
  -2.3493534e+01  -3.6245158e+01
  -2.8265019e+01   6.9971949e+00
  -4.2825674e+01  -8.8561583e+00
  -1.9842475e+01  -1.9684387e-01
   1.0027333e+01   3.5227402e+01
   3.9523119e+01   8.6119465e+00
  -2.2500968e+01   3.9123008e+01
   5.3944062e+00  -4.4706465e+01
  -3.6938964e+01  -1.6939879e+01
  -5.7927437e+01  -3.0235342e+01
   4.8165178e+01   3.6692095e+01
  -2.9136518e+01  -3.8874612e+00
  -6.8544281e+00   5.1531431e+01
   5.8866541e+01  -1.3730456e+01
   2.1924383e+01   4.9081975e+01
   3.7393224e+01   3.5791663e+01
   2.6162252e+01  -4.3228711e+01
   2.5768822e+01  -1.6604070e+01
   6.1013819e+00  -1.5958869e+01
  -1.6353963e+01  -2.9243263e+01
  -1.0954714e+01  -5.0396059e+01
  -5.0518065e+01  -2.4665497e+00
  -4.9288537e+01   1.6127486e+01
  -2.9219286e+01   2.0313837e+01
   1.8993907e+01  -5.7023299e+01
   1.6826500e+01  -4.6812526e+01
   6.7345990e+01   9.8539871e+00
   3.4968455e+01   2.2608459e+01
  -4.6314075e+01  -2.0419430e+01
   3.0807701e+01   1.3515157e+01
   2.5013048e+01   2.1665127e+01
   3.8202325e+01  -1.3004447e+00
  -2.2628436e+01   5.2359686e+01
   4.3817995e+00  -6.1078271e+00
   6.5535326e+01   1.9278369e-02
   1.5495051e+01   6.3086172e+01
  -3.9052654e+01   4.1035923e+01
   5.8766165e+00   1.2950902e+01
   2.8557245e+01  -3.3519746e+01
   2.8145688e+01  -6.2561951e+01
   1.5876505e+01  -1.8067649e+01
  -2.9917082e+01  -6.4274639e+01
   2.1959027e+01  -2.6005525e+01
  -4.4262625e+00  -4.2821152e+01
   3.2244328e+01  -2.4224294e+01
  -4.9527047e+01   2.6124640e+01
  -5.9293353e+01   2.3807185e+01
  -6.1164741e+01  -7.9029986e+00
  -4.5735052e+01   6.7801509e+00
  -5.2200819e+01  -1.2335615e+01
  -1.6865950e+01  -1.0077253e+01
   2.1148620e+00  -3.5257184e+01
  -1.1340562e+00  -5.2281358e+01
  -2.8914777e+01  -2.3640606e+01
  -2.7462607e+01  -1.3746361e+01
   1.2375551e+01  -6.4805215e+01
   4.7447105e+01   2.5119094e+00
  -5.8322181e+01  -2.0243137e+01
   5.1599498e+01   2.2020182e+01
  -3.3458967e+01  -3.5414408e+01
  -3.0001384e+01  -4.4797637e+01
   1.1973717e-01   3.3018666e+01
   2.0947891e+01   1.1846582e+01
   2.0686606e+01  -7.9528207e+00
  -1.2264979e+01   5.9941303e+01
   1.8732458e+01   2.9499426e+01
   5.7048265e+01   5.3079262e+00
  -4.7805530e+00   4.1748843e+01
   2.9185764e+00   5.3650012e+01
   5.4140360e+01  -4.9177829e+00
   8.5692692e+00   3.3202231e+00
  -2.8892186e+01   3.1431953e+01
  -3.8884397e+01   3.1037338e+01
   4.9924514e+00   4.3867423e+01
   3.8616832e+01   4.5716520e+01
  -1.5063450e+01   4.5819733e+01
   3.8556890e+01  -3.3604018e+01
   4.2243972e+01  -2.4308557e+01
   3.6246706e+01  -4.3416816e+01
   2.9502355e+01  -5.2654405e+01
   9.5226900e+00  -5.3814553e+01
   1.2584745e+01  -3.7756723e+01
   1.2115522e+01  -2.7767740e+01
  -1.8143586e+01  -5.7511324e+01
  -4.0637119e+01   2.1192138e+01
  -6.1710231e+01   1.4103645e+01
  -6.7286104e+01  -1.5810521e+01
  -5.5712048e+01   6.1022829e+00
  -3.6991746e+01   1.1880250e+01
  -3.8319643e+01   7.1082507e-02
  -6.3813353e+00  -2.9982647e+01
  -3.6680636e+00  -6.8874546e+01
  -2.0136165e+01  -4.6433692e+01
  -5.2825156e+00  -1.1400357e+01
  -9.4824268e+00  -2.0475638e+01
   2.9736443e+00  -6.1398739e+01
   5.8858929e+01   1.5142635e+01
   2.8620475e+01   3.0991781e+01
   4.3480052e+01   2.7857527e+01
   1.5153238e+01   1.9996551e+01
  -2.7687680e+01  -5.4526318e+01
   3.7443777e+01  -1.5512884e+01
   2.9466214e+01   3.5946712e+00
   5.6336227e+01   3.0827190e+01
   4.4850827e+01  -8.7886252e+00
  -4.7927580e+01  -3.0288465e+01
   4.8765476e+01   1.2430170e+01
  -8.0949894e+00   2.7316187e+01
  -3.7763787e+00   6.5227480e+01
  -2.1973471e+01   6.2338214e+01
  -1.2413044e+00   1.9974804e+01
   7.2224311e+01  -7.4142590e+00
  -1.3545208e+00   2.0880043e+00
   2.5128492e+01   6.0403486e+01
   4.9633368e+01  -1.7570840e+01
  -1.9380181e+01   2.8346219e+01
  -3.8552499e+01  -2.6808840e+01
  -3.0437430e+01   4.6113117e+01
   1.9069493e+01   3.9498155e+01
   1.2916404e+01   5.3424362e+01
   1.9410657e+01   1.9654428e+00
   2.8873185e+01   4.1631370e+01
   4.5422524e+01   5.3043359e+01
  -1.0152142e+01  -2.6661303e+00
