  -7.4240302e+01   2.6728086e+01
  -7.3270529e+01   8.3175833e+01
   6.0688180e+01  -2.9425779e+01
   4.6452896e+01  -5.1675496e+01
  -7.0960332e+01   1.7381648e+01
  -5.4008552e+01   2.2678147e+01
  -6.2488669e+01   4.2586389e+01
  -9.9012167e+01   5.5204283e+01
   2.8422710e+01  -8.6307259e+01
   1.7512250e+01  -4.9394877e+01
   3.8138108e+01  -4.6120276e+01
  -5.0258215e+01   5.9260952e+01
  -8.4728740e+01   9.9778541e+00
  -7.9275145e+01   6.9016177e+01
  -5.5347270e+01   6.1265110e+00
  -7.6620627e+01   3.6344759e+01
  -9.0285331e+01   1.1114037e+00
   2.0153615e+01  -8.0683909e+01
   2.7825739e+01  -3.3280947e+01
   6.1624434e+01  -8.8350446e+01
   5.5679730e+01  -5.5530505e+01
   7.8234071e+00  -5.2309722e+01
   2.7353889e+00  -6.2806856e+01
   6.7773830e+01  -7.1310014e+01
   3.8105100e+01  -3.6120376e+01
  -4.2458598e+01   4.2783449e+01
  -8.6970396e+01  -1.0292527e+01
  -8.0568701e+01   5.4223790e+01
  -8.9371505e+01   6.9577656e+01
  -6.0660858e+01   1.4742262e+01
  -6.3864467e+01   2.4242694e+01
  -5.7251517e+01   3.2995453e+01
  -3.8383679e+01   3.4144116e+01
  -8.0834693e+01   1.8650723e+01
   6.3374466e+01  -3.9058209e+01
   4.2567022e+01  -9.7141807e+01
   3.9543915e+01  -2.6224452e+01
   3.6309771e+01  -7.8309624e+01
   1.8237739e+01  -2.5225643e+01
  -1.0762202e+00  -4.7749390e+01
   6.2588695e+01  -6.2759654e+01
   1.4740378e+01  -5.9531599e+01
   4.7809199e+01  -7.3890030e+01
   1.8798323e+01  -6.8671240e+01
  -8.5827629e+01   4.0229761e+01
  -8.4192428e+01   2.7918290e+01
  -5.2465037e+01   4.1505069e+01
  -5.8223767e+01   5.1623394e+01
  -7.4618929e+01   8.5917538e+00
  -8.0835432e+01   2.3619447e+00
  -8.9957108e+01   5.9379173e+01
  -6.8725740e+01   5.0470104e+01
  -9.0047399e+01   7.9852280e+01
  -5.5416321e+01  -4.3721528e+00
  -8.0777754e+01   7.7193023e+01
  -9.4243858e+01   1.0092440e+01
  -6.5269610e+01   5.8789203e+00
  -7.7648842e+01   4.5884770e+01
  -4.4161852e+01   2.0885430e+01
  -4.7637643e+01   3.0380543e+01
  -6.7092320e+01   3.3694707e+01
   5.0968867e+01  -3.1778428e+01
   4.6885276e+01  -4.0906641e+01
   5.5751849e+01  -4.5530845e+01
   3.8257380e+01  -8.8118122e+01
   4.8228492e+01  -8.8877620e+01
   3.1771025e+01  -9.5801323e+01
   2.9921356e+01  -2.3502996e+01
   1.1811921e+01  -3.2887808e+01
   2.8557797e+01  -4.3254109e+01
   3.9383006e+01  -5.8747697e+01
   3.9233382e+01  -6.8746558e+01
   1.9269054e+01  -3.9550407e+01
   4.0043811e+00  -3.9136179e+01
   6.9752717e+01  -5.5782825e+01
  -9.2041227e+01   4.8045065e+01
   2.4840555e+01  -6.0584886e+01
   2.7392221e+01  -7.3784447e+01
   8.9882278e+00  -7.0610829e+01
   5.7781785e+01  -7.1707170e+01
   5.4634653e+01  -8.1199019e+01
   5.0733298e+01  -6.4325487e+01
  -9.8585196e+01   7.3408715e+01
  -9.2745633e+01   3.3030806e+01
  -9.9017125e+01   4.0813167e+01
  -3.2821922e+01   4.4657629e+01
  -4.8091324e+01   5.0163342e+01
  -9.7853876e+01  -4.9824028e+00
  -8.0633907e+01   6.1922595e+01
  -7.9258829e+01  -4.5175254e+00
  -8.1612877e+01  -1.2078717e+01
  -5.5646833e+01  -1.2544212e+00
