   4.0735286e+01   9.0188418e+00
   2.9456940e+01  -1.3473709e+01
  -2.3651924e+01  -2.2079635e+01
   7.7439358e-01   2.2382861e+01
   5.7361201e+00  -2.9600826e+01
   1.1964159e+00   1.2391771e+01
  -4.2806280e+00  -6.3180176e+00
   4.4059779e+00  -1.9689685e+01
  -1.3686873e+01  -2.1244327e+01
   2.4647415e+01  -2.4075260e+00
   4.6693958e+00  -1.8574050e+00
   2.3405881e+01   4.1959695e+01
   1.4405365e+01  -1.9578942e+01
  -3.6690312e+00  -2.6203309e+01
  -3.9093968e+01   9.2305190e+00
   1.5059072e+01   1.5255168e+01
  -1.1491923e+01   2.8584012e+01
   1.5735507e+01  -2.9490083e+01
   2.4786643e+01  -2.2466701e+01
  -4.9991737e+00  -1.6292168e+01
  -1.1800719e+01  -4.1139999e+01
   1.5826363e-01  -4.5994179e+01
   9.0880151e+00  -1.0841912e+01
  -2.2321782e+01  -3.1990776e+01
  -2.9100027e+01   8.8824583e+00
  -3.6426346e+01  -9.5848805e+00
  -1.2627803e+01  -8.1123484e-01
   2.8521933e+01   1.0571402e+01
   1.9516984e+01   6.2227362e+00
   9.5384206e+00   6.8771582e+00
   5.2264429e+00   3.8792590e+01
   3.3634809e+01   1.9773058e+00
  -2.1490186e+01   2.8770400e+01
   1.6333850e+01   3.4889591e+01
   2.4955537e+01  -3.3361909e+01
   1.9738014e+01  -1.1119459e+01
  -2.4219098e+00  -3.6125238e+01
  -4.1694371e+01  -6.6327198e-01
   7.6841355e+00  -3.9409253e+01
  -1.3412863e+01  -1.0780371e+01
  -3.1694995e+01  -7.7498135e-01
  -1.2356730e+01  -3.1155468e+01
  -2.6898488e+01  -1.2621314e+01
  -3.3596753e+01  -2.3128630e+01
   3.6267819e+01   1.7965447e+01
  -2.2167138e+01  -3.8114154e+00
   1.4647959e+01  -2.5118271e+00
   8.1723898e+00   2.9111133e+01
  -6.0452935e+00   4.1147227e+01
   4.3067405e+01  -1.3432543e+00
  -3.6852016e+00   3.6642396e+00
   2.6458915e+01   2.0356287e+01
  -1.5455885e+01   3.7764807e+01
   1.7569297e+01   2.4936099e+01
   2.5945567e+01   3.0402961e+01
  -2.0813315e+00   3.1966432e+01
