   3.0743003e+01   5.3499204e+01
   7.8750021e+01  -3.8980674e+01
  -3.8384197e+01   2.0378987e+01
   3.2089139e+01   3.9035689e+01
  -8.7675176e+01  -5.1331990e+01
   8.7687300e+01   2.6641986e+01
   4.4116894e+01   5.7265311e+00
   8.2623627e+00   7.8898861e+01
  -3.6281221e+01  -8.8529433e+01
  -6.4219540e+01   3.1148405e+01
  -7.2379681e+01  -5.3669977e+00
   2.1708310e+01  -8.8627528e+01
  -2.7317813e+01  -2.7966709e+01
  -3.0758961e+01  -4.9479750e+01
   2.8456965e+01  -1.5805031e+01
   1.6592200e+01  -1.7330756e+01
  -3.3637609e+01   4.8196107e+01
   2.8980349e+01  -6.6257199e+01
  -6.2797935e+01  -7.7654992e+00
  -5.5393020e+01  -1.2721409e+00
   7.1257027e+00  -6.8951703e+01
  -4.2459178e+01  -6.9980354e+01
   5.3125484e+01   2.3243152e+01
  -5.8830166e+01  -1.6702970e+01
  -1.9320244e+00   7.1037261e+01
  -3.4844306e+01   9.2044415e+01
   1.1843217e+01   1.5147285e+01
   5.0433714e+01   7.4952708e+01
   5.8737270e+01  -2.9193597e+01
  -2.8398222e+01   2.0723202e+01
   4.6197797e+01   4.1135532e+01
   4.8215723e+01   6.1920050e+01
   4.3238707e+01  -5.2389607e+01
   3.1505135e+01  -8.6625064e+01
   3.2262319e+01  -3.5078570e+01
  -4.5869281e+01   1.3759373e+01
  -9.4004753e+01   2.2525129e+01
  -7.5741098e+01   3.4865618e+01
  -4.6774280e+00  -6.2917287e+01
  -2.1426042e+01  -9.0768504e+01
   8.8243979e-02  -4.0571268e+01
  -4.4310111e+01   3.1823286e+01
  -4.0121563e+01   5.9080682e+00
  -3.3254632e+01  -5.9098828e+01
   1.3541175e+01  -5.4727997e+01
   3.6996418e+01   1.6739123e+01
  -1.9899197e+01   7.1710502e+01
  -5.9997818e+01  -4.4901109e+01
   2.4740996e+01   8.6233997e+01
   6.8164368e+01  -1.2686335e+01
   7.7727111e+01  -8.5552333e+00
  -2.1783925e+01   4.5468824e+01
   6.6233706e+01  -2.2494506e+01
  -3.6852731e+01   5.7602834e+01
   1.2049073e+01   5.9459939e+01
  -6.7012235e+00   5.8222702e+01
  -1.8393173e+01  -1.0621148e+01
   1.2141558e+01   2.5017158e+01
  -1.0005809e+00  -1.5342196e+01
   3.5612091e+01  -2.2712693e+01
   5.0491193e+01  -3.4837599e+01
  -4.4940235e+01  -8.3534381e+01
  -6.6093090e+01   2.1412690e+01
  -6.5689259e+01   5.0116814e+01
   9.3457909e+00  -3.6005862e+01
  -7.3761523e+01   1.5033413e+01
  -9.0685717e+01  -2.8845978e+01
  -3.9740412e+01  -1.0351182e+01
  -7.4980913e+01   4.5268568e+00
   5.6524600e+00  -7.8842409e+01
  -8.8610536e+01  -1.0551528e+01
   5.0768227e+01  -5.8957536e+01
   8.0720397e+01   9.7048115e-01
  -2.2594694e+01  -6.6216991e+01
  -1.7391965e+01  -2.5898255e+01
  -5.6365677e+01  -6.7128888e+01
  -3.2323353e+00   9.3850884e+01
  -8.3993473e+00  -3.0188037e+01
   8.2962390e+00  -1.1772921e+01
  -4.3498971e+01   8.7036501e+01
  -1.1062053e+01   6.7060459e+01
   6.2863550e+01   4.3812897e+01
   6.0616606e+01   1.6642531e+01
  -8.5785429e+01  -3.8091296e+01
   1.8705777e+01   7.9971644e+00
  -1.6467494e+01   3.4667645e+01
   2.8805841e+01   6.4486433e+01
   9.5813222e+00   6.9061778e+01
   8.9557092e+01  -3.6903581e+00
   8.4716798e+01  -3.0956199e+01
  -4.3676933e+01   4.9599142e+01
  -4.9964330e+01   7.1138719e+01
  -5.6547082e+01  -3.5548740e+01
  -3.0833937e+01  -3.9493413e+01
   2.3005798e+01   3.2585659e+01
   5.7394627e+01   5.2182059e+01
   3.8171711e+01   4.6957914e+01
  -7.8962105e+00   8.2709205e-01
   5.2783246e+01   4.0378087e-02
   2.8781939e-01   2.6471560e+01
   5.8973626e+01  -4.0972711e+01
   3.9203851e+01  -4.2318156e+01
   4.2983725e+01  -8.2468622e+01
   5.7443608e+01  -5.1213567e+01
   3.3376556e+01  -5.0827977e+01
   4.9565290e+01  -2.4861457e+01
  -5.9847092e+01  -7.9770475e+01
  -2.7873735e+01  -8.3128546e+01
  -7.8944459e+01   4.4325098e+01
  -1.3055207e+01  -6.9779710e+01
  -2.0592781e+01  -3.5250344e+01
  -7.5321244e+01   2.4948166e+01
  -6.7557239e+01   4.0462814e+01
  -5.4267871e+01   3.1242936e+01
  -5.6828796e+01   1.8060615e+01
  -8.2812549e+01   1.0708864e+01
  -2.4150859e+01  -1.8653579e+01
  -5.4283751e+01   8.5134800e+00
  -8.5797329e+01  -2.0133214e+01
  -7.8897097e+01  -1.2925227e+01
  -6.5394365e+01   1.7762931e+00
  -4.6454190e+01  -1.9094102e+01
  -5.5196943e+01  -2.5774144e+01
  -3.4311214e+01  -1.9770757e+00
   4.9277423e+01  -7.4697914e+01
   1.5612265e+00  -2.9747750e+01
  -6.4376373e+01   1.1616662e+01
  -8.5750472e-01  -9.4778816e+01
  -3.9232332e+00  -5.2965399e+01
   7.0970545e+00   3.3496519e+01
  -8.2022958e+01  -3.0597232e+00
   1.4203329e+01  -4.4752778e+01
  -1.7642027e+01  -7.5250176e-01
  -4.8472283e+01   2.3137660e+01
  -1.3373376e+01  -4.9924857e+01
   8.9352584e+01   6.3041181e+00
  -1.9460404e+01   8.1753432e+01
   8.8534200e+01   1.6264593e+01
  -1.6597344e+00   8.0995101e+01
  -4.3195687e+01  -6.0009843e+01
   2.4557930e+01  -7.6692660e+01
  -1.1818126e+01  -8.7996990e+01
   4.6324989e+00  -5.9267805e+01
  -4.6463913e+00  -7.5170251e+01
   4.4297577e+01  -5.2045741e+00
   2.5255003e+01   5.5204158e-01
  -3.8026615e+01   6.8392962e+01
  -2.9651011e+01   7.3841633e+01
   4.7122867e+01   3.1206664e+01
  -7.5875938e+01  -3.7037357e+01
  -6.2829297e+01  -5.6454485e+01
   7.1080838e+01   4.9492010e+01
   7.9610023e+01   2.0749098e+01
   3.6771846e+01   8.8191336e+01
  -4.3703250e+00   3.6485462e+01
  -1.9398526e+01   6.1756500e+01
  -1.0753777e+01   7.6921000e+01
   5.0835205e+00   8.8336852e+01
   6.2075382e+01   3.8902439e+00
   1.9539277e+01   6.8245398e+01
  -2.8991908e+01   3.8715304e+01
  -2.6031156e+01   5.4445733e+01
   2.7356491e+01   7.4472875e+01
  -5.3304009e+01   5.5632248e+01
   8.3970747e+01  -1.6356186e+01
   9.3364382e+01  -1.2931198e+01
  -6.5089854e+01  -2.4438457e+01
  -4.0420099e+00   4.8750568e+01
  -4.6352922e+01  -3.0087494e+01
   5.0568685e+00   5.2511900e+01
   2.1702096e+01   5.7472891e+01
   7.0926646e+01   6.6566124e+01
   2.3655779e+01   4.4366954e+01
   5.7801383e+01   6.4733782e+01
   4.6788312e+01   5.2023015e+01
  -3.8783192e+01   3.9868146e+01
  -8.6057167e+00  -8.9532245e+00
   5.3145331e+01   1.0017926e+01
   2.3764857e+00  -3.3814881e+00
   8.9872067e+00   5.6734134e+00
  -2.9124841e+01   6.3902863e+01
   2.0844035e+00   1.6843795e+01
  -7.9252023e+01  -2.7658362e+01
  -3.6471081e+01  -7.8025509e+01
  -8.5606453e+01   3.6144267e+01
  -4.8636259e+01   4.0660125e+01
   2.6462900e+01  -2.6932982e+01
   6.8971253e+01  -4.1070771e+01
   5.7420295e+01  -1.7784040e+01
   6.7884445e+01  -5.1008694e+01
   4.9738616e+01  -4.4801237e+01
   3.4546985e+01  -7.7101371e+01
   5.1777087e+01  -8.7229935e+01
   2.6730205e+01  -4.3405924e+01
   4.1330833e+01  -3.0874260e+01
   4.7821278e+01  -1.5011435e+01
  -5.0827353e+01  -7.5453761e+01
   2.2852937e+01  -5.8357664e+01
  -5.4913893e+01  -8.8487888e+01
  -3.1791150e+01  -9.7462595e+01
   7.0992476e+01  -3.1282615e+01
  -3.2194096e+01  -6.9005395e+01
  -2.0829533e+01  -7.6049499e+01
  -7.4987409e+01   5.3532314e+01
  -1.4191092e+01  -5.9867920e+01
  -8.4232247e+01   2.0578661e+01
  -8.4877774e+01   5.2442284e+01
  -9.5517318e+01  -1.7835266e+01
  -2.3494879e+01  -5.6276787e+01
  -8.9614078e+01   3.3904939e+00
  -9.9308331e+00  -4.0061735e+01
   5.6115352e+01  -6.7402888e+01
  -9.0989533e+01   4.4552606e+01
  -3.4676325e+01   2.9647355e+01
   3.6906216e+01  -6.0161729e+01
   4.0842292e+01  -6.9338793e+01
  -9.5409990e+01   3.4288152e+01
   1.0980784e+01  -9.0503784e+01
  -3.2310318e+01   1.1806604e+01
   2.9072075e+01   2.4658543e+01
  -1.0341022e+01   8.6852556e+01
   7.4559727e+00  -2.1701680e+01
  -6.9223346e+01  -1.5370745e+01
   1.5743439e+01  -2.7256255e+01
   2.1170265e+01   1.8602405e+01
   1.3305469e+01  -3.1978362e+00
  -2.1961046e+01  -4.5010309e+01
   1.9651252e+01  -3.6401449e+01
   6.9057015e+01   1.1042693e+01
  -5.2921416e+01  -5.7740933e+01
   5.2578339e+00  -4.9138951e+01
   9.9142252e+01   4.2663444e+00
   9.8108890e+01   1.9130890e+01
  -6.6327638e+01  -6.5819977e+01
  -1.4243293e+01  -9.7724097e+01
   3.8037170e+01  -1.2989985e+01
   1.5453250e+01  -8.0825613e+01
  -2.3137301e+00  -8.4888395e+01
   2.1552464e+01  -8.6859912e+00
  -3.6478844e+01  -1.9769444e+01
  -1.0668756e+01  -1.8623957e+01
  -3.8558437e+01   7.8358842e+01
  -2.9226393e+01   8.3798172e+01
   1.7061923e+01  -7.0075213e+01
   7.6376061e+01  -2.2858139e+01
  -2.2563134e+01   9.1250349e+01
  -7.7305562e+01  -5.6354482e+01
  -6.9206565e+01  -4.8759339e+01
   5.5353392e+01   3.7237544e+01
   3.7179036e+01   3.0451915e+01
   7.6520814e+01   5.7876581e+01
   6.1192799e+01   2.9148143e+01
   6.9589136e+01   2.1020728e+01
   4.1908104e+01   6.9697694e+01
   3.1721459e+01   8.2435473e+00
   3.6635007e+01   7.8193408e+01
   7.9048807e+01   1.0800141e+01
   3.4865669e+01  -1.9930566e+00
  -1.2106381e+01   4.3324705e+01
   1.3775449e+01   9.3232143e+01
   3.8457381e+01   5.9817663e+01
  -1.5053047e+01   5.2807015e+01
  -4.5745424e+01   6.2092462e+01
   1.8257249e+01   7.8621325e+01
  -2.4806752e+01   2.9756458e+01
  -5.6649906e+01   4.6267376e+01
  -6.6357548e+01  -3.4301523e+01
  -4.5526603e+01  -2.2651843e+00
  -2.8326012e+01  -9.7468590e+00
  -9.4177592e+00   2.7854904e+01
   9.1155795e+01  -2.3305473e+01
  -5.1227682e+01  -1.0340234e+01
   6.0711997e+01  -6.0301592e+00
   6.9967581e+01  -2.2505662e+00
  -3.6582818e+01  -3.1359055e+01
   2.4436710e+00   6.2105210e+01
   6.5388824e+01   5.8224121e+01
   1.5327865e+01   3.8938180e+01
   3.7473518e+00   4.2699332e+01
   1.4315855e+01   4.8846252e+01
  -7.8938702e+01  -4.6505988e+01
  -2.6309868e+01   3.9639311e+00
  -7.3776953e-01   7.4595861e+00
