   3.1084227e+01   5.3484655e+01
   7.8754817e+01  -3.8983222e+01
  -3.8529995e+01   2.0041632e+01
   3.2073590e+01   3.8950771e+01
  -8.7984883e+01  -5.1500398e+01
   8.7713016e+01   2.6660836e+01
   4.4058909e+01   5.6985223e+00
   8.3881275e+00   7.9632017e+01
  -3.6357385e+01  -8.8587030e+01
  -6.4175460e+01   3.0991106e+01
  -7.2860503e+01  -5.2293975e+00
   2.1698026e+01  -8.8633992e+01
  -2.7015972e+01  -2.8544030e+01
  -3.0809054e+01  -4.9818271e+01
   2.8542126e+01  -1.6236591e+01
   1.6617923e+01  -1.7278928e+01
  -3.3500686e+01   4.8798959e+01
   2.8984611e+01  -6.6305003e+01
  -6.3233674e+01  -7.9169249e+00
  -5.5411367e+01  -1.6971862e+00
   7.1177497e+00  -6.8952368e+01
  -4.2442959e+01  -7.0017461e+01
   5.3174833e+01   2.2997061e+01
  -5.9360449e+01  -1.7058433e+01
  -1.4590662e+00   7.1407937e+01
  -3.5050860e+01   9.2372443e+01
   1.1978338e+01   1.5287992e+01
   5.0433714e+01   7.4952708e+01
   5.8866594e+01  -2.9122282e+01
  -2.8478055e+01   2.0580199e+01
   4.6651098e+01   4.1093248e+01
   4.8380252e+01   6.1936811e+01
   4.3282659e+01  -5.2475859e+01
   3.1503157e+01  -8.6670364e+01
   3.2195463e+01  -3.5091852e+01
  -4.6472425e+01   1.3726779e+01
  -9.4601872e+01   2.2654277e+01
  -7.6153246e+01   3.4898897e+01
  -4.5435285e+00  -6.3351321e+01
  -2.1410487e+01  -9.0805745e+01
   7.1854787e-02  -4.0544965e+01
  -4.4283945e+01   3.2142260e+01
  -4.0618347e+01   5.6831050e+00
  -3.3296014e+01  -5.9490831e+01
   1.3567285e+01  -5.4806180e+01
   3.7033615e+01   1.6799160e+01
  -1.9854835e+01   7.2375885e+01
  -5.9989260e+01  -4.5542704e+01
   2.4775372e+01   8.6274569e+01
   6.8243092e+01  -1.2652998e+01
   7.7682410e+01  -8.6338710e+00
  -2.1682263e+01   4.5622915e+01
   6.6326362e+01  -2.2466266e+01
  -3.6999468e+01   5.8145509e+01
   1.2384969e+01   6.0222759e+01
  -6.7218141e+00   5.8625626e+01
  -1.7994714e+01  -1.1197818e+01
   1.3263644e+01   2.5192816e+01
  -7.8637686e-01  -1.5950109e+01
   3.6021910e+01  -2.2857323e+01
   5.0727994e+01  -3.4926210e+01
  -4.5068591e+01  -8.3615080e+01
  -6.6663108e+01   2.1367684e+01
  -6.6491770e+01   5.0112727e+01
   9.5272590e+00  -3.6150364e+01
  -7.4312541e+01   1.4940578e+01
  -9.0780994e+01  -2.9019836e+01
  -3.9541763e+01  -1.1004785e+01
  -7.5277650e+01   4.4897180e+00
   5.6398038e+00  -7.8842495e+01
  -8.8918339e+01  -1.0595803e+01
   5.0858138e+01  -5.8999678e+01
   8.0728892e+01   8.9038200e-01
  -2.2498899e+01  -6.6353592e+01
  -1.7335128e+01  -2.6077851e+01
  -5.6373096e+01  -6.7119027e+01
  -3.3141096e+00   9.4470013e+01
  -8.3035285e+00  -3.0358098e+01
   8.2815338e+00  -1.1764969e+01
  -4.3609804e+01   8.7201228e+01
  -1.0754759e+01   6.7747068e+01
   6.2938693e+01   4.3917403e+01
   6.0739873e+01   1.6466136e+01
  -8.6497863e+01  -3.8165933e+01
   1.8916874e+01   8.0947095e+00
  -1.6332641e+01   3.4999785e+01
   2.9082115e+01   6.4630138e+01
   9.2793605e+00   6.9695341e+01
   8.9604749e+01  -3.7155620e+00
   8.4717213e+01  -3.0955194e+01
  -4.3668572e+01   4.9613254e+01
  -5.0143965e+01   7.1529223e+01
  -5.6988244e+01  -3.6016488e+01
  -3.0440617e+01  -3.9828618e+01
   2.3267909e+01   3.2432310e+01
   5.7368387e+01   5.2221697e+01
   3.8393322e+01   4.6696263e+01
  -8.0153260e+00   7.2292189e-01
   5.2836435e+01   8.3254011e-02
   5.4296906e-01   2.6817324e+01
   5.8980377e+01  -4.0960543e+01
   3.9203851e+01  -4.2318156e+01
   4.2986299e+01  -8.2477780e+01
   5.7486253e+01  -5.1248916e+01
   3.3406880e+01  -5.0934104e+01
   4.9565290e+01  -2.4861457e+01
  -5.9855260e+01  -7.9774391e+01
  -2.7922075e+01  -8.3217753e+01
  -7.8996421e+01   4.4485428e+01
  -1.3012799e+01  -6.9929301e+01
  -2.0029379e+01  -3.5686513e+01
  -7.5987374e+01   2.4917294e+01
  -6.7750357e+01   4.0266437e+01
  -5.4246232e+01   3.1824651e+01
  -5.7265801e+01   1.7975768e+01
  -8.3263885e+01   1.0501858e+01
  -2.4315406e+01  -1.8933729e+01
  -5.4843709e+01   8.2782316e+00
  -8.6047008e+01  -2.0216498e+01
  -7.9200769e+01  -1.2942880e+01
  -6.5681138e+01   1.7019820e+00
  -4.6226800e+01  -1.9493365e+01
  -5.5421894e+01  -2.6179498e+01
  -3.4640928e+01  -2.2945695e+00
   4.9377861e+01  -7.4787102e+01
   1.6841934e+00  -2.9949201e+01
  -6.4901535e+01   1.1583880e+01
  -8.5045300e-01  -9.4826905e+01
  -3.5192223e+00  -5.3407723e+01
   7.8546294e+00   3.3588696e+01
  -8.2571376e+01  -2.8695793e+00
   1.4538764e+01  -4.4854894e+01
  -1.7798005e+01  -1.2121957e+00
  -4.8910643e+01   2.3371780e+01
  -1.2919744e+01  -5.0033790e+01
   8.9351966e+01   6.2810248e+00
  -1.9549980e+01   8.2355082e+01
   8.8589125e+01   1.6251522e+01
  -1.4366125e+00   8.1454279e+01
  -4.3276412e+01  -6.0052738e+01
   2.4540845e+01  -7.6693407e+01
  -1.1813530e+01  -8.7995804e+01
   4.6192587e+00  -5.9269624e+01
  -4.5041893e+00  -7.5180126e+01
   4.4512786e+01  -5.4536181e+00
   2.5462159e+01   5.4360542e-01
  -3.8072114e+01   6.8505111e+01
  -2.9693558e+01   7.4148616e+01
   4.7363983e+01   3.1125747e+01
  -7.6561754e+01  -3.7125487e+01
  -6.2915862e+01  -5.6481038e+01
   7.1211369e+01   4.9530854e+01
   7.9654287e+01   2.0740699e+01
   3.6772089e+01   8.8214928e+01
  -4.3426457e+00   3.6532600e+01
  -1.9183659e+01   6.2424797e+01
  -1.0701405e+01   7.7716790e+01
   5.0844589e+00   8.9055290e+01
   6.2085836e+01   3.8795885e+00
   1.9543626e+01   6.8237573e+01
  -2.9003795e+01   3.8844879e+01
  -2.5580798e+01   5.4808275e+01
   2.7426517e+01   7.4489164e+01
  -5.3318763e+01   5.5591877e+01
   8.3996910e+01  -1.6387293e+01
   9.3394591e+01  -1.2969389e+01
  -6.5634212e+01  -2.4819739e+01
  -3.4970212e+00   4.9191351e+01
  -4.6243181e+01  -3.0056135e+01
   5.7776584e+00   5.2770218e+01
   2.1994573e+01   5.7581349e+01
   7.0926646e+01   6.6566124e+01
   2.4187908e+01   4.5082423e+01
   5.7951352e+01   6.4826287e+01
   4.6838138e+01   5.2050930e+01
  -3.8851328e+01   4.0439991e+01
  -8.1954208e+00  -9.2528385e+00
   5.3047273e+01   1.0079808e+01
   2.3764857e+00  -3.3814881e+00
   9.2121518e+00   5.6947439e+00
  -2.9035727e+01   6.4181335e+01
   2.1353242e+00   1.6976654e+01
  -7.9175663e+01  -2.7477695e+01
  -3.6615142e+01  -7.8277768e+01
  -8.6064668e+01   3.6087680e+01
  -4.8815810e+01   4.1038918e+01
   2.6446605e+01  -2.6909945e+01
   6.8979379e+01  -4.1090276e+01
   5.7439653e+01  -1.7782216e+01
   6.7882127e+01  -5.1029792e+01
   4.9779818e+01  -4.4877729e+01
   3.4530130e+01  -7.7140202e+01
   5.1783134e+01  -8.7233207e+01
   2.6755536e+01  -4.3481719e+01
   4.1430195e+01  -3.1259589e+01
   4.7831747e+01  -1.5009468e+01
  -5.0839493e+01  -7.5448395e+01
   2.2914246e+01  -5.8358658e+01
  -5.4913893e+01  -8.8487888e+01
  -3.1782717e+01  -9.7479254e+01
   7.1013378e+01  -3.1299522e+01
  -3.2021799e+01  -6.9400961e+01
  -2.0795618e+01  -7.6205543e+01
  -7.5599779e+01   5.4212987e+01
  -1.3955062e+01  -5.9977107e+01
  -8.4874421e+01   2.0365693e+01
  -8.5464964e+01   5.2614348e+01
  -9.5767173e+01  -1.7881649e+01
  -2.3283092e+01  -5.6387990e+01
  -9.0330393e+01   3.4345896e+00
  -9.9562726e+00  -4.0219380e+01
   5.6184454e+01  -6.7461617e+01
  -9.1377942e+01   4.4553702e+01
  -3.4735465e+01   2.9287437e+01
   3.6961161e+01  -6.0274480e+01
   4.0922193e+01  -6.9451939e+01
  -9.5877016e+01   3.4199156e+01
   1.0980784e+01  -9.0503784e+01
  -3.2562043e+01   1.1520916e+01
   2.9379693e+01   2.4521296e+01
  -1.0669731e+01   8.7703560e+01
   7.3636516e+00  -2.1721199e+01
  -6.9575427e+01  -1.5635738e+01
   1.5695778e+01  -2.7228274e+01
   2.1459436e+01   1.8432133e+01
   1.3560420e+01  -3.2860263e+00
  -2.1814478e+01  -4.5502581e+01
   1.9772042e+01  -3.6341577e+01
   6.9108095e+01   1.0997492e+01
  -5.2992888e+01  -5.7701472e+01
   5.4382995e+00  -4.8982803e+01
   9.9146701e+01   4.2654237e+00
   9.8160577e+01   1.9146441e+01
  -6.6347278e+01  -6.5873163e+01
  -1.4216014e+01  -9.7750471e+01
   3.8023475e+01  -1.3060144e+01
   1.5439138e+01  -8.0834948e+01
  -2.2944735e+00  -8.4932118e+01
   2.1891109e+01  -8.7887363e+00
  -3.6244248e+01  -2.0438450e+01
  -1.0287936e+01  -1.9018223e+01
  -3.8696801e+01   7.8492968e+01
  -2.9385424e+01   8.4137319e+01
   1.7055807e+01  -7.0062512e+01
   7.6370931e+01  -2.2855876e+01
  -2.2745147e+01   9.1820226e+01
  -7.7265140e+01  -5.6580795e+01
  -6.9409843e+01  -4.8878690e+01
   5.5749418e+01   3.6972506e+01
   3.7391644e+01   3.0491339e+01
   7.6578819e+01   5.7966852e+01
   6.1380488e+01   2.8715539e+01
   6.9658504e+01   2.0984006e+01
   4.1917186e+01   6.9682947e+01
   3.1775424e+01   8.2949447e+00
   3.6703689e+01   7.8215817e+01
   7.9103261e+01   1.0756585e+01
   3.5123149e+01  -2.0216780e+00
  -1.1865451e+01   4.3859712e+01
   1.4089139e+01   9.3398173e+01
   3.8549360e+01   6.0128131e+01
  -1.5171227e+01   5.3278304e+01
  -4.6024409e+01   6.2423569e+01
   1.8330127e+01   7.8630709e+01
  -2.4783601e+01   2.9803068e+01
  -5.7230493e+01   4.6394683e+01
  -6.6877132e+01  -3.4726494e+01
  -4.5501559e+01  -2.9866731e+00
  -2.7860464e+01  -9.6066416e+00
  -9.3637638e+00   2.7885769e+01
   9.1190579e+01  -2.3333181e+01
  -5.1456054e+01  -1.0975889e+01
   6.0731976e+01  -6.0523269e+00
   6.9986747e+01  -2.2491390e+00
  -3.6433665e+01  -3.1834693e+01
   2.5910106e+00   6.2262773e+01
   6.5429755e+01   5.8188408e+01
   1.6024636e+01   3.9318159e+01
   4.2461797e+00   4.2892788e+01
   1.5120879e+01   4.9269508e+01
  -7.9180202e+01  -4.6768151e+01
  -2.6548490e+01   3.5678395e+00
  -6.2200845e-01   7.3970090e+00
