  -9.4339197e+01   2.6234083e+01
  -4.9984732e+01   7.3901006e+01
  -9.2595937e+00  -4.2514810e+01
   4.3589900e+01   8.1687300e+01
   5.1406535e+01   4.5668998e+01
  -3.2468504e+00   7.9004832e+01
  -1.1304405e+01   6.1961563e+01
  -1.9261667e+01  -2.8881417e+00
   3.6124879e+01   1.1115529e+00
  -3.0060710e+01  -5.2832916e+01
   6.5666899e+01  -5.7607687e+00
   1.5573179e+01  -6.5263263e+01
   1.3279366e+01   3.1619209e+01
  -1.7765521e+01   3.8350153e+01
  -6.8650228e+01   1.3949031e+01
  -7.5441761e+01   5.1385588e+01
   8.2521061e+01  -4.9968087e+01
   8.3525423e+01  -6.3740134e+01
   4.9172182e+01   1.4263693e+01
   1.6321978e+01  -1.3987224e+01
   2.3508127e+01  -5.9265905e+01
  -7.9668135e+00  -7.8094812e+01
   2.3667095e+01  -7.1149247e+01
  -5.2501111e+01  -5.7856752e+01
  -2.3829170e+01   4.6079740e+01
  -8.1752139e+01   3.9095212e+01
  -9.1655494e+01   1.0701837e+01
   2.6850144e+01  -1.9719257e+01
   5.0044117e+01  -4.8609021e+01
  -1.9806878e+00  -1.4130194e+01
   1.5617021e+01  -3.3833271e+01
  -8.9852278e+01   5.6704553e+01
  -2.6294692e+01   4.1953711e+00
   7.6555254e+01  -4.1960904e+01
   2.7679771e+01  -8.1442738e+01
  -4.8990976e+01   1.6069875e+01
  -6.0945636e+01  -1.0500902e+01
  -8.5348473e+01  -9.4638506e+01
   7.9420911e+01   2.0671497e+01
   3.4695576e+01   5.7774100e+01
   9.4567323e+01  -7.3648568e+00
  -3.5258600e+01   2.7606717e+01
   1.0296443e+01   1.2355298e+01
   2.7023876e+01   3.9695355e+01
  -5.1087497e+01   8.8089339e+01
   5.4297090e+01  -3.0016361e+01
  -5.6419590e+00   5.3799802e+01
  -5.2480766e+01  -3.2903597e+01
  -3.5342387e+01  -2.4500211e+01
   2.6345888e+01   8.9089513e+01
   6.1375281e+00   6.9682775e+01
  -5.3277138e+01   4.3573043e+01
  -7.5167973e+01  -4.6469438e+01
   5.9242972e+01  -8.7971367e+01
   3.0556478e+01   2.0271487e+01
   2.5351869e+01  -9.8571369e+00
  -8.4293644e+01  -6.4985280e+01
   8.3882933e+01  -3.5057746e+01
   1.1805919e+01  -4.3098263e+01
  -5.3107945e+00  -3.3329954e+01
  -1.6231306e+00  -2.4076957e+01
  -3.8336592e+01  -5.8434577e+01
  -8.5790129e+01   8.8492061e+01
  -1.1914099e+01  -8.7257623e+01
  -5.9431160e+01  -9.5153947e+01
   1.9100274e+00  -7.9338332e+01
  -2.4548135e+00  -9.2688211e+01
   9.1633071e+01   8.1199529e+00
   8.9351215e+01   3.9363785e+01
   8.6575592e+01  -1.3729104e+00
   3.3371763e+00   3.0920424e+01
   9.6610005e+00   2.2310546e+01
  -6.4019358e+01  -6.2445905e+01
  -6.0852449e+01   8.8486022e+01
   9.6360086e+01  -9.8560549e+01
  -6.9344236e+01  -1.5550317e+01
  -5.2295720e+01   3.3716692e+01
  -7.1960331e+01   3.3352714e+01
  -2.6042111e+01   5.5696950e+01
  -6.9611150e+00   3.3483116e+01
  -4.3250737e+01  -1.8229411e+01
  -4.0078474e+01   3.6298386e+01
  -2.1329751e+01  -2.2772232e+01
  -5.3749581e+01  -1.6846057e+01
   1.5420181e+01   8.4455529e+01
  -9.9433227e+01   1.6891166e+01
   4.0441077e+01  -4.5817325e+01
   4.8473936e+01  -3.8127222e+01
   7.4263994e+01   4.9868986e+01
  -7.4666747e+01  -3.6817099e+01
   4.5281154e+01   3.3144585e+01
   2.3939714e+01   6.9370245e+01
  -7.2626993e+01   4.3119354e+01
   7.2672056e+01  -2.2384921e+01
   7.4310345e+01  -3.2217885e+01
  -9.8819702e+01   6.7948184e+01
  -9.5320119e+01  -5.5250362e+00
  -5.5866622e+01   5.3156582e+01
   1.2913010e+00   6.0988187e+01
   7.6759519e+01  -3.1376875e+00
  -3.0735112e+01   6.4408529e+01
  -8.8961686e+01  -5.6397637e+01
  -8.3102172e-01  -4.2419819e+00
   7.3654996e+01  -6.2885478e+01
   5.2101482e+01  -8.1126120e+01
   1.7720186e+01   5.7762095e+00
   8.2725871e+00  -8.0962679e+00
   4.2167003e+01  -8.0866360e+01
  -1.6343213e+00  -5.6094168e+01
  -1.0465358e+01  -9.8674126e+01
  -5.5894502e+01  -2.0700734e+00
  -2.5974290e+01  -6.1956269e+01
   1.7697165e+01  -5.1142140e+01
  -6.7778114e+01   2.3329890e+01
  -3.8123321e+01  -9.8385774e+01
  -5.8120632e+01  -8.5053455e+01
  -4.8121985e+01  -8.4985546e+01
   8.9120024e+01   1.8262684e+01
   5.8009280e+01   1.9688319e+01
   5.6888110e+01  -1.0528783e+01
   6.8390550e+01   2.1534668e+01
   4.1569443e+01   4.7161875e+01
   1.4018583e+01   5.1349284e+01
  -2.9387449e+01   1.8176273e+01
  -3.5238321e+01   2.1278292e-02
  -3.5741063e+01   8.5769498e+01
  -1.3244885e+01   7.3763794e+01
  -9.9054782e+01  -2.1907180e+01
   4.1254113e+01  -9.5972215e+01
  -1.6374977e+01   5.3389924e+01
  -4.2366460e+01   9.2921295e+01
   3.5127935e+01  -8.5739970e+00
   3.9223444e+01  -3.4911350e+01
   3.6511217e+01   8.8720915e+01
  -1.9186172e+01  -4.3621252e+01
  -2.4813490e+01  -3.2100779e+01
  -1.1581877e+01  -2.4975820e+01
  -6.8397331e+01   7.9612060e+01
   5.7540885e+01  -4.1896851e+01
   1.6771438e+01  -2.3923560e+01
   4.2581895e+01   6.3801698e+01
   4.7542273e+01   5.5126854e+01
  -7.7860843e+01  -1.1497660e+01
  -2.5347399e+01   2.7178205e+01
   2.6185193e+01   4.8895410e-01
  -4.4057309e+01   8.1481801e+01
  -7.7900982e+01   8.2429914e+01
   6.7030274e+01  -3.9016076e+01
  -7.9027302e+01  -5.5967705e+01
  -9.9604899e+01   9.6911830e+01
  -7.0678642e+01   8.9387822e+01
   4.4987180e+01   5.3498101e+00
   1.5112489e+01   7.4062527e+01
   5.4948960e+01   6.1228181e+00
  -8.8933201e+01   6.6666355e+01
  -8.3960921e+01  -3.3886304e+01
  -3.9532445e+01   7.2816340e+01
  -7.8738671e+01  -7.3115580e+01
   1.1390496e+01   9.3559129e+01
  -9.9761552e+01   5.7993795e+01
  -9.4410441e+01  -6.6747413e+01
   1.9530689e+01   2.3888120e+01
   9.7661970e+01  -1.9713840e+01
   8.1767208e-01   1.5339177e+01
  -8.7029607e+01   2.8883414e+00
   2.2490250e+01   1.4438163e+01
   9.0662903e+00  -8.6282312e+01
   3.8872457e+00  -3.7096394e+01
   7.6088547e+00  -2.7888805e+01
   6.8806409e+01  -8.9822331e+01
   3.1855098e+01  -6.4718537e+01
   6.4223354e+01  -5.9714554e+01
  -7.7263728e+01   1.9954965e+01
   8.0266618e+00   4.2428478e+01
   3.6366411e+01  -5.5034537e+01
   4.1636630e+01  -6.6750980e+01
   2.7627090e+01  -5.0217311e+01
   5.9560785e+00  -6.2580502e+01
   5.6837526e+01  -7.2361695e+01
   3.4666490e+01  -7.4294860e+01
  -7.1578352e+01  -1.3515736e+00
   4.9896442e+01  -9.1101049e+01
  -3.9753900e+01  -7.7432754e+01
   9.3104467e+01  -2.8614858e+01
   7.2987237e+01  -5.2923269e+01
   6.3535288e+01  -4.9780792e+01
  -1.0980871e-02  -4.6258296e+01
  -1.1351064e+01  -5.8410889e+01
  -9.4522359e+01  -3.0674482e+01
  -2.0434997e+01  -1.2855244e+01
  -2.8335058e+01  -6.8554429e+00
  -7.1792163e+01  -8.0188760e+01
  -2.9252801e+01  -9.3069699e+01
  -6.7318837e+01  -8.9062581e+01
   7.2002373e+00  -1.7977731e+01
  -2.0645073e+01  -8.2402715e+01
   8.1667613e+01   7.3336203e+00
   6.9362365e+01   3.5097367e+00
   9.3084288e+01   4.8699759e+01
  -1.0751577e+01   4.5268290e+01
  -1.6232521e+00   4.1720803e+01
   6.2158352e+01   4.2734105e+01
   2.3942101e+01   7.9344082e+01
   2.4854828e+01   5.9429696e+01
   6.3408923e+01   1.1427956e+01
   7.3295702e+01   1.2781432e+01
  -2.7610815e+01   3.6827486e+01
  -3.3670624e+01   4.4659596e+01
   2.7571719e+01   2.9778554e+01
  -5.9341073e+01  -5.0667297e+01
  -4.3548461e+01   4.5586196e+01
  -1.8893541e+01   9.2767838e+01
  -5.8698514e+01  -3.9241442e+01
  -3.9366308e+01   1.8541326e+01
  -2.5521870e+01   7.7805968e+01
   8.2991653e+01  -9.5910959e+01
   7.3650343e+01  -9.8367828e+01
   3.8754320e+01  -1.7651639e+01
   6.4330290e+01   6.2997336e+01
  -8.3813688e+01   4.8829249e+01
  -9.1319634e+01   3.6212906e+01
  -8.1296938e+01   2.9116403e+01
  -6.5346975e+01   5.0070323e+01
  -7.5928252e+01  -2.3036711e+01
  -6.3248216e+01  -2.2905697e+01
   4.0314036e+00   5.1466560e+01
  -6.1916620e+01   3.0917717e+01
  -4.4194010e+00   6.9123477e+01
   1.1892115e+01   6.1137229e+01
  -4.9262888e+01  -9.3518610e+00
  -3.7929494e+01  -9.7645088e+00
   3.6027540e+01   3.6114883e+01
   2.9563700e+01   9.8984203e+01
  -2.0872230e+01   6.4489398e+01
  -1.5621690e+01   2.8835306e+01
  -6.5977622e+01  -7.2155116e+01
  -8.8927339e+01  -2.1959819e+01
   3.3896976e+01   7.9291646e+01
  -6.2771169e+01   4.0591945e+01
  -4.6152028e+01   5.5085024e+01
  -5.4721015e+01   2.4180360e+01
   2.4871066e+01  -2.9757383e+01
  -5.8538122e+01   7.8795238e+01
  -3.4451494e+01  -3.4411904e+01
   6.3908700e+01  -1.7604694e+01
   7.3114859e+01  -1.2420917e+01
   4.5161708e+01  -2.5961416e+01
   6.4267944e+01  -2.9407101e+01
   3.3938754e+01   6.9309541e+01
  -6.2294198e+01   9.8354081e+01
  -8.6684679e+01   7.7696119e+01
  -8.6677529e+01   9.8435353e+01
  -4.3454329e+01  -2.9763639e+01
   4.7458780e+01   7.2482910e+01
   2.1668469e+01  -4.1755683e+01
   3.1573279e+01  -4.1123280e+01
  -7.3772173e+01  -6.4440797e+01
  -9.5738194e+01   8.7695133e+01
  -7.8058822e+01   7.2380726e+01
  -8.4638184e+01  -4.7064576e+01
   3.9245528e+01   2.5145588e+01
   2.5281708e-01   8.9015132e+01
  -5.0713615e+01   9.8139072e+01
  -3.5979212e+01   5.4287545e+01
   8.4189504e+01  -2.4084742e+01
  -9.5114479e+01  -4.8856493e+01
  -1.5175780e+01  -3.4471355e+01
  -1.5650348e+00   5.6845208e+00
  -2.0093517e+01  -5.3572437e+01
   6.7066318e+00   7.9637538e+01
   4.9163112e+01   2.4125321e+01
   5.0556711e+01  -2.8597126e+00
  -5.0154421e+01   6.4131595e+01
   8.7759224e+01  -1.4743593e+01
  -4.5155960e+01   2.6683867e+01
  -3.9005978e+00   2.4057798e+01
  -9.9020327e+01  -5.7906231e+01
   3.1111670e+01   9.5724576e+00
   9.1113454e+01  -4.4867034e+01
   6.5002056e+01  -7.9693146e+01
   2.0565267e+01   9.7302694e+01
  -2.9624972e+01  -1.6610015e+01
   2.7365376e+00   9.8539014e+01
   5.4426704e+01   6.2298473e+01
   9.9919040e+00  -7.3511456e+01
   5.8489925e+01  -9.8163302e+01
  -2.7815248e+01   9.7667799e+01
  -1.0974995e+01  -9.8952644e+00
   6.6485135e+01  -6.9810953e+01
  -8.8592329e+01  -7.4872815e+01
  -9.7033931e+01   7.7784690e+01
   1.7312139e+01  -4.0758503e+00
  -8.0064728e+01   6.2629025e+01
   7.8011292e+00  -5.2478686e+01
  -2.7545429e+01  -7.3440458e+01
   2.6484426e+01  -9.2888171e+01
   1.7237609e+01  -8.0540082e+01
   4.5974486e+01  -5.7741121e+01
   5.4682644e+01  -6.2615281e+01
  -3.8858618e+01  -8.8455026e+01
  -5.3986718e+01   7.5026567e+00
  -4.4708034e+01  -1.3970874e+00
  -6.3532939e+01   4.3259792e+00
  -5.9307710e+01   1.5669115e+01
  -1.9299678e+01  -9.3979832e+01
  -3.4601034e+01   9.8137127e+00
   9.8678742e+01  -8.5165664e+01
  -2.9147577e+01  -4.2883382e+01
  -7.5432308e+01   9.8142887e+01
   3.5208863e+01  -8.8018297e+01
   9.9372654e+01  -7.5446225e+01
  -1.3665523e+01  -6.9909395e+01
  -9.3247000e+01   4.6401971e+01
   9.9476442e+01  -6.4023085e+01
  -4.4428288e+00  -6.5681542e+01
   9.1262931e+01  -6.9869621e+01
  -9.7708668e+00  -6.0586846e-03
   9.0217410e+01  -5.6337614e+01
  -8.7174405e+01   1.9333764e+01
   9.7806054e+01  -3.7440317e+01
  -8.7800482e+01  -1.2056978e+01
  -7.4772811e+01  -9.5714030e+01
  -4.9461653e+01  -9.4772924e+01
  -5.1045129e+01  -7.5712629e+01
  -3.0599626e+01  -8.2938499e+01
  -7.9321179e+01  -8.6693542e+01
  -3.6028275e+01  -6.8155917e+01
   9.9831035e+01   4.1318607e+01
   9.8168876e+01   3.1457713e+01
   9.8854173e+01   2.0540855e+01
   8.8578255e+01   2.8625755e+01
   6.1316403e+01   2.9008425e+01
   5.4611873e+01   3.6266069e+01
   1.7469113e+01   4.0649640e+01
   3.1709450e+01   4.8343618e+01
  -5.5483874e+01  -6.7145297e+01
  -6.9111714e+01  -5.4143190e+01
  -6.6392448e+01  -4.3702912e+01
  -9.0984942e+00   8.7229519e+01
   7.5691761e+00  -9.6151370e+01
   6.4785393e+01   5.2989507e+01
   7.3682602e+01   5.9690041e+01
   3.4257065e+01  -2.6412240e+01
  -2.6728746e+01   8.7680337e+01
  -4.0430533e+01   6.3087164e+01
  -1.0448324e+01   9.7371961e+01
  -5.4335000e+01  -2.5154230e+01
   9.0718892e+01  -9.0402765e+01
  -1.7375374e+01   8.2835591e+01
  -9.1531924e+01  -3.9971364e+01
  -7.5299372e+01   7.5641193e+00
  -8.0921878e+01  -3.1216988e+00
  -6.9657010e+01  -2.9247650e+01
  -7.3867692e+01   5.6287342e+01
   3.3579753e+01   9.6361202e+01
