   3.0909838e+01   5.3489400e+01
   7.8754295e+01  -3.8982511e+01
  -3.8452115e+01   2.0232980e+01
   3.2084248e+01   3.8998713e+01
  -8.7833611e+01  -5.1418686e+01
   8.7698765e+01   2.6650376e+01
   4.4089511e+01   5.7133854e+00
   8.2857283e+00   7.9253512e+01
  -3.6321362e+01  -8.8566446e+01
  -6.4194920e+01   3.1039639e+01
  -7.2654218e+01  -5.2199788e+00
   2.1703121e+01  -8.8630759e+01
  -2.7170178e+01  -2.8304876e+01
  -3.0788445e+01  -4.9662258e+01
   2.8504927e+01  -1.6037301e+01
   1.6570672e+01  -1.7296387e+01
  -3.3551398e+01   4.8459916e+01
   2.8983996e+01  -6.6283477e+01
  -6.3052082e+01  -7.8080715e+00
  -5.5373785e+01  -1.5028303e+00
   7.1217573e+00  -6.8951990e+01
  -4.2450787e+01  -6.9999497e+01
   5.3154933e+01   2.3113134e+01
  -5.9100418e+01  -1.6825041e+01
  -1.7577697e+00   7.1252616e+01
  -3.4951797e+01   9.2216116e+01
   1.1913112e+01   1.5209379e+01
   5.0433714e+01   7.4952708e+01
   5.8804581e+01  -2.9150552e+01
  -2.8444431e+01   2.0643524e+01
   4.6415348e+01   4.1111072e+01
   4.8297224e+01   6.1931056e+01
   4.3264205e+01  -5.2428064e+01
   3.1504112e+01  -8.6647882e+01
   3.2234790e+01  -3.5083485e+01
  -4.6135724e+01   1.3764601e+01
  -9.4324155e+01   2.2591542e+01
  -7.5920296e+01   3.4912836e+01
  -4.6065992e+00  -6.3145181e+01
  -2.1420057e+01  -9.0782632e+01
   8.1778948e-02  -4.0560763e+01
  -4.4308260e+01   3.2003415e+01
  -4.0367562e+01   5.7982007e+00
  -3.3274760e+01  -5.9310358e+01
   1.3557140e+01  -5.4769185e+01
   3.7002966e+01   1.6749673e+01
  -1.9877927e+01   7.2007491e+01
  -5.9996652e+01  -4.5186840e+01
   2.4743357e+01   8.6236770e+01
   6.8209686e+01  -1.2690243e+01
   7.7682433e+01  -8.6138163e+00
  -2.1725496e+01   4.5564059e+01
   6.6259348e+01  -2.2494812e+01
  -3.6931851e+01   5.7825616e+01
   1.2222191e+01   5.9828298e+01
  -6.7072650e+00   5.8455609e+01
  -1.8200098e+01  -1.0870883e+01
   1.2796197e+01   2.5115748e+01
  -8.8622029e-01  -1.5768903e+01
   3.5821235e+01  -2.2800394e+01
   5.0621833e+01  -3.4880667e+01
  -4.4972560e+01  -8.3548640e+01
  -6.6399288e+01   2.1377433e+01
  -6.6144479e+01   5.0113132e+01
   9.4496971e+00  -3.6088897e+01
  -7.4025404e+01   1.4952405e+01
  -9.0722898e+01  -2.8912861e+01
  -3.9624339e+01  -1.0689480e+01
  -7.5121046e+01   4.4824594e+00
   5.6462053e+00  -7.8842455e+01
  -8.8781790e+01  -1.0580210e+01
   5.0812407e+01  -5.8978474e+01
   8.0726675e+01   9.0864900e-01
  -2.2555764e+01  -6.6292526e+01
  -1.7343552e+01  -2.5990547e+01
  -5.6371911e+01  -6.7120809e+01
  -3.2481568e+00   9.4152157e+01
  -8.3420561e+00  -3.0288489e+01
   8.2459533e+00  -1.1771282e+01
  -4.3568893e+01   8.7142961e+01
  -1.0967647e+01   6.7416632e+01
   6.2900629e+01   4.3864842e+01
   6.0691535e+01   1.6554782e+01
  -8.6125303e+01  -3.8127010e+01
   1.8828339e+01   8.0299965e+00
  -1.6438917e+01   3.4876438e+01
   2.8930947e+01   6.4604963e+01
   9.5211370e+00   6.9382498e+01
   8.9595410e+01  -3.7076654e+00
   8.4717314e+01  -3.0955195e+01
  -4.3676933e+01   4.9599142e+01
  -5.0048172e+01   7.1319552e+01
  -5.6752999e+01  -3.5756009e+01
  -3.0632546e+01  -3.9668540e+01
   2.3147140e+01   3.2509243e+01
   5.7381484e+01   5.2202042e+01
   3.8284491e+01   4.6835800e+01
  -7.9532967e+00   7.5911099e-01
   5.2832734e+01   7.4626323e-02
   3.7621429e-01   2.6667526e+01
   5.8979634e+01  -4.0962483e+01
   3.9203851e+01  -4.2318156e+01
   4.2984975e+01  -8.2473222e+01
   5.7452290e+01  -5.1220780e+01
   3.3394880e+01  -5.0880799e+01
   4.9565290e+01  -2.4861457e+01
  -5.9851735e+01  -7.9772700e+01
  -2.7904039e+01  -8.3173337e+01
  -7.8978599e+01   4.4428248e+01
  -1.3031157e+01  -6.9863089e+01
  -2.0257387e+01  -3.5483475e+01
  -7.5673749e+01   2.4955395e+01
  -6.7588715e+01   4.0345016e+01
  -5.4259124e+01   3.1544302e+01
  -5.7046229e+01   1.8028876e+01
  -8.3009362e+01   1.0610604e+01
  -2.4220758e+01  -1.8815664e+01
  -5.4526715e+01   8.4007418e+00
  -8.5905609e+01  -2.0154912e+01
  -7.9055599e+01  -1.2885023e+01
  -6.5518159e+01   1.7650284e+00
  -4.6340120e+01  -1.9302609e+01
  -5.5370537e+01  -2.5943998e+01
  -3.4473926e+01  -2.1351790e+00
   4.9328043e+01  -7.4742655e+01
   1.6287653e+00  -2.9870860e+01
  -6.4618794e+01   1.1606408e+01
  -8.5348357e-01  -9.4806186e+01
  -3.7137839e+00  -5.3197107e+01
   7.4979455e+00   3.3529170e+01
  -8.2349190e+01  -2.9396568e+00
   1.4383497e+01  -4.4804520e+01
  -1.7723921e+01  -9.2147453e-01
  -4.8689123e+01   2.3266141e+01
  -1.3140128e+01  -4.9984232e+01
   8.9352143e+01   6.2883807e+00
  -1.9528755e+01   8.1970293e+01
   8.8570379e+01   1.6256088e+01
  -1.5108389e+00   8.1237239e+01
  -4.3238060e+01  -6.0031952e+01
   2.4549375e+01  -7.6693052e+01
  -1.1816360e+01  -8.7996536e+01
   4.6267669e+00  -5.9268363e+01
  -4.5664535e+00  -7.5175947e+01
   4.4451039e+01  -5.3532159e+00
   2.5392334e+01   5.2963300e-01
  -3.8065464e+01   6.8487639e+01
  -2.9673289e+01   7.3994060e+01
   4.7250804e+01   3.1163567e+01
  -7.6201194e+01  -3.7091241e+01
  -6.2873467e+01  -5.6466660e+01
   7.1145112e+01   4.9511446e+01
   7.9635112e+01   2.0738134e+01
   3.6771896e+01   8.8195079e+01
  -4.3601054e+00   3.6502818e+01
  -1.9328877e+01   6.2074840e+01
  -1.0694768e+01   7.7331222e+01
   5.1209539e+00   8.8707908e+01
   6.2071543e+01   3.8750443e+00
   1.9543626e+01   6.8237573e+01
  -2.8968371e+01   3.8765449e+01
  -2.5835150e+01   5.4625888e+01
   2.7361626e+01   7.4477162e+01
  -5.3312932e+01   5.5605999e+01
   8.3986436e+01  -1.6373059e+01
   9.3385654e+01  -1.2960243e+01
  -6.5322088e+01  -2.4597965e+01
  -3.7761694e+00   4.8987389e+01
  -4.6352879e+01  -3.0073351e+01
   5.3910368e+00   5.2665851e+01
   2.1861103e+01   5.7549101e+01
   7.0926646e+01   6.6566124e+01
   2.3925704e+01   4.4763079e+01
   5.7876257e+01   6.4779976e+01
   4.6821267e+01   5.2040456e+01
  -3.8795779e+01   4.0133741e+01
  -8.3693476e+00  -9.1638521e+00
   5.3089924e+01   1.0066895e+01
   2.3764857e+00  -3.3814881e+00
   9.1179476e+00   5.6668953e+00
  -2.9120551e+01   6.4039012e+01
   2.1071248e+00   1.6922533e+01
  -7.9203290e+01  -2.7565352e+01
  -3.6554531e+01  -7.8163554e+01
  -8.5814919e+01   3.6113857e+01
  -4.8704684e+01   4.0903478e+01
   2.6456069e+01  -2.6923362e+01
   6.8978278e+01  -4.1085551e+01
   5.7436073e+01  -1.7781183e+01
   6.7882661e+01  -5.1024948e+01
   4.9760405e+01  -4.4834391e+01
   3.4538403e+01  -7.7121038e+01
   5.1780076e+01  -8.7231553e+01
   2.6748150e+01  -4.3440817e+01
   4.1391510e+01  -3.1075695e+01
   4.7828633e+01  -1.5009147e+01
  -5.0835493e+01  -7.5448102e+01
   2.2887654e+01  -5.8358307e+01
  -5.4913893e+01  -8.8487888e+01
  -3.1783652e+01  -9.7477428e+01
   7.1008211e+01  -3.1294462e+01
  -3.2114093e+01  -6.9219315e+01
  -2.0812581e+01  -7.6133239e+01
  -7.5343478e+01   5.3909119e+01
  -1.4069440e+01  -5.9929424e+01
  -8.4569705e+01   2.0473072e+01
  -8.5223511e+01   5.2540323e+01
  -9.5634052e+01  -1.7855541e+01
  -2.3384854e+01  -5.6338361e+01
  -8.9995750e+01   3.4766865e+00
  -9.9453739e+00  -4.0153277e+01
   5.6149457e+01  -6.7431674e+01
  -9.1194022e+01   4.4532067e+01
  -3.4705930e+01   2.9492805e+01
   3.6934187e+01  -6.0218951e+01
   4.0882538e+01  -6.9396035e+01
  -9.5624969e+01   3.4247351e+01
   1.0980784e+01  -9.0503784e+01
  -3.2455583e+01   1.1676455e+01
   2.9232643e+01   2.4586194e+01
  -1.0501819e+01   8.7291178e+01
   7.3853950e+00  -2.1713646e+01
  -6.9413917e+01  -1.5490392e+01
   1.5703557e+01  -2.7239078e+01
   2.1316779e+01   1.8517777e+01
   1.3432072e+01  -3.2708116e+00
  -2.1891684e+01  -4.5269190e+01
   1.9717468e+01  -3.6364319e+01
   6.9057104e+01   1.1019494e+01
  -5.2958645e+01  -5.7721000e+01
   5.3552430e+00  -4.9055755e+01
   9.9145317e+01   4.2657090e+00
   9.8143492e+01   1.9141282e+01
  -6.6337190e+01  -6.5845699e+01
  -1.4233070e+01  -9.7733991e+01
   3.8031195e+01  -1.3012370e+01
   1.5446237e+01  -8.0830230e+01
  -2.3036627e+00  -8.4913457e+01
   2.1731801e+01  -8.7492446e+00
  -3.6356430e+01  -2.0115708e+01
  -1.0350420e+01  -1.8921094e+01
  -3.8609388e+01   7.8466452e+01
  -2.9315301e+01   8.3969894e+01
   1.7058881e+01  -7.0068922e+01
   7.6373028e+01  -2.2855829e+01
  -2.2624970e+01   9.1458032e+01
  -7.7282715e+01  -5.6487043e+01
  -6.9301140e+01  -4.8811763e+01
   5.5543736e+01   3.7108855e+01
   3.7290511e+01   3.0473480e+01
   7.6549615e+01   5.7921181e+01
   6.1281898e+01   2.8937904e+01
   6.9641263e+01   2.0996092e+01
   4.1909618e+01   6.9695251e+01
   3.1732760e+01   8.2546845e+00
   3.6643360e+01   7.8196083e+01
   7.9050503e+01   1.0761582e+01
   3.5040089e+01  -2.0158407e+00
  -1.1980626e+01   4.3604474e+01
   1.3970999e+01   9.3338540e+01
   3.8503650e+01   5.9967239e+01
  -1.5108348e+01   5.3050505e+01
  -4.5869593e+01   6.2249036e+01
   1.8262928e+01   7.8621191e+01
  -2.4788359e+01   2.9755551e+01
  -5.6980272e+01   4.6327303e+01
  -6.6605547e+01  -3.4478543e+01
  -4.5483278e+01  -2.6323957e+00
  -2.8114050e+01  -9.7085366e+00
  -9.4415272e+00   2.7891966e+01
   9.1176430e+01  -2.3321293e+01
  -5.1319510e+01  -1.0645608e+01
   6.0731482e+01  -6.0543090e+00
   6.9977210e+01  -2.2434354e+00
  -3.6544062e+01  -3.1626491e+01
   2.5308002e+00   6.2236457e+01
   6.5409570e+01   5.8206172e+01
   1.5689509e+01   3.9143335e+01
   3.9952516e+00   4.2800455e+01
   1.4689515e+01   4.9069324e+01
  -7.9055069e+01  -4.6652042e+01
  -2.6445556e+01   3.7897992e+00
  -6.6383851e-01   7.4198416e+00
