   2.9339564e+01  -9.3403771e+00
  -2.0103079e+01  -2.4854713e+01
   3.3654470e+00  -2.2912898e+01
   3.4933218e+01   5.3577627e+01
   5.7936545e+01  -3.3183497e+01
  -6.0760148e+00  -3.8898017e+01
  -4.2046103e+00  -5.8372761e+01
  -2.7592397e+01   5.8412866e+00
  -1.2072716e+01  -7.8164739e+00
   1.2336473e+01   4.0216962e+01
   3.8474433e+01   6.7168398e+00
   9.8733950e+00  -4.2054007e+01
  -3.5275933e+01  -1.1576747e+01
  -6.7788096e+01  -3.2016242e+01
   5.1256197e+01   4.3244270e+01
   5.6695069e+01  -1.2886298e+01
   2.5176673e+01   5.1384623e+01
   3.6786704e+01   3.5276930e+01
   2.6682238e+01  -4.1476340e+01
  -1.3957859e+01  -3.2743662e+01
  -5.1839223e+01  -5.3108173e+00
  -3.3385214e+01   1.3992557e+01
   1.8463534e+01  -4.7173063e+01
   7.6257806e+01   1.2872968e+01
   3.3160632e+01   2.5957538e+01
   3.7087509e+01   1.6670521e+01
   2.4076180e+01   2.1777686e+01
   3.9731660e+01  -3.3373483e+00
  -2.3871760e+01   5.2101112e+01
   9.3192387e+00  -9.4705609e+00
   6.6400574e+01  -1.2920184e+00
   1.4225684e+01   6.8927770e+01
  -4.5920341e+01   3.9035033e+01
   9.7545990e+00   1.0669613e+01
   2.9166282e+01  -3.1789788e+01
   2.7611297e+01  -6.4974140e+01
   2.2197410e+01  -1.6339378e+01
  -3.4733080e+01  -7.2062146e+01
   2.0842933e+01  -2.6247169e+01
  -5.2265550e+01   3.1306021e+01
  -5.9580410e+01   2.4375074e+01
  -6.4388909e+01  -4.2548594e+00
   3.0301226e+00  -3.4762860e+01
  -2.8234637e+01  -1.9034358e+01
   1.8674471e+01  -6.9634960e+01
   5.3013594e+01   2.3543200e+01
  -3.2684413e+01  -3.4117337e+01
  -3.0030833e+01  -4.4042346e+01
  -6.0300129e+00   3.6831592e+01
   1.8974782e+01  -6.8685710e+00
  -1.3574675e+01   6.4956587e+01
   5.4475692e+00   5.1599692e+01
   1.1158601e+01   3.5881234e-01
  -3.0594117e+01   3.3646383e+01
   4.1710697e+01   4.6224690e+01
  -1.4295939e+01   5.4982667e+01
   3.8841503e+01  -3.4317486e+01
   4.0198762e+01  -2.4410043e+01
   3.5920756e+01  -4.5303778e+01
   2.7505406e+01  -5.1444065e+01
   1.5565787e+01  -6.0130464e+01
   1.8091956e+01  -3.6357137e+01
   1.1248437e+01  -2.9065682e+01
  -1.3865034e+01  -5.5789557e+01
  -4.0139830e+01   2.3340261e+01
  -6.3465217e+01   1.1468936e+01
  -6.9495543e+01  -1.2852649e+01
  -5.7560592e+01   3.0508681e+00
  -4.3376637e+01   1.3323900e+01
  -4.1913198e+01  -4.0977896e+00
  -4.8525042e+00  -2.8610287e+01
  -1.2052445e-01  -7.7933735e+01
  -2.2184751e+01  -5.0241801e+01
  -2.7794286e+00  -1.5023801e+01
  -1.0997267e+01  -2.0721488e+01
   5.4160160e+00  -6.1100661e+01
   5.6891469e+01   1.4325755e+01
   2.5404491e+01   3.2269577e+01
   4.3078253e+01   2.4677285e+01
   1.2713278e+01   2.0221664e+01
  -3.7571916e+01  -6.2473558e+01
   3.7776971e+01  -1.4707758e+01
   3.0534254e+01   5.8783208e-01
   5.6669082e+01   3.4835915e+01
   4.7087830e+01  -1.0111286e+01
  -4.9671122e+01  -2.3584751e+01
   4.7013031e+01   1.2771286e+01
  -1.1779726e+01   2.8650146e+01
  -5.2876194e+00   7.3248403e+01
  -2.1982934e+01   7.0369624e+01
   1.4274209e-01   1.4202580e+01
   8.0138484e+01  -1.5757997e+01
   1.9930548e+00   4.3649497e+00
   3.3453236e+01   6.3467494e+01
   4.9124784e+01  -1.9901619e+01
  -2.1775678e+01   2.8930987e+01
  -3.7997230e+01  -2.1198487e+01
  -2.9005310e+01   4.3519356e+01
   2.2218406e+01   4.1748426e+01
   1.5308770e+01   4.9764899e+01
   2.0814148e+01   2.9608088e+00
   3.1954165e+01   4.4031699e+01
   5.0347625e+01   5.3202907e+01
   1.5664404e-01  -5.4647660e+00
   4.8215950e+01  -3.0836172e+01
   4.5523527e+01  -4.1757250e+01
   3.4744344e+01  -7.1982680e+01
  -2.4940635e+01  -7.0035335e+01
   3.0525447e+01  -2.1874979e+01
   1.2540981e+01  -1.8937336e+01
  -4.9981835e+01   2.1570351e+01
  -2.3952361e+01  -6.0084306e+01
  -6.8597412e+01   2.0051481e+01
  -1.9128895e+01  -1.4901923e+01
  -2.6060869e+01  -7.6948561e+00
  -6.7364445e+01   3.0652689e+01
  -7.1362383e+01  -2.2676841e+01
  -3.7620425e+01   4.9338136e+00
  -5.3492603e+01   1.2207049e+01
  -4.5442585e+01  -1.4522811e+01
  -1.5123844e+01  -4.3160597e+01
  -5.8292909e+01  -1.2949466e+01
  -1.3384524e+01  -6.5777945e+01
  -9.7414821e+00  -7.5090714e+01
  -8.8246841e-01  -4.7443593e+01
  -3.0140559e+01   2.3451426e+01
   3.4931934e+01  -5.8140719e+01
   6.5106593e+01   8.6238880e+00
   8.5438649e+00  -7.0598827e+01
  -1.7567614e+00  -6.8068518e+01
  -4.7617435e+01   4.1152498e+00
  -3.2125502e+01  -5.4086868e+01
   9.6722597e+00  -5.2051789e+01
  -2.3069105e+01  -3.6864055e+01
   2.9218006e+01   1.0500652e+01
   1.9506236e+01   1.2883092e+01
   4.7660896e+01   2.7661146e+00
  -3.7221579e+00   6.3245496e+01
   6.2498512e+01   2.6710802e+01
  -2.7356670e+01   6.1936187e+01
   4.6704388e+01   3.3996615e+01
  -5.8356201e+01  -3.8172715e+01
  -5.8555435e+01  -2.8174709e+01
   2.7306979e+00   3.1771340e+01
   2.3702777e+01   6.5687518e+01
   5.6518810e+01  -2.8251982e+00
   4.1807075e+00   6.9372868e+01
   7.3782849e+01  -8.0375182e+00
  -1.0839046e+01   4.5599244e+01
   6.6493600e+01  -1.4883453e+01
  -1.6975624e+01   3.7703568e+01
  -4.1547852e+01   4.8028409e+01
   6.7824793e+01   1.8247352e+01
  -4.2225059e+01  -3.0259534e+01
  -3.3655536e+01   5.4169330e+01
   1.2609772e+01   3.0220896e+01
   2.5046889e+00   4.2042621e+01
  -4.4120540e+00   5.3269324e+01
   1.1960709e+01   5.9187705e+01
   4.2795191e+01   5.9757348e+01
  -1.9232013e+01  -3.9036060e-01
  -3.1142017e+00   2.3657331e+01
  -7.4393828e+00   1.0449574e+00
