  -7.2575208e+01   2.7092421e+01
   2.7125229e+01  -4.3968761e+01
   3.8647890e+01  -6.6341151e+01
  -7.8705405e+01   7.6651850e+01
   5.4427712e+01  -3.4595034e+01
   4.2096910e+01  -5.6954764e+01
  -7.1226806e+01   1.7183756e+01
  -7.8739709e+01   3.4966351e+01
  -9.2451926e+01   1.9075903e+01
   2.8949957e+01  -6.3901868e+01
   5.0579808e+01  -6.3365060e+01
  -5.9564440e+01   4.2396356e+01
  -5.3071096e+01   2.4826438e+01
  -6.6117094e+01   4.9950344e+01
  -9.0674333e+01   5.5430917e+01
   3.0734010e+01  -8.7320776e+01
   1.6810553e+01  -4.2128258e+01
   3.7124453e+01  -4.3844178e+01
   3.0961574e+01  -5.4106288e+01
  -5.5838243e+01   5.3123039e+01
  -8.1286824e+01   8.2798654e+00
  -8.4345615e+01   4.7687730e+01
  -8.2537306e+01   6.1243721e+01
  -5.7891467e+01   3.6446308e+00
  -6.8797434e+01   3.6351378e+01
  -7.4961941e+01   4.4225288e+01
  -9.0881305e+01   5.4610138e+00
  -9.7946800e+01   4.0292822e+01
  -9.4659394e+01   3.0848623e+01
   4.6453693e+01  -4.7444910e+01
   2.6607867e+01  -7.8211718e+01
   2.7759959e+01  -3.3988926e+01
   5.0558324e+01  -8.4941250e+01
   5.4025182e+01  -5.3977334e+01
   1.0512585e+01  -5.0529831e+01
   2.0471627e+01  -5.1433984e+01
   1.0032781e+01  -6.6991571e+01
   6.2550723e+01  -7.0747297e+01
   4.4861663e+01  -3.7508914e+01
  -4.9907444e+01   4.4992975e+01
  -8.2355068e+01  -1.6629089e+00
  -7.5424643e+01   5.4214532e+01
  -8.6522423e+01   7.0415334e+01
  -6.2338502e+01   1.2601406e+01
  -6.2972443e+01   2.2912085e+01
  -5.9617236e+01   3.2386063e+01
  -4.7391378e+01   3.3194322e+01
  -9.8902104e+01   1.1433180e+01
  -8.1166627e+01   1.8279134e+01
   5.6800371e+01  -4.4323370e+01
   4.0715001e+01  -8.6704483e+01
   3.7294022e+01  -3.0972033e+01
   3.7163155e+01  -7.6774488e+01
   1.6834925e+01  -3.2128288e+01
   2.1053847e+00  -4.5115131e+01
   6.1313641e+01  -6.0824110e+01
   1.8158342e+01  -6.1162741e+01
   5.3729426e+01  -7.5457363e+01
   1.9623713e+01  -7.1054792e+01
  -9.5465977e+01   7.4888887e+01
  -8.8121464e+01   3.8427949e+01
  -8.5274121e+01   2.7396602e+01
