  -9.4430450e+01   2.6320115e+01
  -4.6209475e+01   7.4133362e+01
   4.1783280e+01   8.3658810e+01
  -3.2863407e+00   7.9494622e+01
  -1.1245414e+01   6.2548013e+01
  -2.0392637e+01  -2.7694610e+00
   3.4933843e+01  -1.2985813e-01
  -3.0840764e+01  -5.5317572e+01
   1.5566979e+01  -6.5303340e+01
   1.1613985e+01   2.7551746e+01
  -1.7965255e+01   3.8413690e+01
  -6.8462068e+01   1.2887672e+01
  -7.5887069e+01   4.6988524e+01
   8.3053042e+01  -5.1856536e+01
   8.4319540e+01  -6.3428181e+01
   4.9431557e+01   1.4986389e+01
   1.6600695e+01  -1.4132477e+01
   2.3631398e+01  -5.9403647e+01
  -8.0499363e+00  -7.8085112e+01
   2.3675662e+01  -7.1155431e+01
  -5.2499404e+01  -5.7962027e+01
  -2.3293139e+01   4.6782658e+01
  -8.1762064e+01   3.9022967e+01
  -9.4299991e+01   1.1584810e+01
   2.6696759e+01  -1.9714159e+01
   5.4275697e+01  -4.4616094e+01
  -1.7353085e+00  -1.4927682e+01
   1.5361822e+01  -3.4212272e+01
  -9.0452690e+01   5.7241401e+01
  -2.6778620e+01   4.7397861e+00
   7.9449121e+01  -4.2607977e+01
   2.7003708e+01  -8.2265667e+01
  -4.8958978e+01   1.6212402e+01
  -6.3198232e+01  -8.3910743e+00
  -8.5413432e+01  -9.4724505e+01
   7.9842637e+01   2.0804623e+01
   3.4354770e+01   5.7876747e+01
   9.7365986e+01  -1.0769788e+01
  -3.4882895e+01   2.7598393e+01
   2.7378604e+01   3.9443982e+01
   5.2163582e+01  -3.3651055e+01
  -6.2970186e+00   5.4067099e+01
  -5.4529640e+01  -3.2612455e+01
  -3.6305333e+01  -2.1725942e+01
   2.3164753e+01   8.9134395e+01
   5.6144070e+00   7.0218881e+01
  -5.2232405e+01   4.4026556e+01
  -7.6823329e+01  -4.7433881e+01
   5.9011879e+01  -8.8399344e+01
   3.1440266e+01   2.0568225e+01
  -8.3392113e+01  -6.5034597e+01
   8.5801548e+01  -3.4946887e+01
   1.1372312e+01  -4.3698133e+01
  -5.2992469e+00  -3.3909487e+01
  -1.5314650e+00  -2.4752992e+01
  -3.9914150e+01  -5.9103365e+01
  -8.4963895e+01   9.1182603e+01
  -1.1846683e+01  -8.7335755e+01
  -5.9295193e+01  -9.5458151e+01
   1.8583506e+00  -7.9410380e+01
  -2.4548135e+00  -9.2688211e+01
   9.2614498e+01   7.9861129e+00
   8.9351215e+01   3.9363785e+01
   8.6661438e+01  -8.2193353e-01
   2.6650846e+00   3.1649016e+01
  -6.3990568e+01  -6.2568723e+01
  -6.4980543e+01   9.1637602e+01
   9.6425789e+01  -9.8656761e+01
  -6.9907853e+01  -1.5665032e+01
  -5.1959994e+01   3.4096809e+01
  -7.3209103e+01   2.9361528e+01
  -7.0718832e+00   3.3403312e+01
  -4.5046699e+01  -1.7552163e+01
  -4.0218539e+01   3.5904070e+01
  -2.0868956e+01  -2.2514270e+01
  -5.5202847e+01  -1.3699623e+01
   3.8190137e+01  -4.5088433e+01
   7.4285826e+01   4.9970619e+01
  -7.5197222e+01  -3.7702196e+01
   4.5865672e+01   3.3939438e+01
   2.3786519e+01   6.9378917e+01
  -7.0943216e+01   3.8811445e+01
   7.0838265e+01  -2.2265877e+01
  -9.7272870e+01  -6.4829870e+00
  -5.5673127e+01   5.3311913e+01
   6.2954359e-01   6.1186354e+01
   7.8002672e+01   2.8378710e+00
  -3.0598328e+01   6.4799826e+01
  -8.9622708e+01  -5.6888504e+01
  -8.7906315e-01  -5.0194304e+00
   7.4387532e+01  -6.3373830e+01
   5.1926146e+01  -8.1349271e+01
   1.9171723e+01   8.9137177e+00
   8.7035756e+00  -7.9263865e+00
   4.1949700e+01  -8.0787536e+01
  -1.6920014e+00  -5.6178684e+01
  -1.0465358e+01  -9.8674126e+01
  -5.5428851e+01  -2.2639267e+00
  -2.5151967e+01  -6.3392516e+01
   1.7571653e+01  -5.1516423e+01
  -6.6197439e+01   2.2456487e+01
  -3.8107440e+01  -9.8640201e+01
  -5.8125336e+01  -8.5053391e+01
  -4.8143248e+01  -8.5702530e+01
   8.9585018e+01   1.8427597e+01
   5.8093985e+01   1.9860760e+01
   5.8399005e+01  -9.1440210e+00
   6.8115953e+01   2.1676390e+01
   4.1386925e+01   4.6481940e+01
   1.7982407e+01   5.2797513e+01
  -2.9438499e+01   1.8030971e+01
  -3.5907322e+01   1.8661410e-01
  -3.5504556e+01   8.4156626e+01
  -1.3497784e+01   7.3473225e+01
   4.0857012e+01  -9.6275994e+01
  -1.6431857e+01   5.3955628e+01
  -4.2661258e+01   9.1136146e+01
   3.9113294e+01  -9.1136270e+00
   3.9488889e+01  -3.5305474e+01
   3.3098597e+01   8.8491203e+01
  -1.7188278e+01  -4.3955394e+01
  -2.4632083e+01  -3.1626130e+01
  -1.1369683e+01  -2.5072514e+01
  -6.8452006e+01   8.2276845e+01
   4.2769167e+01   6.3069616e+01
   4.7515786e+01   5.4297038e+01
  -7.9086967e+01  -1.2143688e+01
  -2.5057243e+01   2.6863632e+01
  -8.0803651e+01   8.2428448e+01
   7.0989076e+01  -3.7504611e+01
  -7.9436931e+01  -5.6626737e+01
  -9.9360652e+01   9.7963045e+01
   4.7534559e+01   5.3570614e+00
   1.5042990e+01   7.4628473e+01
  -9.1758178e+01   6.8106281e+01
  -8.3578447e+01  -3.2295823e+01
  -3.5652338e+01   7.3346727e+01
  -7.8592978e+01  -7.3570446e+01
   1.1103008e+01   9.3544328e+01
  -9.8034163e+01  -6.4663818e+01
   9.7498782e+01  -2.0159841e+01
   8.1918796e+00   1.8653077e+01
  -9.0356109e+01   7.1719008e-01
   2.1620269e+01   1.8601735e+01
   9.0802284e+00  -8.6322187e+01
   3.9993016e+00  -3.7157189e+01
   7.7245786e+00  -2.7978259e+01
   6.8867432e+01  -9.0048187e+01
   3.2017608e+01  -6.4801799e+01
   6.4725688e+01  -6.1179174e+01
  -7.7187063e+01   1.9914847e+01
   3.6377560e+01  -5.5057915e+01
   4.1537847e+01  -6.8968730e+01
   2.7646982e+01  -5.0180482e+01
   5.9041642e+00  -6.2739214e+01
   5.7361644e+01  -7.2972802e+01
   3.3683258e+01  -7.4933425e+01
  -7.1062371e+01  -2.8309992e+00
   4.9419667e+01  -9.1137040e+01
  -3.9793347e+01  -7.7530006e+01
   9.3755521e+01  -2.9058838e+01
   7.3160886e+01  -5.3273091e+01
   6.5474238e+01  -4.6889546e+01
   1.6784182e-01  -4.6366736e+01
  -1.1350147e+01  -5.8539219e+01
  -9.5383807e+01  -2.9246956e+01
  -1.9570108e+01  -1.2656830e+01
  -2.9054373e+01  -6.6667412e+00
  -7.1583136e+01  -8.0502127e+01
  -2.9264548e+01  -9.3068613e+01
  -6.7219299e+01  -8.9416035e+01
   7.5529300e+00  -1.8069125e+01
  -2.0512740e+01  -8.2351918e+01
   8.3118413e+01   1.1070819e+01
   6.8484597e+01   3.3631819e+00
   9.3084288e+01   4.8699759e+01
  -1.0944901e+01   4.5368771e+01
  -1.7708760e+00   4.1348066e+01
   6.2640563e+01   4.3449778e+01
   2.3835286e+01   7.9253465e+01
   2.4691917e+01   5.9636624e+01
   6.3503385e+01   1.1745640e+01
   7.3374597e+01   1.3181475e+01
  -2.7700057e+01   3.6404069e+01
  -3.2926748e+01   4.4760097e+01
   2.7424244e+01   2.9532316e+01
  -5.9447598e+01  -5.0806605e+01
  -4.2630812e+01   4.5455722e+01
  -1.8134770e+01   9.3567746e+01
  -5.9225536e+01  -4.0861165e+01
  -3.9399842e+01   1.8817208e+01
  -2.6032853e+01   7.7369933e+01
   8.2844663e+01  -9.6335391e+01
   7.3220599e+01  -9.9046784e+01
   3.9315300e+01  -1.8862226e+01
   6.4933629e+01   6.3488072e+01
  -8.5689921e+01   4.8509706e+01
  -9.1332526e+01   3.6209074e+01
  -8.3094761e+01   2.8740807e+01
  -6.5810043e+01   5.0058057e+01
  -7.6821192e+01  -2.2862069e+01
  -6.2823292e+01  -2.2420614e+01
   2.5623762e+00   4.9796530e+01
  -6.1722778e+01   3.1265916e+01
  -4.3397629e+00   6.9657083e+01
   1.4088829e+01   6.4869757e+01
  -4.7342853e+01  -7.9519691e+00
  -3.7931402e+01  -1.0641048e+01
   3.6247168e+01   3.5376195e+01
  -2.0799434e+01   6.4835277e+01
  -1.5534427e+01   2.8859213e+01
  -6.5783798e+01  -7.2382172e+01
  -8.8529869e+01  -2.1980501e+01
   3.3693450e+01   7.7809890e+01
  -6.1488756e+01   4.1132583e+01
  -4.5783752e+01   5.4688437e+01
  -5.4464761e+01   2.4487033e+01
   2.4477976e+01  -3.0267690e+01
  -5.4656078e+01   7.5442760e+01
  -3.1409090e+01  -3.8761280e+01
   6.1694109e+01  -1.8505629e+01
   6.8688791e+01  -1.1859173e+01
   4.4624781e+01  -2.7090057e+01
   6.3130623e+01  -2.8309943e+01
   3.3709675e+01   6.7832220e+01
  -8.9472398e+01   7.8035462e+01
  -4.5600737e+01  -2.8774823e+01
   5.2333246e+01   6.9357671e+01
   2.1148305e+01  -4.2263199e+01
   3.0376240e+01  -3.8984048e+01
  -7.3644694e+01  -6.4880391e+01
  -8.2592477e+01   7.2334758e+01
  -8.6501652e+01  -4.7419529e+01
   3.9741817e+01   2.6009413e+01
   1.0684263e+00   8.8956287e+01
  -3.5738569e+01   5.4207437e+01
   8.5272947e+01  -2.3863820e+01
  -9.6331345e+01  -4.7220423e+01
  -1.5123464e+01  -3.4285929e+01
   6.0243992e+00   7.5733010e+00
  -2.0009286e+01  -5.3805074e+01
   6.6896658e+00   8.0154592e+01
   4.9606747e+01   2.4855151e+01
   4.7752002e+01  -4.4304723e+00
  -5.0467328e+01   6.3167102e+01
   8.8127588e+01  -1.4217912e+01
  -4.4860809e+01   2.7098164e+01
  -3.8745111e+00   2.4033750e+01
   2.8766964e+01   1.1075995e+01
   9.1075930e+01  -4.4930586e+01
   6.5015587e+01  -8.0450459e+01
   1.9845735e+01   9.8509056e+01
  -2.8509049e+01  -1.6340218e+01
   2.6158842e+00   9.8835705e+01
   5.5658074e+01   5.9948963e+01
   9.9864783e+00  -7.3593616e+01
   5.8478481e+01  -9.8370277e+01
  -2.7815248e+01   9.7667799e+01
  -1.0195750e+01  -1.0208916e+01
   6.7423799e+01  -7.0777591e+01
  -8.7760672e+01  -7.7338162e+01
  -9.8911258e+01   7.6603037e+01
   2.0256186e+01  -5.0269010e+00
  -8.3010647e+01   6.3384872e+01
   7.7113459e+00  -5.2931999e+01
  -2.7391944e+01  -7.3352259e+01
   2.6382943e+01  -9.2944694e+01
   1.7196382e+01  -8.0502716e+01
   4.5635195e+01  -6.0066646e+01
   5.5015161e+01  -6.3283932e+01
  -3.8614102e+01  -8.8661455e+01
  -5.3571281e+01   7.4346657e+00
  -4.5588839e+01   1.7104268e+00
  -6.3206955e+01   4.4112299e+00
  -5.8951001e+01   1.5668955e+01
  -1.9307927e+01  -9.3999042e+01
  -3.5173966e+01   9.9648772e+00
   9.9441008e+01  -8.5226971e+01
  -2.6592474e+01  -4.6663175e+01
  -7.5736801e+01   9.9502047e+01
   3.5122516e+01  -8.8087941e+01
  -1.3711210e+01  -6.9843411e+01
  -9.5297450e+01   4.5866688e+01
   9.9476442e+01  -6.4023085e+01
  -4.4699516e+00  -6.5777420e+01
   9.1575584e+01  -7.0271004e+01
  -1.1201343e+01  -4.8076612e-01
   9.1736901e+01  -5.6751925e+01
  -8.7175672e+01   1.9437660e+01
   9.8173397e+01  -3.7904673e+01
  -8.8992319e+01  -1.2008881e+01
  -7.4889691e+01  -9.5814828e+01
  -4.9310997e+01  -9.5600357e+01
  -5.0381739e+01  -7.6028683e+01
  -3.0493280e+01  -8.2852328e+01
  -7.9405168e+01  -8.6732739e+01
  -3.6001660e+01  -6.8285363e+01
   9.9831035e+01   4.1318607e+01
   9.8168876e+01   3.1457713e+01
   9.9247978e+01   2.0637791e+01
   8.8578255e+01   2.8625755e+01
   6.1246275e+01   2.9184555e+01
   5.5171599e+01   3.6999879e+01
   1.8411892e+01   4.3395078e+01
   3.1600200e+01   4.8379696e+01
  -5.5382038e+01  -6.7479047e+01
  -6.9545782e+01  -5.4354546e+01
  -6.7804528e+01  -4.4596580e+01
  -8.8618132e+00   8.7749815e+01
   7.5615982e+00  -9.6200672e+01
   6.4790575e+01   5.3151545e+01
   7.4245009e+01   5.9948479e+01
   3.3830396e+01  -2.7077266e+01
  -2.6109071e+01   8.7542242e+01
  -3.9989318e+01   6.2492842e+01
  -9.1911036e+00   9.8032293e+01
  -5.3182215e+01  -2.3017178e+01
   9.0855255e+01  -9.0351940e+01
  -1.7433124e+01   8.2619468e+01
  -9.1458316e+01  -3.8439386e+01
  -7.5377732e+01   5.9432794e+00
  -8.0922119e+01  -2.3593989e+00
  -6.9487141e+01  -2.9648834e+01
  -7.7016586e+01   5.6303996e+01
   3.4401987e+01   9.8387718e+01
  -8.4732013e+01   8.9773490e+00
   4.8740239e+01  -1.4286596e+01
   5.8108172e+01  -5.3778720e+01
   5.3720078e+01  -2.3836490e+01
   4.3452347e+01   9.3571621e+01
   4.6454142e+01  -5.0362925e+01
   7.7271200e+01  -2.9822210e+01
  -9.7672362e+01  -1.7225756e+01
   6.1194175e+01  -3.7871350e+01
  -4.1323660e-01   1.4696552e+01
  -7.4584601e+01   8.9819840e+01
   1.8697474e+01   3.3900478e+01
   1.6788396e+01  -2.4011084e+01
   3.8435394e+01   9.2105434e+00
   1.2988727e+01   1.1602837e+00
   2.9326705e+01  -8.4546873e+00
  -3.6572503e+01  -3.1208847e+01
  -3.2291754e+00   4.7359371e+00
   5.0838070e+01   7.9526327e+01
  -5.9272696e+01   8.3532561e+01
   7.7047061e+01  -6.8466936e+00
   7.8627883e+01  -1.6505017e+01
   9.1993009e+00   5.6552494e+01
   4.3036945e+01   7.3025673e+01
  -5.5080366e+01   9.2231760e+01
  -9.3804744e+01   8.6510305e+01
   5.6340356e+01   6.0991698e-01
  -7.4490481e+01   7.5658917e+01
   9.6037579e+01  -1.5238987e+00
  -9.1134440e+01  -6.9350492e+01
  -4.3819522e+01   6.8889817e+01
