   2.7240105e+01   9.1702611e+00
   2.0552276e+01  -1.3578958e+01
  -2.4674576e+01  -1.0852150e+01
   4.2090465e+00   2.7087302e+01
   5.3881013e+00  -2.9291226e+01
  -5.4635784e+00  -9.4943659e+00
  -1.2638824e+00   7.9734701e+00
   7.8183308e+00  -9.0166128e+00
  -8.9386562e+00   2.7920879e-01
   1.3302793e+00  -1.6832179e+01
  -1.3094768e+01  -1.7354143e+01
   2.0850701e+01  -3.5834119e+00
   9.0875685e-01  -1.7876584e+00
   1.2454058e+01   2.1376783e+01
   1.1679780e+01  -1.8240994e+01
  -1.5259216e+01  -7.4830258e+00
  -3.8538909e+00  -2.5383458e+01
  -2.1693758e+01   1.7182001e-01
   1.7310224e+01   1.0352409e+01
   1.2207153e+01   1.4454139e+00
  -6.4248391e-01   1.8343010e+01
   7.5769747e+00   1.2646717e+01
  -6.4644906e+00   2.6473503e+01
