  -7.4226853e+01   2.6732598e+01
  -7.3408449e+01   8.3056965e+01
   6.0689185e+01  -2.9430215e+01
   4.6466850e+01  -5.1676606e+01
  -7.1061386e+01   1.7247883e+01
  -9.2374005e+01   1.9380911e+01
  -5.3994658e+01   2.2731697e+01
  -6.2440019e+01   4.2693592e+01
  -9.9001965e+01   5.5194731e+01
   2.8423483e+01  -8.6307149e+01
   1.7512579e+01  -4.9393048e+01
   3.8154694e+01  -4.6133047e+01
  -4.8113671e+01   5.2471428e+01
  -8.5127364e+01   9.2293596e+00
  -7.9963295e+01   6.6044562e+01
  -5.5380419e+01   6.0018225e+00
  -7.6510820e+01   3.6467112e+01
  -9.3007952e+01  -2.8034308e-01
   2.0154157e+01  -8.0684221e+01
   2.7826372e+01  -3.3282797e+01
   6.1622896e+01  -8.8348872e+01
   5.5673905e+01  -5.5552731e+01
   7.8236141e+00  -5.2310032e+01
   2.7354758e+00  -6.2806964e+01
   6.7804958e+01  -7.1279215e+01
   3.8112059e+01  -3.6135235e+01
  -4.1158379e+01   4.5287186e+01
  -8.4492220e+01  -9.3692139e+00
  -8.0366927e+01   5.6053201e+01
  -8.9320047e+01   6.9571590e+01
  -6.0666956e+01   1.4740292e+01
  -6.3883546e+01   2.4207957e+01
  -5.6898660e+01   3.4109774e+01
  -3.9002282e+01   3.5522685e+01
  -8.1001669e+01   1.8338602e+01
   6.3357414e+01  -3.9067302e+01
   4.2565894e+01  -9.7139443e+01
   3.9540838e+01  -2.6239002e+01
   3.6311410e+01  -7.8306742e+01
   1.8235722e+01  -2.5228054e+01
  -1.0747461e+00  -4.7747281e+01
   6.2575512e+01  -6.2771218e+01
   1.4740367e+01  -5.9532037e+01
   4.7807490e+01  -7.3889005e+01
   1.8798811e+01  -6.8671359e+01
  -8.5774891e+01   4.0226838e+01
  -8.4171498e+01   2.7822895e+01
  -5.1025967e+01   4.2203615e+01
  -5.8082047e+01   5.1691598e+01
  -7.5147295e+01   8.1229792e+00
  -8.0952765e+01  -1.7404321e-02
  -8.9779335e+01   5.9430049e+01
  -6.8726465e+01   5.0470354e+01
  -8.9906234e+01   7.9805988e+01
  -5.5442420e+01  -3.9980621e+00
  -8.0610574e+01   7.6119429e+01
  -9.5120940e+01   9.5876532e+00
  -6.5391512e+01   5.9271221e+00
  -7.7849709e+01   4.6376062e+01
  -4.4167124e+01   2.0886419e+01
  -4.7603503e+01   3.0422348e+01
  -6.6891663e+01   3.3741839e+01
   5.0968902e+01  -3.1778775e+01
   4.6896876e+01  -4.0912115e+01
   5.5751193e+01  -4.5556755e+01
   3.8258634e+01  -8.8114854e+01
   4.8229656e+01  -8.8873019e+01
   3.1771025e+01  -9.5801323e+01
   2.9921921e+01  -2.3504971e+01
   1.1830563e+01  -3.2907184e+01
   2.8584800e+01  -4.3253709e+01
   3.9396072e+01  -5.8745912e+01
   3.9232958e+01  -6.8743686e+01
   1.9298918e+01  -3.9554039e+01
   4.0072031e+00  -3.9135090e+01
   6.9739150e+01  -5.5796037e+01
  -9.2029160e+01   4.8027827e+01
   2.4840555e+01  -6.0584886e+01
   2.7392547e+01  -7.3784538e+01
   8.9887027e+00  -7.0610610e+01
   5.7817507e+01  -7.1715530e+01
   5.4635845e+01  -8.1195013e+01
   5.0733298e+01  -6.4325487e+01
  -9.8558787e+01   7.3397747e+01
  -9.2719843e+01   3.3032584e+01
  -9.9016819e+01   4.0812788e+01
