  -7.3980550e+01   1.2427978e+00
  -8.9782664e+01   2.6293449e+01
  -2.7091696e+00  -4.5093521e+01
  -5.0413058e+01   6.8466183e+01
  -8.6342540e+01  -2.3157550e+01
   6.5075642e+00  -2.7210167e+01
  -2.0229852e+01  -3.5798036e+01
   1.3460722e+01  -8.3624317e+01
   4.7292036e+01  -9.9896519e+01
  -6.2657704e+01   2.7721511e+01
  -7.2547776e+01   1.1133410e+01
   6.7595512e+01  -2.5534248e+01
  -1.9689721e+01   6.1598998e+01
   9.4250550e+01  -4.1432677e+01
   2.8347401e+01   6.5791216e+01
  -8.7966331e+01  -4.9185094e+01
   4.5888551e+01  -2.9225581e+01
   4.8295466e+01   4.2108570e+01
  -2.0377979e+01  -5.7554978e+01
  -2.7263299e+01  -7.6762762e+01
  -1.2794212e+01   7.8570250e+01
  -4.0429165e+01   6.8959696e+01
  -2.8456881e+01   6.6449943e+01
   2.2541282e+00   2.7592042e+01
  -2.3921857e+00   6.1448653e+01
  -2.7043421e+01   1.5433283e-01
  -3.8034596e+01  -2.2739435e+01
   6.9190590e+00   5.7820528e+01
  -4.4387132e+01  -1.5044939e+01
   4.0217041e+01  -5.5733383e+01
   5.6643062e+01  -9.6378351e+01
   2.7726541e+01  -3.4477040e+01
   6.5763354e+01  -9.2290874e+01
   4.1711598e+01  -1.4523951e+00
   3.2471752e+01   2.3524695e+00
   5.8178981e+00   1.0330770e+00
  -3.0800558e+01  -5.0155114e+01
   3.6344266e+01  -6.4940092e+01
   9.4926114e+01  -8.1486982e+01
   6.1395117e+01   4.4474864e+00
   5.6524026e+00  -5.5781695e+01
  -4.0906923e+01  -5.6830128e+00
   8.4264580e+01   2.0482591e+01
   1.6239892e+01   2.5995113e+01
   6.4138807e+01   1.8148085e+01
  -1.9031664e+01   3.9324885e+01
   2.1399371e+01   4.4097215e+01
  -7.0900456e+01  -6.7635295e+01
   7.4792122e+01  -3.5532868e+01
  -6.3913854e+01   6.0900060e+00
  -7.3000408e+01   5.2285561e+01
  -2.4229252e+01   8.0554766e+01
   9.4277562e+01  -9.7486849e+01
   4.0635925e+00   8.0827549e+01
  -9.7821639e+01  -1.4992553e+01
  -7.8021081e+01  -5.0146539e+01
  -7.0778006e+01   7.8842494e+01
   7.1089534e+01  -6.3448255e+01
   8.0919621e+01  -6.5041446e+01
   2.0688418e+01  -1.2858256e+01
   4.6440612e+01   1.6277187e+01
   3.3911330e+01  -7.6793765e+00
   1.0817526e+01  -1.1733473e+01
   3.1280010e+01  -5.1482749e+01
  -7.7119512e+00  -7.4310890e+01
   2.7340720e+01  -6.0624739e+01
   3.5882501e+00  -8.4931060e+01
   9.7708353e+01   1.9505655e+01
   5.2805792e+01   2.3838541e+01
  -3.5825091e+01   4.9991835e+01
   3.1577302e+01   3.1161580e+01
   6.3527478e+01  -1.5938378e+01
   1.0045044e+01   3.3831245e+01
  -4.5747525e+01   4.9526953e+01
  -5.2307794e+01  -5.8099249e+01
  -3.4946577e+01   1.8098745e+01
   4.7430192e+01  -9.7502829e+00
  -3.6478161e+01   9.1875038e+01
  -9.4234079e+00   3.6793463e+01
  -2.7502971e+01   4.4538990e+01
  -1.5473443e+01  -1.0681778e+01
  -2.9769229e+01  -4.0206733e+01
  -5.9445755e+01  -2.4654630e+01
  -8.1792171e+01   3.4429134e+01
  -8.2213042e+01   8.6086437e+00
  -9.1805366e+01   9.3401624e+01
   2.4056568e+01  -2.5183669e+01
   4.6440551e+01  -8.9196568e+01
  -7.8394741e+01  -2.9223477e+01
  -9.7017059e+01  -4.4943179e+01
  -7.8268099e+01   8.9173146e+01
  -9.9980411e+01   6.6177116e+01
   5.4975690e+01  -3.3571989e+01
   6.5802422e+01  -4.5034587e+01
   4.8482219e+01  -6.1242945e+01
  -7.7363616e+00  -4.3263221e+00
   1.8273636e+01  -4.0364895e+01
  -1.1196233e+01  -3.1548951e+01
  -4.5164080e+01   2.5508306e+01
  -7.9752404e+01   5.9652324e+01
  -2.9393717e+01   9.8247903e+00
  -3.5034136e+01  -7.0461521e+01
  -1.9969198e+01  -8.6771181e+01
   6.5901311e+01  -5.4982156e+01
   8.7376766e+01  -4.8873546e+01
   3.3145972e+01  -8.6760313e+01
  -4.6758353e+01   1.5627575e+01
  -5.1793160e+01  -6.4641282e+00
  -3.3816122e+01  -9.7576531e+01
  -7.0466192e+01  -7.7617606e+01
   9.7376672e+01  -5.1289671e+01
  -6.2110882e+00  -8.6787915e+01
  -1.1668290e+01  -6.2668725e+01
   3.8471873e+01  -9.5209340e+01
   8.5146967e+01  -1.3109783e+00
   7.4177950e+01   2.0039573e+01
   7.0762548e+01   1.0677895e+01
   2.8557394e+01  -9.6386330e+01
   2.8073102e+01   5.1539843e+01
   9.2022999e+01  -8.5882925e+00
   8.7756909e+01  -2.3652284e+01
  -2.6553681e+01   2.3564522e+01
  -6.1487299e+01  -6.4322218e+01
  -3.6712379e-03   1.4331849e+01
   2.2032978e+01   3.4128263e+01
  -3.2819608e+01   7.5442746e+01
   8.2640673e+00   4.3659031e+01
  -7.0273343e+01   4.2526319e+01
   8.3686761e+01  -1.4108681e+01
   6.3292168e+01  -5.9789574e+00
  -4.9008812e+01   7.8353911e+01
  -1.0981032e+01   6.7021286e+01
   4.8775433e+01  -1.9658060e+01
   3.7709613e+01  -3.4972312e+01
  -3.6045172e+01   5.9977611e+01
  -7.7354853e+01  -1.8794831e+01
  -9.4314424e+00   4.6733276e+01
  -7.4587328e+01   2.3050281e+01
  -4.6325953e+01   9.0156477e+01
  -8.7983056e+01  -1.3203052e+01
  -2.4165434e+01  -1.9516719e+01
  -5.3739655e+01  -3.2828935e+01
  -3.6655296e+01  -3.2591413e+01
   4.5333519e+00   6.8647487e+01
  -7.8423865e+01  -8.8660677e+00
   2.2816715e+01   8.3883570e+01
   1.2667734e+01   7.5751057e+01
  -3.8738107e+00   7.4055914e+01
  -5.4235450e+01   4.4328086e+01
   1.4786543e+01  -2.0884104e+01
  -7.9916375e+01   4.5067327e+01
   4.3753623e+00   9.0822516e+01
  -5.9749868e+01  -4.2316930e+01
   6.5186243e+01  -8.2315961e+01
   4.8405060e+01   5.9586642e+00
   5.3772414e+01   3.3754971e+01
   2.5769542e+01   2.3024540e+01
   2.4754035e+01  -3.7964451e+00
   3.9584942e+01  -1.5868178e+01
  -2.6616280e+01   9.0252636e+01
  -6.9415843e+01  -2.4842470e+01
   5.5930964e+01  -4.3513462e+01
   3.9120846e+01   9.6452095e+00
   5.5767193e+01   1.2704926e+01
  -7.9738011e+01  -6.2993910e+01
  -5.6153401e+01   8.8323968e+01
  -8.0816264e+01   7.9507073e+01
  -8.4070503e+01  -3.9820682e+01
   4.8857209e+01  -7.9527545e+01
   8.4924577e+01  -3.3391691e+01
   2.0208577e+01  -7.6351539e+01
   1.9333403e+01   6.2160966e+00
   4.7671102e+01  -4.9116329e+01
   4.4669197e+01  -7.0459548e+01
   6.0665260e+00  -3.9935810e+01
  -1.3726459e+00  -3.3357251e+01
  -4.7441157e+00  -2.4005454e+01
  -6.1956544e+00  -1.4179848e+01
   3.0547704e+00  -1.7864005e+01
  -9.3104101e+01   1.5610547e+01
  -9.8650521e+01   3.8215682e+01
   1.9290010e+01  -6.6492434e+01
   1.5402029e+01  -5.7388712e+01
   1.0109615e+01   1.0006736e+01
  -5.2819607e+01  -6.9253634e+01
  -3.6707318e+01  -8.0246889e+01
  -3.7278483e+01  -5.7774290e+01
  -8.9949272e+01   8.3576013e+01
   7.5785639e+01  -4.5461388e+01
   7.6946317e+01  -5.5372834e+01
  -1.7255068e+01  -7.7207331e+01
  -5.7861714e+01  -8.8542810e+01
   2.2520990e+00  -7.5023593e+01
   5.6080655e+01  -8.6407345e+01
   1.1342165e+01  -9.3363330e+01
   1.4423013e+00  -9.4696444e+01
   9.0680663e+01   1.2391473e+01
   9.4307262e+01   3.0722577e+00
   8.8962672e+01   2.9310271e+01
   8.0762408e+01   1.1115459e+01
   5.1406395e-01   3.7407123e+01
  -1.8951400e+01   4.9716437e+01
   2.1209486e+01   5.8808637e+01
   1.9112351e+01  -9.9634586e+01
  -7.6742131e+00   2.7033228e+01
  -3.5507427e+01   2.8064053e+01
   8.4259949e+00   1.9799685e+01
  -6.1570487e+01  -5.4338223e+01
  -2.7164970e+01   3.3543210e+01
  -1.9888684e+01   7.1565113e+01
   3.1183826e+01   4.2036296e+01
   6.1857425e+01   2.7870129e+01
  -3.7195417e+01   3.5900114e+00
  -3.9910815e+01   8.2486254e+01
  -1.1998126e+01  -4.1421673e+01
  -5.8997721e+01   7.8742763e+01
   8.4812663e+01  -9.4263471e+01
  -6.4269689e+01  -1.5817229e+01
  -6.1589022e+01   3.7622686e+01
  -5.2705224e+01   3.2073687e+01
  -7.1787709e+01   3.2646780e+01
  -2.7304879e+01   5.5166841e+01
  -1.7888273e+01   2.9002160e+01
  -1.1089659e+01   5.6558292e+01
  -9.2055786e+01   5.6668311e+00
  -1.4555300e+01  -2.2166367e+01
  -9.6191252e+01  -2.4859119e+01
  -6.4269378e+01  -3.3408352e+01
  -3.4554943e+01  -1.3397237e+01
  -3.5677788e+01   3.8786313e+01
  -2.7422221e+01  -2.8914077e+01
  -4.7921318e+01  -2.4687762e+01
  -4.5666472e+01   3.9175195e+01
  -5.4502255e+01   2.1950115e+01
   1.2992009e+01   8.5747311e+01
  -8.3498861e+01   1.8519267e+01
  -5.4288102e+01  -1.6128748e+01
   1.4557374e+01   5.1379785e+01
   1.4130852e+01   6.5862437e+01
   3.8649202e+01  -4.4883811e+01
   2.9722900e+01  -1.6990514e+01
   4.6778601e+01  -3.9175529e+01
  -7.1252115e+01  -5.7506485e+01
   5.8505543e+01   4.2547627e+01
  -8.6666155e+01   5.2432468e+01
  -2.1977138e+01   9.9104858e+01
  -6.8495889e+01  -4.7141378e+01
   3.9762785e+01   3.6898517e+01
  -1.6378510e+01   8.9081494e+01
   1.5806549e+01  -3.0775109e+01
   7.4991333e+01  -9.6130278e+01
  -5.0645845e+00   8.4882343e+01
   2.2487517e+01   7.3890017e+01
   3.5975123e+01  -2.5160653e+01
  -6.3347041e+01   4.9716547e+01
  -9.7594904e+01   7.7131324e+01
   7.3410849e+01  -1.7295332e+01
   5.7723820e+01  -2.4019675e+01
   6.4818505e+01  -3.5121947e+01
   5.4025878e+01  -2.2891458e+00
  -7.9265855e+01   6.9633797e+01
  -8.4673151e+01  -1.0738290e+00
  -5.1304791e+00   9.4872983e+01
  -8.9307216e+01   7.1117442e+01
   7.6050168e+01  -7.6698164e+00
  -5.4497614e+01   5.4312846e+01
  -4.4679155e-01   5.1072257e+01
  -9.8037140e+01  -5.4982325e+01
   7.0671662e+01   7.2409003e-01
  -7.4117108e+01  -3.8878000e+01
  -6.6236589e+01   8.7751789e+01
  -4.5995521e+01   5.9517026e+01
  -8.8948239e+01  -5.9134992e+01
   7.8075180e+01  -2.6111868e+01
   8.5764198e+00  -6.5329467e+01
   4.2041299e+01   2.5406354e+01
   2.7859505e+01   1.1370997e+01
   3.4726585e+01   1.8610877e+01
   9.5038618e+01  -3.1463778e+01
  -1.7099963e+01  -8.3931728e-01
  -2.5350842e+01  -9.6364240e+00
   9.5874313e+01  -1.7820670e+01
   6.7048521e+01  -7.2508322e+01
   5.7933439e+01  -6.4421737e+01
   5.5955268e+01  -5.4631548e+01
   5.7319033e+01  -7.4376923e+01
   1.8055825e+01   1.6130608e+01
  -9.9585319e+01   2.8261857e+01
  -9.6404217e+01   5.4685693e+01
  -9.3868842e+01  -4.9926564e+00
   2.1617344e+01  -4.9685077e+01
  -2.3968791e+01  -9.5906781e+01
  -1.2746685e+01  -5.1275042e+01
  -3.3693186e+00   4.6343693e+00
   1.4945241e+01  -2.7221540e+00
   1.5807204e+00  -7.9721363e+00
   2.3204994e+01  -8.5861730e+01
   2.9972369e+01  -7.4441388e+01
   3.8971983e+01  -7.8666563e+01
  -7.1640243e+01   9.6659235e+01
  -2.1505386e+01  -4.6487577e+01
  -6.1365800e+01  -3.5788940e+00
  -5.4407421e+01   9.1866976e+00
  -2.2135397e+00  -6.5973085e+01
  -4.1700967e+00  -5.6177750e+01
  -1.3101236e+01  -9.4020291e+01
  -8.2934047e+01   9.8016576e+01
  -4.7110274e+01   2.3568814e+00
  -8.9457480e+01   4.2127920e+01
  -2.8779220e+01  -6.2770400e+01
   9.6776135e+01  -7.1659601e+01
   9.8249937e+01  -6.1622921e+01
  -5.6788902e+01   9.8301152e+01
   8.8675381e+01  -5.8777741e+01
   1.1839977e+01  -4.8010494e+01
  -6.5450824e+01   1.8149617e+01
  -9.3184114e+01  -3.5707017e+01
  -2.9923434e+01  -8.7571815e+01
  -3.9912343e+01  -8.9672290e+01
  -4.9058632e+01  -9.3670884e+01
  -6.0542720e+01  -7.6260488e+01
  -2.0207396e+01  -6.7727623e+01
  -5.1603479e+01  -8.0742672e+01
  -4.3634621e+01  -6.5419587e+01
