   1.4050000e+03
   1.4130000e+03
   1.3530000e+03
   1.4190000e+03
   1.4210000e+03
   1.3450000e+03
   1.4490000e+03
   1.3510000e+03
   1.3850000e+03
   1.3070000e+03
   1.3910000e+03
   1.4690000e+03
   1.3330000e+03
   1.3870000e+03
   1.4570000e+03
   1.4250000e+03
   1.3750000e+03
   1.3690000e+03
   1.4610000e+03
   1.3370000e+03
   1.3830000e+03
   1.3950000e+03
   1.3270000e+03
   1.3150000e+03
   1.3230000e+03
   1.4010000e+03
   1.4090000e+03
   1.4170000e+03
   1.4230000e+03
   1.4350000e+03
   1.3550000e+03
   1.4410000e+03
   1.4470000e+03
   1.3610000e+03
   1.3650000e+03
   1.3730000e+03
   1.4150000e+03
   1.3020000e+03
   1.3040000e+03
   1.3060000e+03
   1.3930000e+03
   1.4650000e+03
   1.4070000e+03
   1.3990000e+03
   1.3970000e+03
   1.4310000e+03
   1.3890000e+03
   1.4110000e+03
   1.3260000e+03
   1.4030000e+03
   1.3300000e+03
   1.4270000e+03
   1.3340000e+03
   1.3360000e+03
   1.3380000e+03
   1.3400000e+03
   1.4290000e+03
   1.4330000e+03
   1.4370000e+03
   1.4430000e+03
   1.4390000e+03
   1.3520000e+03
   1.3540000e+03
   1.4450000e+03
   1.4550000e+03
   1.4530000e+03
   1.4510000e+03
   1.4590000e+03
   1.3660000e+03
   1.4630000e+03
   1.3700000e+03
   1.3720000e+03
   1.3740000e+03
   1.3820000e+03
   1.3840000e+03
   1.3860000e+03
   1.3900000e+03
   1.3920000e+03
   1.3940000e+03
   1.3960000e+03
   1.3980000e+03
   1.4000000e+03
   1.4020000e+03
   1.4040000e+03
   1.4060000e+03
   1.4080000e+03
   1.4100000e+03
   1.4120000e+03
   1.4140000e+03
   1.4160000e+03
   1.4180000e+03
   1.4200000e+03
   1.4240000e+03
   1.4260000e+03
   1.4280000e+03
   1.4300000e+03
   1.4340000e+03
   1.4360000e+03
   1.4380000e+03
   1.4400000e+03
   1.4420000e+03
   1.4440000e+03
   1.4460000e+03
   1.4480000e+03
   1.4500000e+03
   1.4520000e+03
   1.4540000e+03
   1.4560000e+03
   1.4580000e+03
   1.4600000e+03
   1.4620000e+03
   1.4640000e+03
   1.4660000e+03
   1.4680000e+03
