   1.1390000e+03
   1.1050000e+03
   1.1310000e+03
   1.1090000e+03
   1.1110000e+03
   1.0210000e+03
   1.1250000e+03
   1.0890000e+03
   1.0750000e+03
   9.4100000e+02
   1.0730000e+03
   1.1130000e+03
   1.0790000e+03
   1.1270000e+03
   1.1230000e+03
   1.1170000e+03
   1.0570000e+03
   1.0690000e+03
   1.0970000e+03
   1.1210000e+03
   1.1030000e+03
   1.1070000e+03
   1.0770000e+03
   1.1470000e+03
   1.0910000e+03
   1.1410000e+03
   1.1430000e+03
   1.0990000e+03
   1.0230000e+03
   1.1150000e+03
   1.0830000e+03
   1.0870000e+03
   1.1190000e+03
   1.1290000e+03
   1.0710000e+03
   1.1330000e+03
   1.1450000e+03
   1.1510000e+03
   1.1370000e+03
   1.0200000e+03
   1.0220000e+03
   1.0540000e+03
   1.0680000e+03
   1.0700000e+03
   1.0720000e+03
   1.0760000e+03
   1.0780000e+03
   1.0820000e+03
   1.0840000e+03
   1.0860000e+03
   1.0880000e+03
   1.0900000e+03
   1.0920000e+03
   1.0940000e+03
   1.0960000e+03
   1.0980000e+03
   1.1020000e+03
   1.1040000e+03
   1.1060000e+03
   1.1100000e+03
   1.1120000e+03
   1.1140000e+03
   1.1160000e+03
   1.1180000e+03
   1.1200000e+03
   1.1220000e+03
   1.1240000e+03
   1.1280000e+03
   1.1300000e+03
   1.1320000e+03
   1.1340000e+03
   1.1380000e+03
   1.1400000e+03
   1.1420000e+03
   1.1440000e+03
   1.1460000e+03
   1.1480000e+03
   1.1500000e+03
