   4.0504430e+01   1.3417173e+01
   3.2603383e+01  -1.2336349e+01
  -2.0678945e+01  -1.9951613e+01
   3.4611931e+00   2.0646698e+01
   6.2912554e+00  -3.5075678e+01
   9.7686859e+00   1.1291265e+01
   5.4410056e+00  -2.5118026e+01
   2.5256836e+01  -5.5521601e+00
   6.0256939e+00   2.0302645e+00
   2.9260069e+01   4.5753938e+01
  -3.8609515e+01   1.1949335e+01
  -1.4525485e+01   2.9324718e+01
   4.2260557e+01  -2.7399112e+01
  -3.3051270e+00  -2.0278314e+01
  -1.5876448e+01  -4.1305029e+01
  -6.0544581e+00  -5.9610294e+01
  -2.5578069e+01  -3.8733766e+01
  -2.9094312e+01   8.8757468e+00
  -4.1855046e+01  -6.2691032e+00
  -1.4376155e+01  -9.8626013e-01
   4.7321668e+00   3.3928861e+01
   3.5695154e+01   4.6505483e+00
  -2.2000001e+01   3.5967361e+01
   2.3848848e+01  -3.5183262e+01
  -4.6116748e+01   4.9349326e+00
   6.9170012e+00  -4.5051471e+01
  -3.6575686e+01  -1.4759146e+01
  -4.8605147e+01  -3.0443914e+01
   4.6828224e+01   2.8127969e+01
  -2.5124358e+01  -3.0024621e-01
   1.6022610e+01   1.9286017e+00
  -5.9005846e+00   5.0180842e+01
   5.1765903e+01  -1.4372300e+01
   2.8163466e+01   2.3203302e+01
   1.4288461e+01   3.6874060e+01
   3.4791283e+01   3.2552072e+01
   2.7745845e+01  -4.4392044e+01
   2.2828314e+01  -1.5250478e+01
   4.2210441e+01  -1.7320677e+01
   1.5114072e+01  -3.0314870e+01
   5.7090860e+00  -1.5125747e+01
  -1.1954380e+01  -2.5293257e+01
  -1.1197526e+01  -5.0142658e+01
  -5.1467091e+01  -3.5131450e+00
  -4.8630355e+01   1.4613443e+01
  -3.0704948e+01   1.8741667e+01
   1.3002216e+01  -5.2984284e+01
   1.6387005e+01  -4.1840054e+01
  -2.0802253e+01  -2.9949856e+01
   5.7461948e+01   1.2815720e+01
  -7.9204966e+00  -1.1412960e+01
   3.8162537e+01   2.3138172e+01
  -4.3757080e+01  -2.1705711e+01
   3.0129775e+01   1.3399668e+01
   1.3459114e+01   2.0574810e+01
   3.9113808e+01  -4.7463302e+00
  -1.7707976e+01   5.0964624e+01
   7.4846671e-01  -6.4491073e+00
   6.5017379e+01  -1.0759694e-01
   1.6095988e+01   5.6558455e+01
  -3.2256142e+01   3.8050130e+01
  -2.3502507e-01   1.1355363e+01
   2.5586277e+01   3.6456844e+01
   1.1568696e+01  -7.0236535e+00
   1.9351550e+01   4.7103236e+01
   3.3421673e+01  -3.2291946e+01
   2.7631997e+01  -5.4391115e+01
   1.4231370e+01  -2.0354494e+01
  -2.3357441e+01  -5.4855094e+01
   2.3961555e+01  -2.5184891e+01
  -5.0483227e+00  -4.0594326e+01
   3.3534121e+01  -2.2292706e+01
  -4.1422713e+01   2.1545095e+01
  -5.7376688e+01   1.9460960e+01
  -5.8684429e+01  -1.0575273e+01
  -3.6506689e+01   2.1732371e+00
  -4.9041053e+01  -1.3217130e+01
  -1.7853953e+01  -1.0360243e+01
  -3.5104337e+00  -3.0713288e+01
  -1.2236922e+00  -5.0855475e+01
  -2.9955381e+01  -2.3685635e+01
  -2.7834534e+01  -9.9225521e+00
   7.4613908e+00  -6.1308491e+01
   4.5691263e+01   4.8677643e+00
  -5.3891853e+01  -2.1959066e+01
   4.9170695e+01   1.8406210e+01
  -3.3789779e+01  -3.2921198e+01
  -3.0225195e+01  -4.7587118e+01
  -5.3085576e+00   2.5448763e+01
   1.9702282e+01   1.2437016e+01
   2.5699985e+01   4.4361477e+00
  -1.0599696e+01   5.9007978e+01
   1.9637618e+01   2.8426325e+01
   5.5515439e+01   3.0070542e+00
  -5.2805317e+00   3.5448494e+01
   7.6645614e+00   5.1168584e+01
   4.9113589e+01  -4.7304819e+00
  -4.9051551e+00   2.2221047e+00
  -2.4014797e+01   2.6172631e+01
  -3.3955740e+01   2.8196544e+01
   1.4144279e+00   4.3362445e+01
   3.9145043e+01   4.7260374e+01
  -1.2349380e+01   4.2521622e+01
