   3.0131219e+01   5.3603925e+01
   7.8734583e+01  -3.8615311e+01
  -3.7386812e+01   2.0572259e+01
   3.1262438e+01   3.9559309e+01
  -8.7031658e+01  -5.0957479e+01
   8.7330511e+01   2.6397041e+01
   4.4167541e+01   5.7500678e+00
   8.3043205e+00   7.7645046e+01
  -3.6152955e+01  -8.8363037e+01
  -6.4237639e+01   3.1617424e+01
  -7.0752287e+01  -5.9206319e+00
   2.1701236e+01  -8.8579381e+01
  -2.7253344e+01  -2.5403901e+01
  -3.0678951e+01  -4.9014115e+01
   2.8129737e+01  -1.2981796e+01
   1.6617606e+01  -1.6870793e+01
  -3.3742889e+01   4.7609702e+01
   2.8975026e+01  -6.6052654e+01
  -6.1396775e+01  -8.6604337e+00
  -5.6252771e+01  -5.8731199e-01
   7.1332705e+00  -6.8970538e+01
  -4.2466000e+01  -6.9846831e+01
   5.3163205e+01   2.3765166e+01
  -5.6889258e+01  -1.7118490e+01
  -1.8200665e+00   6.9224718e+01
  -3.4360725e+01   9.1238947e+01
   1.0205066e+01   1.4781283e+01
   9.9572013e+01  -2.0756792e+01
   5.0433714e+01   7.4952708e+01
   5.8659529e+01  -2.9229700e+01
  -2.7743965e+01   2.1587566e+01
   4.5373162e+01   4.1185306e+01
   4.7807289e+01   6.1747862e+01
   4.3212017e+01  -5.2235723e+01
   3.1495591e+01  -8.6576006e+01
   3.2279428e+01  -3.5084849e+01
  -4.4081292e+01   1.3354311e+01
  -9.2514765e+01   2.2286151e+01
  -7.5177493e+01   3.4681961e+01
  -4.9871440e+00  -6.2150788e+01
  -2.1406833e+01  -9.0616738e+01
   9.2434672e-02  -4.0578896e+01
  -4.3848715e+01   3.0969059e+01
  -3.9653182e+01   5.1116802e+00
  -3.3575868e+01  -5.8556829e+01
   1.3357051e+01  -5.4630811e+01
   3.6953762e+01   1.6636678e+01
   4.6837466e+01   1.6156357e+01
  -2.0129708e+01   7.0966336e+01
  -5.9860902e+01  -4.4601451e+01
   2.4649965e+01   8.6127545e+01
   6.7406172e+01  -1.2555437e+01
   7.9244274e+01  -7.0405180e+00
  -2.1056063e+01   4.4939895e+01
   6.5869843e+01  -2.2347900e+01
  -3.6728228e+01   5.6853576e+01
   1.1475126e+01   5.6255967e+01
  -5.7863762e+00   5.8128791e+01
  -1.7624959e+01  -8.7279263e+00
   9.3559048e+00   2.4138703e+01
  -5.0536136e+00  -9.8075985e+00
   3.5698421e+01  -2.2404761e+01
   5.0391505e+01  -3.4814395e+01
  -4.4870062e+01  -8.3496713e+01
  -6.4640542e+01   2.1760101e+01
  -6.3021475e+01   4.9897961e+01
   8.8791520e+00  -3.5695740e+01
  -7.3015403e+01   1.4945188e+01
  -9.0644155e+01  -2.8772667e+01
  -3.6660191e+01  -5.1394636e+00
  -7.4921326e+01   4.6745584e+00
   5.6765839e+00  -7.8835046e+01
  -8.7511264e+01  -1.0489428e+01
   5.0650764e+01  -5.8900100e+01
   8.0142093e+01   2.3118443e+00
  -2.2659880e+01  -6.5978833e+01
  -1.7321703e+01  -2.5945995e+01
  -5.6233202e+01  -6.7076906e+01
  -2.9484760e+00   9.2602688e+01
  -8.3032141e+00  -2.9814909e+01
   8.3244818e+00  -1.1314715e+01
  -4.3264061e+01   8.6691477e+01
  -1.1296072e+01   6.6093158e+01
   6.2720408e+01   4.3584584e+01
   6.0294281e+01   1.6886154e+01
  -8.4024924e+01  -3.8716448e+01
   1.6665102e+01   7.5153164e+00
  -1.6672987e+01   3.2795085e+01
   2.7610005e+01   6.4238524e+01
   8.4536114e+00   6.8077535e+01
   8.9066114e+01  -3.4485188e+00
   8.4767623e+01  -3.0828521e+01
  -4.3618269e+01   4.9587744e+01
  -4.9531500e+01   7.0197857e+01
  -5.6165104e+01  -3.5476629e+01
  -3.1647273e+01  -3.8339358e+01
   2.2993644e+01   3.2931173e+01
   5.7488314e+01   5.2077408e+01
   3.7492719e+01   4.7139342e+01
  -3.4031735e+00   4.5556785e+00
   5.2288961e+01  -2.1864453e-01
  -6.2496821e-01   2.3228936e+01
   5.9082322e+01  -4.1116423e+01
   3.9203851e+01  -4.2318156e+01
   4.2949858e+01  -8.2430537e+01
   5.7441000e+01  -5.1211367e+01
   3.3357620e+01  -5.0673446e+01
   4.9554306e+01  -2.4873225e+01
  -5.9774622e+01  -7.9735925e+01
  -2.7784370e+01  -8.2933665e+01
  -7.8397958e+01   4.4030058e+01
  -1.3187020e+01  -6.9422462e+01
  -2.2698096e+01  -3.4181516e+01
  -7.3795931e+01   2.4947625e+01
  -6.7470147e+01   4.0991262e+01
  -5.4341218e+01   3.0280471e+01
  -5.5680730e+01   1.8222470e+01
  -8.2467614e+01   1.0984537e+01
  -2.1967237e+01  -1.7304864e+01
  -5.3556867e+01   8.7331128e+00
  -8.4336981e+01  -2.0986945e+01
  -7.7999419e+01  -1.3399484e+01
  -6.5442955e+01   2.3922251e+00
  -4.6732059e+01  -1.8039380e+01
  -5.4153194e+01  -2.6103960e+01
  -3.1173606e+01   2.7650346e+00
   4.9140142e+01  -7.4577708e+01
   1.5214724e+00  -2.9001764e+01
  -6.3342056e+01   1.1973384e+01
  -8.8076203e-01  -9.4622143e+01
  -4.6233708e+00  -5.2171664e+01
   4.5445316e+00   3.2009992e+01
  -8.0261670e+01  -3.7123009e+00
   1.3621452e+01  -4.4645945e+01
  -1.9838757e+01  -1.6232911e-01
  -4.7115152e+01   2.2337747e+01
  -1.4180005e+01  -4.9649682e+01
   8.9189471e+01   6.5222040e+00
  -1.9180876e+01   8.1448574e+01
   8.7914440e+01   1.6407365e+01
  -1.5833601e+00   7.9219746e+01
  -4.3450131e+01  -5.9918963e+01
   2.4569178e+01  -7.6704024e+01
  -1.1777298e+01  -8.7984842e+01
   4.5644163e+00  -5.9334927e+01
  -5.0105582e+00  -7.5121276e+01
   4.3757785e+01  -4.9402105e+00
   2.4393196e+01   1.4243072e+00
  -3.8382308e+01   6.7900210e+01
  -2.9893167e+01   7.2999654e+01
   4.6909895e+01   3.1395406e+01
  -7.3713345e+01  -3.6109969e+01
  -6.2621758e+01  -5.5887159e+01
   7.0862470e+01   4.9417869e+01
   7.9054134e+01   2.0910104e+01
   3.6763793e+01   8.7966774e+01
  -4.5774476e+00   3.5067746e+01
  -1.9589552e+01   6.0999101e+01
  -1.1048591e+01   7.5760079e+01
   5.0999303e+00   8.6847765e+01
   6.2580520e+01   4.3078146e+00
   1.8243328e+01   6.8424311e+01
  -2.8739392e+01   3.9191428e+01
  -2.5894486e+01   5.3499785e+01
   2.7081028e+01   7.4139302e+01
  -5.3461002e+01   5.5719922e+01
   8.3174777e+01  -1.5599290e+01
   9.2694358e+01  -1.2749927e+01
  -6.3797842e+01  -2.4041597e+01
  -5.5761372e+00   4.6525663e+01
  -4.5546740e+01  -3.0138532e+01
   2.8459936e+00   5.0836082e+01
   2.1016203e+01   5.6909640e+01
   7.0912599e+01   6.6545748e+01
   2.2372035e+01   4.2618825e+01
   5.7343674e+01   6.4442725e+01
   4.6169753e+01   5.1912680e+01
  -3.8357307e+01   3.9051005e+01
  -1.1114336e+01  -1.2423205e+00
   5.4004925e+01   9.3785857e+00
   2.4410932e+00  -3.3513366e+00
   6.3945363e+00   5.8140447e+00
  -2.9199762e+01   6.3143911e+01
   3.1987495e-01   1.3573015e+01
  -7.8974358e+01  -2.8823631e+01
  -3.6276510e+01  -7.7680505e+01
  -8.5049074e+01   3.6140529e+01
  -4.7995382e+01   3.9356912e+01
   2.6493104e+01  -2.6929363e+01
   6.8990627e+01  -4.0468976e+01
   5.6999297e+01  -1.7848441e+01
   6.7956192e+01  -5.0318886e+01
   4.9805487e+01  -4.4764682e+01
   3.4537018e+01  -7.7052640e+01
   5.1728206e+01  -8.7203402e+01
   2.6632805e+01  -4.3335886e+01
   4.1266542e+01  -3.0667529e+01
   4.7466172e+01  -1.5115241e+01
  -5.0754241e+01  -7.5428860e+01
   2.2614325e+01  -5.8350487e+01
  -5.4913893e+01  -8.8487888e+01
  -3.1834954e+01  -9.7373075e+01
   7.0992524e+01  -3.0845641e+01
  -3.2342934e+01  -6.8468611e+01
  -2.0859320e+01  -7.5780260e+01
  -7.2574007e+01   5.2063280e+01
  -1.4588374e+01  -5.9584631e+01
  -8.2708438e+01   2.0860719e+01
  -8.4284016e+01   5.2062694e+01
  -9.3801063e+01  -1.8224222e+01
  -2.3860797e+01  -5.6111304e+01
  -8.7846549e+01   2.6103721e+00
  -9.8644457e+00  -3.9651357e+01
   5.6023143e+01  -6.7326695e+01
  -9.0787657e+01   4.4322721e+01
  -3.4408139e+01   2.9968967e+01
   3.6917256e+01  -5.9988600e+01
   4.0716559e+01  -6.9210823e+01
  -9.4883416e+01   3.4385201e+01
   1.0980784e+01  -9.0503784e+01
  -3.0361391e+01   1.2419548e+01
   2.8436732e+01   2.4714621e+01
  -9.8832078e+00   8.5508339e+01
   7.6308938e+00  -2.1206694e+01
  -6.8424230e+01  -1.5541895e+01
   1.5419605e+01  -2.7404518e+01
   1.9660651e+01   1.8237954e+01
   1.2220085e+01  -1.9333951e+00
  -2.2220877e+01  -4.3985850e+01
   1.9374366e+01  -3.6526826e+01
   6.9277916e+01   1.1558131e+01
  -5.3072104e+01  -5.7603476e+01
   4.8771262e+00  -4.9355618e+01
   9.8937498e+01   4.3125143e+00
   9.7539952e+01   1.8970532e+01
  -6.6038638e+01  -6.5090125e+01
  -1.4300202e+01  -9.7657491e+01
   3.7877914e+01  -1.2742549e+01
   1.5459098e+01  -8.0778130e+01
  -2.3464348e+00  -8.4744319e+01
   2.0083603e+01  -7.5371571e+00
  -3.6869492e+01  -1.9468606e+01
  -1.2043035e+01  -1.6835000e+01
  -3.8652201e+01   7.7845224e+01
  -2.9045428e+01   8.2836887e+01
   1.7055629e+01  -7.0121984e+01
   7.6672552e+01  -2.2862123e+01
  -2.2923891e+01   9.0705328e+01
  -7.7412225e+01  -5.3738664e+01
  -6.8517492e+01  -4.8729150e+01
   5.4730745e+01   3.7593333e+01
   3.7044912e+01   3.1781543e+01
   7.6423407e+01   5.7728728e+01
   6.0987031e+01   2.9815688e+01
   6.8987795e+01   2.1414709e+01
   4.1872462e+01   6.9771368e+01
   3.1656208e+01   8.2202738e+00
   3.6247531e+01   7.8005268e+01
   7.9181367e+01   1.1587838e+01
   3.3821904e+01  -1.7333420e+00
  -1.2489294e+01   4.0724617e+01
   1.3081386e+01   9.2791297e+01
   3.8252796e+01   5.9213628e+01
  -1.4611927e+01   5.2396105e+01
  -4.5499194e+01   6.1146951e+01
   1.8179350e+01   7.8529042e+01
  -2.5105808e+01   3.0413276e+01
  -5.4157819e+01   4.6199059e+01
  -6.5237707e+01  -3.3451705e+01
  -4.6663345e+01  -1.0026008e+00
  -2.7651988e+01  -9.2798672e+00
  -9.3370178e+00   2.7248819e+01
   8.9913876e+01  -2.2492322e+01
  -5.1389352e+01  -9.2794158e+00
   6.0613391e+01  -5.4182252e+00
   7.0263948e+01  -2.9536563e+00
  -3.6000296e+01  -2.9437018e+01
   3.2688226e+00   6.0361453e+01
   6.5239287e+01   5.8348004e+01
   1.2230296e+01   3.8305345e+01
   2.7867034e+00   4.1311472e+01
   1.4890091e+01   4.7788937e+01
  -7.6227889e+01  -4.4288124e+01
  -2.4293453e+01   2.2996099e+00
