  -2.2103169e+01  -2.7746181e+01
   3.3202658e+01   5.6742306e+01
   7.9491249e+01  -3.6006565e+01
  -7.9853873e+00  -3.9795745e+01
  -3.0013009e+01   1.4379482e+01
   2.6820203e+01   3.7960884e+01
  -4.0297930e+01  -5.1681856e+00
  -7.9185429e+01  -4.8916576e+01
   8.4039138e+01   2.3039525e+01
   3.3343331e+01   2.8575546e+01
   4.4528807e+01   2.5868095e+01
   4.2466055e+01   6.0043151e+00
   1.1471111e+01   7.8270224e+01
  -5.6779549e+01   4.1261685e+01
   2.7019972e+01  -1.6770308e+01
  -3.6704382e+01  -8.5882317e+01
  -6.2827654e+01   3.0441325e+01
  -6.7978671e+01  -5.2673735e+00
   3.3569341e+00  -3.9767277e+01
   1.6078503e+01  -8.0388397e+01
  -3.0719449e+01  -2.2516891e+01
  -3.0659263e+01  -4.9535236e+01
   2.7806871e+01  -7.1220415e+00
   1.7955156e+01  -6.0942423e+00
  -3.5817494e+01   4.9592420e+01
   2.8376574e+01  -6.1116505e+01
  -6.5340460e+01  -1.5769720e+01
  -5.8521827e+01  -8.4502743e+00
  -5.0448626e+01  -2.5553604e+00
   8.9924604e+00  -9.3687540e+01
  -6.6369654e+00  -2.2512762e+01
   1.1659822e+01  -7.1069768e+01
  -4.1859978e+01  -6.9091834e+01
   6.0401588e+01   3.0825461e+01
  -5.5581051e+01  -1.7995847e+01
  -1.2023054e+01   4.0705895e+01
  -2.5679757e+00   7.0305316e+01
  -2.9328610e+01   8.3614221e+01
   1.1990918e+01   1.2570691e+01
   9.0596807e+01  -2.1120536e+01
   4.4550340e+01   7.2441372e+01
   5.9017947e+01  -2.7641462e+01
  -2.6423049e+01   2.3709422e+01
   4.0883859e+01   3.5136263e+01
   4.7131453e+01   6.2785066e+01
   4.6477982e+01  -5.2746199e+01
   3.1689019e+01  -8.4519401e+01
   3.2077892e+01  -3.5001251e+01
  -4.0000928e+01   1.3824946e+01
  -8.7763663e+01   2.0768325e+01
  -7.6183852e+01   3.6295189e+01
  -7.0829289e+01  -2.4128582e+01
  -7.0929875e+00  -5.9636230e+01
  -1.9981962e+01  -8.8972703e+01
  -4.8090331e-02  -4.9168484e+01
  -4.2777738e+01   3.0768866e+01
   3.8889132e+01  -6.0645571e+01
  -4.3240476e+01   4.3735507e+00
  -3.4874434e+01  -5.8018926e+01
   9.4399888e+00  -5.2318034e+01
  -1.7798552e+01  -3.8794991e+01
   3.2303390e+01   1.0360541e+01
   2.2185362e+01   1.2043112e+01
   4.7764730e+01   1.5324971e+01
   5.4088577e+01   2.3070422e+01
  -2.0849143e+01   6.9606739e+01
  -5.9989669e+01  -4.4436006e+01
   2.1581048e+01   8.0550850e+01
   6.5116709e+01  -6.1949280e+00
   7.6199827e+01  -5.4328360e+00
  -1.9604261e+01   4.7209726e+01
   6.6024433e+01  -2.1440420e+01
  -3.7960569e+01   5.9390142e+01
  -4.1978585e+01  -2.0433689e+01
   1.3852023e+01   3.2198049e+01
   1.2182321e+01   5.1590862e+01
  -4.5091774e+00   5.8776025e+01
  -1.7164639e+01  -8.2064783e+00
   6.8284643e+00   2.4664008e+01
  -7.6690810e+00  -1.1174002e+01
   3.6161712e+01  -2.1220249e+01
   5.2777021e+01  -3.4783147e+01
  -4.5147029e+01  -8.0600339e+01
  -3.0368516e+01   3.2874055e+01
  -6.4581260e+01   2.0726263e+01
  -6.0884096e+01   4.9521907e+01
   1.1003100e+01  -3.3318796e+01
  -7.3174054e+01   1.7449515e+01
  -9.5648823e+01   3.9500701e+01
  -9.0542575e+01  -2.4726684e+01
  -3.0258981e+01  -4.6075829e+00
  -7.1618492e+01   3.9177193e+00
   6.1947277e+00  -7.9411035e+01
  -8.5878971e+01  -1.0201615e+01
  -3.6394341e+01   2.3139291e+01
   4.8770334e+01  -6.2300303e+01
  -2.3830083e+00  -3.1566383e+01
   9.5900039e-01  -1.6158417e+01
   7.8190573e+01   4.1149621e+00
   2.1055513e+01  -6.7803070e+01
  -2.4573161e+01  -6.0291263e+01
  -1.6213449e+01  -1.9666729e+01
  -5.5063761e+01  -6.3484726e+01
   1.6321837e+01   2.1538753e+01
  -1.3602401e+01  -7.9340499e+01
  -8.6336908e+00   8.4995484e+01
  -1.2474478e+01  -3.0494908e+01
   3.5811041e+01  -1.3415560e+00
   1.7051310e+01  -1.6651351e+01
   3.6852587e+01  -1.1264718e+01
   9.1320189e+00  -1.0581864e+01
  -3.8998581e+01   7.9277821e+01
   2.8325846e+01   1.9929285e+01
  -1.1538650e+01   6.5887127e+01
   6.0490478e+01   4.0825012e+01
   6.3919195e+01   2.1409733e+01
  -7.7966703e+01  -3.8991148e+01
   2.8887089e+01   4.7729106e+01
  -6.7563885e+01  -3.3967237e+01
   1.6583142e+01   3.7658069e+00
   3.8210340e+01   1.8248420e+01
  -1.6040986e+01   2.8963835e+01
   3.6334765e+01   6.6235740e+01
   2.6002942e+01   6.3681284e+01
   8.7662837e+00   6.8358287e+01
   5.5142151e+01  -6.1890437e+00
  -1.0154220e+01   5.0524445e+01
   8.6366007e+01  -1.9034136e+00
   8.1243511e+01  -2.3990309e+01
  -4.5710098e+01   4.9296709e+01
   7.1418009e+01  -1.3785187e+01
  -4.7388665e+01   6.2650191e+01
  -5.6306149e+01  -3.5142740e+01
  -3.4802368e+01  -1.3481247e+01
  -3.1914744e+01  -3.2231327e+01
   9.6946423e+00   4.1907235e+01
   2.3351984e+01   2.8604096e+01
   5.9847825e+01   5.0803814e+01
   3.8437335e+01   4.4802100e+01
  -2.4723269e+00   5.8009059e+00
   5.2067572e+01   3.3602459e+00
  -3.0494812e+00   2.3062191e+01
   6.0532396e+01  -4.0903292e+01
   3.8668120e+01  -4.4224811e+01
   4.2800759e+01  -8.0960808e+01
   5.6085157e+01  -4.9708224e+01
   3.3221929e+01  -5.2497184e+01
   4.9362534e+01  -2.5555828e+01
  -5.8568499e+01  -7.9089232e+01
  -2.7291840e+01  -8.2349425e+01
  -7.4097863e+01   4.5291160e+01
  -8.5615375e+00  -6.9405771e+01
  -2.7287422e+01  -4.0683488e+01
  -7.2302369e+01   2.7288895e+01
  -6.6669964e+01   3.9778905e+01
  -8.2359107e+01   2.8829513e+01
  -5.2857158e+01   3.1043594e+01
  -5.5420589e+01   1.7229112e+01
  -8.0242634e+01   8.0534812e+00
  -2.4811678e+01  -1.4562821e+01
  -5.2688472e+01   7.6364717e+00
  -8.2053921e+01  -1.9441270e+01
  -7.4809611e+01  -1.2551433e+01
  -6.0492250e+01   1.3863764e+00
  -4.7499737e+01  -1.2106726e+01
  -5.0849277e+01  -2.6775582e+01
  -3.3255988e+01   4.9240797e+00
   4.4231048e+01  -7.1090210e+01
   5.2643187e+00  -2.5155972e+01
  -6.4299021e+01   1.0642149e+01
  -2.1201220e-01  -8.9898560e+01
  -1.0038750e+01  -4.9570935e+01
   3.4733911e+00   3.4081431e+01
  -7.8662034e+01  -3.2794897e+00
   1.3174934e+01  -4.3061104e+01
  -2.1770229e+01   6.3435928e-01
  -4.6414476e+01   2.1489035e+01
  -2.0714567e+01  -4.9609575e+01
   8.9403846e+01   7.6239938e+00
  -1.9335757e+01   8.3239894e+01
   8.1287077e+01   1.3476453e+01
   1.0287743e-02   7.9967217e+01
  -4.5723499e+01  -5.9948393e+01
   2.5324711e+01  -7.6813951e+01
  -1.0096717e+01  -8.9172591e+01
   7.3298788e+00  -6.2075109e+01
  -3.6927614e+00  -8.0423947e+01
   4.5164691e+01  -5.7175712e+00
   2.6369351e+01   2.5473907e+00
  -3.9477661e+01   6.9289303e+01
  -3.0465782e+01   7.3680552e+01
   5.0803617e+01   3.3613101e+01
  -6.9973429e+01  -4.4999973e+01
  -6.2133052e+01  -5.4202783e+01
   6.9688822e+01   4.9028212e+01
   7.3800882e+01   2.0056654e+01
   3.6877408e+01   7.8851325e+01
  -6.3920891e+00   3.2463768e+01
  -1.7788485e+01   5.8085854e+01
  -1.2624682e+01   7.5826738e+01
   6.8902630e+00   8.7224347e+01
   6.2031489e+01   3.2401586e+00
   1.8563203e+01   7.0362771e+01
  -2.1449085e+01   3.7377081e+01
  -2.6908597e+01   5.4021705e+01
   2.8524503e+01   7.3355456e+01
  -5.3573310e+01   5.5158334e+01
   8.1211562e+01  -1.4086624e+01
   9.0599302e+01  -1.1002481e+01
  -6.1080096e+01  -2.6354040e+01
  -2.1567566e+00   4.2345202e+01
  -4.1604831e+01  -3.0405400e+01
   2.1877643e+00   5.1351171e+01
   2.1693677e+01   5.4662055e+01
   6.6758143e+01   5.9198941e+01
   1.9328880e+01   4.4584838e+01
   5.6823928e+01   6.0334874e+01
   4.2760144e+01   5.3801676e+01
  -3.7528624e+01   3.9766872e+01
  -9.7587072e+00  -1.0292840e+00
   5.7184449e+01   1.1981503e+01
   5.3705953e-01  -5.5147962e+00
   6.8004995e+00   2.2300863e+00
  -2.8985573e+01   6.3794601e+01
   2.2398799e+00   1.4607332e+01
  -7.9500373e+01  -2.9109552e+01
  -3.5061740e+01  -7.6276929e+01
  -8.5855279e+01   3.9527209e+01
  -4.7348225e+01   3.9506456e+01
   2.7275410e+01  -2.6477267e+01
   6.9687363e+01  -3.7587689e+01
   5.5793822e+01  -1.7956444e+01
   6.8402016e+01  -4.7347882e+01
   4.8477316e+01  -4.3253143e+01
   3.5003410e+01  -7.4726743e+01
   5.0935230e+01  -8.6749165e+01
   2.8185242e+01  -4.4004274e+01
   4.0637532e+01  -3.0142186e+01
   4.5189405e+01  -1.6637241e+01
  -5.1097391e+01  -7.2607011e+01
   1.8822256e+01  -5.8052346e+01
  -5.4957624e+01  -8.8384783e+01
  -3.2945836e+01  -9.4997248e+01
   7.2743956e+01  -2.8492222e+01
  -3.2006313e+01  -6.7141917e+01
  -2.2056594e+01  -7.3845569e+01
  -6.9401168e+01   5.1490678e+01
  -1.5851032e+01  -5.8100523e+01
  -8.1374069e+01   1.6617188e+01
  -8.0676259e+01   4.6865346e+01
