   3.4712903e+01  -3.7700430e+01
   3.7971153e+01  -4.8563629e+01
   5.0018822e+01   7.8813564e+01
   4.6836877e+01   5.0066101e+01
  -2.9044114e+01   5.3365131e+01
  -8.3613794e+01   3.6260678e+01
   1.4336016e+01  -2.1215611e+01
  -7.2659606e+01  -7.8947941e+01
  -1.5078071e+01   7.2739700e+01
   9.5798997e+01  -1.1860057e+01
   6.7030942e+01  -1.0417634e+01
  -5.3709629e+01  -9.7017110e+00
   8.8855623e+01   4.0746452e+01
  -6.2714297e+01  -7.9971135e+01
  -3.3913809e+01  -5.5196317e+01
  -8.7378233e+01  -4.2462505e+01
  -2.8464545e+01   2.0608531e+01
  -2.1320031e+01   2.7593217e+01
  -3.9389466e+01   3.3442544e+01
   9.6137972e+01   2.9739044e+01
  -6.2817450e+01  -6.3645566e+01
  -5.2735731e+01  -8.2519881e+01
  -4.8793083e+01   3.8996230e+01
   3.0359339e+00  -3.0666900e+01
  -4.3645416e+00  -9.9525819e+01
  -8.6423236e+01  -7.4525352e+01
   9.8787315e+01   3.9381709e+01
  -6.6108188e+01  -5.1767143e+01
   8.9495893e+01   1.5548002e+01
  -2.0617448e+01   6.4409563e+01
   4.3508444e+01   3.5063654e+01
   4.1400052e+01   7.2541580e+01
  -7.5821084e+01  -2.7168427e+01
   5.9160406e+01  -1.9000922e+01
  -4.2768912e+01  -5.9832913e+01
   5.0792660e+00  -4.7292636e+00
  -8.1936516e+01  -6.5588428e+01
  -7.2516607e+01  -6.8949544e+01
  -5.2049927e+01  -6.3540521e+01
   7.7903644e+01   2.0283721e+01
  -7.3756509e+01  -8.9332679e+01
   9.7284357e+01  -1.7710886e+00
   5.0884136e+01   9.6683186e+01
   3.6751277e+01   8.2421234e+01
  -9.9421013e+01  -2.7043066e+01
  -7.5623815e+00   3.8173702e+01
  -2.5246658e+01   4.3025855e+01
  -3.8360068e+01   1.9210310e+01
  -4.0889043e+01   6.2372329e+01
  -3.8573011e+01   5.2129868e+01
   5.4565128e+01   4.1944757e+01
  -7.4659363e+01   3.1808917e+01
   4.6975404e+01  -5.3226423e+01
  -6.1223126e+01  -1.8124948e+01
  -8.5410152e+01  -2.4311484e+01
  -3.0445896e+01   6.6253905e+01
   6.4386106e+01  -7.1354089e-01
   5.7103553e+01  -9.2147400e+00
   1.3025236e+01  -3.1129332e+01
  -7.9324682e+01  -3.6534579e+01
   3.8444678e+01   5.5157743e+01
  -2.3916268e+01  -5.5256780e+01
   4.4507655e+01  -3.5684781e+01
  -3.9128467e+01  -6.9146164e+01
  -7.3048861e+01  -5.8964535e+01
  -5.5716298e+01  -7.2836162e+01
  -6.5783327e+00   7.8007964e+01
  -8.1801225e+01  -8.3392997e+01
   1.2550300e+01  -1.1376342e+01
  -9.1100616e+01  -6.1585561e+01
   4.0613223e+00  -2.0705452e+01
   8.2793229e+01   4.8699411e+01
  -5.6521903e+01  -5.4601726e+01
   8.0874111e+01   1.0481951e+01
   8.6608330e+01   2.5500175e+01
   9.6257584e+01   8.1760587e+00
  -7.0697231e+01  -9.8865505e+01
   5.8637945e+01   9.0251714e+01
   4.5986592e+01   8.7964581e+01
   3.0900924e+01   7.4311156e+01
   9.8445737e+01   2.0008976e+01
  -9.1458991e+01  -5.1591985e+01
  -9.1764767e+01  -3.3475942e+01
  -9.3755895e+01  -1.8802530e+01
   8.6432535e+01  -8.3572896e+00
   3.6616702e+01   9.2420329e+01
  -2.9593313e+01   3.3132291e+01
  -3.5023835e+01   4.2732892e+01
  -1.1379821e+01   2.8626658e+01
  -1.7457021e+01   3.6803878e+01
  -3.2133326e+01   1.1309344e+01
  -4.5783519e+01   2.5904866e+01
  -6.3773463e+01  -8.9912137e+01
  -4.7840695e+01   4.9305219e+01
  -4.7824964e+01   5.8216391e+01
   5.0200182e+01   3.6370444e+01
  -4.3573623e+01   4.1529771e+01
   5.5504519e+01   4.7306871e+01
