   3.7048277e+01   1.1591987e+01
   2.3580575e+01  -1.3308030e+01
  -2.5814184e+01  -1.7954618e+01
   4.0686074e+00   2.7284818e+01
   3.7387203e+00  -2.9658077e+01
  -2.2079497e+00   6.2068163e+00
  -6.5590875e+00  -2.8156293e+00
   3.9207001e+00  -1.9663228e+01
  -1.3237023e+01  -1.8677814e+01
   2.3492158e+01  -3.3094689e+00
   3.5705136e+00  -1.9175936e+00
   2.0511779e+01   3.4065027e+01
   1.4873218e+01  -1.8221768e+01
  -1.9078925e+01  -1.0563431e+01
  -4.9504794e+00  -2.4272505e+01
  -3.5564174e+01   4.1317201e+00
   2.1402462e+01   1.8351913e+01
   1.3562950e+01  -2.1479708e+00
   1.6840442e-01   1.8076769e+01
   1.0712926e+01   1.7018193e+01
  -6.0005157e+00   2.6000387e+01
   1.3621895e+01  -2.8138375e+01
   2.3249481e+01  -2.3672297e+01
  -2.4298669e+00  -1.1923250e+01
  -6.6632442e+00  -3.4123478e+01
   2.1823809e+00  -3.9534299e+01
   8.3191983e+00  -1.0690277e+01
  -1.5269997e+01  -2.8468795e+01
  -2.5651039e+01   2.8165162e+00
  -2.8514884e+01  -7.2539650e+00
  -1.6380650e+01  -9.3566759e-01
   2.7171437e+01   1.0054576e+01
   1.7667969e+01   6.9693193e+00
   7.6931600e+00   7.4883400e+00
  -1.9448862e+00   3.5274656e+01
   3.2280579e+01   1.4583742e+00
  -1.2864231e+01   3.3272898e+01
   1.4033529e+01   2.6448512e+01
