   3.7261707e+01  -3.1919064e+01
   7.4305504e+01  -4.4609758e+00
  -8.4731567e+01  -6.6029993e+01
  -6.3932826e+01   1.3687162e+01
   7.5652688e+01   5.7005408e+01
  -5.9441328e+01   3.3346938e+01
  -6.2906544e+01  -5.4632918e+01
  -5.0504592e+01   3.9447821e+00
   7.1875337e+01  -4.1827090e+01
  -9.8847543e+01  -2.7887071e+01
   5.6566570e+01  -3.6296718e+01
   1.2559454e+00   6.6003063e+01
  -1.0259219e+01   6.5194425e+01
  -3.2457503e+01   6.7905120e+00
  -4.1331752e+01   1.1463402e+01
  -9.1792110e+01   4.6131395e+01
  -7.9716603e+01   6.2015693e+01
   3.0587054e+01  -4.8941726e+01
   7.6958618e+01  -3.3235609e+01
   4.2661891e+01   7.7755643e+00
   1.0915050e+00  -6.9217312e+01
  -1.7252637e+01  -2.9116120e+01
   8.3535950e+01   8.1618640e+01
  -6.5556636e+01  -2.3959725e+01
   7.7802094e+01   4.7149656e+00
   7.3749742e+01   7.9243211e+01
   9.9535674e+01  -3.5634057e+01
  -5.5784368e+00   3.5660424e+01
  -6.3371265e+01   5.0111180e+01
  -7.9622758e+01   8.5262894e+01
  -7.0531312e+01   2.1188373e+01
  -7.8385585e+01  -1.4852427e+01
   6.3854912e+01  -7.0391363e+01
   4.2810086e+01  -9.0668573e+01
  -6.8418838e+01  -3.4407304e+01
  -7.0310467e+01   3.9397143e+00
  -9.4803473e+01  -8.6950328e+00
  -3.5878799e+01   7.3905337e+01
   5.6256713e+01   5.5894494e-01
  -8.8945378e+01   2.8564559e+01
   6.3844017e+01  -2.3962241e+01
  -3.1481293e+01  -6.2402115e+01
  -8.4203975e+01  -5.6051571e+01
  -9.8248901e+01  -8.7228989e+01
  -4.3868612e+01  -9.9830868e+01
   5.4273289e+01  -7.3339484e+01
   3.5855187e+01   5.6894083e+01
  -6.1439987e+01  -8.8292317e+01
  -1.3095408e+01   9.8997942e+01
   1.4112804e+01   3.7233215e+00
  -4.5875911e+01  -9.0065295e+01
   9.4802437e+01   6.3777244e+01
   4.0221999e+01   3.7306514e+01
  -4.4403025e+01  -6.9483648e+01
   2.4460032e+01   7.2616913e+01
   2.0654736e+01   2.2971106e+01
   2.9748906e+00   3.0510787e+01
   1.3022795e+01   3.9092906e+01
  -3.2209266e+01  -3.2015045e+00
  -4.0447617e+01   2.1411684e+01
   2.9986897e+01   3.8626631e+01
  -2.6490916e+01   7.0487060e+01
  -4.3858796e+01   7.9922657e+01
  -4.3248454e+01   3.1002661e+01
  -7.3226630e+01   5.1594401e+01
  -3.3777084e+01  -1.5590857e+01
   5.8859662e+01   6.3669991e+01
  -8.5865382e+01   3.8077889e+01
   2.2094664e+01  -6.8099397e+01
   7.3079246e+01  -5.6745833e+01
  -1.0489332e+01  -8.3739855e+01
   2.0409721e+00  -3.8794743e+01
  -4.8403327e+00  -2.2973531e+01
   2.2169252e+00  -4.8632950e+01
  -9.4500415e+01  -7.1584066e+01
  -7.4623639e+01  -9.2380359e+01
  -2.5434874e+01  -1.0426808e+01
  -4.0490410e+01  -2.2790624e+01
  -4.0005848e+01  -7.8708365e+01
  -8.2459715e+01  -9.8592901e+01
  -9.4807910e+00  -9.6002175e+01
   7.1774947e+00   1.0597184e+01
   1.3152912e+00   1.8633895e+01
  -6.0339144e+01  -6.5568418e+00
   1.2304877e+01  -2.5412463e+01
   2.4323358e+01  -1.7199027e+01
   6.1423209e+01   2.7717643e+01
   3.9834242e+01   8.3812102e+01
   8.1555140e+01   9.9937386e+01
   6.3401514e+01   9.9414784e+01
  -7.1925733e+00   4.5518831e+01
  -1.4990540e+01   3.8910416e+01
  -2.9328280e+01   4.4794651e+01
   2.6127293e+01   1.1811280e+01
  -3.2461110e+01   6.2444938e+01
  -3.7687798e+01   3.9312781e+01
   4.3397885e+01   2.7185887e+01
   5.5016086e+01   4.4839516e+01
  -6.0515363e+01   9.0873571e+01
  -5.3563212e+01   7.4704416e+01
  -8.9425389e+01   5.9021413e+01
   1.9700032e+01  -9.5796584e+01
  -7.1588237e+01   7.9313349e+01
   5.1770418e+01  -8.5005591e+00
   1.5756944e+01  -8.6629196e+01
  -2.5925810e+01   5.4896685e+01
   4.1889407e+01  -6.5538168e+01
   1.3670122e+01  -3.5202109e+01
   5.0219941e+01  -5.3795588e+01
  -6.7335849e+01  -1.4140928e+01
   3.7493880e+01  -4.1815000e+01
   4.5014915e+01  -1.6431515e+01
   7.5507686e+01  -2.3347485e+01
  -9.8473539e+01   6.0278822e-01
  -1.1821224e-01  -5.8203010e+01
   3.5208997e+01  -4.9124241e+00
  -8.1233452e+01  -4.6510843e+01
  -9.7560680e+01   1.0591008e+01
  -9.5930572e+01   3.6251881e+01
  -1.7220264e+01  -6.3588474e+01
  -1.3672761e+01   8.7028577e+01
  -2.2584104e+01  -9.9423867e+01
   1.9837281e+01   6.3780993e+01
   2.4251361e+01   5.4892063e+01
  -5.5803379e+01  -2.5846278e+01
   6.5424186e+00   9.5879822e+01
  -6.9962224e+01  -4.4287383e+01
   8.0444022e+01   7.2323557e+01
   5.0263247e+01   6.8057133e+01
  -1.3794086e+00   8.0351216e+01
   4.4216920e+00  -1.9271684e+01
  -1.6765485e+01  -5.9141251e+00
  -2.6022399e+01  -3.3844180e+01
   9.3526080e+01   4.7830745e+01
   3.1297819e+01  -2.4100446e+01
   2.0939692e+01  -5.8173448e+01
   9.9588530e+01   2.3780948e+01
   8.7014968e+01   8.4841382e+00
   8.2823064e+01   1.7598659e+01
   6.7734922e+01   2.0697848e+01
   9.0312497e+01  -1.0289215e+01
   6.6020542e+01   5.7207458e+01
   9.5486693e+01  -1.9103088e+01
   9.9825998e+01   8.1458507e+00
  -3.0107234e+01  -4.2894371e+01
   4.0223998e+01  -5.3939941e+01
  -2.1139089e+01  -7.2616352e+01
   5.5051288e+01  -8.7676499e+01
   8.6842257e+01  -5.2427876e+01
  -3.3511994e+01  -7.1527219e+01
   1.2786731e+01   2.9175411e+01
   1.1348197e+01   1.9449645e+01
  -7.6752586e+01   4.2192446e+01
   3.1403915e+00   4.0474765e+01
  -1.5121447e+01   2.8974643e+01
   8.8000430e+00   5.9463892e+01
  -1.1700825e+01   5.5308058e+01
  -6.0401071e+01   3.4086000e+00
  -6.0559290e+01   2.3410288e+01
  -2.4555684e+01   3.6007252e+01
  -2.2443169e+01  -1.9891795e+01
  -4.0696116e+01  -8.4772180e+00
  -9.3940021e+00  -3.5275239e+01
  -4.3900304e+01   4.7110513e+01
  -3.5615469e+01   5.2629935e+01
  -5.0518587e+01   3.7856173e+01
  -6.9179625e+01   3.1075555e+01
  -8.1723637e+01   2.0986218e+01
  -7.9167467e+01   3.0653569e+01
   2.0880583e+01  -7.8021533e+01
  -7.0380067e+01   8.9239556e+01
   6.1610435e+01  -8.0130691e+01
  -6.1670790e+01   8.0547408e+01
  -6.6282217e+01   9.9041739e+01
  -9.9949649e+01   7.4899512e+01
   3.2055865e+01  -6.8758626e+01
  -8.7837604e+01   6.8888707e+01
   8.9140770e+01  -6.8109073e+01
  -1.9983206e+01   6.2907014e+01
  -4.7564351e+01  -1.5734571e+01
  -5.7543254e+01  -1.6094179e+01
  -4.2999744e+01   9.9164528e+01
  -1.9588349e+00  -7.8659259e+01
  -6.6856675e+01   4.0773623e+01
   8.6382123e+01  -2.9965919e+01
   1.4570920e+01  -1.5813824e+01
   3.6482528e+01  -9.8423841e+01
  -7.9900862e+01   1.3332195e+00
   4.7112269e+01  -4.4223240e+01
   9.0190799e+01  -3.9124630e+01
  -2.6513533e+01  -9.0240487e+01
  -3.6209451e+01  -8.7863656e+01
  -2.9758503e+01  -8.0438040e+01
  -7.3138809e+01  -6.0221173e+00
  -8.4913060e+01  -7.2799021e+00
  -9.0597110e+01  -8.0790815e+01
  -5.0361384e+01  -6.0530273e+00
  -8.3193718e+01   5.1215687e+01
  -7.5918191e+00  -6.4604361e+01
   3.0333782e+00  -2.9029484e+01
  -9.2513468e+01   1.9223614e+01
  -5.8496223e+01  -6.3416453e+01
  -4.9602702e+01  -8.0871495e+01
  -6.8254840e+01  -7.3610631e+01
   3.3462555e+01   9.1274009e+01
  -9.2084079e+01  -4.9341403e+01
  -4.6959293e+01  -3.0216003e+01
   4.5257638e+01   9.5008149e+01
  -1.7815132e+01  -4.9285346e+01
   8.9043623e+01   9.3311148e+01
  -9.5875543e+00  -5.4873243e+01
   2.0493671e-01  -2.6387568e+00
   6.8251397e+00  -9.7398889e+00
  -3.0751490e+01  -2.5051821e+01
  -3.7208985e+01  -3.2336972e+01
   3.9903092e+01   1.7760779e+01
  -8.7138460e+01  -2.6586645e+01
  -8.8291260e+01  -1.6668332e+01
  -5.8472722e+01  -3.5407719e+01
   2.5710339e+01  -7.4568803e+00
  -2.3521062e+01   1.6762770e+00
   1.5954890e+01  -5.9710319e+00
   3.5140552e+01  -1.4888330e+01
   8.0959491e+01   4.8714511e+01
   7.8256808e+01  -1.3505604e+01
   8.5106704e+01  -1.8318609e+00
   9.2703019e+01   1.6656266e+01
   7.3869713e+01   1.3464027e+01
   4.6778952e+01   5.5538571e+01
   5.0623996e+01   3.4456477e+01
   3.6796588e+01   7.4303822e+01
   7.5174025e+01   9.2136724e+01
  -9.9187378e+01  -4.2302456e+01
   5.6615797e+01   5.4246547e+01
   1.5886477e+01   7.7305438e+01
  -2.0208073e+01  -8.2513153e+01
  -3.2396017e+01  -5.2555105e+01
   5.1714516e+01  -6.3677747e+01
   4.7726242e+01  -8.0892614e+01
   3.9283090e+01  -7.5593905e+01
   5.6797615e+01  -4.6272989e+01
   2.4636152e+01   9.5633045e+01
   9.6344292e+01  -4.6951688e+01
   6.6959437e+01  -3.3280440e+01
   5.7625258e+01  -1.6357322e+01
   6.3011828e+01  -6.7905178e+00
  -2.9802591e+01   1.6422238e+01
  -1.8634686e+01   4.8139890e+01
   6.5260411e+00   7.4389946e+01
  -1.5981589e+01   7.3393645e+01
  -2.4509715e+01   2.5587833e+01
   6.9729012e+00   4.9658312e+01
  -1.7529455e+00   5.4497133e+01
  -5.7012099e+00   2.5706762e+01
  -4.0921372e+01   1.4944283e+00
  -1.6719003e+00   9.0286531e+01
  -5.3950722e+01   1.3304644e+01
   8.0065469e+00   8.5950378e+01
   4.5321433e+01   4.5718783e+01
   3.3913427e+01   2.9704301e+01
   4.9641197e+01   1.4536491e+01
   5.2578869e+01   2.3843459e+01
  -7.5895915e+01   1.2758945e+01
  -2.9422749e+01   8.1540041e+01
  -4.4931918e+01   6.9672892e+01
   5.9554660e+01   1.4986789e+01
   6.7463151e+01  -8.8235623e+01
   2.5551898e+01  -8.7587786e+01
   4.4573349e+01  -1.8681089e+00
   7.3130930e+01  -6.6693430e+01
  -4.2320995e+01   6.0030343e+01
   8.1993360e+01  -6.1156544e+01
  -9.7216068e+01   6.5282652e+01
  -5.2604469e+01   8.4761352e+01
  -8.9124238e+01   8.8377401e+01
  -1.1206750e+01  -7.3827796e+01
  -5.3842960e+01   4.7275095e+01
  -3.9134065e+01   8.9941919e+01
   3.1530021e+01   4.8179810e+01
  -5.4249286e+01   9.8666745e+01
  -7.8310210e+01   7.1915396e+01
  -3.3257574e+01   3.0377239e+01
   6.2388160e+00  -8.4253199e+01
  -2.1593235e+01   9.3733815e+01
   3.0904757e+01  -5.8876538e+01
  -9.3670166e+01  -6.1549065e+01
  -3.0894570e+01   9.7396569e+01
   5.1374403e+01  -2.4143117e+01
   4.7109426e+01  -3.3168475e+01
   1.1181762e+01  -7.5621618e+01
  -3.4120357e+01  -9.7554774e+01
  -7.6500652e+00  -4.5099297e+01
   1.1436541e+01  -4.4838352e+01
   2.3431382e+01  -3.0336833e+01
   3.4956720e+01  -8.4547437e+01
  -5.0438214e+01   2.2654647e+01
   3.3305067e+01   4.8805475e+00
   2.7625716e+01  -3.9406153e+01
  -8.8830427e+01   5.7529289e+00
  -7.2832506e+01  -5.4157386e+01
   6.1345068e+01  -5.8611529e+01
   8.1529461e+01  -4.4002667e+01
  -8.0066076e+01  -7.4867975e+01
   6.6024020e+01  -4.9809031e+01
  -9.8036529e+01   5.3940755e+01
  -9.0617264e+01   7.8491091e+01
  -8.2183079e+01  -3.6560864e+01
  -7.0174734e+01  -8.3424536e+01
  -8.1401186e+01  -8.4775343e+01
  -9.8709136e+01  -1.7893102e+01
  -5.4330189e+01  -9.5322765e+01
  -4.9554563e+01  -5.9776092e+01
  -5.4915423e+01  -7.2574085e+01
  -7.5116662e+01  -2.6783668e+01
  -6.3807730e+01  -9.8456854e+01
   5.8646770e+01   7.3386386e+01
   1.5664523e+01   9.9786789e+01
   3.1174281e+01   6.5581670e+01
   1.6845275e+01   4.8261797e+01
   6.6619655e+01   4.7368563e+01
   9.9612420e+01   7.6582886e+01
  -5.9987544e+01  -4.5196934e+01
  -9.6367659e+01  -9.7050442e+01
   2.1777882e+01   3.3203711e+01
   9.8883218e+01   9.5094213e+01
   5.9825394e+01   9.0164175e+01
   3.0350356e+01   2.0648617e+01
  -9.1817874e+00   2.5616484e-01
   9.3137228e+01   8.4188656e+01
   6.4246042e+01   8.1384582e+01
  -1.2964829e+01  -1.7299881e+01
   9.0406011e+01   7.2714721e+01
  -5.3731937e+00  -1.0907178e+01
   8.8892737e+01   3.9631828e+01
   9.8209147e+00  -6.4528964e+01
   1.1561800e+01  -5.4751365e+01
  -1.8802674e+00   6.9743923e+00
  -7.4641402e+01  -6.5915730e+01
   9.5104498e+00  -9.4870416e+01
   2.3823341e+01   2.2165732e+00
   6.6190989e+01   7.0787712e+00
   9.5036864e+01  -1.2619980e+00
   8.7335726e+01   2.6472202e+01
   8.3025164e+01   6.3335961e+01
   6.8446718e+01  -1.5143965e+01
   9.5361645e+01   3.2566971e+01
   6.0297862e+01   3.7100447e+01
   5.0569187e+01   8.6582643e+01
   8.5588072e+01  -2.0099182e+01
   4.7156838e+01   7.7293730e+01
   4.0991910e+01   6.5261644e+01
  -9.2095868e+01  -3.5260728e+01
  -2.2650574e+00  -8.9192437e+01
   2.6901755e+01   8.2240490e+01
   1.8079653e+01   8.6967044e+01
   8.8727599e+01   5.5927405e+01
  -4.0128133e+01  -5.8959479e+01
  -2.3875215e+01  -5.6780303e+01
