   3.8080560e+01  -4.0138506e+01
  -6.9303252e+01   6.4684784e+00
   7.6676010e+01   6.3324129e+01
  -7.1314749e+01  -4.7812073e+01
   1.6936801e-01   7.0385527e+01
  -7.9286397e+00   6.2784988e+01
   4.3655977e+00  -7.3572520e+01
  -1.3286489e+01  -2.7617220e+01
   8.5074463e+01   8.2258574e+01
  -6.2318458e+01  -2.5764688e+01
   8.9281313e+01   4.2798218e+00
   7.5272518e+01   8.0332084e+01
  -6.2384132e+01   4.9594954e+01
   5.7532206e+01  -6.5906659e+01
   4.1652099e+01  -9.7179015e+01
  -7.7917861e+01   1.9826971e+00
  -3.1875445e+01   7.9026619e+01
   6.3243911e+01  -2.8405245e+01
  -3.0746714e+01  -7.3357697e+01
  -8.9245080e+01  -5.4881889e+01
  -6.3008820e+01  -9.4551145e+01
   1.4409823e+01   3.1750507e+00
   9.6867185e+01   6.2355818e+01
   3.8736677e+01   4.0320424e+01
   2.7357384e+01   7.4001249e+01
  -4.0474088e+01  -5.6292890e+00
  -4.1746955e+01   1.4782788e+01
   2.6857684e+01   4.4394172e+01
  -4.9290976e+01   3.6480550e+01
  -7.9079700e+01   4.3142378e+01
  -3.6240403e+01  -1.4595041e+01
   6.9540956e+01   7.0268280e+01
  -8.8307793e+01   3.9478168e+01
  -6.4666868e+00  -9.0072584e+01
   9.0594364e+00  -4.1863280e+01
  -5.2585303e+00  -2.1785740e+01
   3.4398945e+00  -5.0122484e+01
  -1.1557541e+01  -9.9042829e+01
   1.0754496e+01   1.2426276e+01
   7.1881184e+00   2.1666301e+01
   1.2419998e+01  -2.9895712e+01
   6.2178803e+01   2.7274611e+01
   3.9121521e+01   8.8304953e+01
  -3.8542643e+00   5.3660446e+01
   2.0725654e+01   1.0908267e+01
   4.2328384e+01   3.0906255e+01
   5.0420770e+01   4.7540515e+01
  -4.9824008e+01   8.3025577e+01
  -8.9083595e+01   6.0305514e+01
   5.2623444e+01   5.0833276e-01
  -2.5618945e+01   5.3752408e+01
   2.1289962e+01  -3.4446323e+01
   4.6986331e+01  -4.9863916e+01
  -6.0610452e+01  -1.5933135e+01
   3.2824597e+01  -3.6581515e+00
  -7.9734410e+01  -4.1069584e+01
  -1.8910767e+01  -6.9833364e+01
   1.9855999e+01   5.7120178e+01
   1.3084661e+01   9.8878272e+01
   8.1120986e+01   7.2245746e+01
   5.1404640e+01   6.4740912e+01
   1.0640117e+01  -1.6210534e+01
  -8.2798721e+00  -1.0099319e+01
  -2.3241309e+01  -2.8084052e+01
   1.9566971e+01  -5.8589611e+01
   8.2487757e+01   1.3219473e+01
   7.5147522e+01   2.0002654e+01
   9.7889482e+01  -1.2418354e+01
   6.8013159e+01   5.8403392e+01
  -1.9968955e+01  -4.6117433e+01
   5.7807903e+01  -8.9281421e+01
   2.7036974e+01   1.8827976e+01
   9.6777567e+00   3.9115471e+01
  -1.5058703e+01   3.7720236e+01
   1.0348992e+01   5.4300772e+01
  -3.5304097e+01   5.5137931e+01
  -7.5230343e+01   3.4276393e+01
  -7.6464657e+01   2.4531248e+01
   2.3031886e+01  -7.0781006e+01
  -7.8349348e+01   9.9881136e+01
   6.3715033e+01  -8.0596163e+01
  -6.0414722e+01   7.9284507e+01
   9.5433217e+01  -8.0094785e+01
   9.0551094e+01  -2.7555820e+01
   9.2235484e+01  -4.0491964e+01
  -2.1533424e+01  -9.8348773e+01
  -3.9757446e+01  -9.0703556e+01
  -9.1717121e+01  -2.3400036e+00
  -5.7632205e+01  -6.5073627e+00
  -9.5773826e+01   2.1763838e+01
  -5.7054561e+01  -6.7714510e+01
  -5.0330345e+01  -8.5446563e+01
  -6.3879979e+01  -7.4520959e+01
   3.2157066e+01   9.5285440e+01
  -5.2958933e+01  -2.1956343e+01
  -9.8581632e+00  -4.6057885e+01
   8.7286814e+01   9.4755987e+01
   6.8822418e+00  -5.9807185e+00
  -2.4204795e+01  -1.8211439e+01
  -4.7942733e+01  -3.0398644e+01
  -9.9193692e+01  -2.3789739e+01
  -2.2044749e+01   7.3157186e-01
   2.5813067e+01  -1.1854295e+01
   3.5658752e+01  -1.3148739e+01
   8.5645331e+01   4.5562012e+01
   7.9630038e+01  -1.6061400e+01
   3.6328246e+01   7.8044789e+01
   2.0083397e+01   8.0757436e+01
  -3.4581202e+01  -5.5749804e+01
   3.6400220e+01  -7.5451827e+01
   6.3193916e+01  -3.8345864e+01
  -2.9158630e+01   1.8631754e+01
  -2.0448261e+01   4.5679750e+01
   1.0795965e+01   7.7461438e+01
  -1.2861442e+01   8.5026505e+01
  -2.6733184e+01   3.8011168e+01
  -4.1009865e+01   4.3268930e+00
  -5.4216147e+01   1.8761793e+01
  -3.5630199e+01   6.9873181e+01
   5.2688318e+01   1.1999215e+01
   6.2751620e+01  -9.8004577e+01
   6.6116564e+01  -6.1033737e+01
   8.7717497e+01  -6.7275230e+01
  -9.5280686e+01   9.2463101e+01
  -7.9625466e+00  -7.3484507e+01
  -5.9856567e+01   3.9044972e+01
  -3.9775050e+01   9.7453822e+01
  -8.3583407e+01   7.8514117e+01
   1.1673734e+01  -9.8045112e+01
  -2.0191430e+01   9.5440066e+01
   3.2253117e+01  -6.7154937e+01
   5.1333422e+01  -2.1271154e+01
   4.7867940e+01  -3.9094497e+01
  -9.6876616e+01   8.4282876e+00
   8.1849268e+01  -3.1827391e+01
   7.2845685e+01  -5.3808444e+01
  -8.7452344e+01  -3.4743490e+01
  -7.1737307e+01  -8.9470423e+01
  -8.1345456e+01  -8.8325444e+01
  -5.4403299e+01  -9.9324640e+01
  -5.4666495e+01  -5.8202945e+01
  -7.8872691e+01  -2.9593592e+01
   2.9729346e+01   5.5846739e+01
   1.7227515e+01   4.7066125e+01
   7.3032020e+01   4.9868864e+01
  -5.9911811e+01  -4.4206639e+01
   1.9586311e+01   3.7364325e+01
   6.3614366e+01   9.9040132e+01
   3.7076548e+01   2.2497953e+01
  -1.2151284e+01  -6.8668067e-01
   9.9433253e+01   7.8788667e+01
   6.5335659e+01   7.9306585e+01
  -1.4371665e+01  -1.7816285e+01
   9.1037665e+01   7.3373138e+01
   9.1266328e-01  -1.3970086e+01
   9.5168899e+01   4.2533325e+01
   6.9154614e+00  -5.9744881e+01
   4.6731106e+00   4.5521127e+00
  -7.2747473e+01  -6.9065010e+01
   2.3354573e+01  -9.1889102e-01
   7.1781161e+01   1.0287508e+01
   8.4683583e+01   2.3332859e+01
   8.6791406e+01   6.4002195e+01
   6.8954337e+01  -9.6208748e+00
   5.8994600e+01   3.6819273e+01
   4.7454767e+01   9.3868559e+01
   8.9461998e+01  -1.7740381e+01
   4.5535175e+01   8.1047262e+01
   4.1529068e+01   6.9564995e+01
  -9.7383048e+01  -3.3623528e+01
   2.9498668e+00  -9.3216389e+01
   2.9147726e+01   8.4781984e+01
   1.3219381e+01   8.8752705e+01
   9.1697799e+01   5.3797850e+01
  -3.6790728e+01  -6.5474372e+01
  -2.7017202e+01  -6.4216640e+01
   6.1039938e+01   6.5322530e+01
   8.1752879e+01   5.4753948e+01
  -1.4809425e+01  -5.4702275e+01
   4.5714355e+01  -7.8074740e+01
  -3.0125144e+01  -4.6505443e+01
   1.7034058e+01   2.0179981e+01
  -1.6535575e+01  -3.6903752e+01
  -3.6770840e+01  -3.2555020e+01
  -5.7160987e+01  -3.4306177e+01
   1.0019269e+01   6.7588252e+01
  -7.6669029e+00   7.6540251e+01
   1.3855167e+00   8.0349637e+01
  -7.9069052e+00   3.0988974e+01
  -2.0704528e+00   3.8985789e+01
  -8.2725565e+01   5.1935354e+01
  -9.1858281e+01   4.8679417e+01
  -9.3525408e+00   4.5536237e+01
  -2.7157515e+00   2.2691890e+01
  -1.5273957e+01   7.0429877e+01
  -1.7553102e+01   2.8535923e+01
  -3.2977681e+01   4.5588799e+01
  -1.3761798e+01   5.4201700e+01
  -9.9675017e-01   8.9994341e+01
  -6.6610827e+01   2.1343609e+01
  -6.5845115e+01   3.1211267e+01
  -5.8204800e+01   3.4187101e+00
  -6.7114799e+00  -3.5110621e+01
  -4.9322398e+01  -1.0919425e+00
  -2.8000192e+01  -9.1257173e+00
  -4.7595184e+01  -1.2626670e+01
  -3.2380464e+01  -2.3746460e+01
  -1.8127753e+01  -8.6012685e+00
   3.0281427e+01   3.5005223e+01
   5.5203727e+01  -7.5533552e+01
  -4.9316506e+01   6.3914204e+01
  -5.2629772e+01   4.5691567e+01
  -8.4543957e+01   3.0322225e+01
   6.5201075e+01   1.7781832e+01
  -2.9331177e+01   6.2768749e+01
   2.8165095e+01  -8.0931805e+01
  -6.7038142e+01  -3.2064583e+00
  -6.9842719e+01  -1.2809057e+01
   3.7004193e+01  -4.9932394e+01
  -5.7806823e+01   8.8943476e+01
  -6.6424656e+01   9.4615009e+01
   9.8811607e+01  -3.3019524e+01
  -4.4755404e+01   5.4135791e+01
  -7.3792307e+01   7.7105561e+01
  -8.8290020e+01   9.9466418e+01
  -3.9904196e+01   8.4965783e+01
  -6.9220785e+01   4.2367893e+01
  -9.9006193e+01  -7.0827458e+01
   5.2118517e+00  -8.3494034e+01
  -1.0996383e+01  -6.3873798e+01
   1.3926469e+01  -8.8363512e+01
   5.5637242e+01  -4.4882901e+01
  -5.5350556e+01   2.8650045e+01
  -7.8209670e+01  -7.7827506e+00
   3.1357605e+01  -3.2909683e+01
   4.2411546e+01  -3.0939519e+01
   9.9204975e+01  -2.2771438e+01
  -2.4557491e+01  -8.4260505e+01
   4.8717912e+01  -5.9736839e+01
  -9.8447070e+01  -1.1973652e+01
  -7.9096134e+01   6.0437840e+01
   3.1725268e+00  -3.3841589e+01
   1.8715851e+01  -2.2091862e+01
   4.4183349e+00  -2.3964153e+01
   8.2385417e+01  -4.1294139e+01
  -8.6669638e+01   5.9594006e+00
  -9.1814357e+01   8.3394547e+01
  -4.3008834e+01  -7.9939594e+01
  -6.7034945e+01  -3.5980804e+01
  -7.1767863e+01  -2.2584823e+01
   6.3262493e+01   8.9073072e+01
   8.9961329e+01   3.3926024e+01
  -2.3548819e+00  -2.2709052e+00
  -8.2718977e+01  -6.4220491e+01
  -8.0474516e+01  -5.0988667e+01
   9.3830519e+01   8.7071152e+01
   7.3138236e+01   9.0087992e+01
   1.6567867e+01  -8.2167787e+00
   4.1376416e+01  -2.1156145e+01
  -8.8899657e+01  -4.5120206e+01
  -1.2311358e+00  -6.5362464e+01
  -4.9091669e+00  -5.5362423e+01
  -8.9084147e+01  -2.4885803e+01
  -8.1054670e+01  -1.8939386e+01
   9.6599494e+01  -2.5165629e+00
   9.4825235e+01   2.5189350e+01
   7.9311114e+01   3.7499097e+00
   9.2209546e+01   1.5539102e+01
   8.8103667e+01  -7.9005342e+00
   4.7204997e+01   2.0342065e+01
   5.8371950e+01   5.3652168e+01
   5.2380855e+01   2.8815093e+01
   5.3845946e+01   8.6196297e+01
   4.9077424e+01   3.8055396e+01
   7.8288569e+01  -6.1635222e+00
   6.3015605e+01  -1.6098259e+00
  -9.8754054e+01  -4.3528434e+01
   2.3146944e+01   2.8037326e+01
   4.7291928e+01   5.6464930e+01
   6.4068851e+01   4.5434184e+01
  -4.5325044e+01  -7.0517260e+01
  -1.6333966e+01  -8.9588148e+01
  -1.6019962e+01  -7.9321969e+01
   5.1650188e+01  -9.7374511e+01
   4.7945645e+01  -8.7728790e+01
   4.3611307e+01  -6.8313335e+01
  -2.4692387e+01  -5.4744828e+01
   6.6142543e+01  -7.1029406e+01
  -4.4950841e+01  -5.9962408e+01
  -2.7782499e+01  -3.6887858e+01
   7.4593604e+01  -6.6122643e+01
  -4.3050485e+01  -2.1752714e+01
   1.3097138e-01   1.3286829e+01
   9.7051875e+01  -4.9800229e+01
   7.3143388e+01  -2.7523997e+01
   5.6454450e+01  -9.1546834e+00
   6.7520330e+01  -1.9422745e+01
  -3.2603081e+01   9.5386818e+00
  -4.9864046e+01   8.9286206e+00
   5.3628234e+01  -3.0980879e+01
  -7.2329470e+01   5.1912930e+01
  -9.8962748e+01   4.1107095e+01
  -2.5114736e+01   7.1728862e+01
   3.6108142e+00   4.7056508e+01
   2.8371137e+00   6.0814399e+01
   3.2500359e+00   3.0717642e+01
  -1.9743213e+01   6.1780998e+01
  -3.2120058e+01  -2.3851111e-01
  -2.7308771e+01   2.8257538e+01
  -3.6579781e+01   2.5069352e+01
   3.0922716e+00   9.9090369e+01
  -6.1803824e+01   1.2665647e+01
  -9.7086098e+01  -9.2980560e+01
   7.5295328e+01  -9.6233357e+01
  -3.0584569e+01   8.8856875e+01
   6.1979374e+01   8.3251203e+00
   3.6645336e+01   1.2539060e+01
   9.4387864e+01  -5.9559763e+01
   9.7020264e+01  -7.0242650e+01
   6.7969802e+01  -8.9508061e+01
   2.6409254e+01  -9.1090100e+01
   3.8792592e+01  -5.9629726e+01
  -9.0759537e+01  -7.6162813e+01
  -7.4668079e+01   1.4831725e+01
  -4.2816368e+01   4.4373141e+01
  -4.3252311e+01   7.5668519e+01
   4.2737865e+01  -4.4865988e+00
  -7.6996802e+01   8.9992339e+01
  -2.2265672e+01   8.1694538e+01
  -5.4162283e+01   5.5177694e+01
  -6.8361228e+01   8.5046623e+01
  -2.9753577e+01   9.8777583e+01
  -9.4709069e+01   3.1852355e+01
  -2.9898319e+01  -9.2868950e+01
  -5.2643179e+01   7.3297371e+01
   3.2438837e+01   6.5438701e+01
  -4.4507620e+01  -9.9398270e+01
  -3.4000994e+01  -8.2668373e+01
   2.7095402e+01  -4.9165814e+01
  -3.9585215e+01   3.4532476e+01
  -4.6297374e+01   2.4488920e+01
  -5.0449543e+01   9.5723399e+01
  -8.3285033e+01  -9.8076485e+01
   3.1295507e+01  -2.2962317e+01
   1.8767419e+01  -4.3995433e+01
   2.2582071e+01   9.2216713e+01
   8.1770207e+01  -5.9800569e+01
   1.2940890e+01  -5.1853818e+01
   1.8308913e+01  -7.9487394e+01
   6.4831962e+01  -4.8158822e+01
   5.7259550e+01  -5.4679428e+01
  -6.3223310e+01  -5.3303606e+01
   3.7406071e+01  -8.5143929e+01
  -7.1937968e+01  -7.9430614e+01
  -6.3761419e+01  -8.4889048e+01
  -8.7445809e+01  -1.1283791e+01
  -8.1397810e+01  -7.8400849e+01
   7.3237046e+01  -3.7505867e+01
   8.2148254e+01  -5.0542947e+01
  -9.8212383e+01   5.6233005e+01
  -8.9813176e+01   7.0256309e+01
  -7.9915800e+01   6.9685372e+01
  -9.8093763e+01   7.5784772e+01
  -6.5512044e+01  -6.2578355e+01
   5.1863709e+01   7.4035066e+01
  -9.2632184e+01  -6.3669385e+01
   2.8975624e+01  -5.8565277e+01
  -8.9127118e+01   1.5004244e+01
  -5.6512540e+01  -7.9806030e+01
