   4.1475037e+01  -3.3531434e+01
   6.7275355e+01  -7.0688727e+00
  -1.8917636e+01  -6.4754924e+01
  -2.5774369e+01   4.8418814e+01
  -6.6836592e+01  -7.5232276e+01
  -4.6368367e+01  -8.0817874e+01
  -3.4205292e+00  -2.5031034e+01
  -8.3071571e+01  -8.8605667e+01
  -7.0292517e+00   5.6086697e+01
  -5.6178007e+01  -6.3878079e+01
  -4.6228814e-01  -6.2363180e+00
   6.6793504e+01   8.7427221e+00
  -5.6291191e+01   1.3704413e+01
   6.9886531e+01   4.9061833e+01
  -6.0556818e+01   3.6495009e+01
   5.9050627e+01  -5.8717298e+01
  -5.8682582e+01  -2.4646119e+01
   5.1173904e+01  -1.6204041e+01
   2.4081649e+01  -2.5043756e+01
   2.5437355e+01   6.0605533e+01
  -1.0442772e+01  -5.3015855e+01
   1.4248912e+01   7.5799808e+01
   9.3889779e+00  -9.8852537e+00
  -5.7060803e+01  -5.3917921e+01
   6.8392986e+01   9.9454707e+01
   3.3523763e+01   7.6910160e+01
  -9.6957180e+01  -4.2023774e+01
   8.9794737e+00   3.1915059e+01
  -4.0763117e+01  -3.6763543e+00
  -5.1527641e+01   2.2294186e+01
  -4.5638491e+01   5.0881815e+01
   4.7303037e+01   3.6758363e+01
  -5.1787785e+01   3.2390538e+01
  -8.4793904e+01   1.7323675e+01
   5.3154303e+01  -5.0825543e+01
  -4.3913564e+01  -1.3131339e+01
  -8.2448680e+01  -1.8115995e+01
  -1.8541572e+01   6.6518140e+01
   3.6667448e+01  -2.3932772e+00
   7.0241992e+01  -4.1611076e+01
  -2.4121814e-01  -5.4699576e+01
  -8.1701537e+01  -3.7548425e+01
   3.4742592e+01   6.4152915e+01
  -3.1566591e+01  -2.8783876e+01
  -3.0486267e+01  -6.9058067e+01
   5.6023617e+01  -4.1263318e+01
  -5.1357730e+01  -9.9923392e+01
  -2.8610475e+01   9.4005493e+01
  -9.0335855e+00   7.2082772e+01
   1.0714073e+01   8.0313942e+00
   2.7724312e+01  -8.1126047e+00
  -8.8898777e+01  -5.9537473e+01
   7.1013445e+01   7.3398454e+01
  -7.0446155e+01  -5.4661144e+01
   9.8598089e+01   1.6082462e+01
   5.2298826e+01   9.8547171e+01
   1.6112370e+01   6.3920134e+01
   8.6584390e+01  -6.3669943e+00
  -1.6828718e+01   5.6105321e+01
   1.5704625e+01   4.1713711e+01
  -3.1285803e+01   4.0304619e+01
  -2.8407444e+01   7.6650658e+00
  -3.8065506e+01   7.4912095e+00
  -7.8378129e+01   4.7347723e+01
   2.1061034e+01   3.3314473e+01
  -7.8354419e+01   5.6368365e+01
  -8.0134953e+01   2.6185173e+01
   1.2000519e+01  -5.8944577e+01
  -6.0888049e+01  -6.3856550e+00
  -3.5330133e+01   8.6603201e+01
   6.3397022e+01  -4.8900897e+01
   3.3557864e+01  -5.0512900e+01
  -5.6594991e+01   3.7911417e+00
  -8.1811400e+01  -6.5042515e+00
   8.2110775e+01  -2.9565059e+01
   4.0174507e+01  -1.6185686e+01
   4.9465010e+01   7.9010060e-01
   5.2481184e+01  -3.1512865e+01
   5.7303660e+00  -2.8921250e+01
   5.3005646e-01  -6.5655435e+01
  -2.8385126e+01  -8.8487697e+01
   4.4602058e+01   6.3166299e+01
  -9.5318072e+01  -5.1879280e+01
  -2.2279598e+01  -3.2445715e+01
   3.3588083e+01  -3.9632519e+01
   3.8073636e+01   4.4263509e+01
  -1.0276394e+01   8.3117926e+01
  -6.3072214e+01  -9.9827304e+01
   9.8428916e+01   4.0925885e+01
   8.4791646e+01   7.1429718e+01
   1.4366038e+01  -1.2317367e+00
   7.7574873e+01   5.5161482e+01
   1.9523309e+01  -1.6040091e+01
  -6.6175992e+01  -6.3702399e+01
  -5.8817352e+01  -3.8450063e+01
   7.6956634e+00  -4.5362387e+01
   7.6670552e+01   1.0268082e+01
   6.3041464e+01   6.7521404e+01
   4.3831841e+01   8.2615858e+01
   7.5904052e+01   8.2047819e+01
   9.2025174e+01  -2.8292701e+01
   3.7080271e+01   9.7317609e+01
   1.6398756e+01   8.7615288e+01
   9.1048774e+00   1.7731704e+01
  -7.7395176e+00   2.7081947e+01
   1.4525251e+00   5.0990091e+01
  -6.9791862e-01   3.4081166e+01
  -2.1795676e+01  -1.0648228e+01
  -4.6984819e+01   3.9630120e+00
  -4.4677877e+01   7.3710116e+01
  -3.6004560e+01   4.8654749e+01
   3.2557591e+01   2.0533560e+01
  -5.7879906e+01   5.2193606e+01
  -6.8943340e+01   8.7131543e+01
  -9.4005450e+01   2.1096607e+01
  -7.0463999e+01   3.7133436e+01
   5.5374415e+01   8.3669724e+00
  -8.6241164e+01   4.5051936e+01
   2.5066679e+01  -5.4847590e+01
  -7.4306898e+01   1.8260553e+01
  -7.3317050e+01  -1.4372931e+01
   6.6092670e+01  -6.6778930e+01
   6.3461288e+00   5.9629357e+01
   3.7785471e+01  -8.0317370e+01
  -5.1574563e+01  -3.1576769e+01
   4.3269588e+01  -5.1920868e+01
  -2.8412177e+01   7.9327309e+01
  -6.6220124e+01   2.9018345e+00
  -9.0108139e+01  -1.1781660e+01
  -9.5246042e+01   2.1679959e-01
   6.9949519e+01  -2.0014959e+01
   4.5037083e+01  -7.7852703e+00
  -3.6080619e+01   7.4397888e+01
  -8.4101268e+01  -2.7891503e+01
   5.5411110e+01  -7.1463117e+00
  -9.0884208e+00  -6.2922698e+01
  -1.0650229e+01  -1.8233049e+01
   7.2121906e+01  -2.9755545e+01
   2.4759799e+01  -3.4969090e+01
   4.1373023e+01   6.4684987e+00
  -1.2079787e+01  -4.3029985e+01
  -8.8699982e+01   3.0376422e+01
  -1.9016806e+01  -8.4911841e+01
   6.1299042e+01  -1.5117070e+01
   4.5512761e+01  -2.4444117e+01
   6.0049193e+01  -2.4997947e+01
  -2.0405739e+01  -5.2240943e+01
  -3.7229518e+01  -5.7825716e+01
  -7.7639181e+01  -4.7682435e+01
  -8.7494080e+01  -4.5668132e+01
  -5.7287104e+01  -9.1670670e+01
   4.6100978e+01  -4.2359634e+01
  -9.5304244e+01  -7.8453917e+01
  -2.2053244e+01  -4.2403267e+01
  -3.8215396e+01  -8.6654351e+01
  -3.0830561e+01  -4.9922094e+01
   3.3964238e+01  -2.6946032e+01
   4.7834585e+01  -6.9894815e+01
   4.5217182e+01   1.9720934e+01
   3.1045433e+01   5.2571980e+01
   2.5126813e+01  -4.4939220e+01
  -7.8911575e+01  -5.9977249e+01
  -2.1643696e+01   8.5964551e+01
  -1.5552500e+01   9.3593896e+01
   2.1286403e+01   5.1441579e+01
   4.0141777e+01   5.4871053e+01
   2.4128469e+01   8.0490557e+01
  -1.3925348e+00   7.8528498e+01
  -6.4747906e+01  -8.5012254e+01
   5.4005397e+00   7.1183748e+01
  -5.7230770e+00   9.2040637e+01
   7.6271178e+01   6.5001223e+01
  -1.0491378e+01  -8.3221022e+00
  -6.2478036e-01  -9.1326925e+01
   2.1347010e+00   3.3621631e+00
   6.8397000e+01   5.9004219e+01
  -7.1911718e+01  -3.9491136e+01
   2.7674432e+01   1.7505478e+00
  -6.4168559e+01  -4.6885179e+01
  -4.7327886e+01  -9.0771561e+01
   1.6174041e+01  -4.0067645e+01
   7.7196478e+01  -9.8093383e+00
   8.6684159e+01   5.1387750e+01
   8.3764013e+01   3.2242849e+00
   7.0044635e+01   1.8375593e+01
   8.6216931e+01   1.3234551e+01
   5.7156851e+01   3.6773967e+01
  -4.9501918e+01  -7.1321936e+01
   8.5495929e+01   6.1304393e+01
   5.4242339e+01   7.3066087e+01
   3.5184814e+01   8.7505733e+01
   6.2513683e+01   7.8591255e+01
   2.5850375e+01   7.0527735e+01
   8.9824580e+01  -1.8539632e+01
   9.9256226e+01  -1.5250651e+01
   5.9478703e+01   9.1590856e+01
   2.5820601e+01   9.0927123e+01
   1.5931575e+01   2.4867274e+01
   1.8514370e+00   2.4449476e+01
  -1.2211883e+01   3.7096078e+01
   1.1358560e+01   5.0679378e+01
   5.7101981e+00   4.1745012e+01
  -1.7132118e+01  -8.5622453e-01
  -4.2396601e+01   2.5262180e+01
  -2.8082207e+01   2.1126302e+01
  -2.8282874e+01  -1.8552596e+01
  -6.0287753e+01   2.6564577e+01
  -4.3355579e+01   6.3811798e+01
   3.3886576e+01   3.5196780e+01
   3.2320906e+01   1.0557972e+01
  -3.0910390e+01   6.6545030e+01
  -5.6240793e+01   7.6797694e+01
  -3.7923548e+01   3.3585188e+01
  -5.3785462e+01   4.3780068e+01
  -7.0348195e+01   5.1516023e+01
  -5.2399334e+01   9.1622669e+01
  -3.7905128e+01  -2.1090930e+01
  -7.0112724e+01   2.7207918e+01
   5.4184856e+01   6.3248905e+01
  -9.9443311e+01   3.9467948e+01
  -8.0392694e+01   3.6670334e+01
  -9.2816973e+01   5.1721888e+01
   1.6482665e+01  -5.0016663e+01
   2.0644080e+01  -6.2921889e+01
  -9.8916405e+01   2.9644810e+01
   6.8970270e+01  -5.7244319e+01
  -9.1961315e+01   1.0346933e+01
  -4.7758032e+01  -2.2401343e+01
  -1.7988181e+01   7.6516887e+01
  -2.6298004e+01   5.8137247e+01
  -6.3578870e+01  -1.6002513e+01
  -7.2206544e+01  -4.6396210e+00
   3.7048552e+01  -7.0346389e+01
  -4.2769155e+01   9.3149713e+01
  -1.2197981e+01  -7.2426803e+01
   7.9904689e+01  -1.9599666e+01
  -2.3324539e+00  -3.4938674e+01
  -2.6117898e+00  -7.5278204e+01
   1.0175327e+00  -1.6089113e+01
   1.5589648e+01  -3.0128112e+01
  -5.0998835e+01  -5.0383803e+00
  -8.5594579e+01   2.6730199e+00
  -1.9391414e+01  -2.2927374e+01
  -2.2710224e+00  -4.4917758e+01
  -9.6040004e+01  -2.3614713e+01
  -2.7130479e+01  -7.8566762e+01
  -2.2721322e+01  -9.6729021e+01
  -9.5222378e+01  -6.8454253e+01
  -7.5438152e+01  -8.0356484e+01
  -3.3105950e+01  -9.9157284e+00
  -8.5308857e+01  -7.8754746e+01
  -8.5043692e+01  -6.8760210e+01
  -1.2258069e+01  -3.3032239e+01
  -3.8007216e+01  -9.6651487e+01
  -4.7018201e+01  -5.9864302e+01
  -4.0337601e+01  -6.7325427e+01
  -4.1622269e+01  -3.0379956e+01
  -3.6960643e+01  -7.6735083e+01
  -3.1361105e+01  -3.8768975e+01
  -7.0536003e+01  -9.3166961e+01
  -8.6972020e+01  -9.7813625e+01
  -9.8004135e+01  -9.0871134e+01
  -2.7363729e+01  -5.9406871e+01
  -1.0567820e+01  -9.0261106e+01
   9.6619037e+01   5.1518848e+01
   7.6709109e+00   9.3343265e+01
  -6.5961316e+01  -3.1476373e+01
   9.2684638e+01   7.7569805e+01
  -7.4204906e+00   1.1018905e+00
   2.0496704e+01   8.4115133e+00
   9.6555575e+01  -5.6227332e+00
  -1.5970530e-02   1.3308002e+01
  -5.3791055e+01  -1.4527427e+01
  -7.2855127e+01  -2.4283907e+01
   1.0276546e+01  -1.9840628e+01
   3.0478694e+01  -1.7585425e+01
   8.8460910e+01   4.1600031e+01
   7.4090886e+01   2.4905504e-01
   9.0880459e+01   3.1919850e+01
  -5.7159467e+01  -7.7751651e+01
   6.3335455e+01   2.5870809e+01
   7.9692341e+01   2.0766679e+01
   5.9352255e+01   5.5211619e+01
   9.4522468e+01   6.5550475e+01
   9.9920652e+01   2.5994618e+01
   9.4059585e+01   7.0611843e+00
  -9.2651927e+01  -3.3018927e+01
   4.4255689e+01   7.2805949e+01
   6.9249870e+01   8.9495187e+01
   7.3644578e+00   8.3346313e+01
   3.7927629e+01  -6.0387333e+01
   4.9106535e+01  -5.9985883e+01
   6.3296282e+01  -3.4430475e+01
   5.3765871e+01   8.3395171e+01
  -2.1691154e+01   3.9364639e+01
  -4.5616480e+00   4.3222563e+01
  -2.2254540e+00   6.4778957e+01
  -1.7566806e+01   2.8745706e+01
  -4.6334659e+01   1.3832318e+01
  -2.6975744e+01  -2.1195181e+00
  -3.7015775e+01   1.7194159e+01
  -2.7272289e+01   3.0990139e+01
  -7.8065284e+01   9.1220059e+00
  -6.6124611e+01   1.2730253e+01
   2.6417809e+01   4.1695691e+01
  -9.9680120e+01  -1.4276415e+01
   2.2972132e+01   1.7953497e+01
  -5.1424495e+01   5.8874325e+01
  -4.5032622e+01   4.0086817e+01
   4.1395260e+01   2.8823520e+01
   6.0291061e+01   1.6643948e+01
   5.3510493e+01   2.5187615e+01
   6.0678209e+01   4.5741273e+01
  -3.6012195e+01   5.8149943e+01
  -5.9586661e+01   8.5366107e+01
  -6.4093776e+01   4.5078522e+01
  -5.1382991e+01   6.8589274e+01
  -4.8359393e+01   8.2578091e+01
  -8.7545372e+01   5.9571329e+01
   4.7704624e+01   4.9081640e+01
   2.2629635e+01  -7.1845954e+01
  -7.9682638e+01   6.5128259e+01
  -9.1053234e+01   3.8800649e+01
   6.1629989e+01  -6.7324442e+01
