   5.2900000e+02
   6.0300000e+02
   6.1900000e+02
   5.1900000e+02
   3.9300000e+02
   5.0700000e+02
   4.6900000e+02
   5.9700000e+02
   4.2100000e+02
   3.9700000e+02
   5.9300000e+02
   5.5900000e+02
   4.2900000e+02
   4.4700000e+02
   3.9900000e+02
   5.2300000e+02
   5.5100000e+02
   5.6700000e+02
   5.4100000e+02
   4.3900000e+02
   5.7500000e+02
   5.8500000e+02
   5.4300000e+02
   6.3300000e+02
   6.3500000e+02
   6.4500000e+02
   5.0900000e+02
   4.9900000e+02
   3.7700000e+02
   5.2500000e+02
   5.9500000e+02
   6.3900000e+02
   4.6100000e+02
   5.4700000e+02
   4.6300000e+02
   5.6500000e+02
   4.9100000e+02
   4.4500000e+02
   6.1300000e+02
   6.1500000e+02
   6.1700000e+02
   4.1300000e+02
   5.1300000e+02
   3.8500000e+02
   4.0900000e+02
   5.1100000e+02
   5.2100000e+02
   4.0700000e+02
   4.5300000e+02
   4.1900000e+02
   5.3100000e+02
   5.5500000e+02
   4.3300000e+02
   5.6900000e+02
   5.3700000e+02
   5.5300000e+02
   6.0900000e+02
   5.8300000e+02
   5.7100000e+02
   4.7900000e+02
   4.4900000e+02
   4.5700000e+02
   4.6500000e+02
   5.6100000e+02
   6.0100000e+02
   4.7300000e+02
   6.2900000e+02
   6.2700000e+02
   4.8900000e+02
   5.4500000e+02
   3.6600000e+02
   4.9500000e+02
   6.4100000e+02
   3.7400000e+02
   3.7600000e+02
   5.0300000e+02
   5.0500000e+02
   3.8200000e+02
   3.8400000e+02
   3.8600000e+02
   3.9000000e+02
   3.9200000e+02
   5.3500000e+02
   3.9600000e+02
   5.1500000e+02
   5.1700000e+02
   4.0200000e+02
   4.0400000e+02
   4.0600000e+02
   4.0800000e+02
   5.2700000e+02
   4.1200000e+02
   5.3900000e+02
   4.1600000e+02
   5.3300000e+02
   6.0700000e+02
   4.2200000e+02
   5.5700000e+02
   5.4900000e+02
   4.2800000e+02
   5.6300000e+02
   4.3200000e+02
   4.3400000e+02
   5.7300000e+02
   5.7700000e+02
   4.4000000e+02
   5.8100000e+02
   5.7900000e+02
   5.8700000e+02
   4.4800000e+02
   5.8900000e+02
   4.5200000e+02
   5.9100000e+02
   4.5600000e+02
   5.9900000e+02
   4.6000000e+02
   4.6200000e+02
   4.6400000e+02
   4.6600000e+02
   4.6800000e+02
   4.7000000e+02
   6.0500000e+02
   6.2300000e+02
   4.7800000e+02
   6.2500000e+02
   4.8200000e+02
   6.2100000e+02
   6.3100000e+02
   4.8800000e+02
   4.9000000e+02
   4.9200000e+02
   4.9400000e+02
   6.3700000e+02
   4.9800000e+02
   6.4700000e+02
   6.4300000e+02
   5.0400000e+02
   5.0600000e+02
   5.0800000e+02
   5.1000000e+02
   5.1200000e+02
   5.1400000e+02
   5.1600000e+02
   5.1800000e+02
   5.2000000e+02
   5.2200000e+02
   5.2400000e+02
   5.2600000e+02
   5.2800000e+02
   6.1100000e+02
   5.3200000e+02
   5.3400000e+02
   5.3600000e+02
   5.3800000e+02
   5.4000000e+02
   5.4200000e+02
   5.4400000e+02
   5.4600000e+02
   5.4800000e+02
   5.5000000e+02
   5.5200000e+02
   5.5400000e+02
   5.5600000e+02
   5.5800000e+02
   5.6000000e+02
   5.6200000e+02
   5.6400000e+02
   5.6600000e+02
   5.6800000e+02
   5.7000000e+02
   5.7200000e+02
   5.7400000e+02
   5.7600000e+02
   5.7800000e+02
   5.8000000e+02
   5.8200000e+02
   5.8400000e+02
   5.8600000e+02
   5.8800000e+02
   5.9000000e+02
   5.9200000e+02
   5.9400000e+02
   5.9600000e+02
   5.9800000e+02
   6.0000000e+02
   6.0200000e+02
   6.0400000e+02
   6.0600000e+02
   6.0800000e+02
   6.1000000e+02
   6.1200000e+02
   6.1400000e+02
   6.1600000e+02
   6.1800000e+02
   6.2000000e+02
   6.2200000e+02
   6.2400000e+02
   6.2600000e+02
   6.2800000e+02
   6.3000000e+02
   6.3200000e+02
   6.3400000e+02
   6.3600000e+02
   6.3800000e+02
   6.4000000e+02
   6.4200000e+02
   6.4400000e+02
   6.4600000e+02
