  -2.2439098e+01  -2.7350664e+01
   3.0513873e+01   5.5254902e+01
   6.5622297e+01  -3.9274583e+01
  -8.0831425e+00  -4.1403737e+01
  -2.8197576e+00  -5.7040889e+01
  -2.9712534e+01   1.1165689e+01
  -8.6096060e+00  -1.0271320e+01
   2.1565945e+01   3.9172977e+01
   3.9811990e+01   4.7767554e+00
   1.2579845e+01  -4.3209768e+01
  -3.7396210e+01  -8.3137779e+00
  -7.0124663e+01  -4.2523009e+01
   5.1888679e+01   4.3966527e+01
   5.6949709e+01  -1.2904191e+01
   2.2477404e+01  -4.3850600e+01
  -3.9133825e+01   1.4317794e+01
   8.0791446e+01   1.7457908e+01
   3.3487010e+01   2.8773219e+01
   4.2199453e+01   2.3901758e+01
   4.1440574e+01  -5.9213231e+00
   7.0855684e+01   4.2798340e-01
   9.4991723e+00   7.8575880e+01
  -5.3693130e+01   3.8271409e+01
   2.6474306e+01  -6.2961922e+01
   2.7173954e+01  -1.8162055e+01
  -3.2881555e+01  -7.7150645e+01
   2.1088974e+01  -3.4010531e+01
  -5.3092272e+01   2.8340579e+01
  -6.5574506e+01   2.6944929e+01
  -6.8035892e+01  -6.8845449e+00
   3.9422193e+00  -3.8364895e+01
  -2.7180574e+01  -1.8581191e+01
   2.1298859e+01  -7.6438793e+01
  -3.2420190e+01  -2.7036297e+01
  -3.0098846e+01  -4.6677969e+01
  -1.1678925e+00   4.4220766e+01
   2.4195428e+01  -7.1799008e+00
   2.2016711e+00   5.8041826e+01
   1.6284530e+01  -1.2393760e+00
  -3.8176435e+01   3.9583669e+01
  -1.3967340e+01   5.9186952e+01
   3.8189397e+01  -3.2021570e+01
   3.6839873e+01  -4.7478337e+01
   2.6287218e+01  -5.3004736e+01
   1.7234426e+01  -5.7225675e+01
  -1.2353339e+01  -5.4114974e+01
  -6.0223923e+01   1.0121177e+01
  -6.4404922e+01  -1.6180126e+01
  -5.5461661e+01   1.8872886e-01
  -4.6285834e+01  -3.7505380e+00
   1.5292868e+00  -8.6654987e+01
  -3.4604701e+00  -2.2495670e+01
   7.3335441e+00  -6.2228236e+01
   5.6297442e+01   1.4866009e+01
   8.3435237e+00   2.2366161e+01
  -3.9904418e+01  -6.9458762e+01
   5.5614066e+01   3.4686601e+01
  -5.1347040e+01  -2.1859494e+01
  -8.4301864e+00   3.7399678e+01
  -3.3703530e+00   7.4194015e+01
  -2.4752680e+01   7.4254671e+01
   6.1244299e+00   1.2660098e+01
   8.5155397e+01  -1.6861565e+01
   3.9779419e+01   7.0376886e+01
   5.4793108e+01  -2.3122370e+01
  -2.3496910e+01   2.6481006e+01
  -2.7515593e+01   4.4522249e+01
   1.7191566e+01   5.0890917e+01
   3.6454820e+01   3.8309863e+01
   5.0035341e+01   5.5642985e+01
   1.3322189e-01  -3.8124206e+00
   4.8106943e+01  -3.0858464e+01
   5.1435594e+01  -4.6744310e+01
   3.6772171e+01  -7.9066025e+01
  -2.1310387e+01  -7.3384053e+01
   2.9051845e+01  -2.7975235e+01
   9.0978988e+00  -1.9354687e+01
  -4.5434697e+01   2.1992419e+01
  -2.1003918e+01  -6.3399015e+01
  -7.5246758e+01   2.4444820e+01
  -1.8100090e+01  -1.4554466e+01
  -2.7434872e+01  -8.6167215e+00
  -6.8876821e+01   3.6361657e+01
  -7.1794448e+01  -2.2895636e+01
  -3.5257894e+01   2.0803765e+00
  -5.0838124e+01   1.3579246e+01
  -4.5847215e+01  -1.3625135e+01
  -1.7165189e+01  -4.5457634e+01
  -5.5586301e+01  -1.1510925e+01
  -1.1030098e+01  -6.3964518e+01
  -1.3381834e+01  -8.3057177e+01
  -1.5670231e-01  -4.7440505e+01
  -3.7991448e+01   2.8661585e+01
   3.5255630e+01  -5.7348739e+01
   6.3717983e+01   7.4227822e+00
   8.7500642e+00  -7.2118048e+01
  -1.4881841e+00  -6.6921934e+01
  -4.4451842e+01   5.9600590e+00
  -3.2925318e+01  -5.6337056e+01
   8.5376506e+00  -5.2324189e+01
  -2.2728403e+01  -3.7303345e+01
   3.0067847e+01   7.9178311e+00
   2.0671096e+01   1.1305524e+01
   4.6802029e+01   1.1831126e+01
  -5.4635528e+00   6.4426280e+01
   5.7174972e+01   2.4817862e+01
  -2.3273207e+01   6.2795158e+01
   4.5628895e+01   3.4365727e+01
  -5.9977857e+01  -4.4232453e+01
  -6.0648135e+01  -2.5423626e+01
   4.2448230e+00   3.4018760e+01
   2.4522940e+01   7.2618444e+01
   6.1193758e+01  -3.2007790e+00
   4.8095405e+00   6.7978817e+01
   7.5947107e+01  -8.1736154e+00
  -2.1194867e+01   5.2275336e+01
   6.7006499e+01  -2.2446558e+01
  -2.0083986e+01   3.6941094e+01
  -3.7565353e+01   4.9549769e+01
   7.1581184e+01   1.3580532e+01
  -4.2537281e+01  -2.6802714e+01
  -3.1827624e+01   5.7685024e+01
   1.3673032e+01   3.0763527e+01
   7.3049294e+00   4.9483772e+01
  -6.3031130e+00   5.2787165e+01
   1.1866254e+01   6.0579276e+01
   4.1263840e+01   6.0442863e+01
  -1.8282649e+01  -4.6752833e+00
  -4.0370953e+00   2.8607878e+01
  -9.4005679e+00  -3.0239334e-01
   3.1268108e+01  -3.9183597e+01
   4.2117203e+01  -2.2856353e+01
   4.7046855e+01  -1.4179473e+01
   5.7870885e+01  -3.2965095e+01
   4.3796032e+01  -4.0295913e+01
   3.4053342e+01  -6.9452212e+01
  -4.4631424e+01  -7.8268307e+01
  -3.0093123e+01  -6.7549041e+01
  -2.9719365e+01   3.4278664e+01
   1.7932784e+01  -2.4593429e+01
  -5.8484367e+01   1.9949890e+01
  -6.2077472e+01   4.3681475e+01
   5.2350294e+00  -2.8489065e+01
  -6.9736196e+01   1.5611327e+01
  -7.8614566e+01   3.4110075e+01
  -8.1566111e+01  -2.0792400e+01
  -2.5290719e+01   2.2995591e+00
  -6.7295754e+01   3.0714783e+00
  -7.0174860e-02  -7.6799840e+01
  -7.6530792e+01  -1.2153739e+01
  -3.1703519e+01   2.0919776e+01
   4.2551509e+01  -6.4161341e+01
  -3.9315539e+00  -3.2369396e+01
   9.4097451e-01  -1.3665106e+01
   7.8729526e+01   6.5916382e+00
   1.7445691e+01  -6.7214817e+01
  -2.2903392e+01  -5.3605951e+01
  -1.3359716e+01  -2.3242635e+01
  -4.2323682e+01  -5.9758129e+01
   1.8192923e+01   2.0974892e+01
  -9.6010996e+00  -7.3819785e+01
  -1.2366974e+01   7.8558020e+01
  -1.3781925e+01  -3.3165732e+01
   3.2403779e+01  -1.7798234e+00
   1.7815205e+01  -1.4669822e+01
   3.6501274e+01  -1.4596842e+01
   9.6897215e+00  -8.8725906e+00
  -3.3544637e+01   6.7526253e+01
   2.8151118e+01   2.0319219e+01
  -1.5511636e+01   6.9073394e+01
   6.1958603e+01   4.2405929e+01
   6.6872726e+01   2.2395588e+01
  -7.3387895e+01  -3.2761500e+01
   2.9382887e+01   4.5349675e+01
  -6.3629194e+01  -3.4935433e+01
   7.3572114e+00   2.9242349e+00
   3.7240130e+01   1.5217355e+01
  -1.3935779e+01   2.9067248e+01
   3.1227188e+01   6.5209323e+01
   2.1760609e+01   6.1992121e+01
   1.4841751e+01   7.0124053e+01
   5.1316628e+01  -4.6600304e+00
  -1.3736487e+01   4.5719982e+01
   8.5843857e+01  -6.7924424e+00
   7.8077165e+01  -2.3925462e+01
  -4.6520332e+01   4.5180693e+01
   6.6921331e+01  -1.2449376e+01
  -4.6465705e+01   5.5174014e+01
  -5.2032175e+01  -3.1778794e+01
  -3.7125308e+01  -1.8303514e+01
  -3.2514817e+01  -3.6906717e+01
   1.1716005e+01   4.0558318e+01
   2.3542896e+01   2.9395999e+01
   5.9369125e+01   5.2059837e+01
   3.9405311e+01   5.0540965e+01
  -2.0148672e+00   6.3507405e+00
   5.4046316e+01   4.9422087e+00
  -1.0786164e+00   1.9297844e+01
