   3.9411820e+01  -4.2435323e+01
  -6.7307689e+01   9.0813696e+00
   7.6432528e+01   6.3296603e+01
  -6.2067536e+01  -5.6134020e+01
   7.2348716e+01  -4.2003660e+01
   5.6397075e+01  -3.2795315e+01
  -8.7827155e-01   6.7257026e+01
  -9.6937089e+00   6.2619999e+01
  -3.2093067e+01   4.3846993e+00
  -4.5258652e+01   1.6628782e+01
   2.5429773e+01  -4.8939573e+01
   4.0933682e+01   7.0557909e+00
   3.6858574e+00  -7.2469419e+01
  -1.5384803e+01  -2.7828035e+01
   8.4119776e+01   8.2273960e+01
  -6.1911939e+01  -2.4999923e+01
   8.7426685e+01   3.6318968e+00
   7.4403351e+01   7.9982450e+01
  -6.0426201e+01   5.0719528e+01
  -8.4239950e+01   8.9042029e+01
   6.2337565e+01  -6.9121153e+01
   4.5154890e+01  -9.4996942e+01
  -7.5987219e+01   3.5323572e+00
  -3.2641853e+01   7.6802900e+01
   5.1904104e+01   3.1989340e+00
  -9.3102693e+01   2.8002908e+01
   6.3231526e+01  -2.4312743e+01
  -3.3722589e+01  -6.7866760e+01
  -8.8839798e+01  -5.6387515e+01
  -9.8892980e+01  -8.9916049e+01
   3.8783834e+01   5.8470454e+01
  -6.1233342e+01  -8.9015403e+01
   1.4309462e+01   3.0196378e+00
   9.6755272e+01   6.2185349e+01
   3.7802098e+01   3.8997225e+01
   2.7206278e+01   7.2571617e+01
  -3.8530528e+01  -3.2188150e+00
  -3.7365373e+01   2.3097637e+01
   2.6586978e+01   4.3835425e+01
  -4.5589264e+01   3.6850759e+01
  -7.8767783e+01   4.3122516e+01
  -3.5130823e+01  -1.4293790e+01
   6.8137858e+01   6.9467505e+01
  -8.7705710e+01   3.8638696e+01
   7.4369766e+01  -5.7500493e+01
  -6.2788277e+00  -8.9103029e+01
   8.1175037e+00  -4.1605997e+01
  -5.9122977e+00  -2.4655197e+01
   3.2450600e+00  -5.0298022e+01
  -9.4856458e+01  -7.6250005e+01
  -7.4873508e+01  -9.3198603e+01
  -8.4573932e+01  -9.8062521e+01
  -1.3208296e+01  -9.7961766e+01
   9.8184460e+00   1.1918068e+01
   7.5319084e+00   2.1763336e+01
   1.1415553e+01  -3.0866215e+01
   6.2131825e+01   2.7477772e+01
   3.8243745e+01   8.7335061e+01
  -4.0160440e+00   4.9254919e+01
   2.1658833e+01   1.0299774e+01
  -3.2235526e+01   5.7004481e+01
   4.2653525e+01   3.0615447e+01
   4.7819763e+01   4.8152492e+01
  -6.1766711e+01   9.8006626e+01
  -4.7671608e+01   7.7397859e+01
  -8.6738756e+01   5.9337966e+01
  -7.7276205e+01   8.1866712e+01
   5.3481781e+01  -6.5291803e+00
  -2.3280543e+01   5.2605585e+01
   4.0947860e+01  -6.3562512e+01
   1.7646883e+01  -3.8657888e+01
   4.5033126e+01  -5.0939351e+01
  -6.0872237e+01  -1.5056748e+01
   4.7987215e+01  -1.4798744e+01
   7.5941339e+01  -2.4023835e+01
   3.3916659e+01  -2.5552197e+00
  -7.9029488e+01  -4.1787359e+01
  -9.9019359e+01   3.6064724e+01
  -1.9217031e+01  -6.9056499e+01
  -1.5318145e+01   8.7718515e+01
   1.9205297e+01   6.6542341e+01
   2.1031142e+01   5.6783750e+01
   1.1690730e+01   9.6714409e+01
  -6.9721474e+01  -4.5240300e+01
   8.0766848e+01   7.2289927e+01
   4.8608046e+01   6.7616329e+01
  -5.6657052e+00   8.5181981e+01
   1.0065959e+01  -1.6120941e+01
  -8.5965780e+00  -9.6950878e+00
  -2.5082801e+01  -2.9808539e+01
   3.0981670e+01  -2.4131529e+01
   2.0737197e+01  -5.8430450e+01
   8.1381545e+01   1.2258135e+01
   7.5155086e+01   2.0020715e+01
   9.6853092e+01  -1.2390224e+01
   6.6733711e+01   5.9617190e+01
  -2.7090253e+01  -3.9476166e+01
   5.3757398e+01  -8.9438010e+01
   8.4247441e+01  -5.5288606e+01
   1.1882392e+01   3.0632307e+01
   2.6610529e+01   1.9301388e+01
   6.7547017e+00   3.9101850e+01
  -1.6681589e+01   3.4479337e+01
   1.1344178e+01   5.7519102e+01
  -4.0254838e+01   5.1057524e+01
  -7.2560238e+01   3.5285684e+01
  -8.3960636e+01   1.9910961e+01
  -7.4330544e+01   2.4750896e+01
   2.3190347e+01  -7.3796153e+01
  -7.6739090e+01   9.5745655e+01
   6.5063268e+01  -7.8700379e+01
  -5.7646538e+01   7.8073740e+01
   3.2401980e+01  -7.0120562e+01
  -9.1890703e+01   6.8237246e+01
   9.0863359e+01  -6.9270939e+01
  -3.2525252e+00  -7.9661476e+01
   8.7556955e+01  -2.9154709e+01
   3.5351181e+01  -9.9090885e+01
   9.1519435e+01  -4.1527519e+01
  -2.3921386e+01  -9.4375940e+01
  -3.7640806e+01  -8.8093801e+01
  -9.0619699e+01  -3.5961090e+00
  -9.0059144e+01  -8.5022193e+01
  -5.7503263e+01  -5.6468275e+00
  -9.3771369e+01   1.7976350e+01
  -6.1885733e+01  -6.6143948e+01
  -5.3274978e+01  -8.3034268e+01
  -6.5928773e+01  -7.5335850e+01
   3.0775352e+01   9.3962015e+01
  -5.1447570e+01  -2.2803461e+01
  -1.3230519e+01  -4.6644194e+01
   8.7286814e+01   9.4755987e+01
   5.2068993e+00  -2.1945028e+00
  -2.3871357e+01  -1.9202549e+01
  -4.4297627e+01  -2.9771347e+01
  -9.9032513e+01  -2.4627334e+01
  -2.2711094e+01   1.1700918e+00
   2.3510823e+01  -9.8823100e+00
   3.6419055e+01  -1.2223787e+01
   8.5631381e+01   4.5576026e+01
   7.9819865e+01  -1.4748403e+01
   9.8871435e+01   8.9955784e+00
   3.5744091e+01   7.7719548e+01
   1.9809442e+01   7.9183758e+01
  -3.4215619e+01  -5.7595272e+01
   5.2492508e+01  -6.7709178e+01
   4.5780628e+01  -8.3799825e+01
   3.6399834e+01  -7.9270402e+01
   6.2490544e+01  -4.0649938e+01
   2.2070237e+01   9.8851940e+01
   6.8661169e+01  -3.2706521e+01
   5.8193162e+01  -1.5277298e+01
   6.4666934e+01  -7.8504045e+00
  -3.2650041e+01   1.4318452e+01
  -2.2264249e+01   4.2688563e+01
   1.0153431e+01   7.6949105e+01
  -1.8921597e+01   7.8393477e+01
  -2.6438691e+01   3.2637927e+01
   6.4681559e+00   4.8954424e+01
   1.4473109e+00   5.7582420e+01
   1.6658233e+00   3.0573360e+01
  -4.1619013e+01   7.3268760e+00
  -5.8501854e+00   9.8875315e+01
  -5.4432217e+01   2.0598837e+01
   9.9669488e+00   8.6880947e+01
   3.8275620e+01   4.8627139e+01
   3.4179734e+01   2.5600941e+01
   4.9123056e+01   1.2599239e+01
   5.5641235e+01   2.0024689e+01
  -7.6263310e+01   1.3528518e+01
  -2.6611453e+01   8.4771782e+01
  -4.0516506e+01   7.0412924e+01
   5.8854833e+01   1.0748164e+01
   6.6127583e+01  -8.8617805e+01
   2.3840435e+01  -9.2582002e+01
   4.3902607e+01  -2.7670886e+00
   7.2123682e+01  -6.7239461e+01
  -4.3098944e+01   6.0707370e+01
   8.1843225e+01  -6.4983893e+01
  -4.8851042e+01   8.8246242e+01
  -9.5304069e+01   9.1883313e+01
  -1.0039365e+01  -7.2594775e+01
  -5.7587139e+01   4.1141591e+01
  -3.7101185e+01   9.3280641e+01
   2.9930892e+01   5.3159616e+01
  -8.4848940e+01   7.5336969e+01
  -3.6381127e+01   3.3031218e+01
   1.2884322e+01  -9.3586284e+01
  -2.5253809e+01   9.4672444e+01
   3.0534552e+01  -6.0323567e+01
   5.2828332e+01  -2.3527738e+01
   4.8950104e+01  -3.9454496e+01
   1.3516658e+01  -7.5673260e+01
  -3.8374587e+00  -4.3409122e+01
   1.5497965e+01  -4.8323967e+01
   2.3523617e+01  -3.0681640e+01
   3.6987504e+01  -8.9233871e+01
  -5.5513614e+01   3.1372481e+01
   3.1018517e+01   6.9865291e+00
   2.8370342e+01  -3.9410962e+01
  -9.5762503e+01   6.5299115e+00
  -7.1760466e+01  -5.7712314e+01
   6.2193658e+01  -5.9152169e+01
   8.0071503e+01  -3.5729561e+01
  -7.9888412e+01  -7.4430030e+01
   6.7197289e+01  -5.0533881e+01
  -9.8858476e+01   7.5415361e+01
  -8.6673409e+01  -3.5415042e+01
  -7.0095219e+01  -8.4416251e+01
  -8.0083240e+01  -8.4428004e+01
  -5.5846835e+01  -9.7483205e+01
  -5.2485166e+01  -5.7989702e+01
  -5.4803532e+01  -7.3172589e+01
  -7.8649965e+01  -2.9368036e+01
   5.5387299e+01   7.4826429e+01
   2.9646781e+01   6.2996640e+01
   1.6600667e+01   4.7807687e+01
   7.1889204e+01   5.1111581e+01
  -5.9878031e+01  -4.6429234e+01
  -9.5439517e+01  -9.9300802e+01
   1.8541355e+01   3.8004647e+01
   6.3518569e+01   9.8187656e+01
   3.5828499e+01   1.5685058e+01
  -1.3031356e+01  -8.4729780e-01
   9.9357941e+01   7.8818429e+01
   6.4519701e+01   7.8737644e+01
  -1.3941669e+01  -1.8043203e+01
   9.0700019e+01   7.3352701e+01
   1.0660982e+00  -1.1923670e+01
   9.5152028e+01   4.2538705e+01
   1.4242887e+01  -6.5955617e+01
   1.0571225e+01  -5.6880018e+01
  -1.4304965e-01   1.1667340e+01
  -7.2271349e+01  -6.7637095e+01
   2.3846160e+01   9.2322248e-02
   6.8929431e+01   8.3561222e+00
   8.4587624e+01   2.3158176e+01
   8.6716367e+01   6.4107246e+01
   6.9443284e+01  -1.6499876e+01
   5.8736159e+01   3.6830728e+01
   4.6795902e+01   9.2466392e+01
   8.8714206e+01  -1.9242651e+01
   4.5712109e+01   7.7332281e+01
   3.8703476e+01   6.8324933e+01
  -9.6593745e+01  -3.4319348e+01
   3.2723739e+00  -9.1404342e+01
   2.8346965e+01   8.4302121e+01
   1.9662800e+01   8.9166357e+01
   9.1022657e+01   5.4028700e+01
  -4.3235421e+01  -6.0943735e+01
  -2.5328955e+01  -6.1531023e+01
   5.8382510e+01   6.5213428e+01
   8.1131541e+01   5.4500149e+01
  -2.1195835e+01  -5.2542939e+01
   5.8045470e+01  -9.9872741e+01
   4.4713922e+01  -7.3866950e+01
  -3.0377492e+01  -4.8653946e+01
   1.6850002e+01   1.8987349e+01
  -1.7393055e+01  -3.7591458e+01
  -3.5155946e+01  -3.3715133e+01
  -5.3834503e+01  -3.2720460e+01
   9.6615973e+01  -5.0131314e+01
   9.0897742e+00   6.7117685e+01
  -9.5286549e+00   7.4993929e+01
   2.1740219e-01   7.7147679e+01
  -8.5691204e+00   2.8870208e+01
  -3.2275182e+00   3.9278231e+01
  -7.5295802e+01   5.4045022e+01
  -9.5168439e+01   4.5293468e+01
  -1.2294984e+01   4.3433727e+01
  -2.1357900e+00   2.1411056e+01
  -1.7787059e+01   6.8465810e+01
  -2.7220310e+01   2.2689735e+01
  -3.1678591e+01   4.5953895e+01
  -1.3326330e+01   5.3343633e+01
   1.5054268e+00   9.2133919e+01
  -6.4404083e+01   1.8647117e+01
  -6.5114124e+01   2.8618027e+01
  -5.7498411e+01   1.1058435e+01
  -7.9926799e+00  -3.4415930e+01
  -4.8378979e+01  -1.5786142e+00
  -2.9073561e+01  -6.4371570e+00
  -4.4589619e+01  -1.1159541e+01
  -3.3111213e+01  -2.3989930e+01
  -1.9709323e+01  -9.9080240e+00
   2.9174543e+01   3.4225018e+01
   7.0587190e+01  -9.7554315e+01
   5.5134705e+01  -7.9831482e+01
  -5.0249972e+01   6.7727025e+01
  -4.8994376e+01   4.6236883e+01
   9.3282564e+01  -5.9568053e+01
   9.9180064e+01  -7.4812065e+01
  -8.2926226e+01   2.9856778e+01
   6.5445935e+01   1.8119569e+01
  -3.1137165e+01   6.6928612e+01
   2.7231354e+01  -8.3058662e+01
  -6.6279466e+01  -8.6246765e-01
  -7.0819791e+01  -1.2351092e+01
   3.5075686e+01  -5.1437032e+01
  -5.8849567e+01   8.8417982e+01
  -6.8765708e+01   8.9710328e+01
  -9.8829563e+01  -5.6583660e+01
  -4.5967735e+01   9.7904526e+01
   9.6822674e+01  -3.2884825e+01
  -5.1823149e+01   5.5821325e+01
  -6.7495889e+01   7.9790932e+01
  -8.7712351e+01   9.8419211e+01
  -3.9894286e+01   8.3680699e+01
  -1.5790882e+01   9.7886117e+01
  -6.9111896e+01   4.5760358e+01
  -9.6482643e+01  -6.6383919e+01
   6.2723116e+00  -8.2109824e+01
  -1.1179951e+01  -6.2729912e+01
   1.7456898e+01  -8.4775313e+01
   5.7291094e+01  -4.9144757e+01
  -4.6589825e+01   2.6902905e+01
  -8.1388894e+01  -7.4421780e+00
   3.5911268e+01  -3.2908474e+01
   4.5440295e+01  -3.0111755e+01
   9.8166414e+01  -2.2459892e+01
  -2.8184949e+01  -8.4932629e+01
  -4.1048785e+01  -9.7455177e+01
   5.2300303e+01  -5.7765741e+01
  -9.8758732e+01  -1.1765106e+01
  -7.9909571e+01   6.6642445e+01
   1.9036682e+00  -3.3829772e+01
   1.7374730e+01  -2.2854403e+01
   4.0606980e+00  -2.4090599e+01
   8.1642337e+01  -4.5645600e+01
  -8.5819819e+01   5.4607879e+00
  -9.5872850e+01   5.5268162e+01
  -9.1813641e+01   8.2512403e+01
  -4.3716438e+01  -8.0272356e+01
  -6.5988666e+01  -9.7787902e+01
  -6.2901607e+01  -3.6914936e+01
  -7.1551698e+01  -2.2324271e+01
   6.1927629e+01   8.8344408e+01
   8.9956122e+01   3.3853518e+01
  -3.6410917e+00   2.3629620e+00
  -8.0810792e+01  -6.2369289e+01
  -7.9849649e+01  -5.2048166e+01
   9.3113659e+01   8.6628284e+01
   7.1908983e+01   8.9660139e+01
   1.3968942e+01  -6.9509160e+00
   4.0528991e+01  -2.1369315e+01
  -8.7939280e+01  -4.6296609e+01
   2.3947414e+00  -6.2586078e+01
  -5.8591976e+00  -5.4322703e+01
  -8.8607970e+01  -2.5622095e+01
  -8.1089160e+01  -1.9036172e+01
   9.5937304e+01  -2.4371607e+00
   9.4459830e+01   2.4535003e+01
   7.7442456e+01   3.1221827e+00
   9.1034436e+01   1.4757889e+01
   8.7786131e+01  -8.1723787e+00
   4.4169060e+01   2.1006504e+01
   5.7000297e+01   5.1160016e+01
   5.2382960e+01   2.9254093e+01
   5.2733777e+01   8.4441373e+01
   4.8731018e+01   3.8412814e+01
   3.9329016e+01   9.9108630e+01
   7.4472569e+01  -6.3608276e+00
   6.1716803e+01   1.4414384e+00
  -9.7687525e+01  -4.4254490e+01
   2.1466854e+01   2.8006556e+01
   4.9916980e+01   5.7866426e+01
   6.4194409e+01   4.5020767e+01
  -4.5207675e+01  -7.0535171e+01
  -1.6055179e+01  -8.8417317e+01
  -1.7927172e+01  -7.8781263e+01
  -3.2964815e+00  -9.8761031e+01
   5.5026704e+01  -9.6866759e+01
   9.9315209e+01   5.8135425e+00
