   9.4111945e+01   5.6199634e+00
  -4.8622688e+01   2.3134322e+01
   2.0118214e+01   5.8136008e+01
   5.9445698e+01   7.0575345e+01
   6.4485000e+01   4.5638445e+01
   2.2064253e+00   6.6478176e+01
   2.5291983e+01  -1.2656852e+01
  -2.1562238e+01  -7.8367106e+01
   1.1819991e+01   6.3697846e+01
  -2.3867782e+01   5.3074767e+01
  -7.2371832e+01   2.5714476e+01
  -7.6325958e+01   8.6225597e+01
  -9.1574242e+01  -1.4521076e-01
  -5.6916841e+01  -9.7653756e+01
  -2.5800907e+01  -6.6278865e+00
  -3.7953524e+01  -5.8623710e+01
   3.1035150e+01  -8.3971013e+01
  -2.6692598e+01   2.3283260e+01
  -3.2671147e+01   4.8358724e+01
  -5.1692808e+01   1.0706444e+01
   3.5025879e+00  -8.2505854e+01
  -8.5869898e+01  -9.6065476e+01
   3.6118883e+01   3.1887776e+01
  -3.5427722e+00  -1.5277759e+01
  -8.0228908e+01  -8.2227648e+01
  -1.2111122e+01  -6.7025763e+01
   4.9084807e+01  -8.9419325e+01
  -2.2214004e+01  -4.7547026e+01
   1.9228031e+01   1.1131467e+01
  -3.0929854e+01  -3.2298600e+01
   6.8079860e+00   7.9776752e+01
  -2.4494721e+00   3.0852143e+01
  -1.2040730e+01   7.9110391e+01
  -1.5944260e+01   5.9159987e+01
  -7.1304753e+01   7.0685104e+00
  -8.4854723e+01  -7.5241571e+00
   5.3801252e+01  -4.5945919e+01
  -6.7371476e+01   1.7066793e+01
   6.1698991e+00  -3.2247560e+01
  -8.4192823e+01   6.7706588e+00
   9.9343802e+01   2.7573113e+01
  -7.7274561e+01  -6.2474206e+01
   5.1365178e+01  -3.1802210e+01
   3.5247986e+01   2.1261921e+01
   7.8865044e+01  -1.3255376e+00
   6.2598525e+01  -5.1403554e+00
   6.4904445e+01   6.0437481e+01
  -2.0476249e+01  -8.8286092e+01
   6.4970080e+01  -6.7080182e+01
  -5.9591100e+01  -6.5153635e+01
  -6.1766663e+00  -4.0915485e+01
  -5.5941122e+01  -1.8146666e+01
   6.4913396e+01  -3.5135486e+01
  -2.7262820e+01   5.6606024e+00
   7.5707698e+01   8.1408865e+00
   9.9090267e+01  -5.6506781e+01
   4.4128839e+01  -5.7539328e+01
  -8.1243909e+01   9.4932706e+01
  -6.3149240e+01   4.9825832e+01
  -4.9493877e+01   6.6408810e+01
   2.8483332e+01  -4.9183528e+01
  -3.7695665e+01   3.9732431e+01
   2.1785174e+01  -2.2997988e+01
   1.3571521e+01  -4.1580622e+01
   2.7226004e+01   9.7981650e+01
   8.9102309e+01  -5.6049078e+01
   2.1673329e+01  -8.7418359e+01
   6.3763540e+01  -4.4983362e+01
  -7.7679079e+01  -4.2838355e+01
   7.4201778e+01  -3.8842295e+01
   8.2867481e+01  -4.7251920e+01
  -8.4502704e+01   8.0468790e+01
  -6.0247021e+01  -7.5118139e+01
   6.4363581e+01   7.9717295e+01
   3.9380996e+01   5.8002385e+01
   1.2386101e+01   4.0947156e+01
   1.4258612e+01   7.3348072e+01
   3.8101392e+01   1.1317348e+01
  -2.8629583e-01   1.1449877e+01
   7.3295266e+01   7.7337387e+01
   9.8115307e+00  -6.9032846e+00
   5.6730214e+01  -2.3442828e+01
   1.1909858e+01  -2.4182728e+01
   1.3983101e+01   3.0628479e+00
   8.2762541e+01   5.5542401e+01
   3.1238673e+01   7.2422680e+01
   3.2747553e+01   8.9763293e+01
   5.6435739e+01   5.5693176e+01
  -4.1156451e+01  -7.7730843e+01
   9.6600020e+01   1.5268818e+01
  -2.0237476e+00  -4.9953228e+01
  -5.9352727e+01  -2.7186062e+01
  -5.0743995e+01  -7.9885159e+01
  -2.5025440e+00   7.6313852e+01
  -9.4658278e+01   3.8817217e+01
  -3.6241000e+00   4.0662613e+01
   1.6784272e+01   2.9191445e+01
  -4.4478361e-01   2.1235725e+01
  -2.2473507e+01  -1.5457402e+01
  -3.1796484e+01   3.1773539e+01
  -2.6975428e+01  -2.3652683e+01
  -5.0629237e+01  -1.0092205e+01
  -4.1608069e+01   7.5913946e+01
  -6.7735577e+01  -2.2872957e+00
  -7.7578836e+01  -6.9991909e-01
  -8.7971769e+01   1.6004038e+01
  -2.1714769e+01   6.7324858e+01
  -3.0424027e+01   8.2698347e+01
   5.2686834e+01  -5.2815986e+00
  -1.2148049e+01   2.8707283e+01
  -4.1790330e+01  -6.4815520e+00
  -6.8729810e+01   3.5015217e+01
  -4.3190484e+01   4.7995329e+01
  -5.7686378e+01   7.8091998e+01
  -3.0360659e+01  -8.9329703e+01
  -6.8117301e+01   9.1939624e+01
  -5.3687239e+01   3.1455942e+01
   1.7663695e+01  -6.9515616e+01
  -3.9967698e+00  -8.9105964e+01
   5.9693256e+01  -5.4038034e+01
   2.3477599e+01  -4.0537498e+01
  -1.2231246e+01  -9.4769730e+01
  -8.9417977e+01   5.9084589e+01
   2.8207738e+01  -3.0630807e+01
  -7.7568253e+01  -3.2914463e+01
  -6.9691194e+01  -4.8930801e+01
  -1.5964807e+01  -3.9871891e+01
  -1.3292223e-01  -5.9767330e+00
   8.3159060e+01   8.8445733e+01
   8.2633609e+01   6.7416058e+01
   8.6641667e+00  -5.0320011e+01
   4.2974376e+01  -4.2227724e+00
   4.1505057e+01  -1.4146299e+01
  -9.7484406e+01  -3.9862746e+01
   9.0096798e+01  -1.3909502e+01
   5.4178798e+01   2.2174713e+01
   5.2166448e+01   9.0978283e+01
   9.8302367e+01   5.0240692e+01
   3.1346622e+01   4.0484210e+01
   3.6534348e+01   8.0657826e+01
   4.6766869e+01   5.1561037e+01
   4.5603029e+01   1.7338806e+01
  -3.6644751e+01  -2.1787393e+01
  -2.1803905e+00  -6.6896650e+01
   9.0467604e+01   2.3047352e+01
   4.7916144e+01  -7.8758259e+01
  -3.1741455e+01  -6.9546732e+01
   9.5420495e+01  -6.8910134e+01
   7.9124436e+01  -5.6663425e+01
  -1.8463004e+01  -5.6763250e+01
  -5.0229640e+01  -3.0870454e+01
  -7.4642904e+00  -5.8245901e+01
  -6.9899037e+01  -7.7661580e+01
  -6.6858576e+01  -5.8374959e+01
  -4.1468719e+01  -6.7816831e+01
   5.6993949e+01   3.3159792e+00
   1.9584879e+01  -4.7916012e+00
   8.2909643e+01  -2.0832118e+01
   7.1948485e+01  -8.4490421e+00
   6.8928239e+01  -5.7900386e+01
   7.7049152e+01  -2.9256395e+01
   6.2784653e+01  -1.5246532e+01
   4.7338826e+00   5.6680766e+01
  -9.2187464e+01   4.8499275e+01
  -1.8558976e+01  -3.6696096e-01
  -1.3075589e+01  -1.4225581e+01
  -6.1104932e+00   6.0935034e+01
  -3.0487829e+01   7.2715291e+01
  -1.1874767e+01   6.9105088e+01
  -3.6614448e+01   2.3030141e+01
  -2.6694000e+01   4.0364710e+01
   5.6922302e+01  -8.3082311e+01
   6.5301551e+01  -7.7072919e+01
   6.6099482e+01  -8.7035708e+01
  -9.3062366e+01   7.2510095e+01
  -4.2886848e+01   1.5349876e+01
  -2.6099481e+00   9.7203526e+01
  -4.2420619e+01   3.0936153e+01
  -7.2807580e+01   5.2269647e+01
  -8.5385524e+00   8.8453873e+01
  -2.1835297e+01   7.7512285e+01
  -1.8395103e+01   8.6873209e+01
   2.2417082e+01   6.7826644e+01
  -5.2455144e+01   5.6891298e+01
  -4.2589255e+01   5.7792435e+01
  -4.8855338e+01   8.2766642e+01
  -5.0487286e+01   9.3481243e+01
  -6.6880913e+01   8.2017436e+01
   2.8546177e+01  -9.9278204e+01
   1.3453293e+01  -8.1757582e+01
   2.5796987e+01  -7.5333653e+01
  -1.4197293e+01   3.8490166e+01
   5.5761538e+01  -6.3164576e+01
  -6.8377622e+01  -1.6190591e+01
  -9.5207126e+01   9.1489265e+00
  -7.7229298e+01   1.5115173e+01
  -5.9735835e+01   3.9279599e+01
   3.3647322e+01  -5.7701369e+01
   9.4706336e+01  -3.6213907e+01
  -6.6842605e+01  -9.6955366e+01
   9.2781847e+01  -4.6013279e+01
   3.6439282e+00  -4.1785648e+01
  -7.8258061e+01  -7.2408522e+01
   1.8588755e+01  -5.0224487e+01
  -7.9527627e+01   6.1265344e+01
  -8.9207671e+01  -8.6629808e+01
  -5.6657126e+01  -5.5707978e+01
  -5.0188103e+01  -9.0128033e+01
  -5.1052908e+01  -7.0003436e+01
   1.2667787e+01   8.7842824e+01
  -9.9855163e+01   9.6185132e+01
   1.7355462e+01   9.6650063e+01
  -9.8784626e+01   1.8479759e+01
  -9.7369943e+01  -6.5962821e+01
  -8.7481661e+01  -3.3089839e+01
  -9.1962509e+01   2.5777270e+01
   2.3073800e+01   7.7923980e+01
   2.8651611e+01   1.3473856e+01
   2.1820525e+01   3.7775550e+01
  -1.8664611e-01  -2.4608656e+01
   1.7532281e+01  -3.2415017e+01
   1.5794480e+01  -1.4998536e+01
   2.1722813e+01   2.0597196e+01
   2.5421654e+01   3.3161056e+00
   1.4229016e+00   8.8094281e+01
   9.7879349e+01   3.8406042e+01
  -5.1476867e+00   2.9283218e+00
   8.0369792e+01   9.8047045e+01
   6.0936221e+00  -1.6167386e+01
  -8.9195334e+00  -3.1380586e+01
   9.4866885e+00   1.2490180e+01
   7.3301052e+01   8.7118019e+01
  -3.7974569e+01   7.0915284e+00
   9.0359518e+01   9.7919536e+01
   7.0475204e+01   9.6590624e+01
   1.5257748e+01  -5.9809359e+01
   9.8294660e+01   7.9886933e+01
   3.5252771e+01   1.9595368e+00
  -9.0580758e+01  -5.8310585e+01
   7.1493380e+01   2.0438847e+01
   9.7877660e+01  -2.0245119e+01
   5.2609782e+01   3.1804609e+01
   2.8661848e+01   5.2986973e+01
   7.5145029e+01   6.0959937e+01
   4.1018181e+01   7.1122650e+01
   9.1281258e+01   5.5877872e+01
   4.2583794e+01   8.8566351e+01
   4.6200642e+01   7.9370238e+01
   4.0668020e+01   9.8301780e+01
   8.8481510e+01   4.4444103e+01
   8.8713104e+01  -2.7686501e+00
   3.3800276e+01  -7.8191385e+00
   2.2980754e+01   8.7854009e+01
  -2.7732424e+01  -6.0468176e+01
  -3.1437926e+01  -7.9467472e+01
  -3.3837736e+01  -1.2373670e+01
  -2.1058204e+01  -3.1533645e+01
   4.6510056e+01   6.0316861e+00
   9.4454897e+00   2.2458227e+01
  -4.0517229e+01  -3.0778087e+01
   8.5940963e+01  -6.5726038e+01
   8.5380153e+01   1.0415009e+01
   8.1277138e+01   1.9477743e+01
  -5.8030535e+01  -3.6907497e+01
  -6.0921356e+01  -9.5515516e+00
  -4.6570098e+01  -2.1581100e+01
  -9.7002164e+01  -8.5393846e+00
  -3.1403610e+01  -5.1380590e+01
  -3.0333828e+01  -4.1821698e+01
  -1.2123164e+01  -4.9042698e+01
  -6.9053016e+01  -6.7975207e+01
  -4.7763938e+01  -6.0072985e+01
   8.4086549e+01  -3.7327230e+01
  -5.8881979e+01  -8.5286985e+01
  -9.4127240e+01  -2.5665165e+01
  -2.1881942e+01  -6.8437522e+01
  -2.1489918e+01  -9.8540224e+01
  -9.8434274e+01  -9.5008193e+01
   3.8108810e+01  -7.6944821e+01
   7.3748798e+00   3.2311746e+01
  -8.2145512e+01   2.4047438e+01
   1.3223474e+01   5.0965738e+01
   4.2417250e+00   4.6714269e+01
  -9.5271882e+01  -4.9570856e+01
  -8.7679425e+01  -4.3070556e+01
  -8.4959467e+01   4.1257444e+01
   9.4286450e+01  -8.5496247e+01
   6.1886879e+01  -9.6103753e+01
   5.6145995e+01  -7.3118713e+01
  -1.5141806e+01  -2.3697860e+01
   7.1879070e+01  -9.5189678e+01
  -6.2592924e+01   2.7205686e+01
  -6.1510233e+01   8.9644394e+00
  -4.7692924e+00   5.1030011e+01
   4.4401989e+01   2.6932754e+01
   8.7941919e+01  -9.3225861e+01
  -2.9645945e+01   6.1234623e+01
  -1.5009841e+01   4.8445885e+01
  -4.7664533e+01   3.9229881e+01
  -7.5010747e+01   7.6196955e+01
   5.2561360e+01  -9.9712681e+01
   3.3464921e+01  -4.0534439e+01
  -5.7534767e+01   1.8695378e+01
  -5.6139972e+01  -8.0906601e-01
  -3.7693010e+01   9.7417347e+01
  -3.9623527e+01   8.6610235e+01
   7.3766477e+00   9.6840558e+01
   5.1824032e+01  -1.4902364e+01
   3.7762713e+01  -2.7809022e+01
   8.3389248e+00  -7.3169329e+01
   1.3235779e+00  -9.7569071e+01
  -3.8205545e+01   6.6569376e+01
  -7.5081584e+01   4.2647230e+01
  -1.1986380e+01  -8.3101804e+01
  -2.5656562e+01   9.3734135e+01
  -9.0791743e+01   9.1959683e+01
  -2.1604478e+01   3.1805498e+01
  -4.6637303e+01   2.1876608e+00
  -1.2593519e+01   9.7582830e+01
  -5.3592094e+01   4.7091030e+01
  -3.1485252e+01   1.4594640e+01
   7.5112074e+01  -6.5819877e+01
  -7.8742776e+01   3.3405354e+01
  -5.8864934e+01   8.8021333e+01
   1.8809149e+01  -9.6988497e+01
   2.4874055e+01  -6.2586232e+01
  -6.0265289e+01   9.8131572e+01
   4.7090500e+01  -6.8101297e+01
   4.5746089e+01  -4.0021639e+01
   4.6467257e+01  -2.3128791e+01
   3.7163862e+01  -6.7020864e+01
   3.6018665e+01  -9.2633730e+01
   3.8683717e+01  -4.9065820e+01
   7.2996395e+01  -4.8769406e+01
   3.1400401e+01  -2.0265594e+01
  -7.8298852e+01  -1.5054514e+01
   7.3328018e+01  -1.8255801e+01
   9.0624241e+01  -2.7117178e+01
  -3.8209596e+01  -9.5392379e+01
  -6.9096171e+01  -2.7917576e+01
   6.6446580e+01  -2.5348973e+01
  -6.7716039e+01  -3.9207915e+01
  -6.0049920e+01  -4.6481899e+01
  -8.2731434e+01   5.1665921e+01
  -8.3258072e+01   7.0543260e+01
  -9.9046127e+01  -8.4840398e+01
  -9.4286403e+01   8.2537418e+01
  -9.0226283e+01  -1.5943277e+01
  -8.3663533e+01  -2.3487024e+01
  -9.4769305e+01  -7.5618735e+01
   6.9296288e+01   6.8813209e+01
   8.9741949e+01   3.2878219e+01
  -1.0047606e+01  -5.2204333e+00
   5.6603082e+01   9.9792251e+01
  -4.5012581e+00  -7.6555150e+01
   3.2470142e+00  -5.8614876e+01
   6.2933871e+01   8.9791960e+01
   9.3111679e+01   8.8350396e+01
   8.2418082e+01   7.7709101e+01
  -4.7178016e+01  -9.9663674e+01
   5.4082931e+01   1.2475727e+01
   6.3212531e+01   2.5884500e+01
  -7.8918584e+01  -5.2693072e+01
  -8.6819572e+01  -6.7469004e+01
   6.6773353e+01   3.9325642e+00
   6.3814844e+01   1.4223623e+01
  -3.3738656e+01  -1.4998046e+00
   4.4137882e+01   4.0884225e+01
   2.6714774e+01   2.9092863e+01
   4.4598983e+00   2.7715074e+00
  -7.6703109e+01  -9.2406665e+01
   3.7416049e+01   4.8259729e+01
  -6.8432626e+01  -8.7225903e+01
   6.0311935e+01   3.7056111e+01
   3.0792904e+01   6.2642186e+01
   4.7547009e+01   6.3671667e+01
   5.4690901e+01   4.5871908e+01
   9.7598406e+01  -7.3064442e+00
   5.5327552e+01   8.1741342e+01
   7.8102218e+01   4.8666461e+01
   9.0831498e+01   7.3838409e+01
   9.2208780e+01   6.4788011e+01
