   1.7130000e+03
   1.5610000e+03
   1.3270000e+03
   1.4350000e+03
   1.3390000e+03
   1.6870000e+03
   1.4550000e+03
   1.5210000e+03
   1.7110000e+03
   1.4150000e+03
   1.5890000e+03
   1.5970000e+03
   1.5010000e+03
   1.4230000e+03
   1.6710000e+03
   1.7050000e+03
   1.5450000e+03
   1.6410000e+03
   1.6130000e+03
   1.3910000e+03
   1.6950000e+03
   1.5290000e+03
   1.3470000e+03
   1.5530000e+03
   1.5590000e+03
   1.5910000e+03
   1.5830000e+03
   1.6030000e+03
   1.4270000e+03
   1.4290000e+03
   1.6250000e+03
   1.4530000e+03
   1.6450000e+03
   1.6110000e+03
   1.6590000e+03
   1.6750000e+03
   1.5030000e+03
   1.6810000e+03
   1.4830000e+03
   1.3670000e+03
   1.5170000e+03
   1.5130000e+03
   1.5390000e+03
   1.5270000e+03
   1.5430000e+03
   1.3710000e+03
   1.5550000e+03
   1.5650000e+03
   1.3930000e+03
   1.6650000e+03
   1.5730000e+03
   1.3970000e+03
   1.5810000e+03
   1.6010000e+03
   1.6050000e+03
   1.4190000e+03
   1.6070000e+03
   1.4250000e+03
   1.5870000e+03
   1.4310000e+03
   1.6350000e+03
   1.4430000e+03
   1.6470000e+03
   1.4590000e+03
   1.4450000e+03
   1.6530000e+03
   1.6270000e+03
   1.6490000e+03
   1.6790000e+03
   1.6730000e+03
   1.4750000e+03
   1.5470000e+03
   1.6970000e+03
   1.4870000e+03
   1.7070000e+03
   1.5090000e+03
   1.3260000e+03
   1.7030000e+03
   1.7010000e+03
   1.5110000e+03
   1.3420000e+03
   1.5410000e+03
   1.5350000e+03
   1.5330000e+03
   1.5490000e+03
   1.5250000e+03
   1.5310000e+03
   1.5370000e+03
   1.3620000e+03
   1.3640000e+03
   1.3660000e+03
   1.3680000e+03
   1.3700000e+03
   1.5510000e+03
   1.3760000e+03
   1.3780000e+03
   1.5630000e+03
   1.5670000e+03
   1.3900000e+03
   1.5690000e+03
   1.3960000e+03
   1.5750000e+03
   1.5790000e+03
   1.4020000e+03
   1.5850000e+03
   1.5950000e+03
   1.5930000e+03
   1.5990000e+03
   1.4120000e+03
   1.4140000e+03
   1.4160000e+03
   1.6150000e+03
   1.6090000e+03
   1.4220000e+03
   1.6170000e+03
   1.6190000e+03
   1.6210000e+03
   1.4300000e+03
   1.4320000e+03
   1.6230000e+03
   1.6290000e+03
   1.4380000e+03
   1.6830000e+03
   1.6330000e+03
   1.6370000e+03
   1.6610000e+03
   1.6390000e+03
   1.4500000e+03
   1.6430000e+03
   1.6510000e+03
   1.4560000e+03
   1.4580000e+03
   1.6550000e+03
   1.6570000e+03
   1.6630000e+03
   1.6890000e+03
   1.6670000e+03
   1.6910000e+03
   1.4740000e+03
   1.4760000e+03
   1.4780000e+03
   1.6690000e+03
   1.6850000e+03
   1.4860000e+03
   1.6990000e+03
   1.4900000e+03
   1.6930000e+03
   1.4940000e+03
   1.4960000e+03
   1.7090000e+03
   1.5020000e+03
   1.5040000e+03
   1.5080000e+03
   1.5100000e+03
   1.5120000e+03
   1.5140000e+03
   1.5160000e+03
   1.5180000e+03
   1.5200000e+03
   1.5260000e+03
   1.5280000e+03
   1.5300000e+03
   1.5320000e+03
   1.5340000e+03
   1.5360000e+03
   1.5380000e+03
   1.5400000e+03
   1.5420000e+03
   1.5440000e+03
   1.5460000e+03
   1.5480000e+03
   1.5520000e+03
   1.5540000e+03
   1.5560000e+03
   1.5600000e+03
   1.5620000e+03
   1.5660000e+03
   1.5680000e+03
   1.5720000e+03
   1.5740000e+03
   1.5760000e+03
   1.5780000e+03
   1.5800000e+03
   1.5820000e+03
   1.5840000e+03
   1.5860000e+03
   1.5880000e+03
   1.5900000e+03
   1.5920000e+03
   1.5940000e+03
   1.5960000e+03
   1.5980000e+03
   1.6000000e+03
   1.6020000e+03
   1.6040000e+03
   1.6060000e+03
   1.6080000e+03
   1.6100000e+03
   1.6120000e+03
   1.6140000e+03
   1.6160000e+03
   1.6180000e+03
   1.6200000e+03
   1.6220000e+03
   1.6240000e+03
   1.6260000e+03
   1.6280000e+03
   1.6300000e+03
   1.6320000e+03
   1.6340000e+03
   1.6360000e+03
   1.6380000e+03
   1.6400000e+03
   1.6420000e+03
   1.6440000e+03
   1.6460000e+03
   1.6480000e+03
   1.6500000e+03
   1.6520000e+03
   1.6540000e+03
   1.6560000e+03
   1.6580000e+03
   1.6600000e+03
   1.6620000e+03
   1.6640000e+03
   1.6660000e+03
   1.6680000e+03
   1.6700000e+03
   1.6720000e+03
   1.6740000e+03
   1.6760000e+03
   1.6780000e+03
   1.6800000e+03
   1.6820000e+03
   1.6840000e+03
   1.6860000e+03
   1.6880000e+03
   1.6900000e+03
   1.6920000e+03
   1.6940000e+03
   1.6960000e+03
   1.6980000e+03
   1.7000000e+03
   1.7020000e+03
   1.7040000e+03
   1.7060000e+03
   1.7080000e+03
   1.7100000e+03
   1.7120000e+03
