  -9.1154950e+01  -5.0904622e+01
   4.8033878e+00  -8.9440475e+01
  -6.9558819e+01  -2.6469457e+01
   9.1797664e+01   4.8917009e+00
  -5.3324794e+01   4.2901328e+01
   6.1393876e+01  -6.5582913e+01
  -4.8835205e+01   1.9360565e+01
   2.0858535e+01   5.3786359e+01
  -4.0717305e+01  -5.7922318e+00
   6.2380671e+01   6.7332708e+01
  -5.5313831e+00  -9.6718035e+01
   6.0870013e+01   3.9652263e+01
   2.7488348e+00   5.9247105e+01
  -6.5645836e+01  -1.7204529e+01
   2.4567202e+01  -1.3742868e+01
  -2.1937716e+01  -7.7193305e+01
   5.6148006e+01   5.8606561e+01
   8.2347895e+01   8.7963347e+00
   5.5678344e+01  -9.9644611e+01
  -9.4540793e+00   3.8539641e+01
   1.2528276e+01   5.8865163e+01
  -2.6565884e+01   5.5807318e+01
  -8.1160803e+01   3.3387814e+01
  -7.5764176e+01   2.3962409e+01
  -7.5944505e+01   8.5347896e+01
  -8.9908244e+01  -4.6771097e+00
  -5.9136274e+01  -9.3860575e+01
  -1.8971387e+01  -2.1194260e+01
  -5.6030126e+01  -1.6333684e+01
  -3.0618270e+01  -5.6032943e+00
  -3.7222720e+01  -5.7267828e+01
   3.3638047e+01  -8.2440238e+01
  -2.9006821e+01   2.0538055e+01
  -2.5108772e+01   4.6069826e+01
  -5.1822352e+01   9.9080313e+00
  -3.1419863e+01   7.1446896e+01
   9.7794760e+01  -6.5424396e+01
   4.0104333e+00  -7.6879699e+01
   9.9388858e+01  -3.3507576e+01
  -7.8867322e+01  -9.0645218e+01
   3.9448128e+01   2.7747972e+01
   9.8390013e+01   7.5941639e+01
  -4.7643890e+00  -1.3791044e+01
   4.5928615e+00  -6.5804667e+01
  -7.6076201e+01  -7.9432662e+01
  -9.9768439e+01  -3.1813286e+01
   4.0131343e+00  -9.9437824e+01
   7.2679279e+00   9.8659469e+01
  -1.4776693e+01  -6.1523621e+01
   5.1476592e+01  -9.0651221e+01
  -2.9929611e+01  -4.7160718e+01
   1.6886044e+01   1.2099904e+01
  -3.1422945e+01  -3.7844312e+01
   6.6747484e+00   7.9609995e+01
  -9.7206126e+01   4.9942078e+01
  -4.3673926e+00   3.0270107e+01
  -1.3037902e+01   7.5743269e+01
  -2.9268262e+01   3.7188799e+01
  -1.6737486e+01   5.6379088e+01
  -6.2524906e+01   7.9810657e+00
  -5.5942674e+01   5.8468728e-01
  -8.1199517e+01  -9.4952879e+00
   3.7982857e+01  -4.9820453e+01
  -5.2211625e+01   9.6631946e+01
  -3.7917922e+01   8.9859353e+01
   5.5769351e+01  -4.1901868e+01
  -6.3951705e+01   2.6020565e+01
   3.8344496e+01  -3.2761964e+01
  -8.9183347e+01   5.9685717e+01
   4.7377244e+00  -3.1423042e+01
  -8.2399496e+01   8.9708033e+00
   9.2063573e+01   2.6154346e+01
  -7.7196530e+01  -6.0643330e+01
   4.4865336e+01  -2.5398306e+01
  -9.8112367e+01  -4.1670929e+01
  -8.5271565e+01  -1.8611709e+01
   3.8237470e+01   1.8170601e+01
   5.1060741e+01   3.9343802e+01
   7.7407986e+01  -6.9819718e-03
   6.3412752e+01  -3.0253755e+00
   6.5935047e+01   5.7626075e+01
  -1.3650504e+01  -8.2132395e+01
   7.1245274e+01  -6.6931213e+01
  -5.2404997e+01  -5.8172978e+01
  -1.0790987e+01  -4.0902907e+01
  -5.0551765e+01  -2.6044993e+01
   5.2599082e+00   3.0941378e+01
   6.7338362e+01  -2.6186946e+01
  -2.5663506e+01   3.4775388e+00
   4.9936368e+01  -3.3868335e+01
  -7.7698961e+01   4.3422387e+01
  -3.0021807e+01   8.3726396e+01
   1.1153248e+01   3.7916039e+01
  -6.8492278e+01   1.7158588e+01
   6.9014118e+01   5.2328790e+00
   9.8788595e+01  -5.6303481e+01
   1.5376086e+01  -9.6898068e+01
   4.3166692e+01  -5.8231865e+01
  -4.7558748e+01   8.7219646e+01
   5.0198472e+01  -1.5396369e+01
  -8.4651062e+01   9.0199227e+01
  -6.1327272e+01   4.9734172e+01
  -9.9102193e+01   2.8563227e+01
  -5.0065804e+01   6.4975044e+01
  -4.1999172e+01  -8.4655981e+01
   2.7978329e+01  -4.9880993e+01
  -3.9193065e+01   3.7929882e+01
   2.1942151e+01  -2.3666568e+01
   1.3609533e+01  -4.2122956e+01
   2.7278251e+01   9.7109351e+01
   8.8728878e+01  -5.6747781e+01
   2.1609919e+01  -8.5357393e+01
   6.4942447e+01  -4.5786786e+01
  -6.9215236e+01  -4.8279939e+01
  -9.3992470e+01  -1.3793531e+01
   7.4253912e+01  -4.2179575e+01
   8.0643299e+01  -4.9867634e+01
  -7.7169677e+01   7.5439004e+01
  -6.3567662e+01  -6.7550972e+01
   5.8290508e+01   7.6757034e+01
  -6.9543465e+01  -3.6421349e+01
   3.6479599e+01   5.8927805e+01
   1.3942023e+01   4.6983403e+01
   1.4953150e+01   6.8508599e+01
   3.5222606e+01   9.0332183e+00
  -3.1545389e+00   4.7847331e+00
   7.4080433e+01   6.9226343e+01
   8.0064317e+01   7.7164612e+01
   6.3067601e+01   8.5844129e+01
   9.4851066e+00  -5.7323336e+00
   9.8311192e+01   9.9860598e+01
   5.4690079e+01  -2.4310510e+01
   1.1993889e+01  -2.4640633e+01
   9.3191551e+01   6.7426405e+01
  -9.7443795e+01  -5.8665723e+01
   9.9582178e+01   1.7405162e+01
   1.1965786e+01   3.7245468e+00
   7.7024945e+01   4.9787151e+01
   6.1235744e+01   1.1323517e+01
   3.2301499e+01   6.7878039e+01
   3.3706913e+01   8.9341431e+01
   5.0578672e+01   9.9655680e+01
   5.7497300e+01   4.8860671e+01
  -4.1500319e+01  -7.3576134e+01
   8.9767684e+01   1.5496883e+01
  -3.5508321e+00  -4.7578989e+01
  -2.0058251e+01  -4.4292523e+01
  -5.9998469e+01  -2.5407693e+01
  -5.0606806e+01  -7.7637066e+01
  -3.1149031e+00   7.6707449e+01
   9.9311444e+01  -4.6725698e+01
   1.1548763e+01   1.9206508e+01
  -8.9170378e+01   3.9335769e+01
  -3.6649613e+00   6.6796862e+01
   6.7148012e-01   3.9582093e+01
   1.4737072e+01   2.8383595e+01
  -7.1218487e+01   3.2815220e+01
  -3.3580398e+00   2.0841667e+01
  -5.3265092e+00   4.7541911e+01
  -1.5210037e+01   4.6594801e+01
  -9.5142294e+00  -2.2507124e+01
  -2.4619508e+01  -1.3326781e+01
   4.3341469e+01  -8.4854740e+01
   5.2309378e+01  -7.3135718e+01
  -3.4486211e+01   4.9714838e+01
  -3.4450085e+01   2.8853639e+01
   9.8208805e+01  -8.7830566e+01
  -3.1181376e+01  -2.0570586e+01
  -5.8559847e+01   1.7148361e+01
   8.0166904e+01  -9.4998977e+01
  -5.0450125e+01  -7.7709917e+00
   7.0175681e+01  -9.4616570e+01
  -4.1053592e+01   6.9037704e+01
  -4.6694423e+01  -1.6928263e+01
  -6.0950252e+01  -7.8902740e+00
  -7.8182516e+01  -4.6037320e-02
  -7.0739383e+01  -6.6331421e+00
  -8.4263967e+01   1.8755966e+01
  -3.4412769e+01   9.9223409e+01
  -2.3529482e+01   6.5321557e+01
  -2.5428063e+01   9.4849090e+01
  -3.8619525e+01   7.8692121e+01
   5.3968351e+01  -6.2002009e+00
  -1.4091848e+01   2.8961199e+01
  -3.5988724e+01   2.6246762e+00
  -6.7712088e+01   4.2086903e+01
  -4.6217326e+01   1.9349504e+00
  -4.4004386e+01   4.6664753e+01
   1.2611494e+01  -7.1935528e+01
  -5.7870803e+01   7.8185812e+01
   3.3241225e+01  -4.1176895e+01
   5.9870435e+01  -3.2803836e+01
  -1.4258626e+01  -7.1155430e+01
  -5.7534191e+00  -7.6524713e+01
  -2.2772145e+01  -8.7084238e+01
  -3.2624300e+01  -8.7742888e+01
  -6.7265750e+01   9.0292152e+01
  -5.4161890e+01   2.7727615e+01
  -4.1301479e+01  -9.6076468e+01
   2.8481539e+01  -3.1223339e+01
   2.2083558e+01  -6.6988206e+01
  -4.7570028e+00  -8.6575092e+01
   5.7623247e+01  -5.5094706e+01
   4.3408862e+01  -4.1421736e+01
   2.9044038e+01  -5.9815041e+01
   2.3399640e+01  -4.0998359e+01
   4.9309831e+01  -4.9502237e+01
  -7.3296334e+01  -9.8952388e+01
  -1.4134558e+01  -9.1914309e+01
   8.4297934e+01  -2.3175369e+01
  -7.9960404e+01   5.5931773e+01
   3.1758918e+01  -2.1771198e+01
  -9.4483356e+01  -7.8306387e+01
   5.2325409e+01   6.7698057e+01
  -9.1840176e+01   8.3235073e+01
  -7.9472855e+01  -3.6547810e+01
  -6.1428232e+01  -4.2085567e+01
  -2.2273885e+01  -3.5735311e+01
  -4.4540776e-01  -4.8248275e+00
  -8.9188135e+01  -2.7832505e+01
   8.3554604e+01   8.8491799e+01
   8.3419546e+01   6.5602896e+01
   9.5188883e+01   8.9817673e+01
   6.8210672e+01   7.7212334e+01
   4.1761645e+00  -5.4529566e+01
   4.4118119e+01  -4.7109846e+00
   4.0403444e+01  -1.6750958e+01
  -7.8866505e+01  -5.0787714e+01
  -8.8140402e+01  -4.1400433e+01
   9.1485420e+01  -1.2337907e+01
  -9.9942557e+01  -2.1820040e+01
   7.3823937e+01   1.4010500e+01
   5.7653960e+01   2.0514423e+01
   3.1588406e+01   3.8202226e+01
   7.9254038e+01  -1.0701418e+01
   2.9784307e+01   2.8251599e+01
   5.1508905e+01   8.9350526e+01
   9.5512055e+01   4.7919312e+01
   4.1539969e+01   3.7067625e+01
   3.7331047e+01   7.6423047e+01
   3.8279662e+01   4.6151198e+01
   2.3498301e+01   4.4199896e+01
   4.6303408e+01   5.8604445e+01
   6.7288382e+01   4.7785789e+01
   4.7708334e+01   4.8751618e+01
   4.7729765e+01   2.2565882e+01
  -4.1312169e+01  -2.4613486e+01
  -5.3335676e+00  -6.6743365e+01
   8.1918484e+01   2.1691363e+01
   4.0590882e+01  -7.5254103e+01
  -3.4806451e+01  -6.6223549e+01
   8.9568730e+01  -6.8459744e+01
   7.9296964e+01  -6.1432490e+01
   4.1525129e+01  -9.7936529e+01
  -1.9298898e+01  -5.3289144e+01
  -5.5499067e+01  -3.4345568e+01
  -6.0052187e+00  -5.6987226e+01
  -6.5415149e+01  -7.7493632e+01
  -6.7377029e+01  -5.8320329e+01
  -4.4503671e+01  -6.4073072e+01
   5.4844180e+01   3.7114345e+00
   1.9392217e+01  -5.2533172e+00
   7.4930136e+01  -1.9709538e+01
   6.9068387e+01  -1.1618221e+01
   6.7593235e+01  -5.5849065e+01
   7.5297999e+01  -3.2238545e+01
   6.0129071e+01  -1.5985688e+01
  -9.9886273e+01  -9.2102379e+01
   4.3807691e+00   4.9424551e+01
  -8.7248803e+01   4.9129948e+01
  -8.7113843e+01  -9.6892811e+01
  -2.0290881e+01  -4.6059003e+00
  -1.4480283e+01  -1.2502060e+01
  -6.9243466e+00   5.7361298e+01
   9.4691547e+01  -7.8748445e+01
  -3.4242975e+01   6.1895722e+01
  -1.3562410e+01   6.5790811e+01
  -3.8953138e+01   2.0107063e+01
  -2.3936292e+01   2.8825272e+01
   5.6663960e+01  -8.2114396e+01
   6.4780902e+01  -7.4983324e+01
   6.6054529e+01  -8.5510753e+01
  -8.9303089e+01   6.9679491e+01
  -4.1722544e+01   1.0683985e+01
   8.9531527e+01  -9.8504586e+01
  -2.8088804e+00   9.6108179e+01
  -4.4376128e+01   2.9409085e+01
  -7.1165411e+01   5.1360521e+01
  -1.0556682e+01   8.8046596e+01
  -2.2952851e+01   7.6616133e+01
  -2.0366887e+01   8.6243101e+01
   2.3474771e+01   6.3315668e+01
  -8.2147163e+01   9.9876640e+01
  -1.5601511e+01   9.6702882e+01
  -5.1877925e+01   5.2797089e+01
  -4.3241255e+01   5.7709626e+01
  -4.8205589e+01   7.5914142e+01
  -5.7508238e+01   8.8160523e+01
  -6.7700707e+01   7.9750084e+01
  -7.2188021e+01   9.8991851e+01
   2.5307892e+01  -9.4618776e+01
   1.2074945e+01  -8.2587120e+01
   2.5763270e+01  -7.6279014e+01
  -1.9314821e+01   3.7549466e+01
  -2.1505009e+01  -9.8775372e+01
   5.1749078e+01  -6.3180589e+01
  -7.5394687e+01  -1.7499938e+01
  -9.1623598e+01   5.1548751e+00
  -7.2465532e+01   8.0617726e+00
  -6.0171949e+01   3.5623955e+01
   3.6899701e+01  -6.5982392e+01
   8.9560486e+01  -3.1672634e+01
  -6.8425494e+01  -9.0221117e+01
   8.9451735e+01  -4.5138727e+01
  -6.2072037e+01   9.8835107e+01
   3.8112834e+00  -4.1175786e+01
  -5.0662796e+01  -9.9579998e+01
  -7.3283980e+01  -6.9838119e+01
   1.8050062e+01  -5.1065218e+01
  -8.0056713e+01   6.5892768e+01
  -9.0931437e+01  -8.7651615e+01
  -5.9879876e+01  -5.1782664e+01
  -5.1453505e+01  -8.7578367e+01
  -5.3615952e+01  -6.8119095e+01
   1.0788190e+01   8.9210910e+01
  -9.4139362e+01   9.3304230e+01
   1.7282583e+01   9.6815045e+01
  -9.4870406e+01   1.9224472e+01
  -9.2529295e+01  -6.8503457e+01
  -9.8813518e+01   6.2301836e+01
  -9.7690970e+01   7.5113438e+01
  -7.9351131e+01  -2.6611096e+01
  -8.9177319e+01   2.7442611e+01
   2.3943327e+01   7.3302448e+01
   2.6483664e+01   1.3230722e+01
  -9.9128645e+01   3.8562060e+01
   2.2290372e+01   3.4529532e+01
   1.0676051e-01  -2.2823584e+01
   1.7782897e+01  -3.2760392e+01
   1.4858876e+01  -1.5120937e+01
   2.2186805e+01   2.2014262e+01
   2.2251533e+01   4.1613379e+00
  -7.0665327e-01   8.6356739e+01
   9.0229831e+01   3.5984777e+01
  -1.1225965e+01  -8.6784122e-01
   7.8659838e+01   9.7383007e+01
   5.0474394e+00  -1.4426969e+01
  -1.3677296e+01  -3.1421553e+01
   4.8182877e+00   1.0681024e+01
   7.4148629e+01   8.5182914e+01
   6.0405202e+01   9.8198618e+01
  -3.1642542e+01   1.1264134e+01
   8.8636801e+01   9.7363754e+01
   6.9334168e+01   9.3871213e+01
   1.2717139e+01  -5.9730696e+01
   8.9475300e+01   8.0440336e+01
   3.5117735e+01  -4.9822528e-01
  -8.7174451e+01  -6.0065751e+01
   9.9656021e+01   5.9822039e+01
   6.7696672e+01   2.1902091e+01
   9.4218146e+01  -2.1929749e+01
   6.0975639e+01   2.9777997e+01
   3.0212386e+01   5.1402108e+01
   7.5630691e+01   5.9491870e+01
   9.7570102e+01  -3.8927325e+00
   4.2329022e+01   6.7761065e+01
   8.5562800e+01   5.5591063e+01
   4.2601243e+01   8.4871161e+01
   4.8330013e+01   7.6760564e+01
   4.1552140e+01   9.5477620e+01
   8.5889230e+01   4.5313515e+01
   8.6637303e+01  -3.6502292e+00
   3.3534632e+01  -9.9624120e+00
   2.4267906e+01   8.6159156e+01
  -2.7593228e+01  -5.8241026e+01
  -3.1191753e+01  -7.4929990e+01
  -3.1430534e+01  -9.7641054e+01
  -3.7612758e+01  -1.4410142e+01
  -2.5901701e+01  -2.7704276e+01
   5.0870737e+01   1.3189941e+01
   3.8815045e+00   2.2257515e+01
  -3.8166846e+01  -3.2331589e+01
   8.5011653e+01  -6.5876420e+01
