   3.7738573e+01  -3.2439543e+01
   7.3111115e+01  -5.0478398e+00
  -8.4736916e+01  -6.6036115e+01
  -6.4131356e+01   1.3523724e+01
   7.5954415e+01   6.0007780e+01
  -5.9535530e+01   3.3299775e+01
  -6.3630682e+01  -5.4966939e+01
  -5.0342440e+01   4.7103583e+00
   7.2082881e+01  -4.2187454e+01
  -9.8849595e+01  -2.7909306e+01
   5.7159187e+01  -3.6300442e+01
   7.6137300e-01   6.5417070e+01
  -1.0061033e+01   6.5394927e+01
  -3.1513354e+01   7.3627032e+00
  -4.1964629e+01   1.2771351e+01
  -9.1946427e+01   4.6045197e+01
  -7.9717986e+01   6.2005948e+01
   2.9503932e+01  -4.8681980e+01
   7.6755574e+01  -3.3328770e+01
   4.2924983e+01   8.2466254e+00
   2.5653985e+00  -6.9840764e+01
  -1.3516634e+01  -2.6831153e+01
   8.3764274e+01   8.2548695e+01
  -6.8195685e+01  -2.3881883e+01
   7.8095239e+01   3.5943347e+00
   7.3933419e+01   8.0717633e+01
   9.9778301e+01  -3.5140812e+01
  -5.8278214e+00   3.6140139e+01
  -6.3547439e+01   5.0084219e+01
  -7.9634410e+01   8.5276407e+01
  -7.0649559e+01   2.1093390e+01
  -7.8367393e+01  -1.4873384e+01
   6.3162248e+01  -6.9432123e+01
   4.4004968e+01  -9.2059165e+01
  -7.0952769e+01  -3.4438799e+01
  -7.0497208e+01   4.1506500e+00
  -9.4854194e+01  -8.6901026e+00
  -3.5870972e+01   7.3923194e+01
   5.6202115e+01   7.7246546e-01
  -8.8999759e+01   2.8566232e+01
   6.4354638e+01  -2.4100754e+01
  -3.1529227e+01  -6.5585324e+01
  -8.4208266e+01  -5.6050098e+01
  -9.8248901e+01  -8.7228989e+01
   3.6812609e+01   5.5770302e+01
  -6.1441094e+01  -8.8290171e+01
  -1.3093152e+01   9.8999340e+01
   1.4902721e+01   3.0884056e+00
  -4.6161648e+01  -9.0643813e+01
   9.5322915e+01   6.4165228e+01
   4.0116727e+01   3.6995999e+01
  -4.5165500e+01  -7.0753609e+01
   2.4585589e+01   7.3253187e+01
   2.5838286e+00   3.0754863e+01
   1.2986989e+01   3.9603834e+01
  -3.2224620e+01  -2.4388244e+00
  -3.9685121e+01   2.2313075e+01
   3.0098552e+01   3.8321900e+01
  -2.6462466e+01   7.0543335e+01
  -4.3860187e+01   7.9935000e+01
  -4.3479079e+01   3.1431429e+01
  -7.3387302e+01   5.1706266e+01
  -3.5066396e+01  -1.1753086e+01
   6.6876695e+01   6.6066286e+01
  -8.5894903e+01   3.8087655e+01
   2.1170411e+01  -6.8141154e+01
   7.3499740e+01  -5.6723037e+01
  -1.0481989e+01  -8.6060836e+01
   4.0949311e+00  -3.9321201e+01
  -4.3700767e+00  -2.3096947e+01
   3.8489651e+00  -4.9310767e+01
  -9.4500415e+01  -7.1584066e+01
  -7.4623666e+01  -9.2380573e+01
  -2.5181059e+01  -1.0413660e+01
  -3.9265068e+01  -2.0685537e+01
  -4.0498318e+01  -7.9584133e+01
  -8.2459845e+01  -9.8593004e+01
  -9.7716873e+00  -9.6249746e+01
   7.6565176e+00   9.6583121e+00
  -5.2590683e-01   1.7938645e+01
  -6.2656772e+01  -5.7513001e+00
   1.2496239e+01  -2.5920149e+01
   2.4251877e+01  -1.8309192e+01
   6.1658667e+01   2.7941820e+01
   3.9412497e+01   8.4294202e+01
   8.1553970e+01   9.9938421e+01
  -7.2737196e+00   4.6043047e+01
  -1.5349199e+01   3.9135481e+01
  -2.9211006e+01   4.4893132e+01
   2.5073727e+01   1.1090190e+01
  -3.2705836e+01   6.2721760e+01
  -3.7594449e+01   3.9475831e+01
   4.3332951e+01   2.7539197e+01
   5.3421387e+01   4.5194458e+01
  -6.0526255e+01   9.0884478e+01
  -5.3586321e+01   7.4732392e+01
  -8.9469554e+01   5.9045402e+01
   1.9673467e+01  -9.6257603e+01
  -7.1603652e+01   7.9318664e+01
   5.2182449e+01  -8.3807163e+00
   1.6166751e+01  -8.6910620e+01
  -2.6025234e+01   5.5296439e+01
   4.1147585e+01  -6.3312708e+01
   1.4901724e+01  -3.5495456e+01
   5.0202996e+01  -5.3794956e+01
  -6.8295550e+01  -1.3973816e+01
   3.7230627e+01  -4.2377680e+01
   4.5035610e+01  -1.6384874e+01
   7.5506715e+01  -2.3340818e+01
  -9.8483457e+01   6.2807567e-01
   2.0962102e+00  -5.9083643e+01
   3.5618233e+01  -4.7812000e+00
  -8.1227157e+01  -4.6504786e+01
  -9.7939900e+01   1.0800944e+01
  -9.5930572e+01   3.6251881e+01
  -1.5529024e+01  -6.7465265e+01
  -1.3672761e+01   8.7028577e+01
  -2.2402358e+01  -9.9828235e+01
   1.9018083e+01   6.4536042e+01
   2.3944916e+01   5.5854818e+01
  -5.8496620e+01  -2.4675822e+01
   6.5355559e+00   9.5917219e+01
  -6.9961495e+01  -4.4380493e+01
   8.0432924e+01   7.3120607e+01
   4.8233724e+01   6.9202596e+01
  -1.9169126e+00   8.0475065e+01
   4.8765150e+00  -1.9475397e+01
  -1.5847605e+01  -6.9333695e+00
  -2.3236522e+01  -2.8452549e+01
   9.5409262e+01   4.7157072e+01
   3.2124895e+01  -2.4281220e+01
   2.1260965e+01  -5.8160739e+01
   8.7051469e+01   8.3784045e+00
   8.1791962e+01   1.8055331e+01
   6.8842251e+01   2.1125238e+01
   9.0986212e+01  -1.1087701e+01
   6.6775382e+01   5.6079619e+01
   9.6101129e+01  -1.9663567e+01
  -2.8321543e+01  -3.6941199e+01
  -2.3298935e+01  -7.3698633e+01
   5.5563153e+01  -8.5585296e+01
   8.5281991e+01  -5.3241388e+01
   1.2460587e+01   2.9617197e+01
   1.8978488e+01   2.2040237e+01
  -7.6782254e+01   4.2205553e+01
   3.0520926e+00   4.0720780e+01
  -1.5661043e+01   2.9191777e+01
   8.9497480e+00   5.9679992e+01
  -1.1689923e+01   5.5535991e+01
  -6.0484581e+01   3.9965555e+00
  -6.0564936e+01   2.3357720e+01
  -2.4815250e+01   3.5904007e+01
  -1.9830577e+01  -1.9184335e+01
  -4.2914997e+01  -6.0652033e+00
  -7.9952740e+00  -3.5022890e+01
  -4.3958732e+01   4.7157969e+01
  -3.5653428e+01   5.2686069e+01
  -5.0803612e+01   3.8116378e+01
  -6.9243245e+01   3.0978034e+01
  -8.1728973e+01   2.0965810e+01
  -7.9223717e+01   3.0644775e+01
   2.0910152e+01  -7.8122722e+01
  -7.0390645e+01   8.9244635e+01
   6.3436879e+01  -7.9423642e+01
  -6.1686810e+01   8.0592659e+01
  -6.6291498e+01   9.9054890e+01
  -9.9963114e+01   7.4928776e+01
   3.1157419e+01  -6.8503358e+01
  -8.7854159e+01   6.8911054e+01
   8.9784033e+01  -6.8610723e+01
  -1.9790111e+01   6.3099117e+01
  -4.8590544e+01  -1.3757930e+01
  -5.8404803e+01  -1.4770280e+01
  -4.2999744e+01   9.9164528e+01
  -1.4907446e+00  -7.8937760e+01
  -6.6900005e+01   4.0683889e+01
   8.6066755e+01  -2.9741933e+01
   1.4584730e+01  -1.6313561e+01
   3.6298272e+01  -9.8611301e+01
  -8.0201586e+01   1.7341866e+00
   4.7033199e+01  -4.4230214e+01
   9.0445434e+01  -3.8693277e+01
  -2.6596606e+01  -9.0752393e+01
  -3.6382613e+01  -8.8719414e+01
  -2.9963243e+01  -8.1100447e+01
  -7.3319334e+01  -5.4322573e+00
  -8.4938526e+01  -7.3209316e+00
  -9.0597110e+01  -8.0790815e+01
  -5.2784392e+01  -4.8758252e+00
  -8.3352744e+01   5.1143670e+01
  -6.0195816e+00  -6.4792790e+01
   3.2162730e+00  -2.9439214e+01
  -9.2519345e+01   1.9207600e+01
  -5.9936346e+01  -6.4179805e+01
  -5.0297097e+01  -8.1571350e+01
  -6.8254565e+01  -7.3610132e+01
   3.3316746e+01   9.2212359e+01
  -9.2084079e+01  -4.9341403e+01
  -4.8798200e+01  -2.3177538e+01
   4.4416167e+01   9.6141925e+01
  -1.4032287e+01  -4.5837416e+01
   8.9043540e+01   9.3312236e+01
  -9.1847815e+00  -5.5247196e+01
   1.5242876e+00  -1.8120977e+00
   7.2345405e+00  -9.7977665e+00
  -2.9390711e+01  -1.9481776e+01
  -4.2412774e+01  -3.0413139e+01
   4.0162707e+01   1.7851413e+01
  -8.7379249e+01  -2.6610516e+01
  -8.8388570e+01  -1.6693371e+01
  -6.1214556e+01  -3.5938224e+01
   2.6441183e+01  -8.6299836e+00
  -2.3093343e+01   1.4168013e+00
   1.6681434e+01  -6.6327584e+00
   3.5169164e+01  -1.4768068e+01
   8.4573404e+01   4.7298928e+01
   7.8295532e+01  -1.3579092e+01
   8.5940757e+01  -2.5027772e+00
   9.7323908e+01   1.0960933e+01
   7.3543229e+01   1.2403229e+01
   4.6796406e+01   5.5898581e+01
   5.0509285e+01   3.4501356e+01
   3.5857828e+01   7.4955902e+01
   7.5174025e+01   9.2136724e+01
  -9.9240666e+01  -4.2355146e+01
   5.6904486e+01   5.4535963e+01
   1.5318502e+01   7.6965355e+01
  -2.0059854e+01  -8.3186904e+01
  -3.3519073e+01  -5.5799466e+01
   5.1721967e+01  -6.3678722e+01
   4.6173723e+01  -8.2146909e+01
   3.7027688e+01  -7.6574486e+01
   5.6798491e+01  -4.6280724e+01
   2.1204857e+01   9.6046138e+01
   6.6788858e+01  -3.3750210e+01
   5.7886851e+01  -1.6531588e+01
   6.2930180e+01  -6.6200234e+00
  -2.9954639e+01   1.7056970e+01
  -1.8753458e+01   4.8484558e+01
   5.7588208e+00   7.4072715e+01
  -1.6008902e+01   7.3431378e+01
  -2.4847559e+01   2.5507041e+01
   7.0218066e+00   4.9875414e+01
  -1.7430023e+00   5.4654678e+01
  -6.2140313e+00   2.6139029e+01
  -4.0472485e+01   3.1759493e+00
  -1.8520437e+00   9.0473132e+01
  -5.4157906e+01   1.3887990e+01
   7.8219955e+00   8.5938260e+01
   4.3517061e+01   4.6392450e+01
   3.3494959e+01   2.8995810e+01
   5.0861899e+01   1.4135355e+01
   5.2584469e+01   2.3918596e+01
  -7.5974261e+01   1.2635542e+01
  -2.9410027e+01   8.1555077e+01
  -4.4939891e+01   6.9714632e+01
   6.0764221e+01   1.5160286e+01
   6.7604453e+01  -8.8511204e+01
   2.5980978e+01  -8.8360874e+01
   4.5016343e+01  -1.4842506e+00
   7.2801610e+01  -6.6841972e+01
  -4.2420433e+01   6.0041126e+01
   8.1819068e+01  -6.2587437e+01
  -9.7267844e+01   6.5300195e+01
  -5.2606434e+01   8.4780299e+01
  -8.9132733e+01   8.8403259e+01
  -1.0973761e+01  -7.6151912e+01
  -5.3917646e+01   4.7570565e+01
  -3.9134065e+01   8.9941919e+01
   3.0338819e+01   4.8226507e+01
  -5.4248181e+01   9.8668118e+01
  -7.8314881e+01   7.1906888e+01
  -3.3547378e+01   3.0352191e+01
   6.5241490e+00  -8.4728370e+01
  -2.1593138e+01   9.3731491e+01
   3.1216332e+01  -5.8520262e+01
  -9.3673001e+01  -6.1547643e+01
  -3.0896923e+01   9.7397496e+01
   5.1377807e+01  -2.4113225e+01
   4.7641165e+01  -3.3378179e+01
   1.1230259e+01  -7.5497167e+01
  -3.3922640e+01  -9.8400437e+01
  -4.4848962e+00  -4.4257960e+01
   1.2871221e+01  -4.5186336e+01
   2.3214392e+01  -2.9879533e+01
   3.5745943e+01  -8.6466617e+01
  -5.0271524e+01   2.3073392e+01
   3.3544409e+01   5.1671847e+00
   2.7592766e+01  -3.8868402e+01
  -8.9234599e+01   5.9244436e+00
  -7.3563677e+01  -5.4117482e+01
   6.1209256e+01  -5.8864900e+01
   8.1907384e+01  -4.3854300e+01
  -8.0057814e+01  -7.4873875e+01
   6.6015039e+01  -5.0106413e+01
  -9.8071667e+01   5.3947452e+01
  -9.0629097e+01   7.8516617e+01
  -8.2181324e+01  -3.6550412e+01
  -7.0177024e+01  -8.3423600e+01
  -8.1402234e+01  -8.4783089e+01
  -9.8726176e+01  -1.7910067e+01
  -5.4745993e+01  -9.5725673e+01
  -5.1412512e+01  -5.8927696e+01
  -5.4946003e+01  -7.2770856e+01
  -7.7509256e+01  -2.6978073e+01
  -6.4306838e+01  -9.8614612e+01
   5.7806839e+01   7.4635562e+01
   2.9107319e+01   6.4368162e+01
   1.6939448e+01   4.8772068e+01
   6.5091203e+01   4.6255852e+01
   9.9765521e+01   7.6523864e+01
  -5.9957712e+01  -4.5760497e+01
  -9.6367659e+01  -9.7050442e+01
   2.1961714e+01   3.2581559e+01
   9.8883478e+01   9.5094260e+01
   6.0541519e+01   9.1773489e+01
   3.0314792e+01   1.9569633e+01
  -8.9604476e+00   2.7737194e-01
   9.3592797e+01   8.4391274e+01
   6.4081018e+01   8.2421643e+01
  -1.0922529e+01  -1.5670492e+01
   9.0444342e+01   7.2894462e+01
  -2.6099736e+00  -1.0721967e+01
   8.9677442e+01   3.8700229e+01
   1.1285271e+01  -6.5031706e+01
   1.1828525e+01  -5.5101143e+01
  -1.8157905e+00   7.2931700e+00
  -7.4641545e+01  -6.5915557e+01
   9.5104498e+00  -9.4870416e+01
   2.4553127e+01   1.1128248e+00
   6.5543376e+01   6.3865093e+00
   9.5838090e+01  -1.1803049e+00
   8.8637830e+01   2.8754991e+01
   8.5008907e+01   6.4232495e+01
   6.8406525e+01  -1.4975865e+01
   9.7794054e+01   3.2775022e+01
   5.9979653e+01   3.7710232e+01
   5.1045409e+01   8.8664773e+01
   8.6102939e+01  -1.9785067e+01
   4.7985633e+01   7.9165774e+01
   3.9007421e+01   6.5482631e+01
  -9.2127062e+01  -3.5357016e+01
  -1.5720942e+00  -9.0542986e+01
   2.7095101e+01   8.2921770e+01
   1.7811575e+01   8.6643040e+01
   9.0102353e+01   5.5630706e+01
  -4.1739381e+01  -6.1391556e+01
  -2.2805002e+01  -6.0982581e+01
   5.7017522e+01   6.4509371e+01
   9.1720799e+01   1.9243019e+01
   7.4946549e+01   5.0003901e+01
  -2.1948584e+01  -5.1344024e+01
   5.6006329e+01  -9.5574615e+01
   4.5953839e+01  -7.2086601e+01
  -3.0250308e+01  -4.6455314e+01
   9.3651931e+00   1.9392078e+01
  -1.7873259e+01  -3.6754572e+01
  -3.3034970e+01  -2.8418019e+01
  -5.2217950e+01  -3.2153776e+01
   9.3831049e+01  -4.8082388e+01
