   3.1321247e+01   6.6178001e+01
  -5.3123541e+01   3.3697435e+01
  -1.1135365e+01  -5.1252603e+01
  -9.1280731e+01   1.0791301e+01
   5.0271039e+01  -4.5690506e+01
   7.7626372e+01  -4.9753822e+01
  -1.3481854e+00  -3.6939960e+01
   7.3907811e+01   3.0418325e+00
  -9.7312339e+01  -3.3923622e+01
   4.3371829e+01   5.0149101e+01
  -2.8348236e+01   5.0449505e+01
  -4.1640618e+01   6.6212206e+01
   4.7220094e+01  -7.7025436e+01
   2.7853752e+01   2.0361004e+01
   2.8320962e+01  -2.4831743e+00
   1.2105097e+01  -1.7667786e+01
   9.1577241e+01   9.1983033e+00
   8.0443418e+01   6.5844286e+01
  -6.7767718e+01  -6.8751922e+01
   9.0839757e+01  -4.6204611e+01
  -7.4550885e+01   7.9255691e+01
  -7.9882133e+01   9.5561609e+01
  -5.4345604e+01   2.3776148e+01
  -2.9625913e+01   1.0765648e+01
   8.3193594e+01  -6.5349070e+01
  -8.0374291e+01   3.8174987e+01
   2.2885525e+01  -8.4691396e+01
   3.8878587e+01  -1.8321373e+01
  -6.5011797e+01  -3.1594501e+01
  -9.5115864e+01  -2.4308751e+01
   4.5137405e+01   3.0221514e+01
   3.5446575e+01   3.5649057e+01
   9.7903359e+01   7.0368731e+01
  -3.7208717e+01  -7.0979149e+01
   1.6346662e+01   5.6077528e+01
   7.9394749e+00   8.8231973e+01
  -2.2377105e+01   2.8731631e+01
   2.0740662e+01  -5.6319494e+01
  -5.2361378e+01   9.9137747e+01
   8.5329613e+01  -2.3071242e+01
   4.3253149e+00  -1.1451424e+01
   8.3348616e+01  -8.8512555e-02
   6.7805335e+01   2.1848684e+01
   5.2116076e+01   6.7331681e+01
   6.6220983e+01   8.7987043e+01
   4.0825166e+01   8.3194079e+01
   6.1529127e+01   4.1544527e+01
  -2.7474003e+01  -5.8120581e+01
  -2.4503406e+01  -8.5672630e+01
   4.6587543e+01  -8.7005123e+01
   1.8214399e+01   3.5610534e+01
  -9.9666177e+01   3.9357468e+01
   1.4719651e+00   4.2950559e+01
   8.9652252e+00   4.9448914e+01
  -5.0736706e+01  -5.7528835e+00
   5.3479445e+01  -2.7553708e+01
   7.0281123e+01  -2.3038795e+01
  -2.2062593e+01   7.0453362e+01
  -2.8943449e+01   8.9579243e+01
  -6.2892525e+01   9.2306086e+01
   4.1189308e+01  -5.8105786e+01
  -4.7805734e+01   1.6216844e+01
   3.3402369e+01  -5.1732617e+01
   6.2866269e+01  -6.1904213e+01
  -8.1243949e+01  -4.7608596e+01
   3.0654846e+01  -4.2124669e+01
  -8.6714412e+01   5.6818836e+01
  -5.8834929e+01  -5.0759193e+01
  -4.5039746e+01  -6.4896540e+01
  -8.6948479e+01  -9.5595953e+00
  -1.2450185e+01  -1.3345021e+01
   5.9709766e+01   1.5986652e+01
   6.5485021e+00   8.2827012e+00
  -7.1142171e+00  -8.6656178e+01
   5.5998723e+01  -6.5914755e+00
  -2.3766030e+01  -8.7443259e+00
   9.7220326e+01  -1.1451907e+01
   1.5578196e+01   1.2511525e+01
  -3.0558456e-01   2.5600637e+01
   2.6279203e+01   5.5269166e+01
   4.2226424e+01   7.6472175e+00
   8.3664180e+01   5.6396541e+01
   5.0090821e+01   5.7541153e+01
   9.9241021e+01   1.9884508e+01
   8.5434716e+01   4.5922425e+01
  -2.9212193e+01  -7.6994756e+01
  -4.6320115e+01  -7.4800212e+01
   2.0115948e+01  -2.3582423e+01
   6.3477745e+01  -7.5735842e+01
  -1.8943493e+01   8.9549405e+01
  -1.3189697e+01   6.5842579e+01
  -1.8005358e+01   7.9592792e+01
  -1.6684446e+00   9.0987539e+01
   9.2780485e+01  -6.8155914e+01
   2.7547880e+01  -7.4428759e+01
   3.7916086e+01   7.3663507e+01
   1.2575356e+01   6.9132975e+01
  -5.5565497e+01   5.3336571e+01
  -3.4893818e+01   4.1670972e+01
  -5.3390379e+01   8.9190825e+01
   6.3999024e+01  -4.3394340e+01
  -1.5498861e+01   3.7979912e+01
  -3.5016541e+01   8.1419953e+01
   9.8487509e+01  -3.6862179e+01
   8.9664375e+01  -3.2155555e+01
   4.0918434e+01   9.3170320e+01
  -7.4183128e+01   4.6036847e+01
   8.4059930e+00  -3.8137461e+01
  -7.3031989e+01  -3.7304445e+01
  -8.7339980e+01  -8.3841160e+01
  -5.9724493e+01  -8.9205492e+01
  -6.8109233e+01   7.1832352e+00
  -6.4892712e+01  -5.8916608e+01
  -6.3710330e+01   2.0289382e+01
  -3.4210827e+00  -4.6211850e+01
  -3.4637855e+00  -1.7551972e+01
   1.5169398e+01   8.1339834e+01
  -2.0230401e+01  -3.1578125e+01
  -3.3006191e+00   4.6125356e+00
   4.3984384e+01  -9.9426171e+00
  -9.4475940e+01   5.0448232e+01
   9.6078263e+01   8.0196133e+01
   2.1649129e+01  -4.6416615e+01
  -7.0257087e+01  -9.2576059e+01
   4.8304579e+01   7.6564811e+01
  -1.4020460e+01  -3.4939924e+00
  -3.8658097e+01  -3.1491895e+01
   4.9588926e+01   1.4395501e+01
   2.6802966e+01   4.0573335e+01
  -6.7531894e+01  -2.2095949e+01
  -3.3706868e+01  -8.3168363e+00
   9.3049932e+01  -2.3781167e+00
  -7.8577273e+01  -2.8782924e+00
  -6.0364182e+01  -7.5863450e+00
  -4.2945364e+01  -1.1882714e+01
   8.8398104e+01   1.8677623e+01
  -2.0065834e+01  -5.1082384e+01
  -3.4511812e+01  -9.2681845e+01
  -1.9646729e+01  -7.2330226e+01
   7.7815969e+01  -1.6502379e+01
  -4.0717762e+01   8.4374574e+00
   5.5048705e+01  -7.0369117e+01
   3.7348313e+01  -7.8540585e+01
   3.6245839e+01   2.5740676e+01
   4.4285344e+01   4.0174916e+01
   4.6250905e+01  -3.6570925e+01
   5.6198550e+01  -3.7175895e+01
   6.6008113e+01  -8.5405404e+01
   3.3696405e+01   4.7710660e+01
   5.5802899e+01  -8.2140730e+01
   6.1153623e+01  -1.8976850e+01
  -6.8366262e+00   7.3564518e+01
   3.6370412e+01  -3.3945362e+01
   4.5587151e+01  -6.7166920e+01
  -5.0213200e+01   5.4962844e+00
   3.2543588e+01  -8.7276962e+01
  -2.2466834e-01   5.3383237e+01
  -8.5108526e+01   4.6960895e+01
   1.6349195e+01   9.8241434e+01
   6.8029267e+01  -5.2522907e+01
  -2.1691321e+01   9.9164469e+01
   5.2977018e+01  -6.0467280e+01
   7.5003608e+01  -5.9647713e+01
   1.0022686e+01  -8.2559643e+01
  -8.8337598e+01   6.6678612e+01
  -9.7137820e+01   7.1420780e+01
   9.5658732e+01  -5.4986743e+01
  -4.2300488e+01   4.8366090e+01
   1.8208484e+01   4.5654031e+01
   2.7830535e+01   9.6877231e+01
   1.2460946e+01  -9.2128515e+01
   6.4709859e+00   6.0965797e+01
  -6.4649987e+01   8.0657045e+01
  -7.2331662e+01   8.9005386e+01
  -9.5098943e+01   9.8239005e+01
   7.9679610e+01  -3.1307221e+01
  -2.8428770e+01   6.2652037e+01
  -3.2287300e+01   3.1310660e+01
  -1.8010692e+01   4.8220854e+01
  -7.2044362e+01   3.2698600e+01
  -7.5466395e+01  -6.2385833e+01
  -9.7679239e+01  -8.4958218e+01
  -8.7146050e+01   8.8688828e+01
  -6.4907287e+01   4.9779677e+01
   2.9554352e+01  -6.0927306e+01
  -9.9571612e+01  -9.8186429e+01
  -4.3434788e+01   2.6383032e+01
  -5.2253446e+01  -5.8129479e+01
  -4.5852037e-01  -5.5509183e+01
   3.5741185e+01  -6.8708098e+01
  -7.8045595e+01   7.0190269e+00
  -6.4984374e+01  -8.0708515e+01
  -3.7703157e+01  -5.8107861e+01
  -8.7886039e+01  -3.0030936e+01
  -8.3260296e+01  -2.1261113e+01
  -7.5709435e+01  -2.7736740e+01
   3.3849900e+00  -6.4416564e+01
  -1.3430257e+01  -4.2197246e+01
  -8.7535539e+01   1.5383007e+00
   5.3472926e+01   3.5678150e+01
  -5.8680150e+01  -3.9098222e+01
  -9.1766768e+01  -4.2237487e+01
  -5.6184208e+01  -7.6029928e+01
  -3.0246556e+01  -3.6002592e+01
   5.2801843e+01   2.3825374e+01
   6.4568389e+01   6.3891793e+00
   7.2115200e+01   1.2860850e+01
  -5.0879221e+01   7.0060623e+01
  -9.3207812e+01  -7.5622113e+01
   6.5843819e+01  -4.8381687e+00
  -5.8125795e+01   1.2051867e+01
  -5.9561477e+01   2.2156190e+00
  -4.2006938e+00   3.4795606e+01
   8.7554556e+00   1.9797434e+01
   3.6018176e+01   5.7365869e+01
   6.8563768e+01   6.6822423e+01
   4.2523919e+01   6.4838312e+01
   1.8225283e+01   2.2694809e+01
  -8.9605041e+01   2.2865920e+01
   2.4891949e+01   8.9175528e+00
  -3.3280371e+01   1.5374432e+00
   2.1477518e+01   6.4598752e+01
   3.0542280e+01   8.0395748e+01
   8.2127796e+01   8.4806010e+01
   6.0484915e+01   7.2691348e+01
   6.9210188e+01   9.7521153e+01
   6.9003752e+01   5.6863353e+01
   5.0949802e+00  -1.5491703e+00
   6.0136241e+01   6.1432862e+01
  -5.1111792e+01  -1.7510193e+01
   8.8608063e+01   2.8689658e+01
   5.2399227e+01   8.8564789e+01
   7.8572475e+01   2.0446867e+01
  -1.5963415e+01  -9.2299976e+01
  -2.8132220e+01  -6.7357775e+01
  -3.1364041e+01  -5.0171864e+01
   8.1604964e+01   9.7764211e+00
  -3.8259532e+01  -8.0783505e+01
   3.1103462e+01  -1.2075663e+01
   4.3539267e+01  -2.7029761e+01
   4.7419242e+01  -7.6415772e-01
   2.6622096e+01  -3.1948053e+01
  -3.3850610e+01  -1.8147633e+01
   9.0810428e+01  -9.0643715e+01
   9.9564144e+01  -9.6305532e+01
   2.7507213e+01  -9.5895748e+01
   6.4661540e+01  -9.5311951e+01
   5.5185385e+01  -9.2118428e+01
  -1.0875130e+01   9.5457156e+01
  -9.3294466e+00   8.4563284e+01
   8.1759824e+01  -9.4896547e+01
   3.0008200e+01  -2.2630353e+01
  -3.4328813e+01   9.8005265e+01
  -3.2682772e+01   7.1698001e+01
  -4.6455863e+01   5.7452494e+01
  -2.4965854e+01   4.1043525e+01
   8.2339306e+01  -4.0941131e+01
  -3.6753293e+00   6.2767624e+01
  -4.3934118e+01   3.7506657e+01
  -6.2414508e+01   3.0148465e+01
   2.6752646e+00   7.0489104e+01
   5.8078176e+01  -5.1888870e+01
  -6.0156040e+00  -9.9544993e+01
   7.0372681e+01  -6.8502394e+01
  -5.1407157e+01   4.4242307e+01
   9.6026884e+01  -7.7610994e+01
  -3.6309223e+01   5.6498440e+01
  -7.9025679e+01   7.0314645e+01
   1.6750299e+00   8.0437695e+01
  -8.4549887e+01   7.9031715e+01
   2.1059908e+01   8.9420535e+01
  -6.9778358e+01   9.9557641e+01
   9.5145198e+01  -2.1225847e+01
  -4.3461518e+01   9.0380612e+01
   2.2464158e+01   7.4522273e+01
   1.0271701e+01   2.9634318e+01
   2.6996396e+01   3.0322344e+01
  -9.6129424e+01   6.0378305e+01
   6.2619036e+00   9.8086543e+01
   4.0340929e+01  -4.4582777e+01
   7.1020215e+01  -3.6288366e+01
   1.7695537e+01  -7.6121080e+01
   3.9701746e+01  -9.4256568e+01
   8.5684253e+01  -5.5667097e+01
  -9.7286139e+01   2.9205657e+01
   8.5788525e+01  -1.0307852e+01
   7.5677639e+01  -6.7662909e+00
  -2.8383868e+01   2.0749689e+01
  -7.7825958e+01   2.4554544e+01
  -8.3983033e+01  -5.7156506e+01
  -6.6759958e+01  -4.4882764e+01
  -7.2767823e+01  -5.2792888e+01
  -8.3499539e+01  -7.3245152e+01
  -9.0172205e+01   3.6231193e+01
  -7.6766886e+01   5.5697292e+01
  -9.7142424e+01   8.8419863e+01
  -9.0914883e+01  -9.3180329e+01
   2.1238790e+01  -1.3605189e+01
   1.3418670e+01  -7.4021688e+00
  -1.3003697e+01  -2.3338798e+01
  -1.6296489e+00  -2.7214993e+01
   1.9967313e+01  -6.6277573e+01
  -1.0134565e+01   5.4703746e+01
  -8.3137571e+00   4.4886779e+01
  -3.7975776e+01   1.8022349e+01
  -6.4987371e+01   3.9790993e+01
   8.9063237e+00  -4.8092393e+01
  -4.9822502e+01  -8.4121483e+01
  -8.0083717e+01  -9.0722049e+01
  -9.5758775e+01  -5.8503340e+01
   9.2783785e+01   9.5710667e+01
  -1.9530533e+01   5.8103022e+01
  -1.0385841e+01  -3.2919818e+01
  -8.2645231e+01   1.5797024e+01
   8.8157958e+01   7.4097158e+01
  -7.2693045e+01   1.6002281e+01
  -9.5437449e+01  -4.6848952e+00
   7.8622092e+01   9.4163878e+01
  -8.2774173e+01  -3.7961972e+01
   1.8197785e+01  -3.7091798e+01
   6.3147053e+01  -3.0008088e+01
  -7.4141612e+01  -7.6737494e+01
  -5.8094835e+01  -6.6230986e+01
   6.1145775e+01   2.9284840e+01
  -2.8732460e+01  -2.6451875e+01
  -4.1010061e+00  -5.4873655e+00
   3.6673703e+01   1.5815802e+01
  -9.9069373e+01   4.5419277e+00
  -5.4745051e+01   7.9283076e+01
   5.1478023e+01  -1.6521738e+01
  -1.2024119e+01   2.8657441e+01
   6.8696976e+01   7.8319317e+01
   9.0856217e+01   6.3299167e+01
  -1.7242896e-01   1.5609152e+01
  -9.8558053e+01   1.7629838e+01
   1.8920899e+01   9.1227545e-01
  -2.2836361e+01   1.2108075e+00
   9.1763778e+01   3.8180140e+01
   5.9397389e+01   9.9399187e+01
   9.2984703e+01   5.2808535e+01
  -2.5984171e+01  -9.5535465e+01
   7.8282689e+01   7.5587439e+01
  -5.0269331e+01  -3.0988607e+01
   7.6118549e+01   4.9918511e+01
   6.0626568e+01   5.1474683e+01
   5.4712468e+01   5.8733609e+00
   2.5367230e+00  -8.9138542e+01
   5.2481795e+01   4.5773337e+01
  -5.7930495e+01  -2.4658822e+01
  -4.2686989e+01  -2.2653523e+01
  -1.5520619e+01  -8.1346067e+01
  -1.2041098e+00  -7.8472198e+01
   9.8539057e+01   2.9862329e+01
  -4.1659744e+01  -9.8940533e+01
  -5.0790870e+01  -9.4054383e+01
   1.0904241e+01  -5.7864661e+01
  -5.2888226e+00  -6.9345677e+01
  -7.8160459e+01  -1.2828948e+01
  -6.8678794e+01  -1.2380903e+01
   4.9464383e+01   9.8340291e+01
   7.8445151e+00  -7.3036323e+01
  -2.4577442e+01  -4.3216157e+01
  -9.2922944e+01  -1.5976776e+01
  -9.3369971e+00  -5.9924570e+01
  -3.7030812e+01  -8.8012894e+01
  -2.3112190e+01  -5.8595565e+01
