   3.7768264e+01  -4.0593961e+01
  -6.9508546e+01   6.1000856e+00
  -7.4922749e+01  -5.1145655e+01
  -2.6490127e+00   7.1094541e+01
  -8.3013441e+00   6.2868670e+01
   7.1652721e+00  -7.4743691e+01
  -1.2869804e+01  -2.4789972e+01
  -6.1915430e+01  -2.5371951e+01
   8.9589854e+01   7.2512636e-01
  -6.2760858e+01   4.9502405e+01
   5.7260371e+01  -6.5548253e+01
   4.3723377e+01  -9.8535003e+01
  -7.7270302e+01  -7.8799973e-02
  -3.2571947e+01   7.9707775e+01
   6.2294998e+01  -2.9085814e+01
  -9.2275192e+01  -5.6287117e+01
  -6.3004316e+01  -9.5152430e+01
   3.8805173e+01   4.2795210e+01
   3.1329805e+01   7.7384450e+01
  -4.1651545e+01  -3.5266789e+00
  -4.2742573e+01   1.6037765e+01
   2.4755485e+01   4.6896512e+01
  -4.8563098e+01   3.5783442e+01
  -7.9229496e+01   4.3495391e+01
  -3.7501423e+01  -1.2191056e+01
   6.3960726e+01   7.2173252e+01
  -8.8575931e+01   3.9633938e+01
  -5.8332140e+00  -8.9384243e+01
   9.3751816e+00  -4.3202237e+01
   3.9287620e+00  -5.2265224e+01
   7.0241259e+00   2.2273841e+01
   1.4115692e+01  -3.4452779e+01
   6.1550082e+01   2.8067737e+01
  -4.0498413e+00   5.3803940e+01
   3.9426087e+01   3.2608090e+01
   4.9419444e+01   4.8363428e+01
  -5.0681805e+01   8.4635134e+01
  -8.9506217e+01   6.0575564e+01
   4.9794051e+01   1.0497130e+00
  -2.4993300e+01   5.4845620e+01
   2.4009012e+01  -3.5195578e+01
   4.7709372e+01  -5.0593305e+01
  -6.2103635e+01  -1.5396635e+01
   3.4410331e+01  -3.7803187e+00
  -7.9752818e+01  -4.1001008e+01
  -1.8949882e+01  -7.1073432e+01
   8.2031273e+01   7.1773362e+01
   4.9315909e+01   6.3311516e+01
   1.1257837e+01  -1.6446834e+01
   1.9455957e+01  -6.0614550e+01
   8.7004852e+01   1.0293376e+01
   7.7235248e+01   1.1177346e+01
   9.8530733e+01  -1.1936304e+01
  -1.8568405e+01  -4.5139788e+01
   5.8057429e+01  -8.8864094e+01
   2.7330859e+01   1.8600652e+01
   8.4273450e+00   3.9180901e+01
  -1.5507169e+01   3.7542269e+01
   1.0676287e+01   5.5936751e+01
  -3.4890715e+01   5.5525752e+01
  -7.6031461e+01   3.4068263e+01
  -7.7289428e+01   2.4186953e+01
   2.2165212e+01  -7.0522397e+01
  -7.8233406e+01   9.9997690e+01
   6.4087838e+01  -8.0904751e+01
  -6.0595515e+01   7.9405853e+01
   9.5421774e+01  -8.0150868e+01
   9.3147892e+01  -4.0526114e+01
  -2.1768714e+01  -9.8762554e+01
  -4.0423067e+01  -9.1450677e+01
  -9.0375568e+01  -3.8780586e+00
  -5.7746313e+01  -6.4427456e+00
  -9.6987115e+01   2.2022817e+01
  -6.0545464e+01  -7.1819057e+01
  -5.1017147e+01  -8.8849695e+01
   3.1931735e+01   9.6807266e+01
   8.3602199e+01   9.2426099e+01
  -2.1811727e+01  -1.7234523e+01
  -5.1555161e+01  -2.5422097e+01
  -9.9619157e+01  -2.3424926e+01
  -2.2494224e+01   1.0157360e+00
   2.6794794e+01  -1.3084068e+01
   3.6673936e+01  -1.3497244e+01
   8.8703435e+01   4.3329961e+01
   7.9427369e+01  -1.8198344e+01
  -3.4053396e+01  -5.5198773e+01
   3.6549097e+01  -7.6434002e+01
   6.3487456e+01  -3.8864968e+01
  -2.8931822e+01   1.9401506e+01
  -1.9680456e+01   4.6531877e+01
   1.1062226e+01   8.1651542e+01
  -1.4080397e+01   8.7961889e+01
  -2.5611930e+01   3.8613370e+01
  -4.1830180e+01   6.2457331e+00
  -5.4828174e+01   1.9526063e+01
  -3.6608873e+01   7.0558000e+01
   5.1774644e+01   1.0806718e+01
   6.3651681e+01  -9.8626544e+01
   6.5971443e+01  -6.0639626e+01
   8.8901984e+01  -6.7954186e+01
  -9.5757384e+01   9.3062243e+01
  -4.9101774e+00  -7.7739141e+01
  -5.9838053e+01   3.8927146e+01
  -3.9775050e+01   9.7453822e+01
  -8.3290453e+01   7.9839069e+01
   1.2003490e+01  -9.8571032e+01
  -2.0399143e+01   9.5698685e+01
   3.1739898e+01  -6.7671505e+01
   5.7917503e+01  -1.9954428e+01
   4.7758821e+01  -4.0664498e+01
   8.3690760e+01  -3.0468293e+01
   7.3895978e+01  -5.4543825e+01
  -8.7381283e+01  -3.4351473e+01
  -7.1985647e+01  -9.0772343e+01
  -8.1937954e+01  -8.9854922e+01
  -5.4090306e+01  -9.9676900e+01
  -5.5757451e+01  -5.5369178e+01
  -7.8828354e+01  -2.9647948e+01
   2.6702446e+01   5.8453593e+01
   6.8017934e+01   5.9009638e+01
  -6.9856446e+01  -4.2566027e+01
   2.0024616e+01   3.6827020e+01
   3.6214509e+01   2.3143423e+01
  -1.1553810e+01  -5.8386069e-01
   7.0736803e+01   7.9522630e+01
   9.0926290e+01   7.6318945e+01
   1.6164601e+00  -1.4128377e+01
   8.5706885e+00  -6.1075950e+01
   6.6727916e+00   5.6087196e+00
  -7.0098414e+01  -7.1141866e+01
   2.4654314e+01  -2.1804574e+00
   6.8361419e+01   7.4582896e+00
   8.8013775e+01   2.4448852e+01
   6.9666899e+01  -1.1629364e+01
   5.7623558e+01   3.7186466e+01
   4.5159500e+01   7.6867441e+01
  -9.8487757e+01  -3.1888100e+01
   2.9747742e+00  -9.4273977e+01
   1.2736634e+01   9.1497447e+01
   9.9333552e+01   5.9645626e+01
  -3.7412781e+01  -7.3927590e+01
   8.9199704e+01   5.4399827e+01
  -1.4339888e+01  -6.0167874e+01
   4.6266014e+01  -7.8820977e+01
  -2.7807623e+01  -4.7852515e+01
   1.2976789e+01   1.4332252e+01
  -4.1904932e+01  -3.0358367e+01
   7.2953565e+00   7.0095940e+01
  -8.7061232e+00   7.9554538e+01
   1.0984898e+00   8.1293811e+01
  -7.4012055e+00   3.1777376e+01
  -1.5190102e+00   4.0174045e+01
  -8.4573570e+01   5.1901799e+01
  -9.3857572e+01   4.8205293e+01
  -9.7766962e+00   4.5670066e+01
  -2.9509308e+00   2.2883746e+01
  -1.5315818e+01   7.2126617e+01
  -1.9153368e+01   2.8350836e+01
  -3.2478469e+01   4.5838496e+01
  -1.4000305e+01   5.4695121e+01
  -1.6526979e+00   9.0906131e+01
  -6.7437195e+01   2.1530295e+01
  -6.6417643e+01   3.1444478e+01
  -6.0024136e+01   3.2828776e+00
  -5.9205399e+00  -3.1953181e+01
  -5.0582005e+01   4.5984665e-01
  -2.8114670e+01  -8.7532336e+00
  -4.7688903e+01  -1.1506829e+01
  -3.1357573e+01  -1.9636222e+01
  -1.8139014e+01  -8.0208925e+00
   2.9898201e+01   3.8346160e+01
   5.5662902e+01  -7.5408148e+01
  -4.9273871e+01   6.3816929e+01
  -5.2011418e+01   4.5081104e+01
  -8.5250513e+01   3.0208315e+01
   6.1602146e+01   1.4332622e+01
  -2.9336606e+01   6.3788007e+01
   2.7739101e+01  -8.1164950e+01
  -6.7350632e+01  -3.6804602e+00
  -7.1749283e+01  -1.2841433e+01
   3.7785446e+01  -5.0612690e+01
  -5.9037948e+01   9.0078855e+01
  -6.6934028e+01   9.6195986e+01
   9.9816601e+01  -3.3111551e+01
  -4.4484242e+01   5.3141879e+01
  -7.3342917e+01   7.7464807e+01
  -8.8227037e+01   9.9641972e+01
  -3.9635496e+01   8.6862279e+01
  -6.9351118e+01   4.1984126e+01
   5.0140324e+00  -8.4492932e+01
  -9.2218891e+00  -6.8729212e+01
   1.4045701e+01  -8.8783518e+01
   5.6348442e+01  -4.5689509e+01
  -5.6664395e+01   2.9334830e+01
  -8.1060139e+01  -9.2672653e+00
   3.3236171e+01  -3.1683183e+01
   4.3112616e+01  -3.1918551e+01
  -2.3944017e+01  -8.3635048e+01
   4.8702258e+01  -6.0466255e+01
  -9.9359598e+01  -1.1998213e+01
  -7.9259667e+01   6.0358656e+01
  -4.7635974e-01  -4.3403450e+01
   1.8556075e+01  -2.3384881e+01
  -7.1731562e-01  -2.3660584e+01
   8.3202111e+01  -4.0446969e+01
  -8.2470462e+01   8.4339551e+00
  -9.2560951e+01   8.3587058e+01
  -4.3703783e+01  -8.2018377e+01
  -6.9306442e+01  -3.2591252e+01
  -7.1583855e+01  -2.2830629e+01
   6.3793403e+01   9.7815561e+01
   9.1439420e+01   3.3773487e+01
  -1.7170089e+00  -4.8680061e+00
  -7.8151633e+01  -6.0807992e+01
  -8.4451772e+01  -5.2426507e+01
   9.6799022e+01   8.4405461e+01
   7.3800143e+01   9.0448322e+01
   1.7728241e+01  -9.1029290e+00
   3.8468033e+01  -2.3196570e+01
  -8.9876887e+01  -4.4264581e+01
   6.5669459e-01  -6.7199158e+01
  -3.9425341e+00  -5.8384032e+01
  -8.9592121e+01  -2.4609438e+01
  -8.1021813e+01  -1.9461041e+01
   9.9198383e+01  -1.9817221e+00
   7.9581539e+01   1.6247495e+00
   9.9011277e+01   7.9874038e+00
   8.8936010e+01  -9.2088388e+00
   4.5088955e+01   1.8745424e+01
   5.6595811e+01   5.5297165e+01
   4.8569027e+01   2.8709468e+01
   5.4445932e+01   8.2142921e+01
   4.7772907e+01   3.8560971e+01
   7.9019737e+01  -8.2508547e+00
   6.0705438e+01  -5.8586940e+00
   2.7896343e+01   2.8589208e+01
   4.2741950e+01   5.5781627e+01
   7.0727962e+01   4.9397674e+01
  -4.7692505e+01  -7.2891522e+01
  -1.6467914e+01  -9.0253063e+01
  -1.4610681e+01  -8.0115354e+01
   5.3687959e+01  -9.7848423e+01
   4.7940827e+01  -8.8667380e+01
   4.3821961e+01  -6.9148837e+01
  -2.3734343e+01  -5.6878387e+01
   6.5572042e+01  -7.1041760e+01
  -4.6258353e+01  -5.9630210e+01
  -2.1916559e+01  -3.5718442e+01
   7.4271758e+01  -6.6155021e+01
  -4.2920168e+01  -2.0473665e+01
   1.0961219e+00   1.3832649e+01
   9.6507655e+01  -4.9909562e+01
   7.3849285e+01  -2.8945125e+01
   5.2528634e+01  -1.1577728e+01
   6.7843822e+01  -2.1096878e+01
  -3.2692408e+01   1.0206155e+01
  -5.0923169e+01   1.0375925e+01
   5.2970465e+01  -3.2177504e+01
  -7.2457040e+01   5.1943929e+01
  -2.5273302e+01   7.2883823e+01
   4.2809157e+00   4.8279355e+01
   2.3414326e+00   6.1439198e+01
   2.5717367e+00   3.1141447e+01
  -1.9390176e+01   6.3067901e+01
  -3.2439552e+01   2.4734229e-01
  -2.9022583e+01   2.9352169e+01
  -3.7510617e+01   2.4353099e+01
   3.2668930e+00   9.9611587e+01
  -6.2301310e+01   1.2982428e+01
  -9.7086098e+01  -9.2980560e+01
   7.5797290e+01  -9.6685873e+01
  -2.9954434e+01   8.9357121e+01
   5.9171161e+01   4.0115601e+00
   3.8503735e+01   1.1471255e+01
   9.4411151e+01  -5.9652568e+01
   9.8527380e+01  -7.0638565e+01
   6.8481743e+01  -8.9875171e+01
   2.5500019e+01  -9.0909800e+01
   3.8733704e+01  -6.0548088e+01
  -9.2606915e+01  -7.5749647e+01
  -7.4632602e+01   1.4607329e+01
  -4.2175342e+01   4.3474662e+01
  -4.3556006e+01   7.7673186e+01
   4.3855604e+01  -6.7657871e+00
  -7.7312629e+01   9.0040823e+01
  -2.2416189e+01   8.2448639e+01
  -5.4229248e+01   5.4709425e+01
  -6.8163597e+01   8.6010585e+01
  -2.9718066e+01   9.9353002e+01
  -9.5106508e+01   3.1842395e+01
  -2.9917936e+01  -9.2972382e+01
  -5.2590047e+01   7.3414749e+01
   3.4678540e+01   6.4708294e+01
  -3.3901910e+01  -8.3806146e+01
   2.8218678e+01  -4.8030698e+01
  -3.8692688e+01   3.4188798e+01
  -4.7275978e+01   2.5944922e+01
  -5.0449543e+01   9.5723399e+01
  -8.3556781e+01  -9.9710023e+01
   2.8504661e+01  -2.2906754e+01
   1.9227867e+01  -4.3902444e+01
   2.2570756e+01   9.3294329e+01
   8.2396703e+01  -6.0376753e+01
   1.3890176e+01  -5.2328637e+01
   1.7870063e+01  -7.9547366e+01
   6.5937694e+01  -4.8518785e+01
   5.7396328e+01  -5.5569399e+01
  -6.5159086e+01  -5.2350246e+01
   3.7541940e+01  -8.6382544e+01
  -7.2580718e+01  -8.0805428e+01
  -6.3580675e+01  -8.5168360e+01
  -8.9647329e+01  -1.4310840e+01
  -8.3573143e+01  -8.0023913e+01
   7.3400557e+01  -3.8884787e+01
   8.3000937e+01  -5.0420540e+01
  -9.8801639e+01   5.6897288e+01
  -9.0298154e+01   7.0532280e+01
  -8.0305364e+01   7.0296480e+01
  -9.8808284e+01   7.5773304e+01
  -6.4718094e+01  -6.2398332e+01
   5.3971699e+01   7.2155249e+01
  -9.7409530e+01  -6.5043208e+01
   2.9088877e+01  -5.7977309e+01
  -8.9066446e+01   1.5931261e+01
  -5.5065041e+01  -7.9860386e+01
  -5.9946425e+01  -4.3837464e+01
   3.3700964e+01   5.1341036e+01
   1.4785451e+01   4.6843136e+01
   1.7237036e+01   6.3454694e+01
  -9.2153579e+01   5.9926837e+00
   2.1985529e+01   1.0163510e+01
   3.0748756e+01   5.5015419e+00
   1.8784034e+01   2.4538482e+01
  -9.9836407e+01  -3.9851507e-01
  -3.2064279e+00   4.8622985e+00
   7.2904493e+01   6.7721648e+01
   8.0504644e+01   8.1656028e+01
   6.4340104e+01   8.7207702e+01
   8.1155036e+00  -6.5851282e+00
  -8.8029052e+00  -1.1897255e+01
   9.3500755e+01   9.3843824e+01
   9.7289733e+01   4.8531976e+01
   4.8454126e+01  -2.3163794e+01
  -9.9127088e+00  -4.0872415e+01
   3.7627385e+00  -3.4430289e+01
   8.9400224e+00  -2.5999542e+01
  -7.9817792e+01  -7.0836734e+01
   9.7865006e+01   2.6147003e+01
   9.0134300e+01   6.4348349e+01
  -8.7451331e+01  -6.4612187e+01
   9.4424411e+01   1.6825831e+01
   9.9740534e+01  -2.1845756e+01
   1.5132378e+01   5.1879877e-01
   8.0672118e+01   4.9213248e+01
   6.8816810e+01   2.1249666e+01
   4.5774072e+01   9.3900747e+01
   2.5710987e+01   6.9113349e+01
   3.8516615e+01   8.4337320e+01
   7.0295613e+01  -1.9985719e+00
   5.5605476e+01   9.2074974e+01
  -1.0987520e+01  -9.8607349e+01
   1.6709164e+01   7.3428198e+01
   6.1221251e+01   4.6455531e+01
  -2.8155745e+01  -6.5781255e+01
  -3.7840858e+01  -6.4167625e+01
   7.8870715e+01   2.0676948e+01
  -1.0508108e+01  -5.0933529e+01
  -3.1997258e+01  -2.9264221e+01
   5.4613069e+01   2.0994003e+01
   3.4030543e+01  -9.6116636e+01
  -3.1386885e+01  -3.8874264e+01
  -5.5700595e+01  -3.4495464e+01
  -5.3902015e+01  -6.5087563e+01
  -9.8871338e+01  -5.4433661e+01
  -9.6173999e+01  -3.8046909e+01
