   3.0290000e+03
   2.9370000e+03
   2.8410000e+03
   2.7910000e+03
   2.7470000e+03
   2.9070000e+03
   2.9250000e+03
   2.6250000e+03
   2.7310000e+03
   2.6370000e+03
   3.1070000e+03
   2.9430000e+03
   2.8070000e+03
   3.0790000e+03
   3.1190000e+03
   2.8090000e+03
   3.0130000e+03
   2.6690000e+03
   3.1770000e+03
   3.1690000e+03
   2.9830000e+03
   3.0070000e+03
   2.9930000e+03
   3.1910000e+03
   2.8750000e+03
   3.0930000e+03
   2.9690000e+03
   2.6790000e+03
   2.7550000e+03
   2.8310000e+03
   3.1510000e+03
   3.1350000e+03
   2.8690000e+03
   2.9470000e+03
   2.7250000e+03
   2.9550000e+03
   3.0250000e+03
   2.9170000e+03
   2.9490000e+03
   2.8790000e+03
   2.9190000e+03
   2.7410000e+03
   3.1570000e+03
   3.0490000e+03
   2.8110000e+03
   3.1090000e+03
   3.0150000e+03
   2.7570000e+03
   3.0550000e+03
   3.1470000e+03
   2.8250000e+03
   2.9230000e+03
   3.0510000e+03
   3.1310000e+03
   2.8550000e+03
   2.9210000e+03
   2.8030000e+03
   2.6570000e+03
   3.1270000e+03
   3.1490000e+03
   2.9890000e+03
   2.9630000e+03
   3.0630000e+03
   2.6830000e+03
   3.1930000e+03
   2.9310000e+03
   2.7190000e+03
   3.0410000e+03
   2.9850000e+03
   2.7050000e+03
   2.7290000e+03
   3.0950000e+03
   3.0730000e+03
   3.0190000e+03
   2.6890000e+03
   2.7830000e+03
   2.7850000e+03
   2.9290000e+03
   2.7390000e+03
   2.8130000e+03
   2.7770000e+03
   2.6270000e+03
   3.0530000e+03
   2.8050000e+03
   2.8970000e+03
   2.7210000e+03
   2.8230000e+03
   3.1210000e+03
   2.9750000e+03
   3.1230000e+03
   2.7870000e+03
   3.1810000e+03
   3.1710000e+03
   2.7430000e+03
   2.7950000e+03
   2.8950000e+03
   2.9150000e+03
   2.9130000e+03
   2.6190000e+03
   2.9650000e+03
   2.9390000e+03
   2.6410000e+03
   2.9730000e+03
   3.0210000e+03
   2.9910000e+03
   2.9590000e+03
   3.0030000e+03
   2.6930000e+03
   2.7510000e+03
   2.9710000e+03
   2.6870000e+03
   2.8530000e+03
   2.9990000e+03
   3.0350000e+03
   3.0370000e+03
   3.0270000e+03
   2.7450000e+03
   2.9450000e+03
   3.0710000e+03
   2.7690000e+03
   3.0690000e+03
   2.8270000e+03
   2.7790000e+03
   2.9010000e+03
   2.8770000e+03
   3.0890000e+03
   2.8150000e+03
   2.9510000e+03
   3.1850000e+03
   3.1110000e+03
   2.9530000e+03
   3.1010000e+03
   3.1030000e+03
   2.8830000e+03
   3.1390000e+03
   2.8570000e+03
   2.8710000e+03
   2.8850000e+03
   2.8890000e+03
   3.0230000e+03
   3.1670000e+03
   3.1970000e+03
   2.9330000e+03
   2.9110000e+03
   2.9090000e+03
   2.9270000e+03
   2.6180000e+03
   2.6220000e+03
   3.1990000e+03
   2.9350000e+03
   2.9410000e+03
   2.6300000e+03
   2.6320000e+03
   2.6340000e+03
   2.6360000e+03
   2.6380000e+03
   2.6400000e+03
   2.6420000e+03
   2.9790000e+03
   2.6460000e+03
   2.9570000e+03
   2.9810000e+03
   2.6520000e+03
   3.1830000e+03
   2.6560000e+03
   2.9670000e+03
   2.6660000e+03
   3.0050000e+03
   3.1590000e+03
   3.0010000e+03
   2.6760000e+03
   2.6780000e+03
   3.0470000e+03
   2.6840000e+03
   3.0170000e+03
   3.0110000e+03
   2.9870000e+03
   3.2010000e+03
   3.0310000e+03
   2.7080000e+03
   2.7120000e+03
   2.7180000e+03
   2.7200000e+03
   2.7220000e+03
   2.7240000e+03
   2.7280000e+03
   2.7300000e+03
   3.0610000e+03
   2.7380000e+03
   2.7400000e+03
   3.0590000e+03
   2.7440000e+03
   2.7460000e+03
   3.0650000e+03
   3.1050000e+03
   2.7540000e+03
   2.7560000e+03
   3.0670000e+03
   3.1790000e+03
   2.7700000e+03
   3.1130000e+03
   2.7760000e+03
   2.7820000e+03
   2.7840000e+03
   3.1530000e+03
   3.0770000e+03
   3.0810000e+03
   3.1450000e+03
   3.0830000e+03
   2.8020000e+03
   3.0910000e+03
   3.0970000e+03
   3.0990000e+03
   2.8100000e+03
   2.8120000e+03
   2.8140000e+03
   3.0870000e+03
   2.8200000e+03
   2.8220000e+03
   3.1870000e+03
   2.8260000e+03
   2.8300000e+03
   3.1410000e+03
   3.1170000e+03
   2.8400000e+03
   3.1950000e+03
   3.1290000e+03
   3.1330000e+03
   2.8520000e+03
   2.8540000e+03
   2.8560000e+03
   3.1430000e+03
   3.1610000e+03
   2.8680000e+03
   2.8700000e+03
   2.8720000e+03
   3.1550000e+03
   2.8760000e+03
   2.8780000e+03
   2.8820000e+03
   2.8840000e+03
   3.1730000e+03
   3.1750000e+03
   2.8940000e+03
   2.8960000e+03
   2.8980000e+03
   2.9000000e+03
   3.1890000e+03
   2.9060000e+03
   2.9080000e+03
   2.9100000e+03
   2.9120000e+03
   2.9140000e+03
   3.2030000e+03
   2.9180000e+03
   2.9200000e+03
   2.9220000e+03
   2.9240000e+03
   2.9260000e+03
   2.9300000e+03
   2.9320000e+03
   2.9340000e+03
   2.9360000e+03
   2.9380000e+03
   2.9400000e+03
   2.9420000e+03
   2.9440000e+03
   2.9460000e+03
   2.9480000e+03
   2.9500000e+03
   2.9520000e+03
   2.9540000e+03
   2.9580000e+03
   2.9620000e+03
   2.9640000e+03
   2.9660000e+03
   2.9720000e+03
   2.9740000e+03
   2.9780000e+03
   2.9800000e+03
   2.9820000e+03
   2.9840000e+03
   2.9860000e+03
   2.9880000e+03
   2.9900000e+03
   2.9940000e+03
   2.9960000e+03
   2.9980000e+03
   3.0000000e+03
   3.0020000e+03
   3.0040000e+03
   3.0060000e+03
   3.0100000e+03
   3.0120000e+03
   3.0140000e+03
   3.0160000e+03
   3.0180000e+03
   3.0200000e+03
   3.0220000e+03
   3.0240000e+03
   3.0260000e+03
   3.0280000e+03
   3.0300000e+03
   3.0320000e+03
   3.0340000e+03
   3.0360000e+03
   3.0400000e+03
   3.0420000e+03
   3.0460000e+03
   3.0480000e+03
   3.0500000e+03
   3.0520000e+03
   3.0580000e+03
   3.0600000e+03
   3.0620000e+03
   3.0640000e+03
   3.0680000e+03
   3.0740000e+03
   3.0760000e+03
   3.0780000e+03
   3.0820000e+03
   3.0860000e+03
   3.0900000e+03
   3.0920000e+03
   3.0940000e+03
   3.0960000e+03
   3.0980000e+03
   3.1000000e+03
   3.1020000e+03
   3.1040000e+03
   3.1060000e+03
   3.1080000e+03
   3.1100000e+03
   3.1120000e+03
   3.1140000e+03
   3.1160000e+03
   3.1180000e+03
   3.1200000e+03
   3.1220000e+03
   3.1260000e+03
   3.1280000e+03
   3.1300000e+03
   3.1320000e+03
   3.1340000e+03
   3.1360000e+03
   3.1380000e+03
   3.1400000e+03
   3.1420000e+03
   3.1440000e+03
   3.1480000e+03
   3.1520000e+03
   3.1540000e+03
   3.1560000e+03
   3.1580000e+03
   3.1680000e+03
   3.1700000e+03
   3.1720000e+03
   3.1740000e+03
   3.1760000e+03
   3.1780000e+03
   3.1800000e+03
   3.1820000e+03
   3.1840000e+03
   3.1860000e+03
   3.1880000e+03
   3.1900000e+03
   3.1920000e+03
   3.1940000e+03
   3.1960000e+03
   3.1980000e+03
   3.2000000e+03
   3.2020000e+03
