   3.7330000e+03
   3.6090000e+03
   3.6850000e+03
   4.0690000e+03
   3.5890000e+03
   3.6430000e+03
   3.8590000e+03
   4.0710000e+03
   3.5390000e+03
   3.7110000e+03
   3.9230000e+03
   4.0670000e+03
   3.8470000e+03
   3.5650000e+03
   4.0930000e+03
   4.0990000e+03
   3.7710000e+03
   4.1170000e+03
   3.5050000e+03
   3.8330000e+03
   3.8530000e+03
   3.5110000e+03
   3.5710000e+03
   3.9210000e+03
   3.7830000e+03
   3.9790000e+03
   3.5190000e+03
   3.8390000e+03
   4.0970000e+03
   3.7890000e+03
   3.8730000e+03
   3.5310000e+03
   3.5930000e+03
   3.5570000e+03
   3.6210000e+03
   3.9550000e+03
   3.8370000e+03
   3.7550000e+03
   4.0510000e+03
   4.0290000e+03
   3.7150000e+03
   3.9670000e+03
   3.8150000e+03
   3.8830000e+03
   3.8790000e+03
   3.7810000e+03
   3.8650000e+03
   4.1310000e+03
   4.0170000e+03
   4.1330000e+03
   3.9850000e+03
   3.8430000e+03
   3.5130000e+03
   3.8950000e+03
   3.5850000e+03
   3.8550000e+03
   3.5670000e+03
   3.5530000e+03
   3.9450000e+03
   3.6450000e+03
   3.9610000e+03
   3.5750000e+03
   3.6530000e+03
   3.6310000e+03
   3.6350000e+03
   3.6710000e+03
   4.0110000e+03
   3.9470000e+03
   4.0230000e+03
   4.0550000e+03
   3.7230000e+03
   4.0730000e+03
   3.6990000e+03
   3.7770000e+03
   3.7610000e+03
   4.0910000e+03
   3.8190000e+03
   3.7730000e+03
   3.6230000e+03
   3.8670000e+03
   4.1410000e+03
   4.0330000e+03
   4.1270000e+03
   3.4990000e+03
   3.8170000e+03
   4.0410000e+03
   3.6170000e+03
   3.5010000e+03
   3.5770000e+03
   3.5090000e+03
   3.5410000e+03
   3.8110000e+03
   3.8570000e+03
   3.9290000e+03
   3.9530000e+03
   3.5810000e+03
   3.5830000e+03
   3.9070000e+03
   3.9110000e+03
   4.0070000e+03
   3.9150000e+03
   3.6250000e+03
   3.6130000e+03
   3.8870000e+03
   4.0130000e+03
   3.9630000e+03
   3.9890000e+03
   3.7950000e+03
   3.9310000e+03
   3.8210000e+03
   3.8070000e+03
   4.1290000e+03
   3.8230000e+03
   3.9590000e+03
   3.8710000e+03
   4.1390000e+03
   4.0850000e+03
   3.6870000e+03
   4.0790000e+03
   3.7690000e+03
   3.9050000e+03
   4.0050000e+03
   4.0350000e+03
   3.7030000e+03
   4.0370000e+03
   3.7130000e+03
   3.8130000e+03
   4.0430000e+03
   3.8250000e+03
   4.0150000e+03
   4.0570000e+03
   3.9930000e+03
   4.0190000e+03
   4.0810000e+03
   3.7470000e+03
   4.0030000e+03
   4.0950000e+03
   4.0390000e+03
   3.7750000e+03
   3.7910000e+03
   4.1190000e+03
   3.8030000e+03
   3.8010000e+03
   3.9810000e+03
   4.0210000e+03
   3.8270000e+03
   3.4980000e+03
   3.8350000e+03
   3.5020000e+03
   3.5040000e+03
   4.0090000e+03
   3.5100000e+03
   4.1090000e+03
   3.5140000e+03
   3.5160000e+03
   3.5180000e+03
   3.8410000e+03
   3.5240000e+03
   3.5260000e+03
   3.5300000e+03
   3.8610000e+03
   3.8450000e+03
   4.1030000e+03
   3.5400000e+03
   3.8750000e+03
   3.5520000e+03
   3.8690000e+03
   3.9130000e+03
   3.5620000e+03
   4.1250000e+03
   3.9490000e+03
   3.5680000e+03
   4.0010000e+03
   3.8890000e+03
   3.8970000e+03
   3.8990000e+03
   3.5800000e+03
   3.5820000e+03
   3.9350000e+03
   3.5860000e+03
   3.8930000e+03
   3.5920000e+03
   3.6000000e+03
   3.6080000e+03
   3.9190000e+03
   3.6120000e+03
   3.6160000e+03
   3.6180000e+03
   3.6200000e+03
   3.6220000e+03
   4.1010000e+03
   3.9250000e+03
   3.9510000e+03
   3.9650000e+03
   3.6340000e+03
   3.9330000e+03
   3.6400000e+03
   3.9430000e+03
   3.6440000e+03
   3.6460000e+03
   3.9690000e+03
   3.6520000e+03
   3.9570000e+03
   3.6580000e+03
   3.6600000e+03
   3.9710000e+03
   3.6720000e+03
   3.9750000e+03
   3.6780000e+03
   3.9870000e+03
   3.9990000e+03
   3.9770000e+03
   4.1050000e+03
   4.0250000e+03
   3.6980000e+03
   4.0270000e+03
   4.0750000e+03
   4.0450000e+03
   3.7100000e+03
   4.0490000e+03
   4.0530000e+03
   3.7220000e+03
   3.7320000e+03
   3.7340000e+03
   4.0770000e+03
   3.7460000e+03
   4.0610000e+03
   3.7500000e+03
   3.7520000e+03
   3.7540000e+03
   4.0870000e+03
   4.0890000e+03
   3.7600000e+03
   4.0830000e+03
   3.7640000e+03
   3.7680000e+03
   3.7700000e+03
   3.7720000e+03
   3.7740000e+03
   4.1070000e+03
   4.1110000e+03
   3.7800000e+03
   4.1210000e+03
   3.7880000e+03
   3.7900000e+03
   4.1150000e+03
   3.7940000e+03
   4.1370000e+03
   4.1350000e+03
   4.1230000e+03
   3.8020000e+03
   3.8040000e+03
   3.8060000e+03
   3.8080000e+03
   3.8100000e+03
   3.8120000e+03
   3.8160000e+03
   3.8180000e+03
   3.8200000e+03
   3.8220000e+03
   3.8240000e+03
   3.8300000e+03
   3.8320000e+03
   3.8340000e+03
   3.8360000e+03
   3.8380000e+03
   3.8400000e+03
   3.8460000e+03
   3.8480000e+03
   3.8520000e+03
   3.8540000e+03
   3.8580000e+03
   3.8600000e+03
   3.8640000e+03
   3.8660000e+03
   3.8680000e+03
   3.8700000e+03
   3.8720000e+03
   3.8740000e+03
   3.8800000e+03
   3.8860000e+03
   3.8920000e+03
   3.8940000e+03
   3.8960000e+03
   3.8980000e+03
   3.9040000e+03
   3.9060000e+03
   3.9080000e+03
   3.9100000e+03
   3.9120000e+03
   3.9140000e+03
   3.9180000e+03
   3.9200000e+03
   3.9240000e+03
   3.9280000e+03
   3.9300000e+03
   3.9320000e+03
   3.9340000e+03
   3.9400000e+03
   3.9420000e+03
   3.9440000e+03
   3.9460000e+03
   3.9480000e+03
   3.9500000e+03
   3.9520000e+03
   3.9540000e+03
   3.9560000e+03
   3.9580000e+03
   3.9600000e+03
   3.9620000e+03
   3.9640000e+03
   3.9660000e+03
   3.9680000e+03
   3.9700000e+03
   3.9740000e+03
   3.9760000e+03
   3.9780000e+03
   3.9800000e+03
   3.9840000e+03
   3.9860000e+03
   3.9880000e+03
   3.9900000e+03
   3.9920000e+03
   3.9940000e+03
   3.9960000e+03
   3.9980000e+03
   4.0000000e+03
   4.0020000e+03
   4.0040000e+03
   4.0060000e+03
   4.0080000e+03
   4.0100000e+03
   4.0120000e+03
   4.0140000e+03
   4.0160000e+03
   4.0180000e+03
   4.0200000e+03
   4.0220000e+03
   4.0240000e+03
   4.0260000e+03
   4.0280000e+03
   4.0320000e+03
   4.0340000e+03
   4.0360000e+03
   4.0380000e+03
   4.0400000e+03
   4.0440000e+03
   4.0460000e+03
   4.0480000e+03
   4.0500000e+03
   4.0520000e+03
   4.0540000e+03
   4.0560000e+03
   4.0600000e+03
   4.0640000e+03
   4.0660000e+03
   4.0700000e+03
   4.0740000e+03
   4.0760000e+03
   4.0780000e+03
   4.0800000e+03
   4.0820000e+03
   4.0840000e+03
   4.0860000e+03
   4.0880000e+03
   4.0900000e+03
   4.0920000e+03
   4.0940000e+03
   4.0960000e+03
   4.0980000e+03
   4.1000000e+03
   4.1020000e+03
   4.1040000e+03
   4.1060000e+03
   4.1080000e+03
   4.1100000e+03
   4.1140000e+03
   4.1180000e+03
   4.1200000e+03
   4.1220000e+03
   4.1240000e+03
   4.1260000e+03
   4.1280000e+03
   4.1300000e+03
   4.1320000e+03
   4.1340000e+03
   4.1380000e+03
   4.1400000e+03
