   4.3970000e+03
   3.8590000e+03
   4.0710000e+03
   4.3410000e+03
   4.4010000e+03
   3.8470000e+03
   4.4590000e+03
   4.0990000e+03
   4.2030000e+03
   4.1650000e+03
   3.9210000e+03
   4.3390000e+03
   4.4470000e+03
   4.2810000e+03
   4.2550000e+03
   4.2050000e+03
   4.2190000e+03
   4.2330000e+03
   4.3930000e+03
   4.1990000e+03
   4.0290000e+03
   3.9670000e+03
   4.1510000e+03
   4.2130000e+03
   4.1310000e+03
   4.0170000e+03
   4.1330000e+03
   3.9850000e+03
   4.1630000e+03
   3.8950000e+03
   3.8550000e+03
   4.1950000e+03
   4.3310000e+03
   4.2750000e+03
   4.1930000e+03
   4.0110000e+03
   3.9470000e+03
   4.0550000e+03
   4.2770000e+03
   4.0910000e+03
   4.2410000e+03
   4.2570000e+03
   4.1410000e+03
   4.0330000e+03
   4.1270000e+03
   4.3030000e+03
   4.3850000e+03
   4.3810000e+03
   4.2830000e+03
   4.2450000e+03
   3.9110000e+03
   3.9150000e+03
   4.2150000e+03
   3.8870000e+03
   4.0130000e+03
   3.9630000e+03
   4.3250000e+03
   3.9310000e+03
   4.2850000e+03
   4.3770000e+03
   4.1450000e+03
   3.9590000e+03
   4.2110000e+03
   4.1390000e+03
   4.4130000e+03
   4.4030000e+03
   4.1690000e+03
   3.9050000e+03
   4.4270000e+03
   4.3910000e+03
   4.3630000e+03
   4.0150000e+03
   4.4610000e+03
   4.4150000e+03
   4.0030000e+03
   4.0950000e+03
   4.4070000e+03
   4.3010000e+03
   3.9810000e+03
   4.0210000e+03
   4.4870000e+03
   4.1710000e+03
   4.0090000e+03
   4.1090000e+03
   3.8610000e+03
   4.1030000e+03
   4.2210000e+03
   3.9130000e+03
   4.1250000e+03
   3.9490000e+03
   4.0010000e+03
   3.8970000e+03
   4.2250000e+03
   4.2290000e+03
   3.9350000e+03
   4.2490000e+03
   4.2590000e+03
   4.2070000e+03
   4.2610000e+03
   4.4550000e+03
   3.9250000e+03
   3.9510000e+03
   4.2670000e+03
   4.2350000e+03
   3.9430000e+03
   3.9690000e+03
   4.4730000e+03
   4.3090000e+03
   4.2870000e+03
   3.9990000e+03
   4.3050000e+03
   4.1050000e+03
   4.0250000e+03
   4.0270000e+03
   4.0750000e+03
   4.0490000e+03
   4.0530000e+03
   4.2310000e+03
   4.0770000e+03
   4.3670000e+03
   4.4790000e+03
   4.3870000e+03
   4.0830000e+03
   4.1070000e+03
   4.1110000e+03
   4.3550000e+03
   4.4530000e+03
   4.1590000e+03
   4.1350000e+03
   4.1230000e+03
   4.3570000e+03
   4.1470000e+03
   4.4490000e+03
   4.2950000e+03
   4.4670000e+03
   4.3450000e+03
   4.4290000e+03
   4.1890000e+03
   4.1970000e+03
   4.2370000e+03
   3.8540000e+03
   3.8580000e+03
   4.2470000e+03
   3.8640000e+03
   4.1850000e+03
   4.4810000e+03
   4.3150000e+03
   3.8720000e+03
   4.2170000e+03
   3.8860000e+03
   4.2390000e+03
   3.8940000e+03
   3.8960000e+03
   3.8980000e+03
   3.9040000e+03
   4.2530000e+03
   3.9120000e+03
   3.9140000e+03
   4.2710000e+03
   3.9200000e+03
   4.2630000e+03
   3.9300000e+03
   3.9320000e+03
   3.9340000e+03
   4.2730000e+03
   4.2890000e+03
   4.2910000e+03
   3.9480000e+03
   3.9500000e+03
   4.2790000e+03
   4.2970000e+03
   4.3990000e+03
   4.4390000e+03
   3.9620000e+03
   3.9660000e+03
   3.9680000e+03
   4.3110000e+03
   3.9740000e+03
   4.3070000e+03
   4.3650000e+03
   3.9800000e+03
   3.9840000e+03
   4.3170000e+03
   4.3210000e+03
   4.3190000e+03
   4.3350000e+03
   4.3330000e+03
   4.3270000e+03
   4.0020000e+03
   4.0040000e+03
   4.3890000e+03
   4.0100000e+03
   4.0120000e+03
   4.4630000e+03
   4.0160000e+03
   4.4650000e+03
   4.0200000e+03
   4.3430000e+03
   4.3470000e+03
   4.3510000e+03
   4.0280000e+03
   4.0320000e+03
   4.0340000e+03
   4.0360000e+03
   4.0400000e+03
   4.3530000e+03
   4.3590000e+03
   4.0480000e+03
   4.0520000e+03
   4.3790000e+03
   4.3830000e+03
   4.3750000e+03
   4.3730000e+03
   4.3950000e+03
   4.4250000e+03
   4.4050000e+03
   4.4230000e+03
   4.0820000e+03
   4.0840000e+03
   4.4090000e+03
   4.4310000e+03
   4.0900000e+03
   4.0920000e+03
   4.0940000e+03
   4.0960000e+03
   4.4510000e+03
   4.1020000e+03
   4.1040000e+03
   4.1060000e+03
   4.1080000e+03
   4.4370000e+03
   4.4330000e+03
   4.1180000e+03
   4.4410000e+03
   4.4430000e+03
   4.1240000e+03
   4.1260000e+03
   4.4570000e+03
   4.1300000e+03
   4.1320000e+03
   4.1340000e+03
   4.1380000e+03
   4.1400000e+03
   4.1440000e+03
   4.1460000e+03
   4.4690000e+03
   4.1500000e+03
   4.1580000e+03
   4.1620000e+03
   4.1640000e+03
   4.4830000e+03
   4.1700000e+03
   4.4770000e+03
   4.1740000e+03
   4.1760000e+03
   4.4750000e+03
   4.4890000e+03
   4.1840000e+03
   4.1880000e+03
   4.1920000e+03
   4.1940000e+03
   4.1960000e+03
   4.1980000e+03
   4.2000000e+03
   4.2020000e+03
   4.2040000e+03
   4.2060000e+03
   4.2100000e+03
   4.2120000e+03
   4.2140000e+03
   4.2180000e+03
   4.2200000e+03
   4.2220000e+03
   4.2240000e+03
   4.2260000e+03
   4.2280000e+03
   4.2300000e+03
   4.2320000e+03
   4.2340000e+03
   4.2360000e+03
   4.2380000e+03
   4.2400000e+03
   4.2420000e+03
   4.2440000e+03
   4.2460000e+03
   4.2480000e+03
   4.2500000e+03
   4.2520000e+03
   4.2540000e+03
   4.2560000e+03
   4.2580000e+03
   4.2600000e+03
   4.2640000e+03
   4.2660000e+03
   4.2700000e+03
   4.2720000e+03
   4.2740000e+03
   4.2760000e+03
   4.2780000e+03
   4.2800000e+03
   4.2820000e+03
   4.2840000e+03
   4.2860000e+03
   4.2880000e+03
   4.2940000e+03
   4.2960000e+03
   4.2980000e+03
   4.3000000e+03
   4.3020000e+03
   4.3040000e+03
   4.3060000e+03
   4.3080000e+03
   4.3100000e+03
   4.3220000e+03
   4.3300000e+03
   4.3320000e+03
   4.3340000e+03
   4.3400000e+03
   4.3420000e+03
   4.3460000e+03
   4.3540000e+03
   4.3560000e+03
   4.3580000e+03
   4.3600000e+03
   4.3620000e+03
   4.3660000e+03
   4.3720000e+03
   4.3760000e+03
   4.3780000e+03
   4.3800000e+03
   4.3820000e+03
   4.3840000e+03
   4.3860000e+03
   4.3880000e+03
   4.3900000e+03
   4.3920000e+03
   4.3940000e+03
   4.3980000e+03
   4.4000000e+03
   4.4020000e+03
   4.4040000e+03
   4.4060000e+03
   4.4100000e+03
   4.4120000e+03
   4.4140000e+03
   4.4160000e+03
   4.4180000e+03
   4.4220000e+03
   4.4240000e+03
   4.4260000e+03
   4.4280000e+03
   4.4300000e+03
   4.4320000e+03
   4.4340000e+03
   4.4360000e+03
   4.4400000e+03
   4.4420000e+03
   4.4440000e+03
   4.4460000e+03
   4.4480000e+03
   4.4500000e+03
   4.4540000e+03
   4.4580000e+03
   4.4600000e+03
   4.4620000e+03
   4.4640000e+03
   4.4660000e+03
   4.4700000e+03
   4.4740000e+03
   4.4780000e+03
   4.4800000e+03
   4.4820000e+03
   4.4840000e+03
   4.4860000e+03
   4.4900000e+03
