   3.4215499e+01  -3.0819360e+01
   4.1519374e+01  -4.9739945e+01
   5.5858593e+01   7.7795881e+01
   4.5739965e+01   5.0368437e+01
  -7.8012806e+01   4.0565651e+01
  -1.6914050e+01   7.2197098e+01
   6.5147953e+01  -1.4472139e+01
  -5.3055123e+01  -7.2233276e+00
   9.8307497e+01   4.2947683e+01
  -6.6604263e+01  -7.9543637e+01
  -3.1625592e+01  -5.1791553e+01
  -9.9970693e+01  -4.1431438e+01
  -3.9505954e+01   1.8548497e+01
  -1.7035012e+01   3.0330112e+01
  -3.7137928e+01   3.2555637e+01
  -6.9724045e+01  -7.0052454e+01
  -4.7180113e+01  -8.3080324e+01
  -5.3958829e+01   4.2618285e+01
  -5.5308702e+00  -2.6080998e+01
  -8.6477178e+01  -7.9932197e+01
  -6.8278971e+01  -3.4605427e+01
  -8.0265784e+00   5.5289655e+01
   3.7801552e+01   2.9578362e+01
   4.2112323e+01   7.2668862e+01
  -7.3620698e+01  -2.6746165e+01
   5.8043357e+01  -2.1509518e+01
  -4.6358736e+01  -5.9825440e+01
  -6.9795357e+00  -1.4177920e+00
  -7.7051664e+01  -6.3378045e+01
   6.7722005e+01   1.5729780e+01
   5.2015493e+01   9.8661819e+01
   3.7427736e+01   8.4747650e+01
  -7.3639008e+00   4.3592187e+01
  -2.6071150e+01   4.6813128e+01
  -4.4290193e+01   9.7677962e+00
  -4.1581636e+01   6.2810624e+01
  -3.7952196e+01   5.3491893e+01
   6.3367170e+01   4.4464992e+01
  -7.0657271e+01   3.3501859e+01
   4.9011456e+01  -5.9655511e+01
  -5.9605533e+01  -2.5811982e+01
  -3.1607837e+01   6.3513982e+01
   6.1949428e+01  -4.9974652e+00
   5.3952646e+01  -1.2334292e+01
   2.4795847e+01  -2.7464501e+01
  -8.2016051e+01  -3.1909062e+01
   2.9662433e+01   5.7164336e+01
  -1.1322236e+01  -4.9701148e+01
   4.4543262e+01  -3.0378406e+01
  -3.8736155e+01  -7.7805187e+01
  -7.1561468e+01  -5.0717316e+01
  -5.7141935e+01  -8.2713006e+01
   2.5815735e+00   7.8381144e+01
  -8.9366365e+01  -8.9425708e+01
   9.0988350e+00  -1.2329287e+01
   8.8367081e+01   5.2663644e+01
  -5.8784773e+01  -5.0621532e+01
   7.8159457e+01   1.0082906e+01
   8.5047837e+01   2.4381628e+01
   6.1354484e+01   9.5004699e+01
   4.5637052e+01   9.1065938e+01
   3.1025007e+01   7.7067642e+01
  -9.3108410e+01  -3.4162845e+01
  -9.4472454e+01  -1.3302417e+01
   8.3649226e+01  -1.2767590e+01
   3.8103535e+01   9.7528315e+01
  -2.8201640e+01   3.7043352e+01
  -3.5597156e+01   4.3773529e+01
  -4.0418055e+00   2.4242932e+01
  -1.6947397e+01   4.0329694e+01
  -3.4394162e+01  -1.3598492e+00
  -5.3285191e+01   2.0552194e+01
  -4.7409988e+01   5.0218894e+01
  -5.1030027e+01   5.9539937e+01
   4.7746978e+01   3.0619875e+01
  -4.4532533e+01   3.9286377e+01
   5.5720010e+01   5.0899847e+01
  -9.6555083e+01   4.1656035e+01
  -7.9630871e+01   2.0319394e+01
   3.2093286e+01  -4.6401167e+01
   5.1518578e+01  -4.9859671e+01
  -4.4773701e+01  -1.6112998e+01
  -5.4725841e+01  -1.7084445e+01
  -7.8867218e+01  -1.8633854e+01
   6.0023955e+01   4.9087869e+00
  -2.7024887e+01   7.2401411e+01
  -2.1831668e+01   6.1413411e+01
   7.2145090e+01  -5.7006419e+00
   4.2962069e+01   1.3245221e+00
   6.4504703e+01  -3.1623167e+01
  -1.8656388e+00  -4.6224600e+01
   5.7638158e+00  -3.3531068e+01
  -8.5814376e+01  -4.0983957e+01
  -7.5849486e+01  -4.1620195e+01
  -1.7963678e+01  -5.7086533e+01
   4.0113508e+01   6.2914256e+01
  -3.0079416e+01  -4.1911627e+01
  -3.2637623e+01  -6.9748237e+01
   4.5508728e+01   4.0366141e+01
  -3.6668147e+01  -6.0613137e+01
  -8.0826301e+01  -5.4158414e+01
   3.9590656e+01  -3.9251057e+01
   4.9558005e+01  -4.0053855e+01
  -5.3482616e+01  -9.3427914e+01
  -2.3221933e+01   8.1649700e+01
  -7.6638338e+00   7.6592999e+01
  -9.7058504e+01  -6.7206899e+01
   7.4006281e+00   4.2297767e+00
   2.8005764e+01  -7.9937744e+00
  -8.6936089e+01  -6.2035422e+01
   9.8357252e+01   5.2830383e+01
  -1.3502372e+01  -9.9009440e+01
   6.9759168e+01   5.3496463e+01
  -6.4933774e+01  -4.3436957e+01
  -6.0233901e+01  -6.8330989e+01
  -5.2281384e+01  -7.4069355e+01
  -6.6143821e+01  -5.9082582e+01
   8.7233008e+01   5.4661260e+00
   9.7235976e+01   3.8766775e+00
   8.6684572e+01   1.5113806e+01
   9.3160423e+01  -6.0017839e+00
   9.8892431e+01   3.3082514e+01
   4.6834207e+01   8.1348835e+01
   5.6351196e+01   8.6875950e+01
   3.1007783e+01   6.7070110e+01
   2.1418016e+01   6.9917463e+01
  -9.9466921e+01  -2.1946183e+01
   8.2107435e+01  -2.9423149e+00
   9.2607682e+01  -1.7182580e+01
   3.0003258e+01   9.1675526e+01
  -7.5835375e+00   3.3594675e+01
  -1.6713756e+01   5.0337564e+01
   1.7237769e+00   3.7250865e+01
  -2.6526992e+01   2.7185963e+01
  -3.3835029e+01   8.6228822e+00
  -5.3322633e+01   3.2640364e+01
  -2.9547132e+01   1.7654969e+01
  -4.5261666e+01   2.6724610e+01
  -5.7771490e+01   5.1858888e+01
   3.5423474e+01   3.9289363e+01
  -6.3785000e+01   4.0765612e+01
   5.3757459e+01   2.2627839e+01
  -4.9061803e+01   6.9447205e+01
   5.5474457e+01   3.8324221e+01
   6.1471904e+01   5.9077145e+01
  -6.4701224e+01   2.5469214e+01
  -8.8690020e+01   3.5480411e+01
  -8.6826288e+01   4.5305188e+01
   6.9973827e+01   4.4856583e+00
  -8.0132698e+01   3.0306671e+01
   2.2792893e+01  -5.0075692e+01
  -6.2462849e+01  -1.0537757e+01
  -3.5831501e+01   7.7241947e+01
   6.0541705e+01  -5.4170285e+01
  -9.8465446e+00   6.5122537e+01
   3.9005457e+01  -5.9418784e+01
  -5.9179117e+01   6.8246835e-01
  -6.7165663e+01  -1.9278855e+01
  -4.3111838e+01  -6.2522362e+00
  -8.4827849e+01  -1.0839111e+01
   7.4297318e+01  -1.8508118e+01
  -8.9820792e+01  -2.4725209e+01
   4.6864430e+01  -1.9388170e+01
   9.6502153e+01   1.3777951e+01
   5.2502888e+01  -1.6571083e+00
   5.4531052e+01  -3.0872409e+01
  -5.2822851e+00  -3.6077908e+01
   4.1728229e+00  -2.3658616e+01
   1.5426079e+01  -3.0957691e+01
  -9.0245247e+00  -6.1475870e+01
  -2.9184297e+01  -8.0528207e+01
   4.9589982e+01   5.9725924e+01
  -8.9811808e+01  -4.9942876e+01
  -2.6914406e+01  -6.1192319e+01
  -2.0544184e+01  -4.5139675e+01
  -4.3644548e+01  -6.9244351e+01
   2.6839868e+01  -3.7892289e+01
  -4.3509398e+01  -9.2369412e+01
   3.5804472e+01   4.9278507e+01
  -7.8583650e+01  -7.4104501e+01
  -2.2551530e+01  -7.0126871e+01
  -1.3664795e+01   8.4592248e+01
  -7.8430631e+01  -8.5866609e+01
  -8.1223479e+01  -9.5467463e+01
  -2.0949540e+00   8.7220267e+01
  -6.3293962e+01  -9.0531308e+01
   8.7955189e+01   4.2731377e+01
   8.0219817e+01   5.9374603e+01
   2.3638747e+00  -4.9574046e+00
  -3.5507568e+00  -9.8026919e+01
   1.9093100e+01  -1.2523594e+01
   1.3870310e+01  -3.3953930e+00
   7.8899561e+01   4.9471929e+01
   1.3910310e+01  -2.1081098e+01
  -9.5967903e+01  -7.7054117e+01
  -5.5999075e+01  -5.9716125e+01
  -5.8376799e+01  -3.5735724e+01
   7.7091874e+00  -4.3339774e+01
  -9.6242215e+01  -5.7372888e+01
   7.6534431e+01   1.9903366e+01
   9.4555102e+01   2.3472711e+01
   8.9510435e+01   3.2968433e+01
   5.6449805e+01   6.8780219e+01
