  -2.2828920e+01  -2.7961444e+01
   3.0539400e+01   5.7212973e+01
   6.3814865e+01  -4.3215528e+01
  -1.2614463e+01  -4.2480125e+01
  -6.8010893e-01  -5.8309808e+01
  -2.9995804e+01   1.4317727e+01
   2.0322711e+01   4.7057019e+01
  -3.9988788e+01  -7.8613159e+00
  -7.9163052e+01  -4.7480051e+01
   9.3682819e+01   1.8423389e+01
   3.4039974e+01   2.6239039e+01
   4.3698603e+01   2.8741644e+01
   4.3502910e+01  -9.7910733e+00
   2.9788411e+00   8.1541073e+01
  -5.1242568e+01   4.1846287e+01
   2.9249825e+01  -2.1241905e+01
  -3.4776429e+01  -7.9452136e+01
   2.2267475e+01  -4.2202536e+01
  -5.9255510e+01   3.3094225e+01
  -7.0644465e+01  -4.8782909e+00
   5.2473955e+00  -4.7421958e+01
   1.7625488e+01  -8.1934617e+01
  -3.1853976e+01  -2.3654921e+01
  -2.1393946e+01  -4.7888548e+01
   3.3838715e+01  -1.2341459e+01
  -4.6102771e+00   6.3396863e+01
   1.6514620e+01  -6.2111200e+00
  -3.8438429e+01   4.1350875e+01
   3.3169749e+01  -3.7221329e+01
   4.3637719e+01  -4.9769118e+01
   2.7677683e+01  -6.1451473e+01
  -6.7578506e+01  -1.4499341e+01
  -4.9501282e+01  -1.0942871e+01
   6.3674182e+00  -8.8762802e+01
   6.2276875e+01   1.3506188e+01
   5.0263895e+01   3.6274918e+01
  -5.0334469e+01  -2.3199221e+01
   1.3688357e+00   4.0867174e+01
  -3.5376394e+00   7.3955859e+01
  -2.1635316e+01   7.4553889e+01
   9.8543664e+00   1.2078122e+01
   8.5498661e+01  -1.6469787e+01
   3.7828081e+01   7.5732207e+01
   5.8579062e+01  -2.2920504e+01
  -2.3116902e+01   2.6714252e+01
   4.2904266e+01   4.3039590e+01
   5.1845089e+01   5.8057816e+01
   5.3404019e+01  -4.7622002e+01
   3.5422026e+01  -8.6658308e+01
  -2.0616988e+01  -7.9432806e+01
  -4.4824338e+01   1.2080979e+01
  -8.2185578e+01   2.2871866e+01
  -6.8983203e+01   3.5381972e+01
  -6.4174508e+01  -2.4230393e+01
  -1.8619442e+01  -9.3829488e+01
  -4.9322088e+01   3.2032633e+01
   3.6527621e+01  -5.6799126e+01
   5.2905237e+00  -7.0908508e+01
  -5.3357787e+01   6.8683053e+00
  -3.1791783e+01  -5.2865587e+01
   1.5092509e+01  -4.9161717e+01
  -2.1741891e+01  -3.7948113e+01
   3.3014794e+01   1.0095424e+01
   1.9838232e+01   1.2409249e+01
   4.5358691e+01   9.7607744e+00
   6.0027693e+01   3.4143551e+01
  -2.2354638e+01   6.4579837e+01
  -5.9700993e+01  -5.0937952e+01
   2.5619848e+01   7.5982115e+01
   6.2565035e+01  -8.4670171e-03
   8.0242803e+01  -7.6265351e+00
  -2.3985207e+01   5.4713957e+01
   7.0220761e+01  -2.8278451e+01
  -3.3600651e+01   5.1967907e+01
   7.0286757e+01   7.5200492e+00
  -4.1434152e+01  -2.7753178e+01
   1.5739613e+01   3.3959983e+01
   1.1472736e+01   5.2842116e+01
  -1.8463974e+01  -1.0029250e+01
   6.0118859e+00   3.1662015e+01
  -1.0138417e+01  -5.0336361e+00
   4.0848807e+01  -1.9467508e+01
   5.1189161e+01  -1.6185206e+01
   5.2586659e+01  -3.7656417e+01
   4.2824464e+01  -3.9803840e+01
   3.4690155e+01  -7.6685592e+01
  -4.2803577e+01  -8.5413582e+01
  -2.7705388e+01  -7.2384746e+01
  -2.7539844e+01   4.4013963e+01
   1.9584530e+01  -2.3701878e+01
  -6.0092659e+01   1.4254339e+01
  -6.1186195e+01   4.2903805e+01
   1.0946215e+01  -2.8615382e+01
  -6.9829757e+01   1.6527019e+01
  -7.8885775e+01   3.4016516e+01
  -9.2233284e+01  -2.3483353e+01
  -1.9972962e+01  -1.4987057e-01
  -6.2509409e+01   2.8379698e+00
   1.3045917e+00  -8.0079743e+01
  -7.8381578e+01  -1.1213455e+01
  -4.2952654e+01   2.1904025e+01
   4.4982091e+01  -6.2138038e+01
  -1.0589392e+00  -3.1458389e+01
   5.2851753e+00  -2.0739282e+01
   8.0452645e+01   2.3712623e+00
   1.5202038e+01  -7.2233335e+01
  -2.0312089e+01  -5.7813155e+01
  -1.7033129e+01  -1.9845590e+01
  -5.8834987e+01  -6.0900322e+01
   1.7320673e+01   2.2081455e+01
  -8.1561767e+00  -7.6840318e+01
  -1.2457979e+01   7.8525758e+01
  -1.3607205e+01  -3.2848300e+01
   3.2889647e+01  -2.3886514e+00
   1.3630597e+01  -1.5723588e+01
   7.0736517e+00  -8.1373822e+00
  -3.9856086e+01   6.8940070e+01
   2.7685930e+01   1.8553942e+01
  -1.3177941e+01   6.8552142e+01
   7.0118271e+01   4.9278333e+01
   6.3254100e+01   2.4679496e+01
  -7.5661308e+01  -3.8113456e+01
  -6.6575925e+01  -3.3936770e+01
   1.5158511e+01   3.6174085e+00
   3.9399419e+01   1.7790770e+01
  -2.0180914e+01   3.7058822e+01
   3.5102185e+01   6.6111042e+01
   2.0541174e+01   5.7053242e+01
   1.4986475e+01   6.5762810e+01
   5.1818182e+01  -3.6073199e+00
  -8.2671984e+00   4.9608150e+01
   9.1059009e+01  -8.1609825e+00
   8.2790447e+01  -2.8083454e+01
  -5.3929368e+01   5.1540911e+01
   6.0143159e+01  -9.7106298e+00
  -5.0546590e+01   6.0987650e+01
  -5.3542664e+01  -3.2670339e+01
  -3.9999168e+01  -1.7858010e+01
  -3.3276395e+01  -3.3534120e+01
   1.1168598e+01   4.2849784e+01
   2.4459720e+01   2.9078480e+01
   6.0982914e+01   5.3996462e+01
   3.4161244e+01   4.7892228e+01
  -1.2965952e-01   1.2092544e+01
   5.4683673e+01   6.1464982e+00
  -2.6392788e+00   2.2494536e+01
  -3.8947836e+01  -5.9838599e+01
   3.9338524e+01  -2.9351759e+01
   3.3715265e+01  -4.7204141e+01
   2.4863759e+01  -5.1856851e+01
   7.2373355e+01  -3.8043449e+01
   3.6131297e+01  -6.6790900e+01
   4.8714201e+01  -2.5874018e+01
   6.1192873e+01  -3.2571922e+01
   4.4712407e+01  -7.7039509e+01
   5.3897137e+01  -5.7609241e+01
  -5.0473567e+01  -7.8997428e+01
  -2.7687034e+01  -8.6504695e+01
   2.4397953e+01  -3.2440816e+01
  -6.7926175e+01   5.0289007e+01
  -3.0168012e+01  -4.3033817e+01
  -7.2724432e+01   2.6108377e+01
  -8.8347610e+01   3.0786024e+01
  -5.2947443e+01   2.2713450e+01
  -7.9293504e+01   1.3298731e+01
  -7.5081828e+01   4.3304652e+01
  -2.7022303e+01  -1.4954296e+01
  -8.2791916e+01  -2.0188216e+01
  -3.8873948e+01   4.0442684e+00
  -7.0227694e+00  -5.0627483e+01
  -6.0878389e+01  -7.0273427e+00
  -4.7409987e+01  -1.1648279e+00
  -5.7788906e+01  -1.6536623e+01
  -2.8880166e+01   4.3898460e+00
  -2.0494531e+00  -9.6800538e+00
  -7.1729385e+01   6.7091864e+00
   5.2738446e+01   1.6507978e+01
   7.8807779e+01   1.2751705e+01
  -3.5999217e+00  -8.9560991e+01
   6.7919086e+00  -3.7590327e+01
   9.2570831e+00  -5.7278241e+01
  -3.9553738e+00   3.2405355e+01
  -3.0274425e+01  -5.5045595e+00
  -8.0814413e+01  -1.5139243e+00
  -2.6607242e+00  -4.1302984e+01
  -1.0549475e+01  -5.9967788e+01
   8.8398127e+01   9.9353910e+00
  -9.1980968e+00   8.7979252e+01
   8.3892839e+01   2.2920372e+01
   2.4876983e+01  -7.4762006e+01
  -4.1710800e+00  -6.7672150e+01
  -5.1727892e+01  -6.9076567e+01
  -2.9145342e+01  -6.2496286e+01
  -8.7791778e+00  -2.5258946e+01
   2.3870968e+01  -1.2837812e+01
   1.7742379e+01  -6.2562689e+01
  -6.2990605e+01   2.3821780e+01
  -3.7405718e+01  -6.9717004e+01
  -4.8938423e+01  -5.9473693e+01
   2.5144771e+01   3.9310267e+00
   4.2556745e+01   1.6286518e-01
  -3.1634898e+01   7.4632731e+01
  -1.2816904e+01  -8.5686229e+01
  -2.6608811e+01   8.3277751e+01
   5.3361456e+01  -6.7594850e+01
   5.2077250e+01   4.7013691e+01
  -6.8398066e+01  -4.5386091e+01
   6.1615754e+01   4.4016008e+01
   3.5731159e+01   3.6084015e+01
  -5.9440171e+01  -4.0941529e+01
   5.3453797e+01   2.6609902e+01
   4.9291325e+00   6.0401351e+01
  -1.6016241e+01  -7.0196988e+01
   4.5816457e+01   6.9308926e+01
   1.6220337e+01   8.2299041e+01
  -7.4128516e+01  -2.5182262e+01
  -8.2431964e+01  -3.0754404e+01
  -1.0590966e+01   3.9883582e+01
  -3.2716264e+01   2.3930278e+01
  -1.7884379e+01   4.6790967e+01
  -1.3542299e+01   2.9580949e+01
  -1.3976890e+01   5.7817067e+01
  -4.0731109e+01   5.8979006e+01
   9.2956615e+01  -2.3130350e+01
   9.3724150e+01   1.4751107e+00
   7.6273233e+01  -2.0321489e+01
   6.6776049e+01  -1.7193707e+01
   7.0244605e+01  -7.8146982e+00
  -4.4125595e+01   4.9573759e+01
   1.6534677e+00   5.0862227e+01
   1.0028050e+01   7.4446934e+01
   5.9476859e+01   6.4518719e+01
  -2.9779549e+01   3.4268209e+01
   2.5001158e+01   6.6001959e+01
   2.6149475e+01   3.8933150e+01
   4.3201839e+01   5.3031311e+01
  -4.6655805e+00   3.1755344e+00
   5.2506824e+00   2.5746781e+00
   7.3294910e+00   2.1750545e+01
  -3.9353561e+01   3.1396484e+01
   7.2215209e+01   2.0261721e+01
  -3.7771736e+00  -1.8275523e+01
