   3.2232901e+01   6.3403765e+01
   6.2460600e+01  -4.3041488e+01
  -1.0729585e+01  -4.5751059e+01
   1.2266766e+00  -6.1241036e+01
  -3.8792462e+01   1.5232237e+01
   2.1344862e+01   4.6794193e+01
  -7.9299749e+01  -5.5361738e+01
   4.0910505e+01   2.5094913e+01
   4.5405517e+00   8.7108385e+01
  -3.7508539e+01  -7.7656937e+01
   2.5454730e+01  -4.3957981e+01
  -5.9897285e+01   3.0985933e+01
  -7.2876000e+01  -9.7036403e-01
   6.1235736e+00  -4.9001402e+01
   1.7619319e+01  -8.9613514e+01
  -2.0377460e+01  -4.8018053e+01
   3.2873313e+01  -1.3271245e+01
  -5.9513870e+00   6.4532992e+01
   1.4709666e+01  -5.3740909e+00
   3.4331976e+01  -3.9361818e+01
   4.3009802e+01  -5.0370707e+01
   2.9113661e+01  -6.1359308e+01
  -5.3601459e+01  -4.8636029e+00
   8.1136939e+00  -8.4573499e+01
   7.2145649e+01   9.3467801e+00
  -5.3334163e+01  -2.1660833e+01
   2.2190947e+00   4.5920379e+01
  -2.1346082e+01   7.5623122e+01
   1.4193265e+01   6.2089376e+00
   8.5805620e+01  -2.0132375e+01
   4.7138620e+01   8.2946542e+01
  -2.3398774e+01   2.6428218e+01
   4.1615745e+01   5.0016543e+01
   5.1390439e+01   6.2087726e+01
   5.2365983e+01  -4.6845908e+01
   3.6425611e+01  -8.8178525e+01
  -8.9228571e+01   2.3887527e+01
  -6.9796817e+01   3.9487377e+01
  -6.7871981e+01  -2.0076965e+01
  -1.5328556e+01  -9.7828076e+01
   4.0307316e+00  -7.2823691e+01
  -4.8752013e+01   1.4389958e+01
  -2.9380788e+01  -5.7551932e+01
   1.5779025e+01  -4.6602180e+01
   3.0899842e+01   1.7143663e+01
   5.2791251e+01   3.7333314e+01
  -5.9082998e+01  -5.4301213e+01
   2.3742019e+01   8.3199258e+01
  -2.3732828e+01   5.6964509e+01
   6.9624798e+01  -3.3121226e+01
  -3.4953764e+01   5.0200986e+01
  -4.2784664e+01  -2.1586362e+01
   1.3437613e+01   5.3393822e+01
  -1.8540319e+01  -9.9686223e+00
   7.0724982e+00   3.4733107e+01
  -8.6101136e+00  -9.2694929e+00
   4.0037702e+01  -2.0224399e+01
   5.4445308e+01  -3.7066714e+01
   3.8840140e+01  -7.8483592e+01
  -4.7710662e+01  -9.4264566e+01
  -2.3530736e+01  -7.6150850e+01
  -2.6765162e+01   4.4493765e+01
  -5.8723453e+01   1.3727936e+01
  -5.9906924e+01   4.0961971e+01
  -7.2500841e+01   1.6300777e+01
  -7.9867395e+01   3.3630675e+01
  -2.4159120e+01  -3.3336865e-01
  -6.7697108e+01   7.5618928e+00
  -8.1411644e+01  -9.7075620e+00
  -4.4477190e+01   2.3413818e+01
   4.7033716e+01  -6.5306695e+01
   6.9386924e+00  -1.6930192e+01
   7.6158455e+01   1.9624459e-01
   1.3911861e+01  -7.1375309e+01
  -1.8899803e+01  -5.7888462e+01
  -1.2944828e+01  -1.8252591e+01
  -7.0486662e+01  -7.0719954e+01
  -8.9027585e+00  -7.8924053e+01
  -1.3998501e+01   8.2384281e+01
   3.2586860e+01  -3.1386681e+00
  -3.6575647e+01   7.5211483e+01
  -1.1808453e+01   7.2628202e+01
   7.7051152e+01   4.9857518e+01
   5.8887073e+01   2.1175908e+01
  -2.0330496e+01   3.6006522e+01
   2.2826093e+01   5.6858410e+01
   1.3667332e+01   6.3385740e+01
   4.8360704e+01  -2.4159173e+00
  -7.0442255e+00   4.9915644e+01
   9.0808552e+01  -1.1219862e+01
   8.7683262e+01  -2.9952144e+01
  -5.0734578e+01   4.4931818e+01
   6.1306441e+01  -7.6199216e+00
  -5.0558467e+01   6.8971791e+01
  -4.8765399e+01  -3.0503037e+01
  -2.7038808e+01  -2.8976566e+01
   1.8967448e+01   3.0201516e+01
   6.1376855e+01   6.1889075e+01
   3.3688125e+01   4.3516128e+01
   7.6117353e-01   8.2234005e+00
   5.7487331e+01   1.6079920e+00
  -5.5081008e-01   1.8006980e+01
   3.6747610e+01  -2.9660103e+01
   3.2990372e+01  -5.0528962e+01
   2.2851953e+01  -5.3609519e+01
   7.2478136e+01  -4.2696230e+01
   3.5361534e+01  -6.9130490e+01
   4.6676656e+01  -3.0778569e+01
   6.0038454e+01  -2.8778262e+01
   4.6259566e+01  -8.5176404e+01
   5.2362192e+01  -5.6844870e+01
  -5.4569327e+01  -8.6987292e+01
  -2.2312634e+01  -9.0649097e+01
   1.8304146e+01  -3.6976316e+01
  -7.3933968e+01   4.8582873e+01
  -3.0278231e+01  -4.7631021e+01
  -7.0770492e+01   2.9550394e+01
  -8.9850282e+01   3.3863149e+01
  -5.4369492e+01   2.2688555e+01
  -8.4441386e+01   1.5119338e+01
  -8.4473048e+01   4.2489600e+01
  -2.2751303e+01  -1.9984509e+01
  -9.1244658e+01  -7.9505043e+00
  -3.8589676e+01   5.2772812e+00
  -3.2661330e+00  -5.2327141e+01
  -6.3602188e+01  -4.7463580e+00
  -4.3615136e+01  -4.2815820e+00
  -5.9591500e+01  -1.3887474e+01
  -2.9081616e+01   8.3596090e+00
   1.4326280e+00  -8.5907566e+00
  -7.7688061e+01   7.7685680e+00
   4.0318267e+01   1.3797347e+01
  -2.6854062e+00  -8.6755497e+01
   8.4653186e+00  -3.8745438e+01
   1.0644097e+01  -5.7896029e+01
  -2.5896703e+00   3.7250839e+01
  -2.8323544e+01  -1.1754958e+01
  -8.3915608e+01  -4.2016201e-02
  -1.3488372e+00  -4.2412454e+01
  -9.2190513e+00  -6.0335534e+01
   8.4066208e+01   8.8552991e+00
  -1.2122308e+01   9.4974782e+01
   9.2063078e+01   3.8301310e+01
   2.4930246e+01  -7.1168715e+01
  -5.4047817e+00  -6.9562089e+01
  -6.4264278e+01  -8.4529140e+01
  -2.4428178e+01  -6.6207569e+01
  -7.2569469e+00  -2.6450943e+01
   2.5502804e+01  -1.9925343e+01
   1.9256913e+01  -6.2938190e+01
  -6.4303840e+01   2.1985010e+01
  -3.4221911e+01  -6.8191939e+01
  -4.0372103e+01  -6.0309568e+01
   2.2901323e+01   1.3720092e+00
   4.0230146e+01   3.3599294e+00
  -3.7404651e+01   8.5171558e+01
  -1.2616781e+01  -8.8204597e+01
  -2.7559565e+01   8.3444073e+01
   6.0579057e+01  -6.2543693e+01
  -7.5522705e+01  -4.3044953e+01
   6.1401967e+01   5.1890606e+01
  -5.7406969e+01  -3.6638898e+01
   5.0727317e+01   2.7421107e+01
   3.9592950e+00   6.5723468e+01
  -1.5359584e+01  -7.0388613e+01
   4.6608437e+01   7.0867042e+01
   1.3746264e+01   8.3218935e+01
  -7.3649360e+01  -2.8236531e+01
  -8.3758690e+01  -3.7070078e+01
  -1.1753809e+01   4.1075889e+01
  -3.5037108e+01   2.6477159e+01
  -1.7845075e+01   4.8929856e+01
  -1.3351306e+01   2.8897717e+01
  -1.3319262e+01   5.7808198e+01
  -3.3219373e+01   6.0012148e+01
   9.7678361e+01  -2.9641285e+01
   7.6279655e+01  -1.7118554e+01
   6.8371724e+01  -2.3217447e+01
   7.1234484e+01  -8.4984787e+00
   3.7175172e+00   5.5751607e+01
   1.1528057e+01   7.3469144e+01
   6.5308372e+01   7.1080131e+01
  -3.0242053e+01   3.5162523e+01
   2.2944149e+01   6.7073158e+01
   2.5544791e+01   3.7721097e+01
   4.1622827e+01   6.0006101e+01
  -4.2292190e+00  -3.5568144e-01
   6.3657988e+00   3.8449324e-02
   7.4765738e+00   2.4743562e+01
  -4.5028359e+01   3.3375784e+01
   7.8073082e+01   1.7391695e+01
  -2.9935948e+00  -1.7496259e+01
   8.5397845e+01   2.4189462e+01
  -4.4037021e+01  -7.0082862e+01
  -6.4896358e+01  -6.2431772e+01
  -9.3670978e+01  -4.2402788e+01
   8.1036678e+01  -3.7422642e+01
   6.3510579e+01  -5.2984547e+01
   2.9227201e+01  -8.1237542e+01
   2.7095900e+01  -3.2234237e+01
   4.4268392e+01  -4.0466105e+01
   5.5710628e+01  -8.1915728e+01
   3.5324896e+01  -9.8113196e+01
  -4.0697139e+01  -8.7136417e+01
  -5.0559713e+01  -7.7826342e+01
  -2.9753009e+01  -8.3967919e+01
  -3.2736923e+01  -9.3507734e+01
  -5.3886761e+01  -6.8372790e+01
  -6.4045690e+01   5.0041125e+01
   1.8555207e+01  -2.7027327e+01
  -3.8431226e+01   4.0858197e+01
  -9.9767617e+01   3.5084284e+01
  -8.7663108e+01  -1.7500463e+01
  -2.1338114e+01  -3.7675988e+01
  -9.7033833e+01  -2.0965734e+01
  -8.3172714e+01   5.2398783e+01
   8.5991560e+00  -2.6772258e+01
  -5.8475088e+01   3.7973670e+00
  -6.1365792e+01  -2.7555201e+01
   3.8917006e+01  -5.9478875e+01
  -5.4414713e+00   8.7537187e+01
  -3.3672898e+01  -3.3724029e+00
  -3.3091269e+00  -9.6735784e+01
  -9.0685341e+01   7.3096346e+00
   6.4571428e+00  -9.4435336e+01
  -1.0616423e+01  -3.5806565e+01
   1.6895757e+01   2.0434994e+01
  -2.9321926e+01   1.8342214e+01
   9.6394863e+01   7.4930028e+00
  -7.1504971e+01  -1.0833301e+01
  -8.0452785e+01  -6.9911022e+01
   9.4381057e+01   2.8574137e+01
  -7.9236593e+01   2.3660333e+01
  -5.0287506e+01  -5.9044838e+01
   9.1390770e+01   1.6150893e+01
   8.7601611e+01  -4.9889391e-01
  -1.9218488e+01   6.5869287e+01
   1.9339093e+01  -7.9765432e+01
   4.2333120e+01  -1.0344778e+01
   4.9967067e+01  -2.1358080e+01
   5.2188221e+01  -1.1629954e+01
   1.6731627e+01  -1.5161865e+01
   5.7681618e+01  -7.2113227e+01
  -1.7079878e+01  -2.8194211e+01
  -3.1719539e+01  -3.7774192e+01
   5.5171517e-01  -3.2639072e+01
  -2.8780401e+01   6.8954222e+01
  -2.1439478e+01   9.1348315e+01
  -4.6191019e+01   7.7954826e+01
   2.9224146e+01   7.4842086e+01
   2.4157730e+01  -8.5104989e+00
  -6.1422833e+01  -7.4942451e+01
  -8.4797502e+01  -4.7012275e+01
   2.2303617e+01   1.2038257e+01
   4.3213762e+01   4.0158389e+01
   5.1403625e+01   5.2064475e+01
   6.1682784e+01   4.1897758e+01
   3.5671062e+01   3.3614346e+01
   7.0129355e+01   5.7068095e+01
   2.8367196e+01   2.6801927e+01
  -6.7979586e+01  -3.6473408e+01
   3.8920065e+01   7.7255785e+01
   6.0540252e+01   3.1030338e+01
   3.2209352e+01   5.3404644e+01
   1.8873755e+01   9.1932333e+01
   1.8396065e+00   7.5954029e+01
  -5.4661421e+01   5.4131983e+01
  -9.2995293e+01  -3.2425785e+01
  -6.9878902e+01  -5.2039562e+01
  -7.7790646e+01  -1.9021833e+01
   4.9322826e+01   7.5144394e+00
  -6.2784238e+01  -4.5023545e+01
  -8.3705349e+01  -2.7075343e+01
  -4.8156148e+01  -1.3174599e+01
  -3.8777684e+01  -3.0724942e+01
  -4.8525473e+01   4.4081102e+00
   9.5940509e+01  -1.9796153e+01
   6.2209113e+01   1.0404909e+01
  -4.4869152e+01   5.6159660e+01
   7.7689874e+01  -2.7017515e+01
   5.9952622e+01  -1.7872302e+01
   8.1218660e+01  -8.4251104e+00
  -4.0980213e+01   6.6245856e+01
   5.5917707e+01   7.4516791e+01
   1.1906818e+01   4.3511989e+01
   3.1018057e+01   7.1624990e+00
  -1.4194448e+01  -9.7414593e-01
  -3.8219707e+01  -1.2696034e+01
   4.9603183e+01   1.7492532e+01
  -3.5068694e+00   2.7410281e+01
   8.8049387e+00   1.4589980e+01
   6.8877456e+01   2.1308544e+01
