   3.7101399e+01   1.1600207e+01
   2.3601177e+01  -1.3309589e+01
  -2.5817209e+01  -1.7957939e+01
   4.0682326e+00   2.7284818e+01
   3.7331157e+00  -2.9679791e+01
  -2.1792827e+00   6.2160913e+00
  -6.5575614e+00  -2.8154799e+00
   3.9145295e+00  -1.9681653e+01
  -1.3242946e+01  -1.8678939e+01
   2.3513090e+01  -3.3100415e+00
   3.5821544e+00  -1.9550539e+00
   2.0520475e+01   3.4075241e+01
   1.4925940e+01  -1.8283314e+01
  -1.9085342e+01  -1.0563244e+01
  -4.9625162e+00  -2.4285397e+01
  -3.5564174e+01   4.1317201e+00
   2.1402462e+01   1.8351913e+01
   1.3579784e+01  -2.1586417e+00
   1.6834272e-01   1.8076624e+01
   1.0715941e+01   1.7030863e+01
  -6.0005157e+00   2.6000387e+01
   1.3622635e+01  -2.8197714e+01
   2.3319783e+01  -2.3717929e+01
  -2.4296478e+00  -1.1923733e+01
  -6.6659633e+00  -3.4139162e+01
   2.1786311e+00  -3.9558111e+01
   8.3729196e+00  -1.0731007e+01
  -1.5270500e+01  -2.8471221e+01
  -2.5651039e+01   2.8165162e+00
  -2.8521102e+01  -7.2517836e+00
  -1.6379417e+01  -9.3639416e-01
   2.7217884e+01   1.0080084e+01
   1.7723448e+01   6.9423776e+00
   7.7388991e+00   7.4844915e+00
  -1.9450325e+00   3.5274851e+01
   3.2298314e+01   1.4667722e+00
  -1.2864231e+01   3.3272898e+01
   1.4034488e+01   2.6464024e+01
