   3.0253779e+01  -3.3457695e+01
   4.0473030e+01  -4.9259305e+01
   5.5098191e+01   7.5769015e+01
   4.6351367e+01   5.1779135e+01
  -2.8810731e+01   5.3395151e+01
  -8.1383479e+01   3.7036273e+01
   1.4342942e+01  -2.1215065e+01
  -1.6910005e+01   6.9837820e+01
   6.6047527e+01  -1.3626532e+01
  -5.5368144e+01  -5.1188625e+00
   8.8730544e+01   4.1425882e+01
  -6.5600887e+01  -7.9594626e+01
  -3.2158587e+01  -5.5075612e+01
  -9.7605879e+01  -4.1029971e+01
  -2.8483483e+01   2.0587702e+01
  -2.1333085e+01   2.7597496e+01
  -3.9173516e+01   3.2325742e+01
  -6.8483910e+01  -6.7471870e+01
  -4.5858145e+01  -8.3165292e+01
  -5.2237011e+01   3.7281910e+01
  -7.0853373e-02  -2.8115322e+01
  -8.3872420e+01  -7.6113772e+01
  -6.8033046e+01  -3.8617662e+01
   9.2933864e+01   1.7550676e+01
  -1.2409804e+01   6.0895255e+01
   4.0683721e+01   3.4965699e+01
   4.2932277e+01   7.0909001e+01
  -7.1765609e+01  -2.8170807e+01
   5.8938298e+01  -2.0701339e+01
  -4.9174104e+01  -6.1772412e+01
   1.3011922e+00  -6.2590410e+00
  -7.9376683e+01  -6.7171260e+01
   7.2502480e+01   2.0209382e+01
  -7.2466541e+01  -8.8936088e+01
   5.1560134e+01   9.7935733e+01
   3.7003531e+01   8.4432867e+01
  -7.0632446e+00   3.8256863e+01
  -2.3360439e+01   4.4221101e+01
  -3.8387310e+01   1.9204149e+01
  -4.2848398e+01   6.3872026e+01
  -3.8729517e+01   5.2123270e+01
   5.8118814e+01   4.0684887e+01
  -7.0208803e+01   3.2398815e+01
   4.5622543e+01  -5.7831500e+01
  -6.4892484e+01  -2.0910249e+01
  -8.5324497e+01  -2.3553848e+01
  -3.2858338e+01   6.4317463e+01
   6.0239969e+01  -3.9591428e+00
   5.4184923e+01  -1.1906298e+01
   1.8566031e+01  -3.0591258e+01
  -8.0797492e+01  -3.2457358e+01
   3.5341224e+01   5.3118183e+01
  -1.2787729e+01  -5.5293777e+01
   4.4678810e+01  -3.1895937e+01
  -3.7900209e+01  -7.7109852e+01
  -7.2806621e+01  -5.0669893e+01
  -5.6223514e+01  -8.3065799e+01
  -6.4199978e-01   8.1046205e+01
  -8.2005404e+01  -8.5936056e+01
   1.0047726e+01  -1.1115565e+01
  -9.9393411e+01  -6.3143138e+01
   3.7268022e+00  -1.8864495e+01
   8.4421379e+01   5.0441547e+01
  -5.6344820e+01  -5.4807064e+01
   7.5113804e+01   9.2684673e+00
   8.5939587e+01   2.4774219e+01
   6.1019979e+01   9.4695429e+01
   4.5127426e+01   9.0283125e+01
   3.1512182e+01   7.6076349e+01
  -9.3475740e+01  -5.0134815e+01
  -9.1575350e+01  -3.3045486e+01
  -9.3306933e+01  -1.4292298e+01
   8.3702224e+01  -1.2517115e+01
   3.6014148e+01   9.4394524e+01
  -2.9266387e+01   3.3685400e+01
  -3.3298091e+01   4.3106218e+01
  -1.1054774e+01   2.8471876e+01
  -1.6920130e+01   3.6571110e+01
  -3.2144165e+01   1.1281822e+01
  -4.6324614e+01   2.5335627e+01
  -6.3034773e+01  -9.2258201e+01
  -5.0019846e+01   4.8776562e+01
  -5.1395759e+01   5.8681434e+01
   5.0783776e+01   3.2306987e+01
  -4.3167207e+01   4.1493635e+01
   5.6603326e+01   5.1226052e+01
  -9.0561234e+01   4.1007270e+01
  -7.8889539e+01   2.7352252e+01
   3.0542848e+01  -4.6216553e+01
   5.3632855e+01  -5.1704592e+01
  -4.7102884e+01  -1.2649980e+01
  -5.6818984e+01  -1.5012534e+01
  -7.5940935e+01  -1.8820236e+01
   6.7211955e+01   3.1845348e+00
  -2.7918384e+01   7.3012105e+01
  -2.3128961e+01   6.2006824e+01
   7.2145090e+01  -5.7006419e+00
   5.0565356e+01  -1.4393689e+00
   6.0234173e+01  -3.0615656e+01
  -1.4128800e-01  -3.8115074e+01
   8.8487879e+00  -3.2952443e+01
  -8.7468332e+01  -4.2152233e+01
  -7.7484972e+01  -4.1869492e+01
  -2.2501484e+01  -5.7666604e+01
   4.2360738e+01   6.0934561e+01
  -2.9444317e+01  -4.5452984e+01
  -3.1950022e+01  -6.9073085e+01
   4.8201288e+01   4.1962037e+01
  -3.9190359e+01  -6.2180037e+01
  -8.0349357e+01  -5.7221094e+01
   3.8207122e+01  -3.9519405e+01
   4.8000553e+01  -4.1570168e+01
  -5.2808774e+01  -9.2461165e+01
  -1.9037597e+01   8.0200987e+01
  -9.6011457e+01  -7.8268039e+01
  -9.6606063e+00   7.6725938e+01
  -8.2548906e+01  -9.5920364e+01
  -9.1317855e+01  -6.9442305e+01
   1.0114897e+01  -1.1157908e+00
   1.9952727e+01  -9.7404516e+00
  -9.0071766e+01  -5.9528418e+01
   9.5641691e+01   4.8650730e+01
  -9.7705165e+00  -9.8640995e+01
   7.4429625e+01   5.0069529e+01
  -6.2638521e+01  -4.7036709e+01
  -5.8706773e+01  -6.4768055e+01
  -5.3686687e+01  -7.3400073e+01
  -6.5869905e+01  -5.7825227e+01
   8.6698894e+01   6.1570504e+00
   9.6426659e+01   8.1246063e+00
  -7.0663790e+01  -9.8795971e+01
   8.3019760e+01   1.5325493e+01
   9.4049218e+01  -4.5101172e+00
   9.2551036e+01   3.2201859e+01
   4.6209690e+01   8.0348155e+01
   5.6437932e+01   8.5782780e+01
   3.3985642e+01   6.6388950e+01
   2.4351183e+01   6.9059149e+01
  -9.5776288e+01  -2.3978999e+01
   8.2428125e+01  -2.7152873e+00
   9.2513251e+01  -1.7134362e+01
