   3.9639680e+01  -3.3683087e+01
   5.3401035e+01   8.2962320e+01
  -7.7494592e+01   4.2619549e+01
   6.6022001e+01  -6.6973710e+00
  -5.1393683e+01  -7.3318790e+00
  -3.0810256e+01  -6.0340972e+01
  -3.9440245e+01   1.9413748e+01
  -1.9500095e+01   3.6611339e+01
  -7.1798967e+01  -7.7459406e+01
  -4.8518066e+01  -7.9497158e+01
  -5.2923794e+01   3.9815407e+01
  -3.8785785e+00  -2.6310549e+01
  -8.4922335e+01  -8.1981963e+01
  -7.1954466e+01  -2.9572993e+01
  -9.1294320e+00   5.2950433e+01
   3.7280699e+01   2.6603125e+01
  -5.0028024e+01  -6.3036705e+01
  -5.8915193e+00   3.8001619e-01
   6.6081653e+01   1.1431466e+01
  -5.8334972e-01   4.7765421e+01
  -2.8599507e+01   4.0720852e+01
  -5.0817784e+01   1.0608460e+01
  -4.1463254e+01   6.3318818e+01
   6.7844708e+01   4.8180813e+01
  -6.4888440e+01   3.2512040e+01
   5.5152899e+01  -5.9692839e+01
  -5.9870590e+01  -2.5305763e+01
  -3.1109316e+01   6.4000069e+01
   5.1438410e+01  -1.5383043e+01
   2.5084656e+01  -1.9986604e+01
   2.5606361e+01   5.9630437e+01
  -1.0848756e+01  -5.3058937e+01
  -3.8552547e+01  -7.8688407e+01
   7.6491268e+00   8.3141968e+01
  -8.8687341e+01  -9.1244194e+01
   9.0184233e+00  -1.2441434e+01
   9.5006044e+01   6.0893115e+01
  -5.6888261e+01  -5.3989863e+01
   8.8966349e+01   2.8278481e+01
   6.7418048e+01   9.4615075e+01
   3.2853725e+01   7.7379825e+01
  -9.2429342e+01  -3.5423058e+01
  -9.9428373e+01  -6.3073869e+00
   8.4319207e+01  -1.2977269e+01
   6.4293284e+00   2.8426791e+01
  -3.4745764e+01  -7.6040111e-01
  -5.2976682e+01   2.0349803e+01
  -4.6880412e+01   4.8721400e+01
  -5.0711129e+01   5.7956439e+01
   4.4619803e+01   3.3142087e+01
  -4.3320613e+01   3.7021452e+01
   5.2071732e+01   5.0710784e+01
  -8.3438223e+01   1.5726887e+01
   3.4068209e+01  -4.7582569e+01
   5.4362863e+01  -4.9724611e+01
  -4.4149170e+01  -1.7362130e+01
  -5.4895733e+01  -1.6667861e+01
  -7.7164437e+01  -1.7483869e+01
   6.1396468e+01   2.1687522e+00
  -2.4079910e+01   7.1122521e+01
   3.7044932e+01  -1.9959441e+00
   6.4814338e+01  -3.6091602e+01
  -3.1285968e+00  -4.6707523e+01
   4.3864797e+00  -3.4032983e+01
  -8.1924946e+01  -3.8309529e+01
   3.8969955e+01   6.2511347e+01
  -3.4119077e+01  -3.3585982e+01
  -3.1712451e+01  -7.0299714e+01
   5.5524921e+01  -3.9793259e+01
  -5.1511437e+01  -9.9467472e+01
  -2.5674876e+01   9.1559214e+01
  -4.6674956e+00   6.9755705e+01
  -9.8012369e+01  -6.6883411e+01
   1.1777066e+01   6.2305735e+00
   2.9744582e+01  -1.1140710e+01
  -8.7286989e+01  -6.3817425e+01
   6.9442640e+01   6.8040562e+01
  -6.9373126e+01  -5.3793354e+01
   8.8641324e+01   1.4560325e+01
   4.7167630e+01   8.9586721e+01
   5.7458790e+01   9.3547939e+01
   1.8219420e+01   6.6369626e+01
   8.4969598e+01  -3.0390347e+00
   9.6198082e+01  -1.4786805e+01
   2.9571592e+01   9.6307631e+01
  -3.3368283e+00   3.0559249e+01
  -1.8628504e+01   5.6057879e+01
   1.0423542e+01   4.4943894e+01
  -3.3807298e+01   2.7674565e+01
  -2.7173757e+01   5.4319865e+00
  -5.5196489e+01   3.0084299e+01
  -2.9326192e+01   1.8445246e+01
  -4.5598792e+01   2.7286154e+01
  -6.8995958e+01   5.0542457e+01
   3.3376847e+01   3.5800026e+01
  -6.3233723e+01   4.2370924e+01
   5.9233712e+01   2.1293119e+01
  -4.5713462e+01   7.6823117e+01
   4.9145102e+01   4.1673289e+01
   5.8563990e+01   5.7271700e+01
  -6.5076502e+01   2.2514986e+01
  -9.4593443e+01   3.6008079e+01
  -8.3442741e+01   5.3845641e+01
   7.1459807e+01   2.1179155e+00
  -8.1571447e+01   2.5550304e+01
   1.5342638e+01  -5.0383562e+01
  -6.1285390e+01  -6.3457702e+00
  -3.9390573e+01   8.4562175e+01
   6.4480710e+01  -5.0513591e+01
  -1.2926500e+01   6.4221275e+01
   3.5227304e+01  -5.9156192e+01
  -5.5473210e+01   1.7778021e+00
  -6.7262651e+01  -1.8683706e+01
  -4.1496935e+01  -7.8653401e+00
  -8.0392303e+01  -6.8790951e+00
   8.0288502e+01  -2.2217350e+01
  -9.4490841e+01  -2.5639648e+01
   4.0734323e+01  -1.4765681e+01
   5.1173405e+01   3.1474510e+00
   5.2585444e+01  -3.0236232e+01
  -5.3678290e+00  -3.6196988e+01
   5.2414261e+00  -2.2210506e+01
   1.3632338e+01  -3.0249080e+01
  -2.7604141e+00  -6.8482456e+01
  -2.8623986e+01  -7.9837236e+01
   4.8940229e+01   6.1502303e+01
  -9.1462637e+01  -5.4732191e+01
  -2.1117013e+01  -6.2697152e+01
  -1.9002034e+01  -3.5612034e+01
  -4.1926080e+01  -6.9283183e+01
   3.0650864e+01  -3.8132108e+01
  -4.1511963e+01  -9.9570038e+01
   3.8649643e+01   4.4274837e+01
  -8.0934096e+01  -7.2680870e+01
  -2.1646432e+01  -7.2678910e+01
  -1.1054571e+01   8.2142887e+01
  -7.5995623e+01  -8.6464075e+01
   5.0745495e+00   9.2781191e+01
  -6.5988765e+01  -9.6442164e+01
   8.9664750e+01   3.8235882e+01
   8.7165098e+01   6.7529103e+01
   2.7314271e+00  -4.6752072e+00
   1.9752598e+01  -1.1521067e+01
   1.3666340e+01  -3.5881892e+00
   7.6426899e+01   5.3322353e+01
   1.5097544e+01  -2.0368480e+01
  -6.3047819e+01  -6.1635995e+01
  -5.4974194e+01  -3.3913837e+01
   6.6823887e+00  -4.4790307e+01
   7.5710361e+01   1.3665706e+01
   9.7997923e+01   3.2501179e+01
   5.9177696e+01   6.6600670e+01
   4.4525346e+01   7.7839085e+01
   6.8022231e+01   8.5058515e+01
   1.4226790e+01   7.5640447e+01
  -9.7593872e+01  -1.6135768e+01
   9.0268985e+01  -2.2839438e+01
   3.9342995e+01   9.5208768e+01
   2.2101835e+01   8.9878977e+01
  -1.5872252e+00   2.0714982e+01
  -2.6949555e+01   5.0569210e+01
  -1.6432594e+01   4.6123544e+01
  -3.7538286e+01   4.5179583e+01
  -1.3183729e+01   2.8881487e+01
  -8.1955005e+00   4.0024701e+01
  -2.3830071e+01   2.7005516e+01
   2.8773240e+00   3.8386285e+01
  -7.0884144e+01  -6.7621410e+01
  -3.6049085e+01   1.0013864e+01
  -3.1676576e+01  -1.0812989e+01
  -4.3724423e+01   3.5860924e+00
  -6.1061252e+01   1.3357185e+01
  -5.0304387e+01   6.7951123e+01
   2.8127680e+01   4.4295650e+01
  -3.5861110e+01   5.5061834e+01
   3.3322859e+01   1.7498947e+01
  -5.6791326e+01   5.0015529e+01
   4.6889297e+01   1.5339641e+01
  -5.4272343e+01   8.1988712e+01
   5.9634948e+01   3.3650472e+01
  -9.2952952e+01   2.5113233e+01
  -7.4870469e+01   3.2970618e+01
   5.6179786e+01   1.1777649e+01
  -8.7462167e+01   4.4689407e+01
  -9.6799203e+01   4.8269024e+01
   2.5856564e+01  -5.5664884e+01
  -7.3465841e+01   1.4680133e+01
  -7.0762058e+01  -9.3623535e+00
   6.5079403e+01  -6.0901725e+01
  -2.0542948e+00   6.0014171e+01
   3.8074362e+01  -6.8893942e+01
  -4.9533474e+01  -2.5644458e+01
   4.2762220e+01  -5.2523574e+01
  -3.0553820e+01   7.9905798e+01
  -6.5326333e+01   3.8645609e+00
  -8.7293955e+01  -1.4106197e+01
  -8.9811220e+01  -3.6172512e+00
   7.0988838e+01  -1.8541566e+01
   4.6056829e+01  -6.3046030e+00
  -3.6862589e+01   7.2177851e+01
  -8.4608329e+01  -2.4144640e+01
  -9.9252270e+01  -4.3265915e+01
   5.6041156e+01  -6.4254963e+00
  -1.1141596e+01  -6.3047409e+01
  -1.2815250e+01  -2.1824528e+01
   7.1363341e+01  -2.8534546e+01
   2.3595125e+01  -3.1048337e+01
   9.7461426e+01   9.3627101e+00
   4.1845609e+01   6.7514975e+00
  -1.2494025e+01  -4.3201175e+01
  -8.4637059e+01   3.5097752e+01
  -2.1741159e+01  -8.7088455e+01
   6.1436178e+01  -1.5585012e+01
   4.4881270e+01  -2.3863206e+01
   6.1673307e+01  -2.6064810e+01
  -2.0463037e+01  -4.9237703e+01
  -4.0738080e+01  -5.9368316e+01
  -7.2678944e+01  -4.2088520e+01
  -8.9396124e+01  -4.4950726e+01
  -5.7595221e+01  -9.1011972e+01
   4.6083959e+01  -4.3091418e+01
  -9.1308919e+01  -7.4297895e+01
  -2.7419026e+01  -4.1008187e+01
  -3.7749646e+01  -8.9864439e+01
  -3.0986245e+01  -5.0346769e+01
   3.2560680e+01  -2.6623042e+01
   4.5460344e+01  -6.2152644e+01
   4.9941505e+01   2.4806635e+01
   3.2947347e+01   5.2995302e+01
  -7.5987283e+01  -9.6429702e+01
   2.4228870e+01  -4.5797330e+01
  -9.8546242e+01  -9.2915073e+01
  -7.7237685e+01  -5.9961193e+01
  -2.0996958e+01   8.2729456e+01
  -1.4556598e+01   9.2621141e+01
   2.0667088e+01   5.0948189e+01
   4.2764002e+01   5.3353429e+01
   2.3025882e+01   8.0348709e+01
  -1.5234141e+00   7.9231334e+01
  -6.5882721e+01  -8.5466096e+01
   5.0779161e+00   7.1721191e+01
  -4.4047977e+00   8.9602838e+01
   9.3698626e+01   4.7726472e+01
  -1.1671742e+01  -9.6086240e+01
   7.8182333e+01   6.3152713e+01
  -1.4248064e+01  -5.1105057e+00
   5.4398150e-01  -9.4516234e+01
   1.7924904e+00   6.7828335e+00
   6.8097468e+01   5.8247559e+01
  -6.4588274e+01  -3.6277428e+01
   2.7068485e+01  -1.4759168e+00
  -6.2985758e+01  -4.6113242e+01
  -4.7732799e+01  -8.9465037e+01
   9.6475987e+01  -1.7594552e+00
   1.5494449e+01  -4.0069256e+01
   7.5983826e+01  -7.4136155e+00
   8.3871203e+01   4.7004959e+01
   8.2654841e+01   6.6047601e+00
   6.9182043e+01   2.1194094e+01
   8.1615943e+01   2.1596161e+01
   5.8997643e+01   4.3588615e+01
  -5.7358914e+01  -6.9831484e+01
   8.5895931e+01   5.6791220e+01
   4.8771420e+01   9.9123353e+01
   9.7169768e+01   1.9720314e+01
   5.2926027e+01   7.3398521e+01
   3.8339528e+01   8.5365738e+01
   6.1554725e+01   7.8177145e+01
   2.5649013e+01   7.1325301e+01
