   3.0072215e+01   6.6410848e+01
   6.9230734e+01   5.7772131e+01
  -4.6890705e+01   3.7083828e+01
  -7.8057993e+00  -5.9643862e+01
  -1.0193249e+01  -5.0012097e+01
  -8.3416105e+01   1.1783734e+01
   5.2349679e+01  -5.0219126e+01
   7.6485208e+01  -4.9141197e+01
  -5.4531961e+00  -3.3019506e+01
   6.7593871e+01  -1.5271965e+01
   7.0948278e+01   6.9888725e-01
  -9.6031304e+01  -3.3016671e+01
   7.9124073e+01  -2.7917487e+01
   4.1803201e+01   5.0100424e+01
   4.2691354e+01   1.6631436e+01
  -4.8940625e+01  -9.0953626e+01
  -2.5837070e+01   8.3002110e+01
  -4.1379248e+01  -6.8669164e+00
  -1.7759623e+00   7.4688384e+01
  -2.6101702e+01   5.2020453e+01
  -6.1763072e+01   3.6356234e+01
  -4.9134843e+01   6.1319902e+01
   4.7421018e+01  -7.4996748e+01
  -7.5502578e+01  -7.7105452e+01
   1.4132925e+01  -3.0017837e+01
   2.3233644e+01   2.0008515e+01
   2.7698545e+01  -3.2159599e+00
  -3.4872574e+00  -6.4618172e+00
   1.1039842e+01  -1.5165651e+01
   8.5108015e+01   1.2299613e+01
   8.3875912e+01   6.8873754e+01
  -5.0649932e+01  -1.8131577e+01
  -3.0292878e+01  -5.5980564e+01
  -6.8579956e+01  -6.9946118e+01
   8.9023262e+01  -4.6853457e+01
  -1.4704995e+01  -2.9601510e+01
  -5.3800209e+01   3.0695496e+01
  -7.6018035e+01   7.6688833e+01
  -4.6797433e+01   9.8015007e+01
  -8.1974834e+01   9.4182437e+01
  -2.7384798e+01   3.3960268e+01
  -5.4108412e+01   2.0954385e+01
  -2.9715987e+01   1.2262728e+01
   8.1302950e+01  -6.5079709e+01
  -7.8479452e+01   3.6982041e+01
   2.0249298e+01  -7.6550177e+01
   3.9483705e+01  -2.0503913e+01
  -5.8199929e+01  -3.0649963e+01
  -9.0303769e+01  -2.0499755e+01
   1.0562739e+01  -5.8423508e+01
   5.1664154e+01   3.1450133e+01
  -8.5229484e+01  -6.7499562e+01
   4.1160944e+01   3.4860749e+01
   6.0860230e+01   8.6465157e+01
  -1.1550550e+01  -2.0353969e+01
   9.1371028e+01   6.2289463e+01
  -3.0115738e+01  -2.4882136e+01
   9.4019523e+01   1.6406677e+01
  -3.6681345e+01  -6.7956711e+01
  -3.9094291e+01  -9.1574959e+01
   2.9767421e+01  -2.1852741e+01
   1.6398258e+01   5.5808061e+01
   8.5446772e+00   8.2286754e+01
   4.5548713e+01  -9.4847141e+01
  -7.5959853e+00   8.2692184e+01
  -3.5827969e+01   5.2691355e+01
   8.2614466e+00  -9.6500188e+01
  -1.9347470e+01   2.8182013e+01
   2.0309976e+01  -5.6992100e+01
  -5.1622119e+01   8.9342126e+01
   8.7080107e+01  -1.8097733e+01
  -9.6821716e+01   2.2349204e+01
  -8.8046048e+01  -8.8803325e+01
   1.4960139e+01  -4.8649402e+01
   2.4838565e+01  -4.8134309e+01
  -7.7159560e+01  -3.5188178e+01
   3.1673972e+01   3.7283658e+01
   6.2929495e+00  -6.6336470e+00
   8.3575146e+01   9.3768416e+01
   4.4663853e+01   5.5667226e+00
   8.4788792e+01  -5.2236702e+00
   6.2283074e+01   2.7005816e+01
   5.7521568e+01   6.2576171e+01
  -8.9547167e+01  -4.8149649e+01
   6.6494432e+01   7.7954773e+01
   4.4166670e+01   7.5950625e+01
   6.5468469e+01   4.6016630e+01
   3.6498941e+01   5.8431117e-02
  -3.0246547e+01  -4.6205941e+01
  -4.8903439e+01  -2.8255759e+01
  -7.1067092e+01  -1.6032308e+01
  -6.5963301e+01  -5.4300660e+00
  -7.5916205e+01   3.2059973e+00
  -2.1303886e+01  -2.0676205e+01
  -2.6484161e+01  -6.4923596e+01
  -6.8156861e+01  -8.3865594e+01
  -2.1226669e+01  -8.1840766e+01
   1.9498513e+01  -2.0444347e+01
   1.9156149e+01  -8.6458535e+01
   4.6769263e+01  -8.4938789e+01
   1.3580712e+01   2.8568566e+01
   1.9998305e+01   3.5925509e+01
  -9.4834663e+01   3.2099556e+01
   5.4963874e+01  -9.0660836e+01
  -9.2879512e+00   4.4767091e+01
   3.2352715e+01   8.5379399e+01
  -1.0368179e+01   6.9344279e+01
   7.3945227e+00   5.1701915e+01
  -5.1257065e+01  -5.7979242e+00
   4.7667701e+01  -2.9520298e+01
   5.7155049e+01  -2.6459072e+01
  -2.0234900e+01   6.9610838e+01
  -2.9241431e+01   9.2366799e+01
  -6.1635806e+01   8.9808725e+01
   4.0068503e+01  -5.6634960e+01
  -4.5514034e+01   1.6506819e+01
   4.2865970e+01  -4.7088976e+01
   6.2716676e+01  -6.3065195e+01
  -5.3534930e+00   3.5769877e+01
   2.7831648e+01  -9.3757988e+01
  -5.4698205e+01   4.3420658e+01
  -4.1414796e+01   7.1656269e+01
  -7.7899059e+01  -5.4163199e+01
   3.3352691e+01  -4.3067816e+01
  -8.0256039e+01   5.7837020e+01
  -5.9003399e+01  -5.0126329e+01
  -4.6675344e+01  -6.5101219e+01
  -8.4687033e+01  -1.1928406e+01
  -1.2431581e+01  -1.0844617e+01
   6.0256436e+01   1.7361259e+01
   8.1103083e+01   8.1222913e+01
   9.2418804e+01   8.9102330e+01
   2.8714279e+00   8.0990706e+00
  -2.0748417e+00  -7.7449385e+01
   5.4209515e+01  -7.2412463e+00
  -2.0529886e+01  -9.7600989e-01
   9.3343175e+01  -1.0290409e+01
   1.6389295e+01   9.6671079e+00
  -1.6505025e+00   2.0356738e+01
   2.5897599e+01   5.7894913e+01
   3.2421572e+01   1.8578940e+01
   5.1518110e+01   9.0278536e+01
   7.5229833e+01   4.9924147e+01
   5.0529534e+01   5.4407966e+01
   8.4155246e+01  -5.5545140e+01
   8.7788666e+01  -3.6955953e+01
  -1.2129388e+01  -7.8231172e+01
  -9.9824156e+01   6.9690651e+01
   7.5185783e+01   1.2149300e+01
   9.8822606e+01  -1.9367037e+00
   9.2768396e+01   2.5834689e+01
  -4.1308079e+01  -8.1661030e+01
  -4.4612810e+01  -9.9879164e+01
  -9.3703188e+01  -7.8482350e+00
   9.8142209e+01   8.0832360e+01
   8.7441328e+01   4.3208822e+01
  -8.0167787e+01  -4.4674650e+01
  -3.0148880e+01  -7.5170329e+01
  -1.7633854e+01  -6.0378131e+01
  -4.8103744e+01  -7.4609174e+01
   3.6982976e+01  -1.0283613e+01
  -3.0327783e+01  -9.7432046e+01
   2.6599247e+01  -1.2791674e+01
  -5.5069155e+01  -9.8755337e+01
   8.0362660e+01   3.6387555e+00
   2.3887639e+01  -2.9561655e+01
   2.6146689e+01   1.0656363e+01
   9.3898036e+01  -9.7365202e+01
  -3.0305244e+00  -9.8452980e+01
   6.5541339e+01  -7.5493912e+01
   7.8238340e+01  -9.4896193e+01
  -1.7559856e+01   8.8932958e+01
  -2.1434641e+01   4.3546608e+01
  -3.9203440e+01   6.1974003e+01
  -9.4485783e+00   5.8892594e+01
  -1.6786580e+01   7.8914195e+01
  -3.5021044e+01   7.9266787e+01
  -6.2339606e+01   2.6318719e+01
  -4.0508972e+01   4.4029620e+01
   3.6037497e+01  -9.9449848e+01
   1.8632619e+01   9.8275697e+01
  -8.6064499e+01   7.5881428e+01
   1.6596581e+00   8.9508205e+01
   9.0548792e+01  -6.9335902e+01
   2.9873130e+01  -7.3918470e+01
   7.1024071e+01  -5.7513775e+01
   3.6250731e+01   7.3263121e+01
   7.8583027e+00   7.2361110e+01
   1.4923202e+01   6.5444568e+01
   2.4857934e+01   4.4408116e+01
  -5.5307507e+01   5.3626474e+01
  -3.8672278e+01   8.9082870e+01
  -3.6736697e+01   9.8965529e+01
  -7.0220442e+01   9.5682623e+01
  -3.1021624e+01   4.3203654e+01
   2.8841084e+01  -8.3832594e+01
  -5.4639543e+01   7.9963378e+01
  -4.4769914e+01   8.1176041e+01
   7.7114312e+01  -1.8135392e+01
  -3.6866136e+01   2.1141605e+01
   6.9003234e+01  -4.2511995e+01
  -9.7025712e+01   1.2447289e+01
  -3.7325030e+01   3.4335706e+01
   1.2446079e+00   4.2603729e+01
  -1.4972114e+01   3.6664924e+01
  -3.1656844e+01   6.9912794e+01
   9.8284462e+01  -3.6726737e+01
  -8.7848612e+01   3.9595065e+01
  -7.6586942e+01   2.3372444e+01
  -8.5137457e+01   3.0054277e+01
   1.7790390e+01  -8.7850212e+00
  -9.5626787e+01   7.8765418e+01
   9.0697245e+01  -2.7407628e+01
   4.1732892e+01   8.8060961e+01
  -7.0079831e+01   4.1460395e+01
  -7.3173361e+01   5.0888052e+01
   1.8479101e+01  -6.6753740e+01
   1.1344781e+01  -3.9447321e+01
  -6.7216456e+01  -3.4308896e+01
  -7.0359051e+01  -4.3489083e+01
  -1.7170494e+00   9.8917266e+01
   5.2443668e+00  -4.7077831e+01
  -6.0264730e+01  -8.9982187e+01
  -8.5247621e+01  -7.9218126e+01
  -7.6102614e+01  -6.3775394e+01
  -8.7021201e+01  -5.7722838e+01
  -5.3782196e+01  -8.2514659e+01
   6.9556334e+01  -2.5034684e+01
  -6.6083150e+01   7.1823447e+00
  -6.3341208e+01  -6.1510457e+01
  -9.8085244e+01  -5.3301599e+01
  -6.5271972e+01   1.7118309e+01
  -3.4493163e+00  -4.2686120e+01
  -2.6366451e+00  -2.3882576e+01
   1.1952169e+00  -1.5018635e+01
   4.2600951e+00  -3.2762340e+01
   1.9857480e+01   8.0275085e+01
   9.7252332e+00   3.7575544e+01
  -2.4060582e+01  -3.2400692e+01
   4.6968414e+01  -1.4060684e+01
  -4.4155800e+00   3.4337859e+00
   6.9447990e+00  -2.3491521e+01
   9.9585860e+00   2.1739449e+00
   4.4999716e+01  -4.3415708e+00
  -9.3187147e+01   5.0883313e+01
   7.4528744e+01   7.2113637e+01
   9.4837766e+01   5.2461826e+01
   8.9295913e+01   7.6906995e+01
   3.6927695e+00   2.9525589e+01
   7.2809218e+01   9.3092641e+01
   9.6960873e+01  -1.9585785e+01
  -2.2259636e+01  -1.0536214e+01
   4.7167276e+01   9.9057377e+01
   2.1163363e+01  -3.8988345e+01
  -7.5785222e+01  -9.1258827e+01
   5.1539800e+01   7.0791332e+01
  -1.1691571e+01  -1.3795777e+00
  -3.9366097e+01  -2.7397870e+01
   5.2272522e+01   8.0671674e+01
   7.9872416e+01   6.0098176e+01
   5.5727896e+01   4.5280844e+01
   5.2292699e+01   1.1624266e+01
   2.6913124e+01   2.8808469e+01
   3.5792815e+01   9.6442260e+00
  -6.1887982e+01  -2.1544708e+01
  -2.1796073e+01  -4.1758875e+01
  -3.0818598e+01  -1.5112603e+01
  -7.7762656e+00  -8.6995540e+01
   9.7722443e+01  -7.6302877e+01
   9.2055416e+01   3.5168691e+01
  -9.8336586e+01   5.9802746e+01
  -1.1846468e+01  -6.8451185e+01
   9.9961334e+01   8.6695603e+00
   9.0877792e+01   4.1320399e+00
   8.5904778e+00  -6.8184520e+01
  -7.5712178e+01  -7.2290770e+00
  -5.8716999e+01  -1.2219722e+01
  -4.0535241e+01  -1.6828930e+01
   8.0087405e+01   2.0906567e+01
  -2.1619988e+01  -5.1445126e+01
  -1.5268457e+01  -9.3078177e+01
  -6.5056989e+01  -9.8696965e+01
  -3.2043669e+01  -8.4716346e+01
  -2.0612129e+01  -7.2538314e+01
   7.5289006e+01  -8.3036879e+00
  -3.8919917e+01   9.2958225e+00
   9.4409676e+01  -8.5738214e+01
   5.6539582e+01  -7.0917668e+01
   3.8354786e+01  -7.9208736e+01
   3.8350181e+01   2.5905262e+01
   4.6944703e+01   4.2118885e+01
   4.1400745e+01  -3.7242969e+01
   5.0872883e+01  -4.0344981e+01
   6.6039181e+01  -8.5485940e+01
   6.8244245e+01  -9.5239795e+01
   3.2252992e+01   5.0597620e+01
   5.7128555e+01  -8.0898431e+01
   5.7701114e+01  -1.6519935e+01
  -1.7296043e+00   6.4841444e+01
   3.3717973e+01  -3.0955065e+01
   4.4710739e+01  -6.5427781e+01
  -4.5891636e+01   2.4540568e+00
   3.7307119e+01  -8.9152006e+01
  -2.4221290e+00   5.1846475e+01
  -8.3108894e+01   4.8324322e+01
   1.6150441e+01   8.8827804e+01
   6.1918393e+01  -5.3100549e+01
  -2.1233072e+01   9.8330082e+01
   5.3172126e+01  -6.0164002e+01
   7.1627169e+01  -6.7561147e+01
   1.0363011e+01  -7.8004429e+01
  -8.0321948e+01   6.7732772e+01
  -9.0221306e+01   6.6347278e+01
   9.3309608e+01  -5.9724560e+01
  -4.5676043e+01   5.2180483e+01
   1.5183858e+01   4.5844277e+01
   2.7371751e+01   9.3718988e+01
  -5.7919259e+01   9.9092435e+01
   1.8214131e+01  -9.6400271e+01
   1.7591881e+00  -8.9053404e+01
   6.9437339e+00   6.1286362e+01
  -6.4500377e+01   7.9962816e+01
   8.8445210e+00   9.6430345e+01
  -7.2395534e+01   8.5964182e+01
  -9.1950173e+01   9.7555722e+01
   7.7831909e+01  -3.7825312e+01
  -2.6158698e+01   6.1746874e+01
  -2.7268787e+01   2.2508907e+01
  -1.6202645e+01   5.1846329e+01
  -7.0549874e+01   3.1324350e+01
  -6.8263158e+01  -5.3051923e+01
  -9.7353713e+01  -8.2305512e+01
  -9.0952684e+01   8.7605799e+01
  -6.3504704e+01   4.8524732e+01
   3.0166280e+01  -5.6462019e+01
  -9.5396115e+01  -9.5573439e+01
   3.6836921e+01   9.6866020e+01
   9.9010738e+01  -4.6710787e+01
  -4.4500257e+01   2.7391469e+01
  -5.3730064e+01  -5.8333560e+01
   1.0836504e+00  -5.5889623e+01
  -9.5287485e+01  -6.3149637e+01
   3.4753580e+01  -6.5253701e+01
  -7.3977813e+01   1.2994251e+01
  -6.1437911e+01  -7.6525752e+01
  -3.9536987e+01  -5.8695916e+01
  -8.5088953e+01  -2.9005920e+01
  -8.0259749e+01  -2.0461827e+01
  -7.2459880e+01  -2.6174651e+01
  -1.3747741e+00  -6.7473929e+01
  -1.2642503e+01  -3.9360059e+01
  -8.4215268e+01  -2.2220368e+00
   6.0158158e+01   3.6596193e+01
  -5.9368500e+01  -4.0382659e+01
  -8.7742991e+01  -3.8443956e+01
  -5.6068314e+01  -6.8176511e+01
  -3.3499859e+01  -3.5433604e+01
  -9.8070532e+01  -4.2935302e+01
   5.1241272e+01   2.1545535e+01
   6.5695959e+01   9.1037593e+00
   6.9718683e+01   2.0420482e+01
  -5.1234129e+01   7.0819988e+01
  -9.3293942e+01  -7.3222748e+01
  -9.0468017e+01   5.1664397e+00
   6.3880640e+01  -6.1021182e+00
  -5.7111240e+01   1.1544505e+01
   9.6816231e+01   7.0668189e+01
  -5.8392067e+01   1.0603785e+00
  -8.3533000e+00   2.7063848e+01
   6.3560656e+01   9.6143648e+01
   6.3536642e+00   1.6151194e+01
   8.4939115e+01   5.2125931e+01
  -9.7430192e+01   4.1755618e+01
   3.7571835e+01   5.8874649e+01
   6.0288772e+01   5.3718129e+01
   4.5014177e+01   6.4544822e+01
  -8.3454643e+01  -9.7680683e+01
   1.4437668e+01   1.9098314e+01
  -8.7089168e+01   2.0670886e+01
   1.9198216e+01   5.7706898e-01
  -2.9138556e+01   2.4719014e+00
   2.1625802e+01   7.0856217e+01
   2.8398677e+01   7.6870623e+01
  -2.4304775e+01  -9.0423116e+01
   7.2599531e+01   8.4109181e+01
   6.0178370e+01   7.1726832e+01
