  -2.2445922e+01  -2.7881953e+01
   3.0538720e+01   5.7052755e+01
   6.3866996e+01  -4.3182733e+01
  -1.3111374e+01  -4.2507365e+01
  -7.1292481e-01  -5.7944938e+01
  -2.9948717e+01   1.4810462e+01
   2.1105837e+01   4.6043350e+01
  -4.0100748e+01  -7.4380793e+00
  -7.9018850e+01  -4.7119260e+01
   9.2140509e+01   1.6892259e+01
   3.3064502e+01   2.4686641e+01
   4.2900190e+01   2.5797098e+01
   4.2531616e+01  -9.5540455e+00
   2.9708928e+00   8.1524323e+01
  -5.1430400e+01   4.0234078e+01
   2.7142456e+01  -1.8950488e+01
  -3.4619781e+01  -7.9266258e+01
   2.1926420e+01  -4.1832037e+01
  -5.8117844e+01   3.2790586e+01
  -7.0638715e+01  -4.9261798e+00
   5.8931989e+00  -4.5191771e+01
   1.7558519e+01  -8.1657834e+01
  -3.1345953e+01  -2.3457218e+01
  -2.1596504e+01  -4.7783970e+01
   3.2687951e+01  -1.0682186e+01
  -4.3616705e+00   6.3423499e+01
   1.5730351e+01  -2.7968046e+00
  -3.9478796e+01   3.8822198e+01
   3.3070959e+01  -3.6909074e+01
   4.3404407e+01  -4.9397268e+01
   2.7461804e+01  -6.0987971e+01
  -6.7257999e+01  -1.4543155e+01
  -4.9599055e+01  -1.0224648e+01
   6.2236388e+00  -8.8773228e+01
   6.1642706e+01   1.3539935e+01
   5.1083754e+01   3.5541952e+01
  -5.0249303e+01  -2.3197344e+01
  -5.0056385e-01   3.6699251e+01
  -3.6461099e+00   7.4028220e+01
  -2.1787457e+01   7.4252677e+01
   8.7854555e+00   1.5660624e+01
   8.4916782e+01  -1.6132204e+01
   3.7775408e+01   7.5548912e+01
   5.7810454e+01  -2.1990859e+01
  -2.2468147e+01   2.7042889e+01
   4.2093428e+01   4.1422180e+01
   5.1842885e+01   5.7805868e+01
   5.3204828e+01  -4.7436112e+01
   3.5399274e+01  -8.6331903e+01
  -2.0781939e+01  -7.9224044e+01
  -4.4936322e+01   1.5733013e+01
  -8.1671416e+01   2.2974352e+01
  -6.7971806e+01   3.5198704e+01
  -6.3729652e+01  -2.3899067e+01
  -1.8349597e+01  -9.3440116e+01
  -4.6689845e+01   3.1929816e+01
   3.6354878e+01  -5.6471611e+01
   5.3370273e+00  -7.0898690e+01
  -5.1207322e+01   8.2543752e+00
  -3.1624077e+01  -5.2619258e+01
   1.5097428e+01  -4.9050597e+01
  -2.1793922e+01  -3.7769527e+01
   3.1132347e+01   9.8094334e+00
   1.7973153e+01   1.2475424e+01
   4.4865912e+01   9.1366809e+00
   6.0394737e+01   3.1965030e+01
  -2.2093345e+01   6.4368255e+01
  -5.9675961e+01  -5.0769476e+01
   2.5618671e+01   7.5963367e+01
   6.2180334e+01   7.2401101e-02
   8.0239068e+01  -7.3207903e+00
  -2.4087265e+01   5.4740905e+01
   6.9671242e+01  -2.8074856e+01
  -3.3572991e+01   5.2062441e+01
   7.0265361e+01   8.5512930e+00
  -4.1004247e+01  -2.6953720e+01
   1.4637934e+01   3.2004098e+01
   1.0395133e+01   5.1282537e+01
  -1.3820736e+01  -6.6071296e+00
   5.6754896e+00   2.7773744e+01
  -7.0234385e+00  -3.7816618e-01
   3.9996173e+01  -1.9135921e+01
   5.0145472e+01  -1.5774359e+01
   5.2540540e+01  -3.7519975e+01
   4.2780986e+01  -3.9425112e+01
   3.4721265e+01  -7.6367159e+01
  -4.2631323e+01  -8.5226293e+01
  -2.7712314e+01  -7.2073518e+01
  -2.8324163e+01   4.3319934e+01
   1.8528172e+01  -2.4008952e+01
  -5.9238575e+01   1.3956268e+01
  -6.1038072e+01   4.2319929e+01
   8.6364418e+00  -2.5411368e+01
  -6.9049405e+01   1.6705216e+01
  -7.8189030e+01   3.4173913e+01
  -9.2083291e+01  -2.3432537e+01
  -2.0971368e+01   2.4482710e-01
  -6.1617085e+01   3.1067201e+00
   1.2980202e+00  -8.0044534e+01
  -7.8388286e+01  -1.1243840e+01
  -4.0820185e+01   2.4455674e+01
   4.4707752e+01  -6.1944578e+01
  -1.5713127e+00  -3.1313768e+01
   3.0421804e+00  -1.7153184e+01
   8.0861524e+01   2.6283751e+00
   1.5266906e+01  -7.1937781e+01
  -2.0271641e+01  -5.7675666e+01
  -1.8257119e+01  -1.8850907e+01
  -5.8660804e+01  -6.0711255e+01
   1.6011497e+01   2.2201462e+01
  -8.0175698e+00  -7.6411825e+01
  -1.2686434e+01   7.8280844e+01
  -1.3338821e+01  -3.2527696e+01
   3.1420010e+01  -8.3366352e-01
   1.4397635e+01  -1.5080730e+01
   7.3718292e+00  -8.1925154e+00
  -3.9418972e+01   6.7847664e+01
   2.5791118e+01   1.8248847e+01
  -1.2982382e+01   6.8329813e+01
   6.9690981e+01   4.9004896e+01
   6.6091843e+01   2.2484813e+01
  -7.5121053e+01  -3.7927456e+01
  -6.6182604e+01  -3.3525572e+01
   1.0862556e+01   5.7178866e+00
   3.8494898e+01   1.6557459e+01
  -2.0431553e+01   3.6781659e+01
   3.4987214e+01   6.5968082e+01
   2.0563534e+01   5.6783282e+01
   1.4986293e+01   6.5768273e+01
   5.1513000e+01  -3.4878318e+00
  -8.8975296e+00   4.8778653e+01
   9.0494589e+01  -7.9237072e+00
   8.2734837e+01  -2.8019514e+01
  -5.2562819e+01   4.9914841e+01
   6.0371839e+01  -9.7412674e+00
  -5.1101429e+01   5.9652855e+01
  -5.3509461e+01  -3.2648310e+01
  -3.9066209e+01  -1.7218464e+01
  -3.3374540e+01  -3.3347208e+01
   1.2172309e+01   4.1556046e+01
   2.3842542e+01   2.8260915e+01
   6.0852097e+01   5.3574658e+01
   3.4604845e+01   4.7967332e+01
  -1.9080962e+00   9.2443684e+00
   5.4321322e+01   6.1672764e+00
  -5.1110187e-01   1.8816937e+01
  -3.8767635e+01  -5.9577103e+01
   3.9149698e+01  -2.9037399e+01
   3.3730157e+01  -4.6850218e+01
   2.4817846e+01  -5.1370254e+01
   7.2232046e+01  -3.7711569e+01
   3.5800753e+01  -6.6448802e+01
   4.8523875e+01  -2.5633835e+01
   6.0418112e+01  -3.1560029e+01
   4.4712407e+01  -7.7039509e+01
   5.3583107e+01  -5.7378115e+01
  -5.0441027e+01  -7.8985785e+01
  -2.7677931e+01  -8.6462187e+01
   2.4116083e+01  -3.2161408e+01
  -6.6960995e+01   5.0206813e+01
  -3.0238581e+01  -4.2803059e+01
  -7.2206226e+01   2.6175376e+01
  -8.7659272e+01   3.1011892e+01
  -5.1776309e+01   2.3362362e+01
  -7.8510125e+01   1.3486733e+01
  -7.4008472e+01   4.3212745e+01
  -2.3130613e+01  -1.0175393e+01
  -8.2579983e+01  -2.0321745e+01
  -3.9330517e+01   5.7175511e+00
  -7.1176050e+00  -5.0385418e+01
  -6.0829398e+01  -6.8562353e+00
  -4.7130691e+01  -6.0722531e-01
  -5.7425740e+01  -1.6249444e+01
  -2.9366964e+01   5.3643440e+00
  -2.6466857e+00  -8.3048706e+00
  -7.0871805e+01   6.8866400e+00
   5.2002196e+01   1.5885697e+01
   7.4778752e+01   1.7549973e+01
  -3.7465767e+00  -8.9420384e+01
   7.5873028e+00  -3.5342421e+01
   9.1451932e+00  -5.7008605e+01
  -4.1615895e+00   2.7648471e+01
  -3.0916651e+01  -4.1638052e+00
  -8.0807636e+01  -1.5409994e+00
  -3.2345262e+00  -4.1165842e+01
  -1.0525431e+01  -5.9779302e+01
   8.3273593e+01   1.2303911e+01
  -9.3138985e+00   8.7650794e+01
   8.3526618e+01   2.2657178e+01
   2.4856845e+01  -7.4748759e+01
  -3.9839269e+00  -6.7324306e+01
  -5.1707483e+01  -6.9069709e+01
  -2.9140574e+01  -6.2241942e+01
  -8.3138117e+00  -2.3921748e+01
   2.2803364e+01  -9.7717990e+00
   1.7594007e+01  -6.2240137e+01
  -6.1778858e+01   2.3546436e+01
  -3.7439981e+01  -6.9480551e+01
  -4.8743840e+01  -5.9523593e+01
   2.2922152e+01   4.0481669e+00
   4.1218644e+01   1.2628157e-01
  -3.1766413e+01   7.4237130e+01
  -1.2774324e+01  -8.5164707e+01
  -2.6567439e+01   8.2979780e+01
   5.3221742e+01  -6.7348369e+01
   5.0952474e+01   4.5677719e+01
  -6.8278431e+01  -4.5325945e+01
   6.0630543e+01   4.3483733e+01
   3.5803252e+01   3.3979136e+01
  -5.9374445e+01  -4.0787141e+01
   5.2796054e+01   2.5708878e+01
   4.6867249e+00   5.9377388e+01
  -1.6016241e+01  -7.0196988e+01
   4.5816457e+01   6.9308926e+01
   1.6219374e+01   8.2297820e+01
  -7.3761867e+01  -2.5037269e+01
  -8.2106132e+01  -3.0783947e+01
  -1.0243277e+01   3.8987776e+01
  -3.1413645e+01   2.4128067e+01
  -1.8623390e+01   4.6520349e+01
  -1.3427373e+01   2.9712426e+01
  -1.3759138e+01   5.7463112e+01
  -4.1395932e+01   5.8099453e+01
   9.2432254e+01  -2.2659569e+01
   9.2077713e+01   1.9125883e+00
   7.6091670e+01  -2.0554725e+01
   6.6645473e+01  -1.7501263e+01
   7.0297105e+01  -8.2268580e+00
  -4.2730530e+01   4.8204952e+01
   1.7366299e+00   4.6317405e+01
   1.0028554e+01   7.4446309e+01
   5.9320263e+01   6.4384173e+01
  -3.0931828e+01   3.3817252e+01
   2.4981147e+01   6.5983944e+01
   2.6652235e+01   3.7795967e+01
   4.3532420e+01   5.2380383e+01
  -7.6739833e+00   3.9308600e+00
   2.8783516e+00   9.1070486e+00
