   3.9648581e+01  -3.3691975e+01
   5.3446033e+01   8.2332979e+01
  -7.7504761e+01   4.2657850e+01
   6.6059179e+01  -6.7028824e+00
  -5.1773694e+01  -7.3981184e+00
  -3.0806933e+01  -6.0342457e+01
  -2.2156762e+01   4.1779922e+01
  -7.1864380e+01  -7.7608284e+01
  -4.8526672e+01  -7.9487871e+01
  -3.8777750e+00  -2.6301131e+01
  -8.4949134e+01  -8.1980204e+01
  -7.2415355e+01  -2.9126859e+01
  -9.0108803e+00   5.6050657e+01
   3.7817605e+01   2.5174495e+01
  -5.0068600e+01  -6.3045839e+01
  -5.8298529e+00   4.9640908e-01
   6.6013776e+01   1.1296548e+01
  -5.5631066e-01   5.0722950e+01
  -3.1451677e+01   4.0418437e+01
  -5.1071427e+01   9.9455755e+00
   6.8072948e+01   4.8305394e+01
  -6.5105955e+01   3.2081640e+01
   5.5178396e+01  -5.9842408e+01
  -5.9955563e+01  -2.5464091e+01
  -2.9083255e+01   6.7296951e+01
   5.1196791e+01  -1.5380155e+01
   2.5099431e+01  -1.9982210e+01
   2.5331722e+01   6.0268820e+01
  -1.0849387e+01  -5.3062152e+01
  -3.8555850e+01  -7.8724510e+01
   7.8483889e+00   8.3220323e+01
  -8.8688489e+01  -9.1254751e+01
   9.0146209e+00  -1.2442239e+01
   9.5160053e+01   6.0963662e+01
  -5.6985445e+01  -5.4019367e+01
   8.9100849e+01   2.8239288e+01
   6.8330408e+01   9.5686410e+01
   3.3270884e+01   7.6725836e+01
  -9.2445613e+01  -3.5988542e+01
   8.1702337e+00   3.0168401e+01
  -3.6513744e+01  -1.3919572e+00
  -5.1719106e+01   1.9809153e+01
  -4.7841932e+01   5.4098354e+01
   4.6633869e+01   3.2211974e+01
  -4.8235990e+01   3.7772730e+01
   5.1842491e+01   5.0781012e+01
  -8.3445417e+01   1.5688519e+01
   3.4067324e+01  -4.7581557e+01
   5.4319400e+01  -4.9879379e+01
  -4.2936062e+01  -1.9453567e+01
  -5.4818391e+01  -1.6897792e+01
  -7.7330536e+01  -1.7367039e+01
   6.1488548e+01   2.1697652e+00
  -2.1923750e+01   7.3042484e+01
   3.6905947e+01  -2.2660309e+00
   6.4730893e+01  -3.7160093e+01
  -3.1315704e+00  -4.6703304e+01
   4.3828133e+00  -3.4043882e+01
  -8.2095122e+01  -3.8173636e+01
   3.8760886e+01   6.3045703e+01
  -3.4122271e+01  -3.3582445e+01
  -3.1712600e+01  -7.0301361e+01
   5.5116799e+01  -3.9911235e+01
  -5.1511437e+01  -9.9467472e+01
  -2.5716805e+01   9.1637838e+01
  -4.7006292e+00   7.0031680e+01
  -9.8033280e+01  -6.6860288e+01
   1.1835324e+01   6.2406027e+00
   2.9752441e+01  -1.1130831e+01
  -8.7206495e+01  -6.3984965e+01
   7.0528438e+01   6.9178729e+01
  -6.9390641e+01  -5.3825132e+01
   8.8786755e+01   1.4541760e+01
   4.7015710e+01   8.9990983e+01
   5.4725529e+01   9.7104975e+01
   1.6792203e+01   6.5628256e+01
   8.5138051e+01  -3.2976106e+00
  -1.9546427e+01   5.7184893e+01
   1.4860391e+01   4.1120953e+01
  -3.2735583e+01   2.9338032e+01
  -2.8614370e+01   4.5534180e+00
  -3.2147291e+01   1.3737495e+01
  -7.1411415e+01   5.0178599e+01
   2.8131337e+01   3.5346104e+01
  -6.3812378e+01   4.1707001e+01
   5.9757815e+01   2.0941669e+01
  -4.4825802e+01   7.9640861e+01
   4.9711520e+01   4.1275685e+01
   5.9127377e+01   5.7394796e+01
  -6.5158088e+01   2.2219076e+01
  -9.4686570e+01   3.6016656e+01
  -8.3436609e+01   5.3859586e+01
   7.1463748e+01   2.1178955e+00
  -8.1629408e+01   2.5515992e+01
   1.5341882e+01  -5.0383952e+01
  -6.1704588e+01  -6.6824347e+00
  -3.8152984e+01   8.6448200e+01
   6.4480710e+01  -5.0513591e+01
  -1.3345400e+01   6.5025148e+01
   3.5192944e+01  -5.9205879e+01
  -5.6169835e+01   1.5278472e+00
  -6.7416694e+01  -1.8810849e+01
  -4.2081482e+01  -9.5703370e+00
  -8.0736054e+01  -6.8189229e+00
   7.9226470e+01  -2.4006807e+01
  -9.4231243e+01  -2.6149234e+01
   4.0647050e+01  -1.4697067e+01
   5.1613300e+01   2.7361678e+00
   5.2359981e+01  -3.0298761e+01
  -5.3846802e+00  -3.6186917e+01
   5.2462987e+00  -2.2208318e+01
   1.3640103e+01  -3.0262595e+01
  -2.7137453e+00  -6.8512773e+01
  -2.8618783e+01  -7.9844642e+01
   4.8940229e+01   6.1502303e+01
  -9.1658003e+01  -5.5030591e+01
  -2.1089317e+01  -6.2702084e+01
  -1.9004608e+01  -3.5595889e+01
  -4.1949225e+01  -6.9317863e+01
   3.0660291e+01  -3.8138832e+01
  -4.1511963e+01  -9.9570038e+01
   3.8649821e+01   4.4685689e+01
  -8.0934096e+01  -7.2680870e+01
  -2.1635185e+01  -7.2687173e+01
  -1.0990066e+01   8.2170629e+01
  -7.6112358e+01  -8.6661164e+01
   5.0996858e+00   9.2834534e+01
  -6.5998117e+01  -9.6454491e+01
   8.9843509e+01   3.8210683e+01
   8.7239512e+01   6.7566366e+01
   2.7407552e+00  -4.6555637e+00
   1.9759967e+01  -1.1518879e+01
   1.3666258e+01  -3.5901368e+00
   7.6822282e+01   5.3069997e+01
   1.5107343e+01  -2.0371227e+01
  -6.3152119e+01  -6.1891596e+01
  -5.5753008e+01  -3.4564655e+01
   6.6842194e+00  -4.4792934e+01
   7.5815954e+01   1.3417991e+01
   9.8121930e+01   3.2559092e+01
   6.0733990e+01   6.7214790e+01
   4.3569837e+01   7.7448592e+01
   6.9589915e+01   8.4424334e+01
   1.4346031e+01   7.5620629e+01
   9.2416313e+01  -2.6128640e+01
   3.6834196e+01   9.5573685e+01
   1.6964669e+01   8.7294642e+01
   6.0158306e+00   1.6110088e+01
  -2.7067719e+01   5.0601710e+01
  -1.4983108e+01   4.8261036e+01
  -4.0895604e+01   4.4437313e+01
  -9.0861978e+00   2.7734767e+01
  -6.7738638e+00   4.2539422e+01
  -2.2948776e+01   3.1098793e+01
  -1.0049203e+00   3.4332385e+01
  -7.1347628e+01  -6.7621650e+01
  -4.1205290e+01   9.9469447e+00
  -2.9353926e+01  -8.4325358e+00
  -4.6154394e+01   1.1920175e+00
  -6.0985289e+01   1.3188229e+01
  -4.6566300e+01   7.0611952e+01
   2.7597163e+01   4.5032700e+01
  -3.7276874e+01   5.2411092e+01
   2.9974192e+01   1.9217334e+01
  -6.1739830e+01   5.1008646e+01
   4.6531574e+01   1.4899322e+01
  -5.4246568e+01   8.3955937e+01
   5.9639466e+01   3.3578212e+01
  -9.2952952e+01   2.5113233e+01
  -7.5001441e+01   3.2983804e+01
   5.6020233e+01   1.1699828e+01
  -8.7468429e+01   4.4710662e+01
  -9.6810514e+01   4.8273350e+01
   2.5841598e+01  -5.5662955e+01
  -7.3465841e+01   1.4680133e+01
  -7.1174947e+01  -9.5470069e+00
   6.5121617e+01  -6.0906500e+01
  -4.0504818e-01   6.1007069e+01
   3.8040237e+01  -6.8924854e+01
  -5.0009849e+01  -2.6436401e+01
   4.2713796e+01  -5.2615224e+01
  -3.0476212e+01   8.0103322e+01
  -6.5838311e+01   3.9808052e+00
  -8.6950456e+01  -1.4643322e+01
  -8.9557731e+01  -2.1858397e+00
   7.0776023e+01  -1.8311956e+01
   4.6060907e+01  -6.2893285e+00
  -3.7187856e+01   7.2786010e+01
  -8.4397406e+01  -2.4401438e+01
  -9.9281036e+01  -4.3288699e+01
   5.6059993e+01  -6.4243180e+00
  -1.1095698e+01  -6.3059089e+01
  -1.2818891e+01  -2.1822702e+01
   7.0598789e+01  -2.9062731e+01
   2.3609140e+01  -3.1047946e+01
   9.7461426e+01   9.3627101e+00
   4.2379178e+01   6.0022820e+00
  -1.2511766e+01  -4.3201334e+01
  -8.4742961e+01   3.5095353e+01
  -2.1733394e+01  -8.7096635e+01
   6.1196597e+01  -1.5442358e+01
   4.4742623e+01  -2.3819902e+01
   6.1205118e+01  -2.5633638e+01
  -2.0476530e+01  -4.9247935e+01
  -4.0761341e+01  -5.9388667e+01
  -7.3217135e+01  -4.2767465e+01
  -8.9022336e+01  -4.5384613e+01
  -5.7530258e+01  -9.1135153e+01
   4.5621256e+01  -4.3047227e+01
  -9.1324999e+01  -7.4276417e+01
  -2.7417498e+01  -4.1001745e+01
  -3.7681685e+01  -8.9867212e+01
  -3.0984247e+01  -5.0344030e+01
   3.2576820e+01  -2.6621786e+01
   4.5467283e+01  -6.2228665e+01
   5.0514070e+01   2.3708842e+01
   3.2558827e+01   5.3488386e+01
  -7.5995995e+01  -9.6660485e+01
   2.4226438e+01  -4.5794255e+01
  -9.8549597e+01  -9.2915640e+01
  -7.7471376e+01  -5.9715976e+01
  -2.0920130e+01   8.2879745e+01
  -1.4556598e+01   9.2621141e+01
   2.0435610e+01   5.1683126e+01
   4.2434992e+01   5.3800255e+01
   2.3628763e+01   7.9864464e+01
  -1.3939162e+00   7.9457455e+01
  -6.5863912e+01  -8.5607930e+01
   5.1617918e+00   7.1668032e+01
  -4.3789698e+00   8.9660653e+01
   9.4397989e+01   4.7791676e+01
  -1.1671742e+01  -9.6086240e+01
   7.8361011e+01   6.2965767e+01
  -1.2603123e+01  -6.8588380e+00
   5.4398150e-01  -9.4516234e+01
   1.8570988e+00   6.8907732e+00
   6.8913664e+01   5.9166473e+01
  -6.5546852e+01  -3.6380215e+01
   2.6953750e+01  -1.4686186e+00
  -6.3065211e+01  -4.6079818e+01
  -4.7673035e+01  -8.9451369e+01
   9.6617118e+01  -1.2243422e+00
   1.5507401e+01  -4.0086512e+01
   7.6030127e+01  -7.4229835e+00
   8.4466732e+01   4.6638153e+01
   8.2923699e+01   6.4414643e+00
   6.9544747e+01   2.1085201e+01
   8.1660979e+01   2.1557682e+01
   5.9337731e+01   4.3580818e+01
  -5.7273517e+01  -6.9981220e+01
   8.6133738e+01   5.6671076e+01
   9.7294502e+01   1.9796925e+01
   5.2204143e+01   7.2411739e+01
   3.7805450e+01   8.5624832e+01
   6.2293559e+01   7.7144650e+01
   2.5777672e+01   7.0147845e+01
  -9.9540442e+01  -2.0505597e+00
  -9.6473001e+01  -1.1598504e+01
   8.7003330e+01  -1.7720333e+01
   9.4382502e+01  -1.0971458e+01
   6.0771457e+01   8.9139649e+01
   2.4924548e+01   9.3337958e+01
   1.4165430e+01   2.1905017e+01
   1.7774427e-01   2.4191215e+01
  -1.4297632e+01   3.6058694e+01
   1.0589166e+01   5.1255430e+01
   4.9400515e+00   4.2372500e+01
  -1.9937052e+01  -1.6039702e-01
  -3.8741378e+01   2.1314278e+01
  -2.7202586e+01   2.2088414e+01
  -3.2571891e+01  -1.7900610e+01
  -5.5696775e+01   2.8895301e+01
  -5.0548475e+01   6.2703198e+01
   3.7658233e+01   3.5007829e+01
   3.3481913e+01   1.0040894e+01
  -3.3889455e+01   6.0147620e+01
  -5.4753759e+01   7.4941152e+01
  -3.9393244e+01   3.5237507e+01
  -5.4031884e+01   4.7275155e+01
  -6.8989282e+01   5.2077512e+01
