   2.4479016e+01   6.0700263e+01
   5.9530598e+01   7.5548707e+01
   7.0883954e+01   4.9385448e+01
   2.2621436e+01  -8.4401479e+00
  -2.6205707e+01   5.3961316e+01
  -3.1389239e+01  -7.0177857e+01
   2.7120302e+01  -9.5156523e+01
  -3.6091243e+01   2.4583555e+01
  -4.2513152e+01   4.2054151e+01
   1.0090431e+01  -9.2621605e+01
  -8.3733856e+00  -6.8721986e+01
   4.6174004e+01  -9.8469013e+01
  -1.0909599e+01  -4.9820464e+01
  -2.5146127e+01  -3.2393611e+01
  -2.5636270e+00   3.3626955e+01
  -9.4037049e+00   7.5308587e+01
  -7.2346777e+01   9.8498678e+00
  -8.5360687e+01  -9.1445062e+00
   5.5721960e+01  -4.9445321e+01
   5.4436061e+01  -2.8694386e+01
   8.7906936e+01   1.8185704e+00
  -2.0735219e+01  -9.9018669e+01
   6.5705151e+01  -6.1628560e+01
  -6.9361946e+01  -7.1252366e+01
  -9.1438085e+00  -4.0008399e+01
   6.3012361e+01  -3.3339525e+01
  -2.5550745e+01   3.4630346e+00
   7.1872780e+01   9.9118595e+00
   4.1014737e+01  -6.2511177e+01
   2.4601844e+01  -5.1608457e+01
   1.7635708e+01  -3.6194945e+01
   6.3286063e+01  -4.2911628e+01
  -8.9769658e+01  -4.3130360e+01
   7.2404367e+01  -3.6305262e+01
   6.4248129e+01   8.4321247e+01
   3.9508338e+01   5.7249274e+01
   1.2019242e+01   4.5561656e+01
   1.4487332e+01   7.2349316e+01
   4.2911218e+01   1.6689788e+01
   3.2280830e+00   8.8484772e+00
   7.5716190e+01   8.3636699e+01
   1.5110290e+01   1.0060457e+01
   8.3518775e+01   6.1747415e+01
   2.5165143e+01   7.0511749e+01
   3.4458917e+01   9.3608680e+01
   5.9086439e+01   5.9052537e+01
  -6.3348329e+01  -2.5749508e+01
  -5.1652243e+01  -8.7177294e+01
  -1.6286141e+00   2.0644474e+01
  -7.9358271e+01  -7.1816929e-01
  -9.2275856e+01   9.5954701e+00
  -3.1918112e+01   7.9567038e+01
   5.7803272e+01  -1.6148904e+00
  -3.7991379e+01  -1.2731736e+01
  -6.7306687e+01   3.6341441e+01
  -5.2937748e+01   8.1638257e+01
  -3.7989153e+01  -9.0497391e+01
  -7.4890208e+01   9.5494939e+01
   2.3365999e+01  -7.3713558e+01
   7.4966943e-01  -8.9472260e+01
  -9.8710163e+01   5.5777841e+01
   2.9769291e+01  -3.3257386e+01
  -7.3814045e+01  -5.3301712e+01
   3.9886572e+00  -5.0448454e+01
   9.0305060e+01  -1.7162799e+01
   5.3377583e+01   2.2272523e+01
   3.5718966e+01   3.8776398e+01
   3.8019285e+01   8.4203222e+01
   1.4591235e+00  -6.7078452e+01
   9.6270431e+01   1.9512260e+01
   4.9947867e+01  -7.9246966e+01
  -3.3567957e+00  -5.8100973e+01
  -7.3961623e+01  -8.1576577e+01
  -4.1893810e+01  -7.1694204e+01
   8.4284243e+01  -2.5104884e+01
   7.5036694e+01  -7.6290137e+00
  -2.8241643e+01  -1.3550017e+01
  -1.5712654e+01  -1.3136676e+01
  -1.1108128e+00   6.8118674e+01
  -2.3575655e+01   4.4455765e+01
   6.8726878e+01  -7.0468954e+01
  -4.4252775e+01   3.0227427e+01
  -6.3003840e+01   5.0180278e+01
  -2.2378207e+01   7.5575239e+01
  -1.9263613e+01   9.9575590e+01
  -5.3845259e+01   5.7326358e+01
   1.5167060e+01  -8.0969244e+01
   5.6067974e+01  -6.3247160e+01
  -6.7778258e+01  -1.6853802e+01
   3.4442297e+01  -5.3989042e+01
   9.6374227e+01  -4.7825828e+01
  -7.9186704e+01  -7.3054896e+01
  -8.5987038e+01   6.1768006e+01
  -9.4360877e+01  -8.5798394e+01
  -5.4719540e+01  -5.6424996e+01
  -4.6482963e+01  -9.5730831e+01
  -9.0057515e+01  -3.3135485e+01
   1.8869787e+01   3.8587658e+01
   8.7054602e+00  -3.1522051e+01
   1.2480476e+01  -8.2472549e+00
   1.7579071e+01   1.9648526e+01
   3.1396816e+01  -3.2773921e+00
   5.8966466e+00   8.9185376e+01
  -4.7635799e+00   3.0402473e+00
   1.0002158e+01  -2.1387548e+01
  -9.4699811e+01  -6.0625639e+01
   7.2621252e+01   2.0195544e+01
   5.3770716e+01   3.2228440e+01
   3.0599490e+01   5.3064640e+01
   7.5884538e+01   6.8184005e+01
   4.4234535e+01   7.6506576e+01
   4.4399261e+01   9.1800435e+01
   8.6627932e+01   4.4473080e+01
   9.5726718e+01  -4.5591523e+00
   1.8658815e+01   8.8880952e+01
  -2.8272223e+01  -8.8348639e+01
   4.1388361e+01  -3.0260063e+00
   7.8796073e+00   1.7548056e+01
  -4.4502501e+01  -2.0140760e+01
   9.0782090e+01  -6.9576176e+01
   9.0331354e+01   1.1488783e+01
   8.0787175e+01   1.4442831e+01
  -5.7069316e+01  -3.3528964e+01
  -6.6718293e+01  -8.2140555e-01
  -3.0881365e+01  -5.0525841e+01
  -1.9088109e+01  -4.0253308e+01
  -5.9438963e+01  -7.0138604e+01
   8.7710032e+01  -4.2926601e+01
  -6.1303841e+01  -8.9649988e+01
  -1.8346591e+01  -6.8842305e+01
   1.9517358e+01   5.2101783e+01
  -9.8663589e+01  -3.8228388e+01
   9.8643985e+01  -7.8432886e+01
  -7.6701997e+00  -3.0180087e+01
  -5.3809279e+01   2.7730631e+01
  -1.4590336e+01   4.8478999e+01
  -7.5416382e+01   7.7294602e+01
  -4.5387619e+01   2.0148966e+01
  -5.6030950e+01  -1.2778319e+00
  -4.2523585e+01   9.1114706e+01
  -4.1844828e+01   7.1991701e+01
  -7.1384371e+01   4.5076516e+01
  -8.7325741e+00  -8.6832814e+01
  -2.7772093e+01   9.6204656e+01
  -9.2317631e+01   9.0042992e+01
  -2.5620900e+01   3.4972978e+01
  -5.1642510e+01   7.7032073e+00
  -5.7967294e+01   3.9472175e+01
  -2.9633220e+01   1.7088190e+01
   7.7342408e+01  -6.5345256e+01
  -7.8318209e+01   3.7346152e+01
  -6.0969681e+01   8.7239394e+01
   1.8439660e+01  -9.9908002e+01
   3.9384102e+01  -4.0659518e+01
   4.6383780e+01  -2.3091113e+01
   3.1382905e+01  -6.9012135e+01
   4.2741896e+01  -4.9686796e+01
   7.3175938e+01  -4.6220187e+01
   3.8584322e+01  -1.7200474e+01
  -7.8805269e+01  -1.6695745e+01
   7.0533991e+01  -1.6759107e+01
   9.4136515e+01  -2.6660735e+01
  -7.3353670e+01  -2.5109619e+01
   6.3453502e+01  -2.3610511e+01
  -7.9784503e+01  -4.3651304e+01
  -5.9872668e+01  -4.3096033e+01
  -8.9055493e+01   5.2595912e+01
  -8.8291589e+01   7.3346141e+01
  -9.1152922e+01  -1.8736697e+01
  -8.3709538e+01  -2.5409056e+01
   6.4956574e+01   6.7029276e+01
  -7.0630327e+00  -8.1909381e+00
  -4.2910065e+00  -7.7835239e+01
   7.5458007e+00  -5.9292348e+01
   6.8781790e+01   9.3209314e+01
   9.9844056e+01   8.9943202e+01
   8.5673376e+01   8.2924551e+01
   5.3388597e+01   1.2308441e+01
   6.2277201e+01   2.7124269e+01
  -8.0224481e+01  -6.0929118e+01
  -9.6996037e+01  -7.1022173e+01
   6.8008138e+01  -5.9489518e-01
   6.2063493e+01   7.3745843e+00
  -3.2542702e+01  -3.6729632e+00
   4.3930277e+01   3.0962335e+01
   2.7308664e+01   3.3350800e+01
   1.0002118e+01   1.5596387e+00
   4.0844095e+01   4.7359090e+01
  -7.1162380e+01  -9.1170901e+01
   6.0675047e+01   3.9376530e+01
   3.3340685e+01   6.5032464e+01
   5.2836067e+01   6.8228327e+01
   5.1056175e+01   4.9320302e+01
   5.2513408e+01   8.2668994e+01
   8.0398227e+01   5.2272238e+01
   7.1309614e+01   5.9326644e+01
   3.3043211e+01   1.5239260e+01
  -1.3817213e+01  -9.1004432e-01
   9.0208653e+01   5.4097380e+01
   8.2662299e+01  -5.1407942e+01
  -3.5522604e+01  -3.1909618e+01
   8.4794359e+01   2.3639191e+01
  -6.8290440e+01  -3.4362895e+01
  -4.2580289e+01  -5.9795364e+01
  -4.3272979e+01  -8.1812247e+01
  -3.3543648e+01  -7.9903054e+01
  -3.0691154e+01  -9.8038005e+01
   2.8844401e+01  -1.6160204e+01
   1.9880349e+01   1.0284157e+00
   2.1909200e+01  -2.7218330e+01
   2.5062486e+01   9.4292205e+00
   6.3330192e+01  -9.8979145e+00
   9.9705731e+01  -9.6977948e+01
   5.1103817e+01   9.9161008e+01
   7.0478277e+01  -9.4584337e+01
   9.7373140e+00   5.4817469e+01
  -9.4508862e+01   3.3849235e+01
   8.9842750e+01  -9.6218364e+01
  -2.0477074e+00   8.2010964e+01
  -3.5523441e+01   3.4928558e+01
   1.1907103e+01   8.1854515e+01
  -8.3569154e+00   6.1833085e+01
   5.2625813e+00  -8.0570252e+01
  -8.1157186e+01   8.5921852e+01
   6.2788154e+01  -8.8701552e+01
  -1.7168453e+01   5.7949029e+01
   4.5126394e+01  -8.7872273e+01
  -2.2273253e+01   8.5528123e+01
  -1.2177330e+01   8.4799351e+01
  -2.8124563e+00   9.2441154e+01
   1.4976209e+01   6.2794777e+01
   3.4100726e+01   7.5002241e+01
  -7.7442017e+01   5.6850015e+01
  -3.4326370e+01   6.5649555e+01
  -4.3449977e+01   6.2711597e+01
  -3.5979414e+01   5.5754813e+01
   1.9378979e+01  -8.9312831e+01
   7.4022130e+01  -5.6137312e+01
  -2.4583253e+01   2.5395225e+01
  -3.3391746e+01   4.6103823e+01
  -3.3934222e+01   8.4606091e+00
   1.5293642e+01  -6.4020543e+01
  -6.4081929e+01   9.9482992e+01
  -5.5807151e+01   9.4240012e+01
  -8.7616536e+01   9.8869073e+01
  -4.2396257e+01   8.1493364e+01
  -5.1730555e+01   7.1820333e+01
   4.9073077e+01  -5.6748610e+01
  -4.7470009e+01   9.9291783e+01
   6.5075076e+01  -5.2229816e+01
  -8.9316428e+01   4.5751619e-02
  -1.5828157e+01   3.7324493e+01
   9.5360020e+01  -3.6567835e+01
  -1.1139733e+01   2.8492889e+01
   8.0399726e+01  -1.6002907e+01
  -7.4359742e+01   2.8148155e+01
  -6.3703855e+01   2.7379457e+01
  -5.1572051e+01   4.6588392e+01
   7.3643772e+01  -2.6364337e+01
  -8.9373895e+01   1.9164396e+01
  -6.3874848e+01  -5.2232213e+01
   8.2160948e+01  -3.4749296e+01
  -6.0275520e+01   1.8182087e+01
   1.4729266e+01  -5.1542725e+01
  -8.8672240e+01  -7.7580238e+01
  -8.3063504e+01  -8.5855033e+01
   7.8694200e-01  -3.9320072e+01
   1.0149282e+01  -4.2702368e+01
   2.5645180e+01  -4.2051413e+01
  -9.5691420e+01   8.0058703e+01
  -6.5356511e+01  -6.2097364e+01
  -5.1412124e+01  -7.6060601e+01
  -5.0289912e+01  -6.6130480e+01
   1.3553070e+01   9.7331958e+01
  -6.9803285e+01  -4.4190074e+01
  -9.8187877e+01   2.4550572e+01
   2.6729856e+01   2.3399740e+01
   2.8318069e+01   8.5883930e+01
   2.4898261e+01   9.6480522e+01
  -7.8264269e+01  -3.3788975e+01
   9.2500818e-01  -2.5248755e+01
   5.7439510e+00   2.7184041e+01
   1.5513843e+01   2.9325584e+01
   9.3217574e+01   2.9026822e+01
   2.0314693e+00  -4.2527141e+00
  -1.4567249e+01  -2.3037164e+01
   3.1769141e+00  -1.4131615e+01
  -5.9745061e+00  -1.8069957e+01
   8.8435860e+01   9.2528443e+01
  -9.6279826e+01   4.5953952e+01
   9.5820601e+01   9.9267013e+01
   7.6191553e+01   9.9911540e+01
   5.1369077e+01  -9.2270364e+00
   4.9113659e+01   3.2960497e+00
   7.7909598e+01   1.9428204e+00
   8.4637573e+01   7.2986462e+01
   6.3083331e+01   1.7237570e+01
   9.9679754e+01  -1.3758781e+01
   8.6303527e+01  -8.0066575e+00
   4.9207529e+01   5.8988570e+01
  -8.9206533e+01  -9.4364128e+01
  -8.5117402e+01  -5.2098288e+01
   6.9508753e+01   7.5852676e+01
  -7.9486191e+01  -9.6687603e+01
  -9.6243843e+01  -5.0749116e+01
   5.8553398e+01   9.2509722e+01
  -8.7592598e+01  -6.7650538e+01
   4.3016397e+01   6.6684079e+01
   9.2280878e+01   6.6542888e+01
   9.8208730e+01   5.3163894e+00
  -2.0901797e+01  -5.0036323e+01
   6.0974154e+01   4.9308390e+01
   3.5847344e+01   5.6682281e+00
   8.6178967e+01  -6.0722261e+01
  -1.4220774e+01  -7.8540892e+01
  -1.8387011e+01  -8.8966512e+01
  -1.1010943e+01  -9.6686718e+01
  -2.2642090e+01  -5.9844895e+01
  -3.0674194e+01  -4.0612840e+01
  -9.5181050e+01   6.5129322e+01
  -4.5337398e+01  -3.0037547e+01
  -5.3538362e+01  -2.4205630e+01
   9.4902731e+01   3.8877583e+01
   9.5468589e+01   8.0952413e+01
  -4.4556987e+01  -5.4344429e+00
  -7.3114488e+01  -8.4724264e+00
  -6.0293083e+01  -1.0289334e+01
  -8.2309445e+01   8.8159287e+00
  -9.5347993e+01  -9.6612220e+00
  -2.4439980e+01  -2.2578875e+01
  -2.2359077e+01  -5.7721607e+00
  -3.4397254e+01  -2.2016681e+01
  -3.2618273e+01  -6.0305439e+01
   3.6573812e+01   2.4468182e+01
  -6.4095736e+01  -7.9947006e+01
  -2.4036905e+01  -7.7033233e+01
   1.9107130e+01  -1.7701440e+01
   9.8648453e+01   4.8748047e+01
  -5.8070922e+01  -9.9112193e+01
  -9.7518323e+01  -2.6448703e+01
   2.6784063e+01  -8.2713659e+01
   3.6638854e+01  -8.1760072e+01
   4.0155278e+01  -7.2469919e+01
   9.3325731e+01  -8.6880325e+01
   6.1435839e+01  -9.8727418e+01
   8.5674052e+00   3.6500738e+01
   4.7668028e+01   4.0085488e+01
   4.9620653e+01  -4.1800851e+01
   2.7175146e+01   4.3867678e+01
   9.5928879e+01  -5.8564722e+01
  -8.5230504e+01   3.0120385e+01
  -1.3437687e+00  -9.9245479e+01
   5.7889170e+01  -7.2804817e+01
   8.0055631e+01  -9.6213483e+01
   6.5088795e+01  -7.9418406e+01
  -6.5882197e+00   4.2715745e+01
   2.0050864e+00   4.8536816e+01
   2.1238086e+01   7.9355028e+01
  -1.6018203e+01   6.7978897e+01
   7.6909250e-01   5.8426296e+01
   5.3849515e+01  -9.2285779e+01
  -7.9453699e+01   6.8694574e+01
  -6.1520131e+01   7.6669915e+00
  -4.2533053e+01   4.1453548e+00
   4.5450255e+01  -3.2908432e+01
   5.5063045e+01  -1.8442238e+01
   3.7376717e+01  -2.7119366e+01
  -7.1477346e+01   8.5828765e+01
   3.6202416e+01  -9.1720043e+01
  -2.4918771e+01   6.3853717e+01
   5.1042168e+00   7.5202558e+01
  -8.0716734e+01   4.7535607e+01
  -1.1641431e+01   9.4589550e+01
   3.9244297e+00   9.9628034e+01
  -3.3315770e+01   8.8955925e+01
   2.7796607e+01  -6.0554420e+01
   1.4124748e+01  -7.2307668e+01
  -4.6710225e+01   5.4410238e+01
  -7.0153663e+01   9.4763357e+01
  -6.3510196e+01   8.3094534e+01
