   3.6636799e+01   1.1525167e+01
   2.3475316e+01  -1.3297318e+01
  -2.5788162e+01  -1.7926116e+01
   4.0722172e+00   2.7284820e+01
   3.7545018e+00  -2.9494287e+01
  -2.3298124e+00   6.2342766e+00
  -6.5502004e+00  -2.7798375e+00
   3.9099264e+00  -1.9537305e+01
  -1.3225994e+01  -1.8666440e+01
   2.3374436e+01  -3.3023482e+00
   3.4975391e+00  -1.7105767e+00
   2.0446385e+01   3.3987612e+01
   1.4621538e+01  -1.7926705e+01
  -1.9048413e+01  -1.0546232e+01
  -4.9195399e+00  -2.4226141e+01
  -3.5498354e+01   4.1228853e+00
   2.1402462e+01   1.8351913e+01
   1.3465450e+01  -2.0693114e+00
   1.6907292e-01   1.8078347e+01
   1.0689555e+01   1.6935950e+01
  -6.0005157e+00   2.6000387e+01
   1.3616360e+01  -2.7854298e+01
   2.2919433e+01  -2.3454966e+01
  -2.4253751e+00  -1.1841034e+01
  -6.6543349e+00  -3.4072709e+01
   2.2111438e+00  -3.9351635e+01
   8.0591518e+00  -1.0479096e+01
  -1.5266888e+01  -2.8453891e+01
  -2.5602058e+01   2.7790985e+00
  -2.8491747e+01  -7.2620595e+00
  -1.6343240e+01  -9.3406701e-01
   2.6823070e+01   9.8684173e+00
   1.7292935e+01   7.1569446e+00
   7.4233124e+00   7.5189230e+00
  -1.9432994e+00   3.5272549e+01
   3.2177589e+01   1.4274885e+00
  -1.2864231e+01   3.3272898e+01
   1.4026202e+01   2.6337314e+01
