   3.9138234e+01  -4.1849029e+01
  -6.8283501e+01   8.6472403e+00
   7.6324971e+01   6.3294341e+01
  -6.5859772e+01  -5.3813225e+01
   7.2373658e+01  -4.1570639e+01
  -1.1968974e+00   6.7899613e+01
  -9.7973077e+00   6.2818645e+01
  -4.5226944e+01   1.7069395e+01
   2.5858584e+01  -4.9743648e+01
   4.0637547e+01   6.6305086e+00
   3.6947103e+00  -7.2528967e+01
  -1.3410235e+01  -2.6766264e+01
   8.4477925e+01   8.2276684e+01
  -6.2041845e+01  -2.5175215e+01
   8.7778064e+01   3.6104167e+00
   7.4725997e+01   8.0094397e+01
  -6.0366160e+01   5.0759822e+01
  -8.4249161e+01   8.9049510e+01
   5.7456456e+01  -6.7349343e+01
   4.1456451e+01  -9.6484200e+01
  -7.6405050e+01   2.8678211e+00
  -3.2681655e+01   7.6929827e+01
  -9.3102645e+01   2.8002844e+01
   6.2895186e+01  -2.9883106e+01
  -3.1919565e+01  -7.2626764e+01
  -8.9163538e+01  -5.6215529e+01
  -9.8937020e+01  -8.9936434e+01
   3.9012798e+01   5.9136292e+01
  -6.1331977e+01  -8.9216798e+01
   1.4005861e+01   3.1442806e+00
   9.6832906e+01   6.2300713e+01
   3.8261206e+01   3.9440067e+01
   2.7374231e+01   7.3087224e+01
  -3.9134470e+01  -4.5446231e+00
  -3.7480466e+01   2.4086002e+01
   2.6601397e+01   4.4174277e+01
  -4.7304637e+01   3.6948992e+01
  -7.9002063e+01   4.3532744e+01
  -3.5744479e+01  -1.3905430e+01
   6.8209718e+01   6.9508634e+01
  -8.7782850e+01   3.8755921e+01
   7.5374669e+01  -5.5456573e+01
  -6.3550997e+00  -9.0287121e+01
   8.6418239e+00  -4.1860071e+01
  -4.4711443e+00  -2.2292812e+01
   4.0322483e+00  -5.0690817e+01
  -9.4880955e+01  -7.6224477e+01
  -7.4998724e+01  -9.3428516e+01
  -8.4573932e+01  -9.8062521e+01
  -1.3642428e+01  -9.8713222e+01
   1.0516081e+01   1.2515271e+01
   7.1209338e+00   2.1913887e+01
   1.2850357e+01  -3.0552711e+01
   6.2179579e+01   2.7258783e+01
   3.8319557e+01   8.8208559e+01
  -4.3497045e+00   4.9957887e+01
   2.1216642e+01   1.0054895e+01
  -3.2894491e+01   5.7301033e+01
   4.2555881e+01   3.0524607e+01
   4.9203097e+01   4.8330516e+01
  -6.1766711e+01   9.8006626e+01
  -4.7676251e+01   7.7466390e+01
  -8.6732257e+01   5.9335412e+01
  -7.7288429e+01   8.1870460e+01
   5.2309504e+01   3.5412297e-01
  -2.3597901e+01   5.3686766e+01
   1.8173806e+01  -3.9094075e+01
   4.5626775e+01  -4.9874222e+01
  -6.1052727e+01  -1.5235163e+01
   4.6686048e+01  -1.2243069e+01
   3.2932507e+01  -3.0610906e+00
  -7.9792123e+01  -4.1259601e+01
  -9.9019519e+01   3.6064519e+01
  -1.8658287e+01  -6.9250570e+01
  -1.5798887e+01   8.7919394e+01
   1.9086617e+01   6.7207367e+01
   2.1047916e+01   5.7405019e+01
   1.1745341e+01   9.7006142e+01
  -7.0517255e+01  -4.4975596e+01
   8.0864773e+01   7.2203837e+01
   4.8386369e+01   6.8242394e+01
  -6.0545821e+00   8.5699659e+01
   1.0864674e+01  -1.5324199e+01
  -8.2441876e+00  -9.8317124e+00
  -2.3381647e+01  -2.6947578e+01
   2.9976892e+01  -2.2193166e+01
   2.0895764e+01  -5.8336101e+01
   8.2357243e+01   1.3231650e+01
   7.5028428e+01   2.0008653e+01
   9.7064749e+01  -1.2493295e+01
   6.6619890e+01   5.9635831e+01
  -2.0164614e+01  -4.5389964e+01
   5.8053599e+01  -8.9744434e+01
   8.5667166e+01  -5.4531253e+01
   1.2274743e+01   3.0473561e+01
   2.6942166e+01   1.8432576e+01
   8.2581167e+00   3.9622405e+01
  -1.7851374e+01   3.4931729e+01
   1.1065313e+01   5.7603514e+01
  -4.0747853e+01   5.1145921e+01
  -7.2995897e+01   3.5558291e+01
  -8.4402817e+01   2.0210151e+01
  -7.4522271e+01   2.4536282e+01
   2.3158875e+01  -7.3674070e+01
  -7.6747483e+01   9.5752015e+01
   6.4362879e+01  -8.1990661e+01
  -5.7656459e+01   7.8079396e+01
   3.2354371e+01  -6.9748738e+01
  -9.1895755e+01   6.8232151e+01
   9.2951638e+01  -7.2433292e+01
  -2.8372300e+00  -8.0935526e+01
   8.8171129e+01  -2.8906858e+01
   9.0511689e+01  -4.0289666e+01
  -2.4480811e+01  -9.4787174e+01
  -3.6953056e+01  -8.8854251e+01
  -9.0619699e+01  -3.5961090e+00
  -9.0206530e+01  -8.5063515e+01
  -5.7874394e+01  -5.7717497e+00
  -9.4120417e+01   1.7899597e+01
  -6.2533997e+01  -6.6201103e+01
  -5.3367708e+01  -8.3173360e+01
  -6.5287089e+01  -7.5965008e+01
   3.0670386e+01   9.4637814e+01
  -5.2498305e+01  -2.1717401e+01
  -1.0303682e+01  -4.6499751e+01
   8.7286814e+01   9.4755987e+01
   6.0723651e+00  -4.8484924e+00
  -2.4956255e+01  -1.7065981e+01
  -4.6850590e+01  -3.0137056e+01
  -9.9072060e+01  -2.4440861e+01
  -2.2682796e+01   1.1078738e+00
   2.5037770e+01  -1.0597182e+01
   3.6466940e+01  -1.2406387e+01
   8.5632326e+01   4.5580815e+01
   8.0179621e+01  -1.5370732e+01
   3.5758288e+01   7.8573324e+01
   1.9755184e+01   7.9550405e+01
  -3.4606015e+01  -5.5778932e+01
   3.6076987e+01  -7.9019104e+01
   6.2529033e+01  -3.9860293e+01
   2.1874650e+01   9.9383257e+01
  -3.0604661e+01   1.6936011e+01
  -2.2510402e+01   4.3758714e+01
   1.0045700e+01   7.7224352e+01
  -1.8952606e+01   7.8432115e+01
  -2.7812988e+01   3.4754007e+01
   5.6057983e+00   4.9248487e+01
   2.3747240e+00   3.1544458e+01
  -4.0204753e+01   5.3376540e+00
  -6.0282482e+00   9.9367795e+01
  -5.4889649e+01   2.0871294e+01
   9.7028250e+00   8.7206509e+01
   3.9268284e+01   4.9253338e+01
   3.3871190e+01   2.5617902e+01
   4.9118175e+01   1.1840358e+01
   5.5460445e+01   1.9569950e+01
  -7.6892345e+01   1.3651552e+01
  -2.6606538e+01   8.4865171e+01
  -4.0468077e+01   7.0535286e+01
   5.8909196e+01   1.0117299e+01
   6.8975091e+01  -9.0861018e+01
   2.4072576e+01  -9.2834036e+01
   4.2911141e+01  -3.0472533e+00
   6.7292157e+01  -6.2251670e+01
  -4.3058428e+01   6.0876766e+01
   8.6722408e+01  -6.4464286e+01
  -4.8872230e+01   8.8277386e+01
  -9.5305013e+01   9.1885850e+01
  -9.7383763e+00  -7.3743850e+01
  -5.7969277e+01   4.1101043e+01
  -3.7063792e+01   9.3373938e+01
   3.0223748e+01   5.3471232e+01
  -8.4856669e+01   7.5334865e+01
  -3.7755540e+01   3.4058474e+01
   1.3153615e+01  -9.4668016e+01
  -2.5414035e+01   9.4790024e+01
   3.0751604e+01  -5.9893261e+01
   5.0627471e+01  -2.1380953e+01
   4.8980394e+01  -4.0159868e+01
   1.3495418e+01  -7.6337359e+01
  -1.2928735e+00  -4.2317504e+01
   1.5764471e+01  -4.8873438e+01
   2.3379498e+01  -3.0599647e+01
   3.4893229e+01  -8.8943517e+01
  -5.5893783e+01   3.1366634e+01
   3.0669786e+01   6.8380149e+00
   2.8088528e+01  -4.0065521e+01
  -9.5968332e+01   6.5514993e+00
  -7.4340079e+01  -5.9101542e+01
   5.8912516e+01  -5.6843423e+01
   8.0672404e+01  -3.5493694e+01
  -8.0497062e+01  -7.4661777e+01
   6.6971199e+01  -5.0037034e+01
  -9.8859856e+01   7.5413971e+01
  -8.7433103e+01  -3.4821191e+01
  -7.0223555e+01  -8.4647838e+01
  -8.0218412e+01  -8.4656818e+01
  -5.5803816e+01  -9.7548233e+01
  -5.6794038e+01  -5.8013130e+01
  -5.5632407e+01  -7.3434048e+01
  -7.8671991e+01  -2.9390077e+01
   5.5551821e+01   7.5191549e+01
   2.9994831e+01   6.3450840e+01
   1.6558731e+01   4.8015479e+01
   7.2089853e+01   5.1264512e+01
  -5.9991411e+01  -4.5507540e+01
  -9.5438239e+01  -9.9304250e+01
   1.8578912e+01   3.8222804e+01
   6.3565906e+01   9.8491712e+01
   3.6514277e+01   1.5699691e+01
  -1.3042889e+01  -8.6990770e-01
   9.9378088e+01   7.8792396e+01
   6.4802952e+01   7.8951094e+01
  -1.4980750e+01  -1.7073423e+01
   9.0796709e+01   7.3363403e+01
   1.0474381e+00  -1.3485229e+01
   9.5157786e+01   4.2536867e+01
   1.5450074e+01  -6.6638059e+01
   1.0942058e+01  -5.7783853e+01
   4.2404722e+00   4.9694853e+00
  -7.2336388e+01  -6.8888145e+01
   2.3432720e+01  -4.7705482e-02
   6.8724278e+01   8.4111366e+00
   8.4683583e+01   2.3332859e+01
   8.6721695e+01   6.4099874e+01
   6.9756930e+01  -1.1285954e+01
   5.8768946e+01   3.6806139e+01
   4.7100585e+01   9.2968442e+01
   8.9486595e+01  -1.9006440e+01
   4.5726532e+01   7.7873991e+01
   3.8431430e+01   6.9022897e+01
  -9.7416396e+01  -3.4302220e+01
   3.2914232e+00  -9.3005061e+01
   2.8141329e+01   8.4976013e+01
   1.9365002e+01   8.9710794e+01
   9.1437707e+01   5.3881022e+01
  -3.8372378e+01  -6.4996135e+01
  -2.7086300e+01  -6.3890392e+01
   5.8339528e+01   6.5242550e+01
   8.1473209e+01   5.4721592e+01
  -1.4914534e+01  -5.5359900e+01
   4.5654639e+01  -7.6161705e+01
  -3.0069286e+01  -4.5716375e+01
   1.7092268e+01   1.9807980e+01
  -1.6443422e+01  -3.6197703e+01
  -3.6751548e+01  -3.2490753e+01
  -5.6293966e+01  -3.3350581e+01
   9.9849626e+01  -4.3868621e+01
   8.7793212e+00   6.7321298e+01
  -9.5881318e+00   7.4924542e+01
   7.3862312e-02   7.7810498e+01
  -8.3631368e+00   3.1937345e+01
  -2.6797007e+00   4.0133778e+01
  -7.8318864e+01   5.3444497e+01
  -9.5295216e+01   4.5345824e+01
  -1.2512027e+01   4.3461826e+01
  -3.3074751e+00   2.3368663e+01
  -1.8037033e+01   6.8477159e+01
  -2.5010250e+01   2.5169774e+01
  -3.2288681e+01   4.5820854e+01
  -1.3628925e+01   5.3593256e+01
   1.2503683e+00   9.2522913e+01
  -6.5678980e+01   1.8958723e+01
  -6.5548446e+01   2.8926874e+01
  -5.8853047e+01   1.1718040e+01
  -6.6794682e+00  -3.4005735e+01
  -4.8717154e+01  -1.8288683e+00
  -2.9342720e+01  -6.2919082e+00
  -4.5972038e+01  -1.1817216e+01
  -3.2698064e+01  -2.3385435e+01
  -1.9621026e+01  -8.3504338e+00
   2.9595542e+01   3.4657455e+01
   5.5600014e+01  -7.7175193e+01
  -5.0265673e+01   6.7808349e+01
  -4.9661888e+01   4.6652690e+01
   9.6608928e+01  -6.3006232e+01
  -8.2843421e+01   3.0073825e+01
   6.5295992e+01   1.7788952e+01
  -3.0959590e+01   6.7093835e+01
   2.6887837e+01  -8.2952676e+01
  -6.6758171e+01  -1.2172383e+00
  -7.0818479e+01  -1.2334201e+01
   3.5730692e+01  -5.1239169e+01
  -5.8867677e+01   8.8415504e+01
  -6.8781483e+01   8.9708588e+01
  -9.9155868e+01  -5.6593137e+01
  -4.5976161e+01   9.7908867e+01
   9.7337435e+01  -3.2888620e+01
  -5.1985332e+01   5.6371834e+01
  -6.7508077e+01   7.9790067e+01
  -8.7716000e+01   9.8429075e+01
  -3.9937689e+01   8.3798069e+01
  -1.5918252e+01   9.7916918e+01
  -6.8974792e+01   4.5345037e+01
  -9.6487400e+01  -6.6354871e+01
   6.7586359e+00  -8.3652793e+01
  -9.5494739e+00  -6.3778793e+01
   1.7239643e+01  -8.5557959e+01
   5.5907392e+01  -4.7334115e+01
  -4.6984409e+01   2.6960944e+01
  -8.1388894e+01  -7.4421780e+00
   3.3284089e+01  -3.1598593e+01
   4.3181136e+01  -3.2030087e+01
   9.8765791e+01  -2.2732041e+01
  -2.7817999e+01  -8.4790097e+01
  -4.1230128e+01  -9.7891319e+01
   4.9205574e+01  -5.9209981e+01
  -9.8758732e+01  -1.1765106e+01
  -7.9909151e+01   6.6645106e+01
   3.2830437e+00  -3.3440407e+01
   1.8219477e+01  -2.2070908e+01
   5.4250649e+00  -2.3697062e+01
   8.1596550e+01  -4.5421715e+01
  -8.6027192e+01   5.5379425e+00
  -9.5892127e+01   5.5325328e+01
  -9.1817732e+01   8.2513783e+01
  -4.3539972e+01  -8.1338498e+01
  -6.6104364e+01  -9.8003701e+01
  -6.5886520e+01  -3.6122527e+01
  -7.1617899e+01  -2.2302408e+01
   6.2160345e+01   8.8593281e+01
   8.9959751e+01   3.3909414e+01
  -3.2290683e+00  -1.3262496e+00
  -8.3004085e+01  -6.4093205e+01
  -8.0495471e+01  -5.1231179e+01
   9.3391518e+01   8.6802076e+01
   7.2091733e+01   8.9740383e+01
   1.5863798e+01  -6.6746855e+00
   4.0255678e+01  -2.1656302e+01
  -8.8781562e+01  -4.5639714e+01
   2.1936957e+00  -6.2642261e+01
  -4.9597797e+00  -5.4929029e+01
  -8.8935188e+01  -2.4937953e+01
  -8.1002112e+01  -1.8851827e+01
   9.5906308e+01  -2.5628923e+00
   9.4803368e+01   2.5162874e+01
   7.7817976e+01   4.3419936e+00
   9.2072257e+01   1.5547280e+01
   8.7640033e+01  -8.2191709e+00
   4.5022373e+01   2.0905650e+01
   5.7939771e+01   5.3172090e+01
   5.2400817e+01   2.9078778e+01
   5.2902154e+01   8.4829303e+01
   4.8752561e+01   3.8367967e+01
   3.9452870e+01   9.9409659e+01
   7.7984893e+01  -5.6286216e+00
   6.2302358e+01   7.2083094e-01
  -9.8678573e+01  -4.4221775e+01
   2.2003100e+01   2.8360336e+01
   4.9300223e+01   5.8307466e+01
   6.4078090e+01   4.5280200e+01
  -4.5824680e+01  -7.1614597e+01
  -1.6278863e+01  -8.9068171e+01
  -1.8083641e+01  -7.9235472e+01
   5.1426667e+01  -9.7230031e+01
   4.8843440e+01  -8.5849478e+01
   4.1943916e+01  -6.6876196e+01
  -2.4792798e+01  -5.4192549e+01
   6.6383250e+01  -7.2203120e+01
  -4.6972900e+01  -5.9870718e+01
  -2.7422678e+01  -3.6083145e+01
   7.6775295e+01  -6.5356511e+01
  -4.2516524e+01  -2.1189250e+01
   6.7506985e-01   1.4261936e+01
   9.5853122e+01  -5.3035143e+01
   7.2829228e+01  -2.9347730e+01
   5.6583172e+01  -8.7228966e+00
   6.7371527e+01  -2.0973973e+01
  -3.0494922e+01   7.0547841e+00
  -4.9667169e+01   8.1096317e+00
   5.3050009e+01  -3.1048739e+01
  -7.1522804e+01   5.3681666e+01
