   3.7104898e+01   1.1600745e+01
   2.3602512e+01  -1.3309680e+01
  -2.5817415e+01  -1.7958166e+01
   4.0682080e+00   2.7284818e+01
   3.7327402e+00  -2.9681195e+01
  -2.1773849e+00   6.2167136e+00
  -6.5574580e+00  -2.8154697e+00
   3.9141264e+00  -1.9682846e+01
  -1.3243330e+01  -1.8679018e+01
   2.3514425e+01  -3.3100691e+00
   3.5829026e+00  -1.9575224e+00
   2.0521049e+01   3.4075915e+01
   1.4929420e+01  -1.8287371e+01
  -1.9085769e+01  -1.0563240e+01
  -4.9632962e+00  -2.4286244e+01
  -3.5564174e+01   4.1317201e+00
   2.1402462e+01   1.8351913e+01
   1.3580858e+01  -2.1593446e+00
   1.6833867e-01   1.8076614e+01
   1.0716133e+01   1.7031700e+01
  -6.0005157e+00   2.6000387e+01
   1.3622676e+01  -2.8201617e+01
   2.3324428e+01  -2.3720936e+01
  -2.4296329e+00  -1.1923766e+01
  -6.6661413e+00  -3.4140192e+01
   2.1783884e+00  -3.9559653e+01
   8.3764538e+00  -1.0733688e+01
  -1.5270534e+01  -2.8471384e+01
  -2.5651039e+01   2.8165162e+00
  -2.8521514e+01  -7.2516389e+00
  -1.6379335e+01  -9.3644544e-01
   2.7220942e+01   1.0081774e+01
   1.7727124e+01   6.9405697e+00
   7.7419327e+00   7.4842380e+00
  -1.9450421e+00   3.5274863e+01
   3.2299441e+01   1.4673189e+00
  -1.2864231e+01   3.3272898e+01
   1.4034550e+01   2.6465047e+01
