   3.7330000e+03
   3.6090000e+03
   3.6850000e+03
   3.7410000e+03
   3.5890000e+03
   3.6430000e+03
   3.8290000e+03
   3.4510000e+03
   3.8590000e+03
   3.7510000e+03
   3.3050000e+03
   3.5390000e+03
   3.7110000e+03
   3.6410000e+03
   3.7490000e+03
   3.8470000e+03
   3.3170000e+03
   3.5650000e+03
   3.7210000e+03
   3.6190000e+03
   3.4030000e+03
   3.7710000e+03
   3.3670000e+03
   3.4710000e+03
   3.7870000e+03
   3.3830000e+03
   3.3770000e+03
   3.5050000e+03
   3.8330000e+03
   3.8530000e+03
   3.5110000e+03
   3.5710000e+03
   3.6290000e+03
   3.6330000e+03
   3.7830000e+03
   3.6890000e+03
   3.3610000e+03
   3.3710000e+03
   3.7010000e+03
   3.5190000e+03
   3.4850000e+03
   3.8390000e+03
   3.7670000e+03
   3.4690000e+03
   3.7890000e+03
   3.8730000e+03
   3.4630000e+03
   3.5310000e+03
   3.5930000e+03
   3.5570000e+03
   3.7930000e+03
   3.6210000e+03
   3.3530000e+03
   3.6610000e+03
   3.3270000e+03
   3.8370000e+03
   3.3730000e+03
   3.7550000e+03
   3.3970000e+03
   3.4190000e+03
   3.4070000e+03
   3.7150000e+03
   3.4290000e+03
   3.3850000e+03
   3.4530000e+03
   3.8150000e+03
   3.8830000e+03
   3.8790000e+03
   3.4670000e+03
   3.4450000e+03
   3.7810000e+03
   3.8650000e+03
   3.7990000e+03
   3.3870000e+03
   3.7790000e+03
   3.3790000e+03
   3.4950000e+03
   3.8430000e+03
   3.5130000e+03
   3.8950000e+03
   3.5850000e+03
   3.8550000e+03
   3.8810000e+03
   3.5670000e+03
   3.4210000e+03
   3.5530000e+03
   3.3250000e+03
   3.5690000e+03
   3.6450000e+03
   3.6550000e+03
   3.8910000e+03
   3.5750000e+03
   3.6530000e+03
   3.6310000e+03
   3.3430000e+03
   3.6350000e+03
   3.6710000e+03
   3.4230000e+03
   3.4250000e+03
   3.3490000e+03
   3.3810000e+03
   3.6950000e+03
   3.4090000e+03
   3.4370000e+03
   3.7070000e+03
   3.4430000e+03
   3.7230000e+03
   3.7350000e+03
   3.6990000e+03
   3.7770000e+03
   3.4590000e+03
   3.7610000e+03
   3.7530000e+03
   3.8190000e+03
   3.7730000e+03
   3.6590000e+03
   3.6230000e+03
   3.8670000e+03
   3.8090000e+03
   3.6930000e+03
   3.5630000e+03
   3.4990000e+03
   3.8170000e+03
   3.5870000e+03
   3.6170000e+03
   3.5010000e+03
   3.5770000e+03
   3.5090000e+03
   3.5410000e+03
   3.8110000e+03
   3.8570000e+03
   3.5610000e+03
   3.6470000e+03
   3.6750000e+03
   3.5810000e+03
   3.5830000e+03
   3.9070000e+03
   3.9110000e+03
   3.6270000e+03
   3.9150000e+03
   3.6250000e+03
   3.6130000e+03
   3.8870000e+03
   3.3060000e+03
   3.6730000e+03
   3.6490000e+03
   3.6510000e+03
   3.7950000e+03
   3.3220000e+03
   3.6390000e+03
   3.8210000e+03
   3.3280000e+03
   3.8070000e+03
   3.3320000e+03
   3.3360000e+03
   3.3400000e+03
   3.7430000e+03
   3.3440000e+03
   3.8230000e+03
   3.3480000e+03
   3.6830000e+03
   3.8710000e+03
   3.8050000e+03
   3.6790000e+03
   3.3660000e+03
   3.3680000e+03
   3.3700000e+03
   3.6870000e+03
   3.7650000e+03
   3.7690000e+03
   3.9050000e+03
   3.3820000e+03
   3.3840000e+03
   3.3860000e+03
   3.6970000e+03
   3.7030000e+03
   3.4020000e+03
   3.7130000e+03
   3.8130000e+03
   3.4080000e+03
   3.7090000e+03
   3.8250000e+03
   3.4200000e+03
   3.4220000e+03
   3.4240000e+03
   3.4280000e+03
   3.7310000e+03
   3.4360000e+03
   3.7290000e+03
   3.4420000e+03
   3.7590000e+03
   3.7470000e+03
   3.7570000e+03
   3.4500000e+03
   3.7630000e+03
   3.4540000e+03
   3.4580000e+03
   3.4620000e+03
   3.7750000e+03
   3.4660000e+03
   3.7910000e+03
   3.7850000e+03
   3.8030000e+03
   3.4740000e+03
   3.4760000e+03
   3.4800000e+03
   3.8010000e+03
   3.4860000e+03
   3.4940000e+03
   3.8270000e+03
   3.4980000e+03
   3.8350000e+03
   3.5020000e+03
   3.5040000e+03
   3.5080000e+03
   3.5100000e+03
   3.5120000e+03
   3.5140000e+03
   3.5160000e+03
   3.5180000e+03
   3.8410000e+03
   3.5240000e+03
   3.5260000e+03
   3.5300000e+03
   3.8610000e+03
   3.8450000e+03
   3.5380000e+03
   3.5400000e+03
   3.8750000e+03
   3.5520000e+03
   3.8690000e+03
   3.9130000e+03
   3.8770000e+03
   3.5620000e+03
   3.5640000e+03
   3.5660000e+03
   3.5680000e+03
   3.5700000e+03
   3.8850000e+03
   3.8890000e+03
   3.8970000e+03
   3.8990000e+03
   3.5800000e+03
   3.5820000e+03
   3.5840000e+03
   3.5860000e+03
   3.8930000e+03
   3.5920000e+03
   3.5960000e+03
   3.6000000e+03
   3.6080000e+03
   3.6100000e+03
   3.6120000e+03
   3.6160000e+03
   3.6180000e+03
   3.6200000e+03
   3.6220000e+03
   3.6240000e+03
   3.6280000e+03
   3.6300000e+03
   3.6320000e+03
   3.6340000e+03
   3.6360000e+03
   3.6380000e+03
   3.6400000e+03
   3.6420000e+03
   3.6440000e+03
   3.6460000e+03
   3.6480000e+03
   3.6500000e+03
   3.6520000e+03
   3.6560000e+03
   3.6580000e+03
   3.6600000e+03
   3.6680000e+03
   3.6700000e+03
   3.6720000e+03
   3.6740000e+03
   3.6780000e+03
   3.6800000e+03
   3.6820000e+03
   3.6840000e+03
   3.6860000e+03
   3.6900000e+03
   3.6920000e+03
   3.6960000e+03
   3.6980000e+03
   3.7000000e+03
   3.7020000e+03
   3.7080000e+03
   3.7100000e+03
   3.7120000e+03
   3.7140000e+03
   3.7200000e+03
   3.7220000e+03
   3.7260000e+03
   3.7300000e+03
   3.7320000e+03
   3.7340000e+03
   3.7380000e+03
   3.7400000e+03
   3.7420000e+03
   3.7460000e+03
   3.7480000e+03
   3.7500000e+03
   3.7520000e+03
   3.7540000e+03
   3.7560000e+03
   3.7580000e+03
   3.7600000e+03
   3.7620000e+03
   3.7640000e+03
   3.7680000e+03
   3.7700000e+03
   3.7720000e+03
   3.7740000e+03
   3.7760000e+03
   3.7780000e+03
   3.7800000e+03
   3.7820000e+03
   3.7840000e+03
   3.7880000e+03
   3.7900000e+03
   3.7920000e+03
   3.7940000e+03
   3.7960000e+03
   3.7980000e+03
   3.8000000e+03
   3.8020000e+03
   3.8040000e+03
   3.8060000e+03
   3.8080000e+03
   3.8100000e+03
   3.8120000e+03
   3.8160000e+03
   3.8180000e+03
   3.8200000e+03
   3.8220000e+03
   3.8240000e+03
   3.8300000e+03
   3.8320000e+03
   3.8340000e+03
   3.8360000e+03
   3.8380000e+03
   3.8400000e+03
   3.8420000e+03
   3.8460000e+03
   3.8480000e+03
   3.8520000e+03
   3.8540000e+03
   3.8580000e+03
   3.8600000e+03
   3.8640000e+03
   3.8660000e+03
   3.8680000e+03
   3.8700000e+03
   3.8720000e+03
   3.8740000e+03
   3.8780000e+03
   3.8800000e+03
   3.8860000e+03
   3.8920000e+03
   3.8940000e+03
   3.8960000e+03
   3.8980000e+03
   3.9000000e+03
   3.9040000e+03
   3.9060000e+03
   3.9080000e+03
   3.9100000e+03
   3.9120000e+03
   3.9140000e+03
   3.9160000e+03
