   4.0507981e+01   1.3416481e+01
   3.2601961e+01  -1.2337574e+01
  -2.0680162e+01  -1.9952408e+01
   3.4578076e+00   2.0642439e+01
   6.2941759e+00  -3.5094953e+01
   9.7690368e+00   1.1306238e+01
   5.4574407e+00  -2.5130027e+01
   2.5261123e+01  -5.5469844e+00
   6.0237835e+00   2.0340833e+00
   2.9264956e+01   4.5792457e+01
  -3.8618078e+01   1.1951096e+01
  -1.4526574e+01   2.9331645e+01
   4.2260557e+01  -2.7399112e+01
  -3.2980750e+00  -2.0298789e+01
  -1.5877643e+01  -4.1302769e+01
  -6.0596388e+00  -5.9619687e+01
  -2.5581553e+01  -3.8739788e+01
  -2.9100299e+01   8.8832197e+00
  -4.1865318e+01  -6.2744451e+00
  -1.4372756e+01  -9.8687957e-01
   4.7303322e+00   3.3928232e+01
   3.5700235e+01   4.6480397e+00
  -2.2002870e+01   3.5972805e+01
   2.3850086e+01  -3.5186466e+01
  -4.6127336e+01   4.9354786e+00
   6.9237101e+00  -4.5075113e+01
  -3.6591125e+01  -1.4770493e+01
  -4.8653402e+01  -3.0451718e+01
   4.6832504e+01   2.8130624e+01
  -2.5103182e+01  -2.8318746e-01
   1.6023242e+01   1.9302882e+00
  -5.9006022e+00   5.0180851e+01
   5.1766105e+01  -1.4372624e+01
   2.8167801e+01   2.3207223e+01
   1.4282716e+01   3.6886602e+01
   3.4800647e+01   3.2554894e+01
   2.7748672e+01  -4.4395213e+01
   2.2842334e+01  -1.5250047e+01
   4.2210510e+01  -1.7320609e+01
   1.5113285e+01  -3.0321457e+01
   5.7200031e+00  -1.5133479e+01
  -1.1959345e+01  -2.5297024e+01
  -1.1205585e+01  -5.0144255e+01
  -5.1476621e+01  -3.5134943e+00
  -4.8631073e+01   1.4616970e+01
  -3.0714119e+01   1.8752136e+01
   1.3020663e+01  -5.3001468e+01
   1.6386670e+01  -4.1842097e+01
  -2.0810065e+01  -2.9951564e+01
   5.7462942e+01   1.2815906e+01
  -7.9288844e+00  -1.1435635e+01
   3.8167566e+01   2.3138746e+01
  -4.3784488e+01  -2.1717101e+01
   3.0141532e+01   1.3403940e+01
   1.3457720e+01   2.0601043e+01
   3.9116193e+01  -4.7504290e+00
  -1.7708374e+01   5.0965250e+01
   7.4478769e-01  -6.4589694e+00
   6.5024919e+01  -1.1006910e-01
   1.6095961e+01   5.6558533e+01
  -3.2254111e+01   3.8061869e+01
  -2.3600025e-01   1.1349659e+01
   2.5605738e+01   3.6486004e+01
   1.1571155e+01  -7.0239787e+00
   1.9351231e+01   4.7103205e+01
   3.3422427e+01  -3.2293325e+01
   2.7631958e+01  -5.4394532e+01
   1.4245990e+01  -2.0359139e+01
  -2.3353335e+01  -5.4859437e+01
   2.3962582e+01  -2.5187100e+01
  -5.0483227e+00  -4.0594326e+01
   3.3534924e+01  -2.2293957e+01
  -4.1424001e+01   2.1549366e+01
  -5.7378874e+01   1.9462171e+01
  -5.8701071e+01  -1.0570706e+01
  -3.6516037e+01   2.1745205e+00
  -4.9058684e+01  -1.3221054e+01
  -1.7870343e+01  -1.0355277e+01
  -3.5104337e+00  -3.0713288e+01
  -1.2314132e+00  -5.0862506e+01
  -2.9957149e+01  -2.3685707e+01
  -2.7859769e+01  -9.8957398e+00
   7.4589515e+00  -6.1312146e+01
   4.5697800e+01   4.8686284e+00
  -5.3927601e+01  -2.1955674e+01
   4.9172920e+01   1.8408358e+01
  -3.3790098e+01  -3.2921967e+01
  -3.0226288e+01  -4.7595657e+01
  -5.3104787e+00   2.5450466e+01
   1.9704037e+01   1.2444552e+01
   2.5702334e+01   4.4432759e+00
  -1.0599704e+01   5.9007993e+01
   1.9652871e+01   2.8450879e+01
   5.5522783e+01   3.0059220e+00
  -5.2794904e+00   3.5450418e+01
   7.6645707e+00   5.1168596e+01
   4.9116173e+01  -4.7301212e+00
  -4.9019842e+00   2.2231791e+00
  -2.4016134e+01   2.6177563e+01
  -3.3964335e+01   2.8209199e+01
   1.4144247e+00   4.3362465e+01
   3.9156376e+01   4.7262079e+01
  -1.2350015e+01   4.2522029e+01
