   2.4368960e+01   5.9561123e+01
   5.9027098e+01   7.3302372e+01
   7.0045534e+01   4.8688152e+01
   2.3213213e+01  -9.6936727e+00
  -1.8290049e+01  -7.9591812e+01
  -2.4647025e+01   5.4121948e+01
  -7.7948044e+01   1.8918254e+01
  -3.1854046e+01  -6.6776184e+01
   2.8761780e+01  -8.5419518e+01
  -3.5922114e+01   2.3947507e+01
  -4.2006543e+01   4.1984115e+01
  -5.1862173e+01   9.9362953e+00
   8.1568835e+00  -8.9527011e+01
   3.6829656e+01   3.2937177e+01
  -1.2990846e+01  -7.0826706e+01
   5.0778382e+01  -9.1675748e+01
  -1.7301689e+01  -5.2776695e+01
  -2.5649073e+01  -3.2724306e+01
  -2.9772206e+00   3.3578607e+01
  -9.8746998e+00   7.4900492e+01
  -7.3556834e+01   9.8750501e+00
  -8.6403762e+01  -9.9086536e+00
   5.3526172e+01  -4.7942385e+01
  -6.7953268e+01   1.8152599e+01
   5.2762488e+01  -3.3578306e+01
   8.7434817e+01   1.6039293e+00
  -2.0047746e+01  -9.1855044e+01
   6.6592916e+01  -6.4506637e+01
  -6.3596967e+01  -7.1479922e+01
  -1.0079152e+01  -4.1106224e+01
  -5.8203777e+01  -1.5540698e+01
   6.2649530e+01  -3.4747232e+01
  -2.5226649e+01   2.2757669e+00
   7.2610455e+01   1.0285722e+01
   4.3233500e+01  -6.0039904e+01
   2.5503895e+01  -5.2444629e+01
   1.7348859e+01  -3.8619994e+01
   6.2971710e+01  -4.4708372e+01
  -8.8889562e+01  -4.1946536e+01
   7.2332634e+01  -3.7026281e+01
  -8.4777403e+01   8.0897896e+01
  -5.9081664e+01  -8.0338390e+01
   6.4393016e+01   8.1606802e+01
   3.8278405e+01   5.5889091e+01
   1.2479833e+01   4.4022189e+01
   8.7571613e+00   7.0060491e+01
   3.8079056e+01   2.3400659e+01
   2.1922199e+00   8.1535685e+00
   7.6676294e+01   8.0057702e+01
   1.5298232e+01   9.9400951e+00
   8.2690516e+01   5.9083190e+01
   2.3551884e+01   6.9459151e+01
   3.3934129e+01   9.3051174e+01
   5.9356677e+01   5.7096388e+01
  -6.2951697e+01  -2.4326209e+01
  -5.0491319e+01  -8.5397638e+01
  -6.7432855e+00   4.2792496e+01
  -6.3616020e-01   1.7882689e+01
  -2.7077194e+01  -2.2890898e+01
  -5.2522273e+01  -7.3772697e+00
  -6.8790790e+01   1.1133761e+00
  -7.8480143e+01  -1.2053368e+00
  -9.0516830e+01   9.4258054e+00
  -3.2143278e+01   8.3277815e+01
   5.7884659e+01  -3.8725774e-01
  -4.2570984e+01  -7.4802490e+00
  -6.9576908e+01   3.7615280e+01
  -4.3848658e+01   5.1811533e+01
  -5.5898364e+01   8.1992238e+01
  -3.5879355e+01  -8.9200252e+01
  -7.2577050e+01   9.2349774e+01
   2.3272156e+01  -7.7062732e+01
  -1.9419928e+00  -9.0633917e+01
  -1.1528878e+01  -9.7074569e+01
  -9.3316182e+01   6.1198769e+01
   3.1037531e+01  -3.1396762e+01
  -7.2239147e+01  -5.2802621e+01
  -1.9893011e+01  -4.0875299e+01
   5.8878325e+00  -5.2349351e+01
   4.4108413e+01  -1.5476504e+01
   8.9408409e+01  -1.7789510e+01
   5.3664101e+01   2.2573914e+01
   3.1761221e+01   4.1369695e+01
   3.7748098e+01   8.2359790e+01
  -3.7016124e+01  -2.3444954e+01
  -2.4861177e+00  -6.9317843e+01
   9.5483870e+01   2.1782796e+01
   4.5592815e+01  -7.9537852e+01
  -1.3345835e+01  -6.1241430e+01
  -5.2365009e+01  -2.3434631e+01
  -3.6303251e+00  -5.9506955e+01
  -6.9551388e+01  -7.9234017e+01
  -4.1204713e+01  -7.1004014e+01
   8.2848423e+01  -2.5384827e+01
   7.4245542e+01  -7.8531616e+00
  -9.9993994e+01   5.3758111e+01
  -2.6284082e+01  -8.6524922e+00
  -1.6699938e+01  -1.1351958e+01
   1.3762485e+00   6.2011068e+01
  -2.9500186e+01   7.3652486e+01
  -2.2760952e+01   4.4387878e+01
   6.4884851e+01  -7.4328080e+01
   6.0686200e+01  -9.3015101e+01
  -4.4606451e+01   2.8772853e+01
  -6.6407239e+01   4.9671225e+01
  -1.9574205e+01   7.2573947e+01
  -1.6668206e+01   9.3508891e+01
  -5.2614860e+01   5.6580687e+01
   1.3610256e+01  -7.9707660e+01
   5.6947350e+01  -6.7081291e+01
  -6.8120643e+01  -1.5085832e+01
  -9.9120152e+01   4.3721544e+00
   3.3331888e+01  -5.8651624e+01
   9.4685381e+01  -4.7829553e+01
  -7.8157195e+01  -7.4252810e+01
  -8.1770369e+01   6.3923323e+01
  -9.3214374e+01  -8.5359944e+01
  -5.4489129e+01  -5.6613861e+01
  -4.5258942e+01  -9.3904762e+01
  -8.9437433e+01  -3.1954554e+01
   2.1864007e+01   4.0995432e+01
   8.4896022e+00  -3.1302427e+01
   1.3081503e+01  -8.0458116e+00
   1.8318614e+01   2.0768438e+01
   2.9660696e+01  -1.7608193e+00
   4.2322566e+00   8.8934478e+01
  -5.8150952e+00   2.1972953e+00
   1.0575139e+01  -1.7657941e+01
  -9.3650904e+01  -6.0543884e+01
   7.2204580e+01   2.0322195e+01
   5.3730667e+01   3.2858198e+01
   2.9582293e+01   5.1066891e+01
   7.5928080e+01   6.6080200e+01
   4.2374422e+01   7.3359104e+01
   9.8746492e+01   6.1499206e+01
   4.3569548e+01   9.0390884e+01
   8.7807337e+01   4.2095839e+01
   9.5373457e+01  -4.4476108e+00
   1.8316673e+01   8.6272738e+01
  -2.6955129e+01  -8.4690008e+01
  -3.4832519e+01  -1.3769198e+01
   4.0365268e+01   3.1866283e+00
   9.1031595e+00   1.7416559e+01
  -4.4862349e+01  -2.9844380e+01
   8.6817848e+01  -6.5694240e+01
   8.9991784e+01   1.1926497e+01
   8.0902185e+01   1.5689395e+01
  -5.4204279e+01  -3.3144918e+01
  -6.2715894e+01  -6.7320347e+00
  -4.4668982e+01  -1.7167808e+01
  -9.6415283e+01  -7.5156463e+00
  -3.2569561e+01  -5.2813493e+01
  -3.0589202e+01  -4.1254603e+01
  -8.2501609e+00  -5.0937599e+01
  -7.1999902e+01  -6.6407224e+01
  -5.5297530e+01  -6.6756165e+01
   8.5203481e+01  -4.4713685e+01
  -5.9147664e+01  -9.0325126e+01
  -9.7688194e+01  -2.6295396e+01
  -2.2868861e+01  -7.0737179e+01
   3.5686837e+01  -7.8210078e+01
   6.4744005e+00   3.6262432e+01
  -8.5171349e+01   2.8437566e+01
   1.7612869e+01   5.2406492e+01
   2.7224368e+00   4.5865670e+01
  -9.8064184e+01  -3.8062813e+01
  -8.5924985e+01   4.4049794e+01
   9.4636152e+01  -8.2903427e+01
   5.5234874e+01  -7.6922588e+01
  -7.5213922e+00  -2.7460159e+01
  -5.4401782e+01   2.7137496e+01
  -6.3206394e+01   9.3630485e+00
  -4.2888365e+00   5.3032012e+01
   4.5674043e+01   2.8246833e+01
  -2.4814436e+01   6.4087674e+01
  -1.4147747e+01   4.9439669e+01
  -5.0538143e+01   3.6794188e+01
  -7.7669219e+01   7.3029557e+01
   3.6279526e+01  -4.1389522e+01
  -4.7879875e+01   1.9080780e+01
  -5.7102258e+01   1.4731403e+00
  -3.8472386e+01   9.1009147e+01
   3.2068352e+00   9.9197493e+01
   5.5012723e+01  -1.8666261e+01
   4.0962204e+01  -3.2634143e+01
   7.0476681e+00  -7.2213045e+01
   2.2450463e+00  -9.9713883e+01
  -4.2251220e+01   7.1678440e+01
  -7.5532615e+01   4.5605327e+01
  -1.1295420e+01  -8.7105912e+01
  -2.8406155e+01   9.2547365e+01
  -9.2317631e+01   9.0042992e+01
  -2.6136476e+01   3.4981025e+01
  -4.6031606e+01   1.8506485e+00
  -6.0027580e+01   4.0351773e+01
  -2.9814126e+01   1.6117839e+01
   7.7721070e+01  -6.5198287e+01
  -7.9446054e+01   3.6484617e+01
  -6.5312436e+01   8.5348095e+01
   1.8573174e+01  -9.8314775e+01
   2.4175136e+01  -6.2813794e+01
   4.6229654e+01  -6.9561087e+01
   4.6242348e+01  -4.1123933e+01
   4.7478174e+01  -2.5122855e+01
   3.6195021e+01  -6.8227175e+01
   3.2716536e+01  -9.4602950e+01
   4.0083468e+01  -5.0585620e+01
   7.2716440e+01  -4.6903712e+01
   3.7704586e+01  -2.3208283e+01
  -7.8062418e+01  -1.5264477e+01
   6.9693600e+01  -1.7542826e+01
   9.2547746e+01  -2.7677413e+01
  -7.2920381e+01  -2.3781508e+01
   6.2819011e+01  -2.4794761e+01
  -7.8987524e+01  -4.2612050e+01
  -5.9504632e+01  -4.1419422e+01
  -8.6400525e+01   5.4011366e+01
  -8.8227296e+01   7.1517251e+01
  -9.1667730e+01  -1.8346140e+01
  -8.3406524e+01  -2.3977761e+01
   6.4477504e+01   6.5105789e+01
  -7.4632853e+00  -7.6041332e+00
  -6.7397875e+00  -7.8317757e+01
   5.8115780e+00  -6.2342730e+01
   6.8760885e+01   9.3189201e+01
   9.8951821e+01   8.8698081e+01
   8.6625632e+01   8.1409648e+01
   5.4218627e+01   1.2791725e+01
   6.2065302e+01   2.7724691e+01
  -7.9300904e+01  -5.9776997e+01
  -9.5257901e+01  -7.0440898e+01
   6.7729181e+01  -5.2365398e-01
   6.2955339e+01   8.1033896e+00
  -3.4040069e+01  -2.4015861e+00
   4.5275602e+01   3.7979533e+01
   2.6911550e+01   3.2558223e+01
   9.8346817e+00   1.7450976e+00
   4.0321757e+01   4.6379975e+01
  -6.9023714e+01  -8.9090885e+01
   6.0811497e+01   3.8856822e+01
   3.3092277e+01   6.4232651e+01
   5.3937105e+01   6.4962387e+01
   5.1671981e+01   4.5275001e+01
   5.3448037e+01   8.1483644e+01
   7.9755411e+01   4.9582624e+01
   9.6333804e+01   7.9048452e+01
   7.1030263e+01   5.7881536e+01
   3.3882657e+01   1.5897987e+01
  -1.5790696e+01  -1.0117256e+00
   8.9427065e+01   5.2002704e+01
   8.3785796e+01  -5.6778797e+01
   9.7964154e+01  -7.4676413e+01
  -3.5655732e+01  -3.3140139e+01
   8.5811176e+01   2.4322169e+01
  -6.6006584e+01  -3.3837062e+01
  -3.8307646e+01  -5.9623029e+01
  -4.1583988e+01  -8.0989152e+01
  -3.2680825e+01  -7.6593909e+01
  -2.8764429e+01  -9.6725293e+01
   3.0082791e+01  -1.6839185e+01
   1.9458650e+01  -5.9288669e-01
   2.0413836e+01  -1.9353440e+01
   2.4322921e+01   7.6214876e+00
   6.3604071e+01  -9.6358478e+00
   9.6361993e+01  -9.2384337e+01
   5.1625837e+01   9.6224110e+01
   7.1302145e+01  -9.2448819e+01
   7.8488612e+00   5.4431839e+01
  -9.3169140e+01   3.5023110e+01
   9.6014102e+01  -5.7736334e+01
   8.3375631e+01  -9.4615236e+01
  -2.2405860e+00   8.1326025e+01
  -3.6069614e+01   3.3938980e+01
   1.6447207e+01   7.6449938e+01
  -8.0910280e+00   6.5099733e+01
   2.7183364e+00  -8.1190426e+01
  -7.4932603e+01   8.2637032e+01
   6.5543235e+01  -8.4283587e+01
  -1.6102189e+01   5.9213546e+01
   4.1278298e+01  -8.8556365e+01
  -2.2059254e+01   8.3509105e+01
  -1.2081821e+01   8.4633715e+01
  -5.1976051e+00   9.3778509e+01
   1.4545747e+01   6.1912465e+01
   3.2402710e+01   7.4038188e+01
  -7.6534073e+01   5.5464150e+01
  -3.4723714e+01   6.5156697e+01
  -4.4136633e+01   6.1840378e+01
  -3.4521337e+01   5.5204888e+01
   1.8642659e+01  -8.8323896e+01
   7.2840771e+01  -5.6752068e+01
  -2.5161267e+01   2.5032191e+01
  -3.2647328e+01   4.5401582e+01
  -3.4830370e+01   7.5211681e+00
   1.6673550e+01  -6.9552929e+01
  -6.4553407e+01   9.8313411e+01
  -5.6855813e+01   9.1937367e+01
  -8.7616536e+01   9.8869073e+01
  -4.2011390e+01   8.1661458e+01
  -5.2163619e+01   7.2733229e+01
   5.2998366e+01  -5.7910303e+01
  -4.7466801e+01   9.5366664e+01
   6.3089647e+01  -5.4691144e+01
  -8.8411786e+01  -2.2584401e-01
  -1.6319175e+01   3.6914842e+01
   9.4017099e+01  -3.7562261e+01
  -1.1336611e+01   2.8421100e+01
   7.9589696e+01  -1.6082879e+01
  -7.4014679e+01   2.8101769e+01
  -6.4109559e+01   2.9288567e+01
  -5.2319479e+01   4.6615194e+01
   7.2522538e+01  -2.7097239e+01
  -8.8012582e+01   1.8979095e+01
  -6.2513809e+01  -5.0862261e+01
   8.2130802e+01  -3.5258468e+01
  -5.7960765e+01   1.7833729e+01
   1.5549363e+01  -4.9774303e+01
  -8.7724687e+01  -7.7041286e+01
  -8.1416745e+01  -8.4829586e+01
  -9.3518471e-01  -4.4935959e+01
   8.3739436e+00  -4.2511052e+01
   2.6435771e+01  -4.2515721e+01
  -9.4747618e+01   7.9079486e+01
  -9.8423144e+01   6.9780387e+01
  -6.3707298e+01  -6.0789173e+01
  -5.0188845e+01  -7.5400439e+01
  -4.6828171e+01  -6.2766057e+01
  -9.8280230e+01   1.5697792e+01
   1.2466686e+01   9.5421893e+01
  -6.9145893e+01  -4.3336047e+01
  -9.5712644e+01   2.5356477e+01
   2.7781291e+01   2.2950461e+01
   2.7654075e+01   8.2765409e+01
   2.4044901e+01   9.4519845e+01
  -7.5980106e+01  -3.3186627e+01
   1.7684492e+00  -2.3953888e+01
   4.2041093e+00   2.6574202e+01
   1.3908214e+01   2.9679154e+01
   9.1243395e+01   3.2666037e+01
   1.8752359e+00  -4.1155426e+00
  -1.7247131e+01  -2.1330341e+01
   1.2821906e+00  -1.4022131e+01
  -8.0488776e+00  -1.7521261e+01
   8.8527253e+01   9.1135633e+01
  -9.5893721e+01   4.4642649e+01
   9.5146754e+01   9.8589102e+01
   7.6173213e+01   9.9894932e+01
   5.3002974e+01  -8.9704401e+00
   4.9482283e+01   4.3637309e+00
   7.7468880e+01   1.5859272e+00
   8.3541562e+01   7.2112181e+01
   6.2644481e+01   1.7932856e+01
   9.8605837e+01  -1.3901611e+01
   8.5891132e+01  -8.3203153e+00
   4.9646391e+01   5.5019926e+01
  -8.7473194e+01  -9.3530010e+01
  -6.7405844e+01  -9.8915306e+01
  -8.4056344e+01  -5.1106428e+01
   6.9489920e+01   7.3334180e+01
  -7.7525374e+01  -9.4258549e+01
  -9.3985968e+01  -5.0547507e+01
   5.9300569e+01   8.9974100e+01
  -8.5803508e+01  -6.7265175e+01
  -5.3954984e+01  -9.8848018e+01
   4.4291314e+01   6.3622409e+01
   9.0375201e+01   6.5385783e+01
   9.7709699e+01   5.7110986e+00
  -2.5002404e+01  -4.8741433e+01
   6.0774164e+01   4.8111085e+01
   9.6662557e+01   4.4686352e+01
   3.3022709e+01   7.6108200e+00
   9.9797688e+01   5.2889619e+01
   9.4078420e+01  -6.8426613e+01
