   3.0253779e+01  -3.3457695e+01
   4.0473030e+01  -4.9259305e+01
   5.5012787e+01   7.5811925e+01
   4.6163794e+01   5.1899410e+01
  -2.8810731e+01   5.3395151e+01
  -8.1383479e+01   3.7036273e+01
   1.4342942e+01  -2.1215065e+01
  -1.6910018e+01   6.9837753e+01
   9.6181616e+01  -1.4280110e+01
   6.6047527e+01  -1.3626532e+01
  -5.5370725e+01  -5.1363452e+00
   8.8773930e+01   4.1354520e+01
  -6.5579754e+01  -7.9602292e+01
  -3.2188110e+01  -5.5116890e+01
  -9.7507057e+01  -4.0982059e+01
  -2.8483483e+01   2.0587702e+01
  -2.1333064e+01   2.7597432e+01
  -3.9173594e+01   3.2326190e+01
  -6.8448668e+01  -6.7340254e+01
  -4.5854684e+01  -8.3162658e+01
  -5.2236959e+01   3.7281934e+01
  -7.0770795e-02  -2.8115249e+01
  -8.3907402e+01  -7.6109471e+01
  -6.8159413e+01  -3.8690074e+01
   9.2708351e+01   1.7507439e+01
  -1.2409804e+01   6.0895255e+01
   4.0683721e+01   3.4965699e+01
   4.3078059e+01   7.0823636e+01
  -7.1798064e+01  -2.8155284e+01
   5.8878046e+01  -2.0643898e+01
  -4.9224088e+01  -6.1790718e+01
   1.3011922e+00  -6.2590410e+00
  -7.9382779e+01  -6.7108397e+01
   7.2502480e+01   2.0209382e+01
  -7.2470538e+01  -8.8934992e+01
   5.1440793e+01   9.7704308e+01
   3.6974756e+01   8.4367085e+01
  -9.9806527e+01  -2.6758935e+01
  -7.0633844e+00   3.8256839e+01
  -2.3360643e+01   4.4220886e+01
  -3.8387310e+01   1.9204149e+01
  -4.2848484e+01   6.3871328e+01
  -3.8729517e+01   5.2123270e+01
   5.8074640e+01   4.0691254e+01
  -7.0208803e+01   3.2398815e+01
   4.5622543e+01  -5.7831500e+01
  -6.4898611e+01  -2.0932690e+01
  -8.5537993e+01  -2.3941500e+01
  -3.2858727e+01   6.4317471e+01
   6.0412951e+01  -3.7099665e+00
   5.4532464e+01  -1.1676974e+01
   1.8566031e+01  -3.0591258e+01
  -8.0724330e+01  -3.2630534e+01
   3.5341224e+01   5.3118183e+01
  -1.2806511e+01  -5.5298345e+01
   4.4678810e+01  -3.1895937e+01
  -3.7898691e+01  -7.7105697e+01
  -7.2796629e+01  -5.0642251e+01
  -5.6161800e+01  -8.2952416e+01
  -6.4211183e-01   8.1046151e+01
  -8.2004175e+01  -8.5921671e+01
   1.0047677e+01  -1.1115625e+01
  -9.9339379e+01  -6.3122001e+01
   3.7268666e+00  -1.8864517e+01
   8.4445087e+01   5.0337491e+01
  -5.6349177e+01  -5.4792411e+01
   7.5121320e+01   9.2316318e+00
   8.5625568e+01   2.4512104e+01
   6.0962945e+01   9.4714130e+01
   4.5154368e+01   9.0038905e+01
   3.1607205e+01   7.6037852e+01
  -9.3191629e+01  -4.9999951e+01
  -9.1785684e+01  -3.2720904e+01
  -9.3977451e+01  -1.8634819e+01
   8.5082924e+01  -8.9410157e+00
   3.6134983e+01   9.4300992e+01
  -2.9266453e+01   3.3685063e+01
  -3.3298234e+01   4.3106177e+01
  -1.1054801e+01   2.8471880e+01
  -1.6920233e+01   3.6571047e+01
  -3.2144165e+01   1.1281822e+01
  -4.6324377e+01   2.5335859e+01
  -6.3039229e+01  -9.2256631e+01
  -5.0019248e+01   4.8777109e+01
  -5.1395937e+01   5.8681542e+01
   5.0697809e+01   3.2633572e+01
  -4.3167285e+01   4.1493912e+01
   5.6603326e+01   5.1226052e+01
  -9.0561234e+01   4.1007270e+01
  -7.8889539e+01   2.7352252e+01
   3.0542848e+01  -4.6216553e+01
   5.3632855e+01  -5.1704592e+01
  -4.7128828e+01  -1.2656299e+01
  -5.6840479e+01  -1.5025336e+01
  -7.5940935e+01  -1.8820236e+01
   6.7401165e+01   3.1975921e+00
  -2.7918504e+01   7.3011894e+01
  -2.3129423e+01   6.2007201e+01
   7.2145090e+01  -5.7006419e+00
   5.0697920e+01  -1.4718158e+00
   6.0223262e+01  -3.0533895e+01
  -1.4128708e-01  -3.8114944e+01
   8.8487879e+00  -3.2952443e+01
  -8.7547363e+01  -4.1764201e+01
  -7.7584451e+01  -4.2018761e+01
  -2.2522117e+01  -5.7651583e+01
   4.2462123e+01   6.1000775e+01
  -2.9459414e+01  -4.5506324e+01
  -3.2020850e+01  -6.9017342e+01
   4.8207679e+01   4.2246800e+01
  -3.9268610e+01  -6.2149612e+01
  -8.0334079e+01  -5.7162426e+01
   3.8207122e+01  -3.9519405e+01
   4.8000553e+01  -4.1570168e+01
  -5.2842594e+01  -9.2366652e+01
  -1.9037597e+01   8.0200987e+01
  -9.5975621e+01  -7.8200585e+01
  -9.6606604e+00   7.6725833e+01
  -8.2548034e+01  -9.5904345e+01
  -9.1290790e+01  -6.9375290e+01
   1.0114896e+01  -1.1158979e+00
   1.9952629e+01  -9.7404653e+00
  -9.0038767e+01  -5.9471808e+01
   9.5622919e+01   4.8630929e+01
  -9.7705165e+00  -9.8640995e+01
   7.4455464e+01   5.0070349e+01
  -6.2642844e+01  -4.7026866e+01
  -5.8792005e+01  -6.4567792e+01
  -5.3942690e+01  -7.3237605e+01
  -6.5897527e+01  -5.7687275e+01
   8.6268949e+01   5.6661923e+00
   9.5972223e+01   8.0750571e+00
  -7.0663790e+01  -9.8795971e+01
   8.3013750e+01   1.5060121e+01
   9.4047840e+01  -4.5104089e+00
   9.2111281e+01   3.1979992e+01
   4.6063867e+01   8.0204378e+01
   5.6437932e+01   8.5782780e+01
   3.4111605e+01   6.6402493e+01
   2.4482950e+01   6.9082390e+01
