   9.6977773e+01   2.1855820e+00
  -4.9985492e+01   2.4878177e+01
   2.0588974e+01   5.7917019e+01
   5.6147056e+01   7.0870967e+01
   6.5498256e+01   4.7471392e+01
   2.2300140e+00   6.6643729e+01
   2.2736033e+01  -9.8447462e+00
  -1.8693509e+01  -7.8449658e+01
   1.1939324e+01   6.3568034e+01
  -2.3912313e+01   5.3087483e+01
  -7.3301553e+01   2.5649935e+01
  -7.6325958e+01   8.6225597e+01
  -5.7041288e+01  -9.7761075e+01
  -2.9758831e+01  -7.5334496e+00
  -3.3603642e+01  -6.4516718e+01
   3.0958637e+01  -8.4206252e+01
  -2.6350265e+01   2.3773724e+01
  -3.3102532e+01   4.9068923e+01
  -5.2002249e+01   1.0544810e+01
   4.0919368e+00  -8.2720687e+01
  -8.7592492e+01  -9.6684539e+01
   3.6527781e+01   3.3001613e+01
  -3.0566564e+00  -1.6193320e+01
  -7.9354991e+01  -8.3326215e+01
  -1.1169129e+01  -6.8569010e+01
   4.9084807e+01  -8.9419325e+01
  -2.2351093e+01  -5.0219893e+01
   1.8729578e+01   1.3341830e+01
  -2.5473251e+01  -3.5407126e+01
   6.5995635e+00   8.0066773e+01
  -3.1026899e+00   3.1214721e+01
  -1.1564582e+01   7.9289511e+01
  -1.5940162e+01   5.9170041e+01
  -7.2129837e+01   8.6312447e+00
  -8.5404617e+01  -6.7317814e+00
   5.3449586e+01  -4.6636504e+01
  -6.7623600e+01   1.7471970e+01
   6.0736885e+00  -3.3856375e+01
  -8.4937455e+01   7.0906468e+00
  -7.8931850e+01  -6.3395539e+01
   5.1766954e+01  -3.3354358e+01
   7.9966589e+01  -1.3925401e+00
  -2.0328709e+01  -8.8722136e+01
   6.4241957e+01  -6.7266214e+01
  -6.0677051e+01  -6.6252173e+01
  -5.9893607e+00  -4.1918373e+01
  -5.8228595e+01  -1.6768650e+01
   6.4826170e+01  -3.5549149e+01
  -2.7169666e+01   5.1478628e+00
   7.5560412e+01   7.5116605e+00
   9.9208854e+01  -5.6514921e+01
   4.4719356e+01  -5.8526943e+01
  -8.1243909e+01   9.4932706e+01
  -6.3519727e+01   5.0189609e+01
  -4.9385545e+01   6.6765052e+01
   2.9235737e+01  -4.9220905e+01
  -3.7628758e+01   4.0151405e+01
   2.3339297e+01  -2.5453380e+01
   1.3891203e+01  -4.2573902e+01
   2.7044340e+01   9.8909247e+01
   2.1628507e+01  -8.7734664e+01
   6.3314547e+01  -4.5356787e+01
  -8.2873110e+01  -4.4155959e+01
   7.4259618e+01  -3.8863120e+01
   8.2165550e+01  -4.6854734e+01
  -8.4502704e+01   8.0468790e+01
  -6.0658668e+01  -7.6251477e+01
   6.4223791e+01   7.9949847e+01
   3.9908817e+01   5.8692208e+01
   1.2501388e+01   4.1743613e+01
   1.3984861e+01   7.3356102e+01
   3.7019837e+01   2.1226653e+01
  -3.2459303e-01   1.1104446e+01
   7.3703706e+01   7.6773594e+01
   1.1394865e+01  -2.5657699e+01
   1.2543546e+01   5.8578822e+00
   8.2648339e+01   5.9132974e+01
   3.1132982e+01   7.2269299e+01
   3.2619316e+01   9.0611446e+01
   5.6268347e+01   5.5972192e+01
  -6.3098557e+01  -2.5392790e+01
  -5.2065976e+01  -8.1385145e+01
  -2.3084870e+00   7.5543070e+01
  -9.4937467e+01   3.8683065e+01
  -4.2219796e+00   4.1158702e+01
   1.6030903e+01   3.1534440e+01
  -5.1694828e-01   2.1556847e+01
  -2.2956045e+01  -1.7734421e+01
  -3.1820586e+01   3.2078607e+01
  -2.8190466e+01  -2.5988981e+01
  -5.2714826e+01  -8.5334075e+00
  -4.1600523e+01   7.6870017e+01
  -6.8099317e+01  -2.2448756e-01
  -7.8016563e+01  -6.9954366e-02
  -8.8777306e+01   1.6296775e+01
  -2.1736964e+01   6.7333397e+01
  -3.0363113e+01   8.3035946e+01
   5.4467182e+01  -4.9768623e+00
  -1.2702569e+01   2.8791863e+01
  -4.3025423e+01  -6.8922268e+00
  -6.9364437e+01   3.4807058e+01
  -4.3227837e+01   4.8388026e+01
  -5.7713744e+01   7.8109930e+01
  -3.5519042e+01  -8.8722762e+01
  -6.8126104e+01   9.1961854e+01
  -5.5255981e+01   3.3062436e+01
   1.7659339e+01  -6.9599305e+01
  -2.5021073e+00  -9.0227950e+01
   5.9500463e+01  -5.4544667e+01
   2.4218177e+01  -4.0652037e+01
  -1.2134092e+01  -9.4294039e+01
  -8.9562863e+01   5.9251353e+01
   3.0509950e+01  -3.2286498e+01
  -7.9710437e+01  -3.2942328e+01
  -6.9855481e+01  -5.0074328e+01
  -1.5936137e+01  -4.2710242e+01
   2.8822729e+00  -8.0413751e+00
   8.3320482e+01   8.9263127e+01
   8.4776153e+01   6.8900789e+01
   9.5424003e+00  -5.1436898e+01
   4.4564504e+01  -5.8859107e+00
   4.3095645e+01  -1.5711768e+01
   9.0806969e+01  -1.4251026e+01
   5.3663578e+01   2.3425391e+01
   5.1818122e+01   9.2406324e+01
   3.1715288e+01   4.1683993e+01
   3.5759560e+01   8.1123656e+01
   4.6170247e+01   1.7063058e+01
  -3.7756967e+01  -2.3902752e+01
  -6.6025602e-01  -6.8114250e+01
   9.5372261e+01   2.2037454e+01
   4.7976850e+01  -7.9042008e+01
  -1.5068077e+01  -5.9416600e+01
  -5.3142290e+01  -2.4969115e+01
  -5.0762547e+00  -5.9243286e+01
  -7.0386209e+01  -7.8502242e+01
  -4.2179210e+01  -6.9656330e+01
   8.3708220e+01  -2.1257753e+01
   7.5302636e+01  -1.0173479e+01
   4.3846236e+00   5.6895045e+01
  -9.2635091e+01   4.8413171e+01
  -2.0266548e+01  -8.3642061e+00
  -1.2924714e+01  -1.4683857e+01
  -6.0972925e+00   6.1074399e+01
  -3.0173927e+01   7.3041156e+01
  -1.1914365e+01   6.9207611e+01
  -3.6317362e+01   2.2938330e+01
  -2.7058630e+01   4.1132396e+01
   5.7043976e+01  -8.3230623e+01
   6.5270524e+01  -7.7239527e+01
   6.6216458e+01  -8.7191186e+01
  -9.3070953e+01   7.2511823e+01
  -4.4344651e+01   1.6971724e+01
  -2.7731586e+00   9.7692893e+01
  -4.2142231e+01   3.1060088e+01
  -7.3232791e+01   5.2508828e+01
  -8.4544352e+00   8.8786874e+01
  -2.1438090e+01   7.7840109e+01
  -1.8343100e+01   8.7338962e+01
   2.2234529e+01   6.7749790e+01
  -5.2228831e+01   5.7147491e+01
  -4.2310061e+01   5.8285333e+01
  -4.9201952e+01   8.3353328e+01
  -5.0482754e+01   9.3484190e+01
  -6.6909740e+01   8.2036448e+01
   2.8534404e+01  -9.9288508e+01
   1.3965635e+01  -8.1339861e+01
   2.5833417e+01  -7.5359486e+01
  -1.3909755e+01   3.8712356e+01
   5.4974639e+01  -6.3385449e+01
  -6.8576867e+01  -1.6569903e+01
  -9.5479154e+01   8.8798675e+00
  -7.8530816e+01   1.6076346e+01
  -6.1370384e+01   4.0669825e+01
   3.3820917e+01  -5.8009299e+01
   9.5103260e+01  -3.6753619e+01
  -6.7033692e+01  -9.8125699e+01
   9.2133211e+01  -4.7486720e+01
   3.8009386e+00  -4.3413077e+01
  -7.9103592e+01  -7.3363881e+01
   1.9437969e+01  -5.0893385e+01
  -7.9526453e+01   6.1260745e+01
  -8.8812806e+01  -8.6423040e+01
  -5.9254054e+01  -5.4373577e+01
  -4.9595950e+01  -9.1085830e+01
  -5.1966956e+01  -7.1378438e+01
   1.2791577e+01   8.7915089e+01
  -9.9855163e+01   9.6185132e+01
   1.7258877e+01   9.6859771e+01
  -9.9026025e+01   1.8226794e+01
  -9.7507684e+01  -6.5835887e+01
  -8.9679825e+01  -3.3407537e+01
  -9.3171109e+01   2.6317621e+01
   2.2885561e+01   7.8078615e+01
   2.8389236e+01   1.6532344e+01
   2.2119542e+01   3.9330308e+01
   1.3197413e+00  -2.5111812e+01
   1.7475176e+01  -3.3395640e+01
   1.2813870e+01  -8.7399149e+00
   2.0759293e+01   2.2871635e+01
   2.9065090e+01  -2.3483144e+00
   1.5359991e+00   8.8673275e+01
   9.9637534e+01   3.8670955e+01
  -5.4793674e+00   2.6458565e+00
   8.0168159e+01   9.8752936e+01
   6.9498247e+00  -1.6910033e+01
  -5.7093257e+00  -3.2108101e+01
   8.8183820e+00   1.4811558e+01
   7.3284682e+01   8.7403676e+01
  -3.8534858e+01   9.2170586e+00
   9.0353584e+01   9.7982193e+01
   7.0330007e+01   9.6961205e+01
   1.5129691e+01  -5.9924803e+01
   3.8083816e+01   1.5507982e+00
  -9.0392104e+01  -5.8391628e+01
   7.1022749e+01   2.0539721e+01
   9.8663571e+01  -2.0417046e+01
   5.2291704e+01   3.3498910e+01
   2.8879280e+01   5.2349016e+01
   7.4981955e+01   6.5532839e+01
   4.0854926e+01   6.9955608e+01
   9.5078173e+01   5.8059349e+01
   4.2523963e+01   8.8591046e+01
   4.5485645e+01   7.8816782e+01
   4.0646365e+01   9.8413196e+01
   8.8800497e+01   4.0867804e+01
   8.9458253e+01  -4.3712999e+00
   3.5352665e+01  -9.7474502e+00
   2.2854022e+01   8.8078565e+01
  -2.4966840e+01  -5.9730511e+01
  -2.7844726e+01  -8.2394971e+01
  -3.6662066e+01  -1.4334029e+01
  -1.5927087e+01  -3.2888360e+01
   4.8291879e+01   4.1365992e+00
   9.0296358e+00   2.4530601e+01
  -4.5016377e+01  -3.0216044e+01
   8.6961202e+01  -6.6712896e+01
   8.6093772e+01   8.4238265e+00
   8.0043439e+01   1.6358002e+01
  -5.5648013e+01  -3.4529763e+01
  -6.2633335e+01  -8.1729844e+00
  -4.6124284e+01  -1.7689384e+01
  -9.6164031e+01  -7.5243543e+00
  -3.2774499e+01  -5.3628468e+01
  -3.0105732e+01  -4.4051233e+01
  -1.0222927e+01  -5.0800083e+01
  -7.0372672e+01  -6.8517056e+01
  -5.2051374e+01  -6.1290940e+01
   8.4149008e+01  -3.7058292e+01
  -5.9555248e+01  -8.8008083e+01
  -9.4290438e+01  -2.4558303e+01
  -2.1399371e+01  -6.8936558e+01
   3.8159340e+01  -7.7319807e+01
   6.3729082e+00   3.4018676e+01
  -8.3361550e+01   2.4679457e+01
   1.2858336e+01   5.1650015e+01
   3.9532607e+00   4.6907026e+01
  -9.7701290e+01  -5.1570525e+01
  -9.2747015e+01  -4.2906586e+01
  -8.5363294e+01   4.1559663e+01
   9.4286450e+01  -8.5496247e+01
   6.1876009e+01  -9.6200023e+01
   5.6120125e+01  -7.3279835e+01
  -1.1504788e+01  -2.4189188e+01
   7.1991782e+01  -9.5348348e+01
  -6.3187090e+01   2.6982742e+01
  -6.1918994e+01   9.1152520e+00
  -5.1085516e+00   5.1124796e+01
   4.4629598e+01   2.7360361e+01
   8.7941919e+01  -9.3225861e+01
  -2.9678577e+01   6.1256514e+01
  -1.4952005e+01   4.8651957e+01
  -4.7594054e+01   3.9430931e+01
  -7.5021257e+01   7.6188836e+01
   5.2519327e+01  -9.9728727e+01
   3.5021084e+01  -4.1123505e+01
  -5.7749715e+01   1.8635743e+01
  -5.6786070e+01   5.5672120e-01
  -3.7693010e+01   9.7417347e+01
  -3.9678300e+01   8.6674554e+01
   7.2610078e+00   9.6866055e+01
   5.3006078e+01  -1.4872338e+01
   4.0471310e+01  -3.2766323e+01
   8.2943381e+00  -7.3106324e+01
   2.1779683e+00  -9.9063618e+01
  -3.8398314e+01   6.7423197e+01
  -7.5335435e+01   4.2805916e+01
  -1.0824009e+01  -8.4468867e+01
  -2.5864109e+01   9.3923606e+01
  -9.0791743e+01   9.1959683e+01
  -2.1850954e+01   3.2652588e+01
  -4.6238485e+01   2.4756623e+00
  -1.2772619e+01   9.7802696e+01
  -5.3789686e+01   4.7276618e+01
  -3.0245104e+01   1.4645862e+01
   7.4182153e+01  -6.6174204e+01
  -7.9252059e+01   3.3678521e+01
  -5.8872275e+01   8.8042271e+01
   1.8717798e+01  -9.7290047e+01
   2.4874055e+01  -6.2586232e+01
  -6.0259770e+01   9.8135914e+01
   4.6697999e+01  -6.8944033e+01
   4.4992477e+01  -4.1519726e+01
   4.6575607e+01  -2.4901476e+01
   3.6830934e+01  -6.7460520e+01
   3.6114816e+01  -9.2767227e+01
   3.9664767e+01  -4.9931152e+01
   7.2481100e+01  -4.9242810e+01
   3.6284371e+01  -2.3857957e+01
  -7.8456593e+01  -1.4917920e+01
   7.3837609e+01  -2.0008409e+01
   9.1539125e+01  -2.7427390e+01
  -3.9805710e+01  -9.7730132e+01
  -7.3059379e+01  -2.5505797e+01
   6.5661161e+01  -2.5649857e+01
  -7.3538254e+01  -4.0799621e+01
  -6.1034526e+01  -4.4538673e+01
  -8.3161099e+01   5.1576401e+01
  -8.3268591e+01   7.0534101e+01
  -9.4286403e+01   8.2537418e+01
  -9.0111613e+01  -1.5506565e+01
  -8.3456082e+01  -2.3578469e+01
  -9.4555257e+01  -7.5400028e+01
   6.6115400e+01   7.0134548e+01
   9.2589308e+01   3.1636215e+01
  -6.8902325e+00  -7.0293113e+00
  -4.1938835e+00  -7.7218511e+01
   4.8858567e+00  -6.0039074e+01
   6.2924659e+01   8.9863188e+01
   9.3281448e+01   8.8380826e+01
   8.3386345e+01   7.9263974e+01
   5.4681440e+01   1.1821695e+01
   6.2939401e+01   2.6301208e+01
  -7.9262258e+01  -5.3445848e+01
  -8.7747338e+01  -6.8086125e+01
   6.6624337e+01   3.1116951e+00
   6.4609813e+01   1.2892651e+01
  -3.5890869e+01  -6.7013346e-02
   4.4344444e+01   4.0633791e+01
   2.6914702e+01   3.0585606e+01
   4.0136360e+00   1.6557834e+00
  -7.8057537e+01  -9.3681941e+01
   3.8611645e+01   4.8817989e+01
  -6.9541597e+01  -8.8452001e+01
   6.0565044e+01   3.8828615e+01
   3.0581473e+01   6.2258252e+01
   4.8591287e+01   6.3619457e+01
   5.3933721e+01   4.6260603e+01
   9.8761248e+01  -7.9986698e+00
   5.4646984e+01   8.2816055e+01
   7.8022773e+01   4.9692271e+01
   9.3285949e+01   7.7868773e+01
   9.5096969e+01   6.8043060e+01
   9.7996876e+01   4.8513161e+01
   7.0474370e+01   5.6251358e+01
   3.8096251e+01   1.1374464e+01
  -1.4580932e+01  -7.9429713e-01
   8.8184381e+01   5.0826079e+01
   8.0877936e+01  -5.8746792e+01
   9.4190874e+01  -7.3621720e+01
  -3.5327560e+01  -3.3553399e+01
   8.5690337e+01   2.4496404e+01
  -6.5531495e+01  -3.5010671e+01
   9.5409398e+01   1.2049218e+01
  -4.2243623e+01  -5.9696000e+01
  -4.2211570e+01  -7.9692260e+01
  -3.3487424e+01  -7.4393081e+01
  -2.7619674e+01  -9.5562050e+01
   2.8964676e+01  -1.7338067e+01
   1.9384568e+01  -7.7185055e-01
   1.7090044e+01  -1.7742250e+01
   2.6232781e+01   6.9474775e+00
   6.5888940e+01  -6.8407155e+00
  -9.7909833e+01  -9.0469266e+01
