   3.4712392e+01  -3.6801328e+01
   4.0512545e+01  -4.8148992e+01
   5.0018822e+01   7.8813564e+01
   4.6555496e+01   4.9957603e+01
  -2.8810731e+01   5.3395151e+01
  -8.1386306e+01   3.7033857e+01
   1.4336016e+01  -2.1215611e+01
  -7.2667402e+01  -7.8950394e+01
  -1.5142934e+01   7.3506433e+01
   9.5798997e+01  -1.1860057e+01
   6.5527310e+01  -1.3310416e+01
  -5.5465943e+01  -5.6760835e+00
   8.8855623e+01   4.0746452e+01
  -6.2720406e+01  -7.9977500e+01
  -3.3907870e+01  -5.5188912e+01
  -8.8187231e+01  -4.2679054e+01
  -2.8483502e+01   2.0587702e+01
  -2.1340055e+01   2.7584571e+01
  -3.9267724e+01   3.2612530e+01
   9.6137972e+01   2.9739044e+01
  -6.2817450e+01  -6.3645566e+01
  -5.2735731e+01  -8.2519881e+01
  -5.2229109e+01   3.7285737e+01
   3.0359339e+00  -3.0666900e+01
  -4.3645416e+00  -9.9525819e+01
  -8.6423382e+01  -7.4525220e+01
   9.8787315e+01   3.9381709e+01
  -6.6116800e+01  -5.1760542e+01
   8.9495893e+01   1.5548002e+01
  -1.4449084e+01   6.3564757e+01
   4.0683723e+01   3.4965699e+01
   4.1400052e+01   7.2541580e+01
  -7.4625750e+01  -2.9689120e+01
   5.8375321e+01  -2.0002587e+01
  -4.2764214e+01  -5.9832433e+01
   5.0792660e+00  -4.7292636e+00
  -8.1913847e+01  -6.5598721e+01
  -7.2505180e+01  -6.8953165e+01
  -5.2051536e+01  -6.3539442e+01
   7.7903644e+01   2.0283721e+01
  -7.3756671e+01  -8.9332868e+01
   9.7284357e+01  -1.7710886e+00
   5.0884136e+01   9.6683186e+01
   3.6751277e+01   8.2421234e+01
  -9.9441145e+01  -2.7027452e+01
  -7.1015246e+00   3.8250308e+01
  -2.3463323e+01   4.4139114e+01
  -3.8387036e+01   1.9204188e+01
  -4.1999923e+01   6.3096423e+01
  -3.8729517e+01   5.2123270e+01
   5.6650713e+01   4.1183522e+01
  -7.0208803e+01   3.2398815e+01
   4.5127288e+01  -5.6958780e+01
  -6.5228002e+01  -2.1568579e+01
  -8.5455244e+01  -2.4329098e+01
  -3.2914235e+01   6.4027158e+01
   6.1573177e+01  -1.9478448e+00
   5.5973043e+01  -1.0155430e+01
   1.3025236e+01  -3.1129332e+01
  -7.9491413e+01  -3.8176510e+01
   3.8135024e+01   5.5351641e+01
  -2.3908174e+01  -5.5256832e+01
   4.4646286e+01  -3.5666245e+01
  -3.9127821e+01  -6.9147816e+01
  -7.3052055e+01  -5.8964822e+01
  -5.5711073e+01  -7.2845515e+01
  -6.3178635e+00   7.8155011e+01
  -8.1801408e+01  -8.3392989e+01
   1.2550300e+01  -1.1376342e+01
  -9.1125082e+01  -6.1770186e+01
   4.0613223e+00  -2.0705452e+01
   8.2793229e+01   4.8699411e+01
  -5.6527733e+01  -5.4597380e+01
   8.0874111e+01   1.0481951e+01
   8.6608330e+01   2.5500175e+01
   9.6257584e+01   8.1760587e+00
  -7.0697231e+01  -9.8865505e+01
   5.8637945e+01   9.0251714e+01
   4.5986592e+01   8.7964581e+01
   3.0900924e+01   7.4311156e+01
   9.8445737e+01   2.0008976e+01
  -9.1662182e+01  -5.1875959e+01
  -9.1777282e+01  -3.3412605e+01
  -9.3778506e+01  -1.8786355e+01
   8.6432535e+01  -8.3572896e+00
   3.6616702e+01   9.2420329e+01
  -2.9327189e+01   3.3581507e+01
  -3.3392896e+01   4.3085392e+01
  -1.1073276e+01   2.8475786e+01
  -1.6952826e+01   3.6561307e+01
  -3.2144030e+01   1.1282165e+01
  -4.6221300e+01   2.5439233e+01
  -6.3774028e+01  -8.9921749e+01
  -4.9674258e+01   4.9331736e+01
  -5.0626073e+01   5.9158928e+01
   5.0538693e+01   3.3268782e+01
  -4.3278166e+01   4.1738519e+01
   5.6496178e+01   5.1182324e+01
  -9.0557351e+01   4.1005589e+01
  -7.8890595e+01   2.7356348e+01
   3.0796568e+01  -4.6026262e+01
   5.3632190e+01  -5.1705003e+01
  -4.7878053e+01  -1.2847368e+01
  -5.7470784e+01  -1.5420875e+01
  -7.5673043e+01  -1.9884874e+01
   6.9523435e+01   4.0403187e+00
  -2.8099803e+01   7.2692196e+01
  -2.3855613e+01   6.3011984e+01
   7.1579199e+01  -5.6457191e+00
