   2.4077739e+01   6.0708901e+01
   5.9224913e+01   7.4633463e+01
   6.9531002e+01   4.8900552e+01
   2.3262040e+01  -8.6929373e+00
  -2.4527129e+01   5.4374735e+01
  -7.8955164e+01   1.8515616e+01
  -3.2198996e+01  -6.9471789e+01
   2.9298829e+01  -8.5666390e+01
  -3.5809797e+01   2.4116102e+01
  -4.1960722e+01   4.2111852e+01
  -5.2993507e+01   1.2845249e+01
   1.0025788e+01  -9.0597110e+01
   3.6327347e+01   3.4374224e+01
  -8.5623489e+00  -6.8991735e+01
   5.0724593e+01  -9.1671148e+01
  -1.1483655e+01  -4.9766990e+01
  -2.4945790e+01  -3.2753472e+01
  -2.8614303e+00   3.3683662e+01
  -9.7293354e+00   7.5045258e+01
  -7.2321355e+01   1.0453440e+01
  -8.5170368e+01  -9.1161133e+00
   5.3362990e+01  -4.8179424e+01
  -6.9206038e+01   1.9897903e+01
   5.2261259e+01  -3.3445668e+01
   8.7866000e+01   1.6280513e+00
  -1.9724325e+01  -9.8410864e+01
   6.6161268e+01  -6.4834252e+01
  -6.8513012e+01  -7.1084364e+01
  -9.4657724e+00  -3.9978677e+01
   6.2156379e+01  -3.4512382e+01
  -2.6455450e+01   4.3341129e+00
   7.1917450e+01   9.8682718e+00
   4.3343957e+01  -6.0340395e+01
   2.5556178e+01  -5.2368272e+01
   1.8117616e+01  -3.6714834e+01
   6.2633552e+01  -4.4470370e+01
  -8.9600177e+01  -4.2959706e+01
   7.1841578e+01  -3.6785267e+01
  -8.4713926e+01   8.2848207e+01
   6.4441529e+01   8.3491500e+01
   3.8146966e+01   5.5997795e+01
   1.1773436e+01   4.5174520e+01
   8.3928977e+00   7.0173745e+01
   4.2208229e+01   1.7416020e+01
   2.9392554e+00   8.5868932e+00
   7.5432838e+01   8.2584020e+01
   1.5249514e+01   1.0262657e+01
   8.2735289e+01   6.1324821e+01
   2.3368009e+01   7.0576067e+01
   3.3956022e+01   9.3049723e+01
   5.7845014e+01   5.8702365e+01
  -6.2971090e+01  -2.5434463e+01
  -5.1089142e+01  -8.6198438e+01
  -7.3707731e+00   4.2591049e+01
  -1.3794523e+00   1.9645296e+01
  -4.9722059e+01  -8.7407083e+00
  -7.9075657e+01  -1.0787898e+00
  -9.1943166e+01   9.5810523e+00
  -3.2171272e+01   8.3419095e+01
   5.8089577e+01  -1.3394649e+00
  -3.8320111e+01  -1.2109757e+01
  -6.9661072e+01   3.7193900e+01
  -4.3831190e+01   5.1904592e+01
  -5.5698294e+01   8.2061371e+01
  -3.7660127e+01  -9.0487655e+01
  -7.2654855e+01   9.2912666e+01
   2.3996225e+01  -7.7226676e+01
   6.1629318e-02  -9.1075924e+01
  -9.7571424e+01   5.6293688e+01
   3.1235422e+01  -3.1527189e+01
  -7.3721604e+01  -5.2867445e+01
   5.7919208e+00  -5.1787921e+01
   4.4052138e+01  -1.5343130e+01
   8.9963849e+01  -1.7361910e+01
   5.3412673e+01   2.2446256e+01
   3.1011492e+01   4.2560441e+01
   3.7516299e+01   8.3201946e+01
   9.4070739e-01  -6.7739074e+01
   9.5954294e+01   1.9458247e+01
   4.5556800e+01  -7.9772408e+01
  -3.0814161e+00  -5.8662296e+01
  -7.3981924e+01  -8.1755381e+01
  -4.1916098e+01  -7.1707255e+01
   8.3674227e+01  -2.5110978e+01
   7.4584836e+01  -7.6025898e+00
  -2.8057994e+01  -1.3695028e+01
  -1.5557731e+01  -1.2276721e+01
   1.6769536e+00   6.2091389e+01
  -2.9399368e+01   7.3835340e+01
  -2.2777348e+01   4.4539531e+01
   6.4890270e+01  -7.4729923e+01
   6.0582959e+01  -9.3341265e+01
  -4.4139545e+01   2.9842390e+01
  -6.6194177e+01   4.9771192e+01
  -1.9466064e+01   7.2859659e+01
  -1.6722827e+01   9.3613829e+01
  -5.2447293e+01   5.6915344e+01
   1.4770007e+01  -8.1056999e+01
   5.6534305e+01  -6.7491195e+01
  -6.6052277e+01  -1.6024443e+01
   3.3676712e+01  -5.8162205e+01
   9.5297576e+01  -4.7310575e+01
  -7.8964164e+01  -7.3176962e+01
  -8.1035468e+01   6.4234715e+01
  -9.3942299e+01  -8.5848872e+01
  -5.4719540e+01  -5.6424996e+01
  -4.6524918e+01  -9.5056779e+01
  -8.9714623e+01  -3.3212549e+01
   2.1141454e+01   4.2151374e+01
   8.6436384e+00  -3.1468395e+01
   1.2480476e+01  -8.2472549e+00
   1.7041477e+01   2.0030344e+01
   3.1393024e+01  -3.3327450e+00
   4.3640947e+00   8.9090546e+01
  -5.0123239e+00   2.8690238e+00
   1.0241483e+01  -1.9950770e+01
  -9.4193698e+01  -6.0574061e+01
   7.2481778e+01   2.0218204e+01
   5.3603642e+01   3.2335013e+01
   2.8960831e+01   5.2149815e+01
   7.5457754e+01   6.7664873e+01
   4.2471308e+01   7.4546791e+01
   4.3761293e+01   9.0960230e+01
   8.6151718e+01   4.4952584e+01
   9.5726718e+01  -4.5591523e+00
   1.8095502e+01   8.6638457e+01
  -2.8265080e+01  -8.7211427e+01
   4.1170774e+01  -2.0123170e+00
   7.9307195e+00   1.7007644e+01
  -4.4325940e+01  -2.0003858e+01
   9.0481068e+01  -6.9274012e+01
   9.0172768e+01   1.1326646e+01
   8.0730821e+01   1.4584989e+01
  -5.7040209e+01  -3.3460849e+01
  -6.6694615e+01  -1.3293011e+00
  -3.1140055e+01  -5.0400644e+01
  -1.9285542e+01  -4.0752707e+01
  -5.8631282e+01  -6.9819236e+01
   8.6014811e+01  -4.3679412e+01
  -6.0285901e+01  -8.9101877e+01
  -1.8083000e+01  -6.8446062e+01
   3.5720190e+01  -7.8035628e+01
   6.5955123e+00   3.6803820e+01
  -8.5709577e+01   2.8560283e+01
   1.8043373e+01   5.2833782e+01
   1.9147429e+00   4.6095581e+01
  -9.8911548e+01  -3.8300541e+01
  -8.6172884e+01   4.4283270e+01
   9.4580818e+01  -8.3521329e+01
   5.5258141e+01  -7.7394958e+01
  -7.4833987e+00  -2.8508224e+01
  -5.3945024e+01   2.8142679e+01
  -6.2412807e+01   9.6353001e+00
  -4.7467389e+00   5.3522121e+01
   4.4858871e+01   2.7726958e+01
  -2.4717664e+01   6.4367723e+01
  -1.4288309e+01   4.9761827e+01
  -5.0665895e+01   3.7395289e+01
  -7.7352530e+01   7.3508866e+01
   3.6176826e+01  -4.1379980e+01
  -4.6259393e+01   2.0128143e+01
  -5.7076331e+01   1.2050970e+00
  -3.8449393e+01   9.1189064e+01
   3.2068352e+00   9.9197493e+01
   5.5193247e+01  -1.8572790e+01
   4.1121937e+01  -3.2668232e+01
   8.8800116e+00  -7.3234459e+01
  -4.2185204e+01   7.1877291e+01
  -7.5221185e+01   4.5479793e+01
  -8.8577376e+00  -8.6752527e+01
  -2.8361243e+01   9.2657536e+01
  -9.2317631e+01   9.0042992e+01
  -2.5479817e+01   3.4915045e+01
  -4.7778701e+01   4.7169272e+00
  -6.0199554e+01   4.0375393e+01
  -2.9868580e+01   1.6055920e+01
   7.6953154e+01  -6.5327288e+01
  -7.9814971e+01   3.6629375e+01
  -6.5037438e+01   8.5629617e+01
   1.8472023e+01  -9.9185713e+01
   2.4680867e+01  -6.2266000e+01
   4.6428755e+01  -6.9824738e+01
   4.6137014e+01  -4.1309567e+01
   4.7356656e+01  -2.4768005e+01
   3.6226678e+01  -6.8060174e+01
   3.2870763e+01  -9.4981968e+01
   4.0176123e+01  -5.0603318e+01
   7.2360556e+01  -4.6744334e+01
   3.7473929e+01  -2.3333169e+01
  -7.8939500e+01  -1.6869736e+01
   6.9964583e+01  -1.7300314e+01
   9.3469322e+01  -2.6990354e+01
  -7.2919032e+01  -2.4825368e+01
   6.3154790e+01  -2.4594575e+01
  -7.9651786e+01  -4.3331729e+01
  -5.9819181e+01  -4.2963263e+01
  -8.6425096e+01   5.4260672e+01
  -8.7400565e+01   7.3215925e+01
  -9.1099451e+01  -1.8789229e+01
  -8.3699350e+01  -2.5466243e+01
   6.4524689e+01   6.6059356e+01
  -6.7780261e+00  -7.7216845e+00
  -4.3264849e+00  -7.7934759e+01
   8.4878885e+00  -6.1385879e+01
   6.8775013e+01   9.3187502e+01
   9.9827115e+01   8.9909567e+01
   8.5401788e+01   8.2875172e+01
   5.3437799e+01   1.2557118e+01
   6.2135435e+01   2.7420389e+01
  -8.0215840e+01  -6.0389706e+01
  -9.6528079e+01  -7.0856074e+01
   6.8031374e+01  -1.9462338e-01
   6.2140540e+01   7.7406660e+00
  -3.2181813e+01  -3.8382649e+00
   4.5468980e+01   3.7799113e+01
   2.6394998e+01   3.3737315e+01
   1.0158863e+01   1.8103379e+00
   4.0227376e+01   4.6266386e+01
  -6.9887240e+01  -9.0795280e+01
   6.0662527e+01   3.9188963e+01
   3.3184939e+01   6.4670289e+01
   5.2693319e+01   6.7181015e+01
   5.0177012e+01   4.6419423e+01
   5.2849595e+01   8.2278284e+01
   7.9005272e+01   5.1940950e+01
   7.1233404e+01   5.8667501e+01
   3.2119560e+01   1.5511760e+01
  -1.4019325e+01  -9.2086027e-01
   8.9413715e+01   5.4289353e+01
   8.0772462e+01  -5.2136875e+01
  -3.5015705e+01  -3.1758716e+01
   8.4851927e+01   2.3691301e+01
  -6.7890777e+01  -3.4026947e+01
  -4.1966180e+01  -5.9604380e+01
  -4.2658393e+01  -8.1656322e+01
  -3.3529759e+01  -7.9033233e+01
  -2.9627344e+01  -9.7021114e+01
   3.0199043e+01  -1.6480615e+01
   1.9823704e+01   4.2522863e-01
   2.2442167e+01  -2.6980883e+01
   2.5066707e+01   8.6920535e+00
   6.3547210e+01  -9.6703736e+00
   9.6558452e+01  -9.3323827e+01
   5.1059043e+01   9.7759415e+01
   7.1509701e+01  -9.2736464e+01
   7.9305369e+00   5.4335120e+01
  -9.3149435e+01   3.5259020e+01
   9.6847251e+01  -5.8045474e+01
   8.3375631e+01  -9.4615236e+01
  -2.0565036e+00   8.1433914e+01
  -3.5412924e+01   3.4582088e+01
   1.5730054e+01   7.6946628e+01
  -7.7832092e+00   6.5253499e+01
   4.6445175e+00  -8.2212113e+01
  -7.4718475e+01   8.3137882e+01
   6.5584065e+01  -8.4688925e+01
  -1.5983647e+01   5.9577410e+01
   4.1162087e+01  -8.8745077e+01
  -2.2059254e+01   8.3509105e+01
  -1.2080710e+01   8.4759327e+01
  -5.1976051e+00   9.3778509e+01
   1.4225784e+01   6.2077283e+01
   3.2468879e+01   7.4616351e+01
  -7.6483647e+01   5.5361402e+01
  -3.4620169e+01   6.5350251e+01
  -4.3984807e+01   6.2058690e+01
  -3.4470182e+01   5.5371186e+01
   2.0057571e+01  -8.9379532e+01
   7.1936762e+01  -5.6712109e+01
  -2.5267409e+01   2.4929710e+01
  -3.2656334e+01   4.5561346e+01
  -3.5797118e+01   7.8936261e+00
   1.7895981e+01  -6.9371465e+01
  -6.4405598e+01   9.8557945e+01
  -5.6868920e+01   9.1989312e+01
  -8.7616536e+01   9.8869073e+01
  -4.2048727e+01   8.1863182e+01
  -5.2143037e+01   7.2719834e+01
   5.3026175e+01  -5.8151836e+01
  -4.7489908e+01   9.5449302e+01
   6.2247954e+01  -5.4435411e+01
  -8.8994633e+01   7.3590072e-02
  -1.5845244e+01   3.7398229e+01
   9.4292150e+01  -3.6952793e+01
  -1.1372144e+01   2.8517108e+01
   7.9858078e+01  -1.5980122e+01
  -7.4327168e+01   2.8366717e+01
  -6.4094066e+01   2.8906546e+01
  -5.2766416e+01   4.7042208e+01
   7.2905666e+01  -2.6848194e+01
  -8.8840764e+01   1.9054875e+01
  -6.3774774e+01  -5.2045994e+01
   8.1585364e+01  -3.4793966e+01
  -5.9476685e+01   2.0073434e+01
   1.5728662e+01  -5.0668954e+01
  -8.8673132e+01  -7.7368750e+01
  -8.3160699e+01  -8.5695225e+01
   4.1691568e-01  -4.0013674e+01
   1.0012194e+01  -4.2514992e+01
   2.6272086e+01  -4.2444659e+01
  -9.5182952e+01   7.9496500e+01
  -9.8816614e+01   7.0079894e+01
  -6.4690301e+01  -6.1911867e+01
  -5.0894744e+01  -7.6102619e+01
  -4.9750616e+01  -6.5528363e+01
  -9.9340793e+01   1.6261028e+01
   1.2466686e+01   9.5421893e+01
  -6.9713676e+01  -4.3783327e+01
  -9.6203134e+01   2.5751346e+01
   2.5832989e+01   2.3882843e+01
   2.7525861e+01   8.3311628e+01
   2.4084739e+01   9.4632021e+01
  -7.7846206e+01  -3.3518737e+01
   1.4796318e+00  -2.4366929e+01
   4.8425984e+00   2.7126821e+01
   1.4406895e+01   2.9775986e+01
   9.3271421e+01   2.9074164e+01
   2.2452639e+00  -3.8084783e+00
  -1.5082741e+01  -2.2176220e+01
   2.6921690e+00  -1.3616747e+01
  -6.3024621e+00  -1.7676161e+01
   8.8441383e+01   9.2396242e+01
  -9.6143691e+01   4.4796942e+01
   9.5757861e+01   9.9209171e+01
   7.6183487e+01   9.9904236e+01
   5.1889167e+01  -9.1503308e+00
   4.9386882e+01   3.5115391e+00
   7.7870331e+01   1.8359026e+00
   8.4247174e+01   7.2942552e+01
   6.2849790e+01   1.7583844e+01
   9.9330849e+01  -1.3887326e+01
   8.6058142e+01  -8.1709702e+00
   4.8212587e+01   5.6119766e+01
  -8.8450450e+01  -9.4185605e+01
  -8.5135065e+01  -5.1765196e+01
   6.9100565e+01   7.4912887e+01
  -7.8589835e+01  -9.5412616e+01
  -9.5636509e+01  -5.0766499e+01
   5.8794995e+01   9.1549401e+01
  -8.7124656e+01  -6.7529841e+01
   4.3109582e+01   6.4626230e+01
   9.1592035e+01   6.6156627e+01
   9.8184037e+01   5.3352802e+00
  -2.1360481e+01  -5.0263534e+01
   5.9674400e+01   4.9014936e+01
   3.4750752e+01   5.9588017e+00
   8.7027199e+01  -5.9904953e+01
  -1.5104389e+01  -7.8991246e+01
  -1.8545618e+01  -8.8506462e+01
  -9.4070179e+00  -9.6717425e+01
  -2.2459451e+01  -5.9886035e+01
  -3.0668456e+01  -4.0693015e+01
  -9.1012899e+01   6.3835795e+01
  -4.4888609e+01  -3.0001841e+01
  -5.3145741e+01  -2.4338374e+01
   9.4151665e+01   3.9014367e+01
   9.5217472e+01   8.1037758e+01
  -4.1803265e+01  -2.8500474e+00
  -7.3030187e+01  -8.9607893e+00
  -5.9648616e+01  -8.4235619e+00
  -8.2050397e+01   8.4320385e+00
  -9.5243801e+01  -9.7231580e+00
  -2.4837984e+01  -2.3013179e+01
  -2.2632335e+01  -5.4011898e+00
  -3.4604129e+01  -2.1732235e+01
  -3.2232083e+01  -5.9910250e+01
   3.5511456e+01   2.4690936e+01
  -6.4155204e+01  -7.9991946e+01
  -2.4440765e+01  -7.5706122e+01
   1.9670143e+01  -1.7595907e+01
   9.7864952e+01   4.9229539e+01
  -5.8156315e+01  -9.8781297e+01
  -9.7178942e+01  -2.6705436e+01
