  -9.3190126e+01  -5.0509402e+01
   5.1156333e+00  -8.9698450e+01
  -7.0868751e+01  -2.5719534e+01
   9.3384318e+01   3.6184984e+00
  -5.3410265e+01   4.3024219e+01
   6.1622585e+01  -6.5595200e+01
  -4.8341145e+01   2.0088146e+01
   2.0685369e+01   5.5007987e+01
  -4.0595026e+01  -4.9116324e+00
   6.2402855e+01   6.7363301e+01
  -5.0622628e+00  -9.8207398e+01
   6.0944000e+01   3.9970413e+01
   2.3909365e+00   5.9784971e+01
  -6.6569906e+01  -1.6852303e+01
   2.4957021e+01  -1.4751364e+01
  -2.2292975e+01  -7.8544221e+01
   5.6537673e+01   5.9280645e+01
   5.5759330e+01  -9.9816395e+01
  -9.8439739e+00   3.9959618e+01
   1.2260348e+01   6.0120418e+01
  -2.7103524e+01   5.6704607e+01
  -8.1612905e+01   3.3468212e+01
  -7.6336092e+01   2.4331477e+01
  -7.6104755e+01   8.5605495e+01
  -8.9394428e+01  -1.0717197e+00
  -6.0128940e+01  -9.5057595e+01
  -1.7667096e+01  -1.9230712e+01
  -3.0666312e+01  -4.1857738e+00
  -3.8737226e+01  -5.8565956e+01
   3.3629569e+01  -8.2466415e+01
  -2.8533216e+01   2.1681549e+01
  -2.5365504e+01   4.7088601e+01
  -5.2241968e+01   1.1033644e+01
  -3.1620734e+01   7.2061632e+01
   4.9874078e+00  -7.6522326e+01
   9.9510189e+01  -3.3528381e+01
  -7.8959757e+01  -9.0974086e+01
   4.0641831e+01   2.8250223e+01
   9.8650727e+01   7.6126004e+01
  -4.0710346e+00  -1.2466875e+01
   6.1480495e+00  -6.5899417e+01
  -7.9258734e+01  -8.0986333e+01
   4.8091385e+00  -9.9691407e+01
   7.2679279e+00   9.8659469e+01
  -1.2353149e+01  -6.4204173e+01
   5.1440936e+01  -9.0800555e+01
  -2.2761745e+01  -4.7769318e+01
   1.8495062e+01   8.6150623e+00
  -3.1044476e+01  -3.2075656e+01
   6.8634819e+00   7.9654095e+01
  -9.7383645e+01   4.9956580e+01
  -4.2998344e+00   3.1947329e+01
  -1.2878364e+01   7.6933246e+01
  -2.9574319e+01   3.8239347e+01
  -1.7311753e+01   5.7830419e+01
  -6.3106555e+01   9.5783233e+00
  -5.6483084e+01   2.1744365e+00
  -8.2649812e+01  -8.2189681e+00
   3.8285612e+01  -4.9887330e+01
  -5.2125527e+01   9.6768629e+01
  -3.7911631e+01   8.9869398e+01
   5.4990445e+01  -4.2642036e+01
  -6.4235323e+01   2.6666173e+01
   3.8551549e+01  -3.2503763e+01
  -8.9586110e+01   5.9792467e+01
   6.6039295e+00  -3.2497962e+01
  -8.3132913e+01   9.3650413e+00
   9.5351280e+01   2.7777247e+01
  -7.7768783e+01  -6.0316076e+01
   4.5571368e+01  -2.5394570e+01
  -9.8920757e+01  -4.2467515e+01
  -8.6513838e+01  -1.6935557e+01
   3.8400487e+01   1.8704690e+01
   5.1104063e+01   3.9738655e+01
   7.7325659e+01  -2.8136006e-02
   6.3051821e+01  -4.9394387e+00
   6.6410316e+01   5.7955405e+01
  -1.3689003e+01  -8.3760610e+01
   7.1482864e+01  -6.7226360e+01
  -5.9338462e+01  -6.2813718e+01
  -7.8698655e+00  -3.9400416e+01
  -5.6068873e+01  -2.1397015e+01
   5.5391568e+00   3.2062989e+01
   6.6717363e+01  -2.5926903e+01
  -2.6577163e+01   4.6697916e+00
   5.0232547e+01  -3.4027407e+01
  -7.7819621e+01   4.3436959e+01
  -2.9823394e+01   8.3991865e+01
   1.3198657e+01   3.8197685e+01
  -6.8826816e+01   1.7763433e+01
   6.8008470e+01   3.6475577e+00
   9.8726292e+01  -5.5827145e+01
   1.5376086e+01  -9.6898068e+01
   4.3135253e+01  -5.8601862e+01
  -4.7550588e+01   8.7210277e+01
   5.0512599e+01  -1.6126010e+01
  -8.4882426e+01   9.0354699e+01
  -6.1665091e+01   5.0059243e+01
  -9.9741179e+01   2.8576254e+01
  -5.0019320e+01   6.4603833e+01
  -4.2257577e+01  -8.6357830e+01
   2.8327185e+01  -4.9638000e+01
  -3.9706625e+01   3.8182991e+01
   2.2070794e+01  -2.4218971e+01
   1.3677018e+01  -4.2163050e+01
   2.7216225e+01   9.7276308e+01
   8.8741873e+01  -5.6717748e+01
   2.2239762e+01  -8.5478883e+01
   6.3707155e+01  -4.7286392e+01
  -7.4131150e+01  -4.8336509e+01
  -9.6903395e+01  -1.9100988e+01
   7.2895952e+01  -4.3511025e+01
   8.0881029e+01  -4.9503984e+01
  -7.7192515e+01   7.5668981e+01
  -6.2308637e+01  -7.2588041e+01
   5.8039064e+01   7.6728894e+01
  -6.9503230e+01  -3.5739064e+01
   3.6649160e+01   5.9792247e+01
   1.3775277e+01   4.8027133e+01
   1.4686819e+01   6.9783708e+01
   3.6748100e+01   9.0793454e+00
  -2.3087244e+00   6.0309602e+00
   7.4014862e+01   6.9472417e+01
   8.0263653e+01   7.7274811e+01
   6.2932486e+01   8.6072268e+01
   9.9397961e+00  -6.3313255e+00
   9.8382722e+01   9.9879079e+01
   5.5569552e+01  -2.4710719e+01
   1.2093615e+01  -2.4283407e+01
   9.3625553e+01   6.7485295e+01
  -9.7866064e+01  -5.9291766e+01
   9.9099687e+00   3.6200845e+00
   7.7458629e+01   4.9828122e+01
   6.1298385e+01   1.1016551e+01
   3.2258073e+01   6.8743723e+01
   3.3422694e+01   8.9440768e+01
   5.0460761e+01   9.9823942e+01
   5.7888052e+01   4.9431916e+01
  -4.1872828e+01  -7.6474276e+01
   9.4842951e+01   1.6862866e+01
  -3.3404310e+00  -4.8474090e+01
  -6.1807293e+01  -2.9290595e+01
  -5.1063329e+01  -8.0179873e+01
  -2.9268263e+00   7.7664019e+01
   9.9645412e+01  -4.5869521e+01
   1.5638418e+01   1.7959593e+01
  -8.9593726e+01   3.9427693e+01
  -3.5321065e+00   6.7758878e+01
   5.2158041e-01   4.0698538e+01
   1.4909452e+01   2.8342206e+01
  -7.1701875e+01   3.3157141e+01
  -2.7104195e+00   2.2286187e+01
  -5.6205348e+00   4.8868326e+01
  -1.5510055e+01   4.8089964e+01
  -8.1503194e+00  -2.1533581e+01
  -2.3441230e+01  -1.0941505e+01
   4.3301976e+01  -8.4999352e+01
   5.2089619e+01  -7.3406201e+01
  -3.4824805e+01   5.0219375e+01
  -3.4402589e+01   2.9758307e+01
   9.8735195e+01  -8.9323089e+01
  -2.7386297e+01  -1.9948465e+01
  -5.8679573e+01   1.8509275e+01
   8.0188185e+01  -9.4998759e+01
  -5.0534807e+01  -5.7001001e+00
   7.0192233e+01  -9.4741032e+01
  -4.1551393e+01   6.9866043e+01
  -4.4813452e+01  -1.3642383e+01
  -6.4112714e+01  -3.9697922e+00
  -7.8520104e+01   5.8646994e-01
  -7.2862810e+01  -8.2896536e+00
  -8.4853773e+01   1.9148482e+01
  -3.4461095e+01   9.9254667e+01
  -2.3408523e+01   6.5959702e+01
  -2.5443003e+01   9.4933197e+01
  -3.8679145e+01   7.9408972e+01
   5.3303706e+01  -6.5806757e+00
  -1.3783484e+01   2.8940093e+01
  -3.6464905e+01   3.8932583e+00
  -6.7894524e+01   4.2303457e+01
  -4.6384598e+01   3.1008388e+00
  -4.4275246e+01   4.7040506e+01
   1.3929526e+01  -7.2149505e+01
  -5.8215086e+01   7.8369354e+01
   3.3497787e+01  -4.1109429e+01
   6.0232871e+01  -3.3536574e+01
  -1.3628298e+01  -7.3869695e+01
  -4.7815504e+00  -7.8313448e+01
  -2.2476593e+01  -8.8500693e+01
  -3.2426745e+01  -8.7949107e+01
  -6.7285392e+01   9.0315313e+01
  -5.4326979e+01   2.7973230e+01
  -4.1540819e+01  -9.6285474e+01
   2.8584265e+01  -3.1776831e+01
   2.2339041e+01  -6.6813155e+01
  -4.7652719e+00  -8.8244343e+01
   5.7211745e+01  -5.4965516e+01
   4.3471859e+01  -4.1363110e+01
   2.9200236e+01  -5.9577648e+01
   2.3538122e+01  -4.0852668e+01
   4.8418620e+01  -5.0120639e+01
  -7.3339068e+01  -9.9240094e+01
  -1.3949818e+01  -9.3693441e+01
   8.4784754e+01  -2.3247976e+01
  -8.0308940e+01   5.6153392e+01
   3.1890353e+01  -2.1932897e+01
  -9.4737406e+01  -7.8634254e+01
   5.2220676e+01   6.8250642e+01
  -9.1872890e+01   8.3207768e+01
  -7.9180054e+01  -3.8259996e+01
  -6.4790051e+01  -4.5573633e+01
  -1.9718288e+01  -3.7998957e+01
   3.8413468e-01  -3.5655127e+00
  -9.6100537e+01  -3.3113011e+01
   8.3693003e+01   8.8576683e+01
   8.3703587e+01   6.6333965e+01
   9.5215153e+01   8.9787243e+01
   6.8010393e+01   7.7460717e+01
   4.7139266e+00  -5.4346311e+01
   4.3459511e+01  -5.7729837e+00
   4.0602288e+01  -1.6945350e+01
  -8.3374524e+01  -5.1533657e+01
  -8.8622248e+01  -4.1522354e+01
   9.1637298e+01  -1.2506289e+01
   7.5314834e+01   1.0383150e+01
   5.7682312e+01   2.0290783e+01
   3.1658376e+01   3.9751815e+01
   7.9674814e+01  -1.0914566e+01
   3.0942529e+01   2.9833003e+01
   5.1927304e+01   8.9540451e+01
   9.6144536e+01   4.8077482e+01
   4.1426748e+01   3.7943668e+01
   3.7750313e+01   7.7055846e+01
   3.8373438e+01   4.7243481e+01
   2.3247437e+01   4.5026887e+01
   4.6580415e+01   5.9101743e+01
   6.7682850e+01   4.8057146e+01
   4.8021971e+01   4.9235383e+01
   4.7924857e+01   2.1697737e+01
  -3.6656310e+01  -2.2466537e+01
  -3.4163903e+00  -6.8453700e+01
   8.6753992e+01   2.2719697e+01
   4.0671277e+01  -7.5359842e+01
  -3.3877917e+01  -6.8183929e+01
   9.2795882e+01  -7.0254091e+01
   7.6827522e+01  -5.8625308e+01
   4.3250130e+01  -9.7013588e+01
  -1.8193863e+01  -5.6421117e+01
  -5.1332383e+01  -3.1459522e+01
  -4.4526955e+00  -5.8280701e+01
  -6.9461105e+01  -7.9385819e+01
  -6.7539321e+01  -5.5888419e+01
  -4.3730659e+01  -6.6844045e+01
   5.5060902e+01   3.2198523e+00
   1.9881421e+01  -6.1556774e+00
   7.5171397e+01  -2.0606923e+01
   6.9782773e+01  -1.2236311e+01
   6.7064823e+01  -5.6641966e+01
   7.5322066e+01  -3.1063465e+01
   6.0496344e+01  -1.5925389e+01
  -9.9892715e+01  -9.2105519e+01
   4.1547204e+00   5.0001493e+01
  -8.7422770e+01   4.9166247e+01
  -8.7048942e+01  -9.7049980e+01
  -1.9187665e+01  -1.9445275e+00
  -1.3600722e+01  -1.0152948e+01
  -7.4528975e+00   5.8614572e+01
   9.5443219e+01  -7.9886413e+01
  -3.4863133e+01   6.2642622e+01
  -1.3470723e+01   6.6985069e+01
  -3.8463178e+01   2.0918870e+01
  -2.3670031e+01   3.0120385e+01
   5.6675354e+01  -8.2284076e+01
   6.4811678e+01  -7.5071130e+01
   6.6095644e+01  -8.5621174e+01
  -8.9351832e+01   6.9785799e+01
  -4.2290193e+01   1.1960013e+01
   8.9550430e+01  -9.8511671e+01
  -2.9784871e+00   9.6770326e+01
  -4.4410471e+01   2.9283356e+01
  -7.1529986e+01   5.1523603e+01
  -1.0293675e+01   8.8097648e+01
  -2.2855828e+01   7.6825213e+01
  -2.0147874e+01   8.6449580e+01
   2.3214361e+01   6.4587361e+01
  -8.2143984e+01   9.9969038e+01
  -1.5600860e+01   9.6703001e+01
  -5.2212943e+01   5.3081351e+01
  -4.3214246e+01   5.7280867e+01
  -4.8378650e+01   7.7046642e+01
  -5.7486762e+01   8.8332905e+01
  -6.8068409e+01   7.9700170e+01
  -7.2188844e+01   9.9029349e+01
   2.5430019e+01  -9.4950910e+01
   1.2557035e+01  -8.3029346e+01
   2.5867650e+01  -7.6164803e+01
  -1.9637161e+01   3.9038771e+01
  -2.1879292e+01  -9.9732125e+01
   5.1874859e+01  -6.3417868e+01
  -7.6534079e+01  -1.7527688e+01
  -9.3092895e+01   8.1165333e+00
  -7.3004527e+01   8.7348656e+00
  -6.0345777e+01   3.5857035e+01
   3.6663750e+01  -6.6211791e+01
   8.9633296e+01  -3.1983170e+01
  -6.8877447e+01  -9.0235103e+01
   8.9707713e+01  -4.4833194e+01
  -6.2065538e+01   9.8845779e+01
   3.8160663e+00  -4.1887379e+01
  -7.7830147e+01  -7.1066912e+01
   1.8468824e+01  -5.0841882e+01
  -8.0056315e+01   6.6115463e+01
  -9.0857935e+01  -8.7819817e+01
  -5.7979703e+01  -5.2798575e+01
  -5.1461736e+01  -9.0143399e+01
  -5.2796744e+01  -7.0367975e+01
   1.0773000e+01   8.9193027e+01
  -9.4401444e+01   9.3388989e+01
   1.7227614e+01   9.6830302e+01
  -9.4889802e+01   1.9192582e+01
  -9.3023710e+01  -6.8831859e+01
  -9.9219471e+01   6.2412180e+01
  -9.7788672e+01   7.5146811e+01
  -8.0218814e+01  -2.8387627e+01
  -8.9797988e+01   2.7795157e+01
   2.3953135e+01   7.4528619e+01
   2.7641018e+01   1.3174131e+01
  -9.9538658e+01   3.8572472e+01
   2.2554519e+01   3.5055006e+01
   1.3163890e+00  -2.4177719e+01
   1.7347458e+01  -3.2943795e+01
   1.5144747e+01  -1.4859182e+01
   2.4300256e+01   2.2569063e+01
   2.5617920e+01   1.8919146e+00
  -1.1601627e-01   8.7210389e+01
   9.0236027e+01   3.6357784e+01
  -9.2740165e+00  -1.1262693e+00
   7.8703143e+01   9.7461254e+01
   5.3566266e+00  -1.5155390e+01
  -1.2347483e+01  -3.0543856e+01
   5.3105226e+00   1.2469849e+01
   7.4257126e+01   8.5267522e+01
   6.0347952e+01   9.8348356e+01
  -3.2334869e+01   1.2732211e+01
   8.8701802e+01   9.7374841e+01
   6.9334316e+01   9.3968844e+01
   1.3785675e+01  -5.9580393e+01
   8.9698828e+01   8.0581180e+01
   3.5128682e+01  -5.1907668e-01
  -8.7740846e+01  -6.0431301e+01
   9.9810908e+01   5.9632732e+01
   6.7402805e+01   2.2097067e+01
   9.4705424e+01  -2.2095493e+01
   6.0567847e+01   2.9862818e+01
   3.0063952e+01   5.2338453e+01
   7.6223075e+01   5.9729585e+01
   9.8363028e+01  -5.1059807e+00
   4.2227010e+01   6.8090293e+01
   8.5578478e+01   5.5642856e+01
   4.2694829e+01   8.5721091e+01
   4.8054484e+01   7.7304962e+01
   4.1392198e+01   9.5618988e+01
   8.6472580e+01   4.5600269e+01
   8.6674843e+01  -3.7887740e+00
   3.3576556e+01  -1.0147501e+01
   2.4011065e+01   8.6070055e+01
  -2.7004650e+01  -6.1007195e+01
  -3.2130437e+01  -7.7989401e+01
  -3.1687146e+01  -9.7899690e+01
  -3.4861466e+01  -1.2980677e+01
  -2.1958749e+01  -2.8254556e+01
   5.0827690e+01   1.2217328e+01
   6.9775241e+00   2.2305274e+01
  -4.0830008e+01  -3.0972843e+01
   8.3995168e+01  -6.5548633e+01
   8.6436777e+01   1.0810694e+01
   7.7145425e+01   2.0164028e+01
  -5.8316814e+01  -3.8358879e+01
  -5.8109566e+01  -1.1825675e+01
  -4.6453672e+01  -2.3056304e+01
  -9.5054528e+01  -9.2929213e+00
  -3.1673614e+01  -5.1832602e+01
  -3.0450592e+01  -4.1890168e+01
  -1.3070520e+01  -4.7871676e+01
  -6.9406972e+01  -6.5690915e+01
  -5.0054826e+01  -5.9115263e+01
   8.1705174e+01  -3.8848388e+01
  -6.0410618e+01  -8.3574265e+01
  -8.9675286e+01  -2.5966665e+01
