   2.9828877e+01   6.6163273e+01
  -4.7578890e+01   3.6974176e+01
  -8.1421774e+00  -6.0361117e+01
  -1.0217571e+01  -5.0741369e+01
  -8.4435111e+01   1.0658395e+01
   5.2700242e+01  -5.0066349e+01
   7.6522515e+01  -4.9027706e+01
  -4.9177296e+00  -3.4503163e+01
   6.8377887e+01  -1.6172244e+01
   7.1602649e+01   8.6710495e-01
  -9.6708006e+01  -3.2553600e+01
   7.8078510e+01  -2.8479874e+01
   4.2981147e+01   5.0559173e+01
   4.3993806e+01   1.6471221e+01
  -5.0368043e+01  -9.1661699e+01
  -2.5777375e+01   8.3157615e+01
  -4.1806847e+01  -3.0313845e+00
  -1.2331600e+00   7.7002166e+01
  -2.5762499e+01   5.2604130e+01
  -6.2042419e+01   3.6618204e+01
  -4.9590757e+01   6.2032018e+01
   4.8006475e+01  -7.5850002e+01
  -7.5924412e+01  -7.7297674e+01
   1.4455119e+01  -3.1475799e+01
   2.6018674e+01   2.2583861e+01
   2.9605149e+01  -2.4866224e+00
  -3.1057422e+00  -7.4503707e+00
   1.2366601e+01  -1.5977713e+01
   8.8740205e+01   1.0946424e+01
   8.3647038e+01   6.9848100e+01
  -5.2722995e+01  -1.7450859e+01
  -6.9541576e+01  -6.9606564e+01
   8.9092721e+01  -4.6804554e+01
  -1.4154338e+01  -3.1371460e+01
  -5.4604642e+01   2.9971721e+01
  -7.5884792e+01   7.6866155e+01
  -4.6603409e+01   9.8992762e+01
  -8.1974834e+01   9.4182437e+01
  -2.7914745e+01   3.4353728e+01
  -5.6310501e+01   2.0187810e+01
  -2.9894972e+01   1.2249018e+01
   8.1496758e+01  -6.4983857e+01
  -8.0060285e+01   3.8057498e+01
   2.0144725e+01  -7.7408100e+01
   3.9636562e+01  -1.7245285e+01
  -5.9753873e+01  -3.0176413e+01
  -9.0622828e+01  -2.0053694e+01
   1.1224540e+01  -5.9177235e+01
   4.7575885e+01   3.1472480e+01
  -8.5759066e+01  -6.7930446e+01
   3.7466939e+01   3.6275230e+01
  -1.1768517e+01  -2.1788946e+01
   9.1913535e+01   6.4219785e+01
  -3.2052884e+01  -2.3974887e+01
   9.8287310e+01   1.3910328e+01
  -3.8622854e+01  -7.1110815e+01
   3.1385453e+01  -2.2044985e+01
   1.6622668e+01   5.5511303e+01
   8.6999698e+00   8.2571425e+01
   4.5458468e+01  -9.5619649e+01
  -7.8410031e+00   8.4488905e+01
  -3.5613813e+01   5.3081233e+01
   8.4187381e+00  -9.7811485e+01
  -1.9996035e+01   2.8311059e+01
   2.1573488e+01  -5.8185121e+01
  -5.1481749e+01   9.0273694e+01
   8.7189870e+01  -2.1248830e+01
  -9.7339391e+01   2.2703532e+01
  -8.8061389e+01  -8.8882260e+01
   1.5469127e+01  -5.0462659e+01
   2.6295772e+01  -4.9519970e+01
   6.7893899e+00  -7.3964329e+00
   8.3780324e+01   9.3826373e+01
   4.3957622e+01   6.9390133e+00
   8.4070907e+01  -5.8061674e+00
   6.3493097e+01   2.5567243e+01
   5.4654907e+01   6.5842099e+01
  -8.9784062e+01  -4.8314294e+01
   6.6751934e+01   8.0608298e+01
   4.1978560e+01   8.1192605e+01
   6.1871683e+01   4.2110686e+01
   3.9029401e+01  -1.2923239e+00
  -2.9467940e+01  -5.4948353e+01
  -4.9823372e+01  -3.0677368e+01
  -7.1319563e+01  -1.5782385e+01
  -6.7031718e+01  -3.7149564e+00
  -7.5586997e+01   3.0234597e+00
  -2.1529234e+01  -1.9822370e+01
  -6.8792958e+01  -8.4306523e+01
  -2.2173533e+01  -8.2591403e+01
   1.9043818e+01  -8.7268494e+01
   4.6600324e+01  -8.5703444e+01
   1.2752996e+01   2.9006798e+01
   1.9542891e+01   3.5931042e+01
  -9.5644438e+01   3.2544628e+01
   5.5190624e+01  -9.0805773e+01
  -9.0683342e+00   4.5220685e+01
   3.3148927e+01   8.7440150e+01
  -1.1714364e+01   7.0728878e+01
   7.5354726e+00   5.1553153e+01
  -5.0998501e+01  -6.8807850e+00
   4.9429173e+01  -2.9813998e+01
   5.8830489e+01  -2.7759258e+01
  -2.1678792e+01   7.0982896e+01
  -2.9204912e+01   9.2548573e+01
  -6.1635806e+01   8.9808725e+01
   4.1414259e+01  -5.7211337e+01
  -4.6867124e+01   1.7526876e+01
   4.3114021e+01  -4.7458786e+01
   6.2871008e+01  -6.3037890e+01
  -4.7122093e+00   3.6278333e+01
   2.7921314e+01  -9.4176754e+01
  -5.4971254e+01   4.3670351e+01
  -4.1640200e+01   7.2109382e+01
  -7.8765952e+01  -5.3182027e+01
   3.4043506e+01  -4.3504428e+01
  -8.0973147e+01   5.7953338e+01
  -5.9660922e+01  -5.0137709e+01
  -4.6666261e+01  -6.5213450e+01
  -8.5346287e+01  -1.1564175e+01
  -1.1909899e+01  -1.1945372e+01
   5.9468822e+01   1.6691302e+01
   8.5234713e+01   8.2689937e+01
   9.2931751e+01   8.9797047e+01
   5.6819242e+00   1.1190166e+01
  -1.8810686e+00  -7.7141712e+01
   5.5352643e+01  -8.6414654e+00
  -2.4678492e+01  -4.9804255e-01
   9.1511473e+01  -1.2374153e+01
   1.5565325e+01   1.0536925e+01
  -2.4588748e+00   2.1885376e+01
   2.6475821e+01   5.6781576e+01
   3.4345085e+01   1.7654842e+01
   5.1258282e+01   9.8085590e+01
   8.1633106e+01   5.2050786e+01
   5.0581720e+01   5.6852470e+01
  -1.2242005e+01  -7.9694094e+01
  -9.9890250e+01   6.9755992e+01
   9.7536035e+01   2.3872821e+01
  -9.4474380e+01  -7.4981993e+00
   8.7185944e+01   4.3741628e+01
  -2.9144612e+01  -7.4163789e+01
  -1.8081907e+01  -6.1251857e+01
  -4.7743281e+01  -7.5130520e+01
   2.2331851e+01  -2.5486472e+01
   2.5698748e+01   1.2575058e+01
   9.3898036e+01  -9.7365202e+01
  -3.0305244e+00  -9.8452980e+01
   6.5558029e+01  -7.5500023e+01
   7.8238477e+01  -9.4896207e+01
  -1.7525597e+01   8.9407624e+01
  -2.1012701e+01   4.4029372e+01
  -3.9199257e+01   6.2412058e+01
  -1.0031725e+01   6.0637256e+01
  -1.6484805e+01   7.9488682e+01
  -3.5331913e+01   8.0229903e+01
  -6.3961439e+01   2.6485947e+01
  -4.0803842e+01   4.4210003e+01
   3.6298559e+01  -9.9626424e+01
  -8.6118566e+01   7.6097929e+01
   1.5440046e+00   8.9556563e+01
   9.0521762e+01  -6.9282745e+01
   2.9609842e+01  -7.4321000e+01
   7.1177432e+01  -5.7474585e+01
   3.7813850e+01   7.2128367e+01
   7.7526146e+00   7.2615292e+01
   1.4544781e+01   6.5268518e+01
   2.5239872e+01   4.3852384e+01
  -5.5302236e+01   5.3632359e+01
  -3.8870078e+01   8.9550473e+01
  -3.6608286e+01   9.9278488e+01
  -7.0135963e+01   9.6016463e+01
  -3.0911059e+01   4.3878213e+01
   2.8662506e+01  -8.4227353e+01
  -5.5307561e+01   8.1053119e+01
  -4.5249974e+01   8.1434738e+01
   7.7788174e+01  -1.8489091e+01
  -3.7463817e+01   2.0653680e+01
   6.8823439e+01  -4.2577039e+01
  -9.8247910e+01   1.2758216e+01
  -3.7889788e+01   3.4573009e+01
   8.8608351e-01   4.4324134e+01
  -1.4608581e+01   3.6713517e+01
  -3.1724349e+01   7.0961621e+01
   9.8379501e+01  -3.7299828e+01
  -8.9691337e+01   4.0560332e+01
  -7.6930383e+01   2.2799826e+01
  -8.5873956e+01   2.9932012e+01
   1.6675441e+01  -7.3100081e+00
  -9.5731391e+01   7.8850062e+01
   8.7880583e+01  -3.1118775e+01
   4.2428992e+01   9.1154354e+01
  -7.0727112e+01   4.1541635e+01
  -7.3718161e+01   5.1086382e+01
   1.8838874e+01  -6.7611155e+01
   1.0752925e+01  -4.0755100e+01
  -6.8457266e+01  -3.5021743e+01
  -7.1420674e+01  -4.4533170e+01
  -1.9856655e+00   9.9023242e+01
   5.7574287e+00  -4.9064302e+01
  -6.0747960e+01  -9.0243186e+01
  -8.5747696e+01  -7.9154451e+01
  -7.7051373e+01  -6.3026642e+01
  -8.7634524e+01  -5.8080536e+01
  -5.4404266e+01  -8.2534400e+01
   6.8463277e+01  -2.6163233e+01
  -6.6145734e+01   6.3189745e+00
  -6.2875702e+01  -6.2164379e+01
  -9.8357834e+01  -5.3464947e+01
  -6.5399895e+01   1.6281841e+01
  -2.7564289e+00  -4.4158322e+01
  -2.3734010e+00  -2.4940991e+01
   1.9485047e+00  -1.6031635e+01
   4.6574341e+00  -3.3435422e+01
   1.8894237e+01   8.1551120e+01
   8.8196454e+00   3.8176014e+01
  -2.3722632e+01  -2.9419300e+01
   4.9447189e+01  -1.7685916e+01
  -6.5436175e+00   1.8263116e+00
   7.5307013e+00  -2.4277841e+01
   1.2474992e+01   1.3242758e+00
   4.4400684e+01  -9.2827436e+00
  -9.3182514e+01   5.0878524e+01
   7.3942024e+01   7.2263962e+01
   9.2004192e+01   7.5343245e+01
   2.9871436e+00   3.0109086e+01
   7.5348946e+01   9.9202238e+01
  -2.1667933e+01  -9.9646150e+00
   2.0111964e+01  -4.2209373e+01
  -7.5882392e+01  -9.1335120e+01
   4.8632751e+01   7.3776184e+01
  -1.5127697e+01  -2.5867099e+00
  -3.9897325e+01  -3.0950930e+01
   5.6833208e+01   7.9446374e+01
   7.8222446e+01   6.1448312e+01
   5.3522363e+01   4.7418763e+01
   5.3366999e+01   9.2012107e+00
   2.8630422e+01   3.2014026e+01
   3.4289712e+01   7.7333470e+00
  -6.2582517e+01  -2.0610577e+01
  -2.1959495e+01  -3.9493792e+01
  -3.0672581e+01  -1.4103029e+01
  -5.0450037e+00  -8.6598060e+01
   9.7387258e+01  -7.6551238e+01
   9.7177265e+01   4.3530088e+01
  -9.8052672e+01   5.9926315e+01
  -1.0142917e+01  -7.0007695e+01
   9.0963880e+01   1.2790789e+00
   8.9835029e+00  -6.8736215e+01
  -7.6373101e+01  -7.1847230e+00
  -6.0162586e+01  -1.0909231e+01
  -4.0526628e+01  -1.2839864e+01
   8.8083194e+01   2.0860072e+01
  -2.0158838e+01  -5.1400121e+01
  -1.5846044e+01  -9.9477429e+01
  -6.9879317e+01  -9.9331686e+01
  -3.3495026e+01  -9.1356610e+01
  -1.9478454e+01  -7.2827324e+01
   7.4711909e+01  -8.6937671e+00
  -3.9767285e+01   1.0699937e+01
   9.4307045e+01  -8.6064610e+01
   5.6684481e+01  -7.0892652e+01
   3.8370146e+01  -7.9219239e+01
   3.9059172e+01   2.6418330e+01
   4.5995192e+01   4.1149087e+01
   4.3358968e+01  -3.7588461e+01
   5.2921249e+01  -4.0097693e+01
   6.6038997e+01  -8.5487894e+01
   6.8244462e+01  -9.5241371e+01
   3.3216080e+01   4.9449875e+01
   5.7128542e+01  -8.0906095e+01
   5.9018926e+01  -1.7857778e+01
  -2.4607304e+00   6.7115357e+01
   3.4435352e+01  -3.3776183e+01
   4.5624965e+01  -6.6211225e+01
  -4.8256598e+01   4.5516551e+00
   3.7277658e+01  -8.9287870e+01
  -2.9480604e+00   5.3543756e+01
  -8.3286915e+01   4.8227190e+01
   1.5275365e+01   9.0834975e+01
   6.2214197e+01  -5.3061794e+01
  -2.1277165e+01   9.8663306e+01
   5.3382668e+01  -6.0001136e+01
   7.1812622e+01  -6.7447993e+01
   1.0222617e+01  -7.8559322e+01
  -8.0357892e+01   6.7926860e+01
  -9.0243226e+01   6.6344081e+01
   9.3321844e+01  -5.9682931e+01
  -4.5476155e+01   5.2968940e+01
   1.5472283e+01   4.5579616e+01
   2.6584892e+01   9.4978672e+01
  -5.7919259e+01   9.9092435e+01
   1.8395334e+01  -9.7210954e+01
   4.7372530e+00  -8.8524983e+01
   5.4803283e+00   6.1218689e+01
  -6.5241433e+01   7.9995912e+01
   7.8974838e+00   9.7555667e+01
  -7.2906711e+01   8.6410190e+01
  -9.1951902e+01   9.7572742e+01
   7.7934632e+01  -3.8463332e+01
  -2.6702450e+01   6.2411118e+01
  -2.7658175e+01   2.1994695e+01
  -1.5813891e+01   5.2540852e+01
  -7.2401719e+01   3.1702647e+01
  -6.8817327e+01  -5.4157276e+01
  -9.7558581e+01  -8.2807312e+01
  -9.0931337e+01   8.7624956e+01
  -6.3996995e+01   4.8861983e+01
   3.1513534e+01  -5.7687099e+01
  -9.5448696e+01  -9.5621685e+01
   3.5871882e+01   9.8680648e+01
   9.9134529e+01  -4.7271272e+01
  -4.4844423e+01   2.7373474e+01
  -5.3719206e+01  -5.8160432e+01
   1.3807418e+00  -5.7706387e+01
  -9.5978059e+01  -6.3592832e+01
   3.5722245e+01  -6.6544514e+01
  -7.4757088e+01   1.2980380e+01
  -6.2439659e+01  -7.6617810e+01
  -3.9120444e+01  -5.8742882e+01
  -8.5748320e+01  -2.8788485e+01
  -8.0478398e+01  -2.0292177e+01
  -7.2100112e+01  -2.5734960e+01
  -7.5425784e-01  -6.7269327e+01
  -1.2220479e+01  -4.1104704e+01
  -8.4589941e+01  -1.5394888e+00
   5.7321492e+01   3.3307183e+01
  -5.9235029e+01  -4.0156844e+01
  -8.8568408e+01  -3.8381531e+01
  -5.5792377e+01  -6.9190700e+01
  -3.1297335e+01  -3.5569061e+01
  -9.8172329e+01  -4.2870308e+01
   5.1565050e+01   2.2519502e+01
   6.4347171e+01   7.7434617e+00
   6.9252386e+01   1.6429869e+01
  -5.1624027e+01   7.1786189e+01
  -9.4110772e+01  -7.3422492e+01
  -9.2409942e+01   4.6587516e+00
   6.5025770e+01  -6.6277829e+00
  -5.6677746e+01   1.0224449e+01
  -5.7905078e+01   3.2621892e-01
  -1.0076661e+01   2.8046599e+01
   6.1205191e+01   9.9101850e+01
   7.1035323e+00   2.0944137e+01
   9.1375743e+01   5.4236338e+01
  -9.9533065e+01   4.2192633e+01
   3.6520623e+01   5.8789420e+01
   6.4335893e+01   6.1695061e+01
   4.4495130e+01   6.4722095e+01
  -8.3509796e+01  -9.7789430e+01
   1.6761991e+01   2.0057106e+01
  -8.7684659e+01   2.0105608e+01
   2.2057031e+01   3.3186387e+00
  -3.3853765e+01   2.8492498e+00
   2.1806132e+01   7.2039090e+01
   2.9766610e+01   7.8046176e+01
  -2.3740089e+01  -9.3353659e+01
   7.5581438e+01   8.5210685e+01
   6.2826050e+01   7.1489330e+01
   6.8325093e+01   9.2084332e+01
   7.1951989e+01   4.9675297e+01
   2.9456250e+00   1.7217590e+00
   6.2284667e+01   5.2026105e+01
   9.7454500e+01  -2.7342713e+01
  -4.4005503e+01  -2.2077930e+01
   8.9382463e+01   3.0747592e+01
   9.9045491e+01   3.3724501e+01
   5.1939991e+01   8.8123610e+01
  -4.2879808e+01  -9.8274297e+01
   7.8233004e+01   2.0396020e+01
  -1.4627737e+01  -8.9353758e+01
  -3.1099177e+01  -6.4570246e+01
  -3.0033576e+01  -4.5237391e+01
   9.9349583e+01   8.2128881e+01
   7.8763718e+01   1.0425320e+01
  -3.5509488e+01  -8.1635798e+01
   9.8459852e+01  -5.2883165e+00
   2.5521201e+01  -1.1364103e+01
   4.0392644e+01  -2.6629226e+01
   4.9224811e+01  -1.0370075e+00
   2.5238060e+01  -3.4665179e+01
