   3.0686451e+01  -7.8967822e+00
  -1.9455137e+01  -1.9736351e+01
   6.9483636e+00   2.5713189e+01
   2.4345104e+00  -2.5262362e+01
   3.1307198e+01   5.2540686e+01
  -1.2988961e+01   3.6037274e+01
   4.8772321e+01  -3.1883554e+01
  -1.3607981e+01  -3.8858780e+01
  -8.3972635e+00  -6.0063072e+01
  -2.3493569e+01  -3.6245153e+01
  -2.8265019e+01   6.9971951e+00
  -4.2825598e+01  -8.8562409e+00
  -1.9842557e+01  -1.9680198e-01
   1.0027321e+01   3.5227381e+01
   3.9523114e+01   8.6119450e+00
  -2.2500966e+01   3.9123007e+01
   5.3940909e+00  -4.4706592e+01
  -3.6938897e+01  -1.6939931e+01
  -5.7927317e+01  -3.0235300e+01
   4.8165175e+01   3.6692090e+01
  -2.9136506e+01  -3.8875398e+00
  -6.8544282e+00   5.1531430e+01
   5.8866537e+01  -1.3730449e+01
   2.1924382e+01   4.9081966e+01
   3.7393223e+01   3.5791661e+01
   2.6162254e+01  -4.3228708e+01
   2.5768816e+01  -1.6604068e+01
   6.1013655e+00  -1.5958923e+01
  -1.6353989e+01  -2.9243269e+01
  -1.0955152e+01  -5.0395815e+01
  -5.0517971e+01  -2.4666273e+00
  -4.9288440e+01   1.6127362e+01
  -2.9219286e+01   2.0313837e+01
   1.8993899e+01  -5.7023296e+01
   1.6826503e+01  -4.6812525e+01
   6.7345985e+01   9.8539894e+00
   3.4968452e+01   2.2608456e+01
  -4.6314029e+01  -2.0419413e+01
   3.0807700e+01   1.3515156e+01
   2.5013047e+01   2.1665123e+01
   3.8202322e+01  -1.3004460e+00
  -2.2628436e+01   5.2359686e+01
   4.3818088e+00  -6.1078805e+00
   6.5535321e+01   1.9280662e-02
   1.5495052e+01   6.3086171e+01
  -3.9052654e+01   4.1035922e+01
   5.8766089e+00   1.2950909e+01
   2.8557244e+01  -3.3519742e+01
   2.8145688e+01  -6.2561948e+01
   1.5876500e+01  -1.8067638e+01
  -2.9917082e+01  -6.4274639e+01
   2.1959016e+01  -2.6005531e+01
  -4.4265233e+00  -4.2821101e+01
   3.2244323e+01  -2.4224290e+01
  -4.9527044e+01   2.6124502e+01
  -5.9293357e+01   2.3807169e+01
  -6.1164698e+01  -7.9030237e+00
  -4.5734930e+01   6.7800617e+00
  -5.2200763e+01  -1.2335604e+01
  -1.6865916e+01  -1.0077393e+01
   2.1146827e+00  -3.5257231e+01
  -1.1346090e+00  -5.2281219e+01
  -2.8914777e+01  -2.3640606e+01
  -2.7462584e+01  -1.3746395e+01
   1.2375321e+01  -6.4805131e+01
   4.7447099e+01   2.5119126e+00
  -5.8322144e+01  -2.0243102e+01
   5.1599493e+01   2.2020181e+01
  -3.3459003e+01  -3.5414466e+01
  -3.0001490e+01  -4.4797680e+01
   1.1974151e-01   3.3018660e+01
   2.0947891e+01   1.1846593e+01
   2.0686608e+01  -7.9528062e+00
  -1.2264978e+01   5.9941301e+01
   1.8732461e+01   2.9499426e+01
   5.7048259e+01   5.3079249e+00
  -4.7805521e+00   4.1748842e+01
   2.9185800e+00   5.3649993e+01
   5.4140353e+01  -4.9177783e+00
   8.5691523e+00   3.3202086e+00
  -2.8892183e+01   3.1431951e+01
  -3.8884394e+01   3.1037338e+01
   4.9924543e+00   4.3867406e+01
   3.8616829e+01   4.5716516e+01
  -1.5063450e+01   4.5819733e+01
   3.8556889e+01  -3.3604018e+01
   4.2243967e+01  -2.4308557e+01
   3.6246706e+01  -4.3416816e+01
   2.9502353e+01  -5.2654403e+01
   9.5226884e+00  -5.3814535e+01
   1.2584412e+01  -3.7756881e+01
   1.2115538e+01  -2.7767894e+01
  -1.8143586e+01  -5.7511324e+01
  -4.0637119e+01   2.1192139e+01
  -6.1710197e+01   1.4103621e+01
  -6.7286085e+01  -1.5810527e+01
  -5.5711922e+01   6.1023331e+00
  -3.6991746e+01   1.1880251e+01
  -3.8319584e+01   7.0987701e-02
  -6.3813566e+00  -2.9982593e+01
  -3.6681599e+00  -6.8874141e+01
  -2.0136469e+01  -4.6433577e+01
  -5.2825983e+00  -1.1400339e+01
  -9.4825133e+00  -2.0475610e+01
   2.9735460e+00  -6.1398344e+01
   5.8858922e+01   1.5142633e+01
   2.8620478e+01   3.0991773e+01
   4.3480048e+01   2.7857523e+01
   1.5153238e+01   1.9996557e+01
  -2.7687680e+01  -5.4526318e+01
   3.7443777e+01  -1.5512884e+01
   2.9466214e+01   3.5946712e+00
   5.6336226e+01   3.0827187e+01
   4.4850827e+01  -8.7886257e+00
  -4.7927469e+01  -3.0288446e+01
   4.8765469e+01   1.2430171e+01
  -8.0949890e+00   2.7316186e+01
  -3.7763790e+00   6.5227480e+01
  -2.1973470e+01   6.2338214e+01
  -1.2413124e+00   1.9974809e+01
   7.2224307e+01  -7.4142550e+00
  -1.3546174e+00   2.0879034e+00
   2.5128493e+01   6.0403484e+01
   4.9633365e+01  -1.7570842e+01
  -1.9380178e+01   2.8346220e+01
  -3.8552394e+01  -2.6808858e+01
  -3.0437430e+01   4.6113117e+01
   1.9069468e+01   3.9498155e+01
   1.2916408e+01   5.3424360e+01
   1.9410664e+01   1.9654564e+00
   2.8873185e+01   4.1631370e+01
   4.5422520e+01   5.3043354e+01
  -1.0152264e+01  -2.6661441e+00
