   4.0735284e+01   9.0188408e+00
   2.9456939e+01  -1.3473709e+01
  -2.3651922e+01  -2.2079633e+01
   7.7439504e-01   2.2382858e+01
   5.7361185e+00  -2.9600825e+01
   1.1964139e+00   1.2391770e+01
  -4.2806281e+00  -6.3180173e+00
   4.4059770e+00  -1.9689684e+01
  -1.3686871e+01  -2.1244325e+01
   2.4647414e+01  -2.4075257e+00
   4.6693954e+00  -1.8574062e+00
   2.3405880e+01   4.1959694e+01
   1.4405363e+01  -1.9578941e+01
  -3.6690310e+00  -2.6203305e+01
  -3.9093968e+01   9.2305190e+00
   1.5059072e+01   1.5255168e+01
  -1.1491923e+01   2.8584012e+01
   1.5735505e+01  -2.9490082e+01
   2.4786643e+01  -2.2466701e+01
  -4.9991736e+00  -1.6292165e+01
  -1.1800719e+01  -4.1139997e+01
   1.5826398e-01  -4.5994179e+01
   9.0880151e+00  -1.0841912e+01
  -2.2321780e+01  -3.1990774e+01
  -2.9100027e+01   8.8824578e+00
  -3.6426344e+01  -9.5848810e+00
  -1.2627802e+01  -8.1123423e-01
   2.8521930e+01   1.0571401e+01
   1.9516981e+01   6.2227370e+00
   9.5384180e+00   6.8771576e+00
   5.2264416e+00   3.8792589e+01
   3.3634807e+01   1.9773053e+00
  -2.1490186e+01   2.8770400e+01
   1.6333848e+01   3.4889590e+01
   2.4955535e+01  -3.3361908e+01
   1.9738014e+01  -1.1119459e+01
  -2.4219104e+00  -3.6125234e+01
  -4.1694368e+01  -6.6327202e-01
   7.6841348e+00  -3.9409251e+01
  -1.3412863e+01  -1.0780370e+01
  -3.1694992e+01  -7.7498245e-01
  -1.2356728e+01  -3.1155466e+01
  -2.6898486e+01  -1.2621313e+01
  -3.3596750e+01  -2.3128630e+01
   3.6267819e+01   1.7965446e+01
  -2.2167135e+01  -3.8114148e+00
   1.4647958e+01  -2.5118273e+00
   8.1723891e+00   2.9111132e+01
  -6.0452918e+00   4.1147223e+01
   4.3067404e+01  -1.3432538e+00
  -3.6852001e+00   3.6642385e+00
   2.6458915e+01   2.0356286e+01
  -1.5455885e+01   3.7764807e+01
   1.7569297e+01   2.4936099e+01
   2.5945567e+01   3.0402961e+01
  -2.0813300e+00   3.1966428e+01
