  -2.2720274e+01  -2.7956189e+01
   3.0499057e+01   5.7218633e+01
   6.3820072e+01  -4.3212369e+01
  -1.2624857e+01  -4.2294807e+01
  -6.8620074e-01  -5.8268991e+01
  -2.9993714e+01   1.4314665e+01
   2.0374074e+01   4.7003300e+01
  -4.0000219e+01  -7.8605923e+00
  -7.9157057e+01  -4.7464065e+01
   9.3629526e+01   1.8339203e+01
   3.3898330e+01   2.6110325e+01
   4.3550557e+01   2.8295755e+01
   4.3483354e+01  -9.7982946e+00
   2.9788411e+00   8.1541073e+01
  -5.1257901e+01   4.1834677e+01
   2.9153793e+01  -2.1144021e+01
  -3.4749759e+01  -7.9421032e+01
   2.2220239e+01  -4.2171808e+01
  -5.9179838e+01   3.3063744e+01
  -7.0641612e+01  -4.8827998e+00
   5.2383402e+00  -4.7345389e+01
   1.7618013e+01  -8.1904587e+01
  -3.1697774e+01  -2.3574132e+01
  -2.1441990e+01  -4.7863126e+01
   3.3805025e+01  -1.2287921e+01
  -4.5678805e+00   6.3402037e+01
   1.6222929e+01  -6.2339550e+00
  -3.8518447e+01   4.1245706e+01
   3.3161132e+01  -3.7203605e+01
   4.3605621e+01  -4.9727531e+01
   2.7660280e+01  -6.1404381e+01
  -6.7557323e+01  -1.4503754e+01
  -4.9518253e+01  -1.0910866e+01
   6.3455203e+00  -8.8764530e+01
   6.2275214e+01   1.3497110e+01
   5.0259747e+01   3.6252691e+01
  -5.0308367e+01  -2.3205247e+01
   1.4092854e+00   4.0810136e+01
  -3.5376394e+00   7.3955859e+01
  -2.1640253e+01   7.4553552e+01
   9.8086311e+00   1.2117196e+01
   8.5455482e+01  -1.6442636e+01
   3.7823360e+01   7.5715567e+01
   5.8571974e+01  -2.2898245e+01
  -2.3064402e+01   2.6732632e+01
   4.2831615e+01   4.2944157e+01
   5.1831352e+01   5.8040721e+01
   5.3376169e+01  -4.7605954e+01
   3.5419894e+01  -8.6629095e+01
  -2.0644810e+01  -7.9399026e+01
  -4.4822707e+01   1.2064762e+01
  -8.2154423e+01   2.2882476e+01
  -6.8894663e+01   3.5345055e+01
  -6.4163505e+01  -2.4218974e+01
  -1.8591132e+01  -9.3789562e+01
  -4.9266448e+01   3.2036234e+01
   3.6516501e+01  -5.6773467e+01
   5.2964282e+00  -7.0908916e+01
  -5.3358065e+01   6.8576631e+00
  -3.1761619e+01  -5.2798972e+01
   1.5070389e+01  -4.9143885e+01
  -2.1563477e+01  -3.7865181e+01
   3.2877688e+01   1.0165764e+01
   1.9755328e+01   1.2388846e+01
   4.5343780e+01   9.7338641e+00
   6.0029220e+01   3.4129910e+01
  -2.2323282e+01   6.4576938e+01
  -5.9700079e+01  -5.0930263e+01
   2.5618687e+01   7.5963607e+01
   6.2552925e+01  -1.2230810e-02
   8.0240926e+01  -7.6265323e+00
  -2.3978947e+01   5.4716523e+01
   7.0159145e+01  -2.8259017e+01
  -3.3593676e+01   5.1969794e+01
   7.0334157e+01   7.5805860e+00
  -4.1393256e+01  -2.7732638e+01
   1.5710452e+01   3.3900856e+01
   1.1470517e+01   5.2763164e+01
  -1.8203881e+01  -9.9393249e+00
   5.9910892e+00   3.1701474e+01
  -9.1420139e+00  -5.7959702e+00
   4.0778479e+01  -1.9445620e+01
   5.1172029e+01  -1.6180909e+01
   5.2559006e+01  -3.7643889e+01
   4.2805850e+01  -3.9765928e+01
   3.4695616e+01  -7.6657722e+01
  -4.2775000e+01  -8.5384056e+01
  -2.7707266e+01  -7.2326779e+01
  -2.7542709e+01   4.4008348e+01
   1.9502630e+01  -2.3758637e+01
  -6.0047991e+01   1.4265786e+01
  -6.1204967e+01   4.2845693e+01
   1.0537268e+01  -2.8187893e+01
  -6.9785538e+01   1.6520419e+01
  -7.8794463e+01   3.4011930e+01
  -9.2225374e+01  -2.3480596e+01
  -1.9982862e+01  -1.3337129e-01
  -6.2508564e+01   2.8249141e+00
   1.3041637e+00  -8.0077265e+01
  -7.8381094e+01  -1.1214786e+01
  -4.2955824e+01   2.1887374e+01
   4.4958083e+01  -6.2127314e+01
  -1.2819207e+00  -3.1365456e+01
   4.5383994e+00  -2.0199452e+01
   8.0452644e+01   2.3712232e+00
   1.5211285e+01  -7.2200712e+01
  -2.0308661e+01  -5.7796283e+01
  -1.6934370e+01  -1.9828151e+01
  -5.8799895e+01  -6.0889052e+01
   1.7304817e+01   2.2071269e+01
  -8.1418470e+00  -7.6795443e+01
  -1.2454799e+01   7.8506666e+01
  -1.3204444e+01  -3.2313032e+01
   3.2844634e+01  -2.3420186e+00
   1.3496946e+01  -1.5807517e+01
   6.3425769e+00  -8.3340216e+00
  -3.9846144e+01   6.8916949e+01
   2.7478888e+01   1.8572425e+01
  -1.3142859e+01   6.8533542e+01
   7.0069456e+01   4.9248206e+01
   6.3027094e+01   2.4592644e+01
  -7.5636927e+01  -3.8105719e+01
  -6.6558246e+01  -3.3921619e+01
   1.5095206e+01   3.6340177e+00
   3.9384046e+01   1.7756289e+01
  -2.0205399e+01   3.7048051e+01
   3.5091518e+01   6.6097806e+01
   2.0507514e+01   5.7019610e+01
   1.4986475e+01   6.5762810e+01
   5.1790907e+01  -3.5962603e+00
  -8.2891204e+00   4.9549650e+01
   9.1008942e+01  -8.1438648e+00
   8.2790447e+01  -2.8083454e+01
  -5.3885218e+01   5.1531993e+01
   6.0165869e+01  -9.7220893e+00
  -5.0546590e+01   6.0987650e+01
  -5.3541013e+01  -3.2669100e+01
  -3.9884730e+01  -1.7850198e+01
  -3.3187305e+01  -3.3441709e+01
   1.1199585e+01   4.2790710e+01
   2.4411603e+01   2.9082519e+01
   6.0970955e+01   5.3985275e+01
   3.4154864e+01   4.7913788e+01
  -1.3755786e-01   1.2185799e+01
   5.4675623e+01   6.1458924e+00
  -2.6366555e+00   2.2479018e+01
  -3.8908916e+01  -5.9782629e+01
   3.9328258e+01  -2.9336278e+01
   3.3723886e+01  -4.7178678e+01
   2.4861217e+01  -5.1808683e+01
   7.2360131e+01  -3.8010694e+01
   3.6099072e+01  -6.6761310e+01
   4.8708200e+01  -2.5872178e+01
   6.1146725e+01  -3.2556652e+01
   4.4712407e+01  -7.7039509e+01
   5.3867623e+01  -5.7591056e+01
  -5.0468938e+01  -7.8996788e+01
  -2.7686203e+01  -8.6499398e+01
   2.4402625e+01  -3.2433131e+01
  -6.7877569e+01   5.0283020e+01
  -3.0148118e+01  -4.2950659e+01
  -7.2686563e+01   2.6092836e+01
  -8.8263809e+01   3.0814478e+01
  -5.2938352e+01   2.2736648e+01
  -7.9253571e+01   1.3312307e+01
  -7.4993328e+01   4.3262594e+01
  -2.6890104e+01  -1.4836711e+01
  -8.2781680e+01  -2.0193896e+01
  -3.8854016e+01   4.0447590e+00
  -7.0472169e+00  -5.0573736e+01
  -6.0877463e+01  -7.0403714e+00
  -4.7394649e+01  -1.1467089e+00
  -5.7768588e+01  -1.6543401e+01
  -2.8868732e+01   4.4136038e+00
  -2.9773417e+00  -1.3637122e+01
  -7.1722610e+01   6.7100730e+00
   5.2729629e+01   1.6470368e+01
   7.8735710e+01   1.2990182e+01
  -3.6235268e+00  -8.9540041e+01
   6.8304687e+00  -3.7472491e+01
   9.2463611e+00  -5.7259448e+01
  -3.9500619e+00   3.2383393e+01
  -3.0306509e+01  -5.4579056e+00
  -8.0814042e+01  -1.5154034e+00
  -2.6880496e+00  -4.1260172e+01
  -1.0543473e+01  -5.9941791e+01
   8.8222195e+01   9.9383299e+00
  -9.2040792e+00   8.7961878e+01
   8.3892839e+01   2.2920372e+01
   2.4877385e+01  -7.4761786e+01
  -4.1519215e+00  -6.7636237e+01
  -5.1725708e+01  -6.9076304e+01
  -2.9162009e+01  -6.2442696e+01
  -7.7518733e+00  -2.3751805e+01
   2.3825741e+01  -1.2691916e+01
   1.7733107e+01  -6.2528437e+01
  -6.2953873e+01   2.3819536e+01
  -3.7413297e+01  -6.9667690e+01
  -4.8900854e+01  -5.9483850e+01
   2.5072247e+01   3.9266531e+00
   4.2521254e+01   1.4923057e-01
  -3.1639554e+01   7.4628967e+01
  -1.2823189e+01  -8.5624924e+01
  -2.6611809e+01   8.3272595e+01
   5.3340600e+01  -6.7576741e+01
   5.1997791e+01   4.6912026e+01
  -6.8392041e+01  -4.5383101e+01
   6.1559342e+01   4.4004481e+01
   3.5766693e+01   3.5901370e+01
  -5.9436440e+01  -4.0935000e+01
   5.3332480e+01   2.6718164e+01
   4.9307985e+00   6.0308296e+01
  -1.6016241e+01  -7.0196988e+01
   4.5816457e+01   6.9308926e+01
   1.6220337e+01   8.2299041e+01
  -7.4113763e+01  -2.5177534e+01
  -8.2413599e+01  -3.0753144e+01
  -1.0609305e+01   3.9829176e+01
  -3.2634637e+01   2.3921330e+01
  -1.7901342e+01   4.6776979e+01
  -1.3521146e+01   2.9613687e+01
  -1.3955561e+01   5.7786234e+01
  -4.0744607e+01   5.8959910e+01
   9.2916269e+01  -2.3094358e+01
   9.3563335e+01   1.5092581e+00
   7.6274132e+01  -2.0364619e+01
   6.6791481e+01  -1.7208717e+01
   7.0243017e+01  -7.8240566e+00
  -4.4089099e+01   4.9540123e+01
   1.6306054e+00   5.0803167e+01
   1.0028050e+01   7.4446934e+01
   5.9459843e+01   6.4504309e+01
  -2.9798128e+01   3.4266377e+01
   2.4984033e+01   6.5983767e+01
   2.6240192e+01   3.8910752e+01
   4.3241044e+01   5.2927807e+01
  -4.7195482e+00   3.1221140e+00
   5.2045884e+00   2.7143003e+00
   7.3242149e+00   2.1798106e+01
  -3.9332489e+01   3.1293841e+01
   7.1996502e+01   2.0311314e+01
