   3.7789895e+01  -4.0526641e+01
  -6.8896397e+01   6.2338221e+00
   7.9819366e+01   6.0636274e+01
  -7.2613794e+01  -5.1704962e+01
  -1.1491070e+00   7.0264207e+01
  -7.9461045e+00   6.2827390e+01
   4.6667328e+00  -7.3718616e+01
  -1.4158093e+01  -2.7090192e+01
  -6.1516890e+01  -2.5699884e+01
   8.8878372e+01   3.7790968e+00
  -6.2616152e+01   4.9599162e+01
   5.7066882e+01  -6.5468197e+01
   4.1652099e+01  -9.7179015e+01
  -7.6795955e+01   1.8265219e-01
  -3.2087508e+01   7.9357864e+01
   6.2796566e+01  -2.8338920e+01
  -3.0546867e+01  -7.3822607e+01
  -9.1866445e+01  -5.4816422e+01
  -6.3282076e+01  -9.4965454e+01
   4.1210591e+01   4.1260775e+01
   2.6965928e+01   7.3867711e+01
  -4.1010124e+01  -5.6882894e+00
  -4.1747533e+01   1.4799614e+01
   2.3991911e+01   4.6684665e+01
  -4.9062419e+01   3.5801360e+01
  -7.9127910e+01   4.2986131e+01
  -3.6549176e+01  -1.4476386e+01
   6.3465297e+01   7.0864423e+01
  -8.8495267e+01   3.9540756e+01
  -6.1603979e+00  -8.9897960e+01
   9.3971044e+00  -4.2317568e+01
   3.0555312e+00  -5.0145851e+01
  -1.1557539e+01  -9.9042829e+01
   6.4242215e+00   2.1778905e+01
   1.4448922e+01  -3.2175738e+01
   6.2462919e+01   2.6815558e+01
   3.8875410e+01   8.8614555e+01
  -4.2521889e+00   5.3544026e+01
   4.2968988e+01   3.1246183e+01
   5.0442786e+01   4.7661048e+01
  -5.0281564e+01   8.3721868e+01
  -8.9158117e+01   6.0243762e+01
   5.2623444e+01   5.0833276e-01
  -2.5162946e+01   5.4332185e+01
   2.3374652e+01  -3.5245076e+01
   4.7231208e+01  -4.9986135e+01
  -6.0707961e+01  -1.5844613e+01
   3.3643640e+01  -2.9404351e+00
  -7.9651479e+01  -4.1014696e+01
  -1.8729903e+01  -7.0336416e+01
   1.3129219e+01   9.8876878e+01
   8.0733713e+01   7.1185309e+01
   5.0158679e+01   6.4996318e+01
   1.2002432e+01  -1.6172549e+01
  -2.3996297e+01  -2.8129666e+01
   1.9194770e+01  -5.9422370e+01
   8.2131777e+01   1.2465402e+01
   7.4275771e+01   1.9878035e+01
   9.8004858e+01  -1.2437931e+01
  -2.0060330e+01  -4.6312280e+01
   5.7886612e+01  -8.9292187e+01
   2.9089181e+01   1.9245280e+01
   7.7953002e+00   3.8394742e+01
  -1.5436486e+01   3.7625524e+01
   1.0665295e+01   5.4968837e+01
  -3.4977674e+01   5.5237653e+01
  -7.5208465e+01   3.3930794e+01
  -7.6830774e+01   2.4152856e+01
   2.2722032e+01  -7.0651620e+01
  -7.8237422e+01   9.9958057e+01
   6.3872574e+01  -8.0937863e+01
  -6.0499918e+01   7.9341659e+01
   9.5421796e+01  -8.0150790e+01
   9.1375654e+01  -2.7427407e+01
   9.2546816e+01  -4.0562552e+01
  -2.1610694e+01  -9.8468760e+01
  -4.0116279e+01  -9.1008813e+01
  -9.0341670e+01  -4.0853526e+00
  -5.7663452e+01  -6.4572147e+00
  -9.6808069e+01   2.2054922e+01
  -5.5998478e+01  -6.8058110e+01
  -5.0143762e+01  -8.7131476e+01
   3.1852531e+01   9.5733469e+01
  -5.2528690e+01  -2.1522467e+01
  -9.6206877e+00  -4.8394795e+01
   8.3163063e+01   9.2276607e+01
  -2.4453183e+01  -1.8274924e+01
  -4.8068899e+01  -3.0398279e+01
  -9.9132597e+01  -2.3865870e+01
  -2.3528637e+01   1.7726374e+00
   2.5761828e+01  -1.2739119e+01
   3.5621341e+01  -1.2269897e+01
   8.7367531e+01   4.2157596e+01
   7.9543244e+01  -1.6590070e+01
   3.5902311e+01   7.7811702e+01
   2.0335359e+01   8.1281179e+01
  -3.4976766e+01  -5.6106163e+01
   3.6417982e+01  -7.6242872e+01
   6.3166155e+01  -3.8303871e+01
  -2.9105959e+01   1.8835380e+01
  -1.9896021e+01   4.6205569e+01
   1.1087583e+01   7.7774369e+01
  -1.3294917e+01   8.6056829e+01
  -2.5938457e+01   3.8330064e+01
  -4.1418304e+01   4.8350477e+00
  -5.3717372e+01   1.8876759e+01
  -3.6039911e+01   7.0198457e+01
   5.2680278e+01   1.0852619e+01
   6.2620748e+01  -9.8208099e+01
   6.5792401e+01  -6.0614308e+01
   8.8622930e+01  -6.7741153e+01
  -9.5724597e+01   9.3012535e+01
  -7.5345097e+00  -7.3625704e+01
  -5.9772896e+01   3.8897676e+01
  -3.9775050e+01   9.7453822e+01
  -8.3318565e+01   7.9557939e+01
   1.1882491e+01  -9.8339671e+01
  -2.0191430e+01   9.5440066e+01
   3.2101876e+01  -6.7306109e+01
   5.6445958e+01  -1.9738992e+01
   4.7715425e+01  -3.9520066e+01
   8.1994769e+01  -3.0653452e+01
   7.3376822e+01  -5.4106521e+01
  -8.7458829e+01  -3.4654419e+01
  -7.1955351e+01  -9.0083239e+01
  -8.1813387e+01  -8.9057593e+01
  -5.4404844e+01  -9.9513437e+01
  -5.4334226e+01  -5.8089872e+01
  -7.8709130e+01  -2.9832095e+01
   2.8971261e+01   5.6400088e+01
   7.2505992e+01   4.9996004e+01
  -6.9714306e+01  -4.2228932e+01
   2.0253886e+01   3.6862148e+01
   3.8459119e+01   2.2411998e+01
  -1.4351166e+01  -1.3946105e+00
   6.8196835e+01   7.8961347e+01
   8.9491309e+01   7.5446370e+01
  -2.5566587e-01  -1.3944007e+01
   9.8716855e+01   4.2251884e+01
   7.0720916e+00  -5.9813510e+01
   5.2494610e+00   4.6461714e+00
  -6.9866959e+01  -6.9219688e+01
   2.3863801e+01  -1.8457568e+00
   7.1928998e+01   1.0237852e+01
   8.3363916e+01   2.2381487e+01
   8.8532712e+01   6.5646018e+01
   6.8883172e+01  -9.5881446e+00
   6.0067713e+01   3.6282362e+01
   4.6682232e+01   9.4871199e+01
   8.9481482e+01  -1.7673447e+01
   4.5225737e+01   8.0603431e+01
   4.1571865e+01   6.9705609e+01
  -9.7416496e+01  -3.3718688e+01
   3.1947481e+00  -9.3403903e+01
   2.9429095e+01   8.5311230e+01
   1.3121143e+01   8.8714906e+01
   9.6359015e+01   5.9158216e+01
  -3.6694616e+01  -6.5975081e+01
  -2.6850829e+01  -6.4636534e+01
   5.9573455e+01   6.2437131e+01
   8.2064401e+01   5.0905362e+01
  -1.5589435e+01  -5.5866718e+01
   4.6136031e+01  -7.8393440e+01
  -3.0186517e+01  -4.6646009e+01
   1.4135821e+01   1.6290110e+01
  -1.8614210e+01  -3.6316971e+01
  -3.6953999e+01  -3.2465360e+01
  -5.7045319e+01  -3.4484341e+01
   8.6062109e+00   6.8203082e+01
  -7.7516726e+00   7.7770257e+01
   1.6589525e+00   8.0773681e+01
  -7.9813083e+00   3.1177313e+01
  -2.1758152e+00   3.9341068e+01
  -8.3926935e+01   5.1611972e+01
  -9.3275868e+01   4.8339327e+01
  -9.8062687e+00   4.5507678e+01
  -3.1460455e+00   2.2592327e+01
  -1.5180193e+01   7.1318816e+01
  -1.8027499e+01   2.8455175e+01
  -3.2691273e+01   4.5581587e+01
  -1.4149856e+01   5.4304368e+01
  -1.2279152e+00   9.0310363e+01
  -6.6807096e+01   2.1247280e+01
  -6.5750500e+01   3.1053011e+01
  -5.8511604e+01   3.4525749e+00
  -5.1768202e+00  -3.1168803e+01
  -4.9560287e+01  -7.9539705e-01
  -2.8342275e+01  -8.9964067e+00
  -4.7852049e+01  -1.2797844e+01
  -3.2768832e+01  -2.3598852e+01
  -1.8570668e+01  -1.0420770e+01
   3.1812479e+01   3.8169292e+01
   5.5619397e+01  -7.5339568e+01
  -4.9273871e+01   6.3816929e+01
  -5.2247894e+01   4.5246205e+01
  -8.4701881e+01   3.0292216e+01
   6.4910296e+01   1.7363266e+01
  -2.9258564e+01   6.3247006e+01
   2.7814316e+01  -8.1293097e+01
  -6.7157826e+01  -3.4905517e+00
  -7.0215467e+01  -1.2900131e+01
   3.7328870e+01  -5.0371007e+01
  -5.8438801e+01   8.9396017e+01
  -6.6244265e+01   9.5609505e+01
   9.9421671e+01  -3.3302451e+01
  -4.4561782e+01   5.3562220e+01
  -7.3452628e+01   7.7389718e+01
  -8.8231243e+01   9.9631567e+01
  -3.9746532e+01   8.5987594e+01
  -6.9206041e+01   4.2114987e+01
   5.1942863e+00  -8.3633357e+01
  -1.0818096e+01  -6.4318329e+01
   1.3888386e+01  -8.8548468e+01
   5.5896422e+01  -4.5105943e+01
  -5.6109137e+01   2.8707168e+01
  -7.9529048e+01  -9.3905146e+00
   3.2357589e+01  -3.2237115e+01
   4.1975799e+01  -3.1504287e+01
   9.9957184e+01  -2.2342212e+01
  -2.4283659e+01  -8.4311706e+01
   4.8867181e+01  -5.9825835e+01
  -9.8603762e+01  -1.2140940e+01
  -7.9167421e+01   6.0234994e+01
  -2.5270012e-01  -4.0934988e+01
   1.9197350e+01  -2.2654997e+01
  -3.9870229e-01  -2.3310637e+01
   8.2556615e+01  -4.0555276e+01
  -8.2094085e+01   8.6216853e+00
  -9.2461597e+01   8.3567812e+01
  -4.3559295e+01  -7.9609512e+01
  -6.8827472e+01  -3.2408557e+01
  -7.1004846e+01  -2.2760936e+01
   6.2884238e+01   9.6148326e+01
   8.9322828e+01   3.0893358e+01
  -5.4641625e-01  -4.2520256e+00
  -8.3200157e+01  -6.2849996e+01
  -8.2465071e+01  -5.1595541e+01
   9.5295464e+01   8.3387418e+01
   7.3390036e+01   9.0164387e+01
   1.7073109e+01  -8.2979034e+00
   3.8263525e+01  -2.1492751e+01
  -8.9347093e+01  -4.4433397e+01
  -9.9680481e-01  -6.5668307e+01
  -4.5343235e+00  -5.6561908e+01
  -8.9200108e+01  -2.4835873e+01
  -8.0518068e+01  -1.9947892e+01
   9.6416422e+01  -2.5931295e+00
   7.8893327e+01   3.1233049e+00
   9.2143935e+01   1.2643666e+01
   8.8075943e+01  -7.8721753e+00
   4.7959234e+01   1.9569672e+01
   5.8489901e+01   5.3127174e+01
   5.2645493e+01   2.8278029e+01
   5.2584080e+01   8.6970162e+01
   5.0390071e+01   3.7854120e+01
   7.8308529e+01  -6.7141595e+00
   6.2750777e+01  -1.8387580e+00
  -9.9277669e+01  -4.3543954e+01
   2.8301858e+01   2.9059154e+01
   4.5468319e+01   5.6235218e+01
   6.3991127e+01   4.5179972e+01
  -4.5883079e+01  -6.9888093e+01
  -1.6145409e+01  -9.0099802e+01
  -1.5421313e+01  -7.9730866e+01
   5.1682937e+01  -9.7456213e+01
   4.7948195e+01  -8.8194916e+01
   4.3834495e+01  -6.8697047e+01
  -2.5172400e+01  -5.4960582e+01
   6.5309211e+01  -7.1073769e+01
  -4.4578514e+01  -5.9971308e+01
  -2.8268639e+01  -3.7068613e+01
   7.4020173e+01  -6.6259523e+01
  -4.2609763e+01  -2.2229093e+01
  -2.7765577e-02   1.3118436e+01
   9.7051875e+01  -4.9800229e+01
   7.2673040e+01  -2.7320482e+01
   5.6258603e+01  -9.3831739e+00
   6.6829475e+01  -1.9260752e+01
  -3.2744956e+01   9.6823633e+00
  -5.0331570e+01   9.2185847e+00
   5.3364802e+01  -3.1332734e+01
  -7.2335165e+01   5.1914038e+01
  -9.9587335e+01   4.0645587e+01
  -2.5094247e+01   7.2244095e+01
   3.6281845e+00   4.7440357e+01
   2.4723899e+00   6.0596108e+01
   2.1589164e+00   3.0577640e+01
  -1.9473388e+01   6.2495862e+01
  -3.2958006e+01  -2.2043642e-01
  -2.7852253e+01   2.8656650e+01
  -3.6926308e+01   2.4813766e+01
   3.1405222e+00   9.9290437e+01
  -6.1550592e+01   1.2864669e+01
  -9.7086098e+01  -9.2980560e+01
   7.5649114e+01  -9.6553173e+01
  -3.0288002e+01   8.9171604e+01
   6.2194856e+01   7.9770760e+00
   3.6875711e+01   1.2616367e+01
   9.4387864e+01  -5.9559763e+01
   9.8191170e+01  -7.0542016e+01
   6.8193341e+01  -8.9915129e+01
   2.6395338e+01  -9.1183497e+01
   3.8910165e+01  -6.0077209e+01
  -9.2029351e+01  -7.6001902e+01
  -7.4184476e+01   1.4606163e+01
  -4.2464942e+01   4.3853061e+01
  -4.3303631e+01   7.6715461e+01
   4.3396276e+01  -4.5597427e+00
  -7.7173138e+01   9.0016115e+01
  -2.2335440e+01   8.1817047e+01
  -5.4182377e+01   5.4880388e+01
  -6.8109252e+01   8.5802601e+01
  -2.9726606e+01   9.9140242e+01
  -9.4863236e+01   3.1847593e+01
  -2.9898321e+01  -9.2868948e+01
  -5.2568659e+01   7.3291160e+01
   3.2545126e+01   6.5632255e+01
  -4.4432590e+01  -9.9989579e+01
  -3.4176552e+01  -8.3046559e+01
   2.7797935e+01  -4.8005857e+01
  -3.9143504e+01   3.4508611e+01
  -4.6660393e+01   2.5807629e+01
  -5.0449543e+01   9.5723399e+01
  -8.3374322e+01  -9.8641173e+01
   2.8819706e+01  -2.3003473e+01
   1.8961096e+01  -4.3941050e+01
   2.2414857e+01   9.2391418e+01
   8.1989985e+01  -6.0333521e+01
   1.2858030e+01  -5.1721159e+01
   1.7995708e+01  -7.9443399e+01
   6.5356591e+01  -4.8175156e+01
   5.7579548e+01  -5.4936979e+01
  -6.2818019e+01  -5.2848847e+01
   3.7511788e+01  -8.6159540e+01
  -7.2028867e+01  -8.0088051e+01
  -6.3292815e+01  -8.4956073e+01
  -8.8434059e+01  -1.3890456e+01
  -8.2938153e+01  -7.9696135e+01
   7.3098747e+01  -3.7356054e+01
   8.2680442e+01  -5.0454963e+01
  -9.8610180e+01   5.6774799e+01
  -9.0196543e+01   7.0187057e+01
  -8.0217672e+01   7.0089448e+01
  -9.8561407e+01   7.5648576e+01
  -6.3832623e+01  -6.2173906e+01
   5.3108375e+01   7.4535582e+01
  -9.2943807e+01  -6.4756160e+01
   2.9057699e+01  -5.7848221e+01
  -8.9009116e+01   1.5819280e+01
  -5.5524497e+01  -7.8659160e+01
  -5.9892730e+01  -4.3771080e+01
   3.3852153e+01   4.7833736e+01
   1.4191839e+01   4.5731918e+01
   1.8406598e+01   6.9069326e+01
  -9.1674765e+01   5.9496038e+00
   2.2538331e+01   1.1917643e+01
   2.9854578e+01   5.8319865e+00
   1.9356057e+01   2.4797320e+01
  -9.9550777e+01  -1.6930237e-01
   9.9113194e+01   3.2806082e+01
  -5.5097322e+00   3.1079477e+00
   7.2218150e+01   6.6778580e+01
   7.7711995e+01   8.0444067e+01
   6.2220561e+01   8.6382053e+01
   7.6124126e+00  -7.9879885e+00
  -8.8512140e+00  -9.4635621e+00
   9.3125893e+01   9.3097062e+01
   9.2800397e+01   4.8956927e+01
   4.7522241e+01  -2.3435191e+01
   9.9260927e+01   7.4026147e+01
  -9.6907858e+00  -3.9181619e+01
   4.5756598e+00  -3.2720416e+01
   9.0559891e+00  -2.4510108e+01
  -7.8831334e+01  -7.1414059e+01
   9.2756169e+01   2.1871678e+01
   8.8896851e+01   5.6384077e+01
