   3.9647173e+01  -3.3690568e+01
   5.3445971e+01   8.2332188e+01
  -7.7499298e+01   4.2637021e+01
   6.6056196e+01  -6.6957612e+00
  -5.1593693e+01  -7.1331378e+00
  -3.0806926e+01  -6.0342457e+01
  -2.2885881e+01   4.1437348e+01
  -7.1864362e+01  -7.7608247e+01
  -4.8526671e+01  -7.9487874e+01
  -5.2891034e+01   4.0038040e+01
  -3.8777810e+00  -2.6301193e+01
  -8.4949127e+01  -8.1980204e+01
  -7.2315034e+01  -2.9230524e+01
  -9.4900817e+00   5.5298725e+01
   3.6241696e+01   2.5980069e+01
  -5.0068596e+01  -6.3045837e+01
  -5.9046934e+00   3.9320232e-01
   6.6011234e+01   1.1296653e+01
  -6.7634465e-01   5.0703198e+01
  -3.2103933e+01   3.9219807e+01
  -5.0733871e+01   1.0825098e+01
  -4.1600478e+01   6.3421541e+01
   6.8002714e+01   4.8267989e+01
  -6.4941097e+01   3.2434282e+01
   5.5178308e+01  -5.9841946e+01
  -5.9772799e+01  -2.5252593e+01
  -3.1017610e+01   6.4156361e+01
   5.1196791e+01  -1.5380155e+01
   2.5095382e+01  -1.9983206e+01
   2.5329827e+01   6.0085031e+01
  -1.0849282e+01  -5.3061969e+01
  -3.8555850e+01  -7.8724508e+01
   7.7780410e+00   8.3190486e+01
  -8.8688489e+01  -9.1254748e+01
   9.0107931e+00  -1.2435617e+01
   9.5158301e+01   6.0962829e+01
  -5.6985402e+01  -5.4019380e+01
   8.9100715e+01   2.8240155e+01
   6.8330309e+01   9.5686324e+01
   3.3238616e+01   7.6711552e+01
  -9.2445639e+01  -3.5988392e+01
   7.6048309e+00   2.9895629e+01
  -3.5410522e+01  -1.5790091e+00
  -5.3040654e+01   2.0551532e+01
  -4.7993705e+01   4.8787130e+01
  -5.0942862e+01   5.8273662e+01
   4.3780305e+01   3.2567832e+01
  -4.3360933e+01   3.7008659e+01
   5.1732694e+01   5.0471572e+01
  -8.3442325e+01   1.5705142e+01
   3.4067324e+01  -4.7581557e+01
   5.4319518e+01  -4.9879014e+01
  -4.3572061e+01  -1.8467336e+01
  -5.4759718e+01  -1.6603055e+01
  -7.7255901e+01  -1.7233568e+01
   6.1396468e+01   2.1687522e+00
  -2.3987716e+01   7.1215364e+01
   3.6945293e+01  -2.1780804e+00
   6.4730612e+01  -3.7159010e+01
  -3.1312619e+00  -4.6703339e+01
   4.3838782e+00  -3.4043095e+01
  -8.2055449e+01  -3.8203594e+01
   3.8772379e+01   6.3016319e+01
  -3.4122270e+01  -3.3582446e+01
  -3.1712600e+01  -7.0301361e+01
   5.5117106e+01  -3.9911081e+01
  -5.1511437e+01  -9.9467472e+01
  -2.5698707e+01   9.1604107e+01
  -4.7280601e+00   7.0003187e+01
  -9.8033274e+01  -6.6860295e+01
   1.1776868e+01   6.2345868e+00
   2.9750734e+01  -1.1132912e+01
  -8.7207221e+01  -6.3983505e+01
   7.0519923e+01   6.9175037e+01
  -6.9390641e+01  -5.3825132e+01
   8.8786684e+01   1.4541641e+01
   4.7015890e+01   8.9990768e+01
   5.4725542e+01   9.7104957e+01
   1.6792203e+01   6.5628256e+01
   8.5135182e+01  -3.2886528e+00
  -1.9604611e+01   5.7011831e+01
   1.4780639e+01   4.1131508e+01
  -3.2752985e+01   3.0308169e+01
  -2.9902604e+01   6.1458038e+00
  -3.0695983e+01   1.4910936e+01
  -6.9013876e+01   5.0548826e+01
   3.3577252e+01   3.5605398e+01
  -6.3400472e+01   4.2280091e+01
   5.9323968e+01   2.1144778e+01
  -4.5667257e+01   7.6993915e+01
   4.9594917e+01   4.0703269e+01
   5.9029691e+01   5.7308079e+01
  -6.5092339e+01   2.2458019e+01
  -9.4649960e+01   3.6013271e+01
  -8.3438709e+01   5.3854817e+01
   7.1459807e+01   2.1179155e+00
  -8.1601731e+01   2.5533859e+01
   1.5341882e+01  -5.0383952e+01
  -6.1461758e+01  -6.0149403e+00
  -3.9370245e+01   8.4734853e+01
   6.4480710e+01  -5.0513591e+01
  -1.3066075e+01   6.4550045e+01
   3.5193022e+01  -5.9205755e+01
  -5.5497490e+01   2.0433525e+00
  -6.7379571e+01  -1.8777257e+01
  -4.1867565e+01  -8.8059326e+00
  -8.0501812e+01  -6.8898728e+00
   7.9226108e+01  -2.4006605e+01
  -9.4167106e+01  -2.6137681e+01
   4.0647392e+01  -1.4697292e+01
   5.1092168e+01   3.0048349e+00
   5.2360157e+01  -3.0298854e+01
  -5.3835630e+00  -3.6187174e+01
   5.2462779e+00  -2.2208327e+01
   1.3639970e+01  -3.0258291e+01
  -2.7137930e+00  -6.8512742e+01
  -2.8618783e+01  -7.9844641e+01
   4.8940229e+01   6.1502303e+01
  -9.1656077e+01  -5.5027661e+01
  -2.1089306e+01  -6.2702082e+01
  -1.9004579e+01  -3.5595931e+01
  -4.1949224e+01  -6.9317861e+01
   3.0660147e+01  -3.8138707e+01
  -4.1511963e+01  -9.9570038e+01
   3.8646261e+01   4.4256800e+01
  -8.0934096e+01  -7.2680870e+01
  -2.1635186e+01  -7.2687172e+01
  -1.1030125e+01   8.2156318e+01
  -7.6112327e+01  -8.6661111e+01
   5.0873754e+00   9.2820090e+01
  -6.5998114e+01  -9.6454487e+01
   8.9841515e+01   3.8212625e+01
   8.7239279e+01   6.7566245e+01
   2.7261443e+00  -4.6572404e+00
   1.9758058e+01  -1.1515556e+01
   1.3666145e+01  -3.5853233e+00
   7.6785155e+01   5.3050130e+01
   1.5102706e+01  -2.0365850e+01
  -6.3152094e+01  -6.1891528e+01
  -5.5503203e+01  -3.4302517e+01
   6.6845001e+00  -4.4792629e+01
   7.5774210e+01   1.3474325e+01
   9.8121930e+01   3.2559092e+01
   6.0724561e+01   6.7163085e+01
   4.3572963e+01   7.7446769e+01
   6.9589886e+01   8.4424350e+01
   1.4313964e+01   7.5625632e+01
   9.2416303e+01  -2.6128625e+01
   3.6835309e+01   9.5562170e+01
   1.6907473e+01   8.7214675e+01
   5.4922578e+00   1.6871049e+01
  -2.7077115e+01   5.0390834e+01
  -1.5722996e+01   4.7851409e+01
  -3.8662515e+01   4.6023599e+01
  -9.6554237e+00   2.7931868e+01
  -9.4179038e+00   4.0199607e+01
  -2.3220268e+01   2.7919570e+01
  -1.2134918e+00   3.4596253e+01
  -7.1347504e+01  -6.7621655e+01
  -3.8690931e+01   1.0840640e+01
  -3.1543833e+01  -9.8882045e+00
  -4.4303204e+01   3.0928172e+00
  -6.1046749e+01   1.3324283e+01
  -5.0360904e+01   6.8211031e+01
   2.7978921e+01   4.3870369e+01
  -3.5687832e+01   5.5408136e+01
   3.2956506e+01   1.6541594e+01
  -5.7731272e+01   5.0466612e+01
   4.6683777e+01   1.5290057e+01
  -5.4309355e+01   8.2010697e+01
   5.9639466e+01   3.3578212e+01
  -9.2952952e+01   2.5113233e+01
  -7.4922692e+01   3.2975043e+01
   5.6019638e+01   1.1706533e+01
  -8.7465834e+01   4.4701744e+01
  -9.6806675e+01   4.8271885e+01
   2.5841640e+01  -5.5662954e+01
  -7.3465841e+01   1.4680133e+01
  -7.0837202e+01  -9.4006055e+00
   6.5121444e+01  -6.0906481e+01
  -1.2118071e+00   6.0682937e+01
   3.8040355e+01  -6.8924748e+01
  -4.9830919e+01  -2.6127536e+01
   4.2713849e+01  -5.2615127e+01
  -3.0581405e+01   7.9974944e+01
  -6.5333724e+01   3.8660795e+00
  -8.6894663e+01  -1.4577390e+01
  -8.9400101e+01  -2.3404635e+00
   7.0776023e+01  -1.8311956e+01
   4.6060969e+01  -6.2894351e+00
  -3.6887040e+01   7.2229680e+01
  -8.4339291e+01  -2.4291354e+01
  -9.9281036e+01  -4.3288699e+01
   5.6059966e+01  -6.4243237e+00
  -1.1095676e+01  -6.3058933e+01
  -1.2818876e+01  -2.1822709e+01
   7.0599130e+01  -2.9062596e+01
   2.3608735e+01  -3.1048039e+01
   9.7461426e+01   9.3627101e+00
   4.1749138e+01   6.5924575e+00
  -1.2511351e+01  -4.3201061e+01
  -8.4693310e+01   3.5094240e+01
  -2.1733394e+01  -8.7096634e+01
   6.1196597e+01  -1.5442358e+01
   4.4743040e+01  -2.3819981e+01
   6.1205402e+01  -2.5634219e+01
  -2.0476181e+01  -4.9247670e+01
  -4.0761336e+01  -5.9388666e+01
  -7.3066945e+01  -4.2583603e+01
  -8.9017022e+01  -4.5382253e+01
  -5.7530277e+01  -9.1135116e+01
   4.5621843e+01  -4.3047390e+01
  -9.1324994e+01  -7.4276423e+01
  -2.7417496e+01  -4.1001745e+01
  -3.7681707e+01  -8.9867211e+01
  -3.0984247e+01  -5.0344030e+01
   3.2575147e+01  -2.6620459e+01
   4.5467324e+01  -6.2228526e+01
   4.9988235e+01   2.4728241e+01
   3.2279280e+01   5.2901694e+01
  -7.5995992e+01  -9.6660422e+01
   2.4226450e+01  -4.5794262e+01
  -9.8549596e+01  -9.2915640e+01
  -7.7471317e+01  -5.9716052e+01
  -2.0996275e+01   8.2781233e+01
  -1.4556598e+01   9.2621141e+01
   2.1056001e+01   5.1061651e+01
   4.2249516e+01   5.3640401e+01
   2.3604409e+01   7.9800795e+01
  -1.4371681e+00   7.9397914e+01
  -6.5863916e+01  -8.5607890e+01
   5.1305311e+00   7.1668179e+01
  -4.3916225e+00   8.9634561e+01
   9.4395983e+01   4.7791444e+01
  -1.1671742e+01  -9.6086240e+01
   7.8359620e+01   6.2967168e+01
  -1.4242338e+01  -5.1210222e+00
   5.4398150e-01  -9.4516234e+01
   1.7919101e+00   6.7828655e+00
   6.8858841e+01   5.9146805e+01
  -6.5274941e+01  -3.6326884e+01
   2.6970441e+01  -1.4698830e+00
  -6.3065184e+01  -4.6079853e+01
  -4.7673053e+01  -8.9451373e+01
   9.6616941e+01  -1.2251149e+00
   1.5505855e+01  -4.0082672e+01
   7.6029685e+01  -7.4225587e+00
   8.4462254e+01   4.6642424e+01
   8.2899624e+01   6.4581920e+00
   6.9323754e+01   2.1115551e+01
   8.1661192e+01   2.1557859e+01
   5.9175583e+01   4.3568870e+01
  -5.7273545e+01  -6.9981181e+01
   8.6127056e+01   5.6669065e+01
   9.7294453e+01   1.9796894e+01
   5.2211068e+01   7.2408762e+01
   3.7790942e+01   8.5610126e+01
   6.2293559e+01   7.7144650e+01
   2.5785150e+01   7.0054846e+01
  -9.9393791e+01  -2.0536466e+00
  -9.6442384e+01  -1.1608142e+01
   8.7002741e+01  -1.7720697e+01
   9.4381415e+01  -1.0971841e+01
   6.0771298e+01   8.9139481e+01
   2.4846340e+01   9.3278352e+01
   1.4125503e+01   2.1880136e+01
  -6.8203315e-01   2.4498959e+01
  -1.6946003e+01   3.3991335e+01
   1.1069206e+01   5.1264344e+01
   4.9052797e+00   4.2475164e+01
  -2.2135244e+01   8.1984330e-01
  -3.7635184e+01   2.2955783e+01
  -2.7879461e+01   2.1770750e+01
  -3.1989269e+01  -1.4355767e+01
