   2.4778997e+01   9.5036864e+00
   2.0443870e+01  -1.3566239e+01
  -2.4295320e+01  -1.0721167e+01
   2.9455073e+00   2.4840205e+01
   5.3881013e+00  -2.9291226e+01
  -4.8183597e+00  -8.6007415e+00
  -5.9520666e-01   7.4969027e+00
   6.3884892e+00  -8.0704685e+00
  -8.9993666e+00   3.9989466e-01
   9.8263269e-01  -1.6563826e+01
  -1.3108890e+01  -1.7278965e+01
   2.0815934e+01  -3.6161800e+00
   8.1346707e-01  -8.7101489e-01
   1.1167042e+01   2.0480667e+01
   1.0961064e+01  -1.6493681e+01
  -1.4899880e+01  -7.4941383e+00
  -3.8010075e+00  -2.5290966e+01
  -2.1691798e+01   1.6948924e-01
   1.5238402e+01   1.0924859e+01
   1.2248006e+01   1.4498369e+00
  -1.3476376e+00   1.6697836e+01
   6.4112144e+00   1.3152173e+01
  -5.9519958e+00   2.5496496e+01
