   4.0507984e+01   1.3416480e+01
   3.2601960e+01  -1.2337575e+01
  -2.0680163e+01  -1.9952407e+01
   3.4578055e+00   2.0642436e+01
   6.2941778e+00  -3.5094965e+01
   9.7690371e+00   1.1306247e+01
   5.4574513e+00  -2.5130035e+01
   2.5261126e+01  -5.5469813e+00
   6.0237819e+00   2.0340858e+00
   2.9264959e+01   4.5792482e+01
  -3.8618085e+01   1.1951096e+01
  -1.4526575e+01   2.9331650e+01
   4.2260557e+01  -2.7399112e+01
  -3.2980705e+00  -2.0298802e+01
  -1.5877644e+01  -4.1302768e+01
  -6.0596421e+00  -5.9619693e+01
  -2.5581554e+01  -3.8739790e+01
  -2.9100304e+01   8.8832249e+00
  -4.1865326e+01  -6.2744512e+00
  -1.4372756e+01  -9.8687967e-01
   4.7303310e+00   3.3928232e+01
   3.5700238e+01   4.6480380e+00
  -2.2002871e+01   3.5972809e+01
   2.3850086e+01  -3.5186468e+01
  -4.6127345e+01   4.9354791e+00
   6.9237147e+00  -4.5075128e+01
  -3.6591134e+01  -1.4770502e+01
  -4.8653433e+01  -3.0451723e+01
   4.6832507e+01   2.8130625e+01
  -2.5103169e+01  -2.8317577e-01
   1.6023242e+01   1.9302898e+00
  -5.9006022e+00   5.0180851e+01
   5.1766105e+01  -1.4372624e+01
   2.8167804e+01   2.3207225e+01
   1.4282713e+01   3.6886610e+01
   3.4800653e+01   3.2554896e+01
   2.7748674e+01  -4.4395215e+01
   2.2842343e+01  -1.5250047e+01
   4.2210510e+01  -1.7320609e+01
   1.5113284e+01  -3.0321462e+01
   5.7200100e+00  -1.5133484e+01
  -1.1959349e+01  -2.5297027e+01
  -1.1205590e+01  -5.0144256e+01
  -5.1476628e+01  -3.5134957e+00
  -4.8631074e+01   1.4616974e+01
  -3.0714126e+01   1.8752143e+01
   1.3020675e+01  -5.3001480e+01
   1.6386670e+01  -4.1842098e+01
  -2.0810071e+01  -2.9951563e+01
   5.7462943e+01   1.2815906e+01
  -7.9288899e+00  -1.1435650e+01
   3.8167569e+01   2.3138746e+01
  -4.3784505e+01  -2.1717109e+01
   3.0141539e+01   1.3403942e+01
   1.3457719e+01   2.0601060e+01
   3.9116195e+01  -4.7504318e+00
  -1.7708374e+01   5.0965251e+01
   7.4478491e-01  -6.4589757e+00
   6.5024924e+01  -1.1007078e-01
   1.6095961e+01   5.6558533e+01
  -3.2254109e+01   3.8061878e+01
  -2.3600089e-01   1.1349655e+01
   2.5605751e+01   3.6486023e+01
   1.1571157e+01  -7.0239789e+00
   1.9351231e+01   4.7103205e+01
   3.3422428e+01  -3.2293325e+01
   2.7631958e+01  -5.4394533e+01
   1.4245999e+01  -2.0359142e+01
  -2.3353333e+01  -5.4859439e+01
   2.3962583e+01  -2.5187101e+01
  -5.0483227e+00  -4.0594326e+01
   3.3534924e+01  -2.2293958e+01
  -4.1424001e+01   2.1549369e+01
  -5.7378877e+01   1.9462173e+01
  -5.8701084e+01  -1.0570703e+01
  -3.6516045e+01   2.1745209e+00
  -4.9058698e+01  -1.3221058e+01
  -1.7870354e+01  -1.0355274e+01
  -3.5104337e+00  -3.0713288e+01
  -1.2314181e+00  -5.0862510e+01
  -2.9957149e+01  -2.3685707e+01
  -2.7859785e+01  -9.8957220e+00
   7.4589500e+00  -6.1312148e+01
   4.5697804e+01   4.8686291e+00
  -5.3927627e+01  -2.1955674e+01
   4.9172921e+01   1.8408359e+01
  -3.3790098e+01  -3.2921967e+01
  -3.0226289e+01  -4.7595660e+01
  -5.3104799e+00   2.5450467e+01
   1.9704038e+01   1.2444556e+01
   2.5702336e+01   4.4432800e+00
  -1.0599704e+01   5.9007993e+01
   1.9652881e+01   2.8450895e+01
   5.5522788e+01   3.0059212e+00
  -5.2794897e+00   3.5450419e+01
   7.6645707e+00   5.1168596e+01
   4.9116174e+01  -4.7301210e+00
  -4.9019836e+00   2.2231793e+00
  -2.4016135e+01   2.6177567e+01
  -3.3964341e+01   2.8209208e+01
   1.4144247e+00   4.3362465e+01
   3.9156383e+01   4.7262080e+01
  -1.2350015e+01   4.2522029e+01
