   3.4197263e+01  -3.0772207e+01
   4.1647501e+01  -4.9835125e+01
   5.5130747e+01   7.7504994e+01
   4.6282490e+01   5.0825571e+01
  -7.7784576e+01   4.1888376e+01
  -1.6220464e+01   7.3294209e+01
   6.5167884e+01  -1.4522706e+01
  -5.2337758e+01  -7.0095962e+00
   9.8300941e+01   4.2925674e+01
  -3.1597081e+01  -5.1762116e+01
  -3.9592421e+01   1.9453973e+01
  -2.0028215e+01   3.6319830e+01
  -7.2029011e+01  -7.6512453e+01
  -4.6680908e+01  -8.4479554e+01
  -5.3069157e+01   3.9448427e+01
  -5.5308702e+00  -2.6080998e+01
  -8.7531287e+01  -8.1049566e+01
  -6.7399860e+01  -3.3157410e+01
  -7.4022428e+00   5.5902352e+01
   3.8633734e+01   2.8250977e+01
   4.3607275e+01   6.9277344e+01
  -7.4394500e+01  -2.5969207e+01
   5.8025187e+01  -2.1518105e+01
  -4.6296976e+01  -5.9942857e+01
  -6.9969291e+00  -1.4112170e+00
  -7.7588263e+01  -6.3329416e+01
   6.7952074e+01   1.6144789e+01
   4.9711233e+01   9.9506667e+01
  -1.5458415e+00   4.7830088e+01
  -2.8454436e+01   4.1388990e+01
  -5.0912481e+01   1.0531117e+01
  -4.0800521e+01   6.4474905e+01
   6.7954238e+01   4.8210710e+01
  -6.5762781e+01   3.3878459e+01
   4.9011456e+01  -5.9655511e+01
  -5.9184619e+01  -2.6128382e+01
  -3.1053532e+01   6.6201725e+01
   5.3956309e+01  -1.2345154e+01
   2.4781386e+01  -2.7456826e+01
  -8.1876122e+01  -3.2179799e+01
   2.8747750e+01   5.7521411e+01
  -1.1174717e+01  -4.9148800e+01
   4.4584568e+01  -3.0268301e+01
  -3.8529992e+01  -7.8364901e+01
  -7.2711267e+01  -5.0023838e+01
  -5.7193833e+01  -8.2844641e+01
   2.9049519e+00   7.8434695e+01
  -8.9876495e+01  -9.0770638e+01
   9.0989214e+00  -1.2328278e+01
   8.8456959e+01   5.3037331e+01
  -5.8964452e+01  -5.0459917e+01
   7.8086114e+01   1.0045411e+01
   8.5738742e+01   2.4436843e+01
   6.6380143e+01   9.3960634e+01
   3.0839171e+01   7.6752390e+01
  -9.3283142e+01  -3.4402004e+01
  -9.5089880e+01  -8.1336079e+00
   8.3488225e+01  -1.3184300e+01
   5.8308988e+00   2.8556500e+01
  -3.4835487e+01  -1.0503183e+00
  -5.2932632e+01   2.0274398e+01
  -4.6556619e+01   4.9047527e+01
  -5.1722955e+01   5.7591954e+01
   4.8499926e+01   2.9101213e+01
  -4.3524859e+01   3.6948313e+01
   5.6268811e+01   5.0759043e+01
  -8.2213236e+01   1.9808645e+01
   3.2686573e+01  -4.5587379e+01
   5.1393714e+01  -4.9785908e+01
  -4.4786933e+01  -1.6443296e+01
  -5.4766094e+01  -1.7087482e+01
  -7.9535859e+01  -1.7361307e+01
   6.0497798e+01   1.3928837e+00
  -2.6023109e+01   7.4800548e+01
  -2.1237789e+01   6.4687385e+01
   7.1868681e+01  -5.8101099e+00
   4.2489196e+01   1.5168376e+00
   6.4507081e+01  -3.1623342e+01
  -1.6385405e+00  -4.6138615e+01
   5.7598911e+00  -3.3525033e+01
  -8.5963266e+01  -4.1224878e+01
  -7.5976755e+01  -4.0573412e+01
  -1.7480181e+01  -5.6910306e+01
   3.9858271e+01   6.0031304e+01
  -3.0074311e+01  -4.1878738e+01
  -3.2238750e+01  -6.9879198e+01
   4.3104881e+01   4.1432211e+01
  -3.6305900e+01  -6.0588789e+01
  -8.1771739e+01  -5.4247387e+01
   3.9867302e+01  -3.8964608e+01
   4.9714307e+01  -4.0039117e+01
  -5.3482616e+01  -9.3427914e+01
  -2.2924111e+01   8.4291197e+01
  -6.9338038e+00   7.6829867e+01
  -9.7160870e+01  -6.7528789e+01
   7.4006281e+00   4.2297767e+00
   2.8009932e+01  -7.9916556e+00
  -8.7545948e+01  -6.2410275e+01
   9.8442723e+01   5.2924907e+01
  -1.3502372e+01  -9.9009440e+01
   7.1455054e+01   5.7345352e+01
  -6.5606449e+01  -4.2991013e+01
  -5.8784081e+01  -7.0038987e+01
  -5.0167999e+01  -7.5109454e+01
  -6.6063030e+01  -5.7488941e+01
   8.7734274e+01   4.4987252e+00
   9.7701117e+01   3.6900275e+00
   8.7020308e+01   1.4479767e+01
   9.3026111e+01  -5.3535977e+00
   4.9013898e+01   8.5640440e+01
   5.6542003e+01   9.2205902e+01
   3.2507113e+01   6.6810533e+01
   2.2512236e+01   6.7123190e+01
   8.1566079e+01  -3.3712144e+00
   9.5568504e+01  -1.5025011e+01
   2.9897239e+01   9.5709384e+01
  -3.9011213e+00   3.0704058e+01
  -1.7366415e+01   5.5531963e+01
   1.0090449e+01   4.4660259e+01
  -3.3826547e+01   2.7622700e+01
  -2.7166653e+01   5.2660172e+00
  -5.5728160e+01   2.9834425e+01
  -2.9326192e+01   1.8445246e+01
  -4.5808511e+01   2.7260015e+01
  -6.7222680e+01   5.0379927e+01
   3.4215054e+01   3.7133008e+01
  -6.2487879e+01   4.2152036e+01
   5.7849217e+01   2.1018021e+01
  -4.5033473e+01   7.5496936e+01
   5.2287688e+01   3.8080608e+01
   6.1669325e+01   5.9150570e+01
  -6.4515754e+01   2.4633345e+01
  -9.0118909e+01   3.5220103e+01
  -8.3997330e+01   5.2450224e+01
   6.9982918e+01   4.2779091e+00
  -8.2881397e+01   2.8892362e+01
   1.9249855e+01  -4.8394756e+01
  -6.0946216e+01  -7.8240327e+00
  -3.5451836e+01   7.7831343e+01
   6.0176895e+01  -5.2055397e+01
  -9.9113823e+00   6.5563503e+01
   3.8996329e+01  -5.9451951e+01
  -5.9160018e+01   1.2588549e+00
  -6.6779407e+01  -2.0578266e+01
  -4.2957164e+01  -6.5884484e+00
  -8.5135116e+01  -9.0769401e+00
   7.4331913e+01  -1.8523172e+01
  -8.9116051e+01  -2.5304256e+01
   4.6863692e+01  -1.9388903e+01
   9.6979862e+01   1.3672326e+01
   5.1495878e+01  -2.6812494e+00
   5.4541534e+01  -3.0887766e+01
  -5.2822851e+00  -3.6077908e+01
   4.1717377e+00  -2.3651874e+01
   1.5427348e+01  -3.0975334e+01
  -8.6775370e+00  -6.1655138e+01
  -2.8790373e+01  -8.0631417e+01
   4.9859007e+01   6.0099446e+01
  -9.0802321e+01  -4.9955861e+01
  -2.6350118e+01  -6.1528108e+01
  -2.0544184e+01  -4.5139675e+01
  -4.2203918e+01  -6.9064720e+01
   2.6690054e+01  -3.7693121e+01
  -4.2952554e+01  -9.3757289e+01
   3.6290652e+01   5.0712019e+01
  -8.1436486e+01  -7.3121621e+01
  -2.2271126e+01  -7.0672158e+01
  -1.2942235e+01   8.4823549e+01
  -7.8430207e+01  -8.5866172e+01
  -8.1091542e+01  -9.5548137e+01
  -2.0949540e+00   8.7220267e+01
  -6.3411523e+01  -9.0680306e+01
   8.7794549e+01   4.3077959e+01
   8.1058611e+01   5.9704688e+01
   2.3596503e+00  -4.9402992e+00
  -3.5507568e+00  -9.8026919e+01
   1.9096969e+01  -1.2525870e+01
   1.3870310e+01  -3.3953930e+00
   7.9118683e+01   4.9423450e+01
   1.3921219e+01  -2.1088726e+01
  -9.6889188e+01  -7.7524405e+01
  -5.6287837e+01  -6.0356032e+01
  -5.7763213e+01  -3.5891233e+01
   7.9451553e+00  -4.3283324e+01
  -9.7322975e+01  -5.7531538e+01
   7.6918956e+01   2.0095495e+01
   9.5637319e+01   2.3575711e+01
   9.0082575e+01   3.3371500e+01
   5.6402950e+01   6.7615169e+01
   4.1517761e+01   7.9040022e+01
   6.2665457e+01   8.4067464e+01
   1.5812033e+01   7.4546411e+01
  -9.6034305e+01  -1.8088405e+01
   8.8451934e+01  -2.2050282e+01
   3.9804409e+01   9.4349975e+01
   2.2801537e+01   8.8663036e+01
  -1.7130939e+00   2.0958019e+01
  -2.6309833e+01   5.1122763e+01
  -1.6481895e+01   4.5619031e+01
  -3.7619370e+01   4.4948223e+01
  -1.3627322e+01   2.8861329e+01
  -8.2019019e+00   4.0029028e+01
  -2.3845946e+01   2.7006538e+01
   2.1825156e+00   3.8575758e+01
  -6.8372939e+01  -6.7209832e+01
  -3.5860816e+01   1.0192395e+01
  -3.2141622e+01  -1.0674855e+01
  -4.3557198e+01   3.8109332e+00
  -6.1775084e+01   1.5368268e+01
  -5.0272834e+01   6.7234924e+01
   2.8114509e+01   4.4978625e+01
  -3.4502757e+01   5.6780272e+01
   3.4159174e+01   1.9376347e+01
  -5.6361575e+01   4.9184246e+01
   4.7781257e+01   1.9260556e+01
  -5.3191474e+01   8.1190350e+01
   6.1394434e+01   4.1049116e+01
  -9.2132758e+01   2.6012320e+01
  -7.4738333e+01   3.2652462e+01
   5.9436620e+01   1.1209334e+01
  -8.7320420e+01   4.3745503e+01
  -9.6084287e+01   4.7961581e+01
   2.7503336e+01  -5.3894426e+01
  -7.4436579e+01   1.5142895e+01
  -6.7533263e+01  -1.2094034e+01
   6.1979893e+01  -5.8792002e+01
