   3.0338203e+01  -3.3522268e+01
   4.0493084e+01  -4.9197749e+01
   5.0018822e+01   7.8813564e+01
   4.5711356e+01   5.2510994e+01
  -2.8810731e+01   5.3395151e+01
  -8.1383479e+01   3.7036273e+01
   1.4339000e+01  -2.1197326e+01
  -7.4077688e+01  -7.9087363e+01
  -1.5157589e+01   7.3512463e+01
   9.5798997e+01  -1.1860057e+01
   6.6122209e+01  -1.3517255e+01
  -5.5409061e+01  -5.3751777e+00
   8.8855623e+01   4.0746452e+01
  -6.4356776e+01  -7.9291641e+01
  -3.3453711e+01  -5.6787144e+01
  -9.5098962e+01  -4.3790501e+01
  -2.8483483e+01   2.0587702e+01
  -2.1333781e+01   2.7593729e+01
  -3.9188635e+01   3.2378022e+01
   9.6137972e+01   2.9739044e+01
  -6.3769833e+01  -6.4559879e+01
  -4.7486267e+01  -8.1268218e+01
  -5.2234975e+01   3.7282862e+01
   5.2524588e-01  -2.7401117e+01
  -4.3645416e+00  -9.9525819e+01
  -8.8208041e+01  -7.6264145e+01
   9.8787315e+01   3.9381709e+01
  -6.5669405e+01  -4.7579511e+01
   8.9495893e+01   1.5548002e+01
  -1.3060972e+01   6.3663126e+01
   4.0683721e+01   3.4965699e+01
   4.1400052e+01   7.2541580e+01
  -7.1866414e+01  -2.7999011e+01
   5.8668532e+01  -2.0252501e+01
  -5.0628833e+01  -5.8504594e+01
   5.0718220e+00  -4.7226552e+00
  -8.3398652e+01  -6.7844612e+01
  -7.2355433e+01  -6.9325051e+01
  -5.4390266e+01  -6.6577127e+01
   7.7903644e+01   2.0283721e+01
  -7.4137347e+01  -8.9519988e+01
   9.7284357e+01  -1.7710886e+00
   5.0884136e+01   9.6683186e+01
   3.6751277e+01   8.2421234e+01
  -9.9757288e+01  -2.6787294e+01
  -7.0723360e+00   3.8255308e+01
  -2.3381116e+01   4.4203181e+01
  -3.8387310e+01   1.9204149e+01
  -4.2784559e+01   6.3757359e+01
  -3.8729517e+01   5.2123270e+01
   5.7948944e+01   4.0715044e+01
  -7.0208803e+01   3.2398815e+01
   4.5565711e+01  -5.7736357e+01
  -6.4912174e+01  -2.1115690e+01
  -8.5455047e+01  -2.4329230e+01
  -3.2826440e+01   6.4269344e+01
   6.2300182e+01  -1.6874573e+00
   5.6085323e+01  -1.0600318e+01
   1.8563811e+01  -3.0591797e+01
  -7.9477361e+01  -3.4168178e+01
   3.5341224e+01   5.3118183e+01
  -1.4579302e+01  -5.5618161e+01
   4.4636483e+01  -3.1945959e+01
  -3.8814530e+01  -7.6724142e+01
  -6.9350964e+01  -5.6646310e+01
  -5.5442134e+01  -7.5694084e+01
  -6.3043107e+00   7.8162136e+01
  -8.2475575e+01  -8.4255469e+01
   1.2553218e+01  -1.1358069e+01
  -9.2250726e+01  -6.3240512e+01
   4.7431954e+00  -1.8334208e+01
   8.2793229e+01   4.8699411e+01
  -5.8297285e+01  -5.3522009e+01
   8.0874111e+01   1.0481951e+01
   8.6608330e+01   2.5500175e+01
   9.6257584e+01   8.1760587e+00
  -7.0701775e+01  -9.8894088e+01
   5.8637945e+01   9.0251714e+01
   4.5986592e+01   8.7964581e+01
   3.0900924e+01   7.4311156e+01
   9.8445737e+01   2.0008976e+01
  -9.1928990e+01  -5.3264341e+01
  -9.1944245e+01  -3.3028796e+01
  -9.3771721e+01  -1.8776489e+01
   8.6432535e+01  -8.3572896e+00
   3.6616702e+01   9.2420329e+01
  -2.9277067e+01   3.3660488e+01
  -3.3315139e+01   4.3101848e+01
  -1.1058462e+01   2.8472587e+01
  -1.6927630e+01   3.6568039e+01
  -3.2144165e+01   1.1281822e+01
  -4.6302715e+01   2.5357138e+01
  -6.4412851e+01  -9.1168570e+01
  -4.9952745e+01   4.8864123e+01
  -5.1392997e+01   5.8731860e+01
   5.0558610e+01   3.3186597e+01
  -4.3183334e+01   4.1532573e+01
   5.6603326e+01   5.1226052e+01
  -9.0561234e+01   4.1007270e+01
  -7.8889539e+01   2.7352252e+01
   3.0542848e+01  -4.6216553e+01
   5.3632855e+01  -5.1704592e+01
  -4.7474860e+01  -1.2742305e+01
  -5.7093011e+01  -1.5176248e+01
  -7.5940935e+01  -1.8820236e+01
   7.0084793e+01   4.5894712e+00
  -2.7933586e+01   7.2985227e+01
  -2.2991025e+01   6.2582009e+01
   7.1892988e+01  -5.3503635e+00
   5.1689385e+01  -1.6247052e+00
   6.0164980e+01  -3.0134053e+01
  -1.1834808e-01  -3.7381022e+01
   8.8455252e+00  -3.2948421e+01
  -8.5300458e+01  -4.2123004e+01
  -7.4057231e+01  -4.2642392e+01
  -2.4115031e+01  -5.6965280e+01
   4.1804180e+01   6.1679264e+01
  -3.0130695e+01  -4.7586015e+01
  -3.5682793e+01  -6.7428151e+01
   4.8192393e+01   4.2872396e+01
  -4.1907815e+01  -6.0089743e+01
  -7.8538413e+01  -5.9554747e+01
   3.8211354e+01  -3.9563476e+01
   4.7991002e+01  -4.1568201e+01
  -5.6459843e+01  -8.5421777e+01
