   3.3067308e+01   9.9938115e+00
   2.3215569e+01  -1.1199210e+01
  -2.5200857e+01  -1.7241578e+01
   3.6349802e+00   2.7577766e+01
   4.0059239e+00  -2.8520180e+01
  -6.8519635e-01   9.0973602e+00
  -6.1332665e+00   2.3659401e+00
   3.0800860e+00  -1.8773409e+01
  -1.3355623e+01  -1.7938164e+01
   2.4244264e+01  -1.7147379e+00
   5.4091588e+00   4.7736773e-01
   1.1870697e+01   2.2612356e+01
   1.2862358e+01  -1.6207052e+01
  -1.7535019e+01  -9.5890301e+00
  -5.4931128e+00  -2.3537311e+01
  -3.1843676e+01   3.3998607e+00
   1.9455903e+01   1.6873411e+01
   1.4976050e+01   3.1010726e-01
  -9.1929275e-01   1.8818298e+01
   7.1607952e+00   1.3918410e+01
  -6.6256560e+00   2.6697424e+01
   1.3744144e+01  -2.6636272e+01
   2.1672257e+01  -2.0771734e+01
  -2.4674355e+00  -5.6636304e+00
  -6.5449901e+00  -3.3332282e+01
   2.3804148e+00  -3.8237150e+01
   5.9774795e+00  -9.4605709e+00
  -1.5087168e+01  -2.7551715e+01
  -2.2715236e+01   1.2500882e+00
  -2.7082605e+01  -7.5098250e+00
  -1.4012445e+01  -1.0896436e+00
   2.3797452e+01   7.9074050e+00
   1.4524103e+01   9.1609704e+00
