   3.6118796e+01  -3.1779070e+01
   7.6121774e+01  -4.6147153e+00
  -8.2529745e+01  -6.9813997e+01
  -6.1024904e+01  -7.6218654e+01
  -4.1076015e+00  -1.2549789e+01
  -6.3376065e+01   1.3910398e+01
   7.5297397e+01   5.8138395e+01
  -5.9551159e+01   3.3240463e+01
   1.8347736e+01   5.9336200e+01
  -5.8644742e+01  -5.1236991e+01
  -5.0430067e+01   3.1295746e+00
   7.4309445e+01  -4.3077029e+01
  -9.7217109e+01  -2.8837245e+01
   5.5618215e+01  -3.6168650e+01
   2.4038559e+00   6.6751219e+01
  -1.0825453e+01   6.4230302e+01
  -3.1883414e+01   5.6617419e+00
  -3.9481665e+01   1.1978384e+01
  -8.9800127e+01   4.6658268e+01
  -8.0286260e+01   6.1819375e+01
   9.1949205e+00  -5.5279445e+01
   3.1191151e+01  -4.8785847e+01
   7.7220116e+01  -3.3557820e+01
   4.5238375e+01   8.1029924e+00
   2.3193675e+00  -6.5401712e+01
   4.5754848e+01   6.2922944e+01
  -1.7884781e+01  -2.9281694e+01
   8.9096582e+01   8.1281565e+01
   8.4507685e+01   6.1958036e+01
  -6.5867463e+01  -2.4971773e+01
   7.6019866e+01   5.9172982e+00
   6.9662421e+01   7.6739412e+01
   9.9410893e+01  -3.5631417e+01
   1.7543945e+01   9.9878165e+01
  -4.6597603e+00   3.5336006e+01
  -6.3186354e+01   5.0237671e+01
  -7.9304682e+01   8.5159460e+01
  -6.9950486e+01   2.1655114e+01
  -7.9065032e+01  -1.4957943e+01
   6.5205072e+01  -7.0393042e+01
   4.2352717e+01  -9.0337713e+01
  -6.7692472e+01  -3.4792813e+01
  -7.0327343e+01   2.7435487e+00
  -9.4825806e+01  -8.5607662e+00
  -3.6279802e+01   7.3851916e+01
   5.7797836e+01  -1.6094765e+00
  -8.9754135e+01   2.7357419e+01
   6.5408618e+01  -2.0496411e+01
  -4.0100535e+01  -5.9177279e+01
  -8.3510457e+01  -5.5137992e+01
  -9.2168849e+01  -8.6529221e+01
  -1.9542654e+01  -4.3173079e+01
  -4.4181155e+01  -9.8800660e+01
  -2.7397098e+01  -6.2259294e+01
   5.4116643e+01  -7.3072438e+01
   3.3531430e+01   5.6919805e+01
  -5.6338163e+00   7.2675654e+01
  -6.3413541e+01  -8.8158976e+01
  -9.5742471e+00   9.7758619e+01
   7.4705419e+01   6.8110470e+01
   3.2796594e+00  -9.6269343e+01
   1.8249384e+01   1.1278991e+01
   1.8875466e+01   1.4009506e+00
  -7.7080465e+01  -4.7488009e+01
  -4.7359485e+01  -8.9154727e+01
   8.2700271e+01  -1.2073452e+01
   9.4271409e+01   5.9865620e+01
   6.6979009e+01   1.0200328e+01
   4.0776518e+01   3.7658294e+01
  -4.4493877e+01  -6.8248135e+01
   6.6376419e+01   8.6166160e+01
   2.4702198e+01   7.4039224e+01
   2.1861711e+01   2.3556991e+01
   4.9458991e+00   3.0019599e+01
   1.4125011e+01   4.0467128e+01
  -3.1671306e+01  -5.0750752e+00
  -4.1337279e+01   2.1486385e+01
   3.0769631e+01   3.9059558e+01
  -2.7441119e+01   6.9444754e+01
  -4.4092308e+01   7.9862394e+01
  -4.2933092e+01   3.0988906e+01
  -7.2454178e+01   5.0948730e+01
  -3.1675928e+01  -1.5183391e+01
   5.5599439e+01   6.0927173e+01
  -8.6688169e+01   3.7286185e+01
  -9.9608665e+01   4.5947784e+01
   2.1130945e+01  -4.7878573e+01
   2.1961894e+01  -6.6675124e+01
   7.0101354e+01  -5.7075415e+01
  -1.0674319e+01  -8.3635063e+01
   2.1268065e+00  -3.5797574e+01
  -9.9053155e+00  -2.3366587e+01
   2.5301788e+00  -4.6532995e+01
  -9.2894450e+01  -7.3620900e+01
  -7.8332687e+01  -8.6704381e+01
  -2.3063306e+01  -1.0161183e+01
  -4.0086142e+01  -2.3104346e+01
  -4.0400319e+01  -7.7451314e+01
  -8.2749823e+01  -9.8712409e+01
  -5.9211404e+00  -9.2390409e+01
  -7.7643577e+01  -3.4030381e+01
   9.9588219e+01   8.4332057e+01
  -2.6589371e-02   6.3762544e+00
  -2.4685163e-01   1.6327187e+01
  -5.8715764e+01  -1.0123453e+01
   9.5546807e+00  -2.6003179e+01
   2.4555321e+01  -1.6344443e+01
   9.3879091e+01   3.7274345e+01
   6.0344970e+01   3.2419090e+01
   4.2391818e+01   8.2480655e+01
   8.3435070e+01   9.6271198e+01
   5.7812609e+01   9.1305862e+01
  -7.7666506e+00   4.4783864e+01
  -1.4916776e+01   3.8216284e+01
  -3.0081122e+01   4.4499932e+01
   2.7295159e+01   1.5220220e+01
  -3.2236046e+01   6.0808113e+01
  -3.8841073e+01   3.9873330e+01
   4.4236808e+01   2.5558008e+01
   6.1825325e+01   4.2123892e+01
  -6.0371490e+01   9.0586450e+01
  -5.3375907e+01   7.4378555e+01
  -9.0060208e+01   5.7052273e+01
   1.9794470e+01  -9.5530279e+01
  -7.1715542e+01   7.8705043e+01
   5.0392536e+01  -8.2568790e+00
   1.4132376e+01  -8.7296817e+01
  -2.5567518e+01   5.3481309e+01
   4.1764007e+01  -6.5731770e+01
   9.9780628e+01  -2.5638752e+01
   1.2098717e+01  -3.6124240e+01
   4.9816257e+01  -5.3903866e+01
  -6.7346330e+01  -1.5084050e+01
   3.7620174e+01  -4.1354963e+01
   6.7549720e+01   3.5454918e-01
   4.4643037e+01  -1.6402688e+01
   7.4736408e+01  -2.3927771e+01
  -9.7533557e+01   1.0362758e+00
  -7.0313664e-01  -5.5897570e+01
   3.4717639e+01  -5.1558808e+00
  -8.4693508e+01  -4.1043747e+01
  -9.1549301e+01   9.0734410e+00
  -7.0249019e+01  -8.0863115e+01
  -9.6603691e+01   3.6314280e+01
  -6.8881404e+01  -5.5314565e+01
  -1.7486275e+01  -6.3408200e+01
  -5.5085736e+01  -6.7830253e+01
  -7.6271928e+01  -6.2035000e+01
  -5.3903051e+01  -9.7097610e+01
  -1.3672761e+01   8.7028577e+01
  -1.8824523e+01  -9.7698959e+01
   2.6915387e+01   6.4355591e+01
   1.8428447e+01   4.9418174e+01
   3.6575357e+01   6.6781839e+01
   1.7331181e+01   8.9896584e+01
   2.7152804e+01   8.3701681e+01
   3.4377056e+01   7.6521669e+01
  -5.7158284e+01  -3.0002152e+01
  -7.5800729e+01  -2.4284383e+01
   6.9510880e+00   9.5493469e+01
  -6.7308192e+01  -4.5446087e+01
   6.5356503e+01   5.8608018e+01
   8.5741392e+01   7.1868311e+01
   5.4423239e+01   7.1071300e+01
  -6.8673439e-01   8.1293985e+01
   1.6002657e+01   6.9025385e+01
   5.0417910e+00  -1.6308953e+01
  -1.3819876e+01  -1.4232601e+01
  -1.4912305e+01  -4.3926071e+00
  -2.6481755e+01  -3.4263918e+01
   8.4077183e+00   1.1758601e+01
   7.9264990e+01   7.9481279e+01
   8.9220215e+01   4.6098744e+01
   3.1385874e+01  -2.3409752e+01
   1.8879483e+01  -5.7337904e+01
   8.9447148e+00   1.9082462e+00
  -6.4427349e+01  -6.4265635e+01
   9.0958447e+01   2.7745846e+01
   1.2222869e+01  -6.4685746e+01
   8.5042885e+01   1.0251673e+01
   8.2716802e+01   2.2168987e+01
   6.6664959e+01   2.2535429e+01
   9.1465602e+01  -7.4643266e+00
   6.9643894e+01   4.9053414e+01
   8.9601168e+01  -1.9218030e+01
   6.4066262e+01   6.8484269e+01
   5.7205206e+01   8.0676246e+01
   9.7977173e+01   1.0115858e+01
   6.5565798e+01   9.7617311e+01
  -5.1741112e+01   5.8211002e+01
  -3.0077309e+01  -4.3545275e+01
   3.9457632e+01  -5.3293637e+01
  -2.0723799e+01  -7.2843405e+01
   5.4694534e+01  -8.6993737e+01
   8.2523576e+01  -4.8713999e+01
  -3.4545994e+01  -6.9236731e+01
   1.4868817e+01   3.0586067e+01
   1.1869431e+01   2.1086469e+01
  -7.7204000e+01   4.2180282e+01
   4.1585309e+00   3.9948578e+01
  -1.3173486e+01   2.8730412e+01
   8.4000718e+00   5.8785010e+01
  -1.0299168e+01   5.4379888e+01
  -6.0387935e+01   3.0170995e+00
  -6.0424932e+01   2.3423422e+01
  -2.4479515e+01   3.6547673e+01
  -2.1754160e+01  -2.0087087e+01
  -4.0245852e+01  -1.0176763e+01
  -1.0305311e+01  -3.5714295e+01
  -4.4894436e+01   4.7401096e+01
  -3.6341511e+01   5.1872593e+01
  -5.0528971e+01   3.7137352e+01
  -6.9273329e+01   3.1522615e+01
  -8.1628174e+01   2.1349824e+01
  -7.9112777e+01   3.0971708e+01
   2.1230339e+01  -7.6522736e+01
  -7.0126367e+01   8.8945245e+01
   6.1515938e+01  -7.9679590e+01
  -6.1876113e+01   7.9967602e+01
  -6.6059007e+01   9.8724195e+01
  -9.8152959e+01   7.4664969e+01
   3.1895039e+01  -6.6361132e+01
  -8.8530433e+01   7.1932484e+01
   8.6506939e+01  -6.6489248e+01
  -2.0594125e+01   6.2229300e+01
  -4.7787066e+01  -1.6751118e+01
  -5.7223987e+01  -2.0004020e+01
  -4.2999744e+01   9.9164528e+01
  -2.0686753e+00  -7.8569265e+01
  -6.6649223e+01   4.1029543e+01
   8.5732485e+01  -2.8385232e+01
   1.4835322e+01  -1.6898809e+01
   3.6492558e+01  -9.8410174e+01
  -8.0193672e+01   1.5807840e+00
   4.6690167e+01  -4.4582542e+01
  -9.9594311e+01  -5.9567299e+01
   8.5452304e+01  -3.9177504e+01
  -2.6812828e+01  -9.0516712e+01
  -3.7417162e+01  -8.7013327e+01
  -3.0210568e+01  -8.0083421e+01
  -7.3129089e+01  -6.9271467e+00
  -8.5021201e+01  -7.0725237e+00
  -8.4867328e+01  -7.9504675e+01
  -4.9454377e+01  -6.6197265e+00
  -8.1755122e+01   5.2035062e+01
  -7.5546686e+00  -6.4229626e+01
  -7.3589863e+01  -9.3862151e+01
  -9.9818208e+01  -1.9213028e+01
  -3.9628174e-01  -2.6156014e+01
  -9.3862443e+01   1.8230673e+01
  -5.1691889e+01  -5.8424290e+01
  -5.0367663e+01  -7.6646414e+01
  -6.3488005e+01  -9.8318013e+01
  -7.1824416e+01  -7.0992464e+01
   3.7427205e+01   9.1138787e+01
  -9.1137229e+01  -4.8671561e+01
  -4.7162886e+01  -3.0159221e+01
  -9.2785912e+01  -9.6510164e+01
   4.7835685e+01   9.0833909e+01
  -2.0487409e+01  -5.3128019e+01
   9.5520971e+01   6.9785334e+01
   9.1859805e+01   9.0887164e+01
  -1.0625729e+01  -5.4739196e+01
  -5.2743997e+00  -2.0792840e+00
   3.6619733e+00  -6.4315317e+00
  -3.0300662e+01  -2.5044087e+01
  -3.6762019e+01  -3.2530517e+01
   3.5893866e+01   2.0109034e+01
  -8.7062979e+01  -3.0550253e+01
  -8.7546410e+01  -2.0561948e+01
  -5.9062825e+01  -3.9813799e+01
   2.4883182e+01  -6.4562251e+00
  -2.2995188e+01   1.3170491e+00
   1.3578684e+01  -7.0145984e+00
   3.4227332e+01  -1.4357382e+01
   7.9743245e+01   4.9217697e+01
   7.3022856e+01  -1.4105698e+01
   8.4816812e+01   2.6333190e-01
   9.7810825e+01   1.6995647e-01
   9.1637588e+01   1.7780399e+01
   7.4617410e+01   1.6480095e+01
   4.8818880e+01   5.3532626e+01
   5.0468099e+01   3.3912832e+01
   4.4577935e+01   7.2778341e+01
   7.4256514e+01   9.2311723e+01
  -9.4283146e+01  -3.8356370e+01
   5.8521765e+01   5.1404637e+01
   1.6679249e+01   7.9943679e+01
   9.8119325e+01   5.0641568e+01
  -2.0589544e+01  -8.2794420e+01
  -3.1900827e+01  -5.3350583e+01
   5.1343418e+01  -6.3610434e+01
   4.7261155e+01  -8.0303041e+01
   3.7507819e+01  -7.4493837e+01
   5.6336538e+01  -4.6321629e+01
   2.6611490e+01   9.3669798e+01
   5.2226306e+01   9.9805614e+01
   9.4126221e+01  -4.4120044e+01
   6.7540309e+01  -3.1136123e+01
   5.6874240e+01  -1.5569964e+01
   6.4443341e+01  -9.0824185e+00
  -2.9928442e+01   1.5448424e+01
  -1.7583459e+01   4.7677050e+01
   8.0045438e+00   7.5015903e+01
  -1.5700547e+01   7.2918950e+01
  -2.2967383e+01   2.6753676e+01
   8.6361841e+00   4.8806214e+01
  -7.5760483e-01   5.1670796e+01
  -3.8652195e+00   2.5453172e+01
  -4.0734318e+01   1.1577875e+00
  -2.0618419e+00   9.1173784e+01
  -5.3601779e+01   1.2308239e+01
   8.3160662e+00   8.5588798e+01
   4.8764041e+01   4.3648342e+01
   3.4468650e+01   2.9912179e+01
   4.9078379e+01   1.6862864e+01
   5.4393390e+01   2.4847212e+01
  -7.5424934e+01   1.3490032e+01
  -2.9638792e+01   8.1287739e+01
  -4.5018757e+01   6.9159818e+01
   5.9028036e+01   1.6079714e+01
   6.7216400e+01  -8.7844790e+01
   2.4046085e+01  -8.6051402e+01
   4.3596307e+01  -1.3456464e+00
   7.4242425e+01  -6.6166991e+01
  -4.2079433e+01   5.9789605e+01
   8.0560166e+01  -5.8468590e+01
  -9.5767315e+01   6.5041293e+01
  -9.9975416e+01   5.5946539e+01
  -5.2881095e+01   8.4261799e+01
  -8.8785011e+01   8.8175780e+01
  -1.0766797e+01  -7.3663791e+01
  -5.4130252e+01   4.8562909e+01
  -3.9134065e+01   8.9941919e+01
   2.8217297e+01   4.8575107e+01
  -5.4357216e+01   9.8528122e+01
  -7.8572801e+01   7.1564779e+01
  -3.3073042e+01   3.1817621e+01
   4.2032593e+00  -8.6322865e+01
  -2.0008734e+01   9.4765207e+01
   9.8893070e+01  -1.5619327e+01
   2.8665527e+01  -5.7436238e+01
  -9.0584655e+01  -6.3897565e+01
  -3.0649595e+01   9.7306477e+01
   5.1326335e+01  -2.3836062e+01
   4.6039957e+01  -3.2293035e+01
   1.1245756e+01  -7.6351484e+01
  -3.4479862e+01  -9.6797533e+01
  -6.9956450e+00  -4.5026089e+01
   1.1930227e+01  -4.5860580e+01
   2.5482554e+01  -3.1272653e+01
   3.4888932e+01  -8.3862005e+01
  -5.0995198e+01   2.1751473e+01
   3.2940136e+01   4.1239645e+00
   2.7695122e+01  -4.0683467e+01
  -7.2544048e+01  -9.9925489e+01
  -8.8542461e+01   6.5705695e+00
