   3.9394823e+01  -4.2150062e+01
  -6.7311327e+01   9.0783088e+00
   7.6352267e+01   6.3309574e+01
  -6.5594448e+01  -5.3743129e+01
   7.2427093e+01  -4.1712300e+01
  -1.0189380e+00   6.7469833e+01
  -9.7714566e+00   6.2670850e+01
  -3.2265401e+01   4.3326171e+00
  -4.5260291e+01   1.6695853e+01
   2.5498471e+01  -4.9158696e+01
   4.0945699e+01   6.6012556e+00
   3.6907187e+00  -7.2501519e+01
  -1.3860715e+01  -2.7094993e+01
   8.4302881e+01   8.2278173e+01
  -6.1955538e+01  -2.4976314e+01
   8.7428074e+01   3.6319675e+00
   7.4578545e+01   8.0050689e+01
  -6.0422915e+01   5.0718972e+01
  -8.4242986e+01   8.9044552e+01
   5.7443679e+01  -6.7413160e+01
   4.1473704e+01  -9.6313308e+01
  -7.5987215e+01   3.5322056e+00
  -3.2665996e+01   7.6829544e+01
   5.2092937e+01   2.9600394e+00
  -9.3102655e+01   2.8002857e+01
   6.3051603e+01  -2.4357614e+01
  -3.2440771e+01  -7.0331885e+01
  -8.9066861e+01  -5.6255071e+01
  -9.8892980e+01  -8.9916049e+01
   3.8883349e+01   5.8656870e+01
  -6.1334688e+01  -8.9142145e+01
   1.4239453e+01   3.0290794e+00
   9.6822627e+01   6.2284789e+01
   3.7341176e+01   3.9076088e+01
   2.7285365e+01   7.2811610e+01
  -3.8623077e+01  -3.3746480e+00
  -3.7342671e+01   2.3120063e+01
   2.6660968e+01   4.3817074e+01
  -4.5822884e+01   3.6840779e+01
  -7.8778349e+01   4.3142102e+01
  -3.5680983e+01  -1.3771923e+01
   6.8208150e+01   6.9498867e+01
  -8.7709403e+01   3.8644096e+01
   7.5298461e+01  -5.5786687e+01
  -6.2849964e+00  -8.9733637e+01
   8.3086873e+00  -4.1850155e+01
  -4.9594265e+00  -2.3594376e+01
   3.4404972e+00  -5.0481803e+01
  -9.4863137e+01  -7.6243135e+01
  -7.4893354e+01  -9.3233740e+01
  -8.4573932e+01  -9.8062521e+01
  -1.3416387e+01  -9.8520653e+01
   9.7510515e+00   1.1888419e+01
   7.6435697e+00   2.1653494e+01
   1.2123404e+01  -3.0670188e+01
   6.2121581e+01   2.7410793e+01
   3.8269545e+01   8.7716301e+01
  -4.1837575e+00   4.9152296e+01
   2.1508728e+01   9.8250702e+00
  -3.2312373e+01   5.7039755e+01
   4.2578456e+01   3.0749114e+01
   4.8672347e+01   4.8299393e+01
  -6.1766711e+01   9.8006626e+01
  -4.7671946e+01   7.7389642e+01
  -8.6738617e+01   5.9337108e+01
  -7.7279682e+01   8.1867816e+01
   5.3807276e+01  -6.7893835e+00
  -2.3286834e+01   5.2755698e+01
   1.7812550e+01  -3.8791668e+01
   4.5080228e+01  -5.0309723e+01
  -6.0887227e+01  -1.5060605e+01
   4.7992416e+01  -1.4883237e+01
   7.6268920e+01  -2.4444220e+01
   3.3926467e+01  -2.6997244e+00
  -7.9258923e+01  -4.1589573e+01
  -9.9019486e+01   3.6064560e+01
  -1.8646453e+01  -6.9313284e+01
  -1.5514551e+01   8.7802613e+01
   1.9117710e+01   6.7038385e+01
   2.0834800e+01   5.7204604e+01
   1.1724442e+01   9.6899131e+01
  -7.0205754e+01  -4.5311800e+01
   8.0824590e+01   7.2250455e+01
   4.8430604e+01   6.8044014e+01
  -5.8252562e+00   8.5386362e+01
   1.0400601e+01  -1.5982020e+01
  -8.2809745e+00  -9.4743141e+00
  -2.3232954e+01  -2.6609161e+01
   3.0897847e+01  -2.3839869e+01
   2.0663136e+01  -5.7924621e+01
   8.1381868e+01   1.2182510e+01
   7.5227829e+01   2.0018990e+01
   9.6878014e+01  -1.2616513e+01
   6.6627773e+01   5.9625911e+01
  -2.1749096e+01  -4.3918239e+01
   5.8132326e+01  -8.9616494e+01
   8.5239811e+01  -5.4069232e+01
   1.1887617e+01   3.0621993e+01
   2.6860395e+01   1.8817225e+01
   6.8216087e+00   3.9166826e+01
  -1.6821104e+01   3.4485280e+01
   1.0919453e+01   5.7519948e+01
  -4.0356587e+01   5.1111686e+01
  -7.2578855e+01   3.5297229e+01
  -8.3963503e+01   1.9911285e+01
  -7.4356283e+01   2.4722483e+01
   2.3096656e+01  -7.3655251e+01
  -7.6739090e+01   9.5745655e+01
   6.4253359e+01  -8.1629785e+01
  -5.7647571e+01   7.8074392e+01
   3.2213031e+01  -6.9705033e+01
  -9.1892569e+01   6.8235365e+01
   9.2620939e+01  -7.0797474e+01
  -3.0111253e+00  -8.0358567e+01
   8.7785312e+01  -2.9011497e+01
   9.1451903e+01  -4.1418215e+01
  -2.4380754e+01  -9.4717127e+01
  -3.7123386e+01  -8.8671165e+01
  -9.0619699e+01  -3.5961090e+00
  -9.0112128e+01  -8.5040419e+01
  -5.7536734e+01  -5.6525661e+00
  -9.3774240e+01   1.7975784e+01
  -6.2171681e+01  -6.5972746e+01
  -5.3373384e+01  -8.3142792e+01
  -6.5513108e+01  -7.5607863e+01
   3.0701815e+01   9.4248517e+01
  -5.2107468e+01  -2.1830060e+01
  -1.2212270e+01  -4.5766338e+01
   8.7286814e+01   9.4755987e+01
   5.3423297e+00  -2.2596197e+00
  -2.4265921e+01  -1.6732435e+01
  -4.7086248e+01  -3.0392544e+01
  -9.9044283e+01  -2.4579118e+01
  -2.2769782e+01   1.2307984e+00
   2.3661966e+01  -1.0072849e+01
   3.6455266e+01  -1.2362310e+01
   8.5632326e+01   4.5580815e+01
   7.9813899e+01  -1.5097968e+01
   9.9647440e+01   1.0736436e+01
   3.5782518e+01   7.8063299e+01
   1.9773830e+01   7.9371595e+01
  -3.3794561e+01  -5.6130656e+01
   3.6067838e+01  -7.8851897e+01
   6.2548674e+01  -4.0437597e+01
   2.1942137e+01   9.9066588e+01
   6.8657700e+01  -3.2542304e+01
   5.8319230e+01  -1.5628872e+01
   6.4922177e+01  -8.2200223e+00
  -3.2634739e+01   1.4311110e+01
  -2.2317937e+01   4.2812591e+01
   1.0070835e+01   7.7131988e+01
  -1.8959380e+01   7.8416965e+01
  -2.6614017e+01   3.2676408e+01
   5.8064317e+00   4.9012866e+01
   9.4028666e-01   5.7708250e+01
   1.7907162e+00   3.0609898e+01
  -4.1805172e+01   7.3146881e+00
  -5.9338795e+00   9.9100216e+01
  -5.4460694e+01   2.0611059e+01
   9.8640733e+00   8.7083785e+01
   3.8766838e+01   4.8787399e+01
   3.4098229e+01   2.5604484e+01
   4.9063791e+01   1.2374989e+01
   5.5623246e+01   1.9868329e+01
  -7.6266098e+01   1.3528304e+01
  -2.6644965e+01   8.4808866e+01
  -4.0512242e+01   7.0408764e+01
   5.8864740e+01   1.0545030e+01
   6.8625242e+01  -9.0296535e+01
   2.3846769e+01  -9.2589604e+01
   4.3939455e+01  -2.9150389e+00
   6.7911054e+01  -6.2518019e+01
  -4.3097444e+01   6.0725735e+01
   8.5742011e+01  -6.3857819e+01
  -4.8851042e+01   8.8246242e+01
  -9.5304368e+01   9.1884118e+01
  -9.5419518e+00  -7.3102720e+01
  -5.7659229e+01   4.1115340e+01
  -3.7094111e+01   9.3298154e+01
   2.9914278e+01   5.3229169e+01
  -8.4851282e+01   7.5335918e+01
  -3.6575895e+01   3.3083100e+01
   1.3188337e+01  -9.4141316e+01
  -2.5326229e+01   9.4717353e+01
   3.0424630e+01  -5.9943897e+01
   5.2694096e+01  -2.3815539e+01
   4.9092274e+01  -3.9664217e+01
   1.3411045e+01  -7.5800584e+01
  -2.8191207e+00  -4.2849408e+01
   1.5614971e+01  -4.8512494e+01
   2.3655732e+01  -3.0701936e+01
   3.5016811e+01  -8.8738794e+01
  -5.5534409e+01   3.1351035e+01
   3.0983651e+01   6.8318182e+00
   2.8253554e+01  -3.9568426e+01
  -9.5762503e+01   6.5299115e+00
  -7.3690084e+01  -5.8716176e+01
   6.0302148e+01  -5.7332564e+01
   7.9961746e+01  -3.5160613e+01
  -8.0124614e+01  -7.4536527e+01
   6.7102149e+01  -5.0084541e+01
  -9.8859010e+01   7.5414823e+01
  -8.6847771e+01  -3.5275567e+01
  -7.0146024e+01  -8.4442806e+01
  -8.0133082e+01  -8.4514206e+01
  -5.5840336e+01  -9.7493144e+01
  -5.7045325e+01  -5.7471952e+01
  -5.5560857e+01  -7.3412631e+01
  -7.8652549e+01  -2.9370606e+01
   5.5502586e+01   7.5028717e+01
   2.9863780e+01   6.3186500e+01
   1.6587704e+01   4.7873607e+01
   7.2050001e+01   5.1228873e+01
  -5.9920810e+01  -4.5693215e+01
  -9.5439517e+01  -9.9300802e+01
   1.8514516e+01   3.8065637e+01
   6.3546996e+01   9.8364314e+01
   3.6167381e+01   1.5357367e+01
  -1.2981007e+01  -7.6367116e-01
   9.9368489e+01   7.8805015e+01
   6.4687589e+01   7.8862162e+01
  -1.4273130e+01  -1.7322852e+01
   9.0760121e+01   7.3359228e+01
   1.3512609e+00  -1.1836251e+01
   9.5157786e+01   4.2536867e+01
   1.4895391e+01  -6.6051137e+01
   1.0689964e+01  -5.7133304e+01
   2.6172338e-01   1.0789921e+01
  -7.2310266e+01  -6.8406614e+01
   2.3754738e+01  -7.2240214e-02
   6.8896149e+01   8.3905255e+00
   8.4661388e+01   2.3325062e+01
   8.6716367e+01   6.4107246e+01
   6.9726496e+01  -1.6920210e+01
   5.8740951e+01   3.6822585e+01
   4.6921580e+01   9.2707380e+01
   8.8949788e+01  -1.9104593e+01
   4.5738214e+01   7.7625769e+01
   3.8473614e+01   6.8535499e+01
  -9.6759804e+01  -3.4307609e+01
   3.3910081e+00  -9.2220287e+01
   2.8288349e+01   8.4568178e+01
   1.9564276e+01   8.9368289e+01
   9.1373223e+01   5.3903056e+01
  -3.9628814e+01  -6.3877127e+01
  -2.6022227e+01  -6.2857852e+01
   5.8351096e+01   6.5234714e+01
   8.1413965e+01   5.4687784e+01
  -1.5293432e+01  -5.5147747e+01
   4.5623138e+01  -7.6284613e+01
  -3.0661615e+01  -4.6158211e+01
   1.6998776e+01   1.8663352e+01
  -1.6119168e+01  -3.6477689e+01
  -3.6667340e+01  -3.2553475e+01
  -5.6240125e+01  -3.3105075e+01
   9.6809062e+01  -4.9813593e+01
   8.9664870e+00   6.7257448e+01
  -9.5900863e+00   7.4929688e+01
   1.0362875e-01   7.7369124e+01
  -8.4131271e+00   2.9204505e+01
  -3.2650282e+00   3.9208541e+01
  -7.5295802e+01   5.4045022e+01
  -9.5175316e+01   4.5296144e+01
  -1.2339541e+01   4.3398276e+01
  -2.1802416e+00   2.1814366e+01
  -1.7903447e+01   6.8477306e+01
  -2.7213049e+01   2.2704315e+01
  -3.1795939e+01   4.5959599e+01
  -1.3311604e+01   5.3336209e+01
   1.3783501e+00   9.2308625e+01
  -6.4392878e+01   1.8641303e+01
  -6.5145901e+01   2.8611073e+01
  -5.7498411e+01   1.1058435e+01
  -6.8210587e+00  -3.3821180e+01
  -4.8442685e+01  -1.5084221e+00
  -2.9076215e+01  -6.3935943e+00
  -4.5226943e+01  -1.1009676e+01
  -3.1899606e+01  -2.2900278e+01
  -1.9024538e+01  -8.4910579e+00
   2.8808964e+01   3.4078402e+01
   7.1299264e+01  -9.9759938e+01
   5.5421916e+01  -7.7313167e+01
  -5.0249972e+01   6.7727025e+01
  -4.9100542e+01   4.6278334e+01
   9.4383224e+01  -5.9397922e+01
  -8.2935619e+01   2.9858057e+01
   6.5461517e+01   1.8014892e+01
  -3.1102153e+01   6.6958858e+01
   2.6954420e+01  -8.2861566e+01
  -6.6315919e+01  -8.7041485e-01
  -7.0819644e+01  -1.2349121e+01
   3.5203264e+01  -5.1222932e+01
  -5.8849567e+01   8.8417982e+01
  -6.8765708e+01   8.9710328e+01
  -9.9035097e+01  -5.6588717e+01
  -4.5969423e+01   9.7905405e+01
   9.6961721e+01  -3.2942486e+01
  -5.1849428e+01   5.5888467e+01
  -6.7498380e+01   7.9790873e+01
  -8.7713668e+01   9.8422768e+01
  -3.9921576e+01   8.3707298e+01
  -1.5851671e+01   9.7898093e+01
  -6.9111896e+01   4.5760358e+01
  -9.6483921e+01  -6.6376152e+01
   6.5293956e+00  -8.2825401e+01
  -1.0127160e+01  -6.3339282e+01
   1.7223436e+01  -8.5014357e+01
   5.6625326e+01  -4.8371854e+01
  -4.6602980e+01   2.6872441e+01
  -8.1388894e+01  -7.4421780e+00
   3.5591435e+01  -3.2809231e+01
   4.5270302e+01  -3.0437919e+01
   9.8322060e+01  -2.2564753e+01
  -2.7915077e+01  -8.4831821e+01
  -4.1180110e+01  -9.7782149e+01
   5.0715528e+01  -5.8389954e+01
  -9.8758732e+01  -1.1765106e+01
  -7.9909774e+01   6.6642258e+01
   2.7883334e+00  -3.3740200e+01
   1.7855955e+01  -2.2576935e+01
   4.7566458e+00  -2.4030336e+01
   8.1800545e+01  -4.4893342e+01
  -8.5819819e+01   5.4607879e+00
  -9.5874743e+01   5.5271443e+01
  -9.1814917e+01   8.2512718e+01
  -4.3607583e+01  -8.1151248e+01
  -6.6067606e+01  -9.7935448e+01
  -6.5014278e+01  -3.7084147e+01
  -7.1571417e+01  -2.2317523e+01
   6.2017046e+01   8.8490958e+01
   8.9956122e+01   3.3853518e+01
  -3.5470084e+00   2.2545053e+00
  -8.2224305e+01  -6.3494475e+01
  -8.0304255e+01  -5.1483066e+01
   9.3251582e+01   8.6714442e+01
   7.1934140e+01   8.9692878e+01
   1.4208692e+01  -6.8735319e+00
   4.0615887e+01  -2.1591017e+01
  -8.8391619e+01  -4.5794670e+01
   2.3170078e+00  -6.2596750e+01
  -5.6116218e+00  -5.4302539e+01
  -8.8671264e+01  -2.5481701e+01
  -8.1058150e+01  -1.9009386e+01
   9.5797974e+01  -2.6750084e+00
   9.4576062e+01   2.4663500e+01
   7.7360536e+01   3.0724703e+00
   9.0817596e+01   1.5407726e+01
   8.7547915e+01  -8.3329048e+00
   4.4327097e+01   2.1042253e+01
   5.7563427e+01   5.2784125e+01
   5.2351518e+01   2.9176479e+01
   5.2812584e+01   8.4646564e+01
   4.8873071e+01   3.8441752e+01
   3.9357950e+01   9.9237617e+01
   7.4731009e+01  -6.5285272e+00
   6.1929826e+01   1.1834236e+00
  -9.8208269e+01  -4.4198186e+01
   2.1362224e+01   2.7570889e+01
   4.9163229e+01   5.8177781e+01
   6.4068505e+01   4.5244894e+01
  -4.5834537e+01  -7.1503749e+01
  -1.6228186e+01  -8.8965305e+01
  -1.8000900e+01  -7.9204381e+01
  -3.4811913e+00  -9.9410835e+01
   5.1425592e+01  -9.7022629e+01
   4.8846443e+01  -8.5850743e+01
   4.1830652e+01  -6.7067077e+01
  -2.4494752e+01  -5.3317693e+01
   6.6283381e+01  -7.2112781e+01
  -4.8000420e+01  -5.9617324e+01
  -2.7201806e+01  -3.5573838e+01
   7.6527458e+01  -6.5670394e+01
  -4.1327976e+01  -2.2969365e+01
  -1.4319394e+00   1.4431070e+01
