   2.4494647e+01   6.1324066e+01
   6.8136932e+01   5.0454360e+01
  -2.5623051e+01   5.5880724e+01
  -4.0459212e+01   2.6165989e+01
  -4.2286836e+01   4.1327406e+01
   1.1054362e+01  -9.7233938e+01
  -6.6284343e+00  -6.3001345e+01
  -6.1041495e+00  -5.3272303e+01
  -2.5457420e+01  -3.2037976e+01
   1.2375033e+00   3.7998548e+01
  -5.8258680e+00   7.4757911e+01
  -7.1794110e+01   1.0933878e+01
   5.4605157e+01  -4.9357136e+01
   5.5318793e+01  -2.9534686e+01
   9.1409727e+01  -4.8726881e-01
   6.9137380e+01  -6.2065401e+01
  -7.1677385e+01  -7.4359375e+01
  -1.0317626e+01  -3.9668883e+01
   6.5157066e+01  -2.2262753e+01
  -3.1405798e+01  -4.0953446e+00
   7.0239064e+01   4.8601223e+00
   2.4686495e+01  -5.3380099e+01
   1.6705933e+01  -3.7414443e+01
   6.7414962e+01  -4.4740159e+01
  -9.0600311e+01  -3.5310613e+01
   7.4317831e+01  -3.5569003e+01
   3.9478832e+01   5.1870490e+01
   1.2357431e+01   4.5851783e+01
   1.4684168e+01   7.4123727e+01
   4.6054411e+01   1.6615974e+01
   7.5817232e+01   8.7352119e+01
   1.2508323e+01   1.1156225e+01
   2.4260572e+01   7.1298063e+01
   3.3267296e+01   9.7351814e+01
  -6.4359925e+01  -2.6656258e+01
  -4.9016690e+01  -8.7899362e+01
   2.9574495e+00   1.5723372e+01
  -7.6851638e+01   8.6481881e-01
  -9.2088089e+01   1.0151860e+01
  -3.2815914e+01   7.8436665e+01
   5.6580528e+01   2.9184862e+00
  -3.8926460e+01  -1.1024252e+01
  -7.0060765e+01   3.4724618e+01
  -5.2284496e+01   8.6503169e+01
  -3.4015555e+01  -9.4190973e+01
  -7.7819189e+01   9.5636366e+01
   2.2013459e+01  -7.1298026e+01
   3.4393365e+00  -9.0831972e+01
   4.6774741e+00  -5.1894339e+01
   3.4877992e+01   3.9821303e+01
   3.7355478e+01   8.4009095e+01
   4.9364481e+01  -7.9886704e+01
  -7.6131800e+01  -8.3157597e+01
  -2.9288773e+01  -1.3609896e+01
  -1.6725715e+01  -1.7051716e+01
   2.0266179e+00   6.7259629e+01
  -2.3314189e+01   4.6163334e+01
   6.7431645e+01  -7.1862585e+01
  -4.7800125e+01   3.2993451e+01
  -6.4608402e+01   4.3093110e+01
  -2.3047506e+01   7.6311343e+01
  -5.1698277e+01   5.8098362e+01
   1.8258870e+01  -8.0523341e+01
   5.0251199e+01  -6.8466550e+01
  -6.6549381e+01  -1.6910715e+01
   3.4775721e+01  -5.2745470e+01
   9.9977620e+01  -4.7912941e+01
  -8.1559140e+01  -7.4073171e+01
  -5.8770957e+01  -6.4578318e+01
   1.0161384e+01  -2.9944039e+01
   2.0463835e+01   1.8932710e+01
   2.9357276e+01  -2.4716293e+00
   5.6252877e+00   9.1323815e+01
  -3.7777766e+00  -2.5254310e+00
   8.6508822e+00  -1.8283015e+01
  -9.7837310e+01  -6.2410959e+01
   7.9213910e+01   2.0627670e+01
   5.1024236e+01   2.8114037e+01
   7.6548425e+01   6.8474484e+01
   4.4746088e+01   7.7294655e+01
   4.2152886e+01   9.2770812e+01
   9.1054692e+01   3.8277031e+01
   9.9206243e+01  -6.6499893e+00
   1.8843717e+01   9.1201782e+01
   4.5350241e+01  -2.9948465e+00
   1.1018254e+01   2.1371225e+01
  -4.4459184e+01  -1.9343200e+01
   9.2521732e+01  -7.1741928e+01
   9.8904890e+01   1.1981490e+01
  -5.4540461e+01  -2.8063643e+01
  -6.6993261e+01  -8.3429094e-01
  -3.2774678e+01  -5.3553151e+01
  -2.0007426e+01  -4.0049772e+01
  -6.1863694e+01  -7.3960986e+01
   9.0088477e+01  -4.9319639e+01
  -6.6509254e+01  -9.2978894e+01
  -1.8440658e+01  -7.0941520e+01
   1.9626614e+01   5.2627432e+01
   9.9590705e+01  -7.9258002e+01
  -6.8545065e+00  -3.0440239e+01
  -5.5424129e+01   2.6451342e+01
  -1.4241249e+01   5.0217721e+01
  -7.5006437e+01   7.7572406e+01
  -4.8131103e+01   1.9756702e+01
  -5.6946713e+01  -3.4925443e-01
  -4.0935212e+01   9.2921015e+01
  -4.1595093e+01   7.3224166e+01
  -7.4540397e+01   4.3662834e+01
  -6.0100203e+00  -8.7839880e+01
  -2.7296854e+01   9.7467326e+01
  -8.9364605e+01   9.1460743e+01
  -2.5113970e+01   3.6364848e+01
  -5.2525120e+01   1.0708948e+01
  -5.7545706e+01   3.6106888e+01
  -2.9395358e+01   9.7853569e+00
   7.8634978e+01  -6.5081235e+01
  -8.0035088e+01   3.5341375e+01
  -6.1844770e+01   8.9418680e+01
   3.9101675e+01  -4.3096154e+01
   4.7358259e+01  -2.3523864e+01
   3.1975383e+01  -7.1742022e+01
   3.8844613e+01  -1.8386013e+01
   7.2763256e+01  -1.5796992e+01
   9.3077128e+01  -2.7586833e+01
  -8.3109777e+01  -4.3535803e+01
  -5.9262216e+01  -3.6638688e+01
  -9.7090678e+01  -2.0837844e+01
  -8.7997953e+01  -2.4786367e+01
   8.9417180e+00  -6.0754425e+01
   7.6240324e+01   9.7472484e+01
   8.5818785e+01   8.5579808e+01
   6.0451591e+01   3.1414833e+01
  -7.9629594e+01  -6.4331797e+01
  -9.8447527e+01  -7.2379606e+01
   4.2679346e+01   3.3586590e+01
   5.0949799e+01   6.9465823e+01
   5.9562418e+01   8.4533231e+01
   6.5498711e+01   6.3230743e+01
   3.6428559e+01   1.4126396e+01
  -9.3558439e+00  -1.0613356e+01
   8.8830532e+01   5.7480814e+01
  -3.5308811e+01  -3.1707339e+01
   8.9021076e+01   1.8934822e+01
  -3.8934223e+01  -6.0718442e+01
  -3.9367065e+01  -8.5406716e+01
   2.7898293e+01  -2.1609104e+01
   7.1141160e+01  -9.6573219e+01
   9.9414689e+00   5.5507104e+01
  -9.5425773e+01   3.4834393e+01
   9.1126194e+01  -9.6770919e+01
  -1.8959324e+00   8.3949928e+01
  -3.4938884e+01   3.4502304e+01
   1.2168362e+01   8.3778743e+01
  -7.3901102e+00   6.3953701e+01
   8.5475541e+00  -8.2300245e+01
  -8.1390985e+01   8.5274053e+01
   6.2684274e+01  -9.1262082e+01
  -1.6467057e+01   5.9870882e+01
   4.5493537e+01  -8.9095085e+01
  -2.2084878e+01   8.6251860e+01
  -1.2570876e+01   8.2897483e+01
  -4.3690569e-01   9.9268484e+01
   1.4906466e+01   6.4150614e+01
   3.3628399e+01   7.4743947e+01
  -8.3176277e+01   5.9065510e+01
  -3.3870135e+01   6.6921591e+01
  -4.2699697e+01   6.2338321e+01
  -3.5581569e+01   5.5327099e+01
   1.8442400e+01  -9.0511840e+01
   7.3141582e+01  -5.2922177e+01
  -2.7369990e+01   2.6659923e+01
  -3.3266134e+01   4.5601425e+01
  -4.1303344e+01   1.2623273e+01
   1.8774024e+01  -6.1875373e+01
  -5.6817524e+01   9.8079339e+01
  -4.2880586e+01   8.3121160e+01
  -5.5747179e+01   7.7122028e+01
   5.1115535e+01  -5.8651744e+01
   6.3269865e+01  -5.4062649e+01
  -8.7264449e+01   1.4071599e+00
  -1.5525755e+01   3.9234272e+01
   9.6852908e+01  -3.6855947e+01
  -8.1650953e+00   3.2122068e+01
   8.2551048e+01  -1.7818996e+01
  -7.5596802e+01   2.6384222e+01
  -6.5618606e+01   2.5785229e+01
  -5.1855377e+01   4.4262051e+01
   7.4781278e+01  -2.5589829e+01
  -8.4870311e+01   1.9111607e+01
  -6.5463674e+01  -5.5944882e+01
   8.3504237e+01  -3.0477075e+01
  -5.9921138e+01   1.7595934e+01
   1.5049290e+01  -5.0777067e+01
  -9.0490629e+01  -7.8381558e+01
  -8.5310843e+01  -8.6913209e+01
   1.8082519e+00  -3.5318084e+01
   8.4436047e+00  -4.2755271e+01
   2.4500729e+01  -4.3510782e+01
  -9.9709695e+01   7.7220986e+01
  -6.9680908e+01  -6.4740589e+01
  -5.3664123e+01  -7.9344358e+01
  -5.0260675e+01  -7.0188856e+01
  -7.3929734e+01  -3.8371338e+01
   2.7916905e+01   3.1645186e+01
   2.8477733e+01   8.8576125e+01
   2.3621110e+01   9.9980389e+01
  -8.0453669e+01  -3.1097663e+01
   1.4634435e+00  -2.5109106e+01
   4.7239531e+00   2.8855340e+01
   1.8374174e+01   2.8696121e+01
   9.8733355e+01   3.1928266e+01
   5.8748014e+00  -4.9929817e+00
  -1.6149995e+01  -2.7003153e+01
   1.9445011e-01  -1.3198599e+01
  -7.3790594e+00  -2.0489913e+01
   8.6055148e+01   9.5563239e+01
   4.7245969e+01  -1.2987780e+01
   4.7361549e+01   6.7541647e+00
   7.6223498e+01  -3.7238117e+00
   8.6846953e+01   7.1200495e+01
   6.5018283e+01   2.2568124e+01
   8.5152281e+01  -8.1992234e+00
   5.5856712e+01   6.0761200e+01
  -8.9377739e+01  -9.9667612e+01
  -8.4998255e+01  -5.3446774e+01
   6.9272163e+01   7.6948463e+01
  -8.9126768e+01  -6.7274736e+01
   4.1013484e+01   6.8029160e+01
  -1.5664337e+01  -5.1229672e+01
   6.1633193e+01   4.2863402e+01
   3.6986354e+01   4.1212570e+00
   9.0636682e+01  -6.1924375e+01
  -1.3388701e+01  -8.1147940e+01
  -1.5467373e+01  -9.0850751e+01
  -1.0178386e+01  -9.9244174e+01
  -1.7341281e+01  -6.1048096e+01
  -3.0745974e+01  -4.0452786e+01
  -4.4811725e+01  -2.9327710e+01
  -5.4311393e+01  -1.8216255e+01
  -4.8423353e+01  -7.9221501e+00
  -7.2691948e+01  -9.0330993e+00
  -5.9567757e+01  -9.8586786e+00
  -8.1675325e+01   9.6608929e+00
  -2.4953982e+01  -2.2359456e+01
  -2.1007397e+01  -8.0597706e+00
  -3.4868029e+01  -2.1807797e+01
  -2.7299660e+01  -6.1953346e+01
   3.9554695e+01   2.4143044e+01
  -6.6141859e+01  -8.2989641e+01
  -2.7224571e+01  -7.5514642e+01
   1.8032378e+01  -2.1233273e+01
   2.8143091e+01  -8.0895434e+01
   3.7912061e+01  -8.2659667e+01
   4.1724718e+01  -7.3467814e+01
   9.3264966e+01  -8.7002748e+01
   1.1595403e+01   3.5984836e+01
   4.4598982e+01   4.3358441e+01
   4.8855852e+01  -4.1392071e+01
   2.5261941e+01   4.2543310e+01
   9.9808779e+01  -5.7945748e+01
  -8.7514102e+01   2.8734844e+01
   5.7909769e+01  -7.4738482e+01
   8.1133566e+01  -9.6494672e+01
   6.5108473e+01  -8.1591733e+01
  -6.6776085e+00   4.3871541e+01
   2.5774162e+00   4.7819919e+01
   2.1934626e+01   8.1016541e+01
  -1.4885704e+01   7.0542802e+01
   1.5495231e-01   5.7456704e+01
   5.3463439e+01  -9.5075565e+01
  -7.9617832e+01   6.8699245e+01
  -6.2298349e+01   7.9724167e+00
  -4.7358483e+01   2.1508173e+00
   4.3980410e+01  -3.2871172e+01
   5.5933339e+01  -1.8458068e+01
   3.5603102e+01  -2.7718740e+01
  -7.1698286e+01   8.7728870e+01
   3.7480384e+01  -9.5065933e+01
  -2.3958136e+01   6.6377557e+01
   5.0489956e+00   7.6770047e+01
  -8.3401884e+01   4.8250920e+01
  -1.6262664e+01   9.7055766e+01
  -3.1852863e+01   8.8390049e+01
   2.8714606e+01  -6.2409534e+01
   1.1769281e+01  -7.1039270e+01
  -4.4595119e+01   5.1074791e+01
  -6.7963335e+01   9.7326441e+01
  -6.5313905e+01   8.0031922e+01
  -7.3843716e+01  -2.3670159e+01
   4.0857120e+01  -6.0683768e+01
  -9.9983480e+01   9.1479632e+01
  -3.3561134e+01   1.8870921e+01
   4.4766002e+01  -5.1106204e+01
  -3.7536712e+01   3.5311507e+00
   5.9434425e+01  -6.4508634e+01
  -1.7802847e+01   2.9502823e+01
   2.8425653e+01  -9.0856884e+01
   5.8670258e+01  -3.9968258e+01
   7.8578455e+01  -4.4582550e+01
  -9.4633305e+01   2.1269080e+01
  -5.8959736e+01   5.1283093e+01
  -5.0458889e+01   6.8635796e+01
  -7.5290818e+01  -5.5459670e+01
   3.1695591e+01  -3.6753916e+01
  -7.4785431e+01   5.3641510e+01
  -9.4405037e+01  -9.0969063e+01
  -9.0695114e+01   8.1549651e+01
  -7.5192746e+00   9.2209780e+01
  -1.7978191e+00  -4.4480087e+01
   6.4929394e+01  -3.2227873e+01
  -6.0008558e+01  -4.6347650e+01
   1.2411353e+01   9.8849897e+01
  -5.5931854e+01  -5.5104147e+01
  -9.1014411e+01  -1.2704926e+01
  -9.5731376e+01  -3.8878410e+00
  -9.2997150e+01  -4.5015903e+01
  -8.1457484e+01  -1.7258432e+01
  -1.3724642e+01  -1.2229199e+00
   5.2938470e+01   3.7933232e+01
   5.5624791e+01   1.9256181e+01
   7.9326672e+01   7.8013501e+01
   9.5243083e+01   9.0878283e+01
  -1.7200616e+00   7.0805567e+00
   2.0504489e+00  -6.7903946e+01
  -2.6456048e-01  -7.7804182e+01
  -9.2851061e+01   4.5000427e+01
   5.5213244e+01  -6.9730392e+00
   6.4462513e+01  -3.2352122e+00
   6.1794275e+01   1.1421559e+01
  -2.3333670e+01   1.6134269e+00
   9.2950055e+01  -1.4461525e+01
   1.3672159e+01   1.2306716e+00
  -3.4116512e+00   2.3366188e+01
   6.7208370e+01   9.2420545e+01
   5.1683339e+01   9.5782767e+01
   5.9568854e+01   7.4533648e+01
  -8.0241916e+01  -9.5525957e+01
   2.9532811e+01   5.1580473e+01
   3.4447700e+01   6.0493504e+01
   2.9904701e+01   2.1848277e+01
  -9.9534229e+01  -5.2572963e+01
   7.4396726e+01   5.8788057e+01
   4.5996708e+01   5.9391942e+01
   4.9670410e+01   8.5989758e+01
   9.7702870e+01   6.2051951e+01
   7.8096951e+01   4.9625107e+01
   5.5520180e+01   5.0774378e+01
   8.2634428e+01  -5.5945849e+01
   8.7288906e+01  -3.9726334e+01
  -8.6349594e+00  -7.2550284e+01
  -9.0209875e+01   6.6167633e+01
  -9.6350742e+01   5.5001267e+01
   7.1191296e+01   1.4760628e+01
   8.9352487e+01   9.1456961e+00
   8.8591046e+01   2.8733155e+01
  -4.2091028e+01  -7.5835437e+01
  -4.3740373e+01  -9.6237335e+01
  -8.2537114e+01  -7.3606338e+00
   9.7673843e+01   4.5973344e+01
   9.3455701e+01   7.9131143e+01
   8.7814275e+01   4.7598593e+01
   9.8523728e+01   2.1957500e+01
  -6.9845938e+01  -4.7193829e+01
  -3.4649095e+01  -6.9302406e+01
  -2.4897770e+01  -4.8373894e+01
  -4.8370197e+01  -6.0700927e+01
   3.7159868e+01  -8.6402982e+00
  -2.2840517e+01  -8.4266089e+01
  -2.4183433e+01  -9.5581369e+01
   2.3545940e+01  -1.2690565e+01
  -5.3920837e+01  -9.6549724e+01
   8.0162132e+01   5.4421128e+00
   2.3913459e+01  -3.0693892e+01
   2.6869946e+01   1.1396763e+01
