  -7.0990870e+01  -2.6243557e+01
   9.3558808e+01   3.8022456e+00
  -4.7854323e+01   2.2175161e+01
   2.0968771e+01   5.7335082e+01
   6.2844379e+01   6.7955492e+01
   6.1290100e+01   4.0909385e+01
   2.3346332e+00   6.5834338e+01
   2.4835940e+01  -1.4509511e+01
  -2.2982997e+01  -7.6150497e+01
   5.6724027e+01   6.0073858e+01
   1.2926529e+01   6.3205704e+01
  -2.4472184e+01   5.3636229e+01
  -7.2805115e+01   2.6381798e+01
  -7.7231147e+01   8.5250692e+01
  -9.0181071e+01  -1.0381983e+00
  -6.0195687e+01  -9.6068609e+01
  -2.7938523e+01  -5.2642030e+00
  -3.8368392e+01  -5.8448032e+01
   3.3102524e+01  -8.4808924e+01
  -2.8332191e+01   2.3305275e+01
  -3.2225210e+01   4.7498286e+01
  -5.2303333e+01   9.3224577e+00
   3.6715316e+00  -8.1274553e+01
  -7.8335920e+01  -9.1046423e+01
   3.6865171e+01   3.2772481e+01
   9.8705720e+01   7.6185951e+01
  -3.7992922e+00  -1.3114767e+01
   6.0726310e+00  -6.3113224e+01
  -8.0400482e+01  -8.1276228e+01
  -1.1353251e+01  -6.3267766e+01
   4.9557753e+01  -8.8969561e+01
  -2.2660566e+01  -4.7022563e+01
   1.8283971e+01   8.9014085e+00
  -3.0603516e+01  -3.0978190e+01
   7.3530958e+00   7.9398419e+01
  -9.9343907e+01   4.5029554e+01
  -2.9604264e+00   2.8943129e+01
  -1.2159888e+01   7.8614600e+01
  -1.6262800e+01   5.9298144e+01
  -7.0093831e+01   5.1429813e+00
  -8.3476842e+01  -8.4895587e+00
   5.6329463e+01  -4.4497422e+01
  -6.6933320e+01   1.8565437e+01
  -9.1537338e+01   6.1843483e+01
   6.6813158e+00  -3.2683251e+01
  -8.4902394e+01   7.4492421e+00
   9.6660441e+01   2.8171767e+01
  -7.7274755e+01  -6.1704113e+01
   4.9444488e+01  -2.6579585e+01
  -8.7482250e+01  -1.7548644e+01
   3.5664722e+01   2.0145676e+01
   5.1569646e+01   3.8977209e+01
   7.7566360e+01  -1.2841870e-01
   6.4009987e+01  -5.0090923e+00
   6.6559626e+01   5.8308696e+01
  -2.0644386e+01  -8.5803331e+01
   6.6890926e+01  -6.7134905e+01
  -5.9038804e+01  -6.3038489e+01
  -7.2614201e+00  -3.9822417e+01
  -5.6371831e+01  -2.0810580e+01
   6.7605827e+01  -2.6313080e+01
  -2.6540029e+01   4.5075327e+00
   6.8422004e+01   3.8904518e+00
   9.8666458e+01  -5.6489193e+01
   1.1261846e+01  -9.8605528e+01
   4.1487100e+01  -5.6916535e+01
  -8.1752958e+01   9.4132533e+01
  -6.3332556e+01   4.9853673e+01
  -4.9936988e+01   6.5146194e+01
   2.7301215e+01  -4.9762043e+01
  -3.7664609e+01   3.9197199e+01
   2.0453509e+01  -2.3481763e+01
   1.3045250e+01  -4.1849700e+01
   2.7711976e+01   9.7581138e+01
   8.8682685e+01  -5.6231997e+01
   2.2778187e+01  -8.6267746e+01
   6.5051089e+01  -4.6771752e+01
  -7.4936762e+01  -4.6215495e+01
  -9.7451286e+01  -1.9315123e+01
   7.3683550e+01  -4.1998502e+01
   8.1845919e+01  -4.7669474e+01
  -8.5116834e+01   8.0135558e+01
  -6.2128091e+01  -7.4059003e+01
   5.8068790e+01   7.7087926e+01
  -6.8317303e+01  -3.6578003e+01
   3.6817978e+01   6.0443012e+01
   1.2824149e+01   4.0377341e+01
   1.4868439e+01   7.2981370e+01
   3.8043052e+01   1.0489612e+01
  -2.0899232e+00   6.3712657e+00
   7.4022050e+01   6.9516801e+01
   8.0293100e+01   7.7301440e+01
   6.2914714e+01   8.6102359e+01
   9.6107184e+00  -6.6675598e+00
   9.8392091e+01   9.9881503e+01
   5.8167313e+01  -2.4544898e+01
   1.0748090e+01  -2.3854039e+01
   9.3755980e+01   6.7497736e+01
  -9.8466916e+01  -5.9972120e+01
   1.0075792e+01   3.2282262e+00
   7.8394734e+01   5.0037813e+01
   6.2826158e+01   1.2125428e+01
   3.2438019e+01   6.9371471e+01
   3.3403436e+01   8.9414438e+01
   5.0477414e+01   9.9882888e+01
   5.8916435e+01   5.0484860e+01
  -4.2273023e+01  -7.6869590e+01
   9.5267753e+01   1.6517513e+01
  -3.1723857e+00  -4.9077898e+01
  -6.1503354e+01  -2.9293528e+01
  -5.1424935e+01  -8.0675400e+01
  -2.3278353e+00   7.7242057e+01
  -9.3243294e+01   3.7182768e+01
  -7.7277106e-01   3.8494951e+01
   1.6075374e+01   2.9076174e+01
  -1.0048304e+00   1.9322621e+01
  -2.1951288e+01  -1.2493659e+01
  -3.3102531e+01   3.1149461e+01
  -2.7110365e+01  -2.0708912e+01
   7.9687778e+01  -9.9038520e+01
  -4.9441879e+01  -1.1285073e+01
  -4.2293126e+01   7.3129446e+01
  -6.5873492e+01  -3.8464638e+00
  -7.8377087e+01  -5.8393912e-02
  -8.7804599e+01   1.6992136e+01
  -2.1984681e+01   6.7476455e+01
  -3.1465689e+01   8.1695143e+01
   5.4127270e+01  -5.8511863e+00
  -1.2131090e+01   2.8699544e+01
  -3.6255999e+01  -1.2286358e+00
  -6.7029251e+01   3.5761878e+01
  -4.2205365e+01   4.7322252e+01
  -5.8025242e+01   7.6750787e+01
   6.0954653e+01  -3.4206306e+01
  -1.2940064e+01  -7.3411991e+01
  -3.2696203e+01  -8.8709784e+01
  -6.9950184e+01   9.0523520e+01
  -5.3005227e+01   3.0418635e+01
  -4.1605676e+01  -9.6817647e+01
   2.8576121e+01  -3.2580711e+01
   1.9708263e+01  -7.0377063e+01
  -2.9950118e+00  -8.8541769e+01
   5.7466729e+01  -5.3364363e+01
   2.2949873e+01  -4.0773287e+01
   4.7767797e+01  -4.9487592e+01
  -7.3133994e+01  -9.9597786e+01
  -1.2242228e+01  -9.4556852e+01
   8.5498929e+01  -2.3086681e+01
  -8.3247514e+01   5.6676773e+01
   3.0045355e+01  -2.2813225e+01
  -9.6511143e+01  -7.8658039e+01
   5.2355298e+01   6.8916375e+01
  -9.4762845e+01   8.2230956e+01
  -7.8269932e+01  -3.6796399e+01
  -6.4973859e+01  -4.6463194e+01
  -1.8638491e+01  -3.7969778e+01
   2.2206115e-01  -3.4007498e+00
  -9.9485377e+01  -3.1956045e+01
   8.3740643e+01   8.8602530e+01
   8.3799170e+01   6.6591641e+01
   9.5218565e+01   8.9783265e+01
   6.8044628e+01   7.7519265e+01
   6.4960588e+00  -5.2956021e+01
   4.4502853e+01  -3.4205161e+00
   4.1296940e+01  -1.2822929e+01
  -8.2200959e+01  -5.3054843e+01
  -9.5096370e+01  -4.0930506e+01
   9.1647375e+01  -1.2524483e+01
   7.6203009e+01   1.0112058e+01
   5.8789905e+01   2.1221831e+01
   3.1266011e+01   4.1044042e+01
   8.0291658e+01  -1.1111173e+01
   2.7984927e+01   2.8338188e+01
   5.2269597e+01   8.9672081e+01
   9.6741434e+01   4.8242507e+01
   4.1926346e+01   4.1292167e+01
   3.7975819e+01   7.7636111e+01
   3.9486466e+01   5.0883684e+01
   2.2795328e+01   4.6424505e+01
   4.6749786e+01   5.9316096e+01
   6.8593007e+01   4.8527446e+01
   4.9160398e+01   4.9015593e+01
   4.9534576e+01   1.7567330e+01
  -3.6778840e+01  -2.2087676e+01
  -3.2874841e+00  -6.9169561e+01
   8.7938051e+01   2.3312692e+01
   4.5917220e+01  -7.7177792e+01
  -3.3670104e+01  -6.8854522e+01
   9.5067468e+01  -6.8906523e+01
   7.8359506e+01  -5.6465152e+01
   4.2134572e+01  -9.7143566e+01
  -1.8691089e+01  -5.6305477e+01
  -5.1655342e+01  -3.1555292e+01
  -2.6701756e+00  -5.8817419e+01
  -7.0088107e+01  -8.0107644e+01
  -6.7627194e+01  -5.6100579e+01
  -4.3468108e+01  -6.7000926e+01
   5.7975648e+01   3.3871164e+00
   1.9804771e+01  -5.8835947e+00
   7.5858481e+01  -2.0871674e+01
   7.0447290e+01  -1.2559785e+01
   6.8420945e+01  -5.6068254e+01
   7.6032694e+01  -3.1230371e+01
   6.0826374e+01  -1.5005304e+01
   5.6392300e+00   5.6405380e+01
  -9.0081013e+01   4.9525549e+01
  -1.8881069e+01  -1.8912723e+00
  -1.2742390e+01  -9.6541583e+00
  -6.3852150e+00   6.1009007e+01
   9.9880396e+01  -7.7498343e+01
  -3.2481830e+01   7.1603445e+01
  -1.2275620e+01   6.8812800e+01
  -3.7981709e+01   2.1876866e+01
  -2.5511760e+01   3.7573175e+01
   5.6233848e+01  -8.1608332e+01
   6.4866823e+01  -7.6528638e+01
   6.5482171e+01  -8.5997378e+01
  -8.9484572e+01   7.1441141e+01
  -4.3540150e+01   1.3659343e+01
  -1.8939638e+00   9.7108789e+01
  -4.2841153e+01   3.0481476e+01
  -7.4145343e+01   5.3676024e+01
  -8.5416149e+00   8.7860479e+01
  -2.2669311e+01   7.7298478e+01
  -1.8397794e+01   8.6270363e+01
   2.2794708e+01   6.7049859e+01
  -5.3742390e+01   5.5977094e+01
  -4.4370436e+01   5.6475707e+01
  -4.9524953e+01   7.9349858e+01
  -5.2509669e+01   9.2221631e+01
  -6.8019580e+01   8.0777161e+01
   2.9157912e+01  -9.4140066e+01
   1.3495302e+01  -8.2719447e+01
   2.6682229e+01  -7.7221198e+01
  -1.5242704e+01   3.8160915e+01
   5.4949929e+01  -6.2372559e+01
  -7.7307173e+01  -1.7866200e+01
  -9.4794311e+01   8.8164627e+00
  -7.6458514e+01   1.2799116e+01
  -5.8098114e+01   3.9552359e+01
   3.5596816e+01  -6.4223194e+01
   9.0511011e+01  -3.1691665e+01
  -6.8397323e+01  -9.0362715e+01
   9.1151055e+01  -4.4411712e+01
   3.1710528e+00  -4.1761671e+01
  -7.7672735e+01  -7.1674065e+01
   1.7389332e+01  -5.0718893e+01
  -8.0837463e+01   6.6326004e+01
  -8.9920203e+01  -8.6176524e+01
  -5.7588094e+01  -5.3153539e+01
  -5.1792630e+01  -9.0657215e+01
  -5.2705413e+01  -7.0764985e+01
   1.2561858e+01   8.7889960e+01
  -9.9323783e+01   9.6045109e+01
   1.7832866e+01   9.6825628e+01
  -9.7664087e+01   1.8648433e+01
  -9.4088706e+01  -6.8961465e+01
  -9.9346525e+01   7.3513098e+01
  -8.0923662e+01  -2.7180028e+01
  -9.2636279e+01   2.7260975e+01
   2.4370941e+01   7.6903035e+01
   2.7945133e+01   1.2152819e+01
   2.2383366e+01   3.6573643e+01
   7.9276277e-01  -2.4603272e+01
   1.6758687e+01  -3.2680195e+01
   1.5139645e+01  -1.4911389e+01
   2.2134421e+01   2.0282168e+01
   2.5677458e+01   2.1947006e+00
   1.4017265e+00   8.7371829e+01
   9.0327442e+01   3.5899127e+01
  -9.2211999e+00  -3.9822994e-01
   7.8712627e+01   9.7473324e+01
   5.4221879e+00  -1.5687066e+01
  -1.1205628e+01  -3.0640145e+01
   5.8799670e+00   1.2194256e+01
   7.4303135e+01   8.5307816e+01
   6.0359228e+01   9.8372643e+01
  -3.5800729e+01   8.1492656e+00
   8.8711355e+01   9.7376190e+01
   6.9341768e+01   9.3985994e+01
   1.5523802e+01  -6.0426958e+01
   8.9732351e+01   8.0597225e+01
   3.5563369e+01   9.2481674e-01
  -8.7271133e+01  -6.1659269e+01
   9.9856078e+01   5.9574733e+01
   6.8763179e+01   2.1360459e+01
   9.5396689e+01  -2.2017333e+01
   6.0547844e+01   3.0999031e+01
   2.9945605e+01   5.3251911e+01
   7.6439131e+01   5.9827547e+01
   9.8363028e+01  -5.1059807e+00
   4.2400050e+01   6.8680513e+01
   8.6271841e+01   5.6160906e+01
   4.2865130e+01   8.6332057e+01
   4.7965889e+01   7.7805055e+01
   4.1198369e+01   9.6165908e+01
   8.7181801e+01   4.5368089e+01
   8.6923190e+01  -3.6612261e+00
   3.2458247e+01  -8.4073167e+00
   2.3745162e+01   8.6872866e+01
  -2.8271902e+01  -6.0512738e+01
  -3.2545978e+01  -7.8759826e+01
  -3.1684614e+01  -9.8633505e+01
  -3.4449102e+01  -1.2620643e+01
  -2.0916310e+01  -2.8357616e+01
   4.8926463e+01   7.6239357e+00
   1.0337967e+01   2.0995814e+01
  -4.0820502e+01  -3.0816617e+01
   8.5901060e+01  -6.5754393e+01
   8.6431448e+01   1.0816078e+01
   7.8611196e+01   1.9792835e+01
  -5.8606632e+01  -3.8797660e+01
  -5.9427799e+01  -1.1383790e+01
  -4.6665423e+01  -2.2767584e+01
  -9.5471404e+01  -9.5170039e+00
  -3.1494025e+01  -5.1235482e+01
  -3.0567695e+01  -4.0962710e+01
  -1.2919972e+01  -4.8141045e+01
  -6.8460677e+01  -6.6354516e+01
  -4.9696914e+01  -5.9238120e+01
   8.3003833e+01  -3.8082914e+01
  -6.0798640e+01  -8.3948660e+01
  -9.0897799e+01  -2.6890619e+01
  -2.0550848e+01  -6.6607200e+01
  -2.1512828e+01  -9.8305982e+01
  -9.8052112e+01  -9.2844357e+01
   3.6247235e+01  -7.5520783e+01
   6.4266931e+00   3.0166965e+01
  -8.2780875e+01   2.5629988e+01
  -8.7114494e+01  -9.5793569e+01
   1.3798470e+01   5.0583506e+01
   4.9171431e+00   4.6467613e+01
  -9.2154069e+01  -5.2221532e+01
  -8.5499364e+01  -4.3652928e+01
  -8.4322464e+01   4.1483887e+01
   9.4167034e+01  -8.5631941e+01
  -9.8606859e+01   5.4938094e+01
   6.1049506e+01  -9.4712311e+01
   5.6305741e+01  -7.1801527e+01
  -1.5623887e+01  -1.9938184e+01
   7.1340014e+01  -9.3786663e+01
  -6.2217813e+01   2.7196186e+01
  -6.1855804e+01   1.0205382e+01
  -3.5285670e+00   5.1596339e+01
   4.3923874e+01   2.5776629e+01
   8.7797503e+01  -9.3273635e+01
  -2.9829852e+01   6.1753470e+01
  -1.6438252e+01   4.7994814e+01
  -4.7781927e+01   3.8656750e+01
  -7.6253073e+01   7.5163571e+01
   5.1979329e+01  -9.8672850e+01
   3.2963328e+01  -4.1530859e+01
  -5.6969307e+01   1.8773507e+01
  -5.4030750e+01  -2.3034501e+00
  -3.7693010e+01   9.7417347e+01
  -4.1018881e+01   8.3517466e+01
   7.9650319e+00   9.6751737e+01
   5.0926439e+01  -1.5246133e+01
   3.9130644e+01  -2.2456108e+01
   8.5754007e+00  -7.2666320e+01
   2.2270226e+00  -9.6531275e+01
  -3.9073108e+01   6.4183397e+01
  -7.4842882e+01   4.4466338e+01
  -1.1088941e+01  -8.3148639e+01
  -2.5301764e+01   9.3382731e+01
  -9.0837543e+01   9.1142871e+01
  -2.1210577e+01   2.8889042e+01
  -4.4485748e+01   3.7122801e+00
  -1.1813395e+01   9.7286640e+01
  -5.2021388e+01   4.7023273e+01
  -2.9647142e+01   1.4528965e+01
   7.6289131e+01  -6.5690655e+01
  -7.6820668e+01   3.5156585e+01
  -5.8391056e+01   8.4889570e+01
   2.0011029e+01  -9.6100889e+01
   2.5308218e+01  -6.2229253e+01
  -7.3707211e+01   9.9525728e+01
  -6.1748356e+01   9.3653771e+01
   4.6651449e+01  -6.4229830e+01
   5.3364041e+01  -4.0576490e+01
   4.6175682e+01  -2.3361356e+01
   3.6489199e+01  -6.8289254e+01
