  -8.4927542e+01  -5.3313345e+01
   7.6355056e+00  -8.5210122e+01
  -6.4078863e+01  -2.8230785e+01
   9.2176744e+01   3.8349299e+00
  -5.9313933e+01   4.3098849e+01
   6.0194808e+01  -6.5436561e+01
   6.7465964e+01  -3.2999439e+01
  -9.6076610e+01  -5.2432400e+01
   2.7368153e+01   7.9778104e+01
  -4.5077095e+01   2.0459016e+01
   2.4185661e+01   4.9102610e+01
  -5.0951608e+01   3.7353901e+01
  -3.9822483e+01  -6.7973306e+00
   6.1394539e+01   6.7228552e+01
  -5.3004429e+00  -9.5625213e+01
   5.9579897e+01   3.4305660e+01
  -2.9260423e-01   5.7175048e+01
   5.3488317e+01   2.9796717e+00
  -2.2857828e+01   5.5902650e+01
   1.7524597e+01  -3.3178798e+01
  -6.5851713e+01  -1.8638233e+01
   2.9610917e+01  -8.9333600e+00
  -2.5951782e+01  -7.6968335e+01
   8.4041078e+01   7.2026252e+01
   5.4279945e+01   5.7164430e+01
   1.4676840e+01  -6.4624381e+01
   8.0362711e+01   1.0171885e+01
  -1.7538526e+01  -4.7022730e+01
   5.4125035e+01  -9.3826008e+01
   2.8190225e+01   1.7984803e+01
   8.5051855e+00   3.9115235e+01
  -1.4042053e+01   3.9069068e+01
   9.5219916e+00   5.8721992e+01
  -3.2509833e+01   5.8457346e+01
  -7.9919390e+01   3.4297889e+01
  -7.3965120e+01   2.3867789e+01
   6.4393079e+01  -7.9526040e+01
  -6.4977301e+01   7.9999156e+01
   9.4784319e+01  -7.7532636e+01
  -3.6079413e+01  -9.7317493e+01
  -8.9987809e+01  -4.8261610e+00
  -9.6569947e+01   2.2715734e+01
  -6.2948398e+01  -7.5411184e+01
  -5.2483294e+01  -8.7845547e+01
   8.2393826e+01   9.9163770e+01
  -2.1137728e+01  -2.0606156e+01
  -5.6180197e+01  -1.8028441e+01
  -2.0449605e+01   1.5442263e-02
   9.3625778e+01   4.1081944e+01
  -3.4181820e+01  -5.5168955e+01
   3.3869596e+01  -7.9417986e+01
  -2.9790025e+01   1.6397369e+01
   1.4738493e+01   8.3573842e+01
  -1.1352270e+01   8.8011896e+01
  -2.4304562e+01   4.5436350e+01
  -4.1907930e+01   1.1121026e+01
  -3.2801707e+01   7.0032199e+01
   5.3559454e+01   1.2910880e+01
   9.5763463e+01  -6.7628390e+01
  -9.8523125e+01   9.4565146e+01
   1.3981010e+00  -7.7453003e+01
  -8.4914897e+01   7.9936662e+01
   2.8873506e+01  -6.8800237e+01
   6.1208701e+01  -1.9370428e+01
   9.2386649e+01  -3.3731067e+01
   7.5174527e+01  -5.1652467e+01
  -7.6909508e+01  -9.8142753e+01
  -8.4094401e+01  -9.1187104e+01
   2.5616041e+01   5.8960741e+01
  -7.1620476e+01  -4.3996002e+01
   3.8336857e+01   2.7779125e+01
  -1.3743885e+01  -7.7818609e+00
   9.2218750e+01   7.7773755e+01
   3.5367523e+00  -1.6038920e+01
   3.1727595e+00  -6.5563261e+01
   5.7790145e+00   8.0328263e-01
  -7.2766262e+01  -7.0309076e+01
   2.4048104e+01  -7.4470167e-01
   6.9270970e+01  -1.3470461e+01
   4.7131532e+01   7.7722803e+01
  -9.9697486e+01  -3.1253001e+01
   4.6540248e+00  -9.4723427e+01
   1.1914792e+01   9.3155290e+01
  -3.5736929e+01  -7.8328981e+01
   9.1599535e+01   5.3673756e+01
  -1.4851525e+01  -5.6666436e+01
   5.3813080e+01  -8.3854285e+01
  -3.0640113e+01  -4.5945930e+01
   1.5149536e+01   1.4067852e+01
  -3.4210374e+01  -3.4624927e+01
   9.0232009e+00   7.5370905e+01
   4.7757611e+00   8.4385366e+01
  -8.6780077e+01   5.2685659e+01
  -9.4668979e+01   4.5556382e+01
  -6.7358107e+00   3.0302599e+01
  -1.3309209e+01   7.3927360e+01
  -2.3865766e+01   3.5530736e+01
  -1.0208980e+01   5.7963126e+01
  -2.0634247e+00   9.1646989e+01
  -6.3295962e+01   7.1478902e+00
  -5.1406221e+00  -3.3417680e+01
  -5.6446200e+01   1.0258935e-01
  -4.9757436e+01   5.9663180e+01
   2.6856126e+01  -8.6468999e+01
  -7.3919343e+01  -1.3348685e+01
   3.8682477e+01  -5.1987895e+01
  -5.4606376e+01   9.5916749e+01
  -6.6296391e+01   9.8889362e+01
  -4.1510785e+01   5.4123838e+01
  -7.4939839e+01   7.9707095e+01
  -3.9021572e+01   8.4530472e+01
   5.8301538e+01  -4.1690282e+01
  -6.3992313e+01   2.4229038e+01
  -8.0123881e+01  -5.7453890e+00
   3.7742184e+01  -3.3119686e+01
  -8.5095003e+01   6.2529700e+01
  -6.5917018e-02  -4.2780800e+01
   1.4152047e-01  -2.5261009e+01
   8.3468253e+01  -3.8118746e+01
  -8.2704277e+01   5.9006182e+00
   8.9672853e+01   3.1899361e+01
  -1.2257179e+00  -7.2851064e+00
  -7.8449077e+01  -6.2130971e+01
   9.9376224e+01   8.7781212e+01
   1.9603343e+01  -9.6706180e+00
   4.2113159e+01  -2.4180083e+01
  -9.3665764e+01  -4.2728087e+01
  -8.2344254e+01  -1.8420186e+01
   3.7895042e+01   1.7079509e+01
   5.2547417e+01   8.6123187e+01
   4.9965370e+01   3.7713847e+01
   8.2039905e+01  -1.5272439e+00
   6.3783517e+01  -5.2243815e+00
   6.5577255e+01   5.8146547e+01
  -1.6477802e+01  -9.8661755e+01
  -1.6171830e+01  -7.8536497e+01
   6.9167820e+01  -6.9675652e+01
  -4.5953394e+01  -5.9969670e+01
  -1.5116999e+01  -3.3475481e+01
  -4.8044681e+01  -2.2820871e+01
   9.8347217e+00   2.3297564e+01
   7.7104312e+01  -3.0580298e+01
   5.5731796e+01  -1.1031471e+01
   7.0331519e+01  -2.3352048e+01
  -2.7976188e+01   6.5838046e+00
  -5.1585373e+01   8.7849310e+00
   4.9424309e+01  -3.6811417e+01
  -7.5643971e+01   4.6222170e+01
  -3.0116041e+01   8.0010916e+01
   4.4938843e+00   4.8236650e+01
   3.8322208e+00   6.6877829e+01
   3.1951821e+00   3.0678201e+01
  -1.7737121e+01   6.4480297e+01
  -2.9626533e+01  -3.8663240e+00
  -3.3665051e+01   3.3943136e+01
  -3.5889268e+01   2.4252966e+01
  -6.8617361e+01   1.5456293e+01
  -2.7152584e+01   9.9904330e+01
   6.3290170e+01   4.6048445e+00
   4.2465515e+01   8.2411088e+00
   9.8060472e+01  -5.7932092e+01
   7.3132983e+01  -9.9405279e+01
   1.9064836e+01  -9.3186018e+01
   4.1888752e+01  -6.1404734e+01
  -9.5637840e+01  -7.1492367e+01
  -7.8541149e+01   1.4975308e+01
  -4.0921789e+01   4.0712399e+01
  -4.8923896e+01   8.5837443e+01
   4.6589372e+01  -1.4929673e+01
  -8.2245591e+01   8.9674005e+01
  -1.9253915e+01   8.1928741e+01
  -5.6727430e+01   5.2598187e+01
  -7.2307872e+01   9.0759939e+01
  -9.4859167e+01   3.3714177e+01
  -5.0003395e+01   6.9589868e+01
   3.6958287e+01   6.6875890e+01
  -4.2879804e+01  -8.5224174e+01
   2.8297630e+01  -5.0295325e+01
  -4.3229645e+01   3.1011922e+01
  -5.2408624e+01   2.7075735e+01
   1.9007726e+01  -2.0499328e+01
   1.0139339e+01  -4.2550609e+01
   2.2294734e+01   9.0118114e+01
   8.8179790e+01  -5.6886159e+01
   1.5994219e+01  -5.0617227e+01
   1.7402415e+01  -8.3342646e+01
   6.6394564e+01  -4.7360329e+01
   5.8201184e+01  -5.2890898e+01
  -6.5432579e+01  -5.5682643e+01
   3.8006777e+01  -8.8432829e+01
  -7.1691231e+01  -8.0240271e+01
  -6.2131728e+01  -8.5345968e+01
  -9.1435544e+01  -1.4610652e+01
  -8.1601310e+01  -8.1504694e+01
   7.3810021e+01  -4.0695903e+01
   8.4259803e+01  -4.7907520e+01
  -9.3453581e+01   7.4749998e+01
  -7.9584252e+01   7.0861079e+01
  -6.3996353e+01  -6.5517649e+01
   5.7035548e+01   7.6975270e+01
   2.2327342e+01  -5.8292966e+01
  -8.8432904e+01   1.6231210e+01
  -5.3263716e+01  -7.7865304e+01
  -6.4258290e+01  -3.8592270e+01
   3.5284355e+01   5.6471537e+01
   1.4274159e+01   5.0025673e+01
   1.7466645e+01   6.4692275e+01
   2.3747062e+01   9.1450327e+00
   3.2922951e+01   5.2883625e+00
   1.9731721e+01   2.2923667e+01
  -1.5176108e+00   7.5304871e+00
   7.4157113e+01   7.0527246e+01
   7.7740273e+01   7.9851959e+01
   6.2525766e+01   8.6260595e+01
   9.7379483e+00  -8.3116122e+00
  -7.2206553e+00  -1.5271306e+01
   9.8360018e+01   9.8815156e+01
   5.2023015e+01  -2.3221530e+01
  -9.7758789e+00  -4.1826351e+01
   4.8113951e+00  -3.4105480e+01
   1.0102039e+01  -2.5427014e+01
  -8.2689756e+01  -7.1564806e+01
   9.0220061e+01   6.3570596e+01
  -8.9032095e+01  -6.3834352e+01
   9.8861494e+01   1.7275252e+01
   1.5238751e+01   3.9329117e+00
   7.7945869e+01   5.3126608e+01
   6.3386990e+01   1.4373615e+01
   4.7327598e+01   9.9462244e+01
   2.7155749e+01   6.8828125e+01
   3.3290575e+01   8.7807976e+01
   7.2240770e+01   2.7502368e-01
   5.6561789e+01   9.5414938e+01
   1.8943012e+01   7.4522325e+01
   6.0243923e+01   4.4186246e+01
  -2.7136146e+01  -6.7181124e+01
  -4.3219072e+01  -7.1765764e+01
   8.9166125e+01   1.4909606e+01
  -6.1403049e+00  -5.1106670e+01
  -3.0861642e+01  -2.2840897e+01
   5.5407937e+01   2.5367116e+01
  -2.4907351e+01  -3.8901750e+01
  -5.4678346e+01  -2.8254992e+01
  -5.4294748e+01  -6.7917861e+01
  -5.0960190e+00   7.9627793e+01
   9.3242251e+01  -4.3677607e+01
   5.2662664e+00   1.4574550e+01
  -8.5051382e+01   4.2851887e+01
  -6.1137799e+00   6.7049197e+01
  -2.1858606e+00   3.9175286e+01
   1.5133571e+01   3.1682012e+01
  -7.0031725e+01   3.3047080e+01
  -1.7117318e+00   2.1689551e+01
  -5.4162185e+00   4.8612879e+01
  -1.5275399e+01   4.9412859e+01
  -1.1851570e+01  -2.4076255e+01
  -2.2939182e+01  -1.1068101e+01
  -9.4054936e+01  -9.0298536e+01
   4.4330700e+01  -8.0687981e+01
   5.4987847e+01  -7.3950532e+01
   4.1580816e+00   9.9459262e+01
  -3.3903869e+01   4.7775645e+01
  -2.6025807e+01   2.5766859e+01
   9.8088463e+01  -8.6938546e+01
  -3.2468936e+01  -1.3319590e+01
  -5.8225488e+01   1.6136134e+01
   8.2029613e+01  -9.4859956e+01
  -4.9459113e+01  -9.7747375e+00
   6.7916509e+01  -8.8887588e+01
  -4.0796488e+01   6.4073936e+01
   2.8795731e+01  -9.6252008e+01
  -4.1713336e+01  -1.6249787e+01
  -5.9805506e+01  -9.0773942e+00
  -7.2810852e+01   4.1242905e+00
  -6.8713620e+01  -4.9036718e+00
  -8.3866075e+01   2.5122602e+01
   3.6285938e+01   9.7337855e+01
  -3.4959934e+01   9.3661591e+01
  -2.3228742e+01   7.2785381e+01
  -2.6034319e+01   8.9225387e+01
  -4.1538457e+01   7.4864874e+01
   4.7712221e+01  -5.0666106e+00
  -1.6542932e+01   2.8879848e+01
  -3.7018469e+01   2.6170268e+00
  -6.6433945e+01   5.0080729e+01
  -4.6631811e+01   2.1175305e-01
  -8.9396868e+01   9.9531508e+01
  -2.6150434e+01  -9.6126697e+01
  -7.7966877e+01   9.9002949e+01
  -4.8538766e+01   4.7044487e+01
  -1.8138136e+01   9.5352042e+01
   1.0494195e+01  -7.3635656e+01
  -5.5200909e+01   7.8078321e+01
   3.1435592e+01  -4.0855089e+01
   5.7704373e+01  -3.1346842e+01
  -1.5756946e+01  -6.7669818e+01
  -7.6455871e+00  -7.3448705e+01
  -2.2940787e+01  -8.6382008e+01
  -3.2796259e+01  -8.7882712e+01
  -6.2376747e+01   8.9644838e+01
  -6.0086120e+01   3.3303456e+01
  -4.5880566e+01  -9.5349252e+01
   2.7409950e+01  -3.1752638e+01
  -4.4627301e+01   9.6113658e+01
   2.0393444e+01  -7.3862429e+01
  -4.1041062e+00  -8.5714374e+01
   5.1687933e+01  -6.0341839e+01
   4.1257932e+01  -4.2433068e+01
   3.2171090e+01  -5.9469924e+01
   2.1562106e+01  -4.2323748e+01
   2.6460583e+01   9.9207200e+01
   5.0001467e+01  -4.7216703e+01
  -7.0850126e+01  -9.0200459e+01
  -1.3420971e+01  -8.9160301e+01
   8.5983471e+01  -2.6042622e+01
  -9.8872126e+01  -6.2032300e+01
  -9.7701769e+01   5.5082637e+01
  -5.8846369e+01  -9.5815115e+01
  -7.7159976e+01   5.6217348e+01
   2.8887284e+01  -2.1906408e+01
  -9.1556133e+01  -8.0617692e+01
   5.1477043e+01   6.8664649e+01
  -9.1902205e+01   8.7077391e+01
  -9.4820214e+01   6.4847014e+01
  -7.2188484e+01  -3.3635442e+01
  -5.9765758e+01  -4.7507523e+01
  -9.8248434e+01   1.2886986e+01
  -2.4206900e+01  -2.9690797e+01
  -7.9365359e+00   1.1763471e-01
  -7.9799724e+01  -2.7858148e+01
   8.1139337e+01   8.9246876e+01
   8.0307246e+01   6.2757771e+01
   9.0579656e+01   9.2535397e+01
   6.6967098e+01   7.7346645e+01
   6.8148077e+01   9.4509866e+01
   8.2729442e+00  -5.6962175e+01
   3.7900116e+01  -3.3486405e+00
   3.6734569e+01  -1.5804137e+01
   9.8528893e+01   2.7265568e+01
   9.9514331e+01   6.7182796e+01
  -7.5005120e+01  -5.2939708e+01
  -8.3677799e+01  -4.3217093e+01
   9.7016328e+01  -2.4903342e+01
   9.0821814e+01  -6.2738941e+00
  -9.8719169e+01  -2.1335084e+01
   7.2824744e+01   1.7617039e+01
   6.5109926e+01   2.3954094e+01
   2.7988421e+01   3.8255646e+01
   7.8942539e+01  -1.1032348e+01
   2.8340156e+01   2.8010923e+01
   4.3447323e+01   9.0245916e+01
   8.5031507e+01   4.6141861e+01
   4.0030740e+01   3.8779309e+01
   3.7241330e+01   7.8621777e+01
   3.3818813e+01   4.6586138e+01
   1.8397875e+01   4.1005706e+01
   4.5049102e+01   6.1005252e+01
   6.9037339e+01   4.8766366e+01
   5.0943619e+01   4.7738173e+01
   4.7041985e+01   2.0401361e+01
  -3.9669644e+01  -2.6637411e+01
  -5.9311506e+00  -6.1174531e+01
  -9.2618591e+01   4.7094401e+00
   8.1912713e+01   2.1720992e+01
   6.3276615e+01  -9.7814426e+01
   3.8649138e+01  -7.0757003e+01
  -3.6657617e+01  -6.4507688e+01
   8.5962423e+01  -6.6405904e+01
   7.7593734e+01  -6.1183668e+01
   4.1456043e+01  -9.7749352e+01
  -2.4666702e+01  -5.3191861e+01
  -5.6210341e+01  -3.6632274e+01
