   3.6732771e+01  -3.1743269e+01
   5.5073692e+01   7.7632673e+01
   4.6274629e+01   5.0911890e+01
  -7.7480571e+01   4.2569311e+01
  -1.4932790e+01   7.4908977e+01
   6.6376132e+01  -6.6645699e+00
  -5.1274917e+01  -7.4880694e+00
   9.8300941e+01   4.2925674e+01
  -3.1535680e+01  -5.6373599e+01
  -3.9524603e+01   1.9430223e+01
  -1.9649129e+01   3.6501193e+01
  -7.2003946e+01  -7.6628683e+01
  -4.8432222e+01  -8.3208491e+01
  -5.2972422e+01   3.9576399e+01
  -3.5582794e+00  -2.6552083e+01
  -8.5446737e+01  -8.3280900e+01
  -6.8489506e+01  -3.1999689e+01
  -9.1879482e+00   5.2871179e+01
   3.8517108e+01   2.8170614e+01
   4.3631159e+01   6.9286466e+01
  -4.8778750e+01  -6.1606170e+01
  -6.9969291e+00  -1.4112170e+00
  -7.7590680e+01  -6.3455596e+01
   6.7744084e+01   1.6106056e+01
   4.9707972e+01   9.9510148e+01
  -6.3100352e-01   4.7708689e+01
  -2.8446451e+01   4.1011119e+01
  -5.0909306e+01   1.0432894e+01
  -4.1118028e+01   6.3939032e+01
   6.8325606e+01   4.8431589e+01
  -6.4833080e+01   3.2670583e+01
   5.0560303e+01  -6.0131637e+01
  -6.0174439e+01  -2.7057434e+01
  -3.1166322e+01   6.4128588e+01
   5.2215610e+01  -1.5386340e+01
   2.4931816e+01  -2.0896603e+01
   2.8747750e+01   5.7521411e+01
  -1.0511711e+01  -5.2346504e+01
  -3.9784049e+01  -7.8384120e+01
  -5.7989014e+01  -8.0533467e+01
   4.5867664e+00   7.8692990e+01
  -9.0255751e+01  -9.1502132e+01
   9.0989214e+00  -1.2328278e+01
   8.8588566e+01   5.3233153e+01
  -5.8364261e+01  -5.1407949e+01
   7.7579720e+01   1.0240515e+01
   8.6217046e+01   2.5124326e+01
   6.6395453e+01   9.3963358e+01
   3.0839171e+01   7.6752390e+01
  -9.2202182e+01  -3.5496889e+01
  -9.8825361e+01  -6.7778822e+00
   8.4231218e+01  -1.2755866e+01
   6.1538920e+00   2.8486606e+01
  -3.4678851e+01  -8.6063615e-01
  -5.2949988e+01   2.0183080e+01
  -4.6601659e+01   4.8847581e+01
  -5.0758086e+01   5.7885600e+01
   4.8498641e+01   2.8724924e+01
  -4.3327999e+01   3.6936892e+01
   5.6270534e+01   5.0669979e+01
  -8.3411569e+01   1.5863696e+01
   3.3390777e+01  -4.7553824e+01
   5.4441566e+01  -5.1147825e+01
  -4.5008576e+01  -1.7257020e+01
  -5.4986626e+01  -1.6772938e+01
  -7.6356638e+01  -1.7903304e+01
   6.1509025e+01   1.9889673e+00
  -2.4087514e+01   7.1079924e+01
   3.7694438e+01  -1.3862117e+00
   6.4266751e+01  -3.6155039e+01
  -1.0140317e+00  -4.6479056e+01
   5.4195461e+00  -3.3559441e+01
  -8.0579911e+01  -4.0515508e+01
   3.9852372e+01   6.0027702e+01
  -3.2383027e+01  -3.6265699e+01
  -3.2361745e+01  -6.9090497e+01
   4.2556123e+01   4.1635172e+01
   5.2788014e+01  -3.9063904e+01
  -5.1720738e+01  -9.7938242e+01
  -2.1446967e+01   8.7506012e+01
  -5.2689255e+00   7.7223657e+01
  -9.7066516e+01  -6.7975343e+01
   7.3996722e+00   4.2309031e+00
   2.8337951e+01  -7.8373220e+00
  -8.7513999e+01  -6.2626105e+01
   9.8576903e+01   5.2922641e+01
  -1.3502372e+01  -9.9009440e+01
   7.1496778e+01   5.7905270e+01
  -6.3426042e+01  -4.3821144e+01
  -5.9024099e+01  -7.0426704e+01
  -5.0200973e+01  -7.4274912e+01
  -6.7091890e+01  -5.7269079e+01
   8.7733934e+01   4.4979877e+00
   9.8286932e+01   2.9188370e+00
   8.6040103e+01   1.5259691e+01
   9.2791174e+01  -5.4091237e+00
   4.9014834e+01   8.5641367e+01
   5.6549225e+01   9.2216510e+01
   3.2506352e+01   6.6812413e+01
   2.2511262e+01   6.7122847e+01
   8.1333071e+01  -3.1850402e+00
   9.5983286e+01  -1.4856752e+01
   2.9897239e+01   9.5709384e+01
  -3.5987507e+00   3.0590605e+01
  -1.8466246e+01   5.6590755e+01
   1.0278980e+01   4.4818832e+01
  -3.3819823e+01   2.7640284e+01
  -2.7137485e+01   5.3812365e+00
  -5.5313042e+01   2.9867086e+01
  -2.9326192e+01   1.8445246e+01
  -4.5713281e+01   2.7238924e+01
  -6.8798593e+01   5.0505198e+01
   3.3730554e+01   3.6948067e+01
  -6.3042945e+01   4.2382193e+01
   5.7804313e+01   2.1378363e+01
  -4.5699675e+01   7.6536531e+01
   5.1903693e+01   3.8115381e+01
   6.1579560e+01   5.9141232e+01
  -6.4983255e+01   2.2749152e+01
  -9.4372772e+01   3.5988453e+01
  -8.3484034e+01   5.3750757e+01
   7.1296755e+01   2.7020989e+00
  -8.1504434e+01   2.5635079e+01
   1.8872043e+01  -4.8121054e+01
  -6.1083358e+01  -6.6429813e+00
  -3.8428276e+01   8.3317807e+01
   6.4158672e+01  -5.0517518e+01
  -1.0395073e+01   6.5799527e+01
   3.5859734e+01  -5.7667583e+01
  -5.5555369e+01   1.6215643e+00
  -6.6533144e+01  -1.9473387e+01
  -4.1440842e+01  -7.9833798e+00
  -7.9739323e+01  -7.2175969e+00
   8.0003462e+01  -2.1901940e+01
  -9.4046519e+01  -2.5889113e+01
   4.2217030e+01  -1.5785783e+01
   5.1821277e+01   4.0331194e+00
   5.2209864e+01  -3.0721759e+01
  -3.6991155e+00  -3.6467631e+01
   5.4234495e+00  -2.2405379e+01
   1.4336209e+01  -3.0722545e+01
  -3.8913629e+00  -6.7732320e+01
  -2.9907606e+01  -7.8714433e+01
   4.9849684e+01   6.0245866e+01
  -9.1012515e+01  -5.3531498e+01
  -2.5458216e+01  -6.1945173e+01
  -2.1703105e+01  -3.9076586e+01
  -4.2171975e+01  -6.8800604e+01
   2.6196932e+01  -4.0951424e+01
  -4.1942595e+01  -9.8303992e+01
   3.6277566e+01   5.0688613e+01
  -8.1191082e+01  -7.2970192e+01
  -2.2190475e+01  -7.0862008e+01
  -1.1797132e+01   8.4889273e+01
  -7.6902378e+01  -8.6486366e+01
  -8.1091837e+01  -9.5572518e+01
  -2.0746956e+00   8.7225114e+01
  -6.4922579e+01  -9.0807526e+01
   8.7573620e+01   4.3308826e+01
   8.1260730e+01   6.0016949e+01
   2.3596503e+00  -4.9402992e+00
  -3.5507568e+00  -9.8026919e+01
   1.9201083e+01  -1.1822822e+01
   1.3866639e+01  -3.3891876e+00
   7.9118688e+01   4.9423467e+01
   1.5177202e+01  -2.0892937e+01
  -9.9434207e+01  -7.7767147e+01
  -5.8076420e+01  -6.0821962e+01
  -5.7257535e+01  -3.6478163e+01
   8.4121764e+00  -4.3140405e+01
  -9.9327026e+01  -5.8366175e+01
   7.6888828e+01   2.0152000e+01
   9.6060729e+01   2.3542932e+01
   9.0868180e+01   3.3905995e+01
   5.6472279e+01   6.7734302e+01
   4.1490543e+01   7.9054661e+01
   6.2701166e+01   8.4098147e+01
   1.5811687e+01   7.4546795e+01
  -9.7323410e+01  -1.6590405e+01
   8.9755675e+01  -2.2583611e+01
   3.9804409e+01   9.4349975e+01
   2.2801537e+01   8.8663036e+01
  -1.6283694e+00   2.0794614e+01
  -2.6645014e+01   5.0842905e+01
  -1.6368226e+01   4.5922003e+01
  -3.7473390e+01   4.5037065e+01
  -1.3378086e+01   2.8860217e+01
  -8.1955005e+00   4.0024701e+01
  -2.3840579e+01   2.7006202e+01
   2.7200961e+00   3.8296356e+01
  -6.8403883e+01  -6.7301850e+01
  -3.5909172e+01   1.0136170e+01
  -3.1874185e+01  -1.0759004e+01
  -4.3551606e+01   3.6945929e+00
  -6.1146683e+01   1.3556945e+01
  -5.0305050e+01   6.7780130e+01
   2.7971211e+01   4.5120841e+01
  -3.5636195e+01   5.5216591e+01
   3.4077040e+01   1.9212181e+01
  -5.6500961e+01   4.9794370e+01
   4.7743761e+01   1.8759413e+01
  -5.4125414e+01   8.1898475e+01
   6.1375109e+01   4.1259084e+01
  -9.2952952e+01   2.5113233e+01
  -7.4736612e+01   3.2961298e+01
   5.8869857e+01   1.1502286e+01
  -8.7435076e+01   4.4602601e+01
  -9.6719155e+01   4.8237982e+01
   2.6450098e+01  -5.4616185e+01
  -7.3465841e+01   1.4680133e+01
  -7.0252796e+01  -1.0143231e+01
   6.2326114e+01  -6.0496108e+01
  -2.2186020e+00   6.0039983e+01
   4.2143549e+01  -6.5341086e+01
  -5.0447286e+01  -2.5889958e+01
   4.2345563e+01  -5.1324937e+01
  -2.8228784e+01   8.0162934e+01
  -6.5326333e+01   3.8645609e+00
  -8.7127705e+01  -1.3943423e+01
  -8.9205509e+01  -4.1241479e+00
   7.0945310e+01  -1.8635022e+01
   4.5876350e+01  -6.8572565e+00
  -3.5577849e+01   7.3378916e+01
  -8.4380185e+01  -2.3654919e+01
  -9.8494043e+01  -4.3368724e+01
   5.5590096e+01  -5.8668178e+00
  -1.2007777e+01  -6.2054557e+01
  -1.2407022e+01  -2.2036237e+01
   7.0811200e+01  -2.8611477e+01
   2.3163450e+01  -3.1769768e+01
   9.5552573e+01   1.2499315e+01
   4.2464872e+01   7.3845569e+00
  -1.1456583e+01  -4.2337860e+01
  -8.4435828e+01   3.5140045e+01
  -2.3006521e+01  -8.5835352e+01
   6.1896838e+01  -1.5496314e+01
   4.6311996e+01  -2.4126665e+01
   6.0746744e+01  -2.6723310e+01
  -1.9443200e+01  -4.8626892e+01
  -3.9861201e+01  -5.9167887e+01
  -7.1784872e+01  -4.0990965e+01
  -8.8768592e+01  -4.4533883e+01
  -5.5414653e+01  -8.9582093e+01
   4.7155183e+01  -4.4722259e+01
  -9.0386434e+01  -7.5952851e+01
  -2.8963661e+01  -4.4030063e+01
  -4.2074444e+01  -8.9278342e+01
  -3.1911431e+01  -4.9965470e+01
   3.0354527e+01  -2.7916528e+01
