   4.0507795e+01   1.3416515e+01
   3.2602041e+01  -1.2337511e+01
  -2.0680129e+01  -1.9952432e+01
   3.4579804e+00   2.0642664e+01
   6.2940278e+00  -3.5093954e+01
   9.7690117e+00   1.1305476e+01
   5.4565970e+00  -2.5129409e+01
   2.5260922e+01  -5.5472365e+00
   6.0239081e+00   2.0338859e+00
   2.9264704e+01   4.5790460e+01
  -3.8617570e+01   1.1951029e+01
  -1.4526522e+01   2.9331275e+01
   4.2260557e+01  -2.7399112e+01
  -3.2984314e+00  -2.0297713e+01
  -1.5877582e+01  -4.1302884e+01
  -6.0593754e+00  -5.9619209e+01
  -2.5581414e+01  -3.8739547e+01
  -2.9099945e+01   8.8828194e+00
  -4.1864747e+01  -6.2740413e+00
  -1.4372847e+01  -9.8686414e-01
   4.7304258e+00   3.3928264e+01
   3.5699965e+01   4.6481726e+00
  -2.2002723e+01   3.5972513e+01
   2.3850028e+01  -3.5186317e+01
  -4.6126674e+01   4.9354429e+00
   6.9233521e+00  -4.5073885e+01
  -3.6590409e+01  -1.4769851e+01
  -4.8650956e+01  -3.0451322e+01
   4.6832285e+01   2.8130486e+01
  -2.5104224e+01  -2.8409414e-01
   1.6023232e+01   1.9301704e+00
  -5.9006013e+00   5.0180850e+01
   5.1766097e+01  -1.4372606e+01
   2.8167580e+01   2.3207037e+01
   1.4283010e+01   3.6885963e+01
   3.4800162e+01   3.2554744e+01
   2.7748541e+01  -4.4395066e+01
   2.2841627e+01  -1.5250066e+01
   4.2210509e+01  -1.7320611e+01
   1.5113335e+01  -3.0321129e+01
   5.7194511e+00  -1.5133093e+01
  -1.1959079e+01  -2.5296828e+01
  -1.1205174e+01  -5.0144173e+01
  -5.1476110e+01  -3.5134151e+00
  -4.8631012e+01   1.4616747e+01
  -3.0713623e+01   1.8751567e+01
   1.3019700e+01  -5.3000571e+01
   1.6386689e+01  -4.1842009e+01
  -2.0809608e+01  -2.9951570e+01
   5.7462889e+01   1.2815896e+01
  -7.9284395e+00  -1.1434438e+01
   3.8167309e+01   2.3138715e+01
  -4.3783121e+01  -2.1716508e+01
   3.0140949e+01   1.3403738e+01
   1.3457790e+01   2.0599695e+01
   3.9116068e+01  -4.7502105e+00
  -1.7708353e+01   5.0965218e+01
   7.4501052e-01  -6.4584637e+00
   6.5024513e+01  -1.0993598e-01
   1.6095962e+01   5.6558529e+01
  -3.2254223e+01   3.8061224e+01
  -2.3594910e-01   1.1349958e+01
   2.5604731e+01   3.6484494e+01
   1.1571014e+01  -7.0239666e+00
   1.9351245e+01   4.7103207e+01
   3.3422391e+01  -3.2293255e+01
   2.7631960e+01  -5.4394373e+01
   1.4245251e+01  -2.0358909e+01
  -2.3353496e+01  -5.4859267e+01
   2.3962533e+01  -2.5186993e+01
  -5.0483227e+00  -4.0594326e+01
   3.3534885e+01  -2.2293894e+01
  -4.1423959e+01   2.1549146e+01
  -5.7378722e+01   1.9462087e+01
  -5.8700123e+01  -1.0570967e+01
  -3.6515448e+01   2.1744800e+00
  -4.9057658e+01  -1.3220745e+01
  -1.7869501e+01  -1.0355565e+01
  -3.5104337e+00  -3.0713288e+01
  -1.2310198e+00  -5.0862149e+01
  -2.9957121e+01  -2.3685705e+01
  -2.7858484e+01  -9.8971442e+00
   7.4590785e+00  -6.1311956e+01
   4.5697449e+01   4.8685764e+00
  -5.3925603e+01  -2.1955741e+01
   4.9172801e+01   1.8408245e+01
  -3.3790093e+01  -3.2921955e+01
  -3.0226244e+01  -4.7595319e+01
  -5.3103804e+00   2.5450379e+01
   1.9703939e+01   1.2444189e+01
   2.5702212e+01   4.4429348e+00
  -1.0599704e+01   5.9007992e+01
   1.9652076e+01   2.8449615e+01
   5.5522389e+01   3.0059828e+00
  -5.2795438e+00   3.5450319e+01
   7.6645703e+00   5.1168595e+01
   4.9116037e+01  -4.7301402e+00
  -4.9020687e+00   2.2231505e+00
  -2.4016068e+01   2.6177299e+01
  -3.3963883e+01   2.8208507e+01
   1.4144249e+00   4.3362464e+01
   3.9155793e+01   4.7261993e+01
  -1.2349982e+01   4.2522008e+01
