   3.3310000e+03
   3.6090000e+03
   3.6850000e+03
   3.1190000e+03
   3.5890000e+03
   3.6430000e+03
   3.1910000e+03
   3.4910000e+03
   3.1350000e+03
   3.4510000e+03
   3.2250000e+03
   3.3750000e+03
   3.3050000e+03
   3.5390000e+03
   3.4010000e+03
   3.6410000e+03
   3.1090000e+03
   3.4470000e+03
   3.5150000e+03
   3.1270000e+03
   3.1490000e+03
   3.1930000e+03
   3.2170000e+03
   3.3170000e+03
   3.5650000e+03
   3.2610000e+03
   3.0950000e+03
   3.6190000e+03
   3.4030000e+03
   3.3630000e+03
   3.3670000e+03
   3.1210000e+03
   3.4710000e+03
   3.4410000e+03
   3.1810000e+03
   3.1710000e+03
   3.3830000e+03
   3.3770000e+03
   3.5050000e+03
   3.2110000e+03
   3.2570000e+03
   3.5110000e+03
   3.5710000e+03
   3.2450000e+03
   3.6290000e+03
   3.5370000e+03
   3.4970000e+03
   3.6330000e+03
   3.3890000e+03
   3.6890000e+03
   3.3610000e+03
   3.3710000e+03
   3.3990000e+03
   3.5190000e+03
   3.4850000e+03
   3.4270000e+03
   3.5210000e+03
   3.1010000e+03
   3.1030000e+03
   3.4150000e+03
   3.1390000e+03
   3.4690000e+03
   3.3330000e+03
   3.5330000e+03
   3.4630000e+03
   3.2730000e+03
   3.5310000e+03
   3.5930000e+03
   3.5570000e+03
   3.2370000e+03
   3.1830000e+03
   3.3210000e+03
   3.6050000e+03
   3.6210000e+03
   3.3530000e+03
   3.6630000e+03
   3.2510000e+03
   3.2010000e+03
   3.6610000e+03
   3.3270000e+03
   3.1050000e+03
   3.6570000e+03
   3.3450000e+03
   3.1790000e+03
   3.1130000e+03
   3.2950000e+03
   3.1530000e+03
   3.3730000e+03
   3.1450000e+03
   3.2390000e+03
   3.3970000e+03
   3.0990000e+03
   3.4190000e+03
   3.4070000e+03
   3.3230000e+03
   3.1870000e+03
   3.4290000e+03
   3.3850000e+03
   3.1410000e+03
   3.1170000e+03
   3.1950000e+03
   3.1290000e+03
   3.4530000e+03
   3.4930000e+03
   3.5590000e+03
   3.3190000e+03
   3.4350000e+03
   3.4670000e+03
   3.4450000e+03
   3.4730000e+03
   3.5250000e+03
   3.4810000e+03
   3.3870000e+03
   3.4750000e+03
   3.3790000e+03
   3.4950000e+03
   3.2030000e+03
   3.5070000e+03
   3.5130000e+03
   3.5030000e+03
   3.5850000e+03
   3.5170000e+03
   3.5350000e+03
   3.5670000e+03
   3.4210000e+03
   3.5530000e+03
   3.2590000e+03
   3.3250000e+03
   3.5690000e+03
   3.6450000e+03
   3.6550000e+03
   3.5910000e+03
   3.2770000e+03
   3.2790000e+03
   3.5750000e+03
   3.6530000e+03
   3.6310000e+03
   3.3430000e+03
   3.6350000e+03
   3.6710000e+03
   3.4230000e+03
   3.4250000e+03
   3.3490000e+03
   3.3810000e+03
   3.6810000e+03
   3.4050000e+03
   3.6950000e+03
   3.4090000e+03
   3.4370000e+03
   3.0940000e+03
   3.4130000e+03
   3.0980000e+03
   3.4430000e+03
   3.4170000e+03
   3.1040000e+03
   3.1080000e+03
   3.1100000e+03
   3.1120000e+03
   3.1180000e+03
   3.4390000e+03
   3.1220000e+03
   3.4770000e+03
   3.1280000e+03
   3.1300000e+03
   3.4590000e+03
   3.1340000e+03
   3.1380000e+03
   3.4550000e+03
   3.1440000e+03
   3.1480000e+03
   3.4650000e+03
   3.1540000e+03
   3.6590000e+03
   3.6230000e+03
   3.4830000e+03
   3.1700000e+03
   3.1720000e+03
   3.1740000e+03
   3.5270000e+03
   3.4870000e+03
   3.6930000e+03
   3.1820000e+03
   3.5630000e+03
   3.4990000e+03
   3.4890000e+03
   3.1900000e+03
   3.1920000e+03
   3.1940000e+03
   3.5870000e+03
   3.1980000e+03
   3.6170000e+03
   3.5010000e+03
   3.5770000e+03
   3.2080000e+03
   3.2100000e+03
   3.5090000e+03
   3.2160000e+03
   3.2180000e+03
   3.2220000e+03
   3.2240000e+03
   3.5410000e+03
   3.5790000e+03
   3.2360000e+03
   3.2380000e+03
   3.5470000e+03
   3.5550000e+03
   3.5610000e+03
   3.6470000e+03
   3.6750000e+03
   3.2540000e+03
   3.2560000e+03
   3.5810000e+03
   3.5830000e+03
   3.5990000e+03
   3.2720000e+03
   3.6010000e+03
   3.2780000e+03
   3.6270000e+03
   3.6110000e+03
   3.2940000e+03
   3.6250000e+03
   3.6130000e+03
   3.3040000e+03
   3.3060000e+03
   3.6730000e+03
   3.6490000e+03
   3.6510000e+03
   3.3200000e+03
   3.3220000e+03
   3.6390000e+03
   3.3260000e+03
   3.3280000e+03
   3.3300000e+03
   3.3320000e+03
   3.3360000e+03
   3.3400000e+03
   3.3420000e+03
   3.3440000e+03
   3.3460000e+03
   3.3480000e+03
   3.6830000e+03
   3.3540000e+03
   3.3600000e+03
   3.6790000e+03
   3.3660000e+03
   3.3680000e+03
   3.3700000e+03
   3.6870000e+03
   3.3740000e+03
   3.3760000e+03
   3.3780000e+03
   3.6910000e+03
   3.3820000e+03
   3.3840000e+03
   3.3860000e+03
   3.3960000e+03
   3.4000000e+03
   3.4020000e+03
   3.4040000e+03
   3.4060000e+03
   3.4080000e+03
   3.4120000e+03
   3.4140000e+03
   3.4160000e+03
   3.4200000e+03
   3.4220000e+03
   3.4240000e+03
   3.4280000e+03
   3.4300000e+03
   3.4340000e+03
   3.4360000e+03
   3.4380000e+03
   3.4400000e+03
   3.4420000e+03
   3.4440000e+03
   3.4460000e+03
   3.4480000e+03
   3.4500000e+03
   3.4520000e+03
   3.4540000e+03
   3.4580000e+03
   3.4620000e+03
   3.4640000e+03
   3.4660000e+03
   3.4680000e+03
   3.4700000e+03
   3.4720000e+03
   3.4740000e+03
   3.4760000e+03
   3.4780000e+03
   3.4800000e+03
   3.4840000e+03
   3.4860000e+03
   3.4920000e+03
   3.4940000e+03
   3.4960000e+03
   3.4980000e+03
   3.5000000e+03
   3.5020000e+03
   3.5040000e+03
   3.5080000e+03
   3.5100000e+03
   3.5120000e+03
   3.5140000e+03
   3.5160000e+03
   3.5180000e+03
   3.5200000e+03
   3.5220000e+03
   3.5240000e+03
   3.5260000e+03
   3.5280000e+03
   3.5300000e+03
   3.5320000e+03
   3.5340000e+03
   3.5360000e+03
   3.5380000e+03
   3.5400000e+03
   3.5440000e+03
   3.5480000e+03
   3.5520000e+03
   3.5540000e+03
   3.5560000e+03
   3.5600000e+03
   3.5620000e+03
   3.5640000e+03
   3.5660000e+03
   3.5680000e+03
   3.5700000e+03
   3.5720000e+03
   3.5740000e+03
   3.5760000e+03
   3.5780000e+03
   3.5800000e+03
   3.5820000e+03
   3.5840000e+03
   3.5860000e+03
   3.5880000e+03
   3.5920000e+03
   3.5940000e+03
   3.5960000e+03
   3.5980000e+03
   3.6000000e+03
   3.6060000e+03
   3.6080000e+03
   3.6100000e+03
   3.6120000e+03
   3.6140000e+03
   3.6160000e+03
   3.6180000e+03
   3.6200000e+03
   3.6220000e+03
   3.6240000e+03
   3.6280000e+03
   3.6300000e+03
   3.6320000e+03
   3.6340000e+03
   3.6360000e+03
   3.6380000e+03
   3.6400000e+03
   3.6420000e+03
   3.6440000e+03
   3.6460000e+03
   3.6480000e+03
   3.6500000e+03
   3.6520000e+03
   3.6560000e+03
   3.6580000e+03
   3.6600000e+03
   3.6640000e+03
   3.6660000e+03
   3.6680000e+03
   3.6700000e+03
   3.6720000e+03
   3.6740000e+03
   3.6780000e+03
   3.6800000e+03
   3.6820000e+03
   3.6840000e+03
   3.6860000e+03
   3.6900000e+03
   3.6920000e+03
   3.6940000e+03
