   3.2467868e+01   6.3972141e+01
   6.2491030e+01  -4.2767413e+01
  -1.0719975e+01  -4.6232603e+01
   2.6210551e+00  -6.3175587e+01
   2.5215008e+01   4.7453342e+01
  -8.3557059e+01  -5.6579300e+01
   4.0306447e+01   2.4791301e+01
   4.6211882e+00   8.7364573e+01
  -3.8560331e+01  -7.9381897e+01
   2.5475924e+01  -4.3623051e+01
  -6.1215426e+01   3.1581998e+01
  -7.4035909e+01  -5.7322130e-01
   6.0568688e+00  -5.0295059e+01
   1.8791591e+01  -9.0271516e+01
  -2.1408569e+01  -4.9041478e+01
   3.3301735e+01  -1.3669542e+01
  -5.7537722e+00   6.4901758e+01
   1.5838650e+01  -4.2899766e+00
   3.4557756e+01  -3.9451668e+01
   4.3726286e+01  -4.9810750e+01
   2.9680010e+01  -6.1735365e+01
  -5.4453350e+01  -4.8856552e+00
   8.5025017e+00  -8.4346262e+01
   6.9721480e+01   5.9803732e+00
  -5.4955434e+01  -2.1013153e+01
   5.4176130e+00   4.9114483e+01
  -2.1190769e+01   7.6183356e+01
   1.5441315e+01   5.9347042e+00
   8.5708003e+01  -2.1000260e+01
   4.7888191e+01   8.0119021e+01
   4.2129667e+01   5.0493910e+01
   5.1757440e+01   6.1094959e+01
   5.3246391e+01  -4.6915696e+01
   3.6389154e+01  -8.8599390e+01
  -9.0167260e+01   2.4356417e+01
  -7.2970626e+01   4.0254298e+01
  -6.8296396e+01  -1.9518396e+01
  -1.6891895e+01  -9.9575140e+01
   7.7747539e+00  -7.4893739e+01
  -5.0430279e+01   1.3173024e+01
   1.6136687e+01  -4.7193947e+01
   3.1379331e+01   1.7648960e+01
  -6.5340311e+01  -5.3472552e+01
   2.3910934e+01   8.4433131e+01
  -2.3856560e+01   5.7472913e+01
   6.9611279e+01  -3.3638872e+01
  -3.5600835e+01   5.1469218e+01
   1.2596447e+01   5.5917306e+01
   7.0988984e+00   3.0728324e+01
  -6.8012509e+00  -1.2936586e+01
   4.0562655e+01  -2.0482081e+01
   5.4330355e+01  -3.6993435e+01
   3.9388645e+01  -7.9081811e+01
  -4.7322941e+01  -9.5652302e+01
  -2.3061784e+01  -7.6856447e+01
  -2.7189880e+01   4.6308651e+01
  -6.0256466e+01   1.3547332e+01
  -6.3167640e+01   4.1480224e+01
  -7.4031772e+01   1.6418930e+01
  -8.0756679e+01   3.4078823e+01
  -6.8418678e+01   8.1315680e+00
  -8.2190174e+01  -9.1284023e+00
  -4.3538367e+01   1.9820363e+01
   5.3776079e+01  -6.8565090e+01
   9.8415941e+00  -2.0848409e+01
   7.7885889e+01   2.5694698e-01
   1.5276474e+01  -7.1444078e+01
  -1.4275993e+01  -5.5694158e+01
  -1.3934168e+01  -1.9757376e+01
  -7.3226768e+01  -7.7993371e+01
  -9.9295847e+00  -7.8997025e+01
  -1.3867861e+01   8.2883322e+01
   3.3746588e+01  -3.0137143e+00
  -3.6836394e+01   7.5548435e+01
  -1.1747870e+01   7.2903778e+01
   5.9596826e+01   2.9522998e+01
   2.2847191e+01   5.7168416e+01
   1.3369278e+01   6.5353228e+01
   4.8886693e+01  -2.5035606e+00
  -5.0539161e+00   5.2843386e+01
   9.1076867e+01  -1.2235512e+01
   8.8048023e+01  -3.0719620e+01
   6.1928288e+01  -9.0569378e+00
   1.9190728e+01   3.1244106e+01
   6.1700512e+01   6.2040758e+01
   3.4480426e+01   4.4116707e+01
   5.8391769e+01   1.4796850e-01
   3.6721522e+01  -2.9694947e+01
   3.3063586e+01  -5.0111169e+01
   2.3669115e+01  -5.3753409e+01
   7.2500982e+01  -4.3196186e+01
   3.4760921e+01  -7.0279001e+01
   4.6672037e+01  -3.0452707e+01
   5.9917123e+01  -2.8726707e+01
   4.6728301e+01  -8.5840690e+01
   5.2331537e+01  -5.6944176e+01
  -5.5181692e+01  -8.9487946e+01
  -2.3279003e+01  -9.1607272e+01
   1.7963581e+01  -3.7053314e+01
  -7.1549625e+01   3.0425763e+01
  -9.0690662e+01   3.4337940e+01
  -5.7005432e+01   2.2442230e+01
  -8.5326797e+01   1.5621325e+01
  -8.4979717e+01   4.3090114e+01
  -2.3777407e+01  -1.8595303e+01
  -9.2095852e+01  -7.6207607e+00
  -4.0946275e+01   9.1754101e+00
  -3.5015779e+00  -5.3174782e+01
  -6.4753008e+01  -3.9942425e+00
  -4.3983046e+01  -4.7382398e+00
  -6.0750831e+01  -1.2994950e+01
  -7.8875626e+01   8.0284339e+00
   4.0577324e+01   1.3754889e+01
   2.5480221e-01  -8.9090902e+01
   8.5663934e+00  -4.0677513e+01
   1.1388761e+01  -5.8585006e+01
  -6.0465611e+00   3.4817854e+01
  -8.5088547e+01   3.7665342e-01
  -1.1431832e+00  -4.3470659e+01
  -7.2698713e+00  -6.2353697e+01
  -1.2167391e+01   9.5149267e+01
   8.8210448e+01   4.2104982e+01
   2.4968290e+01  -7.1902748e+01
  -4.6081346e+00  -7.1108570e+01
  -6.3022879e+01  -8.3294857e+01
  -2.8097882e+01  -6.4254391e+01
  -7.0807361e+00  -2.6916129e+01
   2.6798481e+01  -2.1143780e+01
   2.0058293e+01  -6.3159017e+01
  -6.6374218e+01   2.2161774e+01
  -3.5844569e+01  -7.0080719e+01
  -3.5826944e+01  -5.6865145e+01
   2.4310257e+01   1.5856538e+00
   4.1409312e+01   3.8081615e+00
  -3.7611455e+01   8.5509878e+01
  -1.3863760e+01  -9.0419445e+01
  -2.7781534e+01   8.3692126e+01
   6.1597771e+01  -6.2407803e+01
  -7.5639026e+01  -4.1295800e+01
   4.9599620e+01   2.8483994e+01
   3.7931225e+00   6.8205287e+01
  -1.4085637e+01  -7.2182022e+01
   4.7467554e+01   7.0114133e+01
   1.3980940e+01   8.4073518e+01
  -7.3831006e+01  -2.7821376e+01
  -8.4475473e+01  -3.6618684e+01
  -9.6023138e+00   4.4023092e+01
  -2.8623704e+01   2.0494313e+01
  -1.7828224e+01   4.9529097e+01
  -2.1910616e+01   2.7603064e+01
  -1.3331627e+01   5.8405670e+01
  -3.3229686e+01   6.0964525e+01
   9.8047152e+01  -3.0337989e+01
   7.6375883e+01  -1.7433349e+01
   6.8623357e+01  -2.3717698e+01
   7.1793221e+01  -8.5552423e+00
   3.0525965e+00   5.8526943e+01
   1.1234723e+01   7.4743127e+01
   6.5771069e+01   7.1172110e+01
  -3.5318266e+01   3.6183642e+01
   2.3063550e+01   6.7149572e+01
   2.6823244e+01   3.7657540e+01
   4.1795734e+01   6.0470184e+01
  -4.5054730e+00   3.2858815e+00
   7.1175323e+00   8.3104028e-01
   1.7511412e+00   2.1722160e+01
  -4.4750101e+01   3.5043136e+01
   9.1027564e+01   2.5881258e+01
  -6.2541015e+01  -6.3037499e+01
  -9.4077167e+01  -4.5732487e+01
   8.0858954e+01  -3.7669601e+01
   6.3737150e+01  -5.2670806e+01
   2.9547376e+01  -8.1281619e+01
   2.7195617e+01  -3.2687515e+01
   4.4526910e+01  -4.0028139e+01
   3.5277478e+01  -9.8526417e+01
  -3.9930549e+01  -8.9068177e+01
  -4.7949516e+01  -8.2621730e+01
  -2.9845433e+01  -8.4194893e+01
  -3.2320990e+01  -9.5395393e+01
  -5.4526532e+01  -7.5126006e+01
   1.8900912e+01  -2.7117036e+01
  -4.1755162e+01   4.4019884e+01
  -8.8298320e+01  -1.7018600e+01
  -9.9755598e+01  -1.7994145e+01
   9.7035058e+00  -3.0803623e+01
  -5.9081778e+01   3.9338285e+00
   3.8832650e+01  -5.8283585e+01
  -5.2947513e+00   8.7910698e+01
  -6.5752944e+00  -9.7253965e+01
  -9.1655438e+01   7.8964562e+00
   9.5834402e+00  -9.4171991e+01
  -1.0704659e+01  -3.6231632e+01
   2.1296236e+01   2.0985428e+01
  -7.2305897e+01  -1.0387916e+01
  -8.3082108e+01  -7.6309316e+01
   9.5209322e+01   3.4963165e+01
  -8.0188002e+01   2.4173119e+01
  -5.5567241e+01  -5.5645772e+01
   9.0167546e+01   1.5919824e+01
   8.7952483e+01  -1.0337794e+00
  -1.9319788e+01   6.6375847e+01
   1.9609121e+01  -8.0348821e+01
   4.2542012e+01  -1.0144088e+01
   5.0475059e+01  -2.1409907e+01
   5.2379235e+01  -1.1739444e+01
   1.8275785e+01  -1.5558162e+01
   1.9782771e-01  -3.3639402e+01
  -2.8725769e+01   6.9744640e+01
  -2.1440725e+01   9.1420008e+01
   2.8369656e+01   7.5537104e+01
   2.5007320e+01  -8.2618827e+00
  -6.4360896e+01  -7.3378043e+01
  -8.4115368e+01  -4.6602703e+01
   2.3495884e+01   1.1506786e+01
   4.3664178e+01   4.0204907e+01
   5.2095845e+01   5.1106616e+01
   3.6051913e+01   3.3847207e+01
   7.0354117e+01   5.7037428e+01
   2.8663905e+01   2.7354752e+01
  -6.7417540e+01  -3.5605807e+01
   3.8139345e+01   7.3629280e+01
   3.2490532e+01   5.4033375e+01
   1.8469556e+01   9.2875789e+01
   1.4086959e+00   7.7782520e+01
  -9.5409330e+01  -3.5822581e+01
  -7.5084874e+01  -5.1276691e+01
  -7.8297182e+01  -1.8326072e+01
   5.0430339e+01   8.0317495e+00
  -8.3760417e+01  -2.6660895e+01
  -4.9203930e+01   3.5543997e+00
   9.6725148e+01  -2.0443188e+01
   6.0502476e+01   9.7658252e+00
  -4.4593633e+01   5.6588155e+01
   7.7893689e+01  -2.7403777e+01
   6.0019020e+01  -1.8761090e+01
   8.1696892e+01  -8.9667384e+00
   5.6385506e+01   7.4612203e+01
   1.5709768e+01   4.7074204e+01
   3.2357143e+01   7.4208125e+00
   4.9616790e+01   1.7999474e+01
   8.7090769e+00   1.3144353e+01
  -4.3203715e+01  -6.3536088e+01
   8.4021952e+00  -1.0967149e+01
  -1.5634764e-01  -5.7122122e+00
  -8.1755577e+01  -6.6404565e+01
  -7.1791396e+01  -6.6664119e+01
  -5.2908699e+01  -6.5294861e+01
   8.1942609e+01   2.1703422e+01
  -6.9557180e+01  -9.0864493e+01
   9.5018088e+01   7.1759973e+00
   5.1351758e+01   8.9500050e+01
   3.8513982e+01   8.3620910e+01
  -9.3726113e+01  -2.5967331e+01
  -1.2356344e+01   2.8380665e+01
  -2.5662438e+01   3.6590426e+01
   5.9479258e+01   1.9590348e+01
  -1.1380931e+01  -3.9771997e+00
   1.1731394e+01   2.2394865e+01
  -5.3636332e+01   3.9117668e+01
  -3.6519998e+01   2.6433388e+01
  -4.9978670e+01  -2.9610713e+01
   4.4037051e+01  -6.6700266e+01
   8.6596341e-01   4.0773735e+01
  -2.7506175e+01  -2.7857926e+01
  -2.3319827e+01  -3.9341943e+01
  -1.8500506e+01  -6.4422365e+01
   1.0418500e+01   3.9539254e+01
  -3.5649762e+01   7.0193062e-01
  -4.9582142e+01   2.7459688e+01
  -6.7034813e+00  -8.5265170e+01
   1.5847697e+00  -7.5079154e+01
