   3.7992004e+01  -3.2399490e+01
   7.5139061e+01  -4.3888657e+00
  -8.2957342e+01  -6.9552119e+01
  -6.1024904e+01  -7.6218654e+01
  -3.9254289e+00  -1.2066578e+01
  -6.2753576e+01   1.4868429e+01
   7.5129396e+01   5.8042407e+01
  -5.9301057e+01   3.2299940e+01
   1.8469162e+01   5.8918678e+01
  -5.8644603e+01  -5.1237134e+01
  -5.0528036e+01   3.9485975e+00
   6.0132850e+01  -5.4249474e+01
   7.5298444e+01  -4.3083673e+01
  -9.7319918e+01  -2.8321874e+01
   5.5622461e+01  -3.5537056e+01
  -2.2799915e+01   9.8457665e+01
   2.6977088e+00   6.6657526e+01
  -1.0892894e+01   6.3771115e+01
  -3.1674318e+01   5.2872375e+00
  -3.9928411e+01   1.3427744e+01
  -8.8290397e+01   4.8313368e+01
  -7.9900047e+01   6.3286655e+01
   1.0711770e+01  -5.2128061e+01
  -2.8293139e+01   9.0355040e+01
   2.9487523e+01  -4.9453497e+01
   7.7194219e+01  -3.3372507e+01
   4.4967977e+01   8.8968511e+00
   2.3393593e+00  -6.5023003e+01
  -3.0063794e+01  -9.9379173e+01
   4.5761547e+01   6.2622278e+01
  -1.7593302e+01  -2.9165220e+01
   8.8974373e+01   8.1231528e+01
   8.4266861e+01   6.1922210e+01
  -6.5913112e+01  -2.4927015e+01
   7.5424175e+01   6.6376123e+00
   6.9579729e+01   7.6638876e+01
   9.9219241e+01  -3.4990616e+01
   1.7536631e+01   9.9572210e+01
  -4.1889119e+00   3.5244674e+01
  -5.9298642e+01   5.1136312e+01
  -7.9605282e+01   8.5152238e+01
  -6.9278242e+01   2.2385260e+01
  -7.9470721e+01  -1.4662399e+01
   6.6437854e+01  -7.1702042e+01
   3.8829025e+01  -8.7147829e+01
  -6.7666612e+01  -3.4758336e+01
  -7.0351727e+01   2.6426228e+00
  -9.5898148e+01  -9.1597675e+00
  -3.7087528e+01   7.4803420e+01
   5.6962935e+01  -4.1151905e+00
  -8.9634319e+01   2.7283791e+01
   6.5137286e+01  -2.0221810e+01
   3.8545017e+01  -2.0930752e+01
   5.6909388e+01  -2.5728629e+01
  -4.0100535e+01  -5.9177279e+01
  -8.3490905e+01  -5.5124981e+01
  -9.4410869e+01  -8.3368521e+01
  -1.9544890e+01  -4.3205008e+01
  -3.9851030e+01  -9.7328266e+01
  -2.7390840e+01  -6.2197796e+01
   5.3990680e+01  -7.2774621e+01
   2.8128602e+01   5.3752153e+01
   3.7581059e+01   5.6910390e+01
  -5.3875048e+00   7.2314434e+01
  -6.3425492e+01  -8.8146568e+01
  -9.5175767e+00   9.7707732e+01
   7.4697188e+01   6.8028374e+01
   2.5471757e+00  -9.3667160e+01
   1.7981522e+01   1.1169127e+01
   1.9618878e+01   1.3868652e+00
  -7.7117004e+01  -4.7421400e+01
  -4.6780785e+01  -9.0118763e+01
   2.7282144e+01  -3.7773708e+01
   8.2804939e+01  -1.3715311e+01
   9.4019573e+01   5.9864229e+01
   6.6418205e+01   1.0250024e+01
   4.0673186e+01   3.7492416e+01
  -4.4477101e+01  -6.8249765e+01
   6.6385020e+01   8.6081438e+01
   2.4865796e+01   7.3383107e+01
   2.1663566e+01   2.3293878e+01
   4.8420421e+00   3.0315314e+01
   1.4539890e+01   4.0348804e+01
  -3.1690185e+01  -5.1958126e+00
  -4.6017270e+01   2.5335087e+01
   3.0808778e+01   3.9170421e+01
   3.5937763e+01   1.0804709e+01
  -2.8497301e+01   6.9194300e+01
  -4.7311618e+01   7.9391397e+01
  -3.8801774e+01   3.2197270e+01
  -7.0004618e+01   5.0894216e+01
  -5.2959064e+01   9.7561498e+01
  -3.1835836e+01  -1.5269112e+01
   5.5477667e+01   6.0154233e+01
  -8.6127177e+01   3.8628542e+01
  -9.8133816e+01   4.9917443e+01
   1.9813169e+01  -4.7077684e+01
   2.1882240e+01  -6.6782361e+01
   7.2716135e+01  -5.9803800e+01
  -2.0470281e+01   8.0578459e+01
   3.1615840e+01  -6.8979973e+01
  -9.5412567e+00  -8.0157775e+01
   3.5082290e+00  -3.5744249e+01
  -1.5228075e+00  -7.4238766e+01
   1.7779348e+01  -3.4803216e+01
  -9.4624432e+00  -2.3430483e+01
   1.8409424e+00  -4.5648543e+01
  -9.3767159e+01  -7.1354264e+01
  -7.8512757e+01  -8.6632150e+01
  -2.3028558e+01  -1.0171141e+01
  -4.0002671e+01  -2.3159629e+01
  -4.0394292e+01  -7.7480744e+01
  -8.2640848e+01  -9.8675430e+01
  -6.7718335e+00  -8.9762819e+01
  -7.7619231e+01  -3.3946309e+01
   9.9588219e+01   8.4332057e+01
  -4.2365093e-01   6.5139151e+00
  -3.0114542e-01   1.6419748e+01
  -5.8521377e+01  -1.0101256e+01
   9.9248595e+00  -2.5971839e+01
   2.6611493e+01  -1.7963458e+01
   9.3539250e+01   3.7015252e+01
   6.0943775e+01   3.1220332e+01
   4.2417713e+01   8.2323463e+01
   8.3401290e+01   9.6227148e+01
   5.7832321e+01   9.1219574e+01
  -8.2890916e+00   4.4173307e+01
  -1.6537804e+01   3.7998864e+01
  -3.1954320e+01   4.4969126e+01
   2.7061203e+01   1.4952993e+01
  -3.8159466e+01   5.9172088e+01
  -4.1734957e+01   4.1571899e+01
   4.4941263e+01   2.3993422e+01
   6.1231134e+01   4.1032283e+01
  -5.8825159e+01   8.8722380e+01
  -5.6259976e+01   4.1688784e+01
  -5.2808723e+01   7.2358307e+01
  -4.8891285e+01   8.8683758e+01
  -8.9654730e+01   5.8251339e+01
   3.7989397e+01   4.7013506e+01
   1.9404727e+01  -9.3361571e+01
  -7.5900134e+01   7.5417888e+01
   7.0183272e+01  -5.1373707e+01
  -3.9118089e+01   8.5713832e+01
  -1.0869300e+01   8.2226728e+01
   4.8357338e+01  -5.7004074e+00
   4.3436416e+01  -1.2655537e+01
   1.1316939e+01  -8.6460309e+01
  -2.5354585e+01   5.3551092e+01
   8.3578193e+00  -7.3569326e+01
   4.1518419e+01  -6.7997298e+01
   2.8684862e+01  -7.8288910e+01
   4.7515843e+01  -2.9865053e+01
   9.9051465e+01  -2.5006510e+01
   1.1147311e+01  -4.2161036e+01
   4.9654134e+01  -5.4381757e+01
  -6.7212300e+01  -1.5021379e+01
  -3.2759186e+01   9.9598422e+01
   3.6221208e+01  -4.2158080e+01
   6.6728175e+01   7.8285226e-01
   4.8892195e+01  -2.0228488e+01
   7.4439377e+01  -2.3872389e+01
  -9.7593262e+01   8.0401033e-01
   1.9822108e+01  -2.5149605e+01
  -3.0349176e-01  -5.5394539e+01
   3.5520035e+01  -2.1597760e+00
   2.8641889e+01   4.7093188e+00
  -8.4744014e+01  -4.0956607e+01
  -8.1275697e+00  -4.5828649e+01
   6.5213897e+01  -4.3089113e+01
  -9.1222532e+01   8.5116909e+00
  -7.0317846e+01  -8.0901468e+01
  -9.5895327e+01   3.6709569e+01
  -6.8932319e+01  -5.5333966e+01
  -1.7494083e+01  -6.3549615e+01
  -5.5091510e+01  -6.7828577e+01
  -7.6309309e+01  -6.2083184e+01
  -5.3776660e+01  -9.7264201e+01
  -1.6543748e+01   9.0592282e+01
  -1.9774149e+01  -9.7968981e+01
   2.7178772e+01   6.3687903e+01
   1.9394633e+01   4.9001925e+01
   3.6616097e+01   6.6784618e+01
   1.7247030e+01   8.9589461e+01
   2.6926305e+01   8.3165213e+01
   3.4346091e+01   7.6483317e+01
  -5.7140946e+01  -3.0011808e+01
  -7.5862914e+01  -2.3984488e+01
   6.9200512e+00   9.5447922e+01
  -6.7313070e+01  -4.5468486e+01
   6.5268036e+01   5.8555159e+01
   8.5704292e+01   7.1791236e+01
   5.4445850e+01   7.1045835e+01
  -8.4837731e-01   8.1155709e+01
   1.6076940e+01   6.8622669e+01
   5.4068694e+00  -1.5552319e+01
  -1.3593527e+01  -1.4412005e+01
  -1.4738708e+01  -4.6044928e+00
  -2.6158249e+01  -3.4246068e+01
   8.2011850e+00   1.1868633e+01
   7.9169183e+01   7.9345590e+01
   8.9146644e+01   4.5969869e+01
   2.9412413e+01  -2.7525264e+01
   1.9402737e+01  -5.7060602e+01
   9.8485788e+00   2.2815687e+00
  -6.4433796e+01  -6.4263691e+01
   9.0392410e+01   2.7567799e+01
   1.2270122e+01  -6.4052483e+01
   8.4692377e+01   1.0045708e+01
   8.2252944e+01   2.1897778e+01
   6.6778757e+01   2.3112396e+01
   9.0605522e+01  -7.5857695e+00
   6.9643894e+01   4.9053414e+01
   9.1456841e+01  -1.8561016e+01
   6.4026371e+01   6.8399725e+01
   5.7199218e+01   8.0655228e+01
   9.7584657e+01   9.9176298e+00
   6.5533497e+01   9.7590800e+01
  -5.2057933e+01   5.7730967e+01
  -3.0090287e+01  -4.3405777e+01
   3.8859086e+01  -5.2963841e+01
  -2.0628539e+01  -7.3360584e+01
   5.5031698e+01  -8.5136333e+01
   8.1002184e+01  -5.1180385e+01
  -3.4524123e+01  -6.9197308e+01
   1.4806090e+01   3.0492368e+01
   1.1792171e+01   2.1071135e+01
  -7.6678205e+01   4.3003195e+01
   4.3906503e+00   4.0273715e+01
  -1.3035019e+01   2.8820788e+01
   8.5356831e+00   5.8698347e+01
  -9.6943935e+00   5.4004221e+01
  -6.0412773e+01   3.0380681e+00
  -5.5739469e+01   2.3070436e+01
  -2.9392349e+01   3.5491474e+01
  -2.1711848e+01  -2.0070424e+01
  -4.0382261e+01  -1.0115379e+01
  -1.0425035e+01  -3.6113921e+01
  -4.9044383e+01   4.8373850e+01
  -3.9582766e+01   5.0753089e+01
  -4.8996493e+01   3.4862995e+01
  -6.9205765e+01   3.2309976e+01
  -8.1217513e+01   2.2163396e+01
  -7.9047027e+01   3.1778974e+01
   1.7895887e+01  -7.5736699e+01
  -6.9993993e+01   8.7913236e+01
   6.1484179e+01  -7.8170720e+01
  -5.9153698e+01   7.8964639e+01
  -6.4420918e+01   9.6917220e+01
  -9.4382270e+01   6.7708415e+01
   2.9111691e+01  -5.9391691e+01
  -8.5231243e+01   7.1739630e+01
   8.2769035e+01  -6.4606897e+01
  -2.0932687e+01   6.2604301e+01
  -4.7748575e+01  -1.6861962e+01
  -5.7220206e+01  -2.0013553e+01
  -4.1777019e+01   9.5454601e+01
   1.7078938e+00  -8.3704022e+01
  -6.6196211e+01   4.1741386e+01
   8.5334654e+01  -2.6816094e+01
   1.5317455e+01  -1.6412806e+01
   3.7396573e+01  -9.7044549e+01
  -8.0164643e+01   8.5788817e-01
   4.5560482e+01  -4.5437410e+01
  -9.7253943e+01  -6.1981839e+01
   8.4737269e+01  -3.9901197e+01
  -2.6289011e+01  -9.0120918e+01
  -3.7241627e+01  -8.7089455e+01
  -2.9826531e+01  -8.0380033e+01
  -7.3111866e+01  -6.9569816e+00
  -8.6099861e+01  -7.1784567e+00
  -8.5286731e+01  -7.9276421e+01
  -4.9445253e+01  -5.9559960e+00
  -7.9667574e+01   5.3304464e+01
  -7.6447723e+00  -6.5210849e+01
  -7.3281290e+01  -9.5154328e+01
  -9.9372897e+01  -1.8535656e+01
  -9.0729250e-04  -2.6408005e+01
  -9.3842907e+01   1.8161948e+01
  -5.1691774e+01  -5.8424478e+01
  -5.0366837e+01  -7.6641673e+01
  -9.8596250e+00  -9.9273091e+01
  -6.3738032e+01  -9.8141630e+01
  -7.1811169e+01  -7.1014004e+01
   3.7497900e+01   9.1014880e+01
  -9.1118717e+01  -4.8658743e+01
  -4.7143543e+01  -3.0155108e+01
  -9.2768448e+01  -9.5686094e+01
   4.7869884e+01   9.0649849e+01
  -2.0007410e+01  -5.3194003e+01
   9.5490990e+01   6.9752003e+01
   9.1805875e+01   9.0813860e+01
  -1.0298376e+01  -5.5575726e+01
  -5.1829269e+00  -2.1703717e+00
   4.0774562e+00  -5.7085368e+00
  -3.0214929e+01  -2.5114077e+01
  -3.6690105e+01  -3.2584626e+01
   3.5445764e+01   2.0349851e+01
  -8.7018248e+01  -3.0551569e+01
  -8.7533399e+01  -2.0568050e+01
  -5.9066112e+01  -3.9823054e+01
   2.6329255e+01  -5.8804630e+00
  -2.2716111e+01   1.1545706e+00
   1.4006893e+01  -6.6926317e+00
   3.4122534e+01  -1.1805428e+01
   7.9721718e+01   4.9219014e+01
   7.3025781e+01  -1.4137829e+01
   8.4048092e+01   5.3714969e-02
   9.7098355e+01  -4.0475244e-02
   9.1211220e+01   1.7578171e+01
   7.4015047e+01   1.6516082e+01
   4.9333863e+01   5.2514763e+01
   5.1628852e+01   3.3713426e+01
   9.9940830e+01  -1.3291041e+01
   4.4639687e+01   7.2619220e+01
   7.4226556e+01   9.2266609e+01
  -9.4242602e+01  -3.7835655e+01
   5.9274331e+01   5.0682670e+01
   1.7085102e+01   7.9613611e+01
   9.7954422e+01   5.0682429e+01
  -1.9044709e+01  -8.3233847e+01
  -3.1804380e+01  -5.3238076e+01
   5.0548720e+01  -6.3995454e+01
   4.7041986e+01  -7.9478917e+01
   3.7883630e+01  -7.7097483e+01
   5.5522825e+01  -4.5437680e+01
   2.6585997e+01   9.3152664e+01
   5.2157440e+01   9.9662901e+01
   9.4033805e+01  -4.3532929e+01
   6.6671773e+01  -3.0147084e+01
   5.6953727e+01  -1.4444921e+01
   6.5100888e+01  -8.7955896e+00
  -2.9957756e+01   1.5088573e+01
  -1.7446487e+01   4.7793534e+01
   8.2904749e+00   7.4909261e+01
  -1.5239354e+01   7.2497970e+01
  -2.2926846e+01   2.7983117e+01
   9.4191055e+00   4.8845767e+01
  -4.4015965e-01   5.0272307e+01
  -3.8133306e+00   2.5442034e+01
  -4.0888856e+01   1.6946273e+00
  -2.0598708e+00   9.1058202e+01
  -5.2856456e+01   1.3586851e+01
   8.1223753e+00   8.5521272e+01
   4.8807183e+01   4.2903473e+01
   3.4629961e+01   2.9928707e+01
   5.0417830e+01   1.5722153e+01
   5.4539374e+01   2.4408131e+01
  -7.5297605e+01   1.4363179e+01
  -2.9877688e+01   8.0883959e+01
  -4.7420682e+01   6.7096929e+01
   6.0021619e+01   1.6841226e+01
   6.6345754e+01  -8.6061654e+01
   2.1910929e+01  -8.4445873e+01
   4.4119761e+01   9.9861635e-01
   7.2855329e+01  -6.7675387e+01
  -4.3813465e+01   6.1846862e+01
   8.1341219e+01  -5.9954546e+01
