   3.7559395e+01  -3.2150034e+01
   7.3464365e+01  -4.9034827e+00
  -8.4736890e+01  -6.6036087e+01
  -6.3967523e+01   1.3623244e+01
   7.5814370e+01   5.9930193e+01
  -5.9474044e+01   3.3335848e+01
  -6.3235035e+01  -5.4547012e+01
  -5.0554923e+01   4.0633286e+00
   7.2045540e+01  -4.2076870e+01
  -9.8849566e+01  -2.7906946e+01
   5.6961120e+01  -3.6248577e+01
   8.9523587e-01   6.5577318e+01
  -1.0148294e+01   6.5290017e+01
  -3.2300582e+01   6.8301061e+00
  -4.1394441e+01   1.1654874e+01
  -9.1873987e+01   4.6081037e+01
  -7.9717595e+01   6.2008707e+01
   2.9939209e+01  -4.8675270e+01
   7.6868173e+01  -3.3259299e+01
   4.2452175e+01   8.0658747e+00
   2.1707231e+00  -6.9677164e+01
  -1.4351605e+01  -2.6950138e+01
   8.3753537e+01   8.2497035e+01
  -6.5975238e+01  -2.3916275e+01
   7.8052829e+01   3.9272155e+00
   7.3946629e+01   8.0598628e+01
   9.9746474e+01  -3.5553145e+01
  -5.7310230e+00   3.6009021e+01
  -6.3441274e+01   5.0094587e+01
  -7.9630506e+01   8.5272009e+01
  -7.0573922e+01   2.1122124e+01
  -7.8368392e+01  -1.4872241e+01
   6.3647022e+01  -6.9409156e+01
   4.3589547e+01  -9.1774567e+01
  -6.8452775e+01  -3.4403071e+01
  -7.0465814e+01   4.1235310e+00
  -9.4851650e+01  -8.6908161e+00
  -3.5873632e+01   7.3915962e+01
   5.6206698e+01   6.9832004e-01
  -8.8962140e+01   2.8564725e+01
   6.4163046e+01  -2.4058765e+01
  -2.9666382e+01  -6.4236958e+01
  -8.4208246e+01  -5.6050108e+01
  -9.8248901e+01  -8.7228989e+01
   3.6347010e+01   5.5892529e+01
  -6.1441094e+01  -8.8290171e+01
  -1.3093152e+01   9.8999340e+01
   1.4565593e+01   3.2008350e+00
  -4.6050232e+01  -9.0431355e+01
   9.5319123e+01   6.4163346e+01
   4.0184477e+01   3.6997755e+01
  -4.4868957e+01  -7.0499499e+01
   2.4518401e+01   7.3026843e+01
   2.5722388e+00   3.0619817e+01
   1.2964148e+01   3.9880045e+01
  -3.2206520e+01  -3.1832320e+00
  -4.0340029e+01   2.1550289e+01
   3.0039560e+01   3.8354649e+01
  -2.6471345e+01   7.0522717e+01
  -4.3859363e+01   7.9930703e+01
  -4.3300310e+01   3.1069975e+01
  -7.3300200e+01   5.1650687e+01
  -3.4069971e+01  -1.5166161e+01
   6.6219021e+01   6.5634707e+01
  -8.5878918e+01   3.8078394e+01
   2.1348563e+01  -6.8106119e+01
   7.3340075e+01  -5.6656091e+01
  -1.0180902e+01  -8.4542405e+01
   2.1267163e+00  -3.8973898e+01
  -4.8991275e+00  -2.3089967e+01
   2.8895400e+00  -4.8970590e+01
  -9.4500415e+01  -7.1584066e+01
  -7.4623666e+01  -9.2380571e+01
  -2.5423114e+01  -1.0491037e+01
  -4.0890197e+01  -2.2322043e+01
  -4.0575231e+01  -7.9455207e+01
  -8.2459844e+01  -9.8593003e+01
  -9.6969418e+00  -9.6195531e+01
   6.7516083e+00   8.1130193e+00
  -7.1411422e-01   1.8280785e+01
  -6.0695648e+01  -6.2764079e+00
   1.2276798e+01  -2.5572406e+01
   2.4306646e+01  -1.7693064e+01
   6.1458749e+01   2.7830192e+01
   3.9458023e+01   8.4026968e+01
   8.1553970e+01   9.9938421e+01
  -7.2384832e+00   4.5808862e+01
  -1.5163958e+01   3.9022753e+01
  -2.9302743e+01   4.4821446e+01
   2.5474191e+01   1.1438683e+01
  -3.2565373e+01   6.2564081e+01
  -3.7653378e+01   3.9325057e+01
   4.3346044e+01   2.7477065e+01
   5.3860253e+01   4.5188205e+01
  -6.0522668e+01   9.0880880e+01
  -5.3576991e+01   7.4721327e+01
  -8.9449893e+01   5.9032935e+01
   1.9607527e+01  -9.6062355e+01
  -7.1598379e+01   7.9316728e+01
   5.2020765e+01  -8.3765409e+00
   1.5714902e+01  -8.6764908e+01
  -2.5953039e+01   5.5081976e+01
   4.1158332e+01  -6.3333295e+01
   1.4156211e+01  -3.5261023e+01
   5.0203251e+01  -5.3794694e+01
  -6.7518445e+01  -1.4069692e+01
   3.7342480e+01  -4.2064339e+01
   4.5032584e+01  -1.6405121e+01
   7.5506715e+01  -2.3340818e+01
  -9.8482502e+01   6.2562263e-01
   1.1400848e+00  -5.8655887e+01
   3.5439919e+01  -4.8776066e+00
  -8.1227186e+01  -4.6504817e+01
  -9.7705567e+01   1.0670281e+01
  -9.5930572e+01   3.6251881e+01
  -1.5976768e+01  -6.6833928e+01
  -1.3672761e+01   8.7028577e+01
  -2.2454187e+01  -9.9715922e+01
   1.9273108e+01   6.4202214e+01
   2.4206473e+01   5.5562526e+01
  -5.6249236e+01  -2.5544792e+01
   6.5161807e+00   9.5904555e+01
  -6.9962386e+01  -4.4288437e+01
   8.0447863e+01   7.3073804e+01
   4.7896379e+01   6.9148340e+01
  -1.7685319e+00   8.0428920e+01
   4.3687249e+00  -1.9345633e+01
  -1.6505804e+01  -6.4301517e+00
  -2.3286829e+01  -3.0644971e+01
   9.5336138e+01   4.7273284e+01
   3.1667074e+01  -2.4233828e+01
   2.0971445e+01  -5.8116581e+01
   8.7051469e+01   8.3784045e+00
   8.1786115e+01   1.8026692e+01
   6.8332730e+01   2.0911485e+01
   9.0680691e+01  -1.0905010e+01
   6.6785346e+01   5.5716771e+01
   9.5902255e+01  -1.9384510e+01
  -3.0375476e+01  -3.6860677e+01
  -2.2931536e+01  -7.3728742e+01
   5.5575736e+01  -8.5568340e+01
   8.7086526e+01  -5.2607069e+01
   1.2327228e+01   3.0146443e+01
   1.7243414e+01   2.1690875e+01
  -7.6768964e+01   4.2201248e+01
   3.0589009e+00   4.0630204e+01
  -1.5575299e+01   2.9108986e+01
   8.9009087e+00   5.9594522e+01
  -1.1687953e+01   5.5416548e+01
  -6.0509526e+01   3.6926721e+00
  -6.0560802e+01   2.3396646e+01
  -2.4661208e+01   3.5965762e+01
  -2.2320362e+01  -1.9984740e+01
  -4.1017412e+01  -8.1567456e+00
  -8.9755736e+00  -3.5274461e+01
  -4.3908240e+01   4.7099410e+01
  -3.5627978e+01   5.2663777e+01
  -5.0577419e+01   3.7882420e+01
  -6.9195705e+01   3.1013719e+01
  -8.1725081e+01   2.0980738e+01
  -7.9184363e+01   3.0651918e+01
   2.0896468e+01  -7.8093273e+01
  -7.0387183e+01   8.9242862e+01
   6.3410671e+01  -7.9389681e+01
  -6.1680515e+01   8.0576227e+01
  -6.6288463e+01   9.9050588e+01
  -9.9957606e+01   7.4916373e+01
   3.1311615e+01  -6.8324189e+01
  -8.7848883e+01   6.8901155e+01
   8.9331679e+01  -6.8256955e+01
  -1.9879506e+01   6.3008802e+01
  -4.7839203e+01  -1.5399658e+01
  -5.7726354e+01  -1.5761144e+01
  -4.2999744e+01   9.9164528e+01
  -1.9326736e+00  -7.8737975e+01
  -6.6880050e+01   4.0725476e+01
   8.6344245e+01  -3.0072773e+01
   1.4576326e+01  -1.6030169e+01
   3.6300792e+01  -9.8608946e+01
  -8.0049736e+01   1.3635620e+00
   4.7038826e+01  -4.4229617e+01
   9.0440585e+01  -3.9183081e+01
  -2.6612939e+01  -9.0657784e+01
  -3.6304215e+01  -8.8440561e+01
  -2.9761919e+01  -8.0918831e+01
  -7.3210735e+01  -5.9016426e+00
  -8.4946152e+01  -7.3415343e+00
  -9.0597110e+01  -8.0790815e+01
  -5.0722885e+01  -5.8952536e+00
  -8.3275112e+01   5.1174580e+01
  -6.4695470e+00  -6.4871083e+01
   3.0008861e+00  -2.9156079e+01
  -9.2515461e+01   1.9217903e+01
  -5.9838387e+01  -6.3915326e+01
  -5.0373753e+01  -8.1445630e+01
  -6.8254566e+01  -7.3610134e+01
   3.3518580e+01   9.1946458e+01
  -9.2084079e+01  -4.9341403e+01
  -4.7752672e+01  -3.0281542e+01
   4.4617521e+01   9.5905343e+01
  -1.4895333e+01  -4.7023252e+01
   8.9043540e+01   9.3312236e+01
  -9.1847755e+00  -5.5247217e+01
   3.7803203e-01  -2.5212983e+00
   6.9326294e+00  -9.7823893e+00
  -3.1159805e+01  -2.4623414e+01
  -3.8202127e+01  -3.1660418e+01
   4.0107135e+01   1.7768789e+01
  -8.7093485e+01  -2.6642742e+01
  -8.8367038e+01  -1.6729447e+01
  -5.8490883e+01  -3.5265940e+01
   2.6038105e+01  -7.9842652e+00
  -2.3434434e+01   1.6008127e+00
   1.6262887e+01  -6.3533671e+00
   3.5153194e+01  -1.4871586e+01
   8.4600880e+01   4.7309753e+01
   7.8322090e+01  -1.3619876e+01
   8.5653031e+01  -2.3554161e+00
   9.7251044e+01   1.1068787e+01
   7.3429550e+01   1.2571630e+01
   4.6582986e+01   5.5895642e+01
   5.0503851e+01   3.4427055e+01
   3.6161207e+01   7.4671030e+01
   7.5174025e+01   9.2136724e+01
  -9.9211287e+01  -4.2326159e+01
   5.6785934e+01   5.4625270e+01
   1.5418738e+01   7.6934988e+01
  -2.0024256e+01  -8.3221904e+01
  -3.3738021e+01  -5.5190620e+01
   5.1721963e+01  -6.3678697e+01
   4.6203497e+01  -8.2144366e+01
   3.6785054e+01  -7.6550785e+01
   5.6768594e+01  -4.6236785e+01
   2.1140183e+01   9.5866016e+01
   9.6489560e+01  -4.7138803e+01
   6.6773949e+01  -3.3643431e+01
   5.7773274e+01  -1.6456102e+01
   6.2958529e+01  -6.6741020e+00
  -2.9789733e+01   1.6500354e+01
  -1.8676653e+01   4.8294376e+01
   5.9434131e+00   7.4143517e+01
  -1.5989614e+01   7.3404961e+01
  -2.4726435e+01   2.5407420e+01
   7.0487602e+00   4.9777962e+01
  -1.7325387e+00   5.4556250e+01
  -6.2654423e+00   2.6179198e+01
  -4.0878596e+01   1.7390052e+00
  -1.8326631e+00   9.0409751e+01
  -5.3977855e+01   1.3428213e+01
   7.8236215e+00   8.5938358e+01
   4.3978472e+01   4.6240303e+01
   3.3665346e+01   2.9287944e+01
   5.0193665e+01   1.4162785e+01
   5.2491404e+01   2.3782888e+01
  -7.5939924e+01   1.2689786e+01
  -2.9414768e+01   8.1549476e+01
  -4.4936310e+01   6.9695495e+01
   6.0120706e+01   1.4969945e+01
   6.7585159e+01  -8.8469111e+01
   2.5506879e+01  -8.7999479e+01
   4.4803872e+01  -1.5804949e+00
   7.3240412e+01  -6.6626379e+01
  -4.2377453e+01   6.0033276e+01
   8.2163582e+01  -6.1304205e+01
  -9.7245370e+01   6.5292310e+01
  -5.2605418e+01   8.4774347e+01
  -8.9130374e+01   8.8393575e+01
  -1.0815093e+01  -7.4756366e+01
  -5.3875717e+01   4.7302847e+01
  -3.9134065e+01   8.9941919e+01
   3.0620975e+01   4.8025825e+01
  -5.4248541e+01   9.8667670e+01
  -7.8313655e+01   7.1909327e+01
  -3.3354785e+01   3.0328347e+01
   6.2247019e+00  -8.4179547e+01
  -2.1593138e+01   9.3731491e+01
   3.0983914e+01  -5.8469698e+01
  -9.3672985e+01  -6.1547651e+01
  -3.0896923e+01   9.7397496e+01
   5.1377839e+01  -2.4130533e+01
   4.7434218e+01  -3.3306731e+01
   1.1230259e+01  -7.5497167e+01
  -3.3985239e+01  -9.8148108e+01
  -5.8096084e+00  -4.4653578e+01
   1.1817378e+01  -4.4847856e+01
   2.3302924e+01  -3.0063291e+01
   3.5260471e+01  -8.6342884e+01
  -5.0400369e+01   2.2754437e+01
   3.3168926e+01   4.8652396e+00
   2.7586579e+01  -3.9046918e+01
  -8.8975815e+01   5.8168672e+00
  -7.3214460e+01  -5.4141061e+01
   6.1252217e+01  -5.8785720e+01
   8.1785800e+01  -4.4146833e+01
  -8.0057856e+01  -7.4873845e+01
   6.5971770e+01  -4.9977643e+01
  -9.8055369e+01   5.3940793e+01
  -9.0624491e+01   7.8506579e+01
  -8.2181319e+01  -3.6550460e+01
  -7.0177025e+01  -8.3423600e+01
  -8.1402228e+01  -8.4783049e+01
  -9.8724583e+01  -1.7908564e+01
  -5.4585365e+01  -9.5571767e+01
  -5.1136848e+01  -5.9052385e+01
  -5.5011741e+01  -7.2628394e+01
  -7.5459831e+01  -2.6887632e+01
  -6.4110692e+01  -9.8554270e+01
   5.7845579e+01   7.4683325e+01
   2.9226466e+01   6.4282558e+01
   1.6998562e+01   4.8795293e+01
   6.4873995e+01   4.6039489e+01
   9.9759478e+01   7.6531507e+01
  -5.9996080e+01  -4.5121658e+01
  -9.6367659e+01  -9.7050442e+01
   2.1842113e+01   3.2857014e+01
   9.8883478e+01   9.5094260e+01
   6.0246897e+01   9.1595050e+01
   3.0375849e+01   2.0016260e+01
  -9.2697361e+00   1.0474986e-01
   9.3563604e+01   8.4376938e+01
   6.4157971e+01   8.2415391e+01
  -1.2813572e+01  -1.7022307e+01
   9.0445373e+01   7.2892263e+01
  -5.0149078e+00  -1.0846697e+01
   8.9644905e+01   3.8691329e+01
   1.0769413e+01  -6.4713956e+01
   1.1542675e+01  -5.4792319e+01
  -2.2903066e+00   6.8298800e+00
  -7.4641545e+01  -6.5915558e+01
   9.5104498e+00  -9.4870416e+01
   2.3984926e+01   1.6274282e+00
   6.5480811e+01   6.5174585e+00
   9.5555246e+01  -1.2157704e+00
   8.8583746e+01   2.8752366e+01
   8.4838126e+01   6.4172934e+01
   6.8431739e+01  -1.5033601e+01
   9.7707390e+01   3.2737083e+01
   6.0006321e+01   3.7473685e+01
   5.0910894e+01   8.8218394e+01
   8.5918671e+01  -2.0094596e+01
   4.7890319e+01   7.8870037e+01
   3.9043814e+01   6.5229883e+01
  -9.2104450e+01  -3.5293202e+01
  -1.8898715e+00  -8.9955432e+01
   2.7034446e+01   8.2685246e+01
   1.7801829e+01   8.6530896e+01
   9.0010912e+01   5.5695331e+01
  -4.1457078e+01  -6.1223377e+01
  -2.1157122e+01  -5.9307536e+01
   5.6417550e+01   6.4473346e+01
   9.1685545e+01   1.9320144e+01
   7.4978812e+01   4.9985459e+01
  -2.3373295e+01  -5.0622614e+01
   5.6004979e+01  -9.5543354e+01
   4.5752837e+01  -7.2188541e+01
  -3.0617582e+01  -4.5967729e+01
   8.7989999e+00   1.7347714e+01
