   4.1553126e+01  -3.3087097e+01
   5.3265542e+01   8.2374153e+01
   6.6055365e+01  -6.7503496e+00
  -2.1604586e+01  -6.2282736e+01
  -2.2333494e+01   4.0317334e+01
  -6.5165154e+01  -7.5523208e+01
  -4.8374896e+01  -7.9574846e+01
  -3.5827084e+00  -2.2081015e+01
  -8.3913824e+01  -8.7452971e+01
  -7.3145436e+01  -2.8149423e+01
  -7.3215336e+00   5.6551517e+01
   3.8147260e+01   2.4547133e+01
  -5.5299430e+01  -6.3614819e+01
  -5.9995599e+00   8.2732010e-01
   6.6037737e+01   1.1295576e+01
   7.4282382e-01   5.0696097e+01
  -3.2254894e+01   4.1509177e+01
  -5.1578902e+01   1.1251078e+01
   6.8122823e+01   4.8340495e+01
  -6.0057323e+01   3.7558290e+01
   5.6381266e+01  -5.9374942e+01
  -6.0266410e+01  -2.5688057e+01
  -2.8180630e+01   6.8935027e+01
   5.0074257e+01  -1.5237013e+01
   2.5784371e+01  -1.9948509e+01
   2.5309394e+01   6.0369368e+01
  -1.0657432e+01  -5.2346639e+01
   8.0975384e+00   8.3324764e+01
   1.1217221e+01  -1.0168612e+01
   9.5273484e+01   6.1018629e+01
  -5.7105788e+01  -5.3830939e+01
   8.9109484e+01   2.8172371e+01
   6.8336342e+01   9.5691548e+01
   3.3395744e+01   7.6758427e+01
  -9.1476684e+01  -3.6085444e+01
   8.5090550e+00   3.0434966e+01
  -4.0252518e+01  -5.2616373e+00
  -5.0162868e+01   2.1135557e+01
  -4.6192585e+01   5.2394279e+01
   4.6769588e+01   3.2873898e+01
  -5.0639929e+01   3.4205186e+01
  -8.1999048e+01   1.5900307e+01
   5.3900454e+01  -4.9689575e+01
  -4.6317252e+01  -1.2844283e+01
  -7.8792193e+01  -1.9929341e+01
   6.1685996e+01   2.2513498e+00
  -1.8414200e+01   6.6933411e+01
   3.6573707e+01  -2.8818284e+00
   6.4926872e+01  -3.7235367e+01
  -7.5528700e-01  -5.1701663e+01
   6.1082776e+00  -3.5470202e+01
  -8.1045508e+01  -3.7129905e+01
   3.5918820e+01   6.3681327e+01
  -3.2006382e+01  -3.2568627e+01
  -2.9824536e+01  -6.8614689e+01
   5.5274935e+01  -3.9788415e+01
  -5.1365592e+01  -9.9418993e+01
  -2.7830340e+01   9.3510169e+01
  -4.8064516e+00   6.9866538e+01
   1.1789998e+01   7.7522992e+00
   3.0990300e+01  -1.1134691e+01
  -8.6625214e+01  -6.0260939e+01
   7.1698847e+01   7.0082181e+01
  -6.9608878e+01  -5.3359126e+01
   8.8939095e+01   1.5200186e+01
   4.6921622e+01   9.0104251e+01
   5.4724847e+01   9.7105872e+01
   1.6745138e+01   6.5657863e+01
   8.5308873e+01  -3.7330205e+00
  -1.7277636e+01   5.7093653e+01
   1.5308750e+01   4.1083409e+01
  -3.1008241e+01   3.1756447e+01
  -2.7716057e+01   6.3789509e+00
  -3.2402136e+01   1.4886621e+01
  -7.7250127e+01   4.8881812e+01
   2.6912271e+01   3.4788620e+01
   6.0042093e+01   2.0892242e+01
  -4.3909749e+01   8.0516234e+01
   4.9445851e+01   4.2501424e+01
  -8.0512347e+01   5.8333391e+01
  -8.0691904e+01   2.5808204e+01
   1.3175983e+01  -5.8481680e+01
  -6.1206218e+01  -5.7885486e+00
  -3.4278422e+01   8.6774970e+01
   6.3814111e+01  -4.7903347e+01
   3.5377002e+01  -5.6874028e+01
  -5.7858335e+01   3.5839433e+00
  -7.9681278e+01  -7.7520906e+00
   8.0948114e+01  -2.8220362e+01
  -9.8961512e+01  -2.9490445e+01
   4.0167800e+01  -1.4835407e+01
   5.1485100e+01   2.8734439e+00
   5.2283064e+01  -3.0253952e+01
   6.8674274e+00  -2.5503007e+01
  -7.7940455e-01  -6.5260138e+01
  -2.8547931e+01  -8.7837308e+01
   4.5868089e+01   6.2675385e+01
  -9.3016499e+01  -5.2997784e+01
  -2.2446298e+01  -3.1228691e+01
   3.3100480e+01  -3.8356874e+01
   3.7868034e+01   4.4425123e+01
  -9.4638505e+00   8.3149113e+01
   6.6690523e+00   9.3210810e+01
  -6.2953185e+01  -9.9414681e+01
   8.9912093e+01   3.8139697e+01
   8.7450039e+01   6.7680142e+01
   2.7257515e+00  -4.0521437e+00
   2.1114726e+01  -1.0614458e+01
   1.5859005e+01  -1.3482246e+00
   7.6936871e+01   5.3059129e+01
   1.5791622e+01  -1.9062577e+01
  -6.4694808e+01  -6.1825396e+01
  -5.8273158e+01  -3.7744162e+01
   6.9309074e+00  -4.5384433e+01
   7.5924229e+01   1.2798850e+01
   9.8181864e+01   3.2518275e+01
   6.1883118e+01   6.8172764e+01
   4.3545482e+01   7.7456884e+01
   6.9902675e+01   8.4699682e+01
   1.4429460e+01   7.5595300e+01
   9.3027669e+01  -2.7282400e+01
   3.6827301e+01   9.5641754e+01
   1.7093063e+01   8.7605183e+01
   6.1395567e+00   1.5959355e+01
  -2.6310876e+01   4.9393426e+01
  -1.4710498e+01   4.7469134e+01
  -4.1955179e+01   4.3398887e+01
  -8.7416353e+00   2.7617614e+01
  -5.6497262e+00   4.3112163e+01
  -2.0838023e+01   3.0507321e+01
  -1.1257684e+00   3.4097029e+01
  -7.1942711e+01  -6.8489302e+01
  -4.1857010e+01   1.2642253e+01
  -2.4099171e+01  -9.6047954e+00
  -4.5121399e+01   3.3278465e+00
  -6.1187822e+01   1.3765172e+01
  -4.6938556e+01   7.0687955e+01
   2.7879269e+01   4.4734641e+01
  -3.6213580e+01   5.1755191e+01
   2.9571158e+01   1.9405385e+01
  -5.7539042e+01   5.2073435e+01
   4.6339602e+01   1.4477175e+01
  -6.1628933e+01   8.4383043e+01
   5.9641937e+01   3.3464886e+01
  -9.2225282e+01   2.0871211e+01
  -6.9037479e+01   3.3172310e+01
   5.6050441e+01   1.1740841e+01
  -8.6442623e+01   4.4962169e+01
  -9.8953449e+01   5.0586560e+01
   2.6005985e+01  -5.3404595e+01
  -7.2083041e+01   1.4888938e+01
  -7.1273624e+01  -1.3341556e+01
   6.4073649e+01  -6.5762721e+01
   1.1571508e+00   6.1842494e+01
   3.7725302e+01  -7.6541064e+01
  -5.1155838e+01  -3.1334830e+01
   4.4139679e+01  -5.2075424e+01
  -2.8948289e+01   7.8680401e+01
  -6.7514617e+01   6.0525154e+00
  -8.7083700e+01  -1.4364107e+01
  -9.4849005e+01  -8.5153771e-01
   6.8882958e+01  -1.9347890e+01
   4.6028393e+01  -6.1083035e+00
  -3.7255227e+01   7.3064448e+01
  -8.6149963e+01  -2.6738849e+01
  -9.9826311e+01  -4.1924586e+01
   5.6024051e+01  -5.9852998e+00
  -1.0232408e+01  -6.2101781e+01
  -1.1877622e+01  -1.6889099e+01
   7.0754220e+01  -2.9132930e+01
   2.5941700e+01  -3.1376809e+01
   4.1882217e+01   5.5526010e+00
  -1.3570280e+01  -4.3182316e+01
  -8.8199016e+01   3.2412584e+01
  -1.8175073e+01  -8.5525349e+01
   5.9966821e+01  -1.5114424e+01
   4.4768560e+01  -2.3675113e+01
   6.1168485e+01  -2.5688232e+01
  -2.0552232e+01  -5.0838467e+01
  -3.7870541e+01  -5.7526639e+01
  -7.4285630e+01  -4.4601243e+01
  -8.7090181e+01  -4.5041520e+01
  -5.7163248e+01  -9.1306305e+01
   4.5586542e+01  -4.2205013e+01
  -9.4104759e+01  -7.8431301e+01
  -2.2255870e+01  -4.0734572e+01
  -3.8250447e+01  -8.5858547e+01
  -3.0626111e+01  -5.0436460e+01
   3.4225618e+01  -2.5777220e+01
   4.6666575e+01  -6.1739919e+01
   5.0425526e+01   2.3583303e+01
   3.2613026e+01   5.3543154e+01
  -7.7067695e+01  -9.9294821e+01
   2.4578317e+01  -4.3516540e+01
  -7.6827177e+01  -5.9944524e+01
  -2.1466149e+01   8.5263668e+01
  -1.1905966e+01   9.2046649e+01
   2.0609303e+01   5.1567786e+01
   4.2644270e+01   5.3209588e+01
   2.3723925e+01   8.0129165e+01
  -8.0568377e-01   7.9015782e+01
  -6.4790024e+01  -8.5096191e+01
   5.3888789e+00   7.1347351e+01
  -2.8078792e+00   9.1835945e+01
   9.4476894e+01   4.7801193e+01
  -1.1671742e+01  -9.6086240e+01
   7.8663392e+01   6.2907201e+01
  -1.1793372e+01  -7.1586470e+00
   5.4398150e-01  -9.4516234e+01
   1.8058042e+00   6.9720818e+00
   6.8956021e+01   5.9205245e+01
  -6.8140734e+01  -3.6758781e+01
   2.6683205e+01  -1.4345101e+00
  -6.3258772e+01  -4.6023443e+01
  -4.7451667e+01  -8.9477088e+01
   9.8879045e+01  -1.9921172e+00
   1.5668263e+01  -3.8997537e+01
   7.6029870e+01  -7.4595869e+00
   8.4552040e+01   4.6580344e+01
   8.3291593e+01   6.0561708e+00
   7.0024880e+01   2.0856568e+01
   8.1109262e+01   2.1333544e+01
   5.9397001e+01   4.3461320e+01
  -5.5818056e+01  -7.3236067e+01
   8.6354522e+01   5.6496227e+01
   9.7380903e+01   2.0537025e+01
   5.2190827e+01   7.2431149e+01
   3.7871562e+01   8.5697660e+01
   6.2335345e+01   7.8162483e+01
   2.5731461e+01   7.0342896e+01
  -9.7189269e+01  -1.0569651e+01
   8.8645494e+01  -1.8325819e+01
   9.5857699e+01  -1.1482070e+01
   6.0776908e+01   8.9145178e+01
   2.5152778e+01   9.3506954e+01
   1.4172129e+01   2.1910072e+01
   6.4817492e-01   2.4266707e+01
  -1.3076147e+01   3.6594618e+01
   1.0659321e+01   5.1298939e+01
   5.3310440e+00   4.1726848e+01
  -1.9065330e+01  -4.2133314e-01
  -3.9124874e+01   2.2241044e+01
  -2.6970654e+01   2.2874430e+01
  -2.8689935e+01  -1.8230948e+01
  -5.7892028e+01   2.7458063e+01
  -5.0468334e+01   6.1369912e+01
   3.6904341e+01   3.4472128e+01
   3.2942652e+01   9.9975511e+00
  -3.6682680e+01   6.1807746e+01
  -5.5173887e+01   7.6332116e+01
  -4.0757658e+01   3.3494428e+01
  -5.1847634e+01   4.4034754e+01
  -6.7341661e+01   5.0157703e+01
  -5.1927811e+01   8.6513543e+01
  -3.7501918e+01  -2.1850475e+01
  -6.6956285e+01   2.3407676e+01
   5.5603504e+01   6.0390518e+01
  -9.4979910e+01   3.9761612e+01
  -7.8727983e+01   3.5611660e+01
  -8.9713742e+01   5.4411878e+01
   1.6231737e+01  -4.8976011e+01
   2.2255775e+01  -6.2669686e+01
  -9.7766412e+01   2.9509430e+01
   6.8541567e+01  -5.6715337e+01
  -8.9682832e+01   9.5237195e+00
  -4.7291091e+01  -2.2478865e+01
  -1.6604532e+01   7.6588186e+01
  -2.7035991e+01   5.9192424e+01
  -6.1036794e+01  -1.5739838e+01
  -7.0816725e+01  -3.3223440e+00
   3.7899675e+01  -6.6545659e+01
  -4.3068292e+01   9.0837759e+01
  -1.2024743e+01  -7.1831650e+01
   7.8732798e+01  -1.8445962e+01
  -3.1058385e+00  -3.1921094e+01
  -2.6425251e+00  -7.5267668e+01
   2.0929008e+00  -1.4000583e+01
   1.6223405e+01  -2.9032632e+01
  -5.1391797e+01  -4.3505076e+00
  -8.4974836e+01   7.1228516e-01
  -1.9855366e+01  -2.2141161e+01
   9.3284114e+01   6.2467077e+00
  -4.0310456e+00  -4.2288605e+01
  -9.5038551e+01  -2.0329714e+01
  -2.7985773e+01  -7.8134860e+01
  -2.3178905e+01  -9.6056217e+01
  -9.5219098e+01  -6.8504794e+01
  -7.4548581e+01  -7.8104523e+01
  -3.0951437e+01  -2.6391645e+00
  -8.4241934e+01  -7.8603151e+01
  -8.5226883e+01  -6.9567702e+01
  -1.2841903e+01  -3.3284976e+01
  -3.8021957e+01  -9.5912318e+01
  -4.6897712e+01  -5.9727163e+01
  -3.9994847e+01  -6.6769338e+01
  -4.1446314e+01  -3.0618496e+01
  -3.7698625e+01  -7.6056219e+01
  -3.0978397e+01  -4.1699422e+01
  -7.0242713e+01  -9.2788531e+01
  -8.5941674e+01  -9.6179547e+01
  -9.8004135e+01  -9.0871134e+01
  -2.9490329e+01  -5.9051792e+01
  -1.9339642e+01   9.6183015e+01
