   9.7163715e+01   2.1622768e+00
   2.3728446e+01   5.8977873e+01
   5.7007961e+01   7.0149815e+01
   6.5888462e+01   4.8103665e+01
   2.3371426e+01  -9.8602278e+00
  -1.8631557e+01  -7.8926598e+01
  -2.4869650e+01   5.2398524e+01
  -7.5668114e+01   2.1797150e+01
  -5.7044002e+01  -9.7825043e+01
  -3.3866268e+01  -6.4917212e+01
   2.8826381e+01  -8.4140162e+01
  -3.4358827e+01   2.4516722e+01
  -4.0109511e+01   4.2197817e+01
  -5.1506948e+01   9.3284237e+00
   7.3155329e+00  -8.8329930e+01
  -8.7684424e+01  -9.6713251e+01
   3.7258604e+01   3.3068028e+01
  -3.3607112e+00  -1.6469019e+01
  -7.9248037e+01  -8.3773739e+01
  -1.1995551e+01  -6.8707678e+01
   5.0880418e+01  -9.1670719e+01
  -2.2213544e+01  -5.0638113e+01
   1.8897119e+01   1.3941952e+01
  -2.5300416e+01  -3.5596637e+01
  -1.1797709e+00   3.0443792e+01
  -9.9947037e+00   7.3820315e+01
  -7.2524918e+01   9.4051218e+00
  -8.6112109e+01  -8.2533478e+00
   5.3613990e+01  -4.7199137e+01
  -6.7496373e+01   1.7811667e+01
   6.1069351e+00  -3.3819519e+01
  -7.9198086e+01  -6.3775503e+01
   5.2424681e+01  -3.3951169e+01
   8.0497277e+01  -6.6873029e-01
  -2.0561085e+01  -8.9696035e+01
   6.6742731e+01  -6.4175465e+01
  -6.0881257e+01  -6.6329902e+01
  -6.5720931e+00  -4.1866782e+01
  -5.8190013e+01  -1.6907761e+01
   6.4721735e+01  -3.5001022e+01
  -2.4501353e+01   1.1799516e+00
   7.5245523e+01   7.6672068e+00
   4.2169779e+01  -5.8874263e+01
   2.9604325e+01  -4.8655035e+01
   2.3073395e+01  -2.5331089e+01
   1.3116558e+01  -4.2516416e+01
   6.3177125e+01  -4.4730500e+01
  -8.2884650e+01  -4.4656819e+01
   7.2923543e+01  -4.0244803e+01
  -8.5788051e+01   8.0442572e+01
  -6.0917704e+01  -7.6495302e+01
   6.5387379e+01   8.0296940e+01
   4.2382354e+01   5.7443537e+01
   1.3047065e+01   4.1829480e+01
   9.2796092e+00   6.9110849e+01
   3.7122579e+01   2.1511282e+01
  -3.6076448e-01   1.0711003e+01
   7.4604878e+01   7.6488010e+01
   1.1573842e+01  -2.5638590e+01
   1.2777040e+01   6.2196272e+00
   8.3063941e+01   5.9078937e+01
   2.6205514e+01   6.8538108e+01
   3.4094736e+01   9.2370979e+01
   5.7316979e+01   5.5435793e+01
  -6.3502046e+01  -2.5260813e+01
  -5.2190310e+01  -8.1342523e+01
  -2.7250680e-01   7.1589451e+01
  -4.4538734e+00   3.9892051e+01
   1.6174185e+01   3.2087681e+01
  -2.4382713e-01   2.0631531e+01
  -2.6818448e+01  -2.5712413e+01
  -5.3099861e+01  -8.3977609e+00
  -6.6232489e+01   7.0990027e-01
  -7.5728484e+01  -2.6828327e-02
  -8.9753179e+01   1.3166372e+01
  -3.1563027e+01   8.2540061e+01
   5.5132098e+01  -4.8681352e+00
  -4.3264836e+01  -8.1939164e+00
  -6.7889383e+01   3.8430444e+01
  -4.3943835e+01   5.0529975e+01
  -5.5905709e+01   8.1337838e+01
  -3.5864775e+01  -8.8836968e+01
  -7.2301166e+01   9.1750484e+01
   2.2483573e+01  -7.6290791e+01
  -2.4122867e+00  -9.0570416e+01
   2.4917238e+01  -4.0013252e+01
  -1.2110704e+01  -9.6135422e+01
  -9.1542935e+01   6.0181459e+01
   3.0887882e+01  -3.1391431e+01
  -7.9272932e+01  -3.3316393e+01
  -7.0484958e+01  -5.0495011e+01
  -1.6452258e+01  -4.2553895e+01
   2.4012241e+00  -8.1882285e+00
   8.3348131e+01   8.9441994e+01
   8.4926116e+01   6.8979809e+01
   8.3270831e+00  -5.1377833e+01
   4.5206038e+01  -5.9797185e+00
   4.4047814e+01  -1.5872264e+01
   9.0995006e+01  -1.4231729e+01
   5.3821800e+01   2.2237854e+01
   5.2283394e+01   9.9439076e+01
   3.2067999e+01   4.1449091e+01
   3.6858328e+01   8.3224556e+01
   4.5717679e+01   1.6412598e+01
  -3.6615111e+01  -2.3780669e+01
  -2.1702827e+00  -6.8617701e+01
   9.5508565e+01   2.1985412e+01
   4.5775207e+01  -7.9200473e+01
  -1.5374895e+01  -5.9423440e+01
  -5.3015842e+01  -2.5256772e+01
  -5.0457554e+00  -5.9142836e+01
  -7.0637866e+01  -7.8714780e+01
  -4.2452430e+01  -6.9981759e+01
   8.4473272e+01  -2.2114200e+01
   7.4480689e+01  -8.0827405e+00
  -9.4528229e+01   4.7960006e+01
  -2.2113217e+01  -8.4670400e+00
  -1.4361776e+01  -1.4676696e+01
   4.1046326e-02   6.1838447e+01
  -2.9826409e+01   7.2699921e+01
  -2.1434459e+01   4.3241203e+01
   6.4707590e+01  -7.3866225e+01
   6.0813730e+01  -9.2458326e+01
  -9.7850641e+01   7.1368110e+01
  -4.6634051e+01   2.8853910e+01
  -6.7239658e+01   4.9344510e+01
  -1.9881709e+01   7.2760424e+01
  -1.6226677e+01   9.2586066e+01
  -5.2904917e+01   5.6912880e+01
   1.2701933e+01  -7.8892597e+01
   5.7146241e+01  -6.5865203e+01
  -6.8588286e+01  -1.6564175e+01
  -9.5614545e+01   6.7895447e+00
   3.2717601e+01  -5.7822541e+01
   9.9724104e+01  -3.9674315e+01
  -6.7017486e+01  -9.8318079e+01
   9.2524817e+01  -4.7303160e+01
   3.1520213e+00  -4.3128600e+01
  -7.9310801e+01  -7.3749915e+01
   1.9798492e+01  -4.9866733e+01
  -8.0943326e+01   6.3045247e+01
  -8.8881377e+01  -8.6429876e+01
  -5.8080060e+01  -5.7105392e+01
  -4.9841525e+01  -9.0944514e+01
  -5.2319839e+01  -7.1516458e+01
   1.7402322e+01   9.7977228e+01
  -9.9378928e+01   1.7922464e+01
  -9.7613806e+01  -6.5807918e+01
  -8.9104947e+01  -3.1797108e+01
  -9.5166966e+01   2.7101508e+01
   2.5929421e+01   7.9421199e+01
   2.8451753e+01   1.6713319e+01
   2.2465404e+01   3.9814510e+01
   1.6123964e+00  -2.5007607e+01
   1.7461931e+01  -3.3561797e+01
   1.2827094e+01  -8.4438093e+00
   2.1208386e+01   2.3561061e+01
   2.9721977e+01  -2.2335985e+00
   3.3475932e+00   8.8251233e+01
   9.9930761e+01   3.8696973e+01
  -5.6714833e+00   2.3022643e+00
   8.0172642e+01   9.8916836e+01
   7.1785043e+00  -1.6785160e+01
  -5.2729284e+00  -3.2125098e+01
   8.5449886e+00   1.5213832e+01
   7.3284682e+01   8.7403676e+01
  -4.1723443e+01   1.0112054e+01
   9.0353584e+01   9.7982193e+01
   7.0370168e+01   9.7043620e+01
   1.5019211e+01  -5.8560920e+01
   3.8862223e+01   1.7139931e+00
  -8.9686328e+01  -5.8588013e+01
   7.1257323e+01   2.0384104e+01
   5.2659061e+01   3.3811642e+01
   2.9572597e+01   5.1047983e+01
   7.5550276e+01   6.5567537e+01
   4.2895925e+01   6.8953472e+01
   9.5127267e+01   5.8078998e+01
   4.3749052e+01   9.0960272e+01
   4.5607376e+01   7.8770055e+01
   8.8852012e+01   4.0737169e+01
   8.9628394e+01  -4.3599136e+00
   3.5937930e+01  -1.0046350e+01
   2.3013492e+01   8.8979036e+01
  -2.5229419e+01  -6.0110814e+01
  -2.7830244e+01  -8.2889117e+01
  -3.5145260e+01  -1.3918340e+01
  -1.5773715e+01  -3.2611244e+01
   4.8562154e+01   4.0746981e+00
   8.9293557e+00   2.5155794e+01
  -4.4352973e+01  -3.0044726e+01
   8.6763830e+01  -6.6618550e+01
   8.6228437e+01   8.1295145e+00
   8.0341568e+01   1.6216193e+01
  -5.5846397e+01  -3.4633570e+01
  -6.3020220e+01  -8.3761550e+00
  -4.6241405e+01  -1.7731214e+01
  -9.6415283e+01  -7.5156463e+00
  -3.3010829e+01  -5.3949869e+01
  -3.0017974e+01  -4.4406854e+01
  -1.0527270e+01  -5.0852220e+01
  -7.0545076e+01  -6.8727188e+01
  -5.1354538e+01  -6.2039918e+01
   8.4399739e+01  -3.8512763e+01
  -5.9557708e+01  -8.8121610e+01
  -9.6291193e+01  -2.4899945e+01
  -2.1873441e+01  -6.9479803e+01
   3.6055692e+01  -7.7348840e+01
   6.7759697e+00   3.4885354e+01
  -8.3600593e+01   2.7135138e+01
   1.7132483e+01   5.0652945e+01
   3.7990448e+00   4.5208613e+01
  -9.8446742e+01  -5.3765655e+01
  -9.2272328e+01  -4.1268484e+01
  -8.5329035e+01   4.2866812e+01
   9.4836333e+01  -8.2209431e+01
   5.4838197e+01  -7.5355633e+01
  -1.0852277e+01  -2.3940076e+01
  -5.9071289e+01   2.4989665e+01
  -6.2136853e+01   8.7266084e+00
  -4.2050724e+00   5.1772039e+01
   4.5235042e+01   2.7221243e+01
  -2.6413882e+01   6.2038984e+01
  -1.3785085e+01   4.9305984e+01
  -4.9152176e+01   3.8451746e+01
  -7.7948892e+01   7.2571383e+01
   3.4939598e+01  -4.0408953e+01
  -5.4065755e+01   1.7919975e+01
  -5.6380603e+01   8.8886243e-01
  -3.9019744e+01   8.9842445e+01
   6.3292617e+00   9.7660828e+01
   5.3970180e+01  -1.4799440e+01
   4.0972791e+01  -3.2578973e+01
   7.3298216e+00  -7.0534532e+01
   2.1218195e+00  -9.9461325e+01
  -4.3617335e+01   6.9502068e+01
  -7.5561467e+01   4.3798257e+01
  -1.1332610e+01  -8.6178973e+01
  -2.8576399e+01   9.2098581e+01
  -9.2335388e+01   9.0023265e+01
  -2.5765087e+01   3.4550092e+01
  -4.6415399e+01   1.1871247e+00
  -5.9694044e+01   4.2828686e+01
  -2.9655488e+01   1.6251284e+01
   7.6399088e+01  -6.5928770e+01
  -8.0552024e+01   3.5265647e+01
  -6.5020713e+01   8.5023030e+01
   1.8562493e+01  -9.7812917e+01
   2.4435519e+01  -6.2562469e+01
   4.5702761e+01  -6.9053888e+01
   4.5648488e+01  -4.1299991e+01
   4.7630407e+01  -2.5182880e+01
   3.5800386e+01  -6.7404421e+01
   3.2267000e+01  -9.3488821e+01
   3.9582667e+01  -4.9211169e+01
   7.2216819e+01  -4.8606238e+01
   3.7497732e+01  -2.3351984e+01
  -7.8434618e+01  -1.4869272e+01
   7.1627505e+01  -2.2071746e+01
   9.0890862e+01  -2.6569710e+01
  -4.2198080e+01  -9.7282127e+01
  -7.3492941e+01  -2.5211197e+01
   6.2849172e+01  -2.5373601e+01
  -7.3486798e+01  -4.1310456e+01
  -6.0848341e+01  -4.2584568e+01
  -8.5453679e+01   5.2423447e+01
  -8.7937950e+01   7.0157810e+01
  -9.7222781e+01   8.1329861e+01
  -9.0674172e+01  -1.6853883e+01
  -8.3347781e+01  -2.3608951e+01
  -9.4873991e+01  -7.5734924e+01
   6.6847504e+01   7.0280297e+01
   9.2877800e+01   3.1613739e+01
  -7.4789198e+00  -7.4844985e+00
  -6.9986616e+00  -7.7293731e+01
   4.8283723e+00  -6.0701603e+01
   6.3297345e+01   9.0051817e+01
   9.3291186e+01   8.8379875e+01
   8.4091555e+01   7.9481914e+01
   5.4684958e+01   1.1971579e+01
   6.3013242e+01   2.6025983e+01
  -7.9177054e+01  -5.3895669e+01
  -8.7986500e+01  -6.8494796e+01
   6.6398283e+01   3.0604869e+00
   6.4638067e+01   1.2894449e+01
  -3.5374346e+01  -2.3073457e+00
   4.4711678e+01   3.9825706e+01
   2.7474221e+01   3.1267853e+01
   4.1551527e+00   1.5347936e+00
  -7.8134308e+01  -9.3754773e+01
   3.9262853e+01   4.8138364e+01
  -6.9541900e+01  -8.8646243e+01
   6.0740542e+01   3.9577024e+01
   3.3314695e+01   6.1365474e+01
   5.0613506e+01   6.2744563e+01
   5.3339999e+01   4.6281805e+01
   9.8876336e+01  -8.0400732e+00
   5.5447539e+01   7.9877203e+01
   7.8022773e+01   4.9692271e+01
   9.3955494e+01   7.7999967e+01
   9.5134762e+01   6.8075079e+01
   9.8146642e+01   4.8532541e+01
   7.0785803e+01   5.6791554e+01
   3.7007662e+01   1.1519074e+01
  -1.4964198e+01  -1.0754636e+00
   8.8397236e+01   5.0687615e+01
   8.3842474e+01  -5.7067736e+01
   9.5038892e+01  -7.2217668e+01
  -3.5097678e+01  -3.3721356e+01
   8.5785608e+01   2.4577752e+01
  -6.6059740e+01  -3.4732411e+01
   9.5447499e+01   1.2000082e+01
  -4.2192648e+01  -5.9692251e+01
  -4.2289789e+01  -7.9975149e+01
  -3.3718487e+01  -7.4854920e+01
  -2.8049360e+01  -9.6203239e+01
   2.9435942e+01  -1.7649380e+01
   1.9845424e+01  -6.6546622e-01
   1.7086987e+01  -1.7448843e+01
   2.6127400e+01   7.0512952e+00
   6.5024156e+01  -6.8250763e+00
  -9.8006489e+01  -9.0512356e+01
   9.6315770e+01  -9.2095202e+01
   5.3430603e+01   8.9543856e+01
   7.1012115e+01  -9.2025303e+01
   6.4353110e+00   5.4552441e+01
  -9.2805670e+01   3.6569152e+01
   9.5771871e+01  -5.6761103e+01
   8.3375631e+01  -9.4615236e+01
  -2.9712163e+00   8.0875840e+01
  -3.7702855e+01   3.3253998e+01
   1.6582883e+01   7.5887246e+01
  -9.4527709e+00   6.4017802e+01
   2.7278660e+00  -7.9453968e+01
  -7.5892498e+01   8.2347283e+01
   6.5491332e+01  -8.3719302e+01
  -1.7345117e+01   5.8526254e+01
   4.1523170e+01  -8.8199109e+01
  -2.1905156e+01   8.3444576e+01
  -1.2259110e+01   8.3489315e+01
  -4.8326962e+00   9.3996182e+01
   1.4122512e+01   6.0550644e+01
   3.4378659e+01   7.3884938e+01
  -7.5741441e+01   5.4541800e+01
  -3.5504327e+01   6.4579226e+01
  -4.3858964e+01   5.9831145e+01
  -3.5209007e+01   5.4455128e+01
   1.7832519e+01  -8.7435040e+01
   7.3788705e+01  -5.7240837e+01
  -2.4608891e+01   2.5084898e+01
  -3.1044191e+01   4.5017777e+01
  -3.2378964e+01   6.9970145e+00
   1.6714155e+01  -6.8293847e+01
  -6.4047572e+01   9.7547610e+01
  -5.6736616e+01   9.0970228e+01
  -8.7638005e+01   9.8828804e+01
  -4.1033230e+01   7.9910342e+01
  -5.2379169e+01   7.2563616e+01
   5.1739621e+01  -5.7785258e+01
  -4.7639291e+01   9.4820771e+01
   6.3966039e+01  -5.4665899e+01
  -8.5331776e+01   1.5376848e+00
   2.7151307e+01   9.8908902e+01
  -1.5811379e+01   3.5338768e+01
   9.1732444e+01  -3.5169743e+01
  -9.9924936e+00   2.7772405e+01
   7.8437274e+01  -1.6036085e+01
  -7.3321690e+01   3.0548246e+01
  -6.5039804e+01   2.9716430e+01
  -5.2370170e+01   4.7685739e+01
   7.3941464e+01  -3.0710378e+01
  -8.8290343e+01   2.0738221e+01
  -6.1896527e+01  -5.0747021e+01
   7.9567787e+01  -3.5997438e+01
  -5.9693810e+01   1.5763418e+01
   9.6739759e+01  -2.5461357e+01
