   4.1463013e+01  -3.3407405e+01
   6.7263203e+01  -7.0678941e+00
  -1.8929197e+01  -6.4736161e+01
  -2.5062915e+01   4.4335476e+01
  -6.6834815e+01  -7.5232816e+01
  -4.6371450e+01  -8.0814278e+01
  -3.7468050e+00  -2.4675184e+01
  -8.3071571e+01  -8.8605667e+01
  -7.7151769e+00   5.6352813e+01
   3.6954070e+01   2.4116870e+01
  -5.6177599e+01  -6.3875867e+01
  -3.9229415e-01  -5.9663880e+00
   6.6352516e+01   9.4520976e+00
   1.1641962e+00   5.1470053e+01
  -5.2070983e+01   1.2844615e+01
   6.8853513e+01   4.8681938e+01
  -6.0064789e+01   3.7423450e+01
   5.9086902e+01  -5.8824547e+01
  -5.8714138e+01  -2.4521663e+01
  -2.8231906e+01   6.8988761e+01
   5.1111383e+01  -1.6128788e+01
   2.4126618e+01  -2.4923237e+01
   2.5643179e+01   6.0342395e+01
  -1.0541698e+01  -5.3020861e+01
   1.3620724e+01   7.5462654e+01
   9.5996504e+00  -9.5177551e+00
  -5.7062611e+01  -5.3915612e+01
   6.8393755e+01   9.9445766e+01
   3.3471098e+01   7.6865532e+01
  -9.6821624e+01  -4.1912509e+01
   8.5316497e+00   3.0452601e+01
  -4.0406227e+01  -3.3911763e+00
  -4.9412566e+01   2.2486716e+01
  -4.6178474e+01   5.2360054e+01
   4.5671845e+01   3.5112374e+01
  -5.0635292e+01   3.3686183e+01
  -8.2492718e+01   1.6085457e+01
   5.3153998e+01  -5.0783901e+01
  -4.3655516e+01  -1.2838160e+01
  -8.1916045e+01  -1.7665730e+01
   6.1223148e+01   9.0042002e-01
  -1.8540562e+01   6.6525495e+01
   3.6265535e+01  -2.1962153e+00
   7.0188989e+01  -4.1558954e+01
  -2.9651101e-01  -5.4425148e+01
  -8.1801008e+01  -3.7164408e+01
   3.4962159e+01   6.3961078e+01
  -3.1665070e+01  -2.8783773e+01
  -3.0486267e+01  -6.9058067e+01
   5.5980613e+01  -4.1213327e+01
  -5.1356431e+01  -9.9920442e+01
  -2.8641380e+01   9.3972711e+01
  -5.3710783e+00   6.9059100e+01
   1.0746108e+01   9.2359342e+00
   2.7978773e+01  -7.7865658e+00
  -8.8891878e+01  -5.9507273e+01
   7.0912080e+01   7.3207457e+01
  -7.0430808e+01  -5.4636650e+01
   9.8598089e+01   1.6082462e+01
   5.2312391e+01   9.8533960e+01
   1.6282313e+01   6.3858970e+01
   8.6558582e+01  -6.2605306e+00
  -1.7727194e+01   5.6560679e+01
   1.5409461e+01   4.1075523e+01
  -3.0692820e+01   3.2333036e+01
  -2.7421015e+01   5.5905861e+00
  -3.2224039e+01   1.4291149e+01
  -7.7297208e+01   4.8883693e+01
   2.5747529e+01   3.4415732e+01
   5.5277499e+01   1.9784094e+01
  -4.3953242e+01   8.0575011e+01
   4.8659539e+01   4.4649840e+01
  -8.0518277e+01   5.8350691e+01
  -8.0647764e+01   2.5913670e+01
   1.2874146e+01  -5.9230968e+01
  -6.1849587e+01  -4.5164239e+00
  -3.5606666e+01   8.6797466e+01
   6.3398309e+01  -4.8899516e+01
   3.3271055e+01  -5.0775813e+01
  -5.7679267e+01   4.5710239e+00
  -8.1516633e+01  -6.9482561e+00
   8.2003808e+01  -2.9553952e+01
   4.0475488e+01  -1.5439058e+01
   5.0541406e+01   1.7923887e+00
   5.2362612e+01  -3.1240183e+01
   5.5562345e+00  -2.8619457e+01
   5.2158202e-01  -6.5653026e+01
  -2.8386553e+01  -8.8487599e+01
   4.4828992e+01   6.2349652e+01
  -9.5245532e+01  -5.1786560e+01
  -2.2230100e+01  -3.2060238e+01
   3.3582577e+01  -3.9522812e+01
   3.7874049e+01   4.3805861e+01
  -1.0168927e+01   8.3049638e+01
  -6.3071676e+01  -9.9826546e+01
   9.8409278e+01   4.0927275e+01
   8.4791646e+01   7.1429718e+01
   1.3745719e+01  -4.1774886e-01
   7.6934802e+01   5.4569028e+01
   1.9482947e+01  -1.6068793e+01
  -6.6175439e+01  -6.3685308e+01
  -5.8793796e+01  -3.8419507e+01
   7.7053621e+00  -4.5351863e+01
   7.6309794e+01   1.0114376e+01
   6.2772564e+01   6.7399507e+01
   4.3768697e+01   8.2306697e+01
   7.5796656e+01   8.1931199e+01
   9.1913881e+01  -2.8296222e+01
   3.7073642e+01   9.7282379e+01
   1.6278551e+01   8.7511008e+01
   8.3718737e+00   1.8933333e+01
  -9.1541160e+00   2.7755633e+01
  -4.9259349e+00   4.3858282e+01
  -1.8992197e+01   2.7803071e+01
  -1.1572102e+00   3.4479890e+01
  -7.4649624e+01  -6.8994487e+01
  -4.2107725e+01   1.3298386e+01
  -2.2396718e+01  -9.8821575e+00
  -4.6657515e+01   4.4066306e+00
  -6.1923899e+01   1.4505956e+01
  -4.7263321e+01   7.0890602e+01
   2.7884610e+01   4.4182836e+01
  -3.6196636e+01   5.1754144e+01
   2.8087100e+01   1.9503976e+01
  -5.7548683e+01   5.1986879e+01
   4.6544636e+01   1.4936204e+01
  -6.1985736e+01   8.4307969e+01
   5.5485991e+01   3.3237805e+01
  -9.2225282e+01   2.0871211e+01
  -6.9203179e+01   3.3370958e+01
   5.6378798e+01   9.8722909e+00
  -8.6489746e+01   4.4947463e+01
  -9.8953449e+01   5.0586560e+01
   2.4643627e+01  -5.5822687e+01
  -7.2567260e+01   1.4875336e+01
  -7.3287521e+01  -1.2621393e+01
   6.5055148e+01  -6.6843759e+01
   9.8153805e-01   6.1367720e+01
   3.7780377e+01  -8.0247366e+01
  -5.1565909e+01  -3.1514649e+01
   4.3211902e+01  -5.1808883e+01
  -2.9455492e+01   7.8913370e+01
  -6.7539113e+01   6.2330727e+00
  -9.0148889e+01  -1.1993456e+01
  -9.4813386e+01   3.2242678e-01
   6.9814378e+01  -1.9939830e+01
   4.5204346e+01  -6.6499139e+00
  -3.7457028e+01   7.2847148e+01
  -8.4071569e+01  -2.7427066e+01
   5.5180299e+01  -7.0263045e+00
  -9.0964032e+00  -6.2915707e+01
  -1.0733188e+01  -1.7520799e+01
   7.2024661e+01  -2.9677496e+01
   2.4719586e+01  -3.4899882e+01
   4.1616539e+01   6.2443219e+00
  -1.2072442e+01  -4.3049244e+01
  -8.8286290e+01   3.2382041e+01
  -1.9016806e+01  -8.4911841e+01
   6.1161063e+01  -1.4986285e+01
   4.5263136e+01  -2.4201160e+01
   6.0094143e+01  -2.4906321e+01
  -2.0486171e+01  -5.1980161e+01
  -3.7202728e+01  -5.7813658e+01
  -7.7623518e+01  -4.7659718e+01
  -8.7384236e+01  -4.5485230e+01
  -5.7286166e+01  -9.1670141e+01
   4.6058336e+01  -4.2252086e+01
  -9.5303703e+01  -7.8453927e+01
  -2.1991373e+01  -4.2099048e+01
  -3.8215722e+01  -8.6647378e+01
  -3.0830561e+01  -4.9922094e+01
   3.3934867e+01  -2.6844921e+01
   4.7843954e+01  -6.9819931e+01
   4.6886805e+01   2.5193331e+01
   3.2626973e+01   5.3165894e+01
   2.5178508e+01  -4.4903570e+01
  -7.8902935e+01  -5.9944969e+01
  -2.1964868e+01   8.5538242e+01
  -1.5702424e+01   9.3334074e+01
   2.1049573e+01   5.1468979e+01
   4.2610316e+01   5.2607356e+01
   2.4128469e+01   8.0490557e+01
  -1.4078495e+00   7.8235153e+01
  -6.4747340e+01  -8.5012229e+01
   4.9402356e+00   7.0515455e+01
  -5.7837059e+00   9.2035738e+01
   7.5827535e+01   6.4505148e+01
  -1.2638261e+01  -7.7056992e+00
  -6.2478036e-01  -9.1326925e+01
   2.4887671e+00   3.6057522e+00
   6.7701262e+01   5.8680261e+01
  -7.2044025e+01  -3.9354038e+01
   2.7280436e+01   2.1764963e+00
  -6.4148747e+01  -4.6860337e+01
  -4.7327028e+01  -9.0768307e+01
   1.6050586e+01  -3.9868126e+01
   7.7208204e+01  -9.8049763e+00
   8.6438495e+01   5.1462764e+01
   8.3613569e+01   3.2929970e+00
   6.9420986e+01   1.8950891e+01
   8.5845613e+01   1.3094122e+01
   5.8480274e+01   4.2772268e+01
  -4.9496039e+01  -7.1315334e+01
   8.5330039e+01   6.1399743e+01
   5.4270693e+01   7.2776106e+01
   3.5208246e+01   8.7459014e+01
   6.2473812e+01   7.8563514e+01
   2.5897015e+01   7.0336978e+01
   8.9721832e+01  -1.8540085e+01
   9.9167338e+01  -1.5276479e+01
   5.9456580e+01   9.1537845e+01
   2.5752922e+01   9.0694237e+01
   1.7099510e+01   2.3794790e+01
   1.6099786e-01   2.4540349e+01
  -1.1848058e+01   3.7181493e+01
   1.1083609e+01   5.1302399e+01
   5.4509492e+00   4.1985349e+01
  -1.9397600e+01  -3.4369367e-01
  -3.8987834e+01   2.2807434e+01
  -2.7428409e+01   2.2880865e+01
  -2.8388649e+01  -1.7885676e+01
  -5.8236226e+01   2.7192005e+01
  -5.0436641e+01   6.1407808e+01
   3.5736520e+01   3.4039831e+01
   3.2640032e+01   1.0610872e+01
  -3.6996647e+01   6.1899504e+01
  -5.5479158e+01   7.6591086e+01
  -4.0644235e+01   3.3308174e+01
  -5.2174172e+01   4.3563057e+01
  -6.7376899e+01   5.0141976e+01
  -5.2179768e+01   8.6268234e+01
  -3.7892340e+01  -2.0989776e+01
  -6.7532911e+01   2.3513248e+01
   5.4778662e+01   6.1395557e+01
  -9.5037999e+01   3.9758452e+01
  -7.8896554e+01   3.5816668e+01
  -8.9714240e+01   5.4413328e+01
   1.6563436e+01  -4.9944536e+01
   2.1341790e+01  -6.5258632e+01
  -9.7855674e+01   2.9482296e+01
   6.8960596e+01  -5.7245883e+01
  -9.0825813e+01   1.0558166e+01
  -4.7806486e+01  -2.2253738e+01
  -1.7713008e+01   7.6488484e+01
  -2.7419678e+01   5.9021997e+01
  -6.3530746e+01  -1.4765920e+01
  -7.2021816e+01  -2.7036998e+00
   3.7066345e+01  -7.0279341e+01
  -4.4071616e+01   9.2121198e+01
  -1.2197266e+01  -7.2424613e+01
   7.9790069e+01  -1.9590540e+01
  -2.4258585e+00  -3.4625293e+01
  -2.6117898e+00  -7.5278204e+01
   9.8563654e-01  -1.5867562e+01
   1.5464940e+01  -2.9891465e+01
  -5.1602383e+01  -4.2806872e+00
  -8.5028762e+01   2.4116355e+00
  -1.9464141e+01  -2.2395457e+01
  -2.2331455e+00  -4.4618717e+01
  -9.5421461e+01  -2.0489990e+01
  -2.7136619e+01  -7.8566032e+01
  -2.2721784e+01  -9.6728349e+01
  -9.5222378e+01  -6.8454258e+01
  -7.5439365e+01  -8.0356287e+01
  -3.0427013e+01  -3.9306842e+00
  -8.5307788e+01  -7.8739506e+01
  -8.5057806e+01  -6.8742765e+01
  -1.2291060e+01  -3.3052594e+01
  -3.8007348e+01  -9.6645141e+01
  -4.7016185e+01  -5.9863882e+01
  -4.0333429e+01  -6.7310390e+01
  -4.1630421e+01  -3.0380925e+01
  -3.6965807e+01  -7.6725985e+01
  -3.1379197e+01  -3.8758627e+01
  -7.0535712e+01  -9.3166551e+01
  -8.6972020e+01  -9.7813625e+01
  -9.8004135e+01  -9.0871134e+01
  -2.7312490e+01  -5.9284956e+01
  -1.0567820e+01  -9.0261106e+01
   9.6437645e+01   5.1517023e+01
   7.6697849e+00   9.3307098e+01
  -6.5944397e+01  -3.1429834e+01
   9.2684638e+01   7.7569805e+01
  -7.6197987e+00   9.4248821e-01
   2.0727991e+01   9.7177085e+00
   9.6538041e+01  -5.6286253e+00
  -1.7122090e-02   1.3285950e+01
  -5.3566214e+01  -1.4083726e+01
  -7.2804648e+01  -2.4154544e+01
   1.0193359e+01  -1.9764265e+01
   3.0684892e+01  -1.7396187e+01
   8.8437014e+01   4.1666113e+01
   7.4084500e+01   2.4220731e-01
   9.0868661e+01   3.1966980e+01
  -5.7155548e+01  -7.7744058e+01
   6.2746263e+01   2.6381015e+01
   7.9271322e+01   2.0622842e+01
   5.9694779e+01   5.2692557e+01
   9.4443032e+01   6.5513869e+01
   9.9920652e+01   2.5994618e+01
   9.3903149e+01   7.1807199e+00
  -9.2414744e+01  -3.2937122e+01
   4.4278483e+01   7.2326593e+01
   6.9241742e+01   8.9481998e+01
   7.2293630e+00   8.3266366e+01
   3.8029178e+01  -6.0338331e+01
  -9.9523881e+01  -8.5181465e+00
   4.9074093e+01  -5.9903134e+01
   6.3232255e+01  -3.4382125e+01
   5.3705814e+01   8.3359879e+01
  -2.1433483e+01   3.6108245e+01
