  -2.2390576e+01  -2.6944905e+01
   3.0538029e+01   5.5377332e+01
   6.5737491e+01  -3.9369792e+01
  -7.4651208e+00  -4.1270059e+01
  -1.7397909e+00  -5.7604961e+01
  -2.9796772e+01   1.1539853e+01
  -8.6096060e+00  -1.0271320e+01
   2.1766203e+01   3.9071815e+01
   4.0304494e+01   5.0684177e+00
   1.2824119e+01  -4.3589801e+01
  -3.7551374e+01  -7.7169754e+00
  -7.0259148e+01  -4.2678931e+01
   5.1882434e+01   4.3981941e+01
   5.7168696e+01  -1.2903126e+01
   2.2811272e+01  -4.3992025e+01
  -3.9340276e+01   1.4523179e+01
   8.0815308e+01   1.7467959e+01
   3.3771607e+01   2.8727778e+01
   4.2478260e+01   2.3810197e+01
   4.1567911e+01  -5.7815213e+00
   7.0857612e+01   4.3453713e-01
   9.4921948e+00   7.8586940e+01
  -5.3833739e+01   3.8429991e+01
   2.6503686e+01  -6.3309671e+01
   2.7269619e+01  -1.8208458e+01
  -3.2790219e+01  -7.7268142e+01
   2.1181148e+01  -3.4126143e+01
  -5.3501246e+01   2.8435763e+01
  -6.5799216e+01   2.7155881e+01
  -6.8128795e+01  -6.7949186e+00
   4.1429589e+00  -3.8636565e+01
  -2.7039831e+01  -1.8092945e+01
   2.1371460e+01  -7.6606334e+01
  -3.2380285e+01  -2.6543992e+01
  -3.0057207e+01  -4.6356073e+01
  -1.0219270e+00   4.4287485e+01
   2.4757345e+01  -7.4969770e+00
   2.1324624e+00   5.8337680e+01
   1.6970221e+01  -1.2278396e+00
  -3.8356603e+01   3.9545160e+01
  -1.4013268e+01   5.9131072e+01
   3.8394531e+01  -3.1906803e+01
   3.7038301e+01  -4.7647472e+01
   2.6650942e+01  -5.3222937e+01
   1.7597401e+01  -5.7462910e+01
  -1.1147581e+01  -5.4215907e+01
  -6.0148234e+01   1.0059639e+01
  -6.4570862e+01  -1.6140359e+01
  -5.5844387e+01   3.5710903e-01
  -4.6715265e+01  -3.7206881e+00
   1.6452655e+00  -8.7359260e+01
  -3.1790062e+00  -2.2139838e+01
   7.3166824e+00  -6.2626850e+01
   5.6755851e+01   1.4847628e+01
   8.3790142e+00   2.2843962e+01
  -3.9829448e+01  -6.9949932e+01
   5.5660164e+01   3.4723004e+01
  -5.1628133e+01  -2.2100346e+01
  -8.4546185e+00   3.7597685e+01
  -3.3238474e+00   7.4339584e+01
  -2.4752680e+01   7.4254671e+01
   6.9195098e+00   1.2955138e+01
   8.5155397e+01  -1.6861565e+01
   3.9862139e+01   7.0426231e+01
   5.4798917e+01  -2.3115538e+01
  -2.3513958e+01   2.6632578e+01
  -2.7524411e+01   4.4510669e+01
   1.7271368e+01   5.0901313e+01
   3.6529730e+01   3.8339647e+01
   5.0021166e+01   5.5646174e+01
   7.6698795e-02  -3.1789190e+00
   4.8324711e+01  -3.0736512e+01
   5.1458627e+01  -4.6763765e+01
   3.6821764e+01  -7.9248654e+01
  -2.1334626e+01  -7.3929965e+01
   2.9113088e+01  -2.8036638e+01
   8.9714191e+00  -1.9272917e+01
  -4.5572401e+01   2.2342818e+01
  -2.0808658e+01  -6.3946440e+01
  -7.5411663e+01   2.4399973e+01
  -1.7761914e+01  -1.4367816e+01
  -2.7561760e+01  -8.1088192e+00
  -6.9018863e+01   3.6622723e+01
  -7.1876886e+01  -2.2967553e+01
  -3.5515039e+01   2.0714296e+00
  -5.0909729e+01   1.3886827e+01
  -4.6195944e+01  -1.3705698e+01
  -1.6735500e+01  -4.4993044e+01
  -5.5875981e+01  -1.1202541e+01
  -1.0817765e+01  -6.4340833e+01
  -1.3544895e+01  -8.3445687e+01
   1.1076270e-01  -4.7783167e+01
  -3.8212070e+01   2.9111769e+01
   3.5662628e+01  -5.7552127e+01
   6.3715023e+01   7.4333002e+00
   8.7187789e+00  -7.2527327e+01
  -1.3623485e+00  -6.7593587e+01
  -4.4679184e+01   6.0681760e+00
  -3.0812391e+01  -5.6495625e+01
   8.7894434e+00  -5.2737712e+01
  -2.2648535e+01  -3.6938422e+01
   3.0073156e+01   8.3449600e+00
   2.0480015e+01   1.1166412e+01
   4.7048366e+01   1.2449832e+01
  -5.6511731e+00   6.4614505e+01
   5.7175576e+01   2.4838637e+01
  -2.3271043e+01   6.2911550e+01
   4.5669905e+01   3.4283088e+01
  -5.9988715e+01  -4.4418798e+01
  -6.1034301e+01  -2.5493937e+01
   4.4635347e+00   3.4271855e+01
   2.4478446e+01   7.2715109e+01
   6.1392303e+01  -3.1711894e+00
   4.8095405e+00   6.7978817e+01
   7.6116638e+01  -8.0708469e+00
  -2.1473374e+01   5.2472022e+01
   6.7006271e+01  -2.2515930e+01
  -2.0085483e+01   3.6999185e+01
  -3.7486066e+01   4.9507175e+01
   7.1601196e+01   1.3582101e+01
  -4.2537281e+01  -2.6802714e+01
  -3.1843973e+01   5.7763392e+01
   1.3965100e+01   3.1133966e+01
   7.3275216e+00   4.9794688e+01
  -6.2758302e+00   5.2796088e+01
   1.1880998e+01   6.0565960e+01
   4.1250636e+01   6.0450092e+01
  -1.8283932e+01  -4.3871650e+00
  -3.8534331e+00   2.8720220e+01
  -9.3583510e+00   1.0525720e-01
   3.1610792e+01  -3.9249338e+01
   4.2211560e+01  -2.2666481e+01
   4.7232704e+01  -1.4020570e+01
   5.8078097e+01  -3.2941062e+01
   4.3825474e+01  -4.0303512e+01
   3.4300220e+01  -6.9571784e+01
  -4.4831928e+01  -7.8608382e+01
  -3.0102194e+01  -6.7634218e+01
  -2.9754117e+01   3.4446555e+01
   1.7698499e+01  -2.4752712e+01
  -5.8837712e+01   1.9978702e+01
  -6.2188006e+01   4.3925812e+01
   5.9927231e+00  -2.8813060e+01
  -6.9736196e+01   1.5611327e+01
  -7.8692920e+01   3.4090863e+01
  -8.1636335e+01  -2.0788171e+01
  -2.5526682e+01   2.5007599e+00
  -6.7404248e+01   3.1786568e+00
   6.6004344e-03  -7.7496142e+01
  -7.6562882e+01  -1.2167601e+01
  -3.1971928e+01   2.1298661e+01
   4.2911049e+01  -6.4439474e+01
  -3.4402079e+00  -3.2125445e+01
   1.0988887e+00  -1.3114449e+01
   7.8743819e+01   6.5833286e+00
   1.7337650e+01  -6.7457187e+01
  -2.1144224e+01  -5.3957775e+01
  -1.3115305e+01  -2.3216444e+01
  -4.9014008e+01  -6.4380088e+01
   1.8278075e+01   2.0920832e+01
  -9.5726863e+00  -7.4268456e+01
  -1.2359520e+01   7.8623969e+01
  -1.3377612e+01  -3.3208617e+01
   3.2618341e+01  -1.3242970e+00
   1.7886177e+01  -1.4755158e+01
   3.6530633e+01  -1.4437215e+01
   1.0014153e+01  -8.5885430e+00
  -3.3560102e+01   6.7615018e+01
   2.8277600e+01   2.0305022e+01
  -1.5418576e+01   6.9103355e+01
   6.1989487e+01   4.2464979e+01
   6.6871915e+01   2.2393095e+01
  -7.3433099e+01  -3.2845481e+01
   2.9481633e+01   4.5433414e+01
  -6.3698118e+01  -3.5132339e+01
   7.9191131e+00   3.0118100e+00
   3.7300347e+01   1.5255475e+01
  -1.3842707e+01   2.9173425e+01
   3.1245069e+01   6.5352222e+01
   2.1778420e+01   6.1994479e+01
   1.4819891e+01   7.0124343e+01
   5.1504383e+01  -4.6621198e+00
  -1.3820813e+01   4.6035195e+01
   8.6030953e+01  -6.7669865e+00
   7.8077165e+01  -2.3925462e+01
  -4.6548639e+01   4.5280112e+01
   6.7160249e+01  -1.2517235e+01
  -4.6464977e+01   5.5279712e+01
  -5.2576929e+01  -3.2054627e+01
  -3.7031633e+01  -1.7699444e+01
  -3.2628201e+01  -3.6531860e+01
   1.1939406e+01   4.0923985e+01
   2.3787366e+01   2.9266806e+01
   5.9378046e+01   5.2117934e+01
   3.9405311e+01   5.0540965e+01
  -1.7667965e+00   6.6480218e+00
   5.4011005e+01   5.0185282e+00
  -9.1763693e-01   1.9162574e+01
  -4.0413382e+01  -5.9281318e+01
