   4.0237790e+01   1.1550234e+01
   3.0034820e+01  -1.4141521e+01
  -2.7554252e+01  -2.1763204e+01
   3.7940901e-02   2.2809729e+01
   5.7349614e+00  -3.1406156e+01
   9.8044916e+00   9.7486956e+00
   4.5116236e+00  -2.1494482e+01
  -1.5194015e+01  -2.1728078e+01
   2.6813198e+01  -3.2392062e+00
   7.0766132e+00   1.2930828e-01
   2.9177589e+01   4.2266054e+01
  -3.7592079e+01   9.8202728e+00
   9.5559541e+00   1.9744476e+01
  -1.1026483e+01   2.8464116e+01
   3.2767172e+01  -2.5623337e+01
  -4.7039223e+00  -1.7683557e+01
  -1.9882740e+01  -4.4123535e+01
  -2.2367764e+00  -5.0554515e+01
  -2.7572894e+01  -3.7732373e+01
  -2.8097673e+01   6.6928727e+00
  -3.9440291e+01  -1.0897720e+01
  -1.5516560e+01  -9.6829779e-01
   4.1603538e+00   4.0546514e+01
   3.3798902e+01   3.9053636e+00
  -2.1026247e+01   2.8526970e+01
   1.3856839e+01   3.8101564e+01
   2.4667382e+01  -3.2088849e+01
   2.0539533e+01  -1.1012768e+01
  -2.6859295e+00  -3.7178780e+01
  -4.4459891e+01   2.0097931e+00
   6.3852712e+00  -4.1376717e+01
  -1.9492204e+01  -1.2696261e+01
  -3.5232342e+01  -1.8284045e+00
  -1.2787608e+01  -3.4551989e+01
  -2.9502062e+01  -1.1965226e+01
  -3.5138991e+01  -2.8276675e+01
   4.6203993e+01   2.0080729e+01
  -2.5302649e+01  -2.9033403e+00
   1.6906558e+01  -1.6988493e+00
   7.7800719e+00   3.0111733e+01
  -6.0905152e+00   4.1706323e+01
   4.6197321e+01  -4.8452647e+00
  -3.7705944e+00   3.5676220e+00
   2.6557759e+01   2.3265527e+01
  -1.5506935e+01   3.7833596e+01
   1.7050624e+01   2.6363294e+01
   3.2647517e+01   3.1300873e+01
  -1.9282945e+00   3.2614019e+01
   2.5251082e+01  -4.2213208e+01
   2.3550871e+01  -2.1752941e+01
   3.9253631e+01  -1.8012997e+01
   1.5321663e+01  -2.8531791e+01
   1.4064842e+01  -1.8613621e+01
  -5.5905513e+00  -2.7621438e+01
  -9.8844735e+00  -4.4116079e+01
  -4.8671831e+01  -7.0598298e+00
  -4.6856693e+01   1.3579009e+01
  -2.9772301e+01   1.6603674e+01
   7.7362688e+00  -5.1279415e+01
   1.5963447e+01  -3.8509500e+01
  -2.1551417e+01  -2.9750696e+01
   5.0021828e+01   9.4926504e+00
  -1.0084234e+01  -9.3077709e+00
   3.6223742e+01   2.0707065e+01
  -4.1614188e+01  -2.0656859e+01
   2.2374678e+01   6.6722399e+00
   1.9438661e+01   1.6231092e+01
   3.6313475e+01  -6.3597903e+00
  -1.1669127e+01   5.0005475e+01
  -5.3062376e-01  -6.3586446e+00
   5.4586791e+01   5.9611891e-01
   1.0184814e+01   4.8527977e+01
  -3.0995536e+01   2.9309813e+01
   4.7391756e-02   1.2809956e+01
   2.3112791e+01   3.4315488e+01
   1.0248411e+01  -9.3560599e+00
   1.9882385e+01   4.6087349e+01
