   3.1282288e+01   6.6173685e+01
  -5.2774700e+01   3.3399737e+01
  -8.2016140e+00  -6.2325580e+01
  -1.0631408e+01  -5.2835358e+01
  -8.9809472e+01   8.8326573e+00
   5.0363541e+01  -4.5643372e+01
   7.7600305e+01  -4.9746002e+01
  -2.0896556e+00  -3.9264945e+01
   7.2262673e+01   3.0899785e+00
  -9.7062927e+01  -3.3972403e+01
   4.4057156e+01   5.1206198e+01
   4.6266171e+01   1.7402454e+01
  -5.1093223e+01  -9.5170089e+01
  -4.4224641e+01  -2.4356295e+00
  -2.8339854e+01   5.0288399e+01
  -4.1796759e+01   6.5969480e+01
   4.7104592e+01  -7.6964469e+01
   2.7683241e+01   2.0991640e+01
   2.8531832e+01  -2.9062547e+00
   1.2072137e+01  -1.7590170e+01
   9.0513712e+01   9.8471431e+00
   8.0480741e+01   6.6737370e+01
  -5.3676181e+01  -1.7162345e+01
  -6.7878713e+01  -6.8477935e+01
   9.0781798e+01  -4.6168721e+01
  -7.4543686e+01   7.9233611e+01
  -7.9857748e+01   9.5535128e+01
  -5.4515256e+01   2.3625417e+01
  -2.9204401e+01   9.3788470e+00
   8.2946032e+01  -6.5305826e+01
  -8.0190953e+01   3.8116414e+01
   2.2918603e+01  -8.4506958e+01
   3.9516386e+01  -1.7249082e+01
  -6.4110449e+01  -2.8767695e+01
  -9.2140113e+01  -2.0774818e+01
   1.1016463e+01  -5.9261887e+01
   4.6765342e+01   3.1540280e+01
   3.7109330e+01   3.6765720e+01
   9.4934740e+01   6.9047714e+01
   9.9930325e+01   1.3717239e+01
  -3.7105016e+01  -7.1851402e+01
   1.7022546e+01   5.5532506e+01
   8.0003130e+00   8.8146179e+01
  -2.2615925e+01   2.8411451e+01
   2.0499636e+01  -5.6304634e+01
  -5.2363416e+01   9.9118295e+01
   8.5049101e+01  -2.2853900e+01
   3.6692615e+00  -1.0906473e+01
   8.3393483e+01   1.0352523e-01
   6.7441093e+01   2.2158853e+01
   5.2823647e+01   6.6337814e+01
   6.7016016e+01   8.6414768e+01
   4.1585745e+01   8.2379651e+01
   6.2669842e+01   4.3328549e+01
   3.8327261e+01  -1.0094015e+00
  -2.7737668e+01  -5.7081659e+01
  -7.2303094e+01  -1.5461461e+01
  -6.9578944e+01  -3.1052286e+00
  -2.2707501e+01  -2.0793665e+01
  -2.1223986e+01  -8.2675649e+01
   4.6581441e+01  -8.6936635e+01
   1.9380259e+01   3.5699368e+01
  -9.9504008e+01   3.9305012e+01
   1.3799967e+00   4.3353946e+01
   9.0193549e+00   4.9699798e+01
  -5.2771976e+01  -7.3205378e+00
   5.2715442e+01  -2.7817658e+01
   6.9792864e+01  -2.2588255e+01
  -2.2016413e+01   7.0444365e+01
  -2.8943292e+01   8.9579300e+01
  -6.2904749e+01   9.2282382e+01
   4.1163960e+01  -5.8097902e+01
  -4.7828287e+01   1.6402697e+01
   3.3697289e+01  -5.1463584e+01
   6.2789868e+01  -6.2009782e+01
  -8.0414960e+01  -4.7124223e+01
   3.0719641e+01  -4.1952493e+01
  -8.6668563e+01   5.6747571e+01
  -5.8673629e+01  -5.1141121e+01
  -4.4753531e+01  -6.5782371e+01
  -8.7296385e+01  -1.2051398e+01
  -1.0715779e+01  -1.3369522e+01
   5.9546440e+01   1.6271116e+01
   9.9547278e+01   8.8136659e+01
   6.1172943e+00   8.3601666e+00
  -2.2921155e+00  -7.8586139e+01
   5.5934842e+01  -6.3483979e+00
  -2.7891721e+01  -4.7036610e+00
   9.6031343e+01  -1.0456199e+01
   1.4997227e+01   1.1456089e+01
  -5.7601184e-01   2.5210179e+01
   2.6911648e+01   5.5857806e+01
   4.2910728e+01   8.2250221e+00
   4.9602623e+01   9.9215581e+01
   8.1342042e+01   5.3928081e+01
   5.2131065e+01   5.6786993e+01
  -1.1735178e+01  -8.1469470e+01
   9.8478974e+01   2.3597482e+01
  -9.8845222e+01  -1.3390768e+01
   8.5523889e+01   4.5181311e+01
  -2.8852122e+01  -7.6849482e+01
  -1.8681965e+01  -6.1418482e+01
  -4.6066568e+01  -7.5959948e+01
   2.1156187e+01  -2.2850532e+01
   6.3450281e+01  -7.5715637e+01
  -1.8943429e+01   8.9548926e+01
  -1.3144656e+01   6.5840100e+01
  -1.7987918e+01   7.9595424e+01
  -1.6000135e+00   9.0930911e+01
   9.2513217e+01  -6.8155239e+01
   2.7481992e+01  -7.4302194e+01
   3.8560433e+01   7.2952953e+01
   1.2641406e+01   6.8972086e+01
  -5.5591582e+01   5.3338528e+01
  -3.4761013e+01   4.1485499e+01
  -5.3411405e+01   8.9181214e+01
   6.3836305e+01  -4.3252096e+01
  -1.5759065e+01   3.7758401e+01
  -3.4987707e+01   8.1301136e+01
   9.8487509e+01  -3.6862179e+01
   8.9664375e+01  -3.2155555e+01
   4.2695178e+01   9.2190353e+01
  -7.4129233e+01   4.6030363e+01
   8.3859241e+00  -3.9331183e+01
  -7.1357708e+01  -3.5605279e+01
  -8.7339970e+01  -8.3841165e+01
  -5.8769812e+01  -8.8801061e+01
  -6.6989266e+01   6.4914519e+00
  -6.4998466e+01  -5.8916356e+01
  -6.3705804e+01   1.9751682e+01
  -1.3228695e+00  -4.9222613e+01
  -2.3245762e+00  -1.8566671e+01
   1.5249706e+01   8.1273411e+01
  -2.1299348e+01  -3.0806184e+01
  -3.0835066e+00   5.0612276e+00
   4.4288073e+01  -8.6889939e+00
  -9.4432544e+01   5.0454187e+01
   9.5695658e+01   7.8990384e+01
   2.1828737e+01  -4.6439188e+01
  -7.0257114e+01  -9.2576054e+01
   4.8323235e+01   7.5105155e+01
  -1.3730616e+01  -4.0744928e+00
  -4.0377041e+01  -3.0771607e+01
   5.7029730e+01   7.9990052e+01
   5.3517212e+01   4.7069537e+01
   5.2757660e+01   9.1492873e+00
   2.7938709e+01   4.0620284e+01
   3.3311966e+01   7.2687112e+00
  -6.3241649e+01  -1.9371935e+01
  -2.2497086e+01  -4.0717306e+01
  -3.4183644e+01  -1.0993443e+01
  -5.1323320e+00  -8.8594410e+01
   9.8921096e+01   4.4190167e+01
  -9.9700351e+00  -7.1907708e+01
   9.3594686e+01   5.4726039e-01
   9.4511136e+00  -6.9152764e+01
  -7.8398066e+01  -7.6228898e+00
  -6.2350283e+01  -9.8488956e+00
  -4.3740959e+01  -1.2365481e+01
   8.8147165e+01   1.9174837e+01
  -2.0306092e+01  -5.0440747e+01
  -3.5808839e+01  -9.1972487e+01
  -1.9942321e+01  -7.2143031e+01
   7.7507182e+01  -1.6045671e+01
  -4.2476175e+01   8.1793576e+00
   5.5000861e+01  -7.0364235e+01
   3.7196953e+01  -7.8218300e+01
   3.8391158e+01   2.6294357e+01
   4.5679078e+01   4.1413008e+01
   4.5987239e+01  -3.5880683e+01
   5.5852540e+01  -3.7291467e+01
   6.5999687e+01  -8.5384511e+01
   3.4310920e+01   4.8156780e+01
   5.5708939e+01  -8.2028093e+01
   6.0578840e+01  -1.8880877e+01
  -6.7245962e+00   7.3498492e+01
   3.5977281e+01  -3.3532095e+01
   4.5419306e+01  -6.7138604e+01
  -5.1457315e+01   4.3195378e+00
   3.2581566e+01  -8.7059177e+01
  -2.4951845e-01   5.3394403e+01
  -8.5011924e+01   4.6887057e+01
   1.6349990e+01   9.8239946e+01
   6.7965754e+01  -5.2325829e+01
  -2.1691071e+01   9.9163593e+01
   5.2907254e+01  -6.0583223e+01
   7.4801891e+01  -5.9562004e+01
   7.6339389e+00  -7.8963128e+01
  -8.8271007e+01   6.6610383e+01
  -9.7051405e+01   7.1373859e+01
   9.5592507e+01  -5.4991294e+01
  -4.2033467e+01   4.8198302e+01
   1.8135516e+01   4.5600639e+01
   2.7830535e+01   9.6877231e+01
   1.7223169e+01  -9.8186506e+01
   4.7445513e+00  -8.8487891e+01
   6.4709859e+00   6.0965797e+01
  -6.4660238e+01   8.0642016e+01
  -7.2326656e+01   8.8968067e+01
  -9.5098943e+01   9.8239005e+01
   7.9669552e+01  -3.1274119e+01
  -2.8249684e+01   6.2617687e+01
  -3.2287300e+01   3.1310660e+01
  -1.8183936e+01   4.8132734e+01
  -7.1979065e+01   3.2461747e+01
  -7.4854515e+01  -6.1168857e+01
  -9.7679239e+01  -8.4958218e+01
  -8.7144432e+01   8.8688011e+01
  -6.4850139e+01   4.9666406e+01
   2.9512814e+01  -6.0495741e+01
  -9.9571610e+01  -9.8186428e+01
  -4.3399776e+01   2.6329347e+01
  -5.1371204e+01  -5.8486114e+01
   1.0982522e+00  -5.8901693e+01
   3.5539147e+01  -6.8394620e+01
  -7.6930704e+01   5.7242467e+00
  -6.4438810e+01  -8.0604492e+01
  -3.7855978e+01  -5.8189501e+01
  -8.6032587e+01  -2.8620386e+01
  -8.1278815e+01  -1.9855932e+01
  -7.3256230e+01  -2.5458721e+01
  -5.1299632e-01  -6.8764097e+01
  -1.2905585e+01  -4.3267502e+01
  -8.5001298e+01  -1.6151369e-01
   5.4766052e+01   3.7326100e+01
  -6.0469775e+01  -3.7422932e+01
  -9.0324963e+01  -4.1361102e+01
  -5.5943483e+01  -7.5492479e+01
  -3.1953354e+01  -3.7813237e+01
   5.3306334e+01   2.4054905e+01
   6.2651944e+01   6.3737635e+00
   7.0893465e+01   1.2906450e+01
  -5.0895275e+01   7.0091299e+01
  -9.2951024e+01  -7.5563750e+01
   6.5782091e+01  -4.8866801e+00
  -5.8324765e+01   1.1422375e+01
  -5.9979799e+01  -4.1712051e-01
  -4.1438049e+00   3.4468212e+01
   8.1325753e+00   1.9955478e+01
   3.6560978e+01   5.7727808e+01
   6.5295568e+01   6.1947188e+01
   4.3484713e+01   6.4446079e+01
   1.7910217e+01   2.0814431e+01
  -8.9246496e+01   2.2425521e+01
   2.4029507e+01   8.6926559e+00
  -3.5295575e+01   1.6273955e+00
   2.1500063e+01   6.4419900e+01
   3.1042281e+01   7.9450808e+01
   8.1335384e+01   8.4569838e+01
   6.0964720e+01   7.0740025e+01
   6.8495252e+01   9.6071476e+01
   6.9160889e+01   5.2696727e+01
   5.2048794e+00  -1.2089126e+00
   6.0818399e+01   5.3135195e+01
  -4.5310377e+01  -2.2199384e+01
   8.9804659e+01   2.8527300e+01
   5.2336102e+01   8.8819805e+01
  -4.2159322e+01  -9.9598022e+01
   7.8314414e+01   2.0387592e+01
  -1.4998185e+01  -9.1509767e+01
  -2.8447847e+01  -6.6935025e+01
  -3.0196234e+01  -4.7509507e+01
   8.0495330e+01   1.0184307e+01
  -3.7334032e+01  -8.2129235e+01
   3.0825943e+01  -1.2596135e+01
   4.2896113e+01  -2.6451145e+01
   4.8520606e+01   1.9559952e-01
   2.6247746e+01  -3.1404569e+01
  -3.5797624e+01  -2.0188101e+01
   9.0810428e+01  -9.0643715e+01
   9.9564144e+01  -9.6305532e+01
   2.7548305e+01  -9.5685746e+01
   6.4637637e+01  -9.5291297e+01
   5.5195580e+01  -9.2007550e+01
  -1.0875483e+01   9.5456898e+01
  -9.3194200e+00   8.4577512e+01
   8.1759824e+01  -9.4896547e+01
   3.1222719e+01  -2.2755564e+01
  -3.4328776e+01   9.8005208e+01
  -3.2607046e+01   7.1597932e+01
  -4.6385574e+01   5.7128678e+01
  -2.5019822e+01   4.0877377e+01
   8.2272821e+01  -4.0920688e+01
  -3.6287811e+00   6.2795421e+01
  -4.3846383e+01   3.7681859e+01
  -6.2431055e+01   2.9633137e+01
   2.7844941e+00   7.0450304e+01
   5.8016895e+01  -5.2029207e+01
  -5.9994095e+00  -9.8445367e+01
   7.0369648e+01  -6.8511544e+01
  -5.1251541e+01   4.4363415e+01
   9.5995552e+01  -7.7523410e+01
  -3.6158097e+01   5.6510428e+01
  -7.9014924e+01   7.0315755e+01
   1.7012217e+00   8.0383729e+01
  -8.4535877e+01   7.9035510e+01
   7.2280649e+00  -9.8137055e+01
   2.1054638e+01   8.9415810e+01
  -6.9769667e+01   9.9548461e+01
   9.4732633e+01  -2.0370878e+01
  -4.3491701e+01   9.0376989e+01
   2.2455455e+01   7.4358264e+01
   1.2184339e+01   2.8947924e+01
   2.9315044e+01   3.0740594e+01
  -9.6097245e+01   6.0403890e+01
   6.2782701e+00   9.7991975e+01
   4.0490471e+01  -4.4180384e+01
   7.1075507e+01  -3.6370717e+01
   1.7232617e+01  -7.6289235e+01
   3.9644887e+01  -9.4131191e+01
   8.5625589e+01  -5.5685111e+01
  -9.6793857e+01   2.8960886e+01
   8.6040878e+01  -9.9790379e+00
   7.5674120e+01  -6.2485107e+00
  -2.8539509e+01   2.0393160e+01
  -7.6744088e+01   2.3699678e+01
  -8.3729091e+01  -5.6522362e+01
  -6.6138460e+01  -4.4531482e+01
  -7.1857888e+01  -5.1901421e+01
  -8.3066677e+01  -7.3556004e+01
  -8.9987358e+01   3.6273151e+01
  -7.6737353e+01   5.5670818e+01
  -9.7140204e+01   8.8419922e+01
  -9.0914883e+01  -9.3180326e+01
   2.0973943e+01  -1.2931640e+01
   1.2834530e+01  -7.4749584e+00
  -1.2905155e+01  -2.3040813e+01
  -3.4136627e+00  -2.8314761e+01
   1.9048293e+01  -6.6414835e+01
  -1.0199244e+01   5.4203306e+01
  -8.4831962e+00   4.4411217e+01
  -3.7824166e+01   1.6901893e+01
  -6.5066307e+01   3.9674508e+01
   8.7552585e+00  -4.9322401e+01
  -4.9397930e+01  -8.5336650e+01
  -8.0083720e+01  -9.0722026e+01
  -9.5758775e+01  -5.8503340e+01
   9.2904067e+01   9.5585811e+01
  -1.9393443e+01   5.8044306e+01
  -1.1824291e+01  -3.3451040e+01
  -8.2248397e+01   1.5328168e+01
   8.6802879e+01   7.4726176e+01
  -7.2331866e+01   1.4786046e+01
  -9.3917815e+01  -4.6900757e+00
   7.7866644e+01   9.3668403e+01
  -8.1189046e+01  -3.7265772e+01
   1.8129204e+01  -3.7175169e+01
   6.2513962e+01  -2.9608970e+01
  -7.3691727e+01  -7.6957282e+01
  -5.7989332e+01  -6.5834118e+01
   6.1102176e+01   2.9811144e+01
  -3.0712144e+01  -2.8207916e+01
  -4.0272097e+00  -4.7562152e+00
   3.6459618e+01   1.6575036e+01
  -9.8598613e+01   4.0967811e+00
  -5.4767332e+01   7.9290993e+01
   5.1295146e+01  -1.5534395e+01
  -1.2200937e+01   2.8625566e+01
   6.7840748e+01   7.6878453e+01
   8.8630957e+01   6.1426802e+01
  -3.7486082e-01   1.5375114e+01
  -9.7071667e+01   1.6199657e+01
   1.9051860e+01   1.6024585e-01
  -2.1618600e+01   1.3009998e+00
   9.1527178e+01   3.7797776e+01
   5.9331413e+01   9.9004620e+01
   9.1838868e+01   5.2270653e+01
  -2.5951965e+01  -9.1236399e+01
   7.7159513e+01   7.5826170e+01
  -5.2605372e+01  -3.2108802e+01
   7.4432991e+01   4.8133045e+01
