   2.3280500e+01   6.1201036e+01
   7.0336356e+01   4.9026115e+01
   2.3962982e+01  -9.5918531e+00
  -2.5983014e+01   5.5296188e+01
  -3.0069934e+01  -7.0748004e+01
  -4.0663791e+01   2.6231879e+01
  -4.1832202e+01   4.1712179e+01
   9.2085314e+00  -9.4629462e+01
  -8.1297125e+00  -6.8615319e+01
  -1.1368609e+01  -5.2353851e+01
  -2.5523987e+01  -3.2602011e+01
  -1.9190210e-01   3.6186574e+01
  -6.6416705e+00   7.4684270e+01
  -7.1605596e+01   1.0723062e+01
   5.4358598e+01  -4.8906010e+01
   5.4341791e+01  -2.8645031e+01
   9.0008689e+01   2.9558380e+00
  -2.0930603e+01  -9.9578955e+01
   6.9178427e+01  -6.1830188e+01
  -7.0221851e+01  -7.2407736e+01
  -1.1356547e+01  -3.9098265e+01
   6.4329677e+01  -2.2627873e+01
  -3.1249625e+01  -3.3126063e+00
   7.2475219e+01   1.0541847e+01
   2.4423733e+01  -5.2948006e+01
   1.8335531e+01  -3.5654743e+01
   6.7238180e+01  -4.4682164e+01
  -9.0129848e+01  -3.6271410e+01
   7.4356419e+01  -3.4836228e+01
   4.1167888e+01   5.1457777e+01
   1.2130611e+01   4.5233252e+01
   1.4906722e+01   7.3704470e+01
   4.5372149e+01   1.6902047e+01
   7.5706081e+01   8.5690504e+01
   1.2853080e+01   1.1756344e+01
   8.5274050e+01   6.1507404e+01
   2.4300040e+01   7.0965221e+01
   3.5173518e+01   9.5401063e+01
  -6.3248394e+01  -2.4787620e+01
  -5.1652975e+01  -8.7757374e+01
   3.6258507e+00   1.5244609e+01
  -7.6753386e+01   9.5863075e-01
  -9.1841940e+01   9.7194547e+00
  -3.2370621e+01   7.8338007e+01
   5.8522584e+01   3.0855070e+00
  -3.8711217e+01  -1.1579610e+01
  -6.9672705e+01   3.4742423e+01
  -5.2213212e+01   8.6298403e+01
  -3.7647491e+01  -9.1117428e+01
  -7.7758429e+01   9.5580190e+01
   2.1924011e+01  -7.1581171e+01
   9.3073548e-01  -8.9146784e+01
  -9.9408103e+01   5.6040681e+01
   4.7897810e+00  -4.9967690e+01
   9.7541091e+01  -1.9708985e+01
   3.5486319e+01   3.8963983e+01
   3.7811698e+01   8.2265477e+01
   9.7465782e+01   2.0986873e+01
   4.9132458e+01  -7.9468931e+01
  -7.5359601e+01  -8.1876600e+01
  -3.9950042e+01  -7.2762431e+01
   7.4445013e+01  -6.5962224e+00
  -2.9237157e+01  -1.4460920e+01
  -1.6280482e+01  -1.6729652e+01
   7.5291375e-01   6.7688388e+01
  -2.2709352e+01   4.5948297e+01
   6.7529341e+01  -7.1670593e+01
  -4.7487050e+01   3.3511341e+01
  -6.3979551e+01   4.2917121e+01
  -2.2735159e+01   7.5759237e+01
  -5.1718475e+01   5.8248062e+01
   1.7479409e+01  -8.0493311e+01
   5.0291819e+01  -6.8024222e+01
  -6.7999525e+01  -1.6110759e+01
   3.4409063e+01  -5.2850206e+01
   9.7262418e+01  -4.8255027e+01
  -8.0023585e+01  -7.3166126e+01
  -9.9572427e+01  -8.4055859e+01
  -5.8382302e+01  -6.5403487e+01
  -4.3230352e+01  -9.9309952e+01
   9.5291339e+00  -3.0988948e+01
   1.4063708e+01  -1.0294321e+01
   2.0133361e+01   1.8399663e+01
   3.2898240e+01  -5.3294000e+00
   6.1205410e+00   9.0814362e+01
  -3.4502288e+00  -2.2517600e+00
   1.0274729e+01  -2.0802553e+01
  -9.6641880e+01  -6.2033694e+01
   7.4879234e+01   2.0085087e+01
   5.1383090e+01   2.7103518e+01
   7.6730707e+01   6.7003666e+01
   4.5970320e+01   7.6586829e+01
   4.3357161e+01   8.9982594e+01
   8.7074617e+01   4.3816521e+01
   9.6669877e+01  -4.4806891e+00
   1.9830712e+01   9.0260835e+01
  -2.8076054e+01  -8.8635704e+01
   4.2705221e+01  -3.4351594e+00
   1.1166327e+01   2.1391523e+01
  -4.4139172e+01  -1.9948223e+01
   9.1729297e+01  -7.0653416e+01
   9.1997639e+01   1.2680718e+01
   8.2062051e+01   1.3182184e+01
  -5.4597187e+01  -2.9489887e+01
  -6.7133727e+01  -1.4531688e+00
  -3.1266719e+01  -5.1096098e+01
  -2.0792951e+01  -4.1236754e+01
  -6.0698849e+01  -7.4902197e+01
   8.8664933e+01  -4.3195636e+01
  -6.1298120e+01  -9.2232435e+01
  -1.8017723e+01  -6.9893312e+01
   1.9382344e+01   5.1680743e+01
   9.8728445e+01  -7.8298879e+01
  -5.9192831e+00  -3.1042074e+01
  -5.5021716e+01   2.6164905e+01
  -1.3607427e+01   4.9595559e+01
  -7.4924228e+01   7.7558505e+01
  -4.7936482e+01   1.9466387e+01
  -5.7249562e+01  -1.1526852e+00
  -4.1080081e+01   9.2193903e+01
  -4.1416689e+01   7.2609116e+01
  -7.3834099e+01   4.3802121e+01
  -8.7730675e+00  -8.7387831e+01
  -2.7296854e+01   9.7467326e+01
  -8.9364605e+01   9.1460743e+01
  -2.5376775e+01   3.6514878e+01
  -5.2729267e+01   1.0763106e+01
  -5.7209408e+01   3.5740382e+01
  -2.9504283e+01   1.0191129e+01
   7.8610502e+01  -6.5072450e+01
  -7.9595562e+01   3.5694056e+01
  -6.1719642e+01   8.9356835e+01
   3.8151944e+01  -4.0618394e+01
   4.6514566e+01  -2.2444886e+01
   3.1880775e+01  -7.1312322e+01
   3.8734120e+01  -1.6213387e+01
   7.1865089e+01  -1.6154318e+01
   9.1801162e+01  -2.7829995e+01
  -8.2631004e+01  -4.3508169e+01
  -5.8503845e+01  -3.8535448e+01
  -9.3117689e+01  -2.1807343e+01
  -8.5145601e+01  -2.7795557e+01
   8.5215701e+00  -5.9141618e+01
   7.6635914e+01   9.7191905e+01
   8.5967524e+01   8.3255190e+01
   6.0777234e+01   3.0369092e+01
  -7.8937271e+01  -6.2315548e+01
  -9.6479540e+01  -6.9984831e+01
   4.3227479e+01   3.2722655e+01
   5.1798104e+01   6.8584486e+01
   5.4138272e+01   8.3647718e+01
   8.1538768e+01   5.1707349e+01
   6.5087918e+01   6.0690053e+01
   3.6264912e+01   1.3543471e+01
  -8.7722153e+00  -1.0382147e+01
   9.1262958e+01   5.3452548e+01
   8.4274491e+01  -5.2138542e+01
  -3.5424080e+01  -3.2707675e+01
   8.4420011e+01   2.2938256e+01
  -6.7332088e+01  -3.3890056e+01
  -4.1629383e+01  -6.1391216e+01
  -4.2821119e+01  -8.2684261e+01
  -3.3241174e+01  -8.0154269e+01
  -3.0877565e+01  -9.8570862e+01
   2.9242290e+01  -1.8075069e+01
   2.4655708e+01   2.6789346e-01
   2.3669712e+01  -2.7296132e+01
   2.6321763e+01   1.0042909e+01
   6.3173978e+01  -1.1499662e+01
   7.1068728e+01  -9.6396680e+01
   9.9855895e+00   5.4801784e+01
  -9.4892154e+01   3.4447300e+01
   9.1056700e+01  -9.6478500e+01
  -1.6331470e+00   8.3310886e+01
  -3.5072745e+01   3.4435353e+01
   1.2582905e+01   8.3335219e+01
  -7.8005670e+00   6.2733983e+01
   7.6149330e+00  -8.1777390e+01
  -8.1277893e+01   8.5275927e+01
   6.2645835e+01  -9.1029486e+01
  -1.6748396e+01   5.8782235e+01
   4.5108126e+01  -8.8604784e+01
  -2.2169951e+01   8.5727884e+01
  -1.2570876e+01   8.2897483e+01
  -1.0165771e-01   9.8563485e+01
   1.3672781e+01   6.3916642e+01
   3.3503349e+01   7.3731595e+01
  -8.3065703e+01   5.9352836e+01
  -3.3776345e+01   6.6317835e+01
  -4.2726319e+01   6.2236885e+01
  -3.5826433e+01   5.5090374e+01
   1.8249216e+01  -9.0440513e+01
   7.4373499e+01  -5.3366959e+01
  -2.7381106e+01   2.6863474e+01
  -3.2650316e+01   4.5617461e+01
  -4.0788536e+01   1.2848559e+01
   1.7872259e+01  -6.2483092e+01
  -5.6817524e+01   9.8079339e+01
  -4.3021694e+01   8.2413118e+01
  -5.5733653e+01   7.6947552e+01
   5.0635399e+01  -5.8098221e+01
   6.3088286e+01  -5.3781069e+01
  -8.6726893e+01   1.0983372e+00
  -1.5111203e+01   3.9319168e+01
   9.6302120e+01  -3.6752951e+01
  -8.3584163e+00   3.0640055e+01
   8.1765227e+01  -1.6798135e+01
  -7.5474325e+01   2.6548449e+01
  -6.4944075e+01   2.6029836e+01
  -5.1931845e+01   4.4144814e+01
   7.6166056e+01  -2.5071330e+01
  -8.4788777e+01   1.9002771e+01
  -6.0739844e+01  -5.5892772e+01
   8.4256712e+01  -3.4278181e+01
  -6.0199098e+01   1.7305350e+01
   1.4660905e+01  -5.1074323e+01
  -8.9170093e+01  -7.7090985e+01
  -8.4401089e+01  -8.5841030e+01
   1.7720200e+00  -3.7385340e+01
   1.0643050e+01  -4.1928407e+01
   2.5011127e+01  -4.3034719e+01
  -9.9709695e+01   7.7220986e+01
  -6.8042559e+01  -6.2687744e+01
  -5.1339279e+01  -7.7805685e+01
  -4.8832989e+01  -6.8235954e+01
  -7.2921293e+01  -4.2838840e+01
   2.6870115e+01   2.9662002e+01
   2.9344827e+01   8.7352667e+01
   2.3648887e+01   9.9481871e+01
  -7.7314195e+01  -3.3933010e+01
   1.6067889e+00  -2.4960103e+01
   4.5995969e+00   2.7985619e+01
   1.6987607e+01   2.9375542e+01
   9.1473387e+01   2.9995394e+01
   5.7826956e+00  -5.1968408e+00
  -1.4705472e+01  -2.6504750e+01
   2.3410523e+00  -1.4772104e+01
  -6.9679699e+00  -2.0121023e+01
   8.5640772e+01   9.3185872e+01
   4.7463785e+01  -1.2069528e+01
   4.8652885e+01   4.5724715e+00
   7.9360724e+01   3.4993684e+00
   8.8268081e+01   7.3185433e+01
   6.5024727e+01   2.1435638e+01
   8.4231364e+01  -5.1083532e+00
   5.5508867e+01   5.9394914e+01
  -8.9575556e+01  -9.9170895e+01
  -8.3947520e+01  -5.3659154e+01
   6.9156993e+01   7.6459643e+01
   6.0497333e+01   9.8377433e+01
  -8.7573341e+01  -6.6974323e+01
   4.1459050e+01   6.8279908e+01
   9.4688297e+01   6.5628544e+01
   9.9635710e+01   5.6155787e+00
  -2.1269975e+01  -5.1029173e+01
   6.0853105e+01   5.1225608e+01
   3.6233349e+01   3.9308086e+00
   8.7904189e+01  -6.1429418e+01
  -1.3468483e+01  -7.8663602e+01
  -1.8305095e+01  -8.9955092e+01
  -1.1215782e+01  -9.7078298e+01
  -2.1823994e+01  -6.0833228e+01
  -3.0555731e+01  -4.1238410e+01
  -9.5752098e+01   6.5352314e+01
  -4.4804065e+01  -2.9891489e+01
  -5.4112986e+01  -1.9536436e+01
   9.5642832e+01   3.9069834e+01
   9.5606094e+01   8.0651119e+01
  -4.7932649e+01  -7.8676375e+00
  -7.4636952e+01  -8.7468739e+00
  -5.9563302e+01  -1.0812886e+01
  -8.1535983e+01   9.6362872e+00
  -2.3999235e+01  -2.2873050e+01
  -2.1454135e+01  -8.3697381e+00
  -3.4585258e+01  -2.2828487e+01
  -3.1740795e+01  -6.0978712e+01
   3.8371628e+01   2.4114255e+01
  -6.5636472e+01  -8.3385778e+01
  -2.3457787e+01  -7.8239752e+01
   1.9572104e+01  -1.8407293e+01
   9.9728413e+01   4.8222433e+01
   2.7446244e+01  -8.0216478e+01
   3.7613986e+01  -8.1991107e+01
   4.1656899e+01  -7.2870012e+01
   9.3392392e+01  -8.6755802e+01
   9.7310114e+00   3.6033250e+01
   4.5123529e+01   4.2444759e+01
   4.8073779e+01  -4.0972325e+01
   2.6565276e+01   4.3404796e+01
   9.7372670e+01  -5.8245628e+01
  -8.6710064e+01   2.8748875e+01
   5.7819480e+01  -7.4542753e+01
   8.1060703e+01  -9.6496711e+01
   6.5079457e+01  -8.1357936e+01
  -6.1386674e+00   4.3616631e+01
   2.6603180e+00   4.8039789e+01
   2.2114643e+01   8.0592737e+01
  -1.5082234e+01   6.9417655e+01
   6.2270686e-01   5.7736770e+01
   5.3245976e+01  -9.4397773e+01
  -7.9597353e+01   6.8725781e+01
  -6.2164721e+01   7.5165271e+00
  -4.7969552e+01   2.0854710e+00
   4.3632147e+01  -3.2017306e+01
   5.5478272e+01  -1.7849929e+01
   3.5851339e+01  -2.5750903e+01
  -7.1581984e+01   8.7720066e+01
   3.7139939e+01  -9.4623448e+01
  -2.4074777e+01   6.5260727e+01
   5.4294161e+00   7.6390862e+01
  -8.2943519e+01   4.7795784e+01
  -1.5701942e+01   9.6728971e+01
  -3.1813928e+01   8.8366543e+01
   2.7841393e+01  -6.2257234e+01
   1.1769281e+01  -7.1039270e+01
  -4.4880388e+01   5.1136135e+01
  -6.7893747e+01   9.7215523e+01
  -6.5237445e+01   7.9998687e+01
  -7.3206801e+01  -2.4838499e+01
   4.0926291e+01  -6.0424178e+01
  -9.9983480e+01   9.1479632e+01
  -3.3470994e+01   1.9317820e+01
   4.4418486e+01  -5.0271160e+01
  -3.8258418e+01   3.4644745e+00
   5.9671046e+01  -6.4721763e+01
  -1.8061659e+01   2.9789145e+01
   2.8218171e+01  -9.0157593e+01
   5.7915829e+01  -3.9655764e+01
   7.7947167e+01  -4.4089913e+01
  -9.4524804e+01   2.1244734e+01
  -5.8835411e+01   5.1354349e+01
  -5.0457062e+01   6.8486012e+01
  -7.1737888e+01  -5.3407896e+01
   3.0295713e+01  -3.4591511e+01
  -7.4838679e+01   5.3701411e+01
  -9.3121306e+01  -9.0321929e+01
  -9.0695114e+01   8.1549651e+01
  -7.1993915e+00   9.1529179e+01
  -4.0205464e+00  -4.5606088e+01
   6.4741935e+01  -3.2531772e+01
  -6.3966315e+01  -4.6701127e+01
   1.3317103e+01   9.7776300e+01
  -5.1174632e+01  -5.8591152e+01
  -8.9748350e+01  -1.2397287e+01
  -9.5275127e+01  -4.0662827e+00
  -9.2032771e+01  -4.5669107e+01
  -8.1783432e+01  -1.8436193e+01
  -1.3222969e+01  -1.4239759e+00
   5.3418069e+01   3.7005557e+01
   5.5105116e+01   1.7925423e+01
   7.8955307e+01   7.6379188e+01
   9.5219709e+01   9.0627324e+01
  -1.7051007e+00   7.2222908e+00
   1.5508573e+00  -6.6245245e+01
  -1.1895342e+00  -7.7068314e+01
  -9.2549502e+01   4.5094081e+01
   5.5020615e+01  -5.9725551e+00
   6.8582300e+01   1.4034177e+00
   6.2770076e+01   1.1830925e+01
  -2.2696852e+01   1.3522567e+00
   9.0742864e+01  -1.2508587e+01
   1.4966824e+01   2.2357375e+00
  -2.9850535e+00   2.2433343e+01
   6.8172203e+01   9.2241836e+01
   5.1458471e+01   9.4984895e+01
   5.9441504e+01   7.4838586e+01
  -8.0475982e+01  -9.5006960e+01
  -5.3021452e+01  -9.7660761e+01
   2.9035873e+01   5.3047803e+01
   3.5525188e+01   6.0411149e+01
   2.9405649e+01   2.0186331e+01
  -9.6416867e+01  -5.3580043e+01
   7.4276938e+01   5.7822565e+01
   4.5965064e+01   5.9881630e+01
   4.9803170e+01   8.3619453e+01
