   4.1487670e+01  -3.3395067e+01
   6.7213346e+01  -7.0980205e+00
  -1.8930243e+01  -6.4733900e+01
  -2.2630519e+01   3.9609637e+01
  -6.6838294e+01  -7.5231949e+01
  -4.6374583e+01  -8.0811340e+01
  -3.7328244e+00  -2.4640026e+01
  -8.3071571e+01  -8.8605667e+01
  -7.7150902e+00   5.6352862e+01
   3.7039370e+01   2.4147524e+01
  -5.6178063e+01  -6.3873572e+01
  -3.8505658e-01  -5.9403864e+00
   6.6233585e+01   9.3574397e+00
   1.0379843e+00   5.1301941e+01
  -3.2266640e+01   4.2198592e+01
  -5.2044045e+01   1.2837377e+01
   6.8873138e+01   4.8686844e+01
  -6.0050492e+01   3.7460306e+01
   5.9062700e+01  -5.8766055e+01
  -5.8713991e+01  -2.4522503e+01
  -2.8229131e+01   6.8987517e+01
   5.0996007e+01  -1.6121685e+01
   2.4205349e+01  -2.4924489e+01
   2.5646191e+01   6.0325143e+01
  -1.0551564e+01  -5.3021316e+01
   1.3589254e+01   7.5444648e+01
   9.5996504e+00  -9.5177551e+00
  -5.7062976e+01  -5.3914452e+01
   6.8394232e+01   9.9440104e+01
   3.3465168e+01   7.6860411e+01
  -9.6807663e+01  -4.1912278e+01
   8.5316497e+00   3.0452601e+01
  -4.0431844e+01  -3.4932319e+00
  -4.9416505e+01   2.2485612e+01
  -4.6178656e+01   5.2359173e+01
   4.5753411e+01   3.5038688e+01
  -5.0644326e+01   3.3711934e+01
  -8.2479593e+01   1.6080841e+01
   5.3229075e+01  -5.0667531e+01
  -4.3633500e+01  -1.2947196e+01
  -8.1881302e+01  -1.7656565e+01
   6.1136584e+01   8.3764105e-01
  -1.8541606e+01   6.6513477e+01
   3.6388847e+01  -2.2093952e+00
   7.0081167e+01  -4.1455194e+01
  -3.1190107e-01  -5.4347206e+01
  -8.1800845e+01  -3.7136980e+01
   3.4965170e+01   6.3936991e+01
  -3.1701463e+01  -2.8892042e+01
  -3.0486267e+01  -6.9058067e+01
   5.5948402e+01  -4.1123533e+01
  -5.1355301e+01  -9.9917873e+01
  -2.8642137e+01   9.3971931e+01
  -5.3158767e+00   6.9054707e+01
   1.0773941e+01   9.2712484e+00
   2.8131530e+01  -7.8319117e+00
  -8.8870903e+01  -5.9495376e+01
   7.0872999e+01   7.3191051e+01
  -7.0420911e+01  -5.4620120e+01
   9.8598089e+01   1.6082462e+01
   5.2326585e+01   9.8519995e+01
   1.6291425e+01   6.3855538e+01
   8.6548251e+01  -6.2172662e+00
  -1.7721691e+01   5.6556635e+01
   1.5408688e+01   4.1075594e+01
  -3.0707213e+01   3.2320719e+01
  -2.7446174e+01   5.6295494e+00
  -3.2139999e+01   1.4449094e+01
  -7.7295335e+01   4.8883669e+01
   2.5836163e+01   3.4430202e+01
   5.5367145e+01   1.9773737e+01
  -4.3953242e+01   8.0575011e+01
   4.8600425e+01   4.4610302e+01
  -8.0518063e+01   5.8350062e+01
  -8.0648183e+01   2.5911428e+01
   1.2918643e+01  -5.9118074e+01
  -6.1845919e+01  -4.5084194e+00
  -3.5604716e+01   8.6794272e+01
   6.3401517e+01  -4.8895994e+01
   3.3264892e+01  -5.0811017e+01
  -5.7685314e+01   4.5837182e+00
  -8.1483426e+01  -6.9613540e+00
   8.1768462e+01  -2.9528694e+01
   4.0505385e+01  -1.5419678e+01
   5.0646492e+01   1.7069941e+00
   5.2425632e+01  -3.1098110e+01
   5.6325670e+00  -2.8707971e+01
   5.2040538e-01  -6.5652691e+01
  -2.8387356e+01  -8.8487600e+01
   4.4832235e+01   6.2347694e+01
  -9.5233011e+01  -5.1784597e+01
  -2.2226522e+01  -3.2009905e+01
   3.3563224e+01  -3.9430141e+01
   3.7866229e+01   4.3844204e+01
  -1.0149385e+01   8.3019615e+01
  -6.3071052e+01  -9.9825665e+01
   9.8397132e+01   4.0928185e+01
   8.4791646e+01   7.1429718e+01
   1.3745719e+01  -4.1774886e-01
   7.6928441e+01   5.4596658e+01
   1.9453921e+01  -1.6117056e+01
  -6.6174893e+01  -6.3671541e+01
  -5.8785897e+01  -3.8420147e+01
   7.6569638e+00  -4.5343504e+01
   7.6168429e+01   1.0071844e+01
   6.2739406e+01   6.7374227e+01
   4.3778017e+01   8.2271808e+01
   7.5757797e+01   8.1908804e+01
   9.1658487e+01  -2.8317180e+01
   3.7068423e+01   9.7254572e+01
   1.6298154e+01   8.7503349e+01
   8.3053308e+00   1.8950005e+01
  -2.5201916e+01   4.9272726e+01
  -1.4732801e+01   4.7025589e+01
  -4.2194033e+01   4.3189564e+01
  -9.3669186e+00   2.7890695e+01
  -5.2897976e+00   4.3589310e+01
  -1.9871506e+01   2.9998493e+01
  -1.1640514e+00   3.4483769e+01
  -7.4645525e+01  -6.8986172e+01
  -4.2061417e+01   1.3284230e+01
  -2.2423780e+01  -9.8616539e+00
  -4.6591587e+01   4.3732490e+00
  -6.1903292e+01   1.4486766e+01
  -4.7261451e+01   7.0885669e+01
   2.7879195e+01   4.4217148e+01
  -3.6196636e+01   5.1754144e+01
   2.8257979e+01   1.9388995e+01
  -5.7548901e+01   5.1993026e+01
   4.6658647e+01   1.4906456e+01
  -6.1985173e+01   8.4308082e+01
   5.5560359e+01   3.3201757e+01
  -9.2225282e+01   2.0871211e+01
  -6.9173153e+01   3.3385610e+01
   5.6280985e+01   9.8791682e+00
  -8.6487931e+01   4.4948053e+01
  -9.8953449e+01   5.0586560e+01
   2.4582070e+01  -5.5747712e+01
  -7.2553543e+01   1.4886154e+01
  -7.3254101e+01  -1.2625694e+01
   6.5014919e+01  -6.6789618e+01
   9.8194614e-01   6.1288065e+01
   3.7770442e+01  -8.0103825e+01
  -5.1567426e+01  -3.1517652e+01
   4.3215913e+01  -5.1645659e+01
  -2.9455915e+01   7.8909804e+01
  -6.7546343e+01   6.2339896e+00
  -9.0119190e+01  -1.1998499e+01
  -9.4813386e+01   3.2242678e-01
   6.9725453e+01  -1.9940122e+01
   4.5270585e+01  -6.6924318e+00
  -3.7455484e+01   7.2841055e+01
  -8.4076242e+01  -2.7403195e+01
   5.5194802e+01  -7.1027118e+00
  -9.0973446e+00  -6.2914850e+01
  -1.0743285e+01  -1.7510369e+01
   7.1838136e+01  -2.9670571e+01
   2.4653836e+01  -3.4903021e+01
   4.1779139e+01   6.1974524e+00
  -1.2068612e+01  -4.3070400e+01
  -8.8273289e+01   3.2390221e+01
  -1.9016806e+01  -8.4911841e+01
   6.1124960e+01  -1.4985994e+01
   4.5201362e+01  -2.4199886e+01
   6.0199010e+01  -2.4842553e+01
  -2.0489074e+01  -5.1913657e+01
  -3.7204333e+01  -5.7814335e+01
  -7.7623518e+01  -4.7659718e+01
  -8.7384236e+01  -4.5485230e+01
  -5.7286905e+01  -9.1668407e+01
   4.6083703e+01  -4.2161840e+01
  -9.5303552e+01  -7.8453930e+01
  -2.1946537e+01  -4.2027664e+01
  -3.8216176e+01  -8.6646021e+01
  -3.0830561e+01  -4.9922094e+01
   3.3997410e+01  -2.6852863e+01
   4.7869555e+01  -6.9611946e+01
   4.6969068e+01   2.5129139e+01
   3.2649196e+01   5.3164664e+01
   2.5218564e+01  -4.4883841e+01
  -7.8885080e+01  -5.9932042e+01
  -2.1951741e+01   8.5518328e+01
  -1.5707448e+01   9.3327805e+01
   2.1010356e+01   5.1473296e+01
   4.2631479e+01   5.2618568e+01
   2.4128469e+01   8.0490557e+01
  -1.3727179e+00   7.8239448e+01
  -6.4747216e+01  -8.5010002e+01
   4.9186070e+00   7.0470755e+01
  -5.7923800e+00   9.2017895e+01
   7.5805805e+01   6.4520569e+01
  -1.2665174e+01  -7.7003390e+00
  -6.2478036e-01  -9.1326925e+01
   2.5514697e+00   3.6065659e+00
   6.7696579e+01   5.8675927e+01
  -7.2050014e+01  -3.9351248e+01
   2.7401440e+01   2.1037727e+00
  -6.4140144e+01  -4.6851703e+01
  -4.7328124e+01  -9.0765057e+01
   1.5953273e+01  -3.9806514e+01
   7.7213940e+01  -9.8027870e+00
   8.6418374e+01   5.1470506e+01
   8.3524856e+01   3.3093055e+00
   6.9319338e+01   1.8817951e+01
   8.5691389e+01   1.3068217e+01
   5.8424635e+01   4.2764854e+01
  -4.9498336e+01  -7.1312987e+01
   8.5294459e+01   6.1401131e+01
   5.4270693e+01   7.2776106e+01
   3.5245135e+01   8.7426297e+01
   6.2463357e+01   7.8557173e+01
   2.5902363e+01   7.0319298e+01
   8.9588363e+01  -1.8534822e+01
   9.9038907e+01  -1.5314332e+01
   5.9436400e+01   9.1492262e+01
   2.5787077e+01   9.0600562e+01
   1.7059856e+01   2.3772874e+01
   4.5049518e-02   2.4560243e+01
  -1.2947860e+01   3.7198280e+01
   1.1023891e+01   5.1305269e+01
   5.4501051e+00   4.1983444e+01
  -1.9421145e+01  -3.3009771e-01
  -3.8990246e+01   2.2799981e+01
  -2.7023318e+01   2.3026301e+01
  -2.8396754e+01  -1.7869644e+01
  -5.8232063e+01   2.7205495e+01
  -5.0437912e+01   6.1404697e+01
   3.5819018e+01   3.4065109e+01
   3.2798156e+01   1.0502655e+01
  -3.6987871e+01   6.1896869e+01
  -5.5475580e+01   7.6588132e+01
  -4.0655961e+01   3.3308649e+01
  -5.2164644e+01   4.3589850e+01
  -6.7375454e+01   5.0142562e+01
  -5.2179380e+01   8.6268808e+01
  -3.7858807e+01  -2.1071351e+01
  -6.7526382e+01   2.3525727e+01
   5.4768654e+01   6.1345702e+01
  -9.5035024e+01   3.9757280e+01
  -7.8873369e+01   3.5792708e+01
  -8.9714231e+01   5.4413301e+01
   1.6554141e+01  -4.9814801e+01
   2.1359868e+01  -6.5206242e+01
  -9.7840857e+01   2.9486789e+01
   6.8944608e+01  -5.7248389e+01
  -9.0804300e+01   1.0541903e+01
  -4.7768645e+01  -2.2283506e+01
  -1.7700125e+01   7.6470329e+01
  -2.7410668e+01   5.9023542e+01
  -6.3497206e+01  -1.4710423e+01
  -7.2009388e+01  -2.7089798e+00
   3.7105470e+01  -7.0144796e+01
  -4.4068825e+01   9.2118158e+01
  -1.2197266e+01  -7.2424613e+01
   7.9674021e+01  -1.9576283e+01
  -2.4432335e+00  -3.4559227e+01
  -2.6117898e+00  -7.5278204e+01
   9.9291525e-01  -1.5832982e+01
   1.5541191e+01  -2.9831198e+01
  -5.1601495e+01  -4.2810755e+00
  -8.5025350e+01   2.3842599e+00
  -1.9475640e+01  -2.2379486e+01
  -2.2465114e+00  -4.4545198e+01
  -9.5421057e+01  -2.0489339e+01
  -2.7137998e+01  -7.8565978e+01
  -2.2722065e+01  -9.6727941e+01
  -9.5222378e+01  -6.8454260e+01
  -7.5439662e+01  -8.0356238e+01
  -3.0448722e+01  -3.9034148e+00
  -8.5307565e+01  -7.8736462e+01
  -8.5060328e+01  -6.8739944e+01
  -1.2308377e+01  -3.3074352e+01
  -3.8007379e+01  -9.6643630e+01
  -4.7016185e+01  -5.9863882e+01
  -4.0335498e+01  -6.7310209e+01
  -4.1632522e+01  -3.0381165e+01
  -3.6966871e+01  -7.6724924e+01
  -3.1356311e+01  -3.8846506e+01
  -7.0534512e+01  -9.3164860e+01
  -8.6972020e+01  -9.7813625e+01
  -9.8004135e+01  -9.0871134e+01
  -2.7313609e+01  -5.9283248e+01
  -1.0567820e+01  -9.0261106e+01
   9.6414434e+01   5.1516906e+01
   7.6697849e+00   9.3307098e+01
  -6.5939501e+01  -3.1435590e+01
   9.2684638e+01   7.7569805e+01
  -7.6355276e+00   9.3746063e-01
   2.0750788e+01   9.5244864e+00
   9.6530150e+01  -5.6348971e+00
  -1.8301214e-02   1.3267986e+01
  -5.3540152e+01  -1.4129012e+01
  -7.2798951e+01  -2.4160586e+01
   1.0164669e+01  -1.9804533e+01
   3.0754153e+01  -1.7427539e+01
   8.8427607e+01   4.1682211e+01
   7.4041361e+01   1.7380980e-01
   9.0863645e+01   3.1986967e+01
  -5.7158805e+01  -7.7740051e+01
   6.2795497e+01   2.6351563e+01
   7.9134548e+01   2.0590373e+01
   5.9708689e+01   5.2667101e+01
   9.4410080e+01   6.5499025e+01
   9.9920652e+01   2.5994618e+01
   9.3806428e+01   7.2507941e+00
  -9.2398046e+01  -3.2940556e+01
   4.4280293e+01   7.2307423e+01
   6.9225950e+01   8.9475714e+01
   7.2560191e+00   8.3270134e+01
   3.8221382e+01  -6.0244059e+01
  -9.9493892e+01  -8.5292532e+00
   4.9080299e+01  -5.9717188e+01
   6.3099089e+01  -3.4330075e+01
   5.3695686e+01   8.3315701e+01
