   3.7104982e+01   1.1600758e+01
   2.3602544e+01  -1.3309682e+01
  -2.5817420e+01  -1.7958171e+01
   4.0682074e+00   2.7284818e+01
   3.7327312e+00  -2.9681229e+01
  -2.1773395e+00   6.2167285e+00
  -6.5574555e+00  -2.8154695e+00
   3.9141168e+00  -1.9682874e+01
  -1.3243339e+01  -1.8679020e+01
   2.3514457e+01  -3.3100698e+00
   3.5829205e+00  -1.9575816e+00
   2.0521063e+01   3.4075931e+01
   1.4929503e+01  -1.8287468e+01
  -1.9085780e+01  -1.0563240e+01
  -4.9633148e+00  -2.4286265e+01
  -3.5564174e+01   4.1317201e+00
   2.1402462e+01   1.8351913e+01
   1.3580884e+01  -2.1593614e+00
   1.6833857e-01   1.8076614e+01
   1.0716138e+01   1.7031720e+01
  -6.0005157e+00   2.6000387e+01
   1.3622677e+01  -2.8201711e+01
   2.3324539e+01  -2.3721008e+01
  -2.4296326e+00  -1.1923767e+01
  -6.6661455e+00  -3.4140216e+01
   2.1783826e+00  -3.9559690e+01
   8.3765384e+00  -1.0733753e+01
  -1.5270535e+01  -2.8471388e+01
  -2.5651039e+01   2.8165162e+00
  -2.8521524e+01  -7.2516355e+00
  -1.6379333e+01  -9.3644667e-01
   2.7221015e+01   1.0081815e+01
   1.7727212e+01   6.9405264e+00
   7.7420054e+00   7.4842320e+00
  -1.9450423e+00   3.5274864e+01
   3.2299468e+01   1.4673320e+00
  -1.2864231e+01   3.3272898e+01
   1.4034552e+01   2.6465072e+01
