   3.7820592e+01  -3.3032723e+01
   7.2911293e+01  -5.1457528e+00
  -8.4737871e+01  -6.6039124e+01
  -6.5105916e+01   8.9420071e+00
   7.6020585e+01   6.0032196e+01
  -5.7794603e+01   3.3413441e+01
  -6.3904090e+01  -5.5084852e+01
  -4.9815364e+01   5.2327240e+00
   7.2152808e+01  -4.2338178e+01
  -9.8849705e+01  -2.7918556e+01
   5.7281114e+01  -3.6436437e+01
   7.4614532e-02   6.4434041e+01
  -9.3957946e+00   6.1988104e+01
  -2.9401782e+01   6.5097327e+00
  -4.3624384e+01   1.3044583e+01
  -8.0859461e+01   6.3224727e+01
   2.9131290e+01  -4.8869202e+01
   7.6898940e+01  -3.3408184e+01
   4.3070457e+01   8.3127630e+00
   2.6196699e+00  -6.9928800e+01
  -1.4126159e+01  -2.5418429e+01
   8.3764710e+01   8.2551398e+01
  -6.9199255e+01  -2.3988182e+01
   7.8090199e+01   3.4040996e+00
   7.3933202e+01   8.0723782e+01
   9.9910522e+01  -3.5089737e+01
  -6.4444436e+01   5.0082200e+01
  -7.9772746e+01   8.5354537e+01
  -7.3012486e+01   2.2495826e+01
  -7.8654603e+01  -1.4926362e+01
   6.3091992e+01  -6.9434796e+01
   4.4180133e+01  -9.2179438e+01
  -7.1841931e+01  -3.4636406e+01
  -7.1125593e+01   3.4721880e+00
  -9.4849074e+01  -8.7104781e+00
  -3.6847979e+01   7.4648315e+01
   5.6189803e+01   8.4577665e-01
  -8.9524309e+01   2.8121054e+01
   6.4576166e+01  -2.4130985e+01
  -3.2629081e+01  -6.6290897e+01
  -8.4211086e+01  -5.6055475e+01
  -9.8248901e+01  -8.7228989e+01
   3.6963156e+01   5.5825112e+01
  -6.1441094e+01  -8.8290171e+01
  -1.4104733e+01   9.9667269e+01
   1.4965017e+01   2.8780595e+00
  -4.6150834e+01  -9.0850346e+01
   9.5322915e+01   6.4165228e+01
   4.0213597e+01   3.7097819e+01
  -4.5205173e+01  -7.0901349e+01
   2.7358224e+01   7.2510961e+01
  -3.2131496e+01  -2.8646358e+00
  -4.0260198e+01   2.2560244e+01
   3.0363513e+01   3.8444480e+01
  -2.7812906e+01   7.1595216e+01
  -4.4325999e+01   8.0868330e+01
  -4.4199592e+01   3.1842216e+01
  -7.3801509e+01   4.5089651e+01
  -3.5939872e+01  -1.1874951e+01
   6.7202904e+01   6.6231872e+01
  -8.4697125e+01   3.7027826e+01
   2.1187934e+01  -6.8197416e+01
   7.3611661e+01  -5.6821078e+01
  -1.0625010e+01  -8.6510789e+01
   4.9174546e+00  -3.9578473e+01
  -4.0578974e+00  -2.3043922e+01
   4.1802004e+00  -4.9539902e+01
  -9.4500415e+01  -7.1584066e+01
  -7.4623666e+01  -9.2380573e+01
  -2.5728946e+01  -1.0586649e+01
  -3.9712273e+01  -2.0945955e+01
  -4.0424778e+01  -7.9681325e+01
  -8.2459845e+01  -9.8593004e+01
  -9.7976948e+00  -9.6473673e+01
   8.3143966e+00   1.0213472e+01
   5.9656369e+00   2.2394571e+01
  -6.3348683e+01  -5.5897292e+00
   1.2690945e+01  -2.6439272e+01
   2.4971965e+01  -1.8659973e+01
   6.1740515e+01   2.8000602e+01
   3.9551897e+01   8.4695156e+01
   8.1553970e+01   9.9938421e+01
  -6.4532490e+00   4.8043215e+01
   2.4917119e+01   1.0867986e+01
  -3.3363950e+01   6.2029994e+01
  -3.7610033e+01   4.0072845e+01
   4.3293832e+01   2.7649634e+01
   5.3215634e+01   4.5205890e+01
  -6.0923260e+01   9.1309200e+01
  -5.3862629e+01   7.5013372e+01
  -9.0067061e+01   5.9388789e+01
   1.9732679e+01  -9.6418215e+01
  -7.1591775e+01   7.9674045e+01
   5.2380377e+01  -8.4036096e+00
   1.6309190e+01  -8.7024292e+01
  -2.4047146e+01   5.4200762e+01
   4.1147585e+01  -6.3312708e+01
   1.5472209e+01  -3.5944535e+01
   5.0137687e+01  -5.3834852e+01
  -6.8692929e+01  -1.4051790e+01
   3.7185531e+01  -4.2971493e+01
   4.5060831e+01  -1.6350301e+01
   7.5506715e+01  -2.3340818e+01
  -9.8518292e+01   5.7454290e-01
   2.6039680e+00  -5.9402134e+01
   3.5949175e+01  -4.5231262e+00
  -8.1221902e+01  -4.6517678e+01
  -9.8481904e+01   1.0560873e+01
  -9.6503545e+01   3.5375943e+01
  -1.5463283e+01  -6.7494871e+01
  -1.4666805e+01   8.7181560e+01
  -2.2391099e+01  -9.9852713e+01
   1.8967173e+01   6.4644007e+01
   2.3416355e+01   5.5635020e+01
  -5.9276815e+01  -2.4602005e+01
   1.1538704e+01   9.5955335e+01
  -6.9949638e+01  -4.4464099e+01
   8.0431647e+01   7.3123205e+01
   4.8754331e+01   6.9436922e+01
  -5.5825877e+00   8.3369856e+01
   5.2607277e+00  -1.9851711e+01
  -1.6281268e+01  -7.6094487e+00
  -2.3244825e+01  -2.8269233e+01
   9.5414076e+01   4.7149384e+01
   3.3053902e+01  -2.4338093e+01
   2.1797912e+01  -5.8217388e+01
   8.7051469e+01   8.3784045e+00
   8.1792095e+01   1.8055924e+01
   6.9086054e+01   2.1226630e+01
   9.1227999e+01  -1.1140008e+01
   6.6775982e+01   5.6223699e+01
   9.6191837e+01  -1.9817899e+01
  -2.7463951e+01  -3.7288995e+01
  -2.3337015e+01  -7.3652902e+01
   5.5560530e+01  -8.5587299e+01
   8.5347941e+01  -5.3298354e+01
   1.2465949e+01   3.0026058e+01
   2.2767778e+01   2.3597172e+01
   7.4554837e+00   3.8575031e+01
  -1.7797770e+01   3.3525279e+01
   1.1357352e+01   5.7740167e+01
  -4.3048484e+01  -4.8910514e+00
  -4.4987742e+01   4.6615233e+01
  -3.8131668e+01   5.3347687e+01
  -5.0644666e+01   3.9089765e+01
  -7.1065634e+01   3.2792638e+01
  -8.2614148e+01   1.9735498e+01
  -7.9647036e+01   2.8986250e+01
   2.0993914e+01  -7.8192212e+01
  -7.0738022e+01   8.9618364e+01
   6.3439031e+01  -7.9428676e+01
  -6.1799360e+01   8.0827671e+01
  -6.6593550e+01   9.9487532e+01
   3.1176974e+01  -6.8482618e+01
  -8.8754473e+01   6.9285312e+01
   8.9830989e+01  -6.8646094e+01
  -2.3418335e+01   6.3233815e+01
  -4.8921070e+01  -1.2886092e+01
  -5.8749109e+01  -1.4603309e+01
  -4.2999744e+01   9.9164528e+01
  -1.5311190e+00  -7.9018395e+01
  -6.5057293e+01   4.0276084e+01
   8.6201363e+01  -2.9753967e+01
   1.5304431e+01  -1.6887280e+01
   3.6298272e+01  -9.8611301e+01
  -8.0481916e+01   2.0235142e+00
   4.7095451e+01  -4.4224334e+01
   9.0599756e+01  -3.8730991e+01
  -2.6554095e+01  -9.0760848e+01
  -3.6362401e+01  -8.8817207e+01
  -2.9990167e+01  -8.1113902e+01
  -7.3634048e+01  -5.5543628e+00
  -8.4895362e+01  -7.1123104e+00
  -9.0597110e+01  -8.0790815e+01
  -5.3488418e+01  -4.0349895e+00
  -8.4734613e+01   5.1004987e+01
  -5.8816472e+00  -6.4677210e+01
   3.2780289e+00  -2.9743816e+01
  -9.2550067e+01   1.8598201e+01
  -5.9999750e+01  -6.4285088e+01
  -5.0215508e+01  -8.1716235e+01
  -6.8254565e+01  -7.3610132e+01
   3.3178452e+01   9.2385558e+01
  -9.2084079e+01  -4.9341403e+01
  -4.9515352e+01  -2.2771628e+01
   4.4343108e+01   9.6222906e+01
  -1.3879421e+01  -4.5773384e+01
   8.9043540e+01   9.3312236e+01
  -9.1869545e+00  -5.5240991e+01
   3.1617617e+00  -2.0876366e+00
   8.0369206e+00  -1.0389442e+01
  -2.9795636e+01  -1.9699920e+01
  -4.2993903e+01  -3.0238413e+01
   4.1027808e+01   1.8002185e+01
  -8.8541356e+01  -2.6427251e+01
  -8.8529557e+01  -1.6440489e+01
  -6.1961718e+01  -3.6105354e+01
   2.7019815e+01  -8.9201429e+00
  -2.1791113e+01   5.1805745e-01
   1.7307658e+01  -6.7919136e+00
   3.5229553e+01  -1.4589942e+01
   8.4571949e+01   4.7298010e+01
   7.8326590e+01  -1.3550339e+01
   8.6102777e+01  -2.5610641e+00
   9.7324963e+01   1.0959374e+01
   7.3592140e+01   1.2318697e+01
   4.6952464e+01   5.5900245e+01
   5.0529786e+01   3.4521756e+01
   3.6956954e+01   7.5062855e+01
   7.5174025e+01   9.2136724e+01
  -9.9465056e+01  -4.2571112e+01
   5.6931110e+01   5.4478582e+01
   1.9634980e+01   7.8553452e+01
  -2.0049034e+01  -8.3166300e+01
  -3.3368993e+01  -5.6323763e+01
   5.1726431e+01  -6.3707090e+01
   4.6171311e+01  -8.2146026e+01
   3.7090299e+01  -7.6541156e+01
   5.6843320e+01  -4.6419533e+01
   2.1779392e+01   9.7415262e+01
   6.6917834e+01  -3.3833044e+01
   5.8025517e+01  -1.6609449e+01
   6.2902329e+01  -6.5652575e+00
  -3.4926557e+01   1.4123026e+01
  -2.0821490e+01   4.5059759e+01
   9.9556867e+00   7.7012206e+01
  -2.0387932e+01   7.8063838e+01
  -2.5502042e+01   2.9089641e+01
   7.9330046e+00   4.8433988e+01
   3.5921471e-01   5.4681837e+01
  -4.7137521e-01   2.9445111e+01
  -3.9557839e+01   4.3388493e+00
  -5.4913454e+00   9.6382768e+01
  -5.1412705e+01   1.5773205e+01
   8.7141619e+00   8.6414885e+01
   4.3316375e+01   4.6572989e+01
   3.3347712e+01   2.8871583e+01
   5.1190165e+01   1.4120440e+01
   5.2590368e+01   2.4010819e+01
  -7.5970640e+01   1.2355815e+01
  -2.9695514e+01   8.1685401e+01
  -4.5465735e+01   7.0077625e+01
   6.1117527e+01   1.5207715e+01
   6.7607708e+01  -8.8518302e+01
   2.6188647e+01  -8.8542671e+01
   4.5387626e+01  -1.3365821e+00
   7.2755651e+01  -6.6865373e+01
  -4.4578988e+01   6.0454295e+01
   8.1824901e+01  -6.2655135e+01
  -9.7981125e+01   6.5450847e+01
  -5.2989987e+01   8.5427017e+01
  -8.9130041e+01   8.8829167e+01
  -1.1210605e+01  -7.6533858e+01
  -5.4763269e+01   4.8088177e+01
  -3.9134065e+01   8.9941919e+01
   3.0302788e+01   4.8400225e+01
  -5.4208851e+01   9.8713568e+01
  -7.8849447e+01   7.2938024e+01
  -3.4704393e+01   3.0714984e+01
   6.5436172e+00  -8.4905275e+01
  -2.1976659e+01   9.3914481e+01
   3.1790455e+01  -5.8505021e+01
  -9.3673001e+01  -6.1547642e+01
  -3.1218759e+01   9.7519523e+01
   5.1391509e+01  -2.4083375e+01
   4.7779245e+01  -3.3398427e+01
   1.1230259e+01  -7.5497167e+01
  -3.3895612e+01  -9.8506653e+01
  -4.0772490e+00  -4.3926073e+01
   1.3381958e+01  -4.5656865e+01
   2.3342220e+01  -2.9785671e+01
   3.5969096e+01  -8.6475039e+01
  -5.0112475e+01   2.4481403e+01
   3.3544529e+01   5.3583839e+00
   2.7593077e+01  -3.8868343e+01
  -8.9508471e+01   6.0234379e+00
  -7.3852112e+01  -5.4090642e+01
   6.1150833e+01  -5.8969977e+01
   8.2026484e+01  -4.3869403e+01
  -8.0057029e+01  -7.4874792e+01
   6.6066176e+01  -5.0264183e+01
  -9.8347565e+01   5.3803861e+01
  -9.0901751e+01   7.9008889e+01
  -8.2201708e+01  -3.6574433e+01
  -7.0177024e+01  -8.3423600e+01
  -8.1402295e+01  -8.4783539e+01
  -9.8734584e+01  -1.7921020e+01
  -5.4832993e+01  -9.5808276e+01
  -5.1595453e+01  -5.8867535e+01
  -5.4993817e+01  -7.2935883e+01
  -7.8597521e+01  -2.7263062e+01
  -6.4420127e+01  -9.8648506e+01
   5.7804702e+01   7.4632909e+01
   3.0027416e+01   6.2997236e+01
   1.7795593e+01   4.7458047e+01
   6.5194305e+01   4.6351039e+01
   9.9765724e+01   7.6523605e+01
  -5.9971079e+01  -4.5897764e+01
  -9.6367659e+01  -9.7050442e+01
   2.1848024e+01   3.3385691e+01
   9.8883478e+01   9.5094260e+01
   6.0654478e+01   9.1815487e+01
   3.1193510e+01   1.8616126e+01
  -9.8390358e+00  -2.2364650e-01
   9.3593869e+01   8.4391772e+01
   6.4078268e+01   8.2420110e+01
  -1.0567032e+01  -1.5606537e+01
   9.0444342e+01   7.2894462e+01
  -1.9318064e+00  -1.0670452e+01
   8.9678870e+01   3.8700382e+01
   1.1569929e+01  -6.5502173e+01
   1.2168516e+01  -5.5544464e+01
  -2.2711608e+00   5.8581238e+00
  -7.4641545e+01  -6.5915557e+01
   9.5104498e+00  -9.4870416e+01
   2.4692873e+01   7.7909067e-01
   6.5601466e+01   6.2735709e+00
   9.6001212e+01  -1.1578690e+00
   8.8638043e+01   2.8754700e+01
   8.5078097e+01   6.4268312e+01
   6.8420351e+01  -1.4902834e+01
   9.7794311e+01   3.2775135e+01
   5.9960750e+01   3.7833393e+01
   5.1106551e+01   8.8865159e+01
   8.6162301e+01  -1.9758740e+01
   4.8008162e+01   7.9376098e+01
   3.9649919e+01   6.5444323e+01
  -9.2177999e+01  -3.5730289e+01
  -1.5690165e+00  -9.0749246e+01
   2.8219373e+01   8.3619446e+01
   1.8049332e+01   8.8295270e+01
   9.0108221e+01   5.5625639e+01
  -4.1939933e+01  -6.1455232e+01
  -2.3688284e+01  -6.1833954e+01
   5.7379601e+01   6.4452584e+01
   9.1721511e+01   1.9241963e+01
   7.4945118e+01   5.0004303e+01
  -2.1609008e+01  -5.2074394e+01
   5.6006450e+01  -9.5577340e+01
   4.6024300e+01  -7.2051257e+01
  -3.0130578e+01  -4.6885028e+01
   1.4615662e+01   1.8257712e+01
  -1.7556546e+01  -3.6531937e+01
  -3.3131257e+01  -2.9083293e+01
  -5.2783731e+01  -3.2193657e+01
   9.3926205e+01  -4.8160110e+01
   9.4043002e+00   6.7377552e+01
  -9.5303697e+00   7.5149138e+01
   2.8349619e-01   7.5180979e+01
  -9.9818356e+00   2.7969685e+01
  -2.4069016e+00   3.9023509e+01
  -7.5727153e+01   5.4750735e+01
  -9.1618686e+01   4.4005373e+01
  -1.2068591e+01   4.0581978e+01
  -2.3781271e-01   1.5189109e+01
  -1.6257517e+01   6.9025597e+01
  -2.8343624e+01   2.0357802e+01
  -3.0577603e+01   4.7347384e+01
  -1.4423390e+01   5.3595384e+01
   6.7656269e-01   9.0094761e+01
  -6.5645831e+01   1.7663662e+01
  -6.3986921e+01   2.6776339e+01
  -5.7816495e+01   1.1868388e+01
  -1.1243659e+01  -2.9557577e+01
