   3.1400748e+01   6.6164494e+01
  -5.3067841e+01   3.3818161e+01
  -1.2005561e+01  -5.1586929e+01
  -9.1463617e+01   1.0978774e+01
   5.0184070e+01  -4.6141228e+01
   7.7702529e+01  -4.9741371e+01
  -1.2551881e+00  -3.6535150e+01
   7.5834138e+01   4.4067352e+00
  -9.7759529e+01  -3.4654981e+01
   4.3420549e+01   5.0261045e+01
  -2.8350731e+01   5.0478093e+01
  -4.1617016e+01   6.6254875e+01
   4.7263069e+01  -7.7043873e+01
   2.7595528e+01   2.0484990e+01
   2.8331364e+01  -2.4512393e+00
   1.1917515e+01  -1.7466958e+01
   9.2453344e+01   9.0475276e+00
   8.0429298e+01   6.5828508e+01
  -6.7691702e+01  -6.8839100e+01
   9.0873245e+01  -4.6225410e+01
  -7.4549391e+01   7.9261999e+01
  -7.9884883e+01   9.5564318e+01
  -5.4526621e+01   2.3935177e+01
  -2.9719187e+01   1.1146887e+01
   8.3301097e+01  -6.5375295e+01
  -8.0440031e+01   3.8196237e+01
   2.2874367e+01  -8.4750466e+01
   3.7560707e+01  -2.0237569e+01
  -6.5427068e+01  -3.1891782e+01
  -9.7062669e+01  -2.4683372e+01
   4.4910322e+01   3.0442847e+01
   3.5421269e+01   3.6275925e+01
   9.8004749e+01   7.0431319e+01
  -3.8280720e+01  -7.0391033e+01
   1.6334219e+01   5.6168092e+01
   7.9110575e+00   8.8265213e+01
  -2.2203535e+01   2.8960801e+01
   2.0612993e+01  -5.6453815e+01
  -5.2361378e+01   9.9137747e+01
   8.5668534e+01  -2.3304155e+01
   4.1707258e+00  -1.1268355e+01
   8.4510732e+01  -3.7545232e-01
   6.7585945e+01   2.2065131e+01
   5.2137087e+01   6.7399029e+01
   6.6163271e+01   8.8073721e+01
   4.0860903e+01   8.3302818e+01
   6.1541219e+01   4.1603626e+01
  -2.8099106e+01  -5.7481188e+01
  -2.2687998e+01  -8.6961827e+01
   4.6590469e+01  -8.7018013e+01
   1.8024749e+01   3.5554982e+01
  -9.9712787e+01   3.9372927e+01
   1.4858887e+00   4.2908348e+01
   8.8699603e+00   4.9575563e+01
  -5.0980987e+01  -2.9061866e+00
   5.3953758e+01  -2.7331821e+01
   7.0453132e+01  -2.3375394e+01
  -2.2081155e+01   7.0456719e+01
  -2.8943449e+01   8.9579243e+01
  -6.2890319e+01   9.2308452e+01
   4.1189308e+01  -5.8105786e+01
  -4.7692428e+01   1.6664724e+01
   3.3164415e+01  -5.1819545e+01
   6.2890431e+01  -6.1874493e+01
  -8.1482257e+01  -4.8190628e+01
   3.0650360e+01  -4.2135341e+01
  -8.6722177e+01   5.6868762e+01
  -5.9144702e+01  -4.9877732e+01
  -4.5901354e+01  -6.4136805e+01
  -8.6920074e+01  -8.0723148e+00
  -1.3003567e+01  -1.2804936e+01
   5.9216455e+01   1.6843633e+01
   6.7868274e+00   8.4086625e+00
  -6.6768500e+00  -8.6717934e+01
   5.4830277e+01  -7.6277260e+00
  -2.3722756e+01  -8.7470893e+00
   9.6378815e+01  -1.2258171e+01
   1.5816503e+01   1.2638509e+01
  -2.5091887e-01   2.5542844e+01
   2.6268916e+01   5.5175169e+01
   3.7016732e+01   6.5689273e+00
   8.3768625e+01   5.6409267e+01
   5.0174588e+01   5.7605066e+01
   9.9343899e+01   1.9896050e+01
   8.5430364e+01   4.5927734e+01
  -4.8794087e+01  -7.3584538e+01
   1.8640925e+01  -2.4740666e+01
   6.3503571e+01  -7.5755765e+01
  -1.8943493e+01   8.9549405e+01
  -1.3211615e+01   6.5845103e+01
  -1.8013854e+01   7.9591740e+01
  -1.7006568e+00   9.1014279e+01
   9.2892647e+01  -6.8157292e+01
   2.7593878e+01  -7.4495105e+01
   3.7888061e+01   7.3765537e+01
   1.2575890e+01   6.9150101e+01
  -5.5555674e+01   5.3338609e+01
  -3.4852627e+01   4.1828486e+01
  -5.3388987e+01   8.9190672e+01
   6.4038366e+01  -4.3484477e+01
  -1.5427400e+01   3.8080988e+01
  -3.5023095e+01   8.1447326e+01
   9.8602632e+01  -3.6921874e+01
   8.9695247e+01  -3.2414259e+01
   4.0854472e+01   9.3295854e+01
  -7.4183128e+01   4.6036847e+01
   8.4889397e+00  -3.8261171e+01
  -7.3773548e+01  -3.7234866e+01
  -8.7339980e+01  -8.3841160e+01
  -5.9658610e+01  -8.9490418e+01
  -6.8408673e+01   7.2314651e+00
  -6.4721089e+01  -5.8953125e+01
  -6.3923086e+01   2.0539476e+01
  -3.6033605e+00  -4.6165299e+01
  -3.9599091e+00  -1.6998686e+01
   1.5138226e+01   8.1364141e+01
  -2.0051365e+01  -3.1917239e+01
  -3.3006191e+00   4.6125356e+00
   4.2966479e+01  -1.2327445e+01
  -9.4522119e+01   5.0465351e+01
   9.6093357e+01   8.0245382e+01
   2.1687819e+01  -4.6542391e+01
  -7.0257087e+01  -9.2576059e+01
   4.8302286e+01   7.6627406e+01
  -1.3933545e+01  -2.8909887e+00
  -3.9003099e+01  -3.1261150e+01
   4.9359728e+01   1.5486862e+01
   2.6561893e+01   4.0702311e+01
  -6.7714853e+01  -2.2201772e+01
  -3.3767360e+01  -8.1742892e+00
   9.4241840e+01  -2.3655152e+00
  -7.8245448e+01  -2.9795974e+00
  -5.9698536e+01  -7.6322298e+00
   8.9494226e+01   1.8765649e+01
  -3.3575008e+01  -9.5747770e+01
   7.8017241e+01  -1.6999087e+01
  -4.0176988e+01   8.6228376e+00
   5.5087726e+01  -7.0364547e+01
   3.7395787e+01  -7.8638942e+01
   3.5843061e+01   2.6363005e+01
   4.4449815e+01   4.0357748e+01
   4.6330302e+01  -3.7013832e+01
   5.6255526e+01  -3.7265293e+01
   6.6017798e+01  -8.5430607e+01
   3.3800802e+01   4.7569509e+01
   5.5840219e+01  -8.2175130e+01
   6.1057941e+01  -2.0124214e+01
  -6.8494939e+00   7.3569984e+01
   3.6752164e+01  -3.4223358e+01
   4.5613361e+01  -6.7190439e+01
  -5.0001771e+01   6.9705982e+00
   3.2520905e+01  -8.7359298e+01
  -3.1242845e-01   5.3403568e+01
  -8.5144056e+01   4.7003590e+01
   1.6349033e+01   9.8241737e+01
   6.8140363e+01  -5.2575326e+01
  -2.1691321e+01   9.9164469e+01
   5.2992852e+01  -6.0486864e+01
   7.5102349e+01  -5.9697012e+01
   1.0444814e+01  -8.3030723e+01
  -8.8353486e+01   6.6728834e+01
  -9.7171663e+01   7.1438937e+01
   9.5702489e+01  -5.4983725e+01
  -4.2361419e+01   4.8412407e+01
   1.8067195e+01   4.5826349e+01
   2.7830535e+01   9.6877231e+01
   1.2615597e+01  -9.2769754e+01
   6.4709859e+00   6.0965797e+01
  -6.4647694e+01   8.0658116e+01
  -7.2330980e+01   8.9012001e+01
  -9.5098943e+01   9.8239005e+01
   7.9697238e+01  -3.1304858e+01
  -2.8483261e+01   6.2667017e+01
  -3.2287300e+01   3.1310660e+01
  -1.7962278e+01   4.8255945e+01
  -7.2079321e+01   3.2753698e+01
  -7.5571167e+01  -6.2694308e+01
  -9.7679239e+01  -8.4958218e+01
  -8.7146146e+01   8.8688730e+01
  -6.4960194e+01   4.9952712e+01
   2.9458464e+01  -6.1071998e+01
  -9.9571612e+01  -9.8186429e+01
  -4.3542332e+01   2.6543305e+01
  -5.3189407e+01  -5.7626910e+01
  -3.6696336e-01  -5.5511938e+01
   3.5775529e+01  -6.8783797e+01
  -7.8401729e+01   7.0035450e+00
  -6.6373435e+01  -8.2125828e+01
  -3.7972399e+01  -5.8218669e+01
  -8.8593791e+01  -2.9922151e+01
  -8.3764229e+01  -2.1233171e+01
  -7.6098848e+01  -2.7596578e+01
   3.3062500e+00  -6.4713561e+01
  -1.2455198e+01  -4.1648898e+01
  -8.7404028e+01   1.8734432e+00
   5.3352782e+01   3.5860623e+01
  -5.8883016e+01  -3.9384758e+01
  -9.2362029e+01  -4.3067325e+01
  -5.8309738e+01  -7.6321962e+01
  -3.0351583e+01  -3.6217592e+01
   5.2828553e+01   2.4548514e+01
   6.6198142e+01   7.1726453e+00
   7.3140379e+01   1.3919090e+01
  -5.0878808e+01   7.0059637e+01
  -9.3466305e+01  -7.5690936e+01
   6.4206375e+01  -1.0832270e+01
  -5.8439388e+01   1.2245507e+01
  -5.9693431e+01   2.3460142e+00
  -4.1848680e+00   3.4724260e+01
   8.8325824e+00   1.9777143e+01
   3.6024678e+01   5.7300672e+01
   6.8640930e+01   6.7008271e+01
   4.2481862e+01   6.4898923e+01
   1.8076649e+01   2.3458343e+01
  -8.9789292e+01   2.3102525e+01
   2.5079607e+01   8.9125089e+00
  -3.2976387e+01   1.7316130e+00
   2.1521796e+01   6.4684888e+01
   3.0550368e+01   8.0551407e+01
   8.2177776e+01   8.4841185e+01
   6.0512538e+01   7.2819921e+01
   6.9239368e+01   9.7585956e+01
   6.9161533e+01   5.7041378e+01
   5.0459279e+00  -1.3781314e+00
   6.0236106e+01   6.1550348e+01
  -5.1803520e+01  -1.7479975e+01
   8.8617682e+01   2.8720685e+01
   5.2399227e+01   8.8564789e+01
   7.9881888e+01   2.0945598e+01
  -1.4598971e+01  -9.2760687e+01
  -2.8891610e+01  -6.7341380e+01
  -3.0360522e+01  -4.7884622e+01
   8.2787924e+01   1.1421995e+01
  -4.1151738e+01  -7.9863781e+01
   3.1122153e+01  -1.2053921e+01
   4.4084854e+01  -2.7455976e+01
   4.5948492e+01  -3.2751597e+00
   2.6985239e+01  -3.2345075e+01
  -3.3829784e+01  -1.8113000e+01
   8.8869028e+01  -9.1566816e+01
   9.9987887e+01  -9.6880848e+01
   2.7458434e+01  -9.5979155e+01
   6.4660317e+01  -9.5336199e+01
   5.5181253e+01  -9.2151098e+01
  -1.0875130e+01   9.5457156e+01
  -9.3341960e+00   8.4556379e+01
   8.1125045e+01  -9.5208000e+01
   2.8175565e+01  -2.2477356e+01
  -3.4328813e+01   9.8005265e+01
  -3.2701462e+01   7.1724562e+01
  -4.6475580e+01   5.7518841e+01
  -2.4924675e+01   4.1085184e+01
   8.2395899e+01  -4.0925843e+01
  -3.6934440e+00   6.2800341e+01
  -4.3830037e+01   3.7518443e+01
  -6.2399940e+01   3.0362775e+01
   2.6708881e+00   7.0505610e+01
   5.8213362e+01  -5.1991871e+01
  -6.0156040e+00  -9.9544993e+01
   7.0374985e+01  -6.8499592e+01
  -5.1439520e+01   4.4225238e+01
   9.6038607e+01  -7.7645724e+01
  -3.6341790e+01   5.6489556e+01
  -7.9023694e+01   7.0320417e+01
   1.6703710e+00   8.0452687e+01
  -8.4549869e+01   7.9031648e+01
   2.1060960e+01   8.9421448e+01
  -6.9778491e+01   9.9557781e+01
   9.5577136e+01  -2.2221212e+01
  -4.3460160e+01   9.0380775e+01
   2.2508566e+01   7.4619549e+01
   9.9538524e+00   2.9691243e+01
   2.6787017e+01   3.0540943e+01
  -9.6129424e+01   6.0378305e+01
   6.2554732e+00   9.8124590e+01
   4.0266724e+01  -4.4860555e+01
   7.1187586e+01  -3.6513717e+01
   1.7759041e+01  -7.6172271e+01
   3.9725964e+01  -9.4288182e+01
   8.5732250e+01  -5.5681324e+01
  -9.7547773e+01   2.9392619e+01
   8.6543953e+01  -1.0616652e+01
   7.7220203e+01  -7.1438404e+00
  -2.8250126e+01   2.1019693e+01
  -7.8041715e+01   2.4735418e+01
  -8.4272212e+01  -5.7773055e+01
  -6.7439879e+01  -4.4720398e+01
  -7.2808130e+01  -5.3106335e+01
  -8.3864929e+01  -7.2944456e+01
  -9.0231021e+01   3.6206099e+01
  -7.6766887e+01   5.5697292e+01
  -9.7142523e+01   8.8419860e+01
  -9.0914883e+01  -9.3180329e+01
   2.1253569e+01  -1.3669774e+01
   1.3482192e+01  -7.3764756e+00
  -1.3550742e+01  -2.2730767e+01
  -1.3495639e+00  -2.6597750e+01
   1.9957548e+01  -6.6421012e+01
  -1.0177530e+01   5.4833486e+01
  -8.2701089e+00   4.5028685e+01
  -3.7853658e+01   1.8327613e+01
  -6.5090698e+01   3.9967345e+01
   8.8813455e+00  -4.8232186e+01
  -5.0133790e+01  -8.4162004e+01
  -8.0083717e+01  -9.0722049e+01
  -9.5758775e+01  -5.8503340e+01
   9.2783785e+01   9.5710667e+01
  -1.9594321e+01   5.8121572e+01
  -1.0079167e+01  -3.2013459e+01
  -8.2823860e+01   1.5959332e+01
   8.8232642e+01   7.4065867e+01
  -7.2867000e+01   1.6169293e+01
  -9.6295693e+01  -4.6699277e+00
   7.8645025e+01   9.4194317e+01
  -8.3556221e+01  -3.8458160e+01
   1.8326103e+01  -3.7159913e+01
   6.3391147e+01  -3.0328752e+01
  -7.4510777e+01  -7.6392887e+01
  -5.8012813e+01  -6.6350666e+01
   6.1125576e+01   2.9651313e+01
  -2.8373324e+01  -2.6432082e+01
  -4.1010061e+00  -5.4873655e+00
   3.6759507e+01   1.6500921e+01
  -9.9346453e+01   4.8425578e+00
  -5.4742916e+01   7.9282819e+01
   5.1619620e+01  -1.7108777e+01
  -1.2110725e+01   2.8687671e+01
   6.8774039e+01   7.8427449e+01
   9.0932902e+01   6.3369860e+01
  -1.3920408e-01   1.5553602e+01
  -9.8745563e+01   1.7805451e+01
   1.8945505e+01   9.9921408e-01
  -2.2998690e+01   1.2946731e+00
   9.1777482e+01   3.8202900e+01
   5.9409883e+01   9.9415195e+01
   9.3078721e+01   5.2772083e+01
  -2.3675233e+01  -9.6907413e+01
   7.8355991e+01   7.5604315e+01
  -4.9996629e+01  -3.0864453e+01
   7.6169761e+01   4.9939366e+01
   6.0827298e+01   5.1578612e+01
   5.6501416e+01   7.2836451e+00
   2.8803942e+00  -8.9548757e+01
   5.2587027e+01   4.6021235e+01
  -5.8162235e+01  -2.5121260e+01
  -4.2967149e+01  -2.2112580e+01
  -1.4760084e+01  -8.0914629e+01
  -3.7810364e-01  -7.8984126e+01
   9.8548812e+01   2.9863604e+01
  -4.2670097e+01  -9.9875160e+01
  -5.0827284e+01  -9.4126318e+01
   1.0753277e+01  -5.8043468e+01
  -5.0527899e+00  -7.0199403e+01
  -7.8280487e+01  -1.2961171e+01
  -6.8417167e+01  -1.2284476e+01
   4.9466710e+01   9.8372324e+01
   8.2060521e+00  -7.3334190e+01
  -2.2337118e+01  -4.2131889e+01
  -9.3851876e+01  -1.5236800e+01
  -8.6938316e+00  -6.0971546e+01
  -4.1561771e+01  -8.9786666e+01
  -1.8562344e+01  -6.0057446e+01
  -4.4616706e+01  -1.0570058e+01
  -3.1906328e+01  -8.3350095e+01
   4.6828403e+01   6.2010659e+00
  -2.0806508e+01  -7.3043785e+01
   6.8651307e+01  -2.2489677e+00
   9.5705819e+01  -8.8652687e+01
