   3.7276613e+01   1.1626635e+01
   2.8136285e+01  -1.3040895e+01
  -2.5928227e+01  -2.0007197e+01
   4.0682073e+00   2.7284818e+01
   4.9437614e+00  -2.7511291e+01
  -2.1207521e+00   6.3679545e+00
  -5.9544277e+00  -2.7910838e+00
   4.5308377e+00  -1.8240870e+01
  -1.3970229e+01  -2.0807358e+01
   2.3650730e+01  -6.6650633e-01
   3.5429997e+00  -1.8281177e+00
   2.0522855e+01   3.4078033e+01
   1.4507755e+01  -1.8326963e+01
  -4.2649243e+00  -2.2775446e+01
  -3.6492252e+01   8.4583656e+00
   2.1402462e+01   1.8351913e+01
   1.3331817e+01  -1.1211267e+00
   1.6833857e-01   1.8076614e+01
   1.0717683e+01   1.7037609e+01
  -6.0005157e+00   2.6000387e+01
   1.4671763e+01  -2.8269657e+01
   2.4788148e+01  -2.2462677e+01
  -2.8031098e+00  -1.1939526e+01
  -1.1792834e+01  -3.9835681e+01
   7.5037553e-01  -4.5314196e+01
   9.0653478e+00  -9.9331944e+00
  -2.0590887e+01  -2.8399527e+01
  -2.7432842e+01   6.3813776e+00
  -3.2928223e+01  -7.9460106e+00
  -1.5000902e+01  -8.5847294e-01
   2.7409453e+01   1.0161255e+01
   1.7791833e+01   7.6442493e+00
   7.7920772e+00   7.4796928e+00
  -1.9450424e+00   3.5274864e+01
   3.3317626e+01   1.8121614e+00
  -1.2864231e+01   3.3272898e+01
   1.4034988e+01   2.6469305e+01
   2.3502104e+01  -3.2672719e+01
   1.8898306e+01  -9.3957419e+00
  -2.8055022e+00  -3.3123319e+01
  -3.9227677e+01  -9.4419036e-01
   6.0486613e+00  -3.7089893e+01
  -1.4606989e+01  -1.1175940e+01
  -2.4235401e+01  -2.0123153e+00
  -1.1358644e+01  -3.0032146e+01
  -2.4130883e+01  -1.0996059e+01
