   4.0734263e+01   9.0181156e+00
   2.9456259e+01  -1.3473544e+01
  -2.3649173e+01  -2.2077256e+01
   7.7693781e-01   2.2377957e+01
   5.7341255e+00  -2.9599594e+01
   1.1917640e+00   1.2389620e+01
  -4.2798386e+00  -6.3178384e+00
   4.4047945e+00  -1.9688415e+01
  -1.3684925e+01  -2.1242112e+01
   2.4646572e+01  -2.4079580e+00
   4.6692924e+00  -1.8570559e+00
   2.3403617e+01   4.1957432e+01
   1.4403768e+01  -1.9578149e+01
  -3.6687900e+00  -2.6198380e+01
  -3.9093652e+01   9.2305080e+00
   1.5059072e+01   1.5255168e+01
  -1.1491536e+01   2.8583867e+01
   1.5732972e+01  -2.9489177e+01
   2.4786643e+01  -2.2466701e+01
  -4.9990555e+00  -1.6289051e+01
  -1.1800868e+01  -4.1137308e+01
   1.5868223e-01  -4.5993813e+01
   9.0880151e+00  -1.0841912e+01
  -2.2319049e+01  -3.1988131e+01
  -2.9099766e+01   8.8818791e+00
  -3.6424305e+01  -9.5854827e+00
  -1.2626182e+01  -8.1083404e-01
   2.8518598e+01   1.0569915e+01
   1.9512534e+01   6.2245787e+00
   9.5348435e+00   6.8789051e+00
   5.2241708e+00   3.8790466e+01
   3.3633444e+01   1.9771188e+00
  -2.1489745e+01   2.8770392e+01
   1.6331114e+01   3.4888314e+01
   2.4952757e+01  -3.3360742e+01
   1.9737312e+01  -1.1119687e+01
  -2.4225899e+00  -3.6119825e+01
  -4.1690623e+01  -6.6331409e-01
   7.6833066e+00  -3.9407554e+01
  -1.3412817e+01  -1.0779787e+01
  -3.1691674e+01  -7.7627741e-01
  -1.2354320e+01  -3.1152931e+01
  -2.6895944e+01  -1.2619563e+01
  -3.3593412e+01  -2.3128278e+01
   3.6267915e+01   1.7965254e+01
  -2.2164027e+01  -3.8107646e+00
   1.4647399e+01  -2.5121029e+00
   8.1711303e+00   2.9108979e+01
  -6.0422430e+00   4.1139488e+01
   4.3066111e+01  -1.3427985e+00
  -3.6837870e+00   3.6621171e+00
   2.6458813e+01   2.0355353e+01
  -1.5455513e+01   3.7764618e+01
   1.7569633e+01   2.4935926e+01
   2.5945567e+01   3.0402961e+01
  -2.0786745e+00   3.1959553e+01
