   2.6085359e+01   6.3610711e+01
   6.8173588e+01   5.0513013e+01
  -4.6479362e+01   3.5748175e+01
  -8.1065276e+00  -6.4748446e+01
  -6.8349893e+00  -5.5089740e+01
  -2.5805159e+01  -3.2568075e+01
  -7.4873414e+01   1.0053490e+01
   5.5018418e+01  -4.9546603e+01
   5.5233036e+01  -2.9527909e+01
   9.1827270e+01  -8.0655011e-01
   7.2966452e+01  -5.4208226e+01
  -9.2040359e+00  -3.7514508e+01
   6.5293991e+01  -1.5821232e+01
  -3.0327530e+01  -4.8512597e+00
   7.0184998e+01   4.6848951e+00
   6.5535147e+01  -4.7040090e+01
  -9.0307910e+01  -3.4561847e+01
   7.7523901e+01  -3.1025626e+01
   3.9503360e+01   5.1862793e+01
   1.4484949e+01   4.3614246e+01
   1.5965573e+01   7.2574153e+01
   4.6434730e+01   1.6592360e+01
   7.5835135e+01   8.7496427e+01
   1.3453075e+01   1.1015177e+01
  -6.2722942e+01  -2.3394227e+01
  -4.8478093e+01  -8.8739680e+01
   4.2038720e+00   1.4476175e+01
  -9.5935634e+01   1.3074070e+01
  -2.6973416e+01   8.1492288e+01
   5.6658388e+01   2.8468697e+00
  -3.9276658e+01  -1.0574277e+01
  -3.4603767e+01  -9.4495049e+01
  -8.2146280e+01   9.9795135e+01
   5.4233561e+00  -9.6927410e+01
   3.5496596e+01   3.9749175e+01
   3.7303547e+01   8.2086137e+01
   4.8472864e+01  -7.9214091e+01
  -7.8661587e+01  -8.5242706e+01
  -3.0150158e+01  -1.4507011e+01
  -9.7628458e-01   7.2585308e+01
  -2.3887388e+01   5.4322410e+01
   6.6949412e+01  -7.2678507e+01
  -5.9641040e+01   3.5632519e+01
  -4.8409952e+01   6.0785307e+01
   5.0053593e+01  -6.7428418e+01
  -6.8185818e+01  -1.5828629e+01
   3.4041522e+01  -5.2514300e+01
  -7.6317981e+01  -7.4321242e+01
  -5.7827737e+01  -6.4107736e+01
   1.0813573e+01  -2.8942460e+01
   2.1199941e+01   1.7200106e+01
   2.8827946e+01  -2.0661945e+00
  -3.2640461e+00  -2.7743382e+00
   9.1494754e+00  -1.7102312e+01
   7.9492967e+01   2.0695633e+01
   5.1200334e+01   2.7641255e+01
   7.6549164e+01   6.8670853e+01
   4.6033650e+01   7.7340510e+01
   3.8964981e+01   9.7917019e+01
   9.1389393e+01   3.8513693e+01
   9.9746151e+01  -6.9082964e+00
   4.5585694e+01  -3.1226862e+00
   1.1770214e+01   2.0953164e+01
  -4.4530148e+01  -1.9057506e+01
   9.3435387e+01  -7.2718783e+01
   9.9102676e+01   1.1959665e+01
  -5.4004013e+01  -2.7311149e+01
  -6.6629583e+01  -2.5760856e+00
  -3.3125814e+01  -5.3971266e+01
  -2.1453219e+01  -4.0832948e+01
  -6.3878225e+01  -7.1157970e+01
   9.0819637e+01  -4.9603395e+01
  -6.7971315e+01  -9.5262058e+01
  -1.8673431e+01  -7.0463623e+01
  -8.6089642e+00  -3.0627637e+01
  -5.1604810e+01   2.7233179e+01
  -1.4421044e+01   5.1093086e+01
  -7.5255777e+01   7.5923715e+01
  -5.6851110e+01  -7.6269757e-01
  -4.7119209e+01   9.6527110e+01
  -7.6759111e+01   4.5551353e+01
  -8.5566074e+00  -8.6743312e+01
  -8.7613769e+01   9.1438961e+01
  -2.7995217e+01   3.3967598e+01
  -4.9230950e+01   1.0766979e+01
  -2.9494529e+01   7.4989437e+00
   7.7272341e+01  -6.5294070e+01
  -7.5847117e+01   3.4233633e+01
  -6.2279998e+01   9.0677235e+01
   3.8705283e+01  -4.1052806e+01
   4.7191932e+01  -2.3060043e+01
   2.2172691e+01  -7.1946858e+01
   3.8522826e+01  -1.7878549e+01
   9.8432219e+01  -3.1255136e+01
  -5.7374053e+01  -3.6465309e+01
  -9.8301361e+01  -2.0834587e+01
  -8.8975351e+01  -2.4761691e+01
   7.2868386e+00  -5.9959035e+01
   7.6471455e+01   9.7767296e+01
   8.6339878e+01   8.5970653e+01
   6.0525847e+01   3.1145950e+01
  -8.2528438e+01  -6.6163423e+01
   4.3199600e+01   3.3512263e+01
   5.2726927e+01   6.9143405e+01
   6.2723014e+01   8.4799126e+01
   6.5855095e+01   6.4035881e+01
   3.6819223e+01   1.3879494e+01
  -1.2198284e+01  -1.0531752e+01
   8.8750983e+01   5.7914645e+01
  -3.5600388e+01  -3.2936578e+01
   8.9319856e+01   1.8915693e+01
  -3.8346769e+01  -6.2009743e+01
  -3.9009364e+01  -8.5524694e+01
   2.8310701e+01  -2.0403643e+01
   7.1003650e+01  -9.8411675e+01
   1.2924103e+01   5.3294654e+01
   1.4022742e+01   8.2358950e+01
  -4.0039087e+00   6.3229100e+01
   9.4403831e+00  -8.1961683e+01
  -8.0024879e+01   8.4851630e+01
  -1.3532722e+01   6.0916900e+01
   4.5702391e+01  -9.0373050e+01
  -9.3954974e+00   8.0953746e+01
  -8.7489021e+01   5.8921377e+01
  -3.3663610e+01   5.2246227e+01
   1.4989931e+01  -9.0333807e+01
  -2.5688180e+01   2.4417507e+01
  -4.0132764e+01   1.0587820e+01
   2.1539146e+01  -5.5525591e+01
  -5.2632825e+01   8.5972685e+01
   4.9405287e+01  -5.7571212e+01
  -8.7222000e+01   1.2216617e+00
   8.3116329e+01  -1.8651427e+01
  -8.8285745e+01   1.9309371e+01
  -6.6020211e+01  -5.9035638e+01
  -8.8496130e+01  -8.4108613e+01
   1.5046443e+01  -4.7480594e+01
   2.4290970e+01  -4.3805460e+01
  -7.5455160e+01  -3.6098325e+01
   3.0039119e+01   3.1343386e+01
   2.9245753e+01   8.7908264e+01
   2.6999530e+00  -2.3639383e+01
   4.7376009e+00   2.8125739e+01
   1.9666627e+01   2.7000735e+01
   9.8932580e+01   3.1951053e+01
   6.2277984e+00  -2.8080251e+00
   5.8115326e-01  -1.2845606e+01
   8.6280221e+01   9.5958027e+01
   4.7164628e+01  -1.2937661e+01
   4.7420523e+01   6.6659476e+00
   7.6017124e+01  -3.4137331e+00
   8.7131234e+01   7.0915359e+01
   6.5499592e+01   2.2476197e+01
   8.5102717e+01  -8.2048624e+00
   5.6705413e+01   6.0020282e+01
  -8.7476187e+01  -4.9077884e+01
   7.0274818e+01   7.7357028e+01
  -9.2443006e+01  -6.7409218e+01
   4.2937005e+01   6.8003645e+01
  -1.4986749e+01  -4.9934021e+01
   6.1922798e+01   4.2695057e+01
   3.6992679e+01   3.8894880e+00
   9.6249237e+01  -6.1254827e+01
  -1.6503046e+01  -8.0676346e+01
  -1.6373044e+01  -9.2952770e+01
  -1.7355437e+01  -6.0555131e+01
  -3.0605998e+01  -4.1457483e+01
  -4.4515350e+01  -2.9033390e+01
  -5.4289549e+01  -1.7460283e+01
  -4.9107124e+01  -8.9268548e+00
  -7.4101849e+01  -8.4221596e+00
  -6.0343371e+01  -9.8902306e+00
  -7.7401703e+01   1.3933078e+00
  -2.5299440e+01  -2.2915228e+01
  -2.1453473e+01  -9.1576274e+00
  -3.5372350e+01  -2.2953655e+01
  -2.7243582e+01  -6.2072347e+01
   3.9849116e+01   2.4099891e+01
  -6.9454456e+01  -8.1527488e+01
  -2.6347125e+01  -7.6856996e+01
   1.8343822e+01  -2.0517766e+01
   1.9397029e+01  -8.1424537e+01
   3.9171205e+01  -8.2805014e+01
   4.1547444e+01  -7.2248369e+01
   9.4837485e+01  -8.2581424e+01
   1.2270564e+01   3.4058833e+01
   4.4814041e+01   4.3394142e+01
   4.8486073e+01  -4.1190453e+01
   2.1659972e+01   3.6661844e+01
  -9.1698028e+01   3.2838198e+01
   5.7166632e+01  -7.4358378e+01
   5.5785766e+01  -8.5801817e+01
  -7.6413360e+00   4.3785345e+01
   3.4028585e+00   4.7423746e+01
   2.3612616e+01   7.9653219e+01
  -1.0681275e+01   7.0580492e+01
   4.1967855e+00   5.7844832e+01
  -7.9810197e+01   6.4918440e+01
  -6.6083448e+01   6.5954569e+00
  -4.7187021e+01   8.6840885e-01
   4.3922974e+01  -3.2432920e+01
   5.5702146e+01  -1.7990735e+01
   3.5401665e+01  -2.7348931e+01
  -7.4625294e+01   9.3291036e+01
  -2.2155297e+01   6.5538822e+01
   4.2289004e+00   8.0886909e+01
  -8.5827539e+01   4.9278766e+01
  -1.6794198e+01   9.6565197e+01
  -2.8038320e+01   9.1362837e+01
   2.9598160e+01  -6.1401109e+01
   1.0444056e+01  -7.2041066e+01
  -4.3687531e+01   5.1874565e+01
  -6.7124771e+01   9.9875232e+01
  -6.1084190e+01   8.0735749e+01
  -7.4219263e+01  -2.4348228e+01
   4.0097403e+01  -6.0961713e+01
  -4.1755816e+01   2.0180236e+01
   4.3536877e+01  -4.9705550e+01
  -3.7436079e+01   1.4723037e+00
   5.8206707e+01  -6.1921804e+01
  -9.0668678e+00   2.8991976e+01
   2.6145217e+01  -9.0107479e+01
   5.8034605e+01  -4.0403504e+01
   7.9270908e+01  -4.6468837e+01
  -9.6913584e+01   2.4409399e+01
  -5.9900191e+01   4.5420575e+01
  -4.4680339e+01   6.9836116e+01
  -7.3488492e+01  -5.4729713e+01
   3.0360890e+01  -3.5941033e+01
  -7.7006070e+01   5.5463687e+01
  -9.3301214e+01  -9.6350819e+01
  -9.8310531e+01   8.5920138e+01
  -8.5421662e+00   9.0917111e+01
  -1.9723792e+00  -4.2661388e+01
   6.4558264e+01  -3.3841477e+01
  -5.9463211e+01  -4.5814328e+01
   1.1064846e+01   9.9568051e+01
  -5.1295192e+01  -5.7625671e+01
  -9.1085776e+01  -1.4096146e+01
  -9.7705031e+01  -6.6590199e+00
  -9.4954858e+01  -4.3231010e+01
  -8.1804907e+01  -1.7840132e+01
  -1.2827471e+01  -7.5410114e-01
   5.3149360e+01   3.7882989e+01
   5.6130366e+01   1.8994801e+01
   8.0201769e+01   7.8103088e+01
   9.5243083e+01   9.0878283e+01
  -1.9214465e+00   6.7115428e+00
   1.3387070e+00  -6.7967161e+01
   3.5584609e-01  -7.7903703e+01
  -9.4532704e+01   4.4572396e+01
   5.5347795e+01  -7.0589857e+00
   6.4776839e+01  -3.7237060e+00
   6.2245718e+01   1.1121066e+01
  -2.2357845e+01   8.0967322e-01
   9.3098983e+01  -1.4381703e+01
   1.5214596e+01   1.2431814e+00
  -2.4013158e+00   2.1740870e+01
   6.7491584e+01   9.3488598e+01
   5.1970329e+01   9.6337198e+01
   6.0600587e+01   7.5099184e+01
  -8.0219631e+01  -9.5557189e+01
   2.9250282e+01   5.4192496e+01
   3.5795963e+01   6.1410532e+01
   3.0239350e+01   2.1381175e+01
   7.4430207e+01   5.8899532e+01
   4.6749580e+01   5.8753269e+01
   5.2815547e+01   8.4527082e+01
   9.7826620e+01   6.2112542e+01
   7.8214919e+01   4.9649041e+01
   5.5269012e+01   5.0149239e+01
   8.2880500e+01  -5.5671022e+01
   8.5410883e+01  -3.8599675e+01
  -8.9093217e+00  -7.4473280e+01
  -9.2863200e+01   6.7238894e+01
  -9.6549242e+01   5.4915439e+01
   7.1613961e+01   1.4569603e+01
   8.9582878e+01   8.9309246e+00
   8.8697222e+01   2.8888938e+01
  -4.2775320e+01  -7.6267241e+01
  -4.4067864e+01  -9.7714244e+01
  -8.3590730e+01  -7.8819263e+00
   9.7895696e+01   4.6105487e+01
   9.3549887e+01   7.9046251e+01
   8.8065216e+01   4.7940299e+01
   9.8839860e+01   2.1954201e+01
  -7.4874697e+01  -4.5711346e+01
  -3.4325589e+01  -7.0974194e+01
  -2.4690018e+01  -4.9661407e+01
  -4.7380231e+01  -6.5532004e+01
   3.6864651e+01  -8.0169278e+00
  -2.4357214e+01  -8.6683440e+01
  -2.5147838e+01  -9.7721843e+01
   2.3477785e+01  -1.1734520e+01
  -5.4174816e+01  -9.6958708e+01
   8.0158126e+01   5.6487763e+00
   2.3312015e+01  -2.9067174e+01
   2.7747335e+01   9.6828852e+00
   9.5431294e+01  -9.2544017e+01
   1.3609948e+00  -8.7820871e+01
   6.5285597e+01  -8.2805693e+01
   6.2819896e+01  -9.2765376e+01
   8.0381583e+01  -9.4992206e+01
  -1.7754656e+01   8.6499462e+01
  -1.9794812e+01   4.2788768e+01
  -3.8633995e+01   6.0621950e+01
  -4.6953906e+00   5.3306274e+01
  -1.9439954e+01   7.5115140e+01
  -3.5590719e+01   7.6617041e+01
  -6.1516168e+01   2.5933789e+01
   5.3550304e+01  -9.6566955e+01
  -3.9542304e+01   4.2821907e+01
   3.5831722e+01  -9.2590001e+01
   1.9643702e+01   9.0578091e+01
  -8.4832501e+01   7.3148902e+01
   4.2105922e+00   9.0784125e+01
   8.7090171e+01  -6.5071775e+01
   3.1921421e+01  -7.1036265e+01
   6.7867988e+01  -6.2747680e+01
   3.3256202e+01   7.1195269e+01
   7.4546684e+00   6.7300612e+01
   1.6217189e+01   6.2616522e+01
   2.6961868e+01   4.4772528e+01
  -5.4064726e+01   5.3021716e+01
  -3.7526424e+01   8.7439668e+01
  -5.6797546e+01   9.9039401e+01
  -3.7161658e+01   9.7439808e+01
   2.1485622e+01  -9.8941904e+01
  -9.6864473e+01   9.5785982e+01
  -7.0141172e+01   8.4469346e+01
  -2.9649225e+01   4.3454464e+01
   2.9415407e+01  -8.0682468e+01
  -5.3433242e+01   7.4523290e+01
  -4.4942340e+01   7.9745197e+01
   7.4818765e+01  -1.3268454e+01
  -3.2202081e+01   1.6968866e+01
   7.2358404e+01  -3.9577816e+01
  -8.4048915e+01   1.0489695e+01
  -3.5319711e+01   2.7528432e+01
  -1.7657972e+00   3.5732831e+01
  -1.8554844e+01   3.1413458e+01
  -3.1727229e+01   6.7566683e+01
   9.5357756e+01  -4.0730258e+01
  -9.8124657e+01  -7.7038238e+01
  -8.4388912e+01   3.9424361e+01
  -7.8327069e+01   1.9257982e+01
  -8.3209781e+01   2.7779576e+01
   2.8163610e+01   9.7832385e+01
  -9.6884658e+01   3.2295001e+00
   1.4092903e+01  -8.6727858e+00
  -8.9429917e+01   8.1688114e+01
   9.0957532e+01  -2.4707057e+01
   4.4128078e+01   8.9385203e+01
  -9.7739173e+01  -8.7368998e+01
  -6.8326398e+01   4.0498785e+01
  -6.8344961e+01   5.0498349e+01
   1.6339055e+01  -6.4000006e+01
   7.6155662e+00  -4.0903525e+01
  -6.6563899e+01  -3.1875179e+01
  -6.6760690e+01  -4.1011385e+01
  -2.0381071e+00   9.8535762e+01
   2.2918761e+00  -5.1408809e+01
  -6.0339992e+01  -8.9129372e+01
  -8.6202529e+01  -7.4868872e+01
  -7.2956226e+01  -6.5091675e+01
  -8.1982648e+01  -5.6796110e+01
  -5.9579753e+01  -7.9601659e+01
   6.7857879e+01  -2.5105777e+01
  -5.7711940e+01   9.1044215e+00
  -5.9183097e+01  -5.4270876e+01
  -9.1358750e+01  -5.7923501e+01
  -6.8715847e+01   1.6139147e+01
  -1.4030323e+01  -4.1074627e+01
  -4.5115646e+00  -2.6118481e+01
  -6.8738123e+00  -1.0153414e+01
