   4.0427724e+01  -3.2157517e+01
   7.2397509e+01  -5.7506505e+00
  -2.7440993e+01   5.0345793e+01
  -8.2760220e+01  -6.9508407e+01
  -6.1024904e+01  -7.6218654e+01
  -4.5676505e+00  -1.1343537e+01
  -5.7966059e+01   1.4483991e+01
   7.4262326e+01   5.7946693e+01
  -5.8765558e+01   3.2177764e+01
   1.7662589e+01   5.8115639e+01
  -5.8641396e+01  -5.1240448e+01
  -4.8479538e+01   5.4948770e+00
   5.8450891e+01  -5.2817678e+01
   7.2108374e+01  -4.1700340e+01
  -9.7282648e+01  -2.8372570e+01
   5.5387150e+01  -3.3148780e+01
  -2.2390880e+01   9.6342666e+01
   6.1159997e+00   7.1641922e+01
  -1.1217815e+01   6.6546234e+01
  -2.9599306e+01   1.0215142e+01
  -3.9591149e+01   1.0000194e+01
  -8.7900289e+01   4.8104235e+01
   2.2225943e+01   3.5162133e+01
  -7.9871946e+01   6.3058428e+01
   1.1158265e+01  -5.1460424e+01
  -2.8561155e+01   8.7954840e+01
   3.0345095e+01  -4.8250930e+01
   7.6543171e+01  -3.2823754e+01
   4.6471262e+01   7.2795839e+00
   2.1611829e+00  -6.4764357e+01
  -2.9989497e+01  -9.9088195e+01
   4.6088235e+01   6.2056891e+01
  -1.8666490e+01  -2.9215877e+01
   8.8492203e+01   8.0903229e+01
   8.3190970e+01   6.1874381e+01
  -6.5451210e+01  -2.4713395e+01
   7.3628676e+01   6.5563466e+00
   6.8952962e+01   7.6312516e+01
   9.4693077e+01  -3.5617254e+01
   1.9276688e+01   9.7531302e+01
  -7.9300608e+00   2.7584734e+01
  -5.9333531e-01   5.4592384e+01
  -2.4843769e+00   3.5951628e+01
   3.0344763e+01   2.9476840e+01
  -5.8927066e+01   5.1294339e+01
  -7.9605282e+01   8.5152238e+01
   5.6227665e+01   5.4556080e+00
  -6.9201551e+01   2.2010761e+01
  -7.8909845e+01  -1.4180383e+01
   6.8858487e+01  -6.9965099e+01
   8.0830991e+00   6.0961487e+01
   3.8074156e+01  -8.5660228e+01
  -6.7377749e+01  -3.4509079e+01
  -6.8026743e+01   2.2960752e+00
  -9.5823739e+01  -9.2291384e+00
  -3.2550956e+01   7.7582327e+01
   5.8718020e+01  -6.7656334e+00
  -8.7224836e+01   2.6244983e+01
   6.0823208e+01  -1.6344325e+01
   4.1512964e+01  -2.0771965e+01
   5.9731470e+01  -2.5751646e+01
  -4.0100535e+01  -5.9177279e+01
  -8.3127663e+01  -5.4818457e+01
  -9.4313906e+01  -8.3324656e+01
  -1.9545747e+01  -4.3234568e+01
  -3.9820470e+01  -9.7321394e+01
  -2.7133552e+01  -6.0448491e+01
   5.4869759e+01  -7.3177594e+01
   4.4906519e+01   1.7709073e+01
   2.8937047e+01   5.3283295e+01
   3.8407725e+01   5.5994260e+01
  -4.4537611e+00   7.3912891e+01
  -6.3489503e+01  -8.8104961e+01
  -6.3313013e+00   9.3200953e+01
   7.4337541e+01   6.7910117e+01
   2.5245120e+00  -9.3359679e+01
   1.5907974e+01   1.1675910e+01
   2.0990592e+01   3.0785372e+00
  -7.6707420e+01  -4.7205758e+01
  -4.6772849e+01  -9.0141753e+01
   2.8233301e+01  -3.8311245e+01
   8.0260903e+01  -1.4065402e+01
   9.2857010e+01   5.9857332e+01
   6.4530643e+01   1.0605385e+01
   4.4170651e+01   3.7272204e+01
  -4.4274825e+01  -6.8264374e+01
   3.8392515e+01   9.9904250e+01
   6.5944999e+01   8.5758134e+01
   2.4202530e+01   7.2447047e+01
   5.2294594e+01   9.9658391e+01
   2.1467015e+01   2.5100460e+01
   3.8456384e+00   2.8342448e+01
   1.0650086e+01   4.0452262e+01
  -3.1334529e+01  -4.3571494e+00
  -4.4135522e+01   2.5494677e+01
  -2.7079772e+01   2.2764018e+01
  -4.0069032e+01   7.1016844e+01
   3.4825337e+01   3.8097751e+01
   3.7390649e+01   1.1170958e+01
  -2.9010360e+01   6.8245765e+01
  -4.8717644e+01   7.7933100e+01
  -3.7434712e+01   3.2859495e+01
  -6.9569567e+01   5.0743140e+01
  -5.2702799e+01   9.6997235e+01
  -3.1897691e+01  -1.6058012e+01
   5.4708277e+01   5.7558178e+01
  -8.5727420e+01   3.8358859e+01
  -9.7735422e+01   4.9847562e+01
   2.0683786e+01  -4.6632931e+01
   2.1535389e+01  -6.6943236e+01
   7.1664751e+01  -6.0427622e+01
  -2.2818960e+01   7.9773282e+01
   3.1136765e+01  -6.8753883e+01
  -9.4014238e+00  -7.9883385e+01
   4.1486561e+00  -3.5282424e+01
  -1.4222646e+00  -7.4008031e+01
   1.9067504e+01  -3.4421312e+01
  -1.0996006e+01  -2.3228538e+01
   3.1539673e+00  -4.5489856e+01
  -9.3767159e+01  -7.1354264e+01
  -7.8509456e+01  -8.6570539e+01
  -2.3548718e+01  -1.0382369e+01
  -3.9269727e+01  -2.3230091e+01
  -4.0394292e+01  -7.7480744e+01
  -8.2629972e+01  -9.8671302e+01
  -6.8221437e+00  -8.9690582e+01
  -7.7316232e+01  -3.4085575e+01
   9.9588219e+01   8.4332057e+01
  -1.7039269e+00   7.1038380e+00
  -1.2721358e+00   1.9895226e+01
  -5.7771742e+01  -1.0539145e+01
   9.3817182e+00  -2.5950117e+01
   2.7734204e+01  -1.8239795e+01
   9.1971084e+01   3.6208547e+01
   6.1181818e+01   2.9657105e+01
   4.2202269e+01   8.1215624e+01
   8.3023065e+01   9.5826404e+01
   5.7655733e+01   9.1245881e+01
  -2.1603832e+01   4.0612004e+01
  -8.0715057e+00   4.6560920e+01
  -1.1996465e+00   6.4532986e+01
  -1.2355729e+01   3.6932993e+01
  -4.7992255e+01   1.5462651e+01
  -4.0156898e+01   9.8408370e-02
  -3.6351092e+01   1.9350035e+01
  -3.1970401e+01   4.1491682e+01
  -7.7529317e+01   1.0552684e+01
  -6.7675118e+01   1.2208080e+01
   2.7165488e+01   4.3683437e+01
   2.4972216e+01   1.5765701e+01
  -4.2183685e+01   6.1262802e+01
  -4.1915365e+01   4.1752836e+01
   4.2213298e+01   2.7422809e+01
   5.4597515e+01   1.5208365e+01
   5.1950641e+01   2.4713658e+01
   6.0981315e+01   3.9718570e+01
  -3.2509666e+01   5.8904112e+01
  -5.8507387e+01   8.8615814e+01
  -5.6049105e+01   4.1735205e+01
  -4.9594257e+01   6.7994050e+01
  -4.8534520e+01   8.7916969e+01
  -8.9654730e+01   5.8251339e+01
   4.0418187e+01   4.6360320e+01
   2.1874017e+01  -8.6555590e+01
  -7.5900134e+01   7.5417888e+01
   5.9860250e+01  -6.4414984e+01
   6.8499976e+01  -5.1225167e+01
  -3.8895198e+01   8.5287413e+01
  -1.2861705e+01   7.9249409e+01
   4.9977641e+01  -2.0385698e+00
   4.4962803e+01  -1.0427901e+01
   1.1530678e+01  -8.6404923e+01
  -1.7519973e+01   4.9676637e+01
   9.4280416e+00  -7.3879122e+01
   4.2183074e+01  -6.9347797e+01
   2.8409018e+01  -7.9850718e+01
   4.8902650e+01  -2.7361112e+01
   9.5752768e+01  -2.5690341e+01
   1.2201390e+01  -4.1526704e+01
   4.8743865e+01  -5.3574994e+01
  -6.7420669e+01  -1.4854867e+01
  -3.2054572e+01   9.8895409e+01
   3.9182398e+01  -4.2012912e+01
   6.5047027e+01   8.2860640e-01
   5.1137748e+01  -1.8022151e+01
   6.9955973e+01  -2.5367330e+01
  -9.7553761e+01   8.5261963e-01
   2.0211421e+01  -2.4635002e+01
   2.6083321e-01  -5.5008472e+01
   4.0109343e+01  -6.6015026e-01
   3.0924080e+01   3.7006949e+00
  -8.4495529e+01  -4.1015843e+01
  -6.7138107e+00  -4.4582444e+01
   6.2854464e+01  -4.4032501e+01
  -9.1310664e+01   8.6620398e+00
  -7.0332094e+01  -8.0824535e+01
  -9.5592637e+01   3.6762559e+01
  -6.8976296e+01  -5.5166591e+01
  -1.7794476e+01  -6.3242433e+01
  -5.5234777e+01  -6.7764616e+01
  -7.6200264e+01  -6.2006663e+01
  -5.3796315e+01  -9.7259200e+01
  -1.5876807e+01   8.8767691e+01
  -1.9769375e+01  -9.7969596e+01
   2.6476941e+01   6.2811939e+01
   1.8683756e+01   4.8262260e+01
   3.6052468e+01   6.5672686e+01
   1.7220866e+01   8.7591108e+01
   2.6487891e+01   8.3765209e+01
   3.3373362e+01   7.6381595e+01
  -5.7012128e+01  -3.0104498e+01
  -7.5376338e+01  -2.3518429e+01
   7.7219451e+00   9.0706973e+01
  -6.6965045e+01  -4.5458462e+01
   6.4539975e+01   5.7969365e+01
   8.5478582e+01   7.1465860e+01
   5.4545061e+01   7.0853254e+01
  -3.0302633e+00   8.3778256e+01
   1.5339350e+01   6.7783540e+01
   5.0983280e+00  -1.3221128e+01
  -1.4102838e+01  -1.3739689e+01
  -1.5998687e+01  -3.9813632e+00
  -2.6372050e+01  -3.4497501e+01
   6.0869346e+00   1.3198309e+01
   7.8610097e+01   7.8683554e+01
   8.8602777e+01   4.5472421e+01
   3.1340030e+01  -2.8117914e+01
   1.9268810e+01  -5.7235990e+01
   1.1018007e+01   2.9908815e+00
  -6.4502754e+01  -6.4067900e+01
   8.9033429e+01   2.6815933e+01
   1.2064956e+01  -6.4199275e+01
   8.3502283e+01   9.1750806e+00
   8.0908087e+01   2.1242989e+01
   6.3203005e+01   2.0237805e+01
   8.8145784e+01  -8.0990106e+00
   6.9847303e+01   4.9045187e+01
   8.9334459e+01  -1.8074431e+01
   6.3990175e+01   6.7780336e+01
   5.7153701e+01   8.0501234e+01
   9.6017491e+01   9.1765264e+00
   6.5505338e+01   9.7567387e+01
  -5.1662576e+01   5.8243135e+01
   1.9182585e+00   9.8848940e+01
  -3.0548128e+01  -4.2376531e+01
   3.9251447e+01  -5.2025138e+01
  -2.0608909e+01  -7.3468245e+01
   5.3797432e+01  -8.3672993e+01
   7.8980409e+01  -4.8886983e+01
  -3.3450228e+01  -6.7872722e+01
   2.8445550e+01   9.3618670e+01
   1.3365574e+01   3.0871422e+01
   1.2269767e+01   2.0983023e+01
  -7.6678205e+01   4.3003195e+01
   1.7239752e+00   4.4900051e+01
  -1.7987671e+01   2.8692677e+01
   9.3427297e+00   5.1148820e+01
  -1.0370247e+01   5.6600745e+01
  -5.8349264e+01   4.5215036e+00
  -5.3870735e+01   2.3537986e+01
  -2.7477356e+01   3.2625125e+01
  -2.1655152e+01  -1.9973740e+01
  -3.9541992e+01  -9.8124948e+00
  -1.1794254e+01  -3.6137789e+01
  -4.8980439e+01   4.8713924e+01
  -3.9410757e+01   5.1583977e+01
  -4.8656913e+01   3.4387654e+01
  -6.8717016e+01   3.1922133e+01
  -7.9067861e+01   2.0430766e+01
  -7.8647002e+01   3.1329588e+01
   1.9044632e+01  -7.6603557e+01
  -6.9993993e+01   8.7913236e+01
   6.3438047e+01  -7.8352841e+01
  -5.8712739e+01   7.8618480e+01
  -6.4311091e+01   9.6758058e+01
  -9.4367314e+01   6.7714814e+01
   2.9022854e+01  -5.9191366e+01
  -8.5134244e+01   7.1554023e+01
   8.1250093e+01  -6.3143212e+01
  -2.0828083e+01   6.2502076e+01
  -4.6663878e+01  -1.6622880e+01
  -5.5841950e+01  -2.0298893e+01
  -4.1260620e+01   9.4996691e+01
   2.0032731e+00  -8.3380862e+01
  -6.6010052e+01   4.1471784e+01
   8.4663125e+01  -2.7006910e+01
   1.4350916e+01  -1.6678021e+01
   3.7573025e+01  -9.5137800e+01
  -8.0172803e+01   9.1442625e-01
   4.8566107e+01  -4.4015685e+01
  -9.7253943e+01  -6.1981839e+01
   8.5015593e+01  -3.8088252e+01
  -2.5970247e+01  -8.9993315e+01
  -3.7241627e+01  -8.7089455e+01
  -2.9826531e+01  -8.0380034e+01
  -7.2742870e+01  -6.4044197e+00
  -8.6042363e+01  -7.1752113e+00
  -8.5224698e+01  -7.9176894e+01
  -4.8476008e+01  -5.4317845e+00
  -7.9257117e+01   5.3090310e+01
  -7.8302126e+00  -6.4316983e+01
  -7.3292875e+01  -9.5093176e+01
  -9.9307530e+01  -1.8594139e+01
  -1.0363708e+00  -2.6731664e+01
  -9.3436210e+01   1.8427753e+01
  -5.1684962e+01  -5.8423839e+01
  -5.0431399e+01  -7.6522617e+01
  -9.8481099e+00  -9.9221748e+01
  -6.3759147e+01  -9.8098708e+01
  -7.1746970e+01  -7.0942384e+01
   3.7693961e+01   8.9981297e+01
  -9.0970564e+01  -4.8629886e+01
  -4.7018302e+01  -3.0136822e+01
  -9.2768448e+01  -9.5686094e+01
   4.7787400e+01   8.9741222e+01
  -1.9625818e+01  -5.3233959e+01
   9.5277001e+01   6.9530542e+01
   9.1418737e+01   9.0411349e+01
  -9.7114556e+00  -5.4492922e+01
  -6.4206729e+00  -1.5853807e+00
   3.3713646e+00  -3.3904342e+00
  -2.9683763e+01  -2.5553951e+01
  -3.6416480e+01  -3.2789051e+01
   3.3833154e+01   2.0334616e+01
  -8.6559985e+01  -3.0337315e+01
  -8.6721955e+01  -2.0356848e+01
  -5.8955068e+01  -3.9773806e+01
   2.7544821e+01  -5.6515281e+00
  -2.3886500e+01   2.0314922e+00
   1.2777801e+01  -6.8331394e+00
   3.5275861e+01  -1.1896893e+01
   7.9729398e+01   4.9704155e+01
   7.0550635e+01  -1.5467883e+01
   8.0779375e+01  -4.2159288e-01
   9.4688191e+01  -6.5775754e-01
   8.9832971e+01   1.6912489e+01
   7.2386521e+01   1.6470096e+01
   5.0198945e+01   4.8083059e+01
   5.2970339e+01   3.4459371e+01
   9.8942719e+01   2.1162324e+01
   9.8447988e+01  -1.4012234e+01
   4.4622284e+01   7.1714164e+01
   7.3891302e+01   9.1781530e+01
  -9.3914632e+01  -3.7767426e+01
   5.9990989e+01   4.9306472e+01
   1.5757065e+01   7.7729400e+01
   9.6976639e+01   5.0810242e+01
  -1.8704781e+01  -8.3262970e+01
  -3.0056220e+01  -5.1538599e+01
   4.9972918e+01  -6.3223576e+01
   4.5566709e+01  -7.9031519e+01
   3.6605609e+01  -7.6496805e+01
   5.6046027e+01  -4.0063593e+01
