   1.1810000e+03
   1.1150000e+03
   1.2450000e+03
   1.1730000e+03
   1.0870000e+03
   1.1070000e+03
   1.2150000e+03
   1.0230000e+03
   1.2030000e+03
   1.2570000e+03
   1.1270000e+03
   1.1170000e+03
   1.2190000e+03
   1.2730000e+03
   1.1770000e+03
   1.1670000e+03
   1.2690000e+03
   1.2610000e+03
   1.2630000e+03
   1.2330000e+03
   1.1870000e+03
   1.1890000e+03
   1.0890000e+03
   1.1630000e+03
   1.2130000e+03
   1.2070000e+03
   1.2210000e+03
   1.2230000e+03
   1.2490000e+03
   1.1250000e+03
   1.0930000e+03
   1.2470000e+03
   1.1190000e+03
   1.1610000e+03
   1.1850000e+03
   1.2090000e+03
   1.2110000e+03
   1.0220000e+03
   1.0280000e+03
   1.2270000e+03
   1.2390000e+03
   1.2370000e+03
   1.2430000e+03
   1.2590000e+03
   1.2550000e+03
   1.2650000e+03
   1.2670000e+03
   1.2710000e+03
   1.0860000e+03
   1.0880000e+03
   1.0920000e+03
   1.1060000e+03
   1.1140000e+03
   1.1160000e+03
   1.1180000e+03
   1.1240000e+03
   1.1260000e+03
   1.1600000e+03
   1.1620000e+03
   1.1660000e+03
   1.1720000e+03
   1.1760000e+03
   1.1800000e+03
   1.1840000e+03
   1.1860000e+03
   1.1880000e+03
   1.2020000e+03
   1.2060000e+03
   1.2080000e+03
   1.2100000e+03
   1.2140000e+03
   1.2180000e+03
   1.2220000e+03
   1.2260000e+03
   1.2320000e+03
   1.2360000e+03
   1.2380000e+03
   1.2420000e+03
   1.2440000e+03
   1.2460000e+03
   1.2480000e+03
   1.2500000e+03
   1.2520000e+03
   1.2540000e+03
   1.2560000e+03
   1.2580000e+03
   1.2600000e+03
   1.2620000e+03
   1.2640000e+03
   1.2660000e+03
   1.2680000e+03
   1.2700000e+03
   1.2720000e+03
