   3.0686464e+01  -7.8967754e+00
  -1.9457775e+01  -1.9738168e+01
   6.9479920e+00   2.5712313e+01
   2.4352164e+00  -2.5263032e+01
   3.1307003e+01   5.2540392e+01
  -1.2988855e+01   3.6037281e+01
   4.8772292e+01  -3.1883520e+01
  -1.3612446e+01  -3.8857994e+01
  -8.3976817e+00  -6.0055691e+01
  -2.3494248e+01  -3.6244453e+01
  -2.8265024e+01   6.9972064e+00
  -4.2823629e+01  -8.8580227e+00
  -1.9844711e+01  -1.9559051e-01
   1.0026608e+01   3.5226132e+01
   3.9522852e+01   8.6119690e+00
  -2.2500866e+01   3.9122956e+01
   5.3875889e+00  -4.4708749e+01
  -3.6937022e+01  -1.6940778e+01
  -5.7924314e+01  -3.0234184e+01
   4.8165021e+01   3.6691799e+01
  -2.9135995e+01  -3.8891644e+00
  -6.8544337e+00   5.1531329e+01
   5.8866284e+01  -1.3729979e+01
   2.1924334e+01   4.9081406e+01
   3.7393183e+01   3.5791502e+01
   2.6162286e+01  -4.3228630e+01
   2.5768812e+01  -1.6604016e+01
   6.1012919e+00  -1.5959298e+01
  -1.6354580e+01  -2.9242802e+01
  -1.0963664e+01  -5.0391608e+01
  -5.0515747e+01  -2.4684747e+00
  -4.9285510e+01   1.6123604e+01
  -2.9219286e+01   2.0313837e+01
   1.8993515e+01  -5.7023166e+01
   1.6826534e+01  -4.6812423e+01
   6.7345662e+01   9.8541187e+00
   3.4968281e+01   2.2608338e+01
  -4.6312354e+01  -2.0419010e+01
   3.0807638e+01   1.3515058e+01
   2.5012965e+01   2.1664894e+01
   3.8202264e+01  -1.3004272e+00
  -2.2628432e+01   5.2359674e+01
   4.3818716e+00  -6.1082403e+00
   6.5535139e+01   1.9391313e-02
   1.5495129e+01   6.3086127e+01
  -3.9052644e+01   4.1035900e+01
   5.8761423e+00   1.2951312e+01
   2.8557150e+01  -3.3519660e+01
   2.8145697e+01  -6.2561888e+01
   1.5876513e+01  -1.8067543e+01
  -2.9916998e+01  -6.4274271e+01
   2.1958484e+01  -2.6005867e+01
  -4.4318893e+00  -4.2820204e+01
   3.2244280e+01  -2.4224242e+01
  -4.9526943e+01   2.6120285e+01
  -5.9293478e+01   2.3806683e+01
  -6.1163343e+01  -7.9038171e+00
  -4.5731285e+01   6.7774185e+00
  -5.2199099e+01  -1.2335403e+01
  -1.6865523e+01  -1.0080434e+01
   2.1116252e+00  -3.5258616e+01
  -1.1452023e+00  -5.2278767e+01
  -2.8914777e+01  -2.3640606e+01
  -2.7462050e+01  -1.3746672e+01
   1.2371008e+01  -6.4803567e+01
   4.7446871e+01   2.5122685e+00
  -5.8321126e+01  -2.0242158e+01
   5.1599255e+01   2.2020168e+01
  -3.3459675e+01  -3.5415127e+01
  -3.0003436e+01  -4.4797878e+01
   1.1999414e-01   3.3018303e+01
   2.0947884e+01   1.1847278e+01
   2.0686633e+01  -7.9519490e+00
  -1.2264943e+01   5.9941209e+01
   1.8732593e+01   2.9499446e+01
   5.7048061e+01   5.3079230e+00
  -4.7805008e+00   4.1748779e+01
   2.9187963e+00   5.3648857e+01
   5.4139908e+01  -4.9174741e+00
   8.5660875e+00   3.3199096e+00
  -2.8891986e+01   3.1431823e+01
  -3.8884177e+01   3.1037322e+01
   4.9926287e+00   4.3866388e+01
   3.8616634e+01   4.5716293e+01
  -1.5063454e+01   4.5819713e+01
   3.8556785e+01  -3.3604017e+01
   4.2243909e+01  -2.4308555e+01
   3.6246706e+01  -4.3416816e+01
   2.9502301e+01  -5.2654341e+01
   9.5226090e+00  -5.3813644e+01
   1.2577787e+01  -3.7759912e+01
   1.2115550e+01  -2.7770877e+01
  -1.8143781e+01  -5.7511263e+01
  -4.0637098e+01   2.1192164e+01
  -6.1709169e+01   1.4102897e+01
  -6.7285556e+01  -1.5810665e+01
  -5.5708124e+01   6.1038614e+00
  -3.6991744e+01   1.1880272e+01
  -3.8317637e+01   6.8579390e-02
  -6.3819679e+00  -2.9980691e+01
  -3.6697572e+00  -6.8866855e+01
  -2.0141993e+01  -4.6430364e+01
  -5.2856536e+00  -1.1399663e+01
  -9.4854169e+00  -2.0474689e+01
   2.9716773e+00  -6.1391028e+01
   5.8858555e+01   1.5142617e+01
   2.8620663e+01   3.0991355e+01
   4.3479812e+01   2.7857317e+01
   1.5153235e+01   1.9996912e+01
  -2.7687756e+01  -5.4525962e+01
   3.7443777e+01  -1.5512884e+01
   2.9466214e+01   3.5946712e+00
   5.6336160e+01   3.0827064e+01
   4.4850830e+01  -8.7886315e+00
  -4.7924734e+01  -3.0288035e+01
   4.8765159e+01   1.2430200e+01
  -8.0949656e+00   2.7316171e+01
  -3.7763976e+00   6.5227469e+01
  -2.1973409e+01   6.2338198e+01
  -1.2417848e+00   1.9975098e+01
   7.2224154e+01  -7.4140840e+00
  -1.3571220e+00   2.0852849e+00
   2.5128535e+01   6.0403349e+01
   4.9633325e+01  -1.7570871e+01
  -1.9379981e+01   2.8346244e+01
  -3.8550019e+01  -2.6808788e+01
  -3.0437434e+01   4.6113116e+01
   1.9067946e+01   3.9498128e+01
   1.2916619e+01   5.3424283e+01
   1.9411033e+01   1.9662647e+00
   2.8873185e+01   4.1631370e+01
   4.5422294e+01   5.3043111e+01
  -1.0155603e+01  -2.6660500e+00
