   3.1919367e+01   6.2874534e+01
   6.2332920e+01  -4.2829152e+01
  -1.0914105e+01  -4.4684902e+01
   1.0964095e+00  -6.0453716e+01
  -3.8202959e+01   1.5193265e+01
   2.0035879e+01   4.6183797e+01
  -7.8724935e+01  -5.4957364e+01
   9.9786918e+01   1.9989929e+01
   4.0888324e+01   2.5044402e+01
   4.1321928e+00   8.6741228e+01
  -3.7461896e+01  -7.7670817e+01
   2.5169867e+01  -4.3820317e+01
  -5.8793161e+01   3.1020070e+01
  -7.2346483e+01  -1.3686139e+00
   5.8305305e+00  -4.8618949e+01
   1.7657863e+01  -8.9382189e+01
  -2.0327336e+01  -4.7670177e+01
   3.2365127e+01  -1.3104777e+01
  -6.1285587e+00   6.3501362e+01
   1.3817811e+01  -4.7579439e+00
   3.4223027e+01  -3.9686034e+01
   4.2816307e+01  -4.9438707e+01
   2.8869672e+01  -6.1040839e+01
  -5.3085324e+01  -4.6679718e+00
   8.1136939e+00  -8.4573499e+01
   7.3573855e+01   1.1026436e+01
  -5.2482173e+01  -2.1399323e+01
  -2.7256001e-01   4.1261960e+01
  -2.1237766e+01   7.4761277e+01
   9.7888026e+00   1.0619981e+01
   8.5319935e+01  -2.0072041e+01
   4.6616164e+01   8.2583065e+01
  -2.2985305e+01   2.6779665e+01
   4.1645001e+01   4.9779572e+01
   5.0979080e+01   6.2054920e+01
   5.2498227e+01  -4.6630053e+01
   3.6464757e+01  -8.8002132e+01
  -8.8459486e+01   2.3370983e+01
  -7.0034470e+01   3.8949336e+01
  -6.7309849e+01  -2.0345266e+01
  -1.5347129e+01  -9.7776802e+01
   3.8467272e+00  -7.2286727e+01
  -4.8129406e+01   1.4255950e+01
  -2.8666147e+01  -5.6560093e+01
   1.5490733e+01  -4.6317160e+01
   3.4484794e+01   1.5515943e+01
   5.3268254e+01   3.6795157e+01
  -5.9214318e+01  -5.3806211e+01
   2.3366430e+01   8.2669851e+01
  -2.3243531e+01   5.5407981e+01
   6.9670725e+01  -3.2501767e+01
  -3.3702559e+01   5.0003184e+01
  -4.2492986e+01  -2.1269328e+01
   1.3439642e+01   5.3705922e+01
  -1.8502115e+01  -9.5362815e+00
   6.4650292e+00   3.3958743e+01
  -8.5907915e+00  -8.4924994e+00
   3.9620173e+01  -1.9960914e+01
   5.4414424e+01  -3.6841636e+01
   3.8622999e+01  -7.8242889e+01
  -4.7713275e+01  -9.4254449e+01
  -2.3919525e+01  -7.5418759e+01
  -2.5853728e+01   4.4074326e+01
  -5.8073024e+01   1.3673685e+01
  -6.0222339e+01   4.0832774e+01
  -7.1459780e+01   1.6053004e+01
  -7.9414271e+01   3.3061048e+01
  -2.3979718e+01  -1.1066454e+00
  -6.7154387e+01   7.1364366e+00
  -8.0407113e+01  -9.7645299e+00
  -4.3922824e+01   2.3195068e+01
   4.6918069e+01  -6.4978677e+01
   6.5795655e+00  -1.7246644e+01
   7.6170852e+01   1.7518971e+00
   1.3742435e+01  -7.1178873e+01
  -1.8581489e+01  -5.7480078e+01
  -1.3004383e+01  -1.7705017e+01
  -7.0244591e+01  -7.0321875e+01
  -8.8422509e+00  -7.8839754e+01
  -1.4010191e+01   8.1423457e+01
   3.2056427e+01  -3.2292622e+00
  -3.6261697e+01   7.4440160e+01
  -1.1772281e+01   7.1677149e+01
   7.6818073e+01   4.9889402e+01
   6.2821091e+01   2.0488453e+01
  -1.9669912e+01   3.6211875e+01
   2.2968425e+01   5.6625174e+01
   1.3352355e+01   6.3673927e+01
   4.7826952e+01  -2.3432916e+00
  -6.8903889e+00   4.8653570e+01
   8.9090444e+01  -1.0867867e+01
   8.7468840e+01  -2.9788037e+01
  -5.1055441e+01   4.4793350e+01
   6.0532694e+01  -7.3024286e+00
  -5.0413689e+01   6.7994067e+01
  -4.8624649e+01  -3.0499248e+01
  -2.6557639e+01  -2.8618189e+01
   1.8978148e+01   2.8145856e+01
   6.0908157e+01   6.1522755e+01
   3.3650446e+01   4.3155340e+01
  -8.3737837e-02   1.2197018e+01
   5.6893900e+01   1.8425604e+00
  -2.3920825e+00   2.1925702e+01
   3.7170360e+01  -2.9643729e+01
   3.2824259e+01  -5.0225967e+01
   2.2482148e+01  -5.3398848e+01
   7.2266412e+01  -4.2189123e+01
   3.4908319e+01  -6.8977593e+01
   4.7088988e+01  -3.0184577e+01
   6.0376149e+01  -2.8823182e+01
   4.6082723e+01  -8.4890252e+01
   5.2375034e+01  -5.6609451e+01
  -5.4552722e+01  -8.6960506e+01
  -2.2295940e+01  -9.0595938e+01
   1.8196716e+01  -3.6759143e+01
  -7.3628890e+01   4.8243948e+01
  -3.0172525e+01  -4.6850092e+01
  -7.0368037e+01   2.9014042e+01
  -8.9366423e+01   3.3293026e+01
  -5.3651326e+01   2.2557360e+01
  -8.3723712e+01   1.4651443e+01
  -8.3933553e+01   4.1938635e+01
  -2.2757996e+01  -1.9504558e+01
  -9.0425927e+01  -8.1975239e+00
  -3.8388946e+01   5.3775122e+00
  -3.6882358e+00  -5.1511447e+01
  -6.2971417e+01  -4.7666053e+00
  -4.3231892e+01  -4.0912542e+00
  -5.9303096e+01  -1.4102120e+01
  -2.9059123e+01   8.8446927e+00
   1.2895738e+00  -7.3689242e+00
  -7.7010255e+01   7.4080988e+00
   4.4232399e+01   1.5921366e+01
  -2.7124049e+00  -8.6738362e+01
   8.3154049e+00  -3.7950264e+01
   1.0604695e+01  -5.7366462e+01
  -3.3853329e+00   3.1806318e+01
  -2.8131272e+01  -1.1297431e+01
  -8.3256084e+01  -3.0792836e-01
  -1.4016898e+00  -4.1805016e+01
  -8.9263443e+00  -5.9963480e+01
   8.4066208e+01   8.8552990e+00
  -1.2051169e+01   9.4586888e+01
   9.2016151e+01   3.6879150e+01
   2.4751078e+01  -7.0910971e+01
  -5.6622137e+00  -6.9372438e+01
  -6.4199387e+01  -8.4325278e+01
  -2.4518175e+01  -6.5506516e+01
  -6.9266742e+00  -2.5442028e+01
   2.4792082e+01  -1.9283047e+01
   1.9020071e+01  -6.2731916e+01
  -6.3483343e+01   2.1977079e+01
  -3.4209102e+01  -6.7859113e+01
  -4.0903031e+01  -6.0469657e+01
   2.1612246e+01   1.8226482e+00
   3.9699621e+01   3.2098954e+00
  -3.6994641e+01   8.4367664e+01
  -1.2620423e+01  -8.8090054e+01
  -2.7042682e+01   8.2881271e+01
   6.0449231e+01  -6.2498427e+01
  -7.5518293e+01  -4.3036268e+01
   6.1334273e+01   5.1643311e+01
  -5.6932526e+01  -3.6152406e+01
   5.0599235e+01   2.7261294e+01
   3.6389222e+00   6.2026344e+01
  -1.5600070e+01  -6.9881238e+01
   4.6460044e+01   7.0942730e+01
   1.3441415e+01   8.3311157e+01
  -7.3449039e+01  -2.8249521e+01
  -8.3772003e+01  -3.6999218e+01
  -1.0139444e+01   3.9151286e+01
  -3.4845942e+01   2.6817035e+01
  -1.6641198e+01   4.7334543e+01
  -1.2927907e+01   2.8848111e+01
  -1.3333469e+01   5.6685939e+01
  -3.3120623e+01   5.9644949e+01
   9.7421757e+01  -2.9028509e+01
   7.6073777e+01  -1.6399006e+01
   6.8080609e+01  -2.2377178e+01
   7.0226982e+01  -8.3806139e+00
   2.3867247e+00   5.2157263e+01
   1.1594365e+01   7.3502224e+01
   6.5028030e+01   7.0565598e+01
  -2.9547684e+01   3.5007890e+01
   2.2744339e+01   6.6604206e+01
   2.5265745e+01   3.7660405e+01
   4.1323442e+01   5.9712655e+01
  -4.4942886e+00   3.2239407e+00
   5.9614130e+00   1.4252871e+00
   7.1761549e+00   2.4091244e+01
  -4.3120248e+01   3.2987132e+01
   7.2289698e+01   2.0481128e+01
  -3.1147512e+00  -1.6435794e+01
   8.1881086e+01   2.1437436e+01
  -4.3944028e+01  -7.0081170e+01
  -6.4658933e+01  -6.2089211e+01
  -9.3620929e+01  -4.2416759e+01
   8.0956340e+01  -3.7322952e+01
   6.3471883e+01  -5.2739457e+01
   2.9071352e+01  -8.1187730e+01
   2.7516894e+01  -3.2110682e+01
   4.4182701e+01  -3.9602332e+01
   5.5619313e+01  -8.1889533e+01
   3.5344581e+01  -9.7936886e+01
  -4.0697382e+01  -8.7130358e+01
  -5.0600359e+01  -7.7780292e+01
  -2.9489374e+01  -8.3672600e+01
  -3.2620848e+01  -9.3147573e+01
  -5.3759519e+01  -6.8305900e+01
  -6.3815025e+01   5.0083776e+01
   1.8629196e+01  -2.6907377e+01
  -3.7508812e+01   4.1022440e+01
  -9.9191966e+01   3.5000810e+01
  -8.6876669e+01  -1.7520897e+01
  -2.1338114e+01  -3.7675988e+01
  -9.6309972e+01  -2.0705847e+01
  -8.2927804e+01   5.1874951e+01
   8.7458376e+00  -2.6930183e+01
  -5.7984061e+01   3.8186797e+00
  -6.0443668e+01  -2.7161547e+01
   3.8705286e+01  -5.9277802e+01
  -5.7638265e+00   8.6847202e+01
  -3.3538999e+01  -3.1429463e+00
  -3.3081572e+00  -9.6719911e+01
  -9.0065709e+01   6.9418655e+00
   6.4571428e+00  -9.4435336e+01
  -9.8174477e+00  -3.4854112e+01
   1.5425883e+01   1.8848004e+01
  -2.9062722e+01   1.8850963e+01
   9.5878855e+01   8.3291597e+00
  -7.0565087e+01  -1.1106602e+01
  -8.0211950e+01  -6.9925283e+01
   8.9891254e+01   2.7169069e+01
  -7.8445548e+01   2.3129945e+01
  -5.0705717e+01  -5.8852016e+01
   9.0431480e+01   1.6617945e+01
   8.7601611e+01  -4.9889382e-01
  -1.9096372e+01   6.4833410e+01
   1.9222721e+01  -7.9514316e+01
   4.1764597e+01  -1.0199475e+01
   4.9584064e+01  -2.0770866e+01
   5.1608611e+01  -1.1289236e+01
   1.6020204e+01  -1.4657268e+01
   5.7688731e+01  -7.2107719e+01
  -1.6667498e+01  -2.7369270e+01
  -3.1514886e+01  -3.7144302e+01
   3.0475476e-01  -3.2073313e+01
  -2.8501362e+01   6.8221883e+01
  -2.1437273e+01   9.1156227e+01
  -4.6525686e+01   7.7153554e+01
   2.8856546e+01   7.4381044e+01
   2.3331882e+01  -8.0030555e+00
  -6.1315717e+01  -7.4776630e+01
  -8.4714589e+01  -4.6956025e+01
   2.2555115e+01   1.2204384e+01
   4.3969523e+01   4.0153934e+01
   5.1357148e+01   5.2069922e+01
   6.1729810e+01   4.1800999e+01
   3.6417405e+01   3.3722229e+01
   6.9885055e+01   5.7095854e+01
   2.8905189e+01   2.7213860e+01
  -6.7992476e+01  -3.6458827e+01
   3.8453713e+01   7.6867795e+01
   6.0793124e+01   3.0201898e+01
   3.2199630e+01   5.2934292e+01
   1.8977914e+01   9.1637876e+01
   1.8989351e+00   7.5939264e+01
  -5.4661420e+01   5.4132033e+01
  -9.2996027e+01  -3.2437052e+01
  -6.9467273e+01  -5.1255022e+01
  -7.7095596e+01  -1.9072122e+01
   4.8778268e+01   7.3851303e+00
  -6.2218913e+01  -4.4454967e+01
  -8.3352330e+01  -2.6994052e+01
  -4.7730940e+01  -1.2869879e+01
  -3.8662370e+01  -3.0358623e+01
  -4.8202413e+01   4.3948915e+00
   9.5276422e+01  -1.9258682e+01
   6.3878752e+01   8.8774580e+00
  -4.4869192e+01   5.6159652e+01
   7.7485327e+01  -2.6277905e+01
   5.9503445e+01  -1.7313132e+01
   9.8598396e+01  -8.1101256e+00
   7.9998436e+01  -7.2203216e+00
  -4.0896158e+01   6.5642902e+01
   5.5814877e+01   7.4444904e+01
   9.0710015e+00   4.4748347e+01
   3.0435722e+01   6.4806589e+00
  -1.4179416e+01  -7.1605637e-01
  -3.7865466e+01  -1.2472295e+01
   5.3689259e+01   1.7788094e+01
