   6.3521015e+00  -9.0243887e+01
  -7.0907562e+01  -2.6197528e+01
   9.3448088e+01   3.6847097e+00
  -5.3953063e+01   4.5806714e+01
   6.1258942e+01  -6.2394070e+01
  -4.7399203e+01   2.1207042e+01
   2.1676300e+01   5.7190354e+01
  -4.0197246e+01  -5.3802512e+00
   6.2608499e+01   6.7644522e+01
  -4.1380822e+00  -9.9791190e+01
   6.1290984e+01   4.0453687e+01
   2.0060024e+00   6.4910056e+01
  -6.7468066e+01  -1.6989729e+01
   2.5322277e+01  -1.4947893e+01
  -2.1947055e+01  -7.8306767e+01
   5.6667258e+01   5.9631069e+01
   1.3434489e+01   6.2600364e+01
  -2.5149467e+01   5.3997120e+01
  -7.2918978e+01   2.7061135e+01
  -7.6187838e+01   8.6163147e+01
  -9.0069376e+01  -9.0494547e-01
  -6.0166041e+01  -9.5943021e+01
  -3.0424565e+01  -3.8707074e+00
  -3.8482187e+01  -5.8500977e+01
   3.3170544e+01  -8.4189390e+01
  -2.7709159e+01   2.1754303e+01
  -3.2174072e+01   4.7722860e+01
  -5.0037804e+01   8.8223076e+00
   5.1759313e+00  -7.6504011e+01
   9.9614942e+01  -3.3544365e+01
  -7.8162839e+01  -9.0854127e+01
   3.7631328e+01   3.2524041e+01
   9.8688567e+01   7.6175831e+01
  -3.7590141e+00  -1.2879473e+01
   6.2836027e+00  -6.6273567e+01
  -8.0180268e+01  -8.1124038e+01
   7.2934269e+00   9.8656987e+01
  -1.1085568e+01  -6.2864186e+01
   5.0455512e+01  -8.8406335e+01
  -2.2576384e+01  -4.7138828e+01
   1.8355165e+01   8.4294683e+00
  -3.0614855e+01  -3.1111232e+01
   7.0328414e+00   7.9685225e+01
  -9.8958650e+01   4.5324984e+01
  -5.7940527e+00   2.9734630e+01
  -1.2783545e+01   7.9214974e+01
  -2.8709460e+01   3.8871299e+01
  -1.6986660e+01   5.8837613e+01
  -6.7680668e+01   5.8981058e+00
  -8.3180314e+01  -8.1403239e+00
   3.8721703e+01  -5.0085033e+01
  -5.2190012e+01   9.7057056e+01
   5.5332010e+01  -4.2386113e+01
  -6.5034313e+01   2.0581534e+01
   3.8674776e+01  -3.1955910e+01
  -8.9268226e+01   6.0753056e+01
   6.9950344e+00  -3.2655448e+01
  -8.4790584e+01   7.4028985e+00
   9.5972971e+01   2.7902182e+01
  -7.7219452e+01  -6.1643584e+01
   4.5955809e+01  -2.5216953e+01
  -8.7202652e+01  -1.7283845e+01
   3.6056890e+01   1.9058563e+01
   5.1765005e+01   3.9812101e+01
   7.7512323e+01  -1.0488113e-01
   6.3325434e+01  -5.0893740e+00
   6.6545677e+01   5.8173273e+01
  -1.3656937e+01  -8.3888575e+01
   7.2066260e+01  -6.7155063e+01
  -5.9117619e+01  -6.3016373e+01
  -7.3241281e+00  -3.9725103e+01
  -5.6433341e+01  -2.0510316e+01
   6.6643427e+01  -2.5867462e+01
  -2.6487207e+01   4.8999718e+00
   5.0603280e+01  -3.3825325e+01
  -2.9117143e+01   8.4704009e+01
   6.8254232e+01   3.6056062e+00
   9.8586548e+01  -5.6489112e+01
   1.5376086e+01  -9.6898068e+01
   4.3588284e+01  -5.8239023e+01
  -4.7453677e+01   8.8394003e+01
   5.0693575e+01  -1.6558130e+01
  -8.5125062e+01   9.0545565e+01
  -6.2211198e+01   5.0386507e+01
  -5.0467656e+01   6.5564652e+01
  -4.2522793e+01  -8.6826087e+01
   2.6572052e+01  -5.0425544e+01
  -3.8096913e+01   3.7667197e+01
   2.2133396e+01  -2.4310574e+01
   1.3604122e+01  -4.2034070e+01
   2.7200977e+01   9.7320853e+01
   8.8592002e+01  -5.6698061e+01
   2.2456855e+01  -8.5843719e+01
   6.4225697e+01  -4.6434741e+01
  -7.4634093e+01  -4.6412571e+01
  -9.7185216e+01  -1.9104014e+01
   7.3365864e+01  -4.2878115e+01
   8.1103404e+01  -4.9137144e+01
  -8.3971219e+01   7.9137679e+01
  -6.2180667e+01  -7.3888967e+01
   5.8043428e+01   7.6825653e+01
  -6.8137772e+01  -3.6432930e+01
   3.6754313e+01   6.0028116e+01
   1.2487332e+01   4.0898169e+01
   1.4441104e+01   7.2431561e+01
   3.7254589e+01   9.2553596e+00
  -1.9120656e+00   6.5017582e+00
   7.4010445e+01   6.9496892e+01
   8.0281255e+01   7.7283306e+01
   6.2919177e+01   8.6094853e+01
   9.8847016e+00  -6.5823528e+00
   9.8388901e+01   9.9880677e+01
   5.6041483e+01  -2.4954525e+01
   1.2087935e+01  -2.4071025e+01
   9.3727760e+01   6.7495117e+01
  -9.8381976e+01  -5.9917016e+01
   9.7832007e+00   3.3157914e+00
   7.7989300e+01   4.9941957e+01
   6.1406051e+01   1.0843232e+01
   3.2481863e+01   6.9042491e+01
   3.3426369e+01   8.9487500e+01
   5.0473908e+01   9.9863681e+01
   5.8573991e+01   4.9932693e+01
  -4.1773137e+01  -7.6887338e+01
   9.5075374e+01   1.6684910e+01
  -2.8813267e+00  -4.9355422e+01
  -6.1388324e+01  -2.9133849e+01
  -5.1077141e+01  -8.0484636e+01
  -2.8388666e+00   7.7812685e+01
   9.9887863e+01  -4.5576467e+01
  -9.2971968e+01   3.7352275e+01
  -6.3619735e-01   3.7945406e+01
   1.5625222e+01   2.9006918e+01
  -1.6141351e+00   2.0761749e+01
  -2.3756727e+01  -1.0937617e+01
  -3.3742808e+01   2.9448218e+01
  -2.7226892e+01  -2.0237612e+01
   7.9230076e+01  -9.8184295e+01
  -5.0673886e+01  -1.0462657e+01
  -4.3412261e+01   7.1182066e+01
  -6.5268708e+01  -3.2442282e+00
  -7.7557526e+01   1.2138295e-01
  -8.7610422e+01   1.6948592e+01
  -2.2639037e+01   6.7869385e+01
  -2.5507660e+01   9.5049758e+01
  -3.6395578e+01   8.1036885e+01
   5.3478963e+01  -7.1436682e+00
  -1.5149244e+01   2.8578059e+01
  -3.5757255e+01   4.1066327e+00
  -6.9838384e+01   4.1904910e+01
  -4.4231953e+01   3.0291170e+00
  -4.1717287e+01   4.9446943e+01
  -5.8645028e+01   7.8424661e+01
   6.0602244e+01  -3.3832441e+01
  -1.2997373e+01  -7.3895132e+01
  -4.4733168e+00  -7.9006694e+01
  -2.2643585e+01  -8.8277875e+01
  -3.2641055e+01  -8.8314007e+01
  -6.7218754e+01   9.0713052e+01
  -5.3832548e+01   2.8752907e+01
  -4.1610069e+01  -9.6769668e+01
   2.8733122e+01  -3.1778685e+01
   2.2069175e+01  -6.7386323e+01
  -3.5491880e+00  -8.8930195e+01
   5.7230030e+01  -5.3439780e+01
   4.3373660e+01  -4.0730760e+01
   2.8064878e+01  -5.9755329e+01
   2.3285473e+01  -4.0166601e+01
   4.8383151e+01  -4.9343329e+01
  -7.3191037e+01  -9.9499757e+01
  -1.2239230e+01  -9.3845761e+01
   8.4960834e+01  -2.3235853e+01
  -8.0366520e+01   5.6416942e+01
   3.2160846e+01  -2.2217113e+01
  -9.6461294e+01  -7.8574316e+01
   5.2400402e+01   6.8598828e+01
  -9.2514939e+01   8.3538479e+01
  -7.7956876e+01  -3.6972793e+01
  -6.4738855e+01  -4.6437346e+01
  -1.9135186e+01  -3.7798601e+01
   3.9299621e-01  -3.4678512e+00
  -9.9083930e+01  -3.2016538e+01
   8.3706327e+01   8.8583185e+01
   8.3778858e+01   6.6534920e+01
   9.5217396e+01   8.9784628e+01
   6.8010150e+01   7.7486916e+01
   6.4779638e+00  -5.3340259e+01
   4.3499073e+01  -6.7330319e+00
   4.0739783e+01  -1.6880110e+01
  -8.1978372e+01  -5.3098835e+01
  -9.4556778e+01  -4.0887711e+01
   9.1641075e+01  -1.2513092e+01
   7.5710587e+01   1.0241885e+01
   5.9108345e+01   2.0505886e+01
   3.1516272e+01   4.0229446e+01
   7.9870816e+01  -1.0981539e+01
   2.8815158e+01   2.9254411e+01
   5.2164208e+01   8.9633504e+01
   9.6483916e+01   4.8167886e+01
   4.2278040e+01   4.0649702e+01
   3.7960875e+01   7.7376666e+01
   3.9147421e+01   4.9668535e+01
   2.3068418e+01   4.5907969e+01
   4.6696321e+01   5.9352456e+01
   6.8241612e+01   4.8335648e+01
   4.8840457e+01   4.9574781e+01
   4.9844396e+01   1.8703864e+01
  -3.7007458e+01  -2.1968007e+01
  -3.2502155e+00  -6.9098636e+01
   8.7367983e+01   2.2993770e+01
   4.5320893e+01  -7.7048829e+01
  -3.3651038e+01  -6.8555677e+01
   9.3480487e+01  -6.8958617e+01
   7.7559045e+01  -5.8402285e+01
   4.2174068e+01  -9.7148790e+01
  -1.8660615e+01  -5.6339079e+01
  -5.1774498e+01  -3.1687443e+01
  -1.7716415e+00  -5.9233203e+01
  -7.0032933e+01  -8.0065050e+01
  -6.7595857e+01  -5.5992478e+01
  -4.3493157e+01  -6.7094679e+01
   5.6675677e+01   2.1325087e+00
   2.0025935e+01  -5.8552042e+00
   7.5276587e+01  -2.0838888e+01
   6.9992857e+01  -1.2401903e+01
   6.8206686e+01  -5.5433158e+01
   7.5307801e+01  -3.1046698e+01
   6.0661983e+01  -1.5988317e+01
   6.2272162e+00   5.5980245e+01
  -8.8406254e+01   5.0537484e+01
  -1.9216836e+01  -1.5305695e+00
  -1.2832771e+01  -9.0210803e+00
  -7.7158464e+00   6.1668653e+01
   9.9135470e+01  -7.7116589e+01
  -3.7226897e+01   6.5196212e+01
  -1.3242460e+01   6.9548685e+01
  -3.7920954e+01   2.1132287e+01
  -2.4228411e+01   3.0691974e+01
   5.6492764e+01  -8.0795611e+01
   6.5998178e+01  -7.5136530e+01
   6.5289362e+01  -8.5024154e+01
  -8.9270574e+01   7.0707964e+01
  -4.1176736e+01   1.2301163e+01
  -3.3213448e+00   9.6583481e+01
  -4.3796604e+01   2.9749962e+01
  -7.1838212e+01   5.1629202e+01
  -9.9304442e+00   8.8596944e+01
  -2.2575537e+01   7.7474387e+01
  -1.9743949e+01   8.6925630e+01
   2.2758301e+01   6.6897872e+01
  -1.5629863e+01   9.6745241e+01
  -5.3085378e+01   5.5335567e+01
  -4.3940685e+01   5.8624960e+01
  -4.9833633e+01   7.8812674e+01
  -5.7489248e+01   8.8404725e+01
  -6.7795570e+01   8.0923412e+01
  -7.2306575e+01   9.9242044e+01
   2.5550301e+01  -9.5329270e+01
   1.2963913e+01  -8.2749182e+01
   2.5893292e+01  -7.6511590e+01
  -1.7227311e+01   3.7716715e+01
   5.1278575e+01  -6.3811661e+01
  -7.7268280e+01  -1.8090506e+01
  -9.4615259e+01   8.7908830e+00
  -7.5747624e+01   1.1082960e+01
  -6.0444748e+01   3.8928180e+01
   3.6323996e+01  -6.4797430e+01
   8.9763690e+01  -3.1984799e+01
  -6.8221558e+01  -9.0031255e+01
   8.9965428e+01  -4.4616476e+01
  -6.1927432e+01   9.9106874e+01
   3.7622853e+00  -4.2046641e+01
  -7.7779177e+01  -7.1511324e+01
   1.7047148e+01  -5.1141311e+01
  -8.0278948e+01   6.6358647e+01
  -8.9942391e+01  -8.6151080e+01
  -5.7517105e+01  -5.3215854e+01
  -5.1837406e+01  -9.0433828e+01
  -5.2763105e+01  -7.0666227e+01
   1.0768629e+01   8.9187848e+01
  -9.4667642e+01   9.3472287e+01
   1.7212807e+01   9.6834584e+01
  -9.7411002e+01   1.8864695e+01
  -9.3997208e+01  -6.8897955e+01
  -9.8135742e+01   7.5298731e+01
  -8.0764113e+01  -2.7440112e+01
  -9.2302910e+01   2.7419927e+01
   2.4243982e+01   7.6621132e+01
   2.7784316e+01   1.2471288e+01
   2.2087147e+01   3.6284339e+01
   1.2453044e+00  -2.4533995e+01
   1.6919472e+01  -3.2710864e+01
   1.5518472e+01  -1.4755521e+01
   2.3288238e+01   2.1308340e+01
   2.6076502e+01   2.0886300e+00
   2.4020158e-01   8.7286265e+01
   9.0286637e+01   3.6117345e+01
  -9.3504594e+00   1.5163781e-01
   7.8708962e+01   9.7468999e+01
   5.7068032e+00  -1.5641133e+01
  -1.1513984e+01  -3.0661509e+01
   5.8595560e+00   1.2376616e+01
   7.4272002e+01   8.5275756e+01
   6.0358514e+01   9.8362424e+01
  -3.1644767e+01   1.3084645e+01
   8.8707970e+01   9.7375726e+01
   6.9340995e+01   9.3972692e+01
   1.4230036e+01  -6.0439960e+01
   8.9716928e+01   8.0591691e+01
   3.5743005e+01  -4.3539533e-01
  -8.7213043e+01  -6.1583248e+01
   9.9846225e+01   5.9587498e+01
   6.8540223e+01   2.1575299e+01
   9.4887454e+01  -2.2074012e+01
   6.0661542e+01   3.0320527e+01
   3.0145350e+01   5.2616793e+01
   7.6401952e+01   5.9797311e+01
   9.8363028e+01  -5.1059807e+00
   4.2433508e+01   6.8399995e+01
   8.5959828e+01   5.5922644e+01
   4.2822159e+01   8.6093683e+01
   4.7986947e+01   7.7545120e+01
   4.1268773e+01   9.5962089e+01
   8.6872400e+01   4.5488609e+01
   8.6795773e+01  -3.7737474e+00
   3.3748874e+01  -9.9984660e+00
   2.3891543e+01   8.6526539e+01
  -2.7718514e+01  -6.0563859e+01
  -3.1914518e+01  -7.8367438e+01
  -3.1721434e+01  -9.8257328e+01
  -3.3853502e+01  -1.2852314e+01
  -2.1124814e+01  -2.8045244e+01
   5.0117572e+01   9.2260883e+00
   9.8968337e+00   2.1162428e+01
  -4.0564336e+01  -3.0907863e+01
   8.4168750e+01  -6.5650011e+01
   8.6434736e+01   1.0812788e+01
   7.8078174e+01   1.9904465e+01
  -5.8567270e+01  -3.8745526e+01
  -5.9928308e+01  -1.1192543e+01
  -4.6872436e+01  -2.3246301e+01
  -9.5204000e+01  -9.3617124e+00
  -3.1499855e+01  -5.1397340e+01
  -3.0523990e+01  -4.1098068e+01
  -1.2720411e+01  -4.8135458e+01
  -6.8509801e+01  -6.6261051e+01
  -4.9617494e+01  -5.9263021e+01
   8.2167518e+01  -3.8388277e+01
  -6.0521412e+01  -8.3701865e+01
  -9.0674868e+01  -2.6653512e+01
  -2.0175554e+01  -6.7023914e+01
  -2.1243316e+01  -9.8177808e+01
  -9.8052112e+01  -9.2844357e+01
   3.5662739e+01  -7.4584191e+01
   4.0057811e+00   2.9114605e+01
  -8.2590390e+01   2.5519569e+01
  -8.6898711e+01  -9.5676295e+01
   1.4420425e+01   5.0601275e+01
   4.1600890e+00   4.6399625e+01
  -9.1893980e+01  -5.2332512e+01
  -8.5090556e+01  -4.3769867e+01
  -8.3931171e+01   4.1598293e+01
   9.4081462e+01  -8.5633303e+01
  -9.7536047e+01   5.5199598e+01
   6.1217651e+01  -9.4212403e+01
   5.7172614e+01  -7.1252268e+01
  -1.6852922e+01  -1.8039985e+01
   7.1039122e+01  -9.2875272e+01
  -6.3636587e+01   3.0044124e+01
  -6.1136637e+01   1.1812735e+01
  -3.1707924e+00   5.3107972e+01
   4.3631114e+01   2.5492074e+01
   8.7701022e+01  -9.3151676e+01
  -2.9435588e+01   6.1658333e+01
  -1.9854256e+01   4.6592564e+01
  -4.6438615e+01   4.0874633e+01
  -7.5569055e+01   7.5137894e+01
   5.2097471e+01  -9.8154342e+01
   3.2524550e+01  -4.2968664e+01
  -5.3981211e+01   1.6045091e+01
  -5.1272952e+01  -1.7704912e+00
  -3.5786817e+01   9.7508544e+01
  -4.2161441e+01   7.9154287e+01
