   2.3311005e+01   6.2247735e+01
   5.9216198e+01   7.5189489e+01
   7.0613947e+01   4.9247235e+01
   2.3322403e+01  -8.8467668e+00
  -2.4685078e+01   5.4269628e+01
  -3.1511367e+01  -7.0042101e+01
   3.1459653e+01  -9.0772466e+01
  -3.5809797e+01   2.4116102e+01
  -4.2007054e+01   4.2133246e+01
  -5.3031340e+01   1.3261272e+01
   1.0706846e+01  -9.1144990e+01
  -8.4321669e+00  -6.8864774e+01
   5.0868650e+01  -9.2922230e+01
  -1.0924920e+01  -4.9757065e+01
  -2.5078460e+01  -3.2249073e+01
  -2.6957844e+00   3.3658196e+01
  -9.6969609e+00   7.5496787e+01
  -7.2377490e+01   9.8462769e+00
  -8.5329863e+01  -9.1463637e+00
   5.4785378e+01  -5.0086890e+01
   5.2560262e+01  -3.1731765e+01
   8.7885980e+01   1.7070492e+00
  -1.9878036e+01  -9.8612982e+01
   6.7355153e+01  -6.3101810e+01
  -6.9268030e+01  -7.1195678e+01
  -9.1765645e+00  -3.9887853e+01
   6.2044931e+01  -3.4398251e+01
  -2.6485759e+01   4.3546567e+00
   7.1890532e+01   9.8883522e+00
   4.2604095e+01  -6.1004916e+01
   2.5529668e+01  -5.1111188e+01
   1.7879695e+01  -3.6458686e+01
   6.2975913e+01  -4.4339587e+01
  -8.9756180e+01  -4.3139559e+01
   7.1725377e+01  -3.6305362e+01
  -8.4714964e+01   8.2848357e+01
   6.4309606e+01   8.4114449e+01
   3.8925006e+01   5.6844604e+01
   1.1008390e+01   4.6949306e+01
   8.0179799e+00   7.0861099e+01
   4.2796049e+01   1.6744267e+01
   3.2477091e+00   8.8413962e+00
   7.5582612e+01   8.3169635e+01
   1.5192954e+01   1.0256760e+01
   8.3353408e+01   6.1510213e+01
   2.3367576e+01   7.2132387e+01
   3.4010515e+01   9.3332069e+01
   5.8389011e+01   5.9180014e+01
  -6.3299056e+01  -2.5489771e+01
  -5.1564642e+01  -8.7035127e+01
  -1.6019544e+00   2.0726969e+01
  -5.0075319e+01  -9.6320105e+00
  -7.9264792e+01  -8.3522701e-01
  -9.2206163e+01   9.5139943e+00
  -3.2198818e+01   8.3594393e+01
   5.7983152e+01  -1.5753907e+00
  -3.8369866e+01  -1.2294058e+01
  -6.8143391e+01   3.7533107e+01
  -4.3793989e+01   5.1952932e+01
  -5.5683571e+01   8.2053567e+01
  -3.7806908e+01  -9.0499667e+01
  -7.2673080e+01   9.3046853e+01
   2.3310453e+01  -7.2906512e+01
   1.5964111e+00  -9.0379858e+01
  -9.7796411e+01   5.6490515e+01
   3.1496047e+01  -3.2134131e+01
  -7.3796723e+01  -5.3160540e+01
   4.5325796e+00  -5.0909856e+01
   4.3200366e+01  -1.4529708e+01
   9.0086640e+01  -1.7317203e+01
   5.3417161e+01   2.2327535e+01
   3.5041151e+01   3.9251052e+01
   3.7170424e+01   8.3912252e+01
   1.3319057e+00  -6.6953634e+01
   9.6148883e+01   1.9480583e+01
   4.8041256e+01  -8.0733664e+01
  -3.3567957e+00  -5.8100973e+01
  -7.3968022e+01  -8.1595875e+01
  -4.1893810e+01  -7.1694204e+01
   8.4036862e+01  -2.5246306e+01
   7.4921857e+01  -7.6570452e+00
  -2.8542876e+01  -1.3309561e+01
  -1.5764879e+01  -1.2738028e+01
   1.0483146e+00   6.3859992e+01
  -2.9271810e+01   7.4051043e+01
  -2.2758327e+01   4.4499874e+01
   6.7390270e+01  -7.5061441e+01
  -4.4110758e+01   2.9927781e+01
  -6.5625143e+01   4.9977014e+01
  -1.9348089e+01   7.2955348e+01
  -1.6870743e+01   9.3890359e+01
  -5.2355388e+01   5.7066328e+01
   1.5045103e+01  -8.1420543e+01
   5.7360515e+01  -6.6898102e+01
  -6.6258466e+01  -1.5966117e+01
   3.3443782e+01  -5.7103483e+01
   9.5877017e+01  -4.7554755e+01
  -7.9080371e+01  -7.3013923e+01
  -8.1314469e+01   6.4714964e+01
  -9.4309396e+01  -8.5793901e+01
  -5.4719540e+01  -5.6424996e+01
  -4.6411299e+01  -9.5595138e+01
  -9.0096562e+01  -3.3149120e+01
   1.8409880e+01   4.0467703e+01
   8.6441880e+00  -3.1468883e+01
   1.2480476e+01  -8.2472549e+00
   1.7554721e+01   1.9912680e+01
   3.1541559e+01  -3.2079366e+00
   4.5338705e+00   8.9293576e+01
  -4.7864882e+00   3.0192530e+00
   1.0321122e+01  -2.0903229e+01
  -9.4625998e+01  -6.0643976e+01
   7.2563506e+01   2.0205381e+01
   5.4019170e+01   3.2218281e+01
   2.9390302e+01   5.4595020e+01
   7.5780947e+01   6.7985746e+01
   4.3135486e+01   7.6031314e+01
   4.3925622e+01   9.1234376e+01
   8.6487105e+01   4.4637828e+01
   9.5726718e+01  -4.5591523e+00
   1.8020559e+01   8.7168528e+01
  -2.8067241e+01  -8.8214165e+01
   4.1501161e+01  -2.7949329e+00
   7.8831975e+00   1.7628993e+01
  -4.4439927e+01  -2.0094887e+01
   9.0664784e+01  -6.9451902e+01
   9.0264881e+01   1.1406870e+01
   8.0763409e+01   1.4501013e+01
  -5.7138512e+01  -3.3449756e+01
  -6.6712678e+01  -8.3556442e-01
  -3.0908142e+01  -5.0333193e+01
  -1.9122904e+01  -4.0196589e+01
  -5.9354859e+01  -7.0112745e+01
   8.6961046e+01  -4.3099712e+01
  -6.1176075e+01  -8.9593433e+01
  -1.8368726e+01  -6.8760101e+01
   1.9165121e+01   5.3148743e+01
  -9.8911548e+01  -3.8300541e+01
   9.8397613e+01  -7.8826046e+01
  -7.5138320e+00  -2.9772217e+01
  -5.3901625e+01   2.7917790e+01
  -4.9536077e+00   5.3749090e+01
  -2.4642359e+01   6.4486289e+01
  -1.4114860e+01   4.9522523e+01
  -7.7240287e+01   7.3687125e+01
  -4.5746962e+01   2.0075205e+01
  -5.6940076e+01   1.3176553e+00
  -3.8475484e+01   9.1368068e+01
   3.2015953e+00   9.9201553e+01
   5.5674092e+01  -1.8228311e+01
   4.1478148e+01  -3.1590451e+01
  -4.2162255e+01   7.2049642e+01
  -7.4927158e+01   4.6948035e+01
  -8.2594172e+00  -8.6993845e+01
  -2.8302229e+01   9.2798711e+01
  -9.2317631e+01   9.0042992e+01
  -2.5348221e+01   3.4860001e+01
  -4.7656268e+01   5.0346574e+00
  -5.9223219e+01   4.0274751e+01
  -2.9907133e+01   1.5981288e+01
   7.6743543e+01  -6.5462083e+01
  -7.7071057e+01   3.8093956e+01
  -6.5009622e+01   8.5651981e+01
   1.8344113e+01  -9.9870261e+01
   2.2997977e+01  -6.0739921e+01
   4.8970321e+01  -7.0870318e+01
   4.0920556e+01  -4.1357299e+01
   4.7264015e+01  -2.3525676e+01
   3.0964865e+01  -6.6666723e+01
   4.1363660e+01  -5.1154369e+01
   7.2820747e+01  -4.6112801e+01
   3.7365648e+01  -2.2636968e+01
  -7.8842175e+01  -1.6722162e+01
   7.0234493e+01  -1.7110126e+01
   9.3878403e+01  -2.6902103e+01
  -7.3255170e+01  -2.4985997e+01
   6.3422617e+01  -2.4504740e+01
  -7.9771280e+01  -4.3564918e+01
  -5.9859899e+01  -4.3034535e+01
  -8.6671712e+01   5.4480219e+01
  -8.7400616e+01   7.3215742e+01
  -9.1135542e+01  -1.8749907e+01
  -8.3715992e+01  -2.5451775e+01
   6.4795929e+01   6.6666344e+01
  -6.9501921e+00  -8.0511989e+00
  -4.1666024e+00  -7.7877818e+01
   8.4716472e+00  -6.0009496e+01
   6.8775013e+01   9.3187502e+01
   9.9837784e+01   8.9930486e+01
   8.5559477e+01   8.2893638e+01
   5.3420198e+01   1.2411602e+01
   6.2379496e+01   2.7035925e+01
  -8.0178225e+01  -6.0821387e+01
  -9.6887391e+01  -7.0983238e+01
   6.8053157e+01  -4.7950252e-01
   6.2061202e+01   7.4310371e+00
  -3.2445764e+01  -3.6715195e+00
   4.3431726e+01   3.1487846e+01
   2.5683374e+01   3.3754094e+01
   1.0182224e+01   1.6785605e+00
   4.1184904e+01   4.7132293e+01
  -7.1014903e+01  -9.1137473e+01
   6.0733524e+01   3.9615201e+01
   3.2825577e+01   6.4910721e+01
   5.2589874e+01   6.7720635e+01
   5.1072703e+01   4.9255180e+01
   5.2543653e+01   8.2637238e+01
   8.0027852e+01   5.2173239e+01
   7.1294990e+01   5.9115455e+01
   3.2659530e+01   1.5389585e+01
  -1.3871621e+01  -9.2018545e-01
   9.0153694e+01   5.4070373e+01
   8.1874258e+01  -5.1463237e+01
  -3.5302869e+01  -3.1497265e+01
   8.4816288e+01   2.3658414e+01
  -6.8112828e+01  -3.4208277e+01
  -4.2516776e+01  -5.9778939e+01
  -4.3162547e+01  -8.1731477e+01
  -3.3442133e+01  -7.9817694e+01
  -2.9791902e+01  -9.8051992e+01
   2.9856349e+01  -1.6265607e+01
   2.0022548e+01   4.5709917e-01
   2.2567103e+01  -2.7702195e+01
   2.5092527e+01   8.9738757e+00
   6.3471392e+01  -9.8477661e+00
   9.6653932e+01  -9.6653635e+01
   5.0792847e+01   9.8473989e+01
   7.0586921e+01  -9.1672202e+01
   6.4522774e+00   5.5641315e+01
  -9.2927648e+01   3.2962911e+01
   8.5050042e+01  -9.4859148e+01
  -1.7983954e+00   8.1575852e+01
  -3.5335112e+01   3.4700372e+01
   1.5155753e+01   7.7689681e+01
  -8.6247087e+00   6.5660904e+01
   4.6537903e+00  -8.2421027e+01
  -7.4715537e+01   8.3287361e+01
   6.5250547e+01  -8.3490719e+01
  -1.6139042e+01   5.9282739e+01
   4.1353918e+01  -9.0467903e+01
  -2.2059254e+01   8.3509105e+01
  -1.2096787e+01   8.5139354e+01
  -5.1982302e+00   9.3778106e+01
   1.3513698e+01   6.2590508e+01
   3.2917853e+01   7.4897572e+01
  -7.6896699e+01   5.6107099e+01
  -3.4541930e+01   6.5585814e+01
  -4.3892203e+01   6.2214903e+01
  -3.4532095e+01   5.5600661e+01
   2.0331877e+01  -9.0072934e+01
   7.3264858e+01  -5.5919282e+01
  -2.5332487e+01   2.4870190e+01
  -3.2676806e+01   4.5741485e+01
  -3.5833052e+01   7.9072951e+00
   1.5332234e+01  -6.7118660e+01
  -6.4378858e+01   9.8618774e+01
  -5.6905683e+01   9.1976895e+01
  -8.7616536e+01   9.8869073e+01
  -4.2076663e+01   8.2040542e+01
  -5.2135032e+01   7.2708001e+01
   5.2283278e+01  -5.9426995e+01
  -4.7561716e+01   9.5533002e+01
   6.3366977e+01  -5.4552545e+01
  -8.9221074e+01   2.9268701e-02
  -1.5690899e+01   3.7460199e+01
   9.4635810e+01  -3.6841819e+01
  -1.1264148e+01   2.8516208e+01
   8.0163871e+01  -1.6102528e+01
  -7.4453206e+01   2.8375886e+01
  -6.3833601e+01   2.8935591e+01
  -5.2561828e+01   4.7240092e+01
   7.3385182e+01  -2.6525445e+01
  -8.9381894e+01   1.9137792e+01
  -6.3853459e+01  -5.2169462e+01
   8.1523740e+01  -3.4830334e+01
  -6.0219848e+01   1.9915857e+01
   1.5559469e+01  -5.1161560e+01
  -8.8671263e+01  -7.7540747e+01
  -8.3081097e+01  -8.5829008e+01
   7.7289582e-01  -3.9524625e+01
   1.0199624e+01  -4.2738587e+01
   2.6639082e+01  -4.1226358e+01
  -9.5182952e+01   7.9496500e+01
  -9.8925004e+01   7.0167180e+01
  -6.5239443e+01  -6.2049347e+01
  -5.1321787e+01  -7.6016892e+01
  -5.0227499e+01  -6.6086431e+01
  -9.9938749e+01   1.5649204e+01
   1.2457504e+01   9.5441738e+01
  -6.9791676e+01  -4.4032503e+01
  -9.7879887e+01   2.5035222e+01
   2.6637767e+01   2.3857504e+01
   2.7226863e+01   8.3305487e+01
   2.4177049e+01   9.4988788e+01
  -7.8095338e+01  -3.3718434e+01
   1.1642993e+00  -2.4838114e+01
   5.8475137e+00   2.7400835e+01
   1.5911480e+01   2.9756002e+01
   9.3240990e+01   2.9038311e+01
   2.1707223e+00  -4.1219767e+00
  -1.4713516e+01  -2.2864717e+01
   3.0982786e+00  -1.4032031e+01
  -6.0632346e+00  -1.7963538e+01
   8.8439615e+01   9.2460237e+01
  -9.6070888e+01   4.6664031e+01
   9.5787920e+01   9.9237032e+01
   7.6183487e+01   9.9904236e+01
   5.1564251e+01  -9.1452951e+00
   4.9322536e+01   3.3581107e+00
   7.7888597e+01   1.8885806e+00
   8.4418521e+01   7.2970528e+01
   6.3037570e+01   1.7221802e+01
   9.9450404e+01  -1.3842799e+01
   8.6166919e+01  -8.1267451e+00
   4.8599653e+01   5.8609775e+01
  -8.9138822e+01  -9.4347613e+01
  -8.5076908e+01  -5.2033839e+01
   6.9250442e+01   7.5495564e+01
  -7.9395071e+01  -9.6548000e+01
  -9.6202797e+01  -5.0776558e+01
   5.8626698e+01   9.2291892e+01
  -8.7480742e+01  -6.7621373e+01
   4.2577668e+01   6.6230079e+01
   9.2025046e+01   6.6406020e+01
   9.8200074e+01   5.3230599e+00
  -2.0920124e+01  -4.9972698e+01
   6.0852929e+01   4.9578637e+01
   3.5678647e+01   5.8802644e+00
   8.5311496e+01  -6.0767537e+01
  -1.4122286e+01  -7.8905827e+01
  -1.8096622e+01  -8.8732041e+01
  -1.0554670e+01  -9.7185864e+01
  -2.2604197e+01  -5.9769164e+01
  -3.0748338e+01  -4.0390811e+01
  -9.1166677e+01   6.3913488e+01
  -4.5192922e+01  -3.0022496e+01
  -5.3452709e+01  -2.4194381e+01
   9.4640806e+01   3.8923659e+01
   9.5367591e+01   8.0986374e+01
  -4.2381574e+01  -3.2710358e+00
  -7.3001951e+01  -8.6087413e+00
  -5.9963851e+01  -8.2101038e+00
  -8.2290243e+01   8.6823793e+00
  -9.5314070e+01  -9.6651649e+00
  -2.4627646e+01  -2.2376724e+01
  -2.2655087e+01  -5.3725631e+00
  -3.4567223e+01  -2.1533184e+01
  -3.2564433e+01  -6.0143059e+01
   3.6521815e+01   2.4511080e+01
  -6.4105813e+01  -7.9948681e+01
  -2.3915702e+01  -7.7012138e+01
   1.9880402e+01  -1.8146352e+01
   9.8627835e+01   4.8761047e+01
  -5.8075429e+01  -9.9098655e+01
  -9.7517716e+01  -2.6448384e+01
   2.6421843e+01  -8.2247090e+01
   3.7233482e+01  -8.1441430e+01
   3.9335162e+01  -7.1770003e+01
   9.3099617e+01  -8.7307031e+01
   6.0609726e+01  -9.1857482e+01
   9.0778360e+00   3.7141395e+01
   4.8148162e+01   4.0051791e+01
   5.0822619e+01  -4.1314923e+01
   2.7057935e+01   4.5106586e+01
   9.4974744e+01  -5.8766584e+01
  -8.4023752e+01   3.3164656e+01
  -2.2858300e+00  -9.6342446e+01
   6.3684064e+01  -7.0596068e+01
   8.1021231e+01  -9.3329294e+01
