  -2.2375230e+01  -2.7329793e+01
   3.0537742e+01   5.5375719e+01
   6.5726873e+01  -3.9360893e+01
  -8.0255177e+00  -4.1480576e+01
  -2.5704487e+00  -5.7390202e+01
  -2.9789134e+01   1.1496257e+01
  -8.6096060e+00  -1.0271320e+01
   2.1762846e+01   3.9075746e+01
   4.0256087e+01   5.0420621e+00
   1.2829309e+01  -4.3599357e+01
  -3.7498743e+01  -7.8272515e+00
  -7.0254343e+01  -4.2673402e+01
   5.1883097e+01   4.3980315e+01
   5.7147207e+01  -1.2907209e+01
   2.2808178e+01  -4.4016765e+01
  -3.9322012e+01   1.4507887e+01
   8.0814817e+01   1.7467752e+01
   3.3745823e+01   2.8728136e+01
   4.2451315e+01   2.3808300e+01
   4.1554192e+01  -5.7956754e+00
   7.0857992e+01   4.3356308e-01
   9.4922942e+00   7.8586782e+01
  -5.3831453e+01   3.8424510e+01
   2.6504487e+01  -6.3305861e+01
   2.7217985e+01  -1.8188151e+01
  -3.2885999e+01  -7.7166003e+01
   2.1186228e+01  -3.4121910e+01
  -5.3477434e+01   2.8431527e+01
  -6.5774701e+01   2.7131889e+01
  -6.8124489e+01  -6.7992068e+00
   4.1420611e+00  -3.8672911e+01
  -2.7008599e+01  -1.8207391e+01
   2.1322506e+01  -7.6494417e+01
  -3.2351653e+01  -2.6649763e+01
  -3.0085243e+01  -4.6595945e+01
  -1.0258002e+00   4.4284777e+01
   2.4646481e+01  -7.4417886e+00
   2.1380158e+00   5.8311436e+01
   1.6831987e+01  -1.2063646e+00
  -3.8353663e+01   3.9545237e+01
  -1.4010376e+01   5.9134118e+01
   3.8377653e+01  -3.1916366e+01
   3.7018406e+01  -4.7629881e+01
   2.6491027e+01  -5.3308325e+01
   1.7331796e+01  -5.7319730e+01
  -1.2120456e+01  -5.4434483e+01
  -6.0146633e+01   1.0057741e+01
  -6.4545653e+01  -1.6136310e+01
  -5.5761217e+01   3.2002151e-01
  -4.6628325e+01  -3.7499561e+00
   1.5997002e+00  -8.7083812e+01
  -3.1629576e+00  -2.2460145e+01
   7.3231083e+00  -6.2539160e+01
   5.6722455e+01   1.4846965e+01
   8.4138541e+00   2.2754967e+01
  -3.9897434e+01  -6.9565399e+01
   5.5659913e+01   3.4720989e+01
  -5.1614357e+01  -2.2086987e+01
  -8.4555578e+00   3.7592247e+01
  -3.3274696e+00   7.4329177e+01
  -2.4752680e+01   7.4254671e+01
   6.8945769e+00   1.2874558e+01
   8.5155397e+01  -1.6861565e+01
   3.9861195e+01   7.0425675e+01
   5.4793108e+01  -2.3122370e+01
  -2.3512317e+01   2.6629575e+01
  -2.7522216e+01   4.4513555e+01
   1.7271295e+01   5.0901305e+01
   3.6526185e+01   3.8333614e+01
   5.0021487e+01   5.5646100e+01
  -3.2607082e-03  -3.4181080e+00
   4.8305712e+01  -3.0742875e+01
   5.1457478e+01  -4.6762792e+01
   3.6821158e+01  -7.9246329e+01
  -2.1314287e+01  -7.3504412e+01
   2.9100294e+01  -2.8009065e+01
   8.9601430e+00  -1.9359312e+01
  -4.5568184e+01   2.2314564e+01
  -2.0971797e+01  -6.3510507e+01
  -7.5395055e+01   2.4404708e+01
  -1.7778311e+01  -1.4375570e+01
  -2.7507208e+01  -8.2226945e+00
  -6.9004760e+01   3.6594563e+01
  -7.1861178e+01  -2.2953206e+01
  -3.5522351e+01   1.9716136e+00
  -5.0894455e+01   1.3851782e+01
  -4.6125370e+01  -1.3732471e+01
  -1.7064678e+01  -4.5753542e+01
  -5.5813980e+01  -1.1264243e+01
  -1.1008839e+01  -6.4366328e+01
  -1.3541332e+01  -8.3437446e+01
  -1.8669240e-01  -4.7682868e+01
  -3.8190562e+01   2.9064546e+01
   3.5557638e+01  -5.7521791e+01
   6.3715286e+01   7.4321509e+00
   8.7548146e+00  -7.2434531e+01
  -1.4569293e+00  -6.7324223e+01
  -4.4649532e+01   6.0476559e+00
  -3.2465262e+01  -5.6277146e+01
   8.5100157e+00  -5.2613376e+01
  -2.2634599e+01  -3.7463016e+01
   3.0086932e+01   8.3064681e+00
   2.0505114e+01   1.1165289e+01
   4.7027456e+01   1.2398670e+01
  -5.6365556e+00   6.4599704e+01
   5.7174946e+01   2.4836561e+01
  -2.3270255e+01   6.2909369e+01
   4.5669548e+01   3.4284398e+01
  -5.9988382e+01  -4.4411674e+01
  -6.1015449e+01  -2.5491787e+01
   4.4440329e+00   3.4258335e+01
   2.4478941e+01   7.2713984e+01
   6.1377155e+01  -3.1734716e+00
   4.8095405e+00   6.7978817e+01
   7.6100933e+01  -8.0816599e+00
  -2.1468601e+01   5.2472947e+01
   6.7006365e+01  -2.2509283e+01
  -2.0087768e+01   3.6998581e+01
  -3.7487802e+01   4.9507611e+01
   7.1600686e+01   1.3581941e+01
  -4.2537281e+01  -2.6802714e+01
  -3.1843820e+01   5.7762410e+01
   1.3929608e+01   3.1092946e+01
   7.3355697e+00   4.9769658e+01
  -6.2757767e+00   5.2795740e+01
   1.1880478e+01   6.0566122e+01
   4.1250917e+01   6.0449938e+01
  -1.8268128e+01  -4.3992092e+00
  -3.8557815e+00   2.8682686e+01
  -9.3510923e+00   1.0800256e-01
   3.1581428e+01  -3.9239282e+01
   4.2201945e+01  -2.2683402e+01
   4.7214520e+01  -1.4035876e+01
   5.8058884e+01  -3.2943221e+01
   4.3823933e+01  -4.0303054e+01
   3.4297200e+01  -6.9570657e+01
  -4.4644638e+01  -7.8292969e+01
  -3.0115531e+01  -6.7557207e+01
  -2.9755084e+01   3.4440845e+01
   1.7701698e+01  -2.4748935e+01
  -5.8802091e+01   1.9967167e+01
  -6.2190427e+01   4.3912794e+01
   5.6474010e+00  -2.8789401e+01
  -6.9736196e+01   1.5611327e+01
  -7.8686464e+01   3.4092542e+01
  -8.1624386e+01  -2.0790829e+01
  -2.5538519e+01   2.4518364e+00
  -6.7400128e+01   3.1741975e+00
  -2.5492433e-02  -7.7218558e+01
  -7.6561741e+01  -1.2166875e+01
  -3.1944301e+01   2.1257569e+01
   4.2840158e+01  -6.4373042e+01
  -3.6592917e+00  -3.2439153e+01
   9.6339093e-01  -1.3361611e+01
   7.8743446e+01   6.5833091e+00
   1.7346373e+01  -6.7319126e+01
  -2.3071662e+01  -5.3733518e+01
  -1.3129535e+01  -2.3216426e+01
  -4.3237134e+01  -6.1018922e+01
   1.8279775e+01   2.0914314e+01
  -9.5763310e+00  -7.4259084e+01
  -1.2358612e+01   7.8623115e+01
  -1.3615142e+01  -3.3193587e+01
   3.2588414e+01  -1.3735944e+00
   1.7828591e+01  -1.4750317e+01
   3.6500161e+01  -1.4469152e+01
   9.8177959e+00  -8.7164377e+00
  -3.3559927e+01   6.7614014e+01
   2.8277600e+01   2.0305022e+01
  -1.5419313e+01   6.9103047e+01
   6.1988615e+01   4.2463443e+01
   6.6871822e+01   2.2393156e+01
  -7.3428941e+01  -3.2829277e+01
   2.9482653e+01   4.5431802e+01
  -6.3696031e+01  -3.5124798e+01
   7.7256981e+00   2.9149754e+00
   3.7285406e+01   1.5246489e+01
  -1.3842248e+01   2.9167895e+01
   3.1244853e+01   6.5350503e+01
   2.1777935e+01   6.1994409e+01
   1.4820117e+01   7.0124269e+01
   5.1488888e+01  -4.6615928e+00
  -1.3819336e+01   4.6031857e+01
   8.6013643e+01  -6.7692707e+00
   7.8077165e+01  -2.3925462e+01
  -4.6548218e+01   4.5276135e+01
   6.7136880e+01  -1.2510435e+01
  -4.6465011e+01   5.5275566e+01
  -5.2552046e+01  -3.2040821e+01
  -3.7000188e+01  -1.7808732e+01
  -3.2573099e+01  -3.6628104e+01
   1.1929036e+01   4.0888948e+01
   2.3761944e+01   2.9277616e+01
   5.9377873e+01   5.2116571e+01
   3.9405311e+01   5.0540965e+01
  -1.7652719e+00   6.6224312e+00
   5.4011916e+01   5.0148078e+00
  -9.0517538e-01   1.9129364e+01
  -4.0342167e+01  -5.7207847e+01
