   4.0731262e+01   9.0159929e+00
   2.9454520e+01  -1.3473123e+01
  -2.3640846e+01  -2.2069975e+01
   7.8494923e-01   2.2362527e+01
   5.7284983e+00  -2.9595904e+01
   1.1767734e+00   1.2382867e+01
  -4.2770081e+00  -6.3170932e+00
   4.4010563e+00  -1.9684750e+01
  -1.3679024e+01  -2.1235584e+01
   2.4644584e+01  -2.4098341e+00
   4.6694128e+00  -1.8550746e+00
   2.3396432e+01   4.1950252e+01
   1.4398710e+01  -1.9575649e+01
  -3.6681497e+00  -2.6184060e+01
  -3.9092653e+01   9.2304731e+00
   1.5059072e+01   1.5255168e+01
  -1.1490289e+01   2.8583400e+01
   1.5725896e+01  -2.9486207e+01
   2.4786643e+01  -2.2466701e+01
  -4.9987306e+00  -1.6279770e+01
  -1.1801305e+01  -4.1129383e+01
   1.5991493e-01  -4.5992733e+01
   9.0880151e+00  -1.0841912e+01
  -2.2311507e+01  -3.1980090e+01
  -2.9098948e+01   8.8801018e+00
  -3.6418029e+01  -9.5873236e+00
  -1.2621568e+01  -8.0987247e-01
   2.8508610e+01   1.0565465e+01
   1.9498972e+01   6.2305911e+00
   9.5239993e+00   6.8854668e+00
   5.2169876e+00   3.8783732e+01
   3.3629467e+01   1.9766327e+00
  -2.1488325e+01   2.8770366e+01
   1.6322449e+01   3.4884261e+01
   2.4944853e+01  -3.3357423e+01
   1.9735424e+01  -1.1120639e+01
  -2.4245587e+00  -3.6104136e+01
  -4.1679143e+01  -6.6344599e-01
   7.6808628e+00  -3.9402545e+01
  -1.3412702e+01  -1.0778335e+01
  -3.1681572e+01  -7.8019638e-01
  -1.2347610e+01  -3.1145472e+01
  -2.6888192e+01  -1.2614267e+01
  -3.3583298e+01  -2.3127205e+01
   3.6268199e+01   1.7964684e+01
  -2.2154735e+01  -3.8088488e+00
   1.4646240e+01  -2.5129186e+00
   8.1671610e+00   2.9102142e+01
  -6.0326816e+00   4.1115169e+01
   4.3062282e+01  -1.3414514e+00
  -3.6805457e+00   3.6559640e+00
   2.6458503e+01   2.0352552e+01
  -1.5454310e+01   3.7764007e+01
   1.7570640e+01   2.4935407e+01
   2.5945567e+01   3.0402961e+01
  -2.0703529e+00   3.1937922e+01
