   3.7851639e+01  -4.0581190e+01
  -6.9159254e+01   6.1163034e+00
  -7.3876197e+01  -5.1776718e+01
  -2.7106267e+00   7.0886963e+01
  -8.4193396e+00   6.2700727e+01
   6.7472765e+00  -7.4559087e+01
  -1.3454105e+01  -2.5832130e+01
  -6.1988070e+01  -2.5211948e+01
   8.9270098e+01   1.6666457e+00
  -6.2750433e+01   4.9509206e+01
   5.7184736e+01  -6.5492277e+01
   4.3902917e+01  -9.7673127e+01
  -7.6986951e+01  -2.5653239e-03
  -3.2464552e+01   7.9648211e+01
   6.2532731e+01  -2.8605523e+01
  -9.2874041e+01  -5.5160017e+01
  -6.3055066e+01  -9.5103592e+01
   3.9158463e+01   4.2487143e+01
   3.1323622e+01   7.7371965e+01
  -4.1742011e+01  -4.2921419e+00
  -4.1879124e+01   1.5280587e+01
   2.4601540e+01   4.6632947e+01
  -4.8770180e+01   3.5786515e+01
  -7.9235619e+01   4.3335494e+01
  -3.7463917e+01  -1.2699727e+01
   6.3992200e+01   7.2059682e+01
  -8.8567679e+01   3.9610741e+01
  -5.8332140e+00  -8.9384243e+01
   9.0250283e+00  -4.2876757e+01
   3.6397459e+00  -5.1520260e+01
   7.0598244e+00   2.2299341e+01
   1.4104498e+01  -3.4301042e+01
   6.0256754e+01   2.7752479e+01
  -4.1748652e+00   5.3642887e+01
   3.9764658e+01   3.2157197e+01
   4.9250868e+01   4.7765076e+01
  -5.0617121e+01   8.4457869e+01
  -8.9417552e+01   6.0467705e+01
   5.1194286e+01   1.5320312e-01
  -2.5024083e+01   5.4697505e+01
   2.4019516e+01  -3.5398654e+01
   4.7545460e+01  -5.0254343e+01
  -6.1515076e+01  -1.5416492e+01
   3.4259887e+01  -3.6960415e+00
  -7.9752818e+01  -4.1001008e+01
  -1.8823884e+01  -7.1035799e+01
   8.1834901e+01   7.1733467e+01
   4.9323861e+01   6.3403919e+01
   1.1707487e+01  -1.6302853e+01
  -2.3333658e+01  -2.7104144e+01
   1.9480195e+01  -6.0378372e+01
   8.5083901e+01   1.0371534e+01
   7.5910592e+01   1.2066612e+01
   9.8201027e+01  -1.1625388e+01
  -2.0021387e+01  -4.5297920e+01
   5.7899419e+01  -8.9293422e+01
   2.7699832e+01   1.8762975e+01
   8.3040140e+00   3.9028605e+01
  -1.5534050e+01   3.7447768e+01
   1.0669875e+01   5.5712477e+01
  -3.4899604e+01   5.5385940e+01
  -7.5862049e+01   3.3977981e+01
  -7.7198498e+01   2.4097035e+01
   2.2260382e+01  -7.0542485e+01
  -7.8233137e+01   9.9987119e+01
   6.3879779e+01  -8.1056035e+01
  -6.0582761e+01   7.9396299e+01
   9.5421774e+01  -8.0150868e+01
   9.2936272e+01  -4.0680451e+01
  -2.1825161e+01  -9.8722119e+01
  -4.0417888e+01  -9.1408558e+01
  -9.0375568e+01  -3.8780586e+00
  -5.7689128e+01  -6.4009473e+00
  -9.6904031e+01   2.1994864e+01
  -5.7266916e+01  -6.9040858e+01
  -5.0783533e+01  -8.7869721e+01
   3.1892767e+01   9.6792672e+01
  -5.3090864e+01  -2.0460781e+01
   8.3604802e+01   9.2425204e+01
  -2.3106235e+01  -1.7320625e+01
  -5.1070719e+01  -2.9962167e+01
  -9.9456144e+01  -2.3834960e+01
  -2.3037097e+01   1.3560983e+00
   2.7315369e+01  -1.2994499e+01
   3.7220993e+01  -1.3181948e+01
   8.8240219e+01   4.2747638e+01
   7.9407736e+01  -1.7758759e+01
  -3.2855936e+01  -5.3981012e+01
   3.6479999e+01  -7.6438410e+01
   6.3329601e+01  -3.8463533e+01
  -2.9001509e+01   1.9163870e+01
  -1.9793872e+01   4.6364166e+01
   1.0799643e+01   8.1469119e+01
  -1.4035656e+01   8.7741541e+01
  -2.5669119e+01   3.8399884e+01
  -4.1715502e+01   5.4313234e+00
  -5.4235090e+01   1.9196118e+01
  -3.6497244e+01   7.0498714e+01
   5.1973234e+01   1.0309312e+01
   6.2578894e+01  -9.8269536e+01
   6.5902521e+01  -6.0601875e+01
   8.8837268e+01  -6.7882123e+01
  -9.5755438e+01   9.3059422e+01
  -5.5496545e+00  -7.6880654e+01
  -5.9819356e+01   3.8921295e+01
  -3.9775050e+01   9.7453822e+01
  -8.3291745e+01   7.9816553e+01
   1.1995278e+01  -9.8542689e+01
  -2.0263077e+01   9.5530029e+01
   3.1807533e+01  -6.7602848e+01
   5.7753528e+01  -1.9622800e+01
   4.7839409e+01  -4.0306096e+01
   8.2998855e+01  -3.0490469e+01
   7.3742066e+01  -5.4402101e+01
  -8.7517402e+01  -3.4529279e+01
  -7.1939046e+01  -9.0548393e+01
  -8.1905633e+01  -8.9812001e+01
  -5.4154530e+01  -9.9644155e+01
  -5.6142161e+01  -5.7292994e+01
  -7.8691383e+01  -2.9922973e+01
   2.7109675e+01   5.8018653e+01
   6.8506236e+01   5.8890059e+01
  -6.9880430e+01  -4.2610493e+01
   2.0253886e+01   3.6862148e+01
   3.6773935e+01   2.2702505e+01
  -1.2926405e+01  -7.6631211e-01
   7.0676728e+01   7.9457229e+01
   9.0571994e+01   7.6310484e+01
   1.8938635e+00  -1.4297669e+01
   7.9024055e+00  -6.0484655e+01
   6.4976585e+00   5.4132683e+00
  -6.9424591e+01  -7.1122648e+01
   2.4587107e+01  -1.7374446e+00
   6.8302064e+01   7.7490861e+00
   8.7012905e+01   2.4210445e+01
   6.9457526e+01  -1.0935004e+01
   5.7500111e+01   3.7060025e+01
   4.5348989e+01   7.6834768e+01
  -9.7471891e+01  -3.3688813e+01
   3.0150581e+00  -9.4148637e+01
   1.2761265e+01   9.1230916e+01
   9.9333552e+01   5.9645626e+01
  -3.7584296e+01  -7.2256409e+01
   8.8894461e+01   5.4231770e+01
  -1.4864532e+01  -5.9936929e+01
   4.6223885e+01  -7.8688357e+01
  -2.9031145e+01  -4.5787115e+01
   1.3447103e+01   1.4778015e+01
  -1.7274961e+01  -3.4832566e+01
  -4.1767548e+01  -3.0535752e+01
  -5.9401968e+01  -3.4587513e+01
   7.2217644e+00   6.9788802e+01
  -8.8105238e+00   7.9278871e+01
   8.9048446e-01   8.1206650e+01
  -7.5276288e+00   3.1556020e+01
  -1.6376395e+00   4.0064701e+01
  -8.4436208e+01   5.1822821e+01
  -9.3758015e+01   4.8246221e+01
  -9.8794286e+00   4.5549163e+01
  -2.9005099e+00   2.2757368e+01
  -1.5333756e+01   7.1870672e+01
  -1.9138771e+01   2.8319669e+01
  -3.2446512e+01   4.5710191e+01
  -1.4120929e+01   5.4529402e+01
  -1.6302661e+00   9.0874761e+01
  -6.7245532e+01   2.1419281e+01
  -6.6283477e+01   3.1332654e+01
  -5.9641734e+01   3.3464803e+00
  -5.8354283e+00  -3.2307441e+01
  -5.0330397e+01   1.4058090e-01
  -2.8257247e+01  -8.6988887e+00
  -4.7881229e+01  -1.2079506e+01
  -3.2259366e+01  -2.0540270e+01
  -1.8214301e+01  -8.9795363e+00
   3.0164621e+01   3.8398022e+01
   5.5655856e+01  -7.5370555e+01
  -4.9273871e+01   6.3816929e+01
  -5.2014119e+01   4.5120981e+01
  -8.5098614e+01   3.0210280e+01
   6.1488588e+01   1.4186073e+01
  -2.9353895e+01   6.3639913e+01
   2.7748106e+01  -8.1317596e+01
  -6.7289640e+01  -3.6873252e+00
  -7.1019913e+01  -1.2951467e+01
   3.7570173e+01  -5.0563092e+01
  -5.8952799e+01   8.9904732e+01
  -6.6791530e+01   9.6084622e+01
   9.9658757e+01  -3.3287496e+01
  -4.4500818e+01   5.3122768e+01
  -7.3346504e+01   7.7461830e+01
  -8.8227077e+01   9.9641328e+01
  -3.9654809e+01   8.6736712e+01
  -6.9333111e+01   4.1984066e+01
   5.0534430e+00  -8.4378589e+01
  -9.3887187e+00  -6.7840725e+01
   1.4040893e+01  -8.8756303e+01
   5.6313292e+01  -4.5468846e+01
  -5.6630411e+01   2.8950169e+01
  -8.0241576e+01  -9.3989212e+00
   3.3263620e+01  -3.1710517e+01
   4.3223813e+01  -3.1570959e+01
  -2.4247415e+01  -8.3705927e+01
   4.8753145e+01  -6.0147367e+01
  -9.8942949e+01  -1.2082863e+01
  -7.9252917e+01   6.0348406e+01
  -8.1144985e-01  -4.2753199e+01
   1.8687845e+01  -2.3516895e+01
  -7.5770276e-01  -2.3818957e+01
   8.2962545e+01  -4.0476644e+01
  -8.2355677e+01   8.4097302e+00
  -9.2552554e+01   8.3586664e+01
  -4.3593160e+01  -8.1041120e+01
  -6.9097694e+01  -3.2638985e+01
  -7.1619713e+01  -2.2909515e+01
   6.3787044e+01   9.7811088e+01
   9.0823579e+01   3.3222152e+01
  -1.2495791e+00  -4.9070141e+00
  -7.8157537e+01  -6.0792642e+01
  -8.3543218e+01  -5.1963287e+01
   9.6552492e+01   8.4230278e+01
   7.3805907e+01   9.0447527e+01
   1.8204035e+01  -9.0068015e+00
   3.8481083e+01  -2.2930677e+01
  -8.9701380e+01  -4.4225176e+01
   4.0023284e-01  -6.6917927e+01
  -4.1867438e+00  -5.7713175e+01
  -8.9511599e+01  -2.4756323e+01
  -8.0985377e+01  -1.9575236e+01
   9.8571380e+01  -1.7157897e+00
   7.8733513e+01   2.2326709e+00
   9.8502986e+01   8.1962767e+00
   8.8853156e+01  -8.1811007e+00
   4.5206487e+01   1.7661533e+01
   5.6593231e+01   5.4458378e+01
   4.9651697e+01   2.8572292e+01
   5.4446501e+01   8.2116740e+01
   4.7776273e+01   3.8059498e+01
   7.8897804e+01  -7.7622246e+00
   6.0409138e+01  -5.7257720e+00
  -9.9632394e+01  -4.3488352e+01
   2.8113987e+01   2.8702940e+01
   4.3141047e+01   5.5590523e+01
   7.0737127e+01   4.9322362e+01
  -4.7845223e+01  -7.2268027e+01
  -1.6662392e+01  -9.0155312e+01
  -1.4932156e+01  -8.0254982e+01
   5.2527045e+01  -9.7752204e+01
   4.7930252e+01  -8.8527935e+01
   4.4064235e+01  -6.8947828e+01
  -2.3245110e+01  -5.5130733e+01
   6.5404342e+01  -7.1175159e+01
  -4.8393097e+01  -6.2630495e+01
  -2.6365927e+01  -3.6511736e+01
   7.4105909e+01  -6.6231829e+01
  -4.3134749e+01  -2.0826169e+01
   1.0269239e+00   1.3668996e+01
   9.7051875e+01  -4.9800229e+01
   7.3313865e+01  -2.8286962e+01
   5.2185512e+01  -1.1361917e+01
   6.7650670e+01  -2.0290233e+01
  -3.2931084e+01   1.0070577e+01
  -5.0557583e+01   9.9992808e+00
   5.3166846e+01  -3.1834729e+01
  -7.2449219e+01   5.1941964e+01
  -9.9982222e+01   4.0430853e+01
  -2.5268452e+01   7.2727948e+01
   4.1870908e+00   4.8140006e+01
   2.3102718e+00   6.1141772e+01
   2.4505440e+00   3.1056699e+01
  -1.9440454e+01   6.2898993e+01
  -3.2903745e+01   1.3295756e-01
  -2.9002163e+01   2.9107904e+01
  -3.7513982e+01   2.4160549e+01
   3.2575033e+00   9.9594902e+01
  -6.1958443e+01   1.2991649e+01
  -9.7086098e+01  -9.2980560e+01
   7.5762473e+01  -9.6653597e+01
  -3.0001877e+01   8.9334193e+01
   5.9753704e+01   4.1831418e+00
   3.8031864e+01   1.1553653e+01
   9.4387864e+01  -5.9559763e+01
   9.8450740e+01  -7.0616927e+01
   6.8261717e+01  -9.0041920e+01
   2.6389518e+01  -9.1224878e+01
   3.8786816e+01  -6.0466309e+01
  -9.2589085e+01  -7.5757934e+01
  -7.4465683e+01   1.4522621e+01
  -4.2171955e+01   4.3439618e+01
  -4.3496403e+01   7.7520216e+01
   4.3822560e+01  -5.9772497e+00
  -7.7274876e+01   9.0034247e+01
  -2.2423970e+01   8.2302256e+01
  -5.4226249e+01   5.4731348e+01
  -6.8136743e+01   8.5983707e+01
  -2.9718758e+01   9.9326588e+01
  -9.4953497e+01   3.1797812e+01
  -2.9936834e+01  -9.2842384e+01
  -5.2583805e+01   7.3397801e+01
   3.4499345e+01   6.4796495e+01
  -3.4115693e+01  -8.3651935e+01
   2.7956707e+01  -4.7942998e+01
  -3.8895833e+01   3.4029917e+01
  -4.7135038e+01   2.6039940e+01
  -5.0449543e+01   9.5723399e+01
  -8.3550577e+01  -9.9672373e+01
   2.8576907e+01  -2.2896805e+01
   1.8874446e+01  -4.3907437e+01
   2.2532628e+01   9.3293691e+01
   8.2209814e+01  -6.0407852e+01
   1.3574615e+01  -5.2323323e+01
   1.7896759e+01  -7.9533846e+01
   6.5933905e+01  -4.8162284e+01
   5.7470483e+01  -5.5330831e+01
  -6.4389519e+01  -5.2567759e+01
   3.7536169e+01  -8.6377324e+01
  -7.2406745e+01  -8.0595980e+01
  -6.3323195e+01  -8.4992531e+01
  -8.9134441e+01  -1.3824518e+01
  -8.3511313e+01  -7.9948215e+01
   7.3271483e+01  -3.8206320e+01
   8.2925798e+01  -5.0453984e+01
  -9.8757346e+01   5.6903815e+01
  -9.0282243e+01   7.0417621e+01
  -8.0289735e+01   7.0281144e+01
  -9.8744349e+01   7.5733512e+01
  -6.4707131e+01  -6.2425541e+01
   5.4100541e+01   7.2131768e+01
  -9.7310033e+01  -6.5029840e+01
   2.9148112e+01  -5.7859950e+01
  -8.9020204e+01   1.5851964e+01
  -5.5421140e+01  -7.8864715e+01
  -5.9887928e+01  -4.4109425e+01
   3.3723559e+01   5.0650125e+01
   1.4678031e+01   4.6610817e+01
   1.6975267e+01   6.3415428e+01
  -9.2045138e+01   5.9854036e+00
   2.2280648e+01   1.0449356e+01
   3.0778255e+01   5.5544785e+00
   1.8997542e+01   2.4632215e+01
  -9.9776299e+01  -3.4889184e-01
  -3.3615380e+00   4.7052679e+00
   7.2875114e+01   6.7714367e+01
   8.0421507e+01   8.1631468e+01
   6.4353714e+01   8.7191610e+01
   8.5002693e+00  -6.8576436e+00
  -8.5954418e+00  -1.1627711e+01
   9.3514885e+01   9.3732197e+01
   9.7138381e+01   4.8637989e+01
   4.8423294e+01  -2.3036229e+01
  -1.0296097e+01  -4.1158303e+01
   3.9829369e+00  -3.4161024e+01
   9.0166080e+00  -2.5733978e+01
  -7.9399139e+01  -7.0841924e+01
   9.6881532e+01   2.5243014e+01
   9.0108128e+01   6.4108725e+01
  -8.7324048e+01  -6.4761362e+01
   9.2800086e+01   1.6236092e+01
   9.9687011e+01  -2.1462020e+01
   1.5062959e+01   6.0978143e-01
   8.0530703e+01   4.8942397e+01
   6.8059853e+01   2.1699263e+01
   4.5796676e+01   9.3896516e+01
   2.5557546e+01   6.9206912e+01
   3.8629511e+01   8.4197015e+01
   6.9477468e+01  -1.5024394e+00
   5.5618841e+01   9.2044144e+01
  -1.1098742e+01  -9.8439758e+01
   1.6526745e+01   7.3369713e+01
   6.1573852e+01   4.5896629e+01
  -3.0342755e+01  -6.5135690e+01
  -3.9183669e+01  -6.0779418e+01
   7.8023531e+01   2.0789226e+01
  -1.1664945e+01  -5.0731599e+01
  -3.2680721e+01  -2.9887375e+01
   5.4268698e+01   2.0099338e+01
   3.6205060e+01  -9.6257047e+01
  -3.2528592e+01  -4.3052661e+01
