   2.3878578e+01   6.1089596e+01
   5.9157560e+01   7.5013726e+01
   6.9739253e+01   4.9014848e+01
   2.3411583e+01  -8.9638943e+00
  -2.4486138e+01   5.4412183e+01
  -7.9454559e+01   1.8235925e+01
  -3.1735832e+01  -6.9870544e+01
   3.1742312e+01  -8.8441242e+01
  -3.5809797e+01   2.4116102e+01
  -4.1953020e+01   4.2176495e+01
  -5.2997943e+01   1.3069463e+01
   1.0351775e+01  -9.0798676e+01
   3.6254777e+01   3.4383807e+01
  -8.3849641e+00  -6.8875441e+01
   5.0796958e+01  -9.1689240e+01
  -1.0972577e+01  -4.9758129e+01
  -2.5031599e+01  -3.2314779e+01
  -2.8503446e+00   3.3632169e+01
  -9.6646728e+00   7.5142075e+01
  -7.2383151e+01   1.0111068e+01
  -8.5283671e+01  -9.1500925e+00
   5.3484473e+01  -4.8242020e+01
  -6.9655778e+01   1.9708629e+01
   5.2146395e+01  -3.3430418e+01
   8.7877881e+01   1.6712992e+00
  -1.9745529e+01  -9.8567615e+01
   6.6358180e+01  -6.4775145e+01
  -6.9100904e+01  -7.1136316e+01
  -9.2398037e+00  -3.9896612e+01
   6.2077149e+01  -3.4453588e+01
  -2.6477381e+01   4.3510059e+00
   7.1898118e+01   9.8788668e+00
   4.3355792e+01  -6.0454342e+01
   2.5495691e+01  -5.2114520e+01
   1.8026023e+01  -3.6653902e+01
   6.2712483e+01  -4.4414397e+01
  -8.9716788e+01  -4.3134435e+01
   7.1776149e+01  -3.6808491e+01
  -8.4714964e+01   8.2848357e+01
   6.4334184e+01   8.3963253e+01
   3.8179030e+01   5.6134075e+01
   1.1730430e+01   4.5417213e+01
   8.1243773e+00   7.0302117e+01
   4.2605804e+01   1.6970689e+01
   3.0178144e+00   8.7182952e+00
   7.5501825e+01   8.2901926e+01
   1.5266306e+01   1.0486564e+01
   8.3090527e+01   6.1197358e+01
   2.3305708e+01   7.1027767e+01
   3.3980795e+01   9.3045634e+01
   5.7805773e+01   5.9073234e+01
  -6.3144936e+01  -2.5483137e+01
  -5.1445779e+01  -8.6781250e+01
  -7.3156943e+00   4.2563754e+01
  -1.5012400e+00   2.0282771e+01
  -5.0007894e+01  -9.4133421e+00
  -7.9204088e+01  -9.0990338e-01
  -9.2214259e+01   9.5438402e+00
  -3.2188535e+01   8.3518318e+01
   5.8087248e+01  -1.5086845e+00
  -3.8242910e+01  -1.2248806e+01
  -6.9780338e+01   3.7271612e+01
  -4.3759976e+01   5.1984958e+01
  -5.5690566e+01   8.2057175e+01
  -3.7797070e+01  -9.0500590e+01
  -7.2665686e+01   9.2977063e+01
   2.3049595e+01  -7.5202010e+01
   3.8859440e-01  -9.1581827e+01
  -9.7602884e+01   5.6257333e+01
   3.1476162e+01  -3.1820641e+01
  -7.3774960e+01  -5.3042034e+01
   5.7031103e+00  -5.1648875e+01
   4.3848728e+01  -1.5311490e+01
   9.0020142e+01  -1.7367388e+01
   5.3530586e+01   2.2499938e+01
   3.1016110e+01   4.2781664e+01
   3.7462315e+01   8.3412098e+01
   1.3434227e+00  -6.7038497e+01
   9.6078041e+01   1.9481064e+01
   4.8018499e+01  -8.0288941e+01
  -3.3005900e+00  -5.8207262e+01
  -7.3976953e+01  -8.1646651e+01
  -4.1894552e+01  -7.1693691e+01
   8.3879371e+01  -2.5255505e+01
   7.4774929e+01  -7.6361768e+00
  -2.8451920e+01  -1.3376051e+01
  -1.5644753e+01  -1.2669133e+01
   1.7264760e+00   6.2456569e+01
  -2.9318319e+01   7.3962805e+01
  -2.2727394e+01   4.4577764e+01
   6.5461179e+01  -7.4651331e+01
   6.0594800e+01  -9.3384939e+01
  -4.4093116e+01   2.9913977e+01
  -6.6188773e+01   4.9773759e+01
  -1.9392510e+01   7.2912350e+01
  -1.6751769e+01   9.3668818e+01
  -5.2385047e+01   5.6984925e+01
   1.4996043e+01  -8.1371662e+01
   5.7119162e+01  -6.7341068e+01
  -6.6205381e+01  -1.6014113e+01
   3.3790412e+01  -5.7307824e+01
   9.5543723e+01  -4.7406966e+01
  -7.8904168e+01  -7.2969193e+01
  -8.1101934e+01   6.4308668e+01
  -9.4200695e+01  -8.5806761e+01
  -5.4719540e+01  -5.6424996e+01
  -4.6486992e+01  -9.5441305e+01
  -9.0060811e+01  -3.3160209e+01
   2.1111032e+01   4.2350873e+01
   8.6436384e+00  -3.1468395e+01
   1.2480476e+01  -8.2472549e+00
   1.7220754e+01   2.0260169e+01
   3.1520329e+01  -3.2812646e+00
   4.4309949e+00   8.9170638e+01
  -4.9127558e+00   2.9022723e+00
   1.0314611e+01  -2.0571270e+01
  -9.4486094e+01  -6.0665936e+01
   7.2519877e+01   2.0211441e+01
   5.3865170e+01   3.2513928e+01
   2.8884556e+01   5.2486375e+01
   7.5673541e+01   6.7801840e+01
   4.2574702e+01   7.4823230e+01
   4.3836753e+01   9.1091151e+01
   8.6277910e+01   4.4878196e+01
   9.5726718e+01  -4.5591523e+00
   1.8076614e+01   8.6762171e+01
  -2.8135433e+01  -8.7948310e+01
   4.1434095e+01  -2.4708894e+00
   7.9029376e+00   1.7270050e+01
  -4.4459339e+01  -1.9927734e+01
   9.0549952e+01  -6.9338585e+01
   9.0225644e+01   1.1381522e+01
   8.0744927e+01   1.4540722e+01
  -5.7071460e+01  -3.3445563e+01
  -6.6700184e+01  -9.2025303e-01
  -3.0946448e+01  -5.0251238e+01
  -1.9150624e+01  -4.0264474e+01
  -5.9201117e+01  -7.0085319e+01
   8.6246371e+01  -4.3760642e+01
  -6.0925553e+01  -8.9472333e+01
  -1.8261958e+01  -6.8677210e+01
   6.4897416e+00   3.7039925e+01
  -8.5730246e+01   2.8531448e+01
   1.8212502e+01   5.2931629e+01
   1.8559280e+00   4.6364685e+01
  -9.8911548e+01  -3.8300541e+01
  -8.6304960e+01   4.4438456e+01
   9.4994425e+01  -8.2564384e+01
   5.6424539e+01  -7.7239807e+01
  -7.5254317e+00  -2.9384521e+01
  -5.3881828e+01   2.8041104e+01
  -6.2396515e+01   9.6565337e+00
  -4.9111836e+00   5.3703261e+01
   4.5199206e+01   2.7910892e+01
  -2.4651973e+01   6.4420369e+01
  -1.4205649e+01   4.9770926e+01
  -5.0688577e+01   3.7417983e+01
  -7.7323212e+01   7.3551749e+01
   3.6196739e+01  -4.1310524e+01
  -4.5943909e+01   2.0112967e+01
  -5.6952364e+01   1.2731368e+00
  -3.8460142e+01   9.1292480e+01
   3.2068352e+00   9.9197493e+01
   5.5226219e+01  -1.8531939e+01
   4.1402067e+01  -3.2683226e+01
   8.8104134e+00  -7.3552754e+01
  -4.2158316e+01   7.1974071e+01
  -7.5322379e+01   4.5547178e+01
  -8.4169377e+00  -8.6906059e+01
  -2.8328456e+01   9.2736417e+01
  -9.2317631e+01   9.0042992e+01
  -2.5422683e+01   3.4883722e+01
  -4.7637272e+01   4.8788303e+00
  -6.0261168e+01   4.0302586e+01
  -2.9890482e+01   1.6013588e+01
   7.7081819e+01  -6.5298697e+01
  -7.9987765e+01   3.6715378e+01
  -6.5025458e+01   8.5641388e+01
   1.8400362e+01  -9.9584121e+01
   2.4483792e+01  -6.1933261e+01
   4.8367546e+01  -6.9927544e+01
   4.6180909e+01  -4.1445244e+01
   4.7346585e+01  -2.4668047e+01
   3.2504095e+01  -6.6681083e+01
   3.3426018e+01  -9.7040361e+01
   4.0509861e+01  -5.0283810e+01
   7.2428053e+01  -4.6760282e+01
   3.7434162e+01  -2.3343640e+01
  -7.8833898e+01  -1.6762122e+01
   7.0126594e+01  -1.7330761e+01
   9.3710615e+01  -2.7003514e+01
  -7.3096978e+01  -2.4926049e+01
   6.3206933e+01  -2.4536122e+01
  -7.9738957e+01  -4.3480264e+01
  -5.9846177e+01  -4.2992920e+01
  -8.6484315e+01   5.4427777e+01
  -8.7400616e+01   7.3215742e+01
  -9.1117047e+01  -1.8765390e+01
  -8.3701200e+01  -2.5469160e+01
   6.4629140e+01   6.6330411e+01
  -6.8618819e+00  -7.9156038e+00
  -4.1301949e+00  -7.7893568e+01
   9.2566812e+00  -6.0985202e+01
   6.8775013e+01   9.3187502e+01
   9.9833998e+01   8.9922970e+01
   8.5490394e+01   8.2864773e+01
   5.3407306e+01   1.2564269e+01
   6.2237115e+01   2.7291678e+01
  -8.0131370e+01  -6.0697132e+01
  -9.6727170e+01  -7.0926314e+01
   6.8035096e+01  -3.3239479e-01
   6.2057831e+01   7.5964496e+00
  -3.2316298e+01  -3.7546742e+00
   4.5517152e+01   3.7882564e+01
   2.6304283e+01   3.3884663e+01
   1.0238802e+01   1.8923294e+00
   4.0300052e+01   4.6386128e+01
  -7.0685031e+01  -9.1059171e+01
   6.0765283e+01   3.9548523e+01
   3.3107162e+01   6.4750342e+01
   5.2598973e+01   6.7536719e+01
   5.0275575e+01   4.6587934e+01
   5.2616505e+01   8.2554584e+01
   7.9258340e+01   5.1982218e+01
   7.1257252e+01   5.8857711e+01
   3.2432148e+01   1.5383937e+01
  -1.3945160e+01  -9.2731760e-01
   9.0082023e+01   5.4111395e+01
   8.0852590e+01  -5.2152255e+01
  -3.5213814e+01  -3.1484848e+01
   8.4835601e+01   2.3674875e+01
  -6.7991143e+01  -3.4152706e+01
  -4.2382344e+01  -5.9747933e+01
  -4.3060372e+01  -8.1649414e+01
  -3.3501587e+01  -7.9613652e+01
  -2.9742258e+01  -9.7783168e+01
   3.0178970e+01  -1.6461640e+01
   2.0007231e+01   3.2030330e-01
   2.2402041e+01  -2.7748858e+01
   2.5092756e+01   8.7942241e+00
   6.3578179e+01  -9.8167462e+00
   9.4990521e+01  -9.2740493e+01
   5.0765204e+01   9.8286271e+01
   7.1533975e+01  -9.2769355e+01
   7.6826265e+00   5.4483888e+01
  -9.3105848e+01   3.5345688e+01
   9.6885435e+01  -5.8038109e+01
   8.3375631e+01  -9.4615236e+01
  -1.9593999e+00   8.1489724e+01
  -3.5362107e+01   3.4687335e+01
   1.5416376e+01   7.7133694e+01
  -7.8089174e+00   6.5342762e+01
   4.6866065e+00  -8.2577493e+01
  -7.4720277e+01   8.3196221e+01
   6.5589279e+01  -8.4727534e+01
  -1.5939548e+01   5.9585068e+01
   4.1206121e+01  -8.9686244e+01
  -2.2059254e+01   8.3509105e+01
  -1.2083315e+01   8.4832317e+01
  -5.1976051e+00   9.3778509e+01
   1.3981830e+01   6.2218426e+01
   3.2577811e+01   7.4715240e+01
  -7.6540473e+01   5.5433948e+01
  -3.4553563e+01   6.5481863e+01
  -4.3909499e+01   6.2142201e+01
  -3.4415245e+01   5.5493963e+01
   2.0357764e+01  -8.9786918e+01
   7.2003107e+01  -5.6704170e+01
  -2.5304340e+01   2.4895650e+01
  -3.2625381e+01   4.5667727e+01
  -3.5823489e+01   7.9036604e+00
   1.7204503e+01  -6.8499646e+01
  -6.4393134e+01   9.8591381e+01
  -5.6888476e+01   9.1984188e+01
  -8.7616536e+01   9.8869073e+01
  -4.2066554e+01   8.1966181e+01
  -5.2134228e+01   7.2711681e+01
   5.3080417e+01  -5.8216959e+01
  -4.7527642e+01   9.5494647e+01
   6.2292069e+01  -5.4389269e+01
  -8.9151035e+01   4.9036099e-02
  -1.5808155e+01   3.7411351e+01
   9.4294414e+01  -3.6984716e+01
  -1.1374014e+01   2.8511901e+01
   8.0035713e+01  -1.6078642e+01
  -7.4445705e+01   2.8434457e+01
  -6.4114100e+01   2.9087253e+01
  -5.2935184e+01   4.7085365e+01
   7.2977849e+01  -2.6896553e+01
  -8.9357499e+01   1.9105417e+01
  -6.3830638e+01  -5.2113906e+01
   8.1580604e+01  -3.4948114e+01
  -5.9812526e+01   2.0124698e+01
   1.5662006e+01  -5.1011428e+01
  -8.8674139e+01  -7.7486901e+01
  -8.3108687e+01  -8.5787976e+01
   6.8388515e-01  -3.9757629e+01
   1.0161961e+01  -4.2716501e+01
   2.6272728e+01  -4.2234086e+01
  -9.5182952e+01   7.9496500e+01
  -9.8857802e+01   7.0112998e+01
  -6.5029026e+01  -6.2005470e+01
  -5.1180145e+01  -7.5947250e+01
  -5.0113944e+01  -6.6000229e+01
  -9.9494757e+01   1.6389256e+01
   1.2466686e+01   9.5421893e+01
  -6.9768069e+01  -4.3937956e+01
  -9.6582542e+01   2.5976343e+01
   2.6272630e+01   2.3952385e+01
   2.7464327e+01   8.3308631e+01
   2.4123310e+01   9.4720027e+01
  -7.7965215e+01  -3.3648488e+01
   1.1995393e+00  -2.4556407e+01
   5.5699767e+00   2.7167651e+01
   1.5106945e+01   3.0029283e+01
   9.3254575e+01   2.9069178e+01
   2.2724776e+00  -3.9804024e+00
  -1.4867500e+01  -2.2646384e+01
   2.9381035e+00  -1.3892358e+01
  -6.1877947e+00  -1.7851169e+01
   8.8440056e+01   9.2418074e+01
  -9.6290367e+01   4.4823782e+01
   9.5769432e+01   9.9219928e+01
   7.6183487e+01   9.9904236e+01
   5.1726396e+01  -9.1790294e+00
   4.9430907e+01   3.4464149e+00
   7.7880570e+01   1.8669057e+00
   8.4247262e+01   7.2942178e+01
   6.2925283e+01   1.7440588e+01
   9.9385684e+01  -1.3866915e+01
   8.6123470e+01  -8.1611615e+00
   4.8200688e+01   5.6326926e+01
  -8.8957944e+01  -9.4305881e+01
  -8.5039740e+01  -5.1970980e+01
   6.9113407e+01   7.5241723e+01
  -7.9173832e+01  -9.6211642e+01
  -9.6096950e+01  -5.0811573e+01
   5.8603973e+01   9.2110460e+01
  -8.7312168e+01  -6.7601526e+01
   4.3036398e+01   6.4851302e+01
   9.1717519e+01   6.6228282e+01
   9.8187307e+01   5.3328001e+00
  -2.0963328e+01  -4.9991062e+01
   5.9810427e+01   4.9387659e+01
   3.5362896e+01   5.8911511e+00
   8.7075209e+01  -5.9967146e+01
  -1.4452226e+01  -7.8963655e+01
  -1.8216088e+01  -8.8690081e+01
  -9.4172449e+00  -9.6848459e+01
  -2.2518269e+01  -5.9758122e+01
  -3.0751376e+01  -4.0379378e+01
  -9.1080498e+01   6.3832955e+01
  -4.5085432e+01  -2.9969117e+01
  -5.3318737e+01  -2.4241767e+01
   9.4355767e+01   3.9002771e+01
   9.5310252e+01   8.1005594e+01
  -4.2191877e+01  -3.2392004e+00
  -7.2967383e+01  -8.6925337e+00
  -5.9920012e+01  -8.2653547e+00
  -8.2261145e+01   8.5993523e+00
  -9.5268580e+01  -9.6695461e+00
  -2.4751857e+01  -2.2489807e+01
  -2.2584385e+01  -5.4758776e+00
  -3.4645511e+01  -2.1540668e+01
  -3.2456908e+01  -6.0011524e+01
   3.6061018e+01   2.4505250e+01
  -6.4122907e+01  -7.9951569e+01
  -2.4120319e+01  -7.6632608e+01
   1.9934676e+01  -1.8173663e+01
   9.8538885e+01   4.8816797e+01
  -5.8089060e+01  -9.9054693e+01
  -9.7486908e+01  -2.6473568e+01
   2.7210091e+01  -8.2054350e+01
   3.8910395e+01  -8.0252686e+01
   3.9790438e+01  -7.1028098e+01
   9.2559101e+01  -8.4555127e+01
