   2.4265191e+01   5.9501995e+01
   5.7750892e+01   7.2247920e+01
   6.7276481e+01   4.7783588e+01
   2.3293561e+01  -9.4932856e+00
  -1.8307496e+01  -7.9557555e+01
  -2.4753267e+01   5.3818178e+01
  -7.7866786e+01   1.9102250e+01
  -3.2481796e+01  -6.6524668e+01
   2.8810268e+01  -8.5384117e+01
  -3.6153240e+01   2.3658777e+01
  -4.1605113e+01   4.2026211e+01
  -5.1993312e+01   9.6346348e+00
   8.0055549e+00  -8.9297799e+01
   3.7438346e+01   3.3013358e+01
  -1.2801103e+01  -6.9937644e+01
   5.0799601e+01  -9.1675698e+01
  -1.9726933e+01  -5.2002544e+01
  -2.5890072e+01  -3.3081338e+01
  -2.9359138e+00   3.3578360e+01
  -9.8970913e+00   7.4729278e+01
  -7.3284611e+01   9.5559074e+00
  -8.5981335e+01  -9.6947507e+00
   5.3609622e+01  -4.7917137e+01
  -6.7900631e+01   1.7965856e+01
   5.3118981e+01  -3.3676949e+01
   8.6542566e+01   1.2478573e+00
  -2.0092693e+01  -9.1556871e+01
   6.6766669e+01  -6.4416169e+01
  -6.3491086e+01  -7.1207962e+01
  -1.0300381e+01  -4.1083689e+01
  -5.8165898e+01  -1.5830912e+01
   6.3026680e+01  -3.4417001e+01
  -2.5399157e+01   2.0974779e+00
   7.2805097e+01   1.0417617e+01
   4.3196584e+01  -5.9634425e+01
   2.5668958e+01  -5.2183198e+01
   1.7233190e+01  -3.9554832e+01
   6.2892128e+01  -4.4338718e+01
  -8.8852561e+01  -4.3362282e+01
   7.2414229e+01  -3.7433073e+01
  -8.4764121e+01   8.0823967e+01
  -5.9224896e+01  -8.0198798e+01
   6.3973382e+01   8.0402670e+01
   4.1225216e+01   5.7783845e+01
   1.2983363e+01   4.3698069e+01
   8.8858677e+00   6.9934865e+01
   3.7825530e+01   2.2229300e+01
   1.9067129e+00   7.8390375e+00
   7.6075802e+01   7.9481704e+01
   1.5336772e+01   9.8006000e+00
   8.1903852e+01   5.8759418e+01
   2.4948672e+01   6.9450099e+01
   3.4458983e+01   9.2813453e+01
   6.0364404e+01   5.4802056e+01
  -6.3260028e+01  -2.4342079e+01
  -5.0683364e+01  -8.5360490e+01
  -6.5724852e+00   4.2769935e+01
  -5.2397114e-01   1.7530708e+01
  -2.6930931e+01  -2.3184618e+01
  -5.2537057e+01  -7.6682895e+00
  -6.8438320e+01   8.6647321e-01
  -7.8175986e+01  -1.0245775e+00
  -9.0128066e+01   9.5229671e+00
  -3.2115083e+01   8.3176101e+01
   5.8121759e+01  -8.1500983e-02
  -4.2616784e+01  -7.7059058e+00
  -6.9602593e+01   3.7701564e+01
  -4.3884739e+01   5.1750759e+01
  -5.5900805e+01   8.1923658e+01
  -3.5918615e+01  -8.9104802e+01
  -7.2562569e+01   9.2283101e+01
   2.3269392e+01  -7.7060114e+01
  -1.9977677e+00  -9.0632061e+01
  -1.1653792e+01  -9.6894053e+01
  -9.3106691e+01   6.1013222e+01
   3.1085495e+01  -3.1402636e+01
  -7.2111268e+01  -5.2854903e+01
  -2.0443283e+01  -4.2164100e+01
   5.7284512e+00  -5.2402039e+01
   4.4072933e+01  -1.5513399e+01
   8.9097467e+01  -1.7568744e+01
   5.3924993e+01   2.2879214e+01
   3.2401423e+01   4.1479020e+01
   3.8055551e+01   8.2487776e+01
   4.5471454e+01   1.6084785e+01
  -3.6813173e+01  -2.3686138e+01
  -2.5569215e+00  -6.8971029e+01
   9.5483835e+01   2.1782805e+01
   4.5649694e+01  -7.9514837e+01
  -1.4072325e+01  -6.0112599e+01
  -5.2160784e+01  -2.3519124e+01
  -4.1585075e+00  -5.9125751e+01
  -6.9147226e+01  -7.8967967e+01
  -4.1391572e+01  -7.1021720e+01
   8.2410887e+01  -2.4816302e+01
   7.4051898e+01  -7.6859454e+00
  -9.9909354e+01   5.3695945e+01
  -2.6404789e+01  -8.5166667e+00
  -1.6858617e+01  -1.1038125e+01
   1.0917627e+00   6.1822405e+01
  -2.9562307e+01   7.3531638e+01
  -2.2448858e+01   4.4178195e+01
   6.4890499e+01  -7.4179928e+01
   6.0724062e+01  -9.2878852e+01
  -4.4718941e+01   2.8561094e+01
  -6.6520273e+01   4.9620931e+01
  -1.9633866e+01   7.2531640e+01
  -1.6589681e+01   9.3355295e+01
  -5.2638494e+01   5.6563887e+01
   1.3464346e+01  -7.9614502e+01
   5.7127057e+01  -6.6920481e+01
  -6.8104719e+01  -1.5614410e+01
  -9.8759712e+01   4.5804254e+00
   3.3264633e+01  -5.8647674e+01
   9.4077700e+01  -4.7761216e+01
  -7.7733223e+01  -7.4492728e+01
  -8.1569691e+01   6.3794436e+01
  -9.2884251e+01  -8.4829098e+01
  -5.4376902e+01  -5.6672035e+01
  -4.5881731e+01  -9.3852191e+01
  -8.9428498e+01  -3.1958208e+01
   2.2511631e+01   4.0995832e+01
   8.2673747e+00  -3.1077743e+01
   1.3314078e+01  -7.8347355e+00
   1.8496303e+01   2.1198248e+01
   2.9665194e+01  -1.7659257e+00
   4.1506401e+00   8.8838943e+01
  -6.1428718e+00   2.0112459e+00
   8.4431346e+01   9.9643795e+01
   1.0487846e+01  -1.7405807e+01
  -9.3473231e+01  -6.0230289e+01
   7.4070693e+01   2.0490319e+01
   5.3361428e+01   3.3969423e+01
   2.9839134e+01   5.1103551e+01
   7.5147779e+01   6.5905802e+01
   4.1877051e+01   6.7632642e+01
   9.6932434e+01   5.8390718e+01
   4.3807066e+01   9.0298123e+01
   4.5857658e+01   7.6467108e+01
   8.8034976e+01   4.2356297e+01
   9.4480730e+01  -4.2657989e+00
   3.6253179e+01  -9.2839515e+00
   1.9332739e+01   8.5865424e+01
  -2.4388269e+01  -6.0765154e+01
  -2.7068959e+01  -8.4452838e+01
  -3.4772281e+01  -1.3927083e+01
  -1.6218004e+01  -3.3224427e+01
   4.0116033e+01   5.4591853e+00
   9.2866900e+00   1.7870934e+01
  -4.4736321e+01  -3.0003639e+01
   8.7652353e+01  -6.6367232e+01
   8.9216393e+01   1.0340701e+01
   8.1468546e+01   1.5289018e+01
  -5.4158930e+01  -3.3135916e+01
  -6.2754563e+01  -7.1681643e+00
  -4.4416363e+01  -1.7392869e+01
  -9.6415283e+01  -7.5156463e+00
  -2.9587666e+01  -5.1836574e+01
  -3.0361613e+01  -4.1958420e+01
  -9.8887533e+00  -5.1021919e+01
  -7.2109843e+01  -6.6328936e+01
  -5.4952228e+01  -6.6581170e+01
   8.5252766e+01  -4.3338271e+01
  -5.9409638e+01  -8.9906621e+01
  -9.7430865e+01  -2.5954139e+01
  -2.2757873e+01  -7.0610039e+01
   3.5748135e+01  -7.8191142e+01
   6.3177231e+00   3.6567631e+01
  -8.4602731e+01   2.8210369e+01
   1.7698285e+01   5.2274770e+01
   2.8593362e+00   4.5933278e+01
  -9.7179544e+01  -3.8462463e+01
  -8.5687949e+01   4.4009344e+01
   9.4816847e+01  -8.2334472e+01
   5.5228445e+01  -7.6710101e+01
  -8.5383235e+00  -2.7303226e+01
  -5.4416352e+01   2.6926165e+01
  -6.3054730e+01   9.1872261e+00
  -4.2888365e+00   5.3032012e+01
   4.5706866e+01   2.7885761e+01
  -2.4900566e+01   6.3812442e+01
  -1.3951109e+01   4.9334195e+01
  -5.0158874e+01   3.6902191e+01
  -7.7695328e+01   7.2987974e+01
   3.6422944e+01  -4.0996745e+01
  -4.7987467e+01   1.8848290e+01
  -5.7197978e+01   1.1182451e+00
  -3.8512332e+01   9.0853935e+01
   3.2068352e+00   9.9197493e+01
   5.4648846e+01  -1.8672167e+01
   4.1201335e+01  -3.2532812e+01
   6.9699390e+00  -7.2074389e+01
   2.2336502e+00  -9.9689330e+01
  -4.2254050e+01   7.1530432e+01
  -7.5651740e+01   4.5562942e+01
  -1.1271012e+01  -8.6910752e+01
  -2.8438371e+01   9.2466763e+01
  -9.2317631e+01   9.0042992e+01
  -2.6335976e+01   3.4971870e+01
  -4.6073351e+01   1.6214962e+00
  -6.0241085e+01   4.0758894e+01
  -2.9771545e+01   1.6148804e+01
   7.7770230e+01  -6.5289576e+01
  -7.9361111e+01   3.6422500e+01
  -6.5306740e+01   8.5296002e+01
   1.8573188e+01  -9.8198466e+01
   2.4177065e+01  -6.2812910e+01
   4.6113222e+01  -6.9186189e+01
   4.6401110e+01  -4.1052750e+01
   4.7644045e+01  -2.5319793e+01
   3.6161834e+01  -6.8207609e+01
   3.2711081e+01  -9.4590183e+01
   3.9904516e+01  -5.0238668e+01
   7.2452487e+01  -4.7123481e+01
   3.7708535e+01  -2.3211353e+01
  -7.8041167e+01  -1.5562918e+01
   6.9688822e+01  -1.7973776e+01
   9.1945233e+01  -2.7646652e+01
  -3.8576896e+01  -9.9504848e+01
  -7.3293152e+01  -2.4215402e+01
   6.2388260e+01  -2.4606557e+01
  -7.8701100e+01  -4.2525729e+01
  -5.9435566e+01  -4.1395512e+01
  -8.6186848e+01   5.3910688e+01
  -8.8012267e+01   7.1375425e+01
  -9.1445843e+01  -1.7987110e+01
  -8.3435044e+01  -2.3970501e+01
  -9.8474665e+01  -7.7025236e+01
   6.4655811e+01   6.4792767e+01
  -7.5570099e+00  -7.7019071e+00
  -6.9507395e+00  -7.7943780e+01
   5.2601746e+00  -6.2315501e+01
   6.7571974e+01   9.3035485e+01
   9.8746100e+01   8.7909472e+01
   8.6848351e+01   8.1005910e+01
   5.4820376e+01   1.3274477e+01
   6.2661697e+01   2.6898813e+01
  -7.9199518e+01  -5.9614603e+01
  -9.3785175e+01  -6.9439071e+01
   6.7758162e+01   4.6552297e-02
   6.3071147e+01   8.3899088e+00
  -3.4249367e+01  -2.5044401e+00
   4.5097276e+01   3.9568546e+01
   2.7543805e+01   3.2414359e+01
   9.7920879e+00   1.5462270e+00
   3.9847169e+01   4.8019362e+01
  -6.8302281e+01  -8.8282249e+01
   6.1004605e+01   4.0119569e+01
   3.3147772e+01   6.3321231e+01
   5.1222178e+01   6.5032099e+01
   5.3035692e+01   4.5893944e+01
   5.4041334e+01   8.1355214e+01
   7.7878295e+01   4.9677560e+01
   9.6400279e+01   7.8230883e+01
   9.6588562e+01   6.8309231e+01
   9.8552654e+01   4.8438540e+01
   7.0914687e+01   5.7002169e+01
   3.3975128e+01   1.3158159e+01
  -1.5892922e+01  -9.7740405e-01
   8.9256837e+01   5.2128338e+01
   8.3882722e+01  -5.7043298e+01
   9.5610297e+01  -7.2376094e+01
  -3.5568955e+01  -3.3480107e+01
   8.5786213e+01   2.4220339e+01
  -6.5907005e+01  -3.3889440e+01
   9.8587313e+01   1.2260092e+01
  -3.7347347e+01  -5.7875108e+01
  -4.1759143e+01  -8.0996597e+01
  -3.2925075e+01  -7.6424975e+01
  -2.8675258e+01  -9.6662429e+01
   2.9931652e+01  -1.6994211e+01
   1.9663740e+01  -1.8762409e-01
   2.0241185e+01  -1.9157832e+01
   2.5861043e+01   7.5317149e+00
   6.4416379e+01  -9.5948189e+00
  -9.9926977e+01  -9.1803470e+01
   9.6333730e+01  -9.2213661e+01
   5.2775979e+01   9.2480588e+01
   7.1218674e+01  -9.2329490e+01
   7.8723360e+00   5.4519730e+01
  -9.3199271e+01   3.4992609e+01
   9.5980778e+01  -5.7536419e+01
   8.3375631e+01  -9.4615236e+01
  -2.3519827e+00   8.1257187e+01
  -3.6188166e+01   3.3642109e+01
   1.6757554e+01   7.6100680e+01
  -8.3520825e+00   6.4915671e+01
   2.5172293e+00  -8.0980272e+01
  -7.4922389e+01   8.2576332e+01
   6.5527015e+01  -8.4122642e+01
  -1.6250733e+01   5.8957790e+01
   4.1311808e+01  -8.8519670e+01
  -2.2059254e+01   8.3509105e+01
  -1.2084237e+01   8.4448733e+01
  -5.1976051e+00   9.3778509e+01
   1.4639618e+01   6.1807398e+01
   3.4010113e+01   7.3464618e+01
  -7.6373501e+01   5.5352000e+01
  -3.4747560e+01   6.5026429e+01
  -4.4135275e+01   6.1726334e+01
  -3.4580051e+01   5.5095624e+01
   1.8509351e+01  -8.8212608e+01
   7.3055954e+01  -5.6778627e+01
  -2.5145327e+01   2.5046784e+01
  -3.2261514e+01   4.5403637e+01
  -3.4340522e+01   7.3744628e+00
   1.6649921e+01  -6.9565186e+01
  -6.4537658e+01   9.8241602e+01
  -5.6839626e+01   9.1867865e+01
  -8.7616536e+01   9.8869073e+01
  -4.1970619e+01   8.1488997e+01
  -5.2140017e+01   7.2681937e+01
   5.3012533e+01  -5.7850849e+01
  -4.7456966e+01   9.5313426e+01
   6.3333371e+01  -5.4529456e+01
  -8.8085649e+01  -7.6871267e-02
  -1.6472207e+01   3.6395244e+01
   9.3992785e+01  -3.7426855e+01
  -1.1054093e+01   2.8270500e+01
   7.9249721e+01  -1.5858834e+01
  -7.3746645e+01   2.8186681e+01
  -6.3905313e+01   2.9605298e+01
  -5.2329172e+01   4.6628880e+01
   7.1856680e+01  -2.7629649e+01
  -8.7890359e+01   1.9028582e+01
  -6.2380946e+01  -5.0846739e+01
   8.1709826e+01  -3.4300774e+01
  -5.7912603e+01   1.7655928e+01
   1.5360282e+01  -4.9824914e+01
  -8.7215907e+01  -7.6786231e+01
  -8.1462634e+01  -8.4788383e+01
  -1.5446059e+00  -4.5644777e+01
   7.8620938e+00  -4.2646550e+01
   2.6697957e+01  -4.2280861e+01
  -9.4616436e+01   7.8856085e+01
  -9.8231873e+01   6.9543974e+01
  -6.3894300e+01  -6.0690215e+01
  -5.0357128e+01  -7.5426614e+01
  -4.6139164e+01  -6.2255988e+01
  -9.8062677e+01   1.5610400e+01
   1.2466686e+01   9.5421893e+01
  -6.8976429e+01  -4.3400165e+01
  -9.5653957e+01   2.5311181e+01
   2.8138556e+01   2.2478381e+01
   2.8221126e+01   8.1490780e+01
   2.4707581e+01   9.4371961e+01
  -7.5810635e+01  -3.3559629e+01
   8.9722404e-01  -2.4360721e+01
   3.9950494e+00   2.6414350e+01
   1.3432189e+01   2.9712228e+01
   9.0651627e+01   3.2830617e+01
   1.6876529e+00  -4.1236985e+00
  -1.7299986e+01  -2.0997245e+01
   1.1879158e+00  -1.4036126e+01
  -8.0621283e+00  -1.7499365e+01
   8.8519159e+01   9.0623930e+01
  -9.5622664e+01   4.4683246e+01
   9.4802354e+01   9.8243644e+01
   7.4934894e+01   9.8284614e+01
   5.4511258e+01  -9.0436986e+00
   4.9815942e+01   4.8452625e+00
   7.7119327e+01   1.5938772e+00
   8.2785771e+01   7.2103031e+01
   6.5260570e+01   1.7563437e+01
   9.8092126e+01  -1.3422920e+01
   8.5367606e+01  -8.3632415e+00
   5.0602485e+01   5.5329507e+01
  -8.7610135e+01  -9.2956185e+01
  -6.7429539e+01  -9.8768319e+01
  -8.2507386e+01  -5.0945574e+01
   6.8897799e+01   7.3121257e+01
  -7.6153878e+01  -9.3085557e+01
  -9.2177401e+01  -5.1768351e+01
   6.0415145e+01   8.8278266e+01
  -8.5659453e+01  -6.5915411e+01
  -5.4083389e+01  -9.7220893e+01
