  -2.8588784e+00  -6.2367864e+01
   2.0426049e+01   3.8432152e+01
   5.9895953e+00   8.7159091e+01
   2.7237256e+01  -4.4439801e+01
   5.2724380e+00  -4.6838825e+01
   1.9854740e+01  -9.0895500e+01
  -6.3058908e+00   6.7976713e+01
   3.4671947e+01  -3.8052478e+01
   3.7971153e+01  -4.8563629e+01
   8.6082425e+00  -8.6932678e+01
  -2.4678227e+01   7.5397111e+01
   8.8232359e+01  -1.9681227e+01
   4.7868354e+01   8.3448828e+01
   4.7107922e+01   4.9942747e+01
   5.6825238e+01  -5.5027750e+01
  -7.1196116e+01  -1.8864561e+01
   7.6426787e+00  -7.6629332e+01
   2.5822334e+01   8.6835986e+01
   7.6052439e+01  -3.8449611e+01
  -3.0368835e+01   5.3095670e+01
   7.2629549e+00   5.1654779e+01
   4.4465815e+01  -8.5646565e+01
  -8.3613791e+01   3.6260677e+01
   1.4120242e+01  -2.1287334e+01
   1.6339397e+01  -7.1004261e+01
  -1.1692976e+01  -4.6807491e+01
  -7.2413434e+01  -7.9473058e+01
  -1.0180598e+01  -7.9798177e+01
   3.3973626e+01  -4.5234001e+00
  -1.5068388e+01   7.2724599e+01
   9.2288680e+01  -1.0540894e+01
   8.9600389e+01  -2.9587177e+01
   6.6658008e+01  -1.0452045e+01
   3.9549620e+01   4.3398627e+01
   3.8107609e+01  -2.7726749e+01
   3.2091004e+01  -5.8541381e+01
   6.2590721e+01  -2.8233414e+01
  -5.2526242e+01  -9.0823083e+01
  -6.4463478e+01   1.5580329e+00
  -5.3709643e+01  -9.7017090e+00
  -8.0750979e+01   9.7684306e+00
  -8.7082946e+01  -3.5951954e+00
  -9.5827160e+00   9.8715780e+01
   8.9096976e+01   4.0694378e+01
   2.9817653e+01  -7.0402950e+01
  -6.3359477e+01  -8.3549183e+01
   1.4578280e+01  -5.7814270e+01
  -7.0598678e+01   1.9324550e+01
  -3.4525942e+01  -5.6135548e+01
   4.0466792e+01   1.0186420e+01
  -1.4769222e+01  -9.6651138e+01
   3.6356139e+00   6.7176047e+01
   5.2618425e+01   6.4584331e+01
   1.5882820e+01   8.6737194e+01
  -8.8913512e+01  -4.1490784e+01
  -2.9585173e+01   1.9113830e+01
  -2.3247786e+01   2.6849781e+01
   6.9082155e+01  -2.0154955e+01
  -3.5015229e+01   3.6835551e+01
   2.1306407e+01   7.0156441e+01
   9.0972111e+01   2.5810950e+01
  -6.2788977e+01  -6.3531260e+01
  -9.6391386e+01  -4.8127624e+01
   3.4591179e+01  -8.4847895e+01
  -4.2298404e+01  -9.1518342e+01
  -3.1426144e+01  -8.6654263e+01
  -3.3773714e+01  -9.6746119e+01
  -5.3719103e+01  -8.1066253e+01
  -4.5008371e+01   3.9488755e+01
   3.4074645e+00  -3.0678591e+01
  -3.0299954e+00   9.1237383e+01
  -4.3645416e+00  -9.9525819e+01
   1.1558264e+01  -9.6465272e+01
  -8.6261226e+01  -7.4544211e+01
   9.6059363e+01   3.4350613e+01
  -6.0514984e+01  -5.3804180e+01
   9.0145667e+01   1.5863708e+01
  -2.0615652e+01   6.4404646e+01
   1.6539128e+01  -8.1000094e+01
   4.4815016e+01  -9.2609207e+00
   4.9823917e+01  -2.2438587e+01
   2.4493511e+01  -7.7057609e+00
  -6.4282532e+01  -7.3659585e+01
   4.5981003e+01   3.5743231e+01
   3.8038734e+01   7.4434478e+01
   1.9503691e+01   9.6052495e+01
  -9.7114741e+01  -3.5769995e+01
  -7.6101237e+01  -2.7576373e+01
   5.9156671e+01  -1.8846822e+01
  -4.3514592e+01  -5.9925054e+01
   5.3833025e+00  -5.0130904e+00
  -8.1771131e+01  -6.5665171e+01
  -7.3019467e+01  -6.9574061e+01
  -5.2985046e+01  -6.2123271e+01
   8.1881250e+01   2.1671926e+01
  -7.0877346e+01  -9.0956119e+01
   9.5033100e+01   7.1491244e+00
   5.2640734e+01   9.2236569e+01
   3.7922841e+01   8.4491302e+01
  -9.5800191e+01  -2.5856970e+01
  -1.3465076e+01   2.8923084e+01
  -2.5016257e+01   3.6692164e+01
  -3.5892197e+01   2.6874079e+01
   3.1628501e+00   3.9748773e+01
  -7.4929570e+00  -8.9476486e+01
  -5.1903433e-01  -8.2334212e+01
  -1.7164826e+01  -8.6947860e+01
  -4.1751768e+01   5.5804406e+01
  -3.7937780e+01   4.6560300e+01
   5.4250747e+01   4.2944349e+01
   6.6089157e+01  -3.7599655e+01
  -1.1831481e+01   5.9649175e+01
   5.9236577e+01  -4.5308978e+01
  -7.4659366e+01   3.1808918e+01
  -6.5454939e+01   2.7900148e+01
   2.5730414e+01   5.1610530e+01
  -7.0760854e+01   9.3259564e+00
   4.6975404e+01  -5.3226423e+01
  -6.1224310e+01  -1.8125036e+01
  -8.5957256e+01  -2.4091789e+01
   4.7989528e+01   7.3448058e+01
  -2.5600835e+01   8.5348112e+01
  -3.0434656e+01   6.6251793e+01
   6.4386106e+01  -7.1354089e-01
   4.2181940e+01  -7.5166725e+01
  -1.4864175e+01  -5.6294501e+01
   2.3495515e+01  -5.3423330e+01
   2.2966617e+01  -6.3251995e+01
   1.6506532e+01   5.5463867e+01
   7.8586184e+01  -1.7044813e+01
   7.4482917e+01  -2.8571423e+01
  -6.3625429e+01  -8.4067206e+00
   3.1096312e+01   5.0537115e+00
   6.3637517e+00  -6.6747048e+01
   2.9514349e+01  -9.3427600e+01
   5.3454278e+01  -3.2141700e+01
  -9.0001233e+01   5.9695076e+00
  -4.0075308e+01  -8.1635145e+01
   4.3265772e+01   6.0171589e-01
   5.6223785e+01  -9.2897397e+00
   1.3512882e+01  -3.0874831e+01
  -3.3333392e+00  -5.2294649e+01
  -8.0123365e+01  -3.6728667e+01
  -2.4147767e+01  -7.9796890e+01
   3.8459785e+01   5.5148614e+01
   2.9604413e+01   4.2394903e+01
  -2.4730203e+01  -5.5391002e+01
   2.1069355e+01  -3.6915071e+01
   4.4214869e+01  -3.5649265e+01
   2.8457995e+01  -3.0252939e+01
  -3.9226417e+01  -6.8919565e+01
  -7.1963546e+01  -5.9664198e+01
  -5.4785546e+01  -7.1423493e+01
   3.0628943e+01   6.6538907e+01
  -1.9079516e+01   9.5629326e+01
  -1.8712490e+00   5.8826504e+01
   7.5999085e+00   7.6349242e+01
  -1.1817491e+01   8.6529194e+01
   2.6243628e+01  -7.9631115e+01
  -6.5792779e+00   7.8007376e+01
  -6.1662255e+01  -9.4768368e+01
  -8.1565785e+01  -8.3336280e+01
   1.2381629e+01  -1.1838143e+01
  -9.0049743e+01  -6.0555887e+01
   4.0610502e+00  -2.0709591e+01
   8.3238796e+01   4.8124935e+01
  -5.4399787e+01  -5.3355385e+01
