   3.9061046e+01  -4.1779599e+01
  -6.9565459e+01   7.5657246e+00
   7.6321302e+01   6.3290499e+01
  -6.5838121e+01  -5.3844144e+01
   7.2370271e+01  -4.1552571e+01
  -7.5763390e-01   6.9036427e+01
  -7.8174987e+00   6.2023468e+01
   2.5925374e+01  -4.9708872e+01
   3.6947103e+00  -7.2528967e+01
  -1.3323027e+01  -2.7201064e+01
   8.4520068e+01   8.2276346e+01
  -6.2187604e+01  -2.5304496e+01
   8.8225877e+01   3.6084329e+00
   7.4764480e+01   8.0108660e+01
  -6.0336775e+01   5.0762147e+01
  -8.4398272e+01   8.9163766e+01
   5.7457755e+01  -6.7342445e+01
   4.1445240e+01  -9.6508491e+01
  -7.7368082e+01   1.4929333e+00
  -3.2780904e+01   7.6931387e+01
  -9.3290579e+01   2.7658627e+01
   6.3058685e+01  -2.9907949e+01
  -3.1953017e+01  -7.2826659e+01
  -8.9167037e+01  -5.6218786e+01
   3.9332370e+01   5.9115856e+01
  -6.1283385e+01  -8.9252103e+01
   1.4524229e+01   2.9807777e+00
   9.6832996e+01   6.2300853e+01
   3.8560579e+01   3.9612138e+01
   2.7683644e+01   7.3067823e+01
  -3.9127276e+01  -5.4642919e+00
  -4.3791633e+01   1.8138519e+01
   2.6755237e+01   4.4213837e+01
  -4.7940635e+01   3.7428257e+01
  -7.9213811e+01   4.3327886e+01
  -3.6520479e+01  -1.4751142e+01
   6.8209721e+01   6.9508652e+01
  -8.8356030e+01   3.9304659e+01
   7.5376213e+01  -5.5448545e+01
  -6.3670981e+00  -9.0358832e+01
   8.7630001e+00  -4.1889575e+01
  -4.4962137e+00  -2.2305377e+01
   4.1499247e+00  -5.0799393e+01
  -9.4967329e+01  -7.6133749e+01
  -7.5017129e+01  -9.3462325e+01
  -8.4573932e+01  -9.8062521e+01
  -1.3639821e+01  -9.8722747e+01
   1.0728229e+01   1.2201601e+01
   7.1766862e+00   2.1537211e+01
   1.2968639e+01  -3.0516794e+01
   6.2161954e+01   2.7314153e+01
   3.8387266e+01   8.8340289e+01
  -4.9885049e+00   5.2595061e+01
   2.1224143e+01   1.0374831e+01
   4.2483727e+01   3.0427555e+01
   4.9708204e+01   4.8233304e+01
  -6.1766711e+01   9.8006626e+01
  -4.8525190e+01   7.8146599e+01
  -8.7712404e+01   6.0341804e+01
  -7.7450227e+01   8.2047575e+01
   5.2527916e+01   4.7237883e-01
  -2.5913689e+01   5.2645733e+01
   1.8339782e+01  -3.9181041e+01
   4.5704403e+01  -4.9849608e+01
  -6.1107780e+01  -1.5331039e+01
   4.6723185e+01  -1.2370669e+01
   3.3308253e+01  -3.4708719e+00
  -7.9805010e+01  -4.1243224e+01
  -1.8657468e+01  -6.9261374e+01
  -1.5338427e+01   8.8722107e+01
   1.9160916e+01   6.7610174e+01
   2.1999231e+01   5.8019763e+01
   1.2784099e+01   9.6658800e+01
  -7.0566288e+01  -4.5048538e+01
   8.0872520e+01   7.2194204e+01
   4.8526972e+01   6.8170857e+01
   1.0890960e+01  -1.5285181e+01
  -8.2026862e+00  -1.0197031e+01
  -2.3236312e+01  -2.7432946e+01
   2.9902196e+01  -2.1982749e+01
   2.1000394e+01  -5.8380163e+01
   8.2438235e+01   1.3222624e+01
   7.5144290e+01   2.0017034e+01
   9.7102649e+01  -1.2479077e+01
   6.6619882e+01   5.9635840e+01
  -2.0122915e+01  -4.5680120e+01
   5.7412495e+01  -8.9073190e+01
   8.5401965e+01  -5.4208129e+01
   1.2667383e+01   2.9860400e+01
   2.6632440e+01   1.9014992e+01
   9.4700949e+00   3.9268901e+01
  -1.5894241e+01   3.6754216e+01
   1.2263647e+01   5.5892892e+01
  -4.1400695e+01   5.0535477e+01
  -7.4730159e+01   3.4647203e+01
  -8.4953798e+01   2.0272851e+01
  -7.6326649e+01   2.4883473e+01
   2.3143008e+01  -7.3679218e+01
  -7.6759812e+01   9.5761361e+01
   6.3857965e+01  -8.1534284e+01
  -5.8159588e+01   7.8294837e+01
   3.2355532e+01  -6.9792391e+01
  -9.2499091e+01   6.9001668e+01
   9.4661980e+01  -7.6812686e+01
  -2.8306573e+00  -8.1009437e+01
   8.8219403e+01  -2.8886368e+01
   9.0511689e+01  -4.0289666e+01
  -2.4489327e+01  -9.4793108e+01
  -3.6916430e+01  -8.8893533e+01
  -9.0620860e+01  -3.5956147e+00
  -9.0068866e+01  -8.4823154e+01
  -5.7733770e+01  -5.9252261e+00
  -9.4510883e+01   1.7739699e+01
  -6.2554945e+01  -6.6184478e+01
  -5.3362660e+01  -8.3164295e+01
  -6.5328130e+01  -7.5963493e+01
   3.0822522e+01   9.4847287e+01
  -5.2952429e+01  -2.1651765e+01
  -1.0212059e+01  -4.6572690e+01
   8.7286814e+01   9.4755987e+01
   6.8502748e+00  -5.9012089e+00
  -2.4509898e+01  -1.7721517e+01
  -4.7291086e+01  -3.0319824e+01
  -9.9072716e+01  -2.4436929e+01
  -2.1310247e+01   5.3909222e-01
   2.5698961e+01  -1.0879415e+01
   3.6547966e+01  -1.2659453e+01
   8.5632326e+01   4.5580815e+01
   8.0155848e+01  -1.5483278e+01
   3.5960202e+01   7.8655181e+01
   2.0189772e+01   7.9588224e+01
  -3.4669573e+01  -5.5850201e+01
   3.6106544e+01  -7.9055645e+01
   6.2534912e+01  -3.9886387e+01
   2.2194757e+01   9.9805397e+01
  -2.9315804e+01   1.8364156e+01
  -2.1920325e+01   4.4013418e+01
   1.0377773e+01   7.8199851e+01
  -1.8507379e+01   7.9329671e+01
  -2.8521676e+01   3.6872778e+01
  -3.9703782e+01   4.1250153e+00
  -6.6182608e+00   9.9536140e+01
  -5.4950459e+01   2.0904621e+01
  -7.7287370e+01   1.3871061e+01
  -4.1192352e+01   7.1574088e+01
   5.4327732e+01   1.1882779e+01
   6.3339025e+01  -9.6987554e+01
   2.4180433e+01  -9.2948079e+01
   4.3211106e+01  -3.0384193e+00
   6.7090000e+01  -6.2192257e+01
  -4.3125455e+01   6.0927121e+01
   8.4732291e+01  -6.3851578e+01
  -4.8926214e+01   8.8418514e+01
  -9.5307353e+01   9.1892146e+01
  -9.7743673e+00  -7.3836169e+01
  -5.8289529e+01   4.1001508e+01
  -3.7858359e+01   9.6815054e+01
   3.0827678e+01   5.3338065e+01
  -8.4834660e+01   7.5372841e+01
  -3.8284729e+01   3.5116156e+01
   1.3099697e+01  -9.4786502e+01
  -2.5407077e+01   9.5033887e+01
   3.0866245e+01  -5.9913248e+01
   5.0731018e+01  -2.1505442e+01
   4.8933949e+01  -4.0233422e+01
   1.3471456e+01  -7.6493929e+01
  -1.1570584e+00  -4.2451178e+01
   1.5833928e+01  -4.8942423e+01
   2.3350564e+01  -3.0557004e+01
   3.4872315e+01  -8.8975877e+01
  -5.5959651e+01   3.1405738e+01
   2.9778150e+01   5.2773326e+00
   2.8285338e+01  -4.0014738e+01
  -9.6298263e+01   6.5819504e+00
  -7.4348698e+01  -5.9087260e+01
   5.8819573e+01  -5.6888962e+01
   8.0744568e+01  -3.5493790e+01
  -8.0524216e+01  -7.4670005e+01
   6.6968231e+01  -5.0035121e+01
  -9.9504891e+01   7.6064006e+01
  -8.7452158e+01  -3.4808527e+01
  -7.0154286e+01  -8.4699848e+01
  -8.0111120e+01  -8.4660277e+01
  -5.5779534e+01  -9.7584902e+01
  -5.6765398e+01  -5.8031090e+01
  -5.5672507e+01  -7.3436853e+01
  -7.8684946e+01  -2.9403170e+01
   5.5582115e+01   7.5231914e+01
   3.0340650e+01   6.3465768e+01
   1.7241163e+01   4.7255859e+01
   7.2089723e+01   5.1264412e+01
  -5.9991411e+01  -4.5507540e+01
   1.9272224e+01   3.7493507e+01
   6.3569711e+01   9.8518731e+01
   3.8257189e+01   1.9121103e+01
  -1.1712408e+01  -7.8939731e-01
   9.9380016e+01   7.8789806e+01
   6.4839655e+01   7.8976587e+01
  -1.4603994e+01  -1.7652209e+01
   9.0803270e+01   7.3364173e+01
   1.0228065e+00  -1.3988758e+01
   9.5157786e+01   4.2536867e+01
   1.5608930e+01  -6.6774916e+01
   1.1037134e+01  -5.7932752e+01
   4.8189440e+00   4.2994783e+00
  -7.2372987e+01  -6.8881915e+01
   2.3489174e+01  -9.3808273e-01
   7.1061811e+01   8.8713614e+00
   8.4683583e+01   2.3332859e+01
   8.6728948e+01   6.4089838e+01
   6.9667940e+01  -1.1198877e+01
   5.8769482e+01   3.6805942e+01
   4.7198313e+01   9.3050299e+01
   8.9508266e+01  -1.8976685e+01
   4.5883950e+01   7.7807144e+01
   3.8592690e+01   6.9068884e+01
  -9.7437444e+01  -3.4302045e+01
   3.2187580e+00  -9.3203796e+01
   2.8481879e+01   8.5151585e+01
   1.9590024e+01   8.9515786e+01
   9.1438284e+01   5.3880826e+01
  -3.8327174e+01  -6.5125223e+01
  -2.7187043e+01  -6.4062892e+01
   5.8339506e+01   6.5242565e+01
   8.1473623e+01   5.4720169e+01
  -1.4885843e+01  -5.5398133e+01
   4.5649800e+01  -7.6060317e+01
  -3.0067574e+01  -4.5923184e+01
   1.6903085e+01   1.9871819e+01
  -1.6467679e+01  -3.6516401e+01
  -3.6725907e+01  -3.2575428e+01
  -5.6589646e+01  -3.3573275e+01
   9.1936363e+00   6.8279402e+01
  -8.9978223e+00   7.6440419e+01
   5.2497423e-01   7.8942571e+01
  -8.5467869e+00   3.0320177e+01
  -3.4851440e+00   3.8928771e+01
  -8.1220703e+01   5.2943413e+01
  -9.1830901e+01   4.8473557e+01
  -1.1274956e+01   4.5029107e+01
  -2.6686038e+00   2.2493517e+01
  -1.5051414e+01   6.8704921e+01
  -1.8451579e+01   2.8080909e+01
  -3.2998213e+01   4.5472196e+01
  -1.4900229e+01   5.4089563e+01
  -3.1389356e-01   8.8875756e+01
  -6.7659365e+01   2.1426393e+01
  -6.5700972e+01   3.0941974e+01
  -5.6664751e+01   6.2845798e+00
  -6.4987130e+00  -3.4192749e+01
  -4.8584377e+01  -1.9250440e+00
  -2.8752017e+01  -9.0636348e+00
  -4.6451656e+01  -1.2135050e+01
  -3.2467833e+01  -2.3692182e+01
  -1.8942341e+01  -8.9571840e+00
   2.9867157e+01   3.4728557e+01
   5.5590126e+01  -7.7161051e+01
  -5.0337088e+01   6.7792768e+01
  -5.0566252e+01   4.7048121e+01
  -8.3894468e+01   3.0696870e+01
   6.5421327e+01   1.7967450e+01
  -3.2849124e+01   6.6399586e+01
   2.6895561e+01  -8.2947781e+01
  -6.6920352e+01  -2.0364867e+00
  -7.0817556e+01  -1.2323138e+01
   3.5804182e+01  -5.1228405e+01
  -5.8894798e+01   8.8412862e+01
  -6.8793717e+01   8.9726291e+01
  -9.9159834e+01  -5.6593287e+01
  -4.7466422e+01   9.8301900e+01
   9.7373248e+01  -3.2904249e+01
  -5.2244267e+01   5.6853041e+01
  -6.7837719e+01   7.9777721e+01
  -8.7762303e+01   9.8556428e+01
  -4.0433194e+01   8.3254143e+01
  -1.6373585e+01   9.8657632e+01
  -6.8109086e+01   4.2106771e+01
  -9.6501359e+01  -6.6266838e+01
   6.7421967e+00  -8.3857247e+01
  -9.5711260e+00  -6.3854592e+01
   1.7288440e+01  -8.5713644e+01
   5.5916351e+01  -4.7366711e+01
  -4.6982480e+01   2.7483881e+01
  -8.1446383e+01  -7.5727727e+00
   3.3290170e+01  -3.1381793e+01
   4.3233016e+01  -3.2026744e+01
   9.8771639e+01  -2.2734404e+01
  -2.7801841e+01  -8.4782859e+01
  -4.1238771e+01  -9.7909467e+01
   4.9134308e+01  -5.9241518e+01
  -9.8758732e+01  -1.1765106e+01
  -7.9905736e+01   6.6674344e+01
   3.4267970e+00  -3.3440484e+01
   1.8269888e+01  -2.1978889e+01
   5.4238257e+00  -2.3646041e+01
   8.1536548e+01  -4.5345626e+01
  -8.6358428e+01   5.7642378e+00
  -9.7080473e+01   5.6877765e+01
  -9.1848083e+01   8.2500574e+01
  -4.3525778e+01  -8.1396314e+01
  -6.6107982e+01  -9.8010346e+01
  -6.6184442e+01  -3.6092582e+01
  -7.1674873e+01  -2.2281660e+01
   6.2191958e+01   8.8617568e+01
   8.9960886e+01   3.3920020e+01
  -2.2114159e+00  -2.4024263e+00
  -8.3005035e+01  -6.4094648e+01
  -8.0508518e+01  -5.1216624e+01
   9.3423615e+01   8.6821988e+01
   7.2121831e+01   8.9752180e+01
   1.6459839e+01  -7.1855240e+00
   4.0324180e+01  -2.1823139e+01
  -8.8794564e+01  -4.5622626e+01
   2.1936957e+00  -6.2642261e+01
  -4.8961516e+00  -5.5028760e+01
  -8.8952768e+01  -2.4924782e+01
  -8.1036879e+01  -1.8823145e+01
   9.5940355e+01  -2.5671169e+00
   9.4817253e+01   2.5179249e+01
   7.8655132e+01   3.9252698e+00
   9.2156942e+01   1.5541699e+01
   8.7697143e+01  -8.2392507e+00
   4.6889125e+01   2.1316880e+01
   5.8260383e+01   5.3412040e+01
   5.2439617e+01   2.9133540e+01
   5.2934706e+01   8.4870575e+01
   4.8669827e+01   3.8307584e+01
   3.9618300e+01   9.9562423e+01
   7.8019210e+01  -5.7996561e+00
   6.2507416e+01  -9.2443767e-01
  -9.8694932e+01  -4.4222473e+01
   2.2487967e+01   2.8069113e+01
   4.9314135e+01   5.8215818e+01
   6.4075099e+01   4.5277591e+01
  -4.5849033e+01  -7.1678431e+01
  -1.6283551e+01  -8.9078986e+01
  -1.8170029e+01  -7.9260072e+01
   5.1413301e+01  -9.7290275e+01
   4.8120626e+01  -8.5686983e+01
   4.1920877e+01  -6.6818943e+01
  -2.4816219e+01  -5.4405652e+01
   6.6393510e+01  -7.2185908e+01
  -4.6940742e+01  -5.9876782e+01
  -2.7479567e+01  -3.6337958e+01
   7.5977291e+01  -6.5600819e+01
  -4.3067468e+01  -2.1671718e+01
   6.8968500e-01   1.3242143e+01
   9.6338363e+01  -5.1328970e+01
   7.3015256e+01  -2.9198640e+01
   5.6556347e+01  -8.7587370e+00
   6.7415237e+01  -2.0921465e+01
  -3.1621834e+01   9.4534838e+00
  -4.7589295e+01   9.3099812e+00
   5.3170068e+01  -3.1186259e+01
  -7.1390363e+01   5.1471499e+01
  -9.8742494e+01   4.1031233e+01
  -2.4482961e+01   7.1497125e+01
   2.8819570e+00   4.6636190e+01
   3.1042917e+00   5.9818743e+01
   2.5200309e+00   3.1008231e+01
  -2.1606770e+01   6.1392488e+01
  -3.0913286e+01   5.9466227e-02
  -2.7882408e+01   2.7524656e+01
  -3.7267632e+01   2.5272042e+01
   3.1073973e+00   9.8261270e+01
  -6.2112395e+01   1.4029716e+01
  -9.6536290e+01  -9.2421624e+01
   7.1377022e+01  -9.1883835e+01
  -3.2607064e+01   8.8651658e+01
   6.2435320e+01   8.5320942e+00
   3.3672170e+01   1.2330415e+01
   9.3388710e+01  -5.9848835e+01
   9.2046869e+01  -6.8770613e+01
   6.6680947e+01  -8.4013992e+01
