   3.2218043e+01   6.3411066e+01
   6.2479442e+01  -4.3041041e+01
  -1.0659339e+01  -4.5879055e+01
   1.2494600e+00  -6.1425340e+01
  -3.8835225e+01   1.5253412e+01
   2.1410506e+01   4.6832297e+01
  -7.9383479e+01  -5.5422121e+01
   4.0910505e+01   2.5094913e+01
   4.5687295e+00   8.7126713e+01
  -3.7515933e+01  -7.7657538e+01
   2.5466053e+01  -4.3969028e+01
  -6.0048171e+01   3.1012811e+01
  -7.2912808e+01  -9.2443447e-01
   6.1712812e+00  -4.9051387e+01
   1.7614755e+01  -8.9639486e+01
  -2.0354953e+01  -4.8058931e+01
   3.2938942e+01  -1.3298546e+01
  -5.8990870e+00   6.4603885e+01
   1.4715061e+01  -5.4692232e+00
   3.4339639e+01  -3.9368751e+01
   4.3029129e+01  -5.0390972e+01
   2.9165965e+01  -6.1430208e+01
  -5.3649079e+01  -4.8674183e+00
   8.1136939e+00  -8.4573499e+01
   7.2151121e+01   9.3515248e+00
  -5.3415548e+01  -2.1678520e+01
   2.3704378e+00   4.6140504e+01
  -2.1348528e+01   7.5680636e+01
   1.4208056e+01   6.2421599e+00
   8.5876590e+01  -2.0134779e+01
   4.7156729e+01   8.2959075e+01
  -2.3398774e+01   2.6428218e+01
   4.1613199e+01   5.0030624e+01
   5.1406420e+01   6.2091360e+01
   5.2379851e+01  -4.6849663e+01
   3.6407015e+01  -8.8226555e+01
  -8.9327566e+01   2.3923737e+01
  -6.9754923e+01   3.9568445e+01
  -6.7933174e+01  -2.0062951e+01
  -1.5334223e+01  -9.7848176e+01
   4.0584944e+00  -7.2894901e+01
  -4.8793543e+01   1.4410059e+01
  -2.9475840e+01  -5.7689220e+01
   1.5835991e+01  -4.6642484e+01
   3.0914264e+01   1.7193455e+01
   5.2795518e+01   3.7334322e+01
  -5.9072991e+01  -5.4333049e+01
   2.3762919e+01   8.3219644e+01
  -2.3705121e+01   5.7010956e+01
   6.9621261e+01  -3.3188824e+01
  -3.5046296e+01   5.0232527e+01
  -4.2788017e+01  -2.1602418e+01
   1.3437297e+01   5.3364839e+01
  -1.8516617e+01  -9.9722717e+00
   7.1875394e+00   3.4705302e+01
  -8.5681601e+00  -9.2936216e+00
   4.0112771e+01  -2.0253231e+01
   5.4459928e+01  -3.7069248e+01
   3.8881687e+01  -7.8544758e+01
  -4.7710863e+01  -9.4264770e+01
  -2.3471906e+01  -7.6249926e+01
  -2.6787337e+01   4.4609436e+01
  -5.8769120e+01   1.3768357e+01
  -5.9856071e+01   4.0991081e+01
  -7.2608856e+01   1.6354130e+01
  -7.9930077e+01   3.3711012e+01
  -2.4155229e+01  -3.6792418e-01
  -6.7755425e+01   7.6285253e+00
  -8.1520262e+01  -9.7070204e+00
  -4.4515415e+01   2.3449927e+01
   4.7093423e+01  -6.5350146e+01
   6.9833069e+00  -1.6871585e+01
   7.6213540e+01   2.1670357e-01
   1.3937918e+01  -7.1393918e+01
  -1.8953849e+01  -5.7946416e+01
  -1.2943677e+01  -1.8269001e+01
  -7.0498819e+01  -7.0739434e+01
  -8.9149370e+00  -7.8940610e+01
  -1.3981990e+01   8.2430594e+01
   3.2625670e+01  -3.1138557e+00
  -3.6552333e+01   7.5267809e+01
  -1.1809206e+01   7.2669238e+01
   7.7077993e+01   4.9854948e+01
   5.8895537e+01   2.1151633e+01
  -2.0381888e+01   3.6132001e+01
   2.2817224e+01   5.6861673e+01
   1.3647353e+01   6.3361918e+01
   4.8473812e+01  -2.3777750e+00
  -7.0442255e+00   4.9915644e+01
   9.0887945e+01  -1.1205017e+01
   8.7689877e+01  -2.9967830e+01
  -5.0680181e+01   4.4955352e+01
   6.1378615e+01  -7.5468040e+00
  -5.0575697e+01   6.9080538e+01
  -4.8751425e+01  -3.0490942e+01
  -2.7132325e+01  -2.9017808e+01
   1.8913201e+01   3.0273859e+01
   6.1401692e+01   6.1902617e+01
   3.3717616e+01   4.3526857e+01
   8.3144215e-01   8.2648012e+00
   5.7589302e+01   1.6980896e+00
  -5.5998008e-01   1.8095353e+01
   3.6754675e+01  -2.9667587e+01
   3.3002369e+01  -5.0539418e+01
   2.2934387e+01  -5.3642599e+01
   7.2498022e+01  -4.2762692e+01
   3.5479766e+01  -6.9157782e+01
   4.6689260e+01  -3.0778494e+01
   6.0042170e+01  -2.8772747e+01
   4.6300160e+01  -8.5241868e+01
   5.2360919e+01  -5.6849408e+01
  -5.4569327e+01  -8.6987292e+01
  -2.2319843e+01  -9.0652595e+01
   1.8309607e+01  -3.6987785e+01
  -7.3975961e+01   4.8628969e+01
  -3.0285439e+01  -4.7741753e+01
  -7.0818318e+01   2.9634261e+01
  -8.9919678e+01   3.3903466e+01
  -5.4440966e+01   2.2756057e+01
  -8.4504740e+01   1.5169820e+01
  -8.4551927e+01   4.2568081e+01
  -2.2765460e+01  -2.0041675e+01
  -9.1354257e+01  -7.9308168e+00
  -3.8616001e+01   5.2866153e+00
  -3.1925730e+00  -5.2478807e+01
  -6.3669871e+01  -4.7376322e+00
  -4.3642103e+01  -4.2894968e+00
  -5.9656605e+01  -1.3883566e+01
  -2.9089658e+01   8.3257698e+00
   1.3953269e+00  -8.5981513e+00
  -7.7760485e+01   7.8004168e+00
   4.0310587e+01   1.3775173e+01
  -2.6805208e+00  -8.6758598e+01
   8.4652298e+00  -3.8757008e+01
   1.0633920e+01  -5.7982810e+01
  -2.4299530e+00   3.7417578e+01
  -2.8316391e+01  -1.1768609e+01
  -8.3977188e+01  -2.3251897e-02
  -1.3009524e+00  -4.2447874e+01
  -9.2706643e+00  -6.0399511e+01
   8.4066208e+01   8.8552991e+00
  -1.2122239e+01   9.4996140e+01
   9.2062450e+01   3.8303931e+01
   2.4951403e+01  -7.1199470e+01
  -5.3712815e+00  -6.9595161e+01
  -6.4267391e+01  -8.4539650e+01
  -2.4426369e+01  -6.6305137e+01
  -7.3318100e+00  -2.6525065e+01
   2.5598768e+01  -2.0018489e+01
   1.9294060e+01  -6.2956543e+01
  -6.4388714e+01   2.2011893e+01
  -3.4237076e+01  -6.8212219e+01
  -4.0343759e+01  -6.0296076e+01
   2.2938590e+01   1.3959118e+00
   4.0290395e+01   3.3597491e+00
  -3.7441524e+01   8.5225541e+01
  -1.2619612e+01  -8.8225312e+01
  -2.7595530e+01   8.3484713e+01
   6.0580557e+01  -6.2544668e+01
  -7.5522705e+01  -4.3044953e+01
   6.1402593e+01   5.1903153e+01
  -5.7473720e+01  -3.6713411e+01
   5.0735177e+01   2.7489062e+01
   4.0009026e+00   6.5994407e+01
  -1.5330512e+01  -7.0443606e+01
   4.6612483e+01   7.0866630e+01
   1.3764721e+01   8.3205971e+01
  -7.3666630e+01  -2.8253808e+01
  -8.3755078e+01  -3.7083970e+01
  -1.1705966e+01   4.1067044e+01
  -3.5033609e+01   2.6502313e+01
  -1.7801836e+01   4.8960919e+01
  -1.3486448e+01   2.8917194e+01
  -1.3275659e+01   5.7863255e+01
  -3.3217430e+01   6.0044755e+01
   9.7685210e+01  -2.9666171e+01
   7.6343869e+01  -1.7127614e+01
   6.8453850e+01  -2.3263712e+01
   7.1310776e+01  -8.4942587e+00
   3.7857444e+00   5.6010923e+01
   1.1526030e+01   7.3460278e+01
   6.5319387e+01   7.1102220e+01
  -3.0317546e+01   3.5274648e+01
   2.2922973e+01   6.7092522e+01
   2.5565649e+01   3.7737062e+01
   4.1624913e+01   6.0027883e+01
  -4.2113804e+00  -3.2641615e-01
   6.4003354e+00   1.8422558e-02
   7.4776329e+00   2.4711904e+01
  -4.5193453e+01   3.3414870e+01
   7.8095754e+01   1.7390030e+01
  -2.9744352e+00  -1.7565163e+01
   8.5413003e+01   2.4203454e+01
  -4.4055877e+01  -7.0092729e+01
  -6.4909767e+01  -6.2449142e+01
  -9.3677339e+01  -4.2400964e+01
   8.1031600e+01  -3.7428340e+01
   6.3516523e+01  -5.2986265e+01
   2.9250182e+01  -8.1240831e+01
   2.7089075e+01  -3.2211835e+01
   4.4275925e+01  -4.0475877e+01
   5.5730983e+01  -8.1921164e+01
   3.5319331e+01  -9.8163715e+01
  -4.0697250e+01  -8.7137142e+01
  -5.0559713e+01  -7.7826342e+01
  -2.9784965e+01  -8.3999185e+01
  -3.2749244e+01  -9.3547270e+01
  -5.3904306e+01  -6.8368221e+01
  -6.4079295e+01   5.0036506e+01
   1.8525379e+01  -2.7022797e+01
  -3.8573843e+01   4.0892849e+01
  -9.9843978e+01   3.5093560e+01
  -8.7744855e+01  -1.7526033e+01
  -2.1338114e+01  -3.7675988e+01
  -9.7117384e+01  -2.0996653e+01
  -8.3204445e+01   5.2473237e+01
   8.5598988e+00  -2.6727958e+01
  -5.8530969e+01   3.8152146e+00
  -6.1446370e+01  -2.7599625e+01
   3.8971978e+01  -5.9523036e+01
  -5.4164858e+00   8.7579283e+01
  -3.3688221e+01  -3.3755733e+00
  -3.3093037e+00  -9.6738602e+01
  -9.0731658e+01   7.3458348e+00
   6.4571428e+00  -9.4435336e+01
  -1.0691689e+01  -3.5911525e+01
   1.6933093e+01   2.0476078e+01
  -2.9342128e+01   1.8317941e+01
   9.6394863e+01   7.4930028e+00
  -7.1599253e+01  -1.0807589e+01
  -8.0463691e+01  -6.9910126e+01
   9.4402579e+01   2.8581702e+01
  -7.9333123e+01   2.3735296e+01
  -5.0263518e+01  -5.9055754e+01
   9.1390770e+01   1.6150893e+01
   8.7601611e+01  -4.9889391e-01
  -1.9187927e+01   6.5923420e+01
   1.9356758e+01  -7.9793877e+01
   4.2408057e+01  -1.0293168e+01
   5.0047055e+01  -2.1366953e+01
   5.2276807e+01  -1.1625435e+01
   1.6826954e+01  -1.5238099e+01
   5.7680045e+01  -7.2113841e+01
  -1.7162046e+01  -2.8303084e+01
  -3.1756083e+01  -3.7867106e+01
   5.4258385e-01  -3.2652274e+01
  -2.8770902e+01   6.8990844e+01
  -2.1438121e+01   9.1362866e+01
  -4.6157913e+01   7.8046110e+01
   2.9232105e+01   7.4849097e+01
   2.4208254e+01  -8.5077327e+00
  -6.1429736e+01  -7.4951418e+01
  -8.4811562e+01  -4.7025800e+01
   2.2332555e+01   1.2062718e+01
   4.3207979e+01   4.0162352e+01
   5.1403982e+01   5.2064842e+01
   6.1686338e+01   4.1908221e+01
   3.5660279e+01   3.3608906e+01
   7.0152541e+01   5.7066942e+01
   2.8303691e+01   2.6841172e+01
  -6.7977055e+01  -3.6477076e+01
   3.8933023e+01   7.7270640e+01
   6.0540782e+01   3.1013492e+01
   3.2202638e+01   5.3411163e+01
   1.8869303e+01   9.1940298e+01
   1.8396065e+00   7.5954029e+01
  -5.4661421e+01   5.4131983e+01
  -9.2995196e+01  -3.2424348e+01
  -6.9936897e+01  -5.2162111e+01
  -7.7862247e+01  -1.9009729e+01
   4.9359203e+01   7.5717576e+00
  -6.2882283e+01  -4.5094668e+01
  -8.3749977e+01  -2.7086988e+01
  -4.8185953e+01  -1.3194971e+01
  -3.8760170e+01  -3.0745137e+01
  -4.8562621e+01   4.4137173e+00
   9.5963441e+01  -1.9817187e+01
   6.2225878e+01   1.0547723e+01
  -4.4869152e+01   5.6159660e+01
   7.7711059e+01  -2.7034104e+01
   6.0001175e+01  -1.7947341e+01
   8.1297949e+01  -8.3968311e+00
  -4.0985948e+01   6.6309647e+01
   5.5921352e+01   7.4519261e+01
   1.1998033e+01   4.3469052e+01
   3.1067710e+01   7.2011223e+00
  -1.4179578e+01  -9.7334386e-01
  -3.8234301e+01  -1.2701695e+01
   4.9564888e+01   1.7561571e+01
  -3.6045735e+00   2.7544874e+01
   8.8138737e+00   1.4647676e+01
   6.8892786e+01   2.1299954e+01
