  -9.1806659e+01  -5.0843649e+01
   4.9746781e+00  -8.9603380e+01
  -7.1218007e+01  -2.5973127e+01
   9.3305957e+01   3.5382794e+00
  -5.3355530e+01   4.2948725e+01
   6.1536175e+01  -6.5595552e+01
  -4.8643491e+01   1.9617037e+01
   2.0883029e+01   5.4575823e+01
  -4.0702256e+01  -5.0873833e+00
   6.2380671e+01   6.7332708e+01
  -5.2296179e+00  -9.7313696e+01
   6.0930011e+01   3.9851966e+01
   2.5389709e+00   5.9554267e+01
  -6.5968330e+01  -1.7052267e+01
   2.4675254e+01  -1.4482768e+01
  -2.2467389e+01  -7.7801196e+01
   5.6410744e+01   5.9061523e+01
   5.5733655e+01  -9.9762571e+01
  -9.9445724e+00   3.9595696e+01
   1.2396425e+01   5.9536198e+01
  -2.6895737e+01   5.6160760e+01
  -8.1327170e+01   3.3448020e+01
  -7.5979660e+01   2.4117926e+01
  -7.6030866e+01   8.5484327e+01
  -8.8476892e+01  -1.8409730e+00
  -5.9347655e+01  -9.4145836e+01
  -1.8556105e+01  -2.0086655e+01
  -3.0721210e+01  -4.8208722e+00
  -3.9499922e+01  -5.8792198e+01
   3.3627498e+01  -8.2451632e+01
  -2.8821283e+01   2.1303923e+01
  -2.5343407e+01   4.6539181e+01
  -5.2478193e+01   1.0529393e+01
  -3.1487899e+01   7.1725768e+01
   4.7326779e+00  -7.6611387e+01
   9.9444426e+01  -3.3517555e+01
  -7.8867322e+01  -9.0645218e+01
   4.0076266e+01   2.7992637e+01
   9.8585691e+01   7.6064566e+01
  -4.3202124e+00  -1.2931988e+01
   5.4761462e+00  -6.5777464e+01
  -7.6192485e+01  -8.0325525e+01
  -9.9862404e+01  -3.1848772e+01
   4.4752666e+00  -9.9585930e+01
   7.2679279e+00   9.8659469e+01
  -1.2777141e+01  -6.3924206e+01
   5.1453542e+01  -9.0731606e+01
  -2.4175170e+01  -4.9769642e+01
   1.8587773e+01   9.3607799e+00
  -3.0548470e+01  -3.4125281e+01
   6.7188946e+00   7.9621369e+01
  -9.7295246e+01   4.9949463e+01
  -4.3081740e+00   3.1928133e+01
  -1.2906687e+01   7.6369437e+01
  -2.9542188e+01   3.7760706e+01
  -1.7127166e+01   5.7273846e+01
  -6.3061373e+01   9.2591056e+00
  -5.6851474e+01   1.7518712e+00
  -8.2722243e+01  -9.8795233e+00
   3.8037492e+01  -4.9957678e+01
  -5.2164328e+01   9.6707316e+01
  -3.7904845e+01   8.9862122e+01
   5.5837676e+01  -4.2354572e+01
  -6.4176409e+01   2.6312837e+01
   3.8417028e+01  -3.2620985e+01
  -8.9385113e+01   5.9738921e+01
   5.5455570e+00  -3.1942146e+01
  -8.2818667e+01   9.3101067e+00
   9.4860866e+01   2.7699774e+01
  -7.7390032e+01  -6.0710376e+01
   4.5405324e+01  -2.5547102e+01
  -9.8434951e+01  -4.1737109e+01
  -8.6275884e+01  -1.9064769e+01
   3.8588446e+01   1.8348072e+01
   5.1125590e+01   3.9602877e+01
   7.7325659e+01  -2.8136006e-02
   6.2858495e+01  -4.7686377e+00
   6.6249236e+01   5.7808891e+01
  -1.3710400e+01  -8.2999454e+01
   7.1395545e+01  -6.7211980e+01
  -5.1918867e+01  -6.0117874e+01
  -9.4857254e+00  -3.9834943e+01
  -5.4963603e+01  -2.1471192e+01
   5.4958580e+00   3.1867298e+01
   6.7211166e+01  -2.6239086e+01
  -2.6125668e+01   3.9872246e+00
   5.0189153e+01  -3.4188703e+01
  -7.7719483e+01   4.3425055e+01
  -2.9904301e+01   8.3848511e+01
   1.3010439e+01   3.8119586e+01
  -6.8735046e+01   1.7335482e+01
   6.7825142e+01   3.6438188e+00
   9.8726329e+01  -5.5826734e+01
   1.5376086e+01  -9.6898068e+01
   4.3137127e+01  -5.8488265e+01
  -4.7547189e+01   8.7212273e+01
   5.0399529e+01  -1.5834242e+01
  -8.4779727e+01   9.0281423e+01
  -6.1477289e+01   4.9839031e+01
  -9.9434361e+01   2.8573754e+01
  -5.0025058e+01   6.4772174e+01
  -4.2141917e+01  -8.4879500e+01
   2.8063654e+01  -4.9813000e+01
  -3.9537743e+01   3.7988688e+01
   2.1976355e+01  -2.4009620e+01
   1.3668457e+01  -4.2231377e+01
   2.7240005e+01   9.7206287e+01
   8.8741873e+01  -5.6717748e+01
   2.2060792e+01  -8.5438969e+01
   6.5140810e+01  -4.5885924e+01
  -7.2752435e+01  -4.9302482e+01
  -9.6211458e+01  -1.9241176e+01
   7.4323449e+01  -4.1996454e+01
   8.0804606e+01  -4.9586987e+01
  -7.7115822e+01   7.5548193e+01
  -6.1142056e+01  -7.1247266e+01
   5.8092385e+01   7.6734051e+01
  -6.9587683e+01  -3.5865515e+01
   3.6592248e+01   5.9513945e+01
   1.3766188e+01   4.7895825e+01
   1.4763573e+01   6.9213441e+01
   3.6450390e+01   8.8636231e+00
  -2.6341979e+00   5.5397529e+00
   7.4029026e+01   6.9422689e+01
   8.0226346e+01   7.7246699e+01
   6.2974960e+01   8.6000348e+01
   9.6581153e+00  -6.2385759e+00
   9.8373675e+01   9.9876739e+01
   5.5315721e+01  -2.4497350e+01
   1.2022421e+01  -2.4403528e+01
   9.3493185e+01   6.7470232e+01
  -9.7622029e+01  -5.8895156e+01
   1.0584202e+01   3.5851056e+00
   7.7201930e+01   4.9822125e+01
   6.1283513e+01   1.1127462e+01
   3.2276306e+01   6.8471323e+01
   3.3489855e+01   8.9415190e+01
   5.0468611e+01   9.9795675e+01
   5.7688436e+01   4.9225156e+01
  -4.1621673e+01  -7.5120124e+01
   9.4635162e+01   1.7007434e+01
  -3.8079179e+00  -4.7868896e+01
  -6.1828906e+01  -2.8142683e+01
  -5.1104666e+01  -7.8001531e+01
  -2.9697910e+00   7.7202268e+01
   9.9571124e+01  -4.5862530e+01
   1.4840016e+01   1.8228354e+01
  -8.9341003e+01   3.9352037e+01
  -3.5714367e+00   6.7336576e+01
   5.7722095e-01   4.0540757e+01
   1.4822253e+01   2.8288547e+01
  -7.1440006e+01   3.2978501e+01
  -3.0884183e+00   2.2487662e+01
  -5.6181704e+00   4.8392256e+01
  -1.5547539e+01   4.7576728e+01
  -9.0786761e+00  -2.1478889e+01
  -2.3683599e+01  -1.1607771e+01
   4.3311962e+01  -8.4936462e+01
   5.2181908e+01  -7.3324429e+01
  -3.4695638e+01   4.9905866e+01
  -3.4461072e+01   2.9461699e+01
   9.8700996e+01  -8.9224872e+01
  -2.8199062e+01  -1.9677352e+01
  -5.8655035e+01   1.8173588e+01
   8.0178555e+01  -9.4998791e+01
  -5.0448374e+01  -5.4713711e+00
   7.0185609e+01  -9.4685336e+01
  -4.1227701e+01   6.9437459e+01
  -4.5778854e+01  -1.3967499e+01
  -6.3869610e+01  -5.0278991e+00
  -7.8758656e+01   2.1149653e-01
  -7.3108658e+01  -7.9348419e+00
  -8.4584945e+01   1.9100753e+01
  -3.4456367e+01   9.9248775e+01
  -2.3492905e+01   6.5528210e+01
  -2.5441522e+01   9.4924305e+01
  -3.8652370e+01   7.9056030e+01
   5.3195752e+01  -6.3154339e+00
  -1.3821360e+01   2.8948182e+01
  -3.6057163e+01   3.4524624e+00
  -6.7802184e+01   4.2169927e+01
  -4.6024657e+01   3.1346212e+00
  -4.4155032e+01   4.6801993e+01
   1.3399111e+01  -7.1745997e+01
  -5.8043919e+01   7.8280398e+01
   3.3357345e+01  -4.1183932e+01
   6.0114951e+01  -3.3247002e+01
  -1.3903649e+01  -7.3267396e+01
  -5.0972991e+00  -7.7570797e+01
  -2.2693950e+01  -8.7716375e+01
  -3.2659766e+01  -8.7826913e+01
  -6.7274968e+01   9.0309808e+01
  -5.4303893e+01   2.7754863e+01
  -4.1382477e+01  -9.6033363e+01
   2.8498750e+01  -3.1534911e+01
   2.2090125e+01  -6.6923542e+01
  -4.7508409e+00  -8.7401273e+01
   5.7243091e+01  -5.5019616e+01
   4.3294338e+01  -4.1366689e+01
   2.9016548e+01  -5.9756022e+01
   2.3478148e+01  -4.0927398e+01
   4.8925177e+01  -4.9571576e+01
  -7.3299425e+01  -9.8957985e+01
  -1.4105258e+01  -9.2824442e+01
   8.4547724e+01  -2.3218148e+01
  -8.0133126e+01   5.6030253e+01
   3.1763712e+01  -2.1772312e+01
  -9.4530039e+01  -7.8362474e+01
   5.2243631e+01   6.8069816e+01
  -9.1856498e+01   8.3220629e+01
  -7.9476044e+01  -3.7145504e+01
  -6.4552592e+01  -4.4477052e+01
  -1.9954429e+01  -3.7272965e+01
  -5.5827497e-02  -4.0557969e+00
  -9.0703717e+01  -2.8011473e+01
   8.3674467e+01   8.8565662e+01
   8.3615439e+01   6.6094461e+01
   9.5211924e+01   8.9791001e+01
   6.8058657e+01   7.7403861e+01
   4.2021444e+00  -5.4521310e+01
   4.3460944e+01  -4.9191148e+00
   4.0553191e+01  -1.7008316e+01
  -8.2056178e+01  -5.1356427e+01
  -8.8460056e+01  -4.1434320e+01
   9.1637298e+01  -1.2506289e+01
   7.4533700e+01   1.0734275e+01
   5.7455740e+01   2.0284781e+01
   3.1672294e+01   3.9118038e+01
   7.9441454e+01  -1.0809540e+01
   3.0432787e+01   2.9282992e+01
   5.1781812e+01   8.9478328e+01
   9.5893843e+01   4.8014816e+01
   4.1528689e+01   3.7536052e+01
   3.7603727e+01   7.6861826e+01
   3.8324380e+01   4.6707862e+01
   2.3251086e+01   4.4809071e+01
   4.6487756e+01   5.8893804e+01
   6.7464434e+01   4.7917376e+01
   4.7858593e+01   4.9031005e+01
   4.7825200e+01   2.2086543e+01
  -3.6596995e+01  -2.2789831e+01
  -4.0120838e+00  -6.7777653e+01
   8.6362887e+01   2.2558003e+01
   4.0634035e+01  -7.5310651e+01
  -3.4615333e+01  -6.7652204e+01
   9.2502239e+01  -7.0256914e+01
   7.6605148e+01  -5.8626568e+01
   4.3250130e+01  -9.7013588e+01
  -1.8268945e+01  -5.6682349e+01
  -5.1043081e+01  -3.1384037e+01
  -5.2798913e+00  -5.7579302e+01
  -6.6145740e+01  -7.9158009e+01
  -6.7642199e+01  -5.7077640e+01
  -4.4419594e+01  -6.6140381e+01
   5.4819912e+01   3.5182757e+00
   1.9570469e+01  -5.9199285e+00
   7.5107359e+01  -2.0165866e+01
   6.9554957e+01  -1.1977648e+01
   6.7147673e+01  -5.5653634e+01
   7.5340336e+01  -3.2062267e+01
   6.0370752e+01  -1.5878659e+01
  -9.9888005e+01  -9.2103236e+01
   4.1397968e+00   4.9790180e+01
  -8.7335602e+01   4.9127035e+01
  -8.7101606e+01  -9.6922435e+01
  -1.9454787e+01  -3.0896198e+00
  -1.3913783e+01  -1.1552973e+01
  -7.2772924e+00   5.8132029e+01
   9.5421753e+01  -7.9793332e+01
  -3.4517435e+01   6.2242498e+01
  -1.3487557e+01   6.6447764e+01
  -3.8807761e+01   2.0885508e+01
  -2.3756679e+01   2.9591060e+01
   5.6682896e+01  -8.2221405e+01
   6.4802415e+01  -7.5043977e+01
   6.6082366e+01  -8.5574026e+01
  -8.9327904e+01   6.9734799e+01
  -4.1571193e+01   1.1676377e+01
   8.9541362e+01  -9.8508270e+01
  -2.8895693e+00   9.6449746e+01
  -4.4440394e+01   2.9271448e+01
  -7.1329498e+01   5.1430715e+01
  -1.0398970e+01   8.8079791e+01
  -2.2872955e+01   7.6743351e+01
  -2.0245030e+01   8.6384373e+01
   2.3347535e+01   6.4130220e+01
  -8.2147763e+01   9.9924866e+01
  -1.5601017e+01   9.6702973e+01
  -5.2036019e+01   5.2899618e+01
  -4.3214142e+01   5.7466538e+01
  -4.8285271e+01   7.6399153e+01
  -5.7492649e+01   8.8252390e+01
  -6.7901300e+01   7.9712378e+01
  -7.2189804e+01   9.9017058e+01
   2.5396003e+01  -9.4852455e+01
   1.2411300e+01  -8.2940971e+01
   2.5834633e+01  -7.6188561e+01
  -1.9643763e+01   3.8469844e+01
  -2.1694568e+01  -9.9215261e+01
   5.1806087e+01  -6.3371124e+01
  -7.6099170e+01  -1.7370056e+01
  -9.2579879e+01   7.1792714e+00
  -7.2909616e+01   8.2411198e+00
  -6.0235786e+01   3.5718317e+01
   3.6710975e+01  -6.6126491e+01
   8.9598643e+01  -3.1818284e+01
  -6.8513814e+01  -9.0178007e+01
   8.9624909e+01  -4.4917981e+01
  -6.2065637e+01   9.8845617e+01
   3.8017187e+00  -4.1634356e+01
  -5.0716582e+01  -9.9600334e+01
  -7.6044535e+01  -7.0624752e+01
   1.8197591e+01  -5.1093526e+01
  -8.0054963e+01   6.6004752e+01
  -9.0918389e+01  -8.7682468e+01
  -5.9273206e+01  -5.2636755e+01
  -5.1586555e+01  -8.7926248e+01
  -5.3046068e+01  -6.8419857e+01
   1.0780105e+01   8.9201415e+01
  -9.4285990e+01   9.3351942e+01
   1.7251525e+01   9.6823200e+01
  -9.4871966e+01   1.9222216e+01
  -9.2611763e+01  -6.8554055e+01
  -9.9019940e+01   6.2357930e+01
  -9.7739598e+01   7.5136122e+01
  -8.0862875e+01  -2.7319947e+01
  -8.9498241e+01   2.7766166e+01
   2.3922889e+01   7.4070191e+01
   2.7647389e+01   1.3492745e+01
  -9.9290220e+01   3.8570686e+01
   2.2328422e+01   3.4891023e+01
   4.0671581e-01  -2.3584801e+01
   1.7519797e+01  -3.2921173e+01
   1.4907018e+01  -1.4850050e+01
   2.3483914e+01   2.2507590e+01
   2.5218432e+01   2.2292463e+00
  -4.1146909e-01   8.6794463e+01
   9.0191472e+01   3.6517086e+01
  -1.0000018e+01  -9.6635264e-01
   7.8697306e+01   9.7451288e+01
   5.1660211e+00  -1.5001622e+01
  -1.2413505e+01  -3.0651135e+01
   5.0085043e+00   1.1828836e+01
   7.4244144e+01   8.5250111e+01
   6.0354167e+01   9.8327918e+01
  -3.1629750e+01   1.2101620e+01
   8.8693655e+01   9.7373589e+01
   6.9334778e+01   9.3950405e+01
   1.3081079e+01  -5.9558286e+01
   8.9652986e+01   8.0550592e+01
   3.4587356e+01  -6.5330806e-01
  -8.7365122e+01  -6.0046861e+01
   9.9763673e+01   5.9692005e+01
   6.7100989e+01   2.2286181e+01
   9.4456615e+01  -2.2123712e+01
   6.0566880e+01   2.9859766e+01
   3.0201567e+01   5.1955119e+01
   7.6012799e+01   5.9673015e+01
   9.8363028e+01  -5.1059808e+00
   4.2251485e+01   6.7934048e+01
   8.5560889e+01   5.5630284e+01
   4.2646223e+01   8.5460736e+01
   4.8102611e+01   7.7115704e+01
   4.1457877e+01   9.5465358e+01
   8.6205865e+01   4.5646271e+01
   8.6596035e+01  -3.8589065e+00
   3.3473478e+01  -1.0300211e+01
   2.4067240e+01   8.6090026e+01
  -2.7071492e+01  -6.1214015e+01
  -3.2177097e+01  -7.7350447e+01
  -3.1550221e+01  -9.7751662e+01
  -3.5801964e+01  -1.3284498e+01
  -2.3469061e+01  -2.8141330e+01
   5.0793727e+01   1.2619445e+01
   6.2762315e+00   2.2091335e+01
  -3.9752886e+01  -3.1431933e+01
   8.3763441e+01  -6.5494884e+01
   8.6439677e+01   1.0807657e+01
   7.6790524e+01   2.0213450e+01
  -5.8465161e+01  -3.7286620e+01
  -5.7313929e+01  -1.2218540e+01
  -4.5743794e+01  -2.3630654e+01
  -9.4976838e+01  -9.3527823e+00
  -3.2578683e+01  -5.3001380e+01
  -3.0456961e+01  -4.3311891e+01
  -1.5330224e+01  -4.7263796e+01
  -6.8185067e+01  -6.5872137e+01
  -5.0579014e+01  -5.5820568e+01
