   1.4970000e+03
   1.2890000e+03
   1.5610000e+03
   1.3270000e+03
   1.4350000e+03
   1.3390000e+03
   1.4630000e+03
   1.4550000e+03
   1.5210000e+03
   1.2730000e+03
   1.4910000e+03
   1.4850000e+03
   1.4150000e+03
   1.4090000e+03
   1.2630000e+03
   1.3650000e+03
   1.5010000e+03
   1.4230000e+03
   1.4770000e+03
   1.5050000e+03
   1.5450000e+03
   1.4510000e+03
   1.4210000e+03
   1.3910000e+03
   1.2970000e+03
   1.3090000e+03
   1.4950000e+03
   1.5290000e+03
   1.3470000e+03
   1.5530000e+03
   1.5590000e+03
   1.2590000e+03
   1.4070000e+03
   1.4050000e+03
   1.4170000e+03
   1.4270000e+03
   1.2750000e+03
   1.4290000e+03
   1.4330000e+03
   1.4530000e+03
   1.4570000e+03
   1.3010000e+03
   1.2990000e+03
   1.4670000e+03
   1.4790000e+03
   1.3170000e+03
   1.5030000e+03
   1.4810000e+03
   1.3350000e+03
   1.4830000e+03
   1.3310000e+03
   1.3670000e+03
   1.5170000e+03
   1.5130000e+03
   1.5390000e+03
   1.5270000e+03
   1.5430000e+03
   1.3710000e+03
   1.5550000e+03
   1.3890000e+03
   1.2440000e+03
   1.3930000e+03
   1.4650000e+03
   1.3950000e+03
   1.3970000e+03
   1.4010000e+03
   1.2600000e+03
   1.2620000e+03
   1.4030000e+03
   1.2660000e+03
   1.4110000e+03
   1.4130000e+03
   1.4190000e+03
   1.2760000e+03
   1.4250000e+03
   1.2800000e+03
   1.4310000e+03
   1.4370000e+03
   1.4410000e+03
   1.4430000e+03
   1.4490000e+03
   1.4590000e+03
   1.4450000e+03
   1.4610000e+03
   1.4390000e+03
   1.4470000e+03
   1.3020000e+03
   1.3040000e+03
   1.4710000e+03
   1.4730000e+03
   1.4750000e+03
   1.5470000e+03
   1.3140000e+03
   1.3160000e+03
   1.3180000e+03
   1.4870000e+03
   1.4930000e+03
   1.5090000e+03
   1.3260000e+03
   1.3280000e+03
   1.3300000e+03
   1.3320000e+03
   1.3340000e+03
   1.4990000e+03
   1.5110000e+03
   1.3420000e+03
   1.5410000e+03
   1.5350000e+03
   1.5330000e+03
   1.5490000e+03
   1.5250000e+03
   1.5310000e+03
   1.5370000e+03
   1.3620000e+03
   1.3640000e+03
   1.3660000e+03
   1.3680000e+03
   1.3700000e+03
   1.5510000e+03
   1.3760000e+03
   1.3780000e+03
   1.5570000e+03
   1.3860000e+03
   1.3880000e+03
   1.3900000e+03
   1.3920000e+03
   1.3940000e+03
   1.3960000e+03
   1.3980000e+03
   1.4000000e+03
   1.4020000e+03
   1.4040000e+03
   1.4060000e+03
   1.4080000e+03
   1.4100000e+03
   1.4120000e+03
   1.4140000e+03
   1.4160000e+03
   1.4180000e+03
   1.4200000e+03
   1.4220000e+03
   1.4240000e+03
   1.4260000e+03
   1.4280000e+03
   1.4300000e+03
   1.4320000e+03
   1.4340000e+03
   1.4360000e+03
   1.4380000e+03
   1.4400000e+03
   1.4420000e+03
   1.4440000e+03
   1.4460000e+03
   1.4480000e+03
   1.4500000e+03
   1.4520000e+03
   1.4540000e+03
   1.4560000e+03
   1.4580000e+03
   1.4600000e+03
   1.4620000e+03
   1.4640000e+03
   1.4660000e+03
   1.4680000e+03
   1.4700000e+03
   1.4720000e+03
   1.4740000e+03
   1.4760000e+03
   1.4780000e+03
   1.4800000e+03
   1.4820000e+03
   1.4860000e+03
   1.4880000e+03
   1.4900000e+03
   1.4920000e+03
   1.4940000e+03
   1.4960000e+03
   1.5000000e+03
   1.5020000e+03
   1.5040000e+03
   1.5080000e+03
   1.5100000e+03
   1.5120000e+03
   1.5140000e+03
   1.5160000e+03
   1.5180000e+03
   1.5200000e+03
   1.5260000e+03
   1.5280000e+03
   1.5300000e+03
   1.5320000e+03
   1.5340000e+03
   1.5360000e+03
   1.5380000e+03
   1.5400000e+03
   1.5420000e+03
   1.5440000e+03
   1.5460000e+03
   1.5480000e+03
   1.5520000e+03
   1.5540000e+03
   1.5560000e+03
   1.5600000e+03
