   3.1291729e+01   6.6249242e+01
  -5.3168896e+01   3.3602667e+01
  -1.0669068e+01  -5.2819953e+01
  -9.0428102e+01   9.5325150e+00
   5.0305837e+01  -4.5542013e+01
   7.7612252e+01  -4.9745234e+01
  -1.8348229e+00  -3.7887222e+01
   7.3581784e+01   3.0184661e+00
  -9.7102343e+01  -3.3927120e+01
   4.3119251e+01   5.0223980e+01
  -4.3910386e+01  -1.6069039e+00
  -2.8345452e+01   5.0397149e+01
  -4.1668676e+01   6.6160767e+01
   4.7164222e+01  -7.7009229e+01
   2.7969046e+01   2.0512975e+01
   2.8276082e+01  -2.6728197e+00
   1.2071984e+01  -1.7591742e+01
   9.1104660e+01   9.2371054e+00
   8.0448410e+01   6.5913323e+01
  -6.7757823e+01  -6.8650319e+01
   9.0814610e+01  -4.6189055e+01
  -7.4552235e+01   7.9249923e+01
  -7.9879324e+01   9.5558820e+01
  -5.4500429e+01   2.3700222e+01
  -2.9379492e+01   9.8035385e+00
   8.3075317e+01  -6.5324236e+01
  -8.0289589e+01   3.8128676e+01
   2.2899348e+01  -8.4627776e+01
   3.9143309e+01  -1.8013081e+01
  -6.5095378e+01  -3.0213854e+01
  -9.2350938e+01  -2.0642156e+01
   4.5132545e+01   3.0409276e+01
   3.5935765e+01   3.5682434e+01
   9.7409248e+01   7.0090991e+01
  -3.7438795e+01  -7.0949612e+01
   1.6495016e+01   5.5874353e+01
   7.9787713e+00   8.8188144e+01
  -2.2491437e+01   2.8578996e+01
   2.0626667e+01  -5.6214272e+01
  -5.2361382e+01   9.9137710e+01
   8.5172772e+01  -2.2982697e+01
   3.9819003e+00  -1.1491493e+01
   8.2972420e+01   1.4177164e-01
   6.7999188e+01   2.1797524e+01
   5.1994323e+01   6.7217934e+01
   6.6378064e+01   8.7722505e+01
   4.0929762e+01   8.3053577e+01
   6.1746889e+01   4.1631762e+01
  -2.7396876e+01  -5.7136543e+01
  -7.4451520e+01  -1.4519316e+01
  -6.9789575e+01  -2.7966609e+00
  -2.4508052e+01  -8.4885927e+01
   4.6583765e+01  -8.6988244e+01
   1.8733233e+01   3.5674920e+01
  -9.9605584e+01   3.9337669e+01
   1.4803185e+00   4.3009534e+01
   8.9537669e+00   4.9485445e+01
  -5.3289154e+01  -6.8854268e+00
   5.3147151e+01  -2.7660392e+01
   7.0133350e+01  -2.2966891e+01
  -2.2050865e+01   7.0454394e+01
  -2.8943449e+01   8.9579243e+01
  -6.2894628e+01   9.2303627e+01
   4.1189308e+01  -5.8105786e+01
  -4.7832465e+01   1.6266249e+01
   3.3567715e+01  -5.1626214e+01
   6.2834923e+01  -6.1946482e+01
  -8.1106109e+01  -4.7292598e+01
   3.0649875e+01  -4.2078281e+01
  -8.6704824e+01   5.6764411e+01
  -5.8770949e+01  -5.0953133e+01
  -4.5638785e+01  -6.5495279e+01
  -8.7581746e+01  -1.1809768e+01
  -1.1204548e+01  -1.3555046e+01
   5.9823859e+01   1.6067927e+01
   6.1932143e+00   8.1759446e+00
  -6.2312238e+00  -8.4276331e+01
   5.5998990e+01  -6.5914279e+00
  -2.5677136e+01  -8.0522504e+00
   9.6996531e+01  -1.1303225e+01
   1.5170069e+01   1.2452754e+01
  -3.9235522e-01   2.5658477e+01
   2.6405056e+01   5.5485373e+01
   4.2134486e+01   7.7061374e+00
   4.9262194e+01   9.9914349e+01
   8.3413140e+01   5.6265271e+01
   4.9916121e+01   5.7473891e+01
   9.9240913e+01   1.9885884e+01
  -9.9122157e+01  -1.3340576e+01
   8.5440689e+01   4.5915101e+01
  -2.9445758e+01  -7.6555870e+01
  -1.8441964e+01  -6.1533269e+01
  -4.6025518e+01  -7.5203663e+01
   2.0707509e+01  -2.3340221e+01
   6.3456315e+01  -7.5718921e+01
  -1.8943493e+01   8.9549405e+01
  -1.3177474e+01   6.5846151e+01
  -1.7994941e+01   7.9594451e+01
  -1.6262226e+00   9.0953595e+01
   9.2653733e+01  -6.8155084e+01
   2.7508002e+01  -7.4368315e+01
   3.8120069e+01   7.3524574e+01
   1.2611307e+01   6.9072816e+01
  -5.5569182e+01   5.3336680e+01
  -3.4910863e+01   4.1528975e+01
  -5.3391953e+01   8.9190978e+01
   6.3936556e+01  -4.3330222e+01
  -1.5554069e+01   3.7854575e+01
  -3.5008310e+01   8.1385771e+01
   9.8487509e+01  -3.6862179e+01
   8.9664375e+01  -3.2155555e+01
   4.2198155e+01   9.2893929e+01
  -7.4175619e+01   4.6035592e+01
   8.0846501e+00  -3.9167717e+01
  -7.2096380e+01  -3.6780381e+01
  -8.7339980e+01  -8.3841160e+01
  -5.9804654e+01  -8.8862052e+01
  -6.7327274e+01   6.8873329e+00
  -6.4948651e+01  -5.8905728e+01
  -6.3796205e+01   2.0050794e+01
  -2.6127815e+00  -4.6920417e+01
  -2.7352671e+00  -1.8676542e+01
   1.5214185e+01   8.1303323e+01
  -2.0062357e+01  -3.1183500e+01
  -3.3006201e+00   4.6125365e+00
   4.3983041e+01  -9.6475907e+00
  -9.4451235e+01   5.0439012e+01
   9.6051181e+01   7.9960582e+01
   2.1627691e+01  -4.6310828e+01
  -7.0257087e+01  -9.2576059e+01
   4.8195320e+01   7.6308643e+01
  -1.3949727e+01  -3.9737326e+00
  -3.7832194e+01  -3.2085757e+01
   5.0075658e+01   1.3790318e+01
   2.7264428e+01   4.0467707e+01
  -6.6113420e+01  -1.9327319e+01
  -3.5282055e+01  -9.1743727e+00
   9.2486917e+01  -2.4572307e+00
   1.0376318e+01  -6.9244921e+01
  -7.9164963e+01  -6.0722583e+00
  -6.2783485e+01  -9.9118241e+00
  -4.4536454e+01  -1.1329447e+01
   8.8127760e+01   1.8743744e+01
  -2.0286845e+01  -5.0190042e+01
  -3.5331883e+01  -9.1134866e+01
  -2.0333851e+01  -7.2469511e+01
   7.7660963e+01  -1.6437883e+01
  -4.2037189e+01   8.1406823e+00
   5.5000861e+01  -7.0364235e+01
   3.7271554e+01  -7.8396888e+01
   3.6414525e+01   2.5749814e+01
   4.4427372e+01   4.0334971e+01
   4.6192621e+01  -3.6338886e+01
   5.6095670e+01  -3.7202734e+01
   6.6001111e+01  -8.5389308e+01
   3.3429034e+01   4.8060933e+01
   5.5762251e+01  -8.2097013e+01
   6.0993762e+01  -1.8963936e+01
  -6.7972925e+00   7.3546110e+01
   3.6019721e+01  -3.3700749e+01
   4.5514392e+01  -6.7159379e+01
  -5.1459709e+01   4.7176583e+00
   3.2562098e+01  -8.7192317e+01
  -2.4187879e-01   5.3387523e+01
  -8.5049620e+01   4.6909957e+01
   1.6349608e+01   9.8240662e+01
   6.7983488e+01  -5.2431857e+01
  -2.1691321e+01   9.9164469e+01
   5.2948358e+01  -6.0511479e+01
   7.4905022e+01  -5.9600275e+01
   8.0118257e+00  -7.8938811e+01
  -8.8322333e+01   6.6627849e+01
  -9.7105601e+01   7.1403338e+01
   9.5641607e+01  -5.4987908e+01
  -4.2230473e+01   4.8311199e+01
   1.8188044e+01   4.5658545e+01
   2.7830535e+01   9.6877231e+01
   1.7686194e+01  -9.8761933e+01
   1.2074466e+01  -9.0600516e+01
   6.4709859e+00   6.0965797e+01
  -6.4652099e+01   8.0656001e+01
  -7.2332120e+01   8.8999127e+01
  -9.5098943e+01   9.8239005e+01
   7.9662858e+01  -3.1295078e+01
  -2.8377666e+01   6.2642940e+01
  -3.2287300e+01   3.1310660e+01
  -1.8058290e+01   4.8191414e+01
  -7.2006245e+01   3.2573294e+01
  -7.5354772e+01  -6.2161234e+01
  -9.7679239e+01  -8.4958218e+01
  -8.7145949e+01   8.8688930e+01
  -6.4876233e+01   4.9697923e+01
   2.9520251e+01  -6.0721084e+01
  -9.9571612e+01  -9.8186429e+01
  -4.3399776e+01   2.6329347e+01
  -5.2116779e+01  -5.8174131e+01
  -7.7657540e-01  -5.5283293e+01
   3.5642604e+01  -6.8563401e+01
  -7.7232543e+01   5.7201817e+00
  -6.4866141e+01  -8.0599186e+01
  -3.7855978e+01  -5.8189501e+01
  -8.7067484e+01  -2.9063760e+01
  -8.2390343e+01  -2.0334238e+01
  -7.3931303e+01  -2.5651160e+01
   2.1979332e+00  -6.3614426e+01
  -1.2977995e+01  -4.3079173e+01
  -8.6041851e+01   7.7782662e-01
   5.3725626e+01   3.5349831e+01
  -5.8965308e+01  -3.8092086e+01
  -9.0721709e+01  -4.1608366e+01
  -5.6071425e+01  -7.5920916e+01
  -2.9897733e+01  -3.7953190e+01
   5.2793435e+01   2.3689152e+01
   6.4458180e+01   6.5288158e+00
   7.1891601e+01   1.2835198e+01
  -5.0879696e+01   7.0061755e+01
  -9.3018342e+01  -7.5578102e+01
   6.5843552e+01  -4.8382162e+00
  -5.8533054e+01   1.1633177e+01
  -6.0255659e+01   3.7428299e-02
  -4.1874789e+00   3.4880023e+01
   8.5802433e+00   1.9913129e+01
   3.6092075e+01   5.7496534e+01
   6.8130913e+01   6.6056777e+01
   4.2598465e+01   6.4722782e+01
   1.8223202e+01   2.2015400e+01
  -8.9379079e+01   2.2590213e+01
   2.4442198e+01   8.8170416e+00
  -3.4422186e+01   1.2305880e+00
   2.1481409e+01   6.4473670e+01
   3.0629330e+01   8.0077678e+01
   8.2013142e+01   8.4769444e+01
   6.0385043e+01   7.2324976e+01
   6.9012584e+01   9.7336607e+01
   6.8758010e+01   5.6190200e+01
   5.1380748e+00  -1.6471524e+00
   5.9564158e+01   6.1056627e+01
  -5.0571531e+01  -1.8453114e+01
   8.8564651e+01   2.8687755e+01
   5.2240022e+01   8.8998056e+01
   7.8307272e+01   2.0402724e+01
  -1.5963415e+01  -9.2299976e+01
  -2.8527044e+01  -6.6798504e+01
  -3.0306089e+01  -4.7797825e+01
   8.1262117e+01   9.9726082e+00
  -3.7962941e+01  -8.1682198e+01
   3.1067751e+01  -1.2244426e+01
   4.3255630e+01  -2.6896419e+01
   4.7261315e+01  -6.2934179e-01
   2.6225275e+01  -3.1797413e+01
  -3.3579181e+01  -1.8949631e+01
   9.0810428e+01  -9.0643715e+01
   9.9564144e+01  -9.6305532e+01
   2.7484431e+01  -9.5794506e+01
   6.4657424e+01  -9.5298536e+01
   5.5191685e+01  -9.2076497e+01
  -1.0875130e+01   9.5457156e+01
  -9.3229789e+00   8.4572059e+01
   8.1759824e+01  -9.4896547e+01
   3.0640223e+01  -2.2921010e+01
  -3.4328813e+01   9.8005265e+01
  -3.2661409e+01   7.1669545e+01
  -4.6428018e+01   5.7373824e+01
  -2.4985723e+01   4.0986581e+01
   8.2315777e+01  -4.0926387e+01
  -3.6612843e+00   6.2781366e+01
  -4.4009165e+01   3.7492989e+01
  -6.2406621e+01   2.9899249e+01
   2.7176224e+00   7.0477965e+01
   5.8010107e+01  -5.1904763e+01
  -6.0156040e+00  -9.9544993e+01
   7.0372392e+01  -6.8504813e+01
  -5.1369742e+01   4.4262835e+01
   9.6012654e+01  -7.7570345e+01
  -3.6263722e+01   5.6499986e+01
  -7.9027798e+01   7.0309417e+01
   1.6801713e+00   8.0421990e+01
  -8.4549908e+01   7.9031792e+01
   7.0936704e+00  -9.9894427e+01
   2.1057215e+01   8.9418159e+01
  -6.9778066e+01   9.9557334e+01
   9.4955156e+01  -2.1055744e+01
  -4.3463240e+01   9.0380406e+01
   2.2421503e+01   7.4396912e+01
   1.1109624e+01   2.9458024e+01
   2.7578035e+01   3.0463500e+01
  -9.6129424e+01   6.0378305e+01
   6.2704248e+00   9.8036952e+01
   4.0377218e+01  -4.4379437e+01
   7.1048109e+01  -3.6329830e+01
   1.7663806e+01  -7.6108238e+01
   3.9675577e+01  -9.4216181e+01
   8.5666249e+01  -5.5668125e+01
  -9.7008245e+01   2.9028942e+01
   8.5788525e+01  -1.0307852e+01
   7.5670066e+01  -6.6953696e+00
  -2.8477879e+01   2.0574578e+01
  -7.7221829e+01   2.4064691e+01
  -8.3841912e+01  -5.6882033e+01
  -6.6413889e+01  -4.4777967e+01
  -7.2642014e+01  -5.2555030e+01
  -8.3271147e+01  -7.3443011e+01
  -9.0098602e+01   3.6252584e+01
  -7.6762903e+01   5.5693284e+01
  -9.7142311e+01   8.8419866e+01
  -9.0914883e+01  -9.3180329e+01
   2.1191920e+01  -1.3376430e+01
   1.3115878e+01  -7.6071280e+00
  -1.2985406e+01  -2.3406220e+01
  -1.9152135e+00  -2.8359357e+01
   1.9850430e+01  -6.6156213e+01
  -1.0165870e+01   5.4527754e+01
  -8.3393803e+00   4.4717248e+01
  -3.7879107e+01   1.7206207e+01
  -6.4999862e+01   3.9701091e+01
   9.0104313e+00  -4.8837018e+01
  -4.9097920e+01  -8.3514337e+01
  -8.0083717e+01  -9.0722049e+01
  -9.5758775e+01  -5.8503340e+01
   9.2783785e+01   9.5710667e+01
  -1.9491710e+01   5.8086866e+01
  -1.0554279e+01  -3.3371829e+01
  -8.2438229e+01   1.5438963e+01
   8.7899961e+01   7.4186392e+01
  -7.2524040e+01   1.5289325e+01
  -9.4440510e+01  -4.5428229e+00
   7.8466978e+01   9.4110434e+01
  -8.1785269e+01  -3.7382625e+01
   1.7822317e+01  -3.7096374e+01
   6.2869929e+01  -2.9801552e+01
  -7.3944506e+01  -7.6836283e+01
  -5.8086295e+01  -6.6153080e+01
   6.1271906e+01   2.8975446e+01
  -2.9141899e+01  -2.7739460e+01
  -4.0714676e+00  -5.4718118e+00
   3.6662981e+01   1.5835759e+01
  -9.8971602e+01   4.3575941e+00
  -5.4747079e+01   7.9283433e+01
   5.1407385e+01  -1.6257216e+01
  -1.1891088e+01   2.8618054e+01
   6.8446522e+01   7.8007511e+01
   9.0518875e+01   6.3010794e+01
  -2.3600997e-01   1.5686564e+01
  -9.7410523e+01   1.6541413e+01
   1.8825400e+01   5.5743240e-01
  -2.2531312e+01   1.1865040e+00
   9.1748180e+01   3.8158646e+01
   5.9219109e+01   9.9277103e+01
   9.2791940e+01   5.2881236e+01
  -2.6078842e+01  -9.4567005e+01
   7.8052192e+01   7.5601599e+01
  -5.1351415e+01  -3.1526700e+01
   7.6161186e+01   4.9780462e+01
   6.0229877e+01   5.1343159e+01
   5.4956924e+01   5.1780462e+00
   2.6167759e+00  -8.8143937e+01
   5.2658309e+01   4.5276176e+01
   9.9751852e+01   4.3595472e+00
  -5.7803300e+01  -2.4210083e+01
  -4.2334792e+01  -2.3568165e+01
  -1.5379268e+01  -8.1577375e+01
  -2.0978647e+00  -7.6710729e+01
   9.8448879e+01   2.9850319e+01
  -4.1494281e+01  -9.8750958e+01
  -5.0642204e+01  -9.1828728e+01
   8.2810723e+00  -5.8081206e+01
  -1.3386491e+00  -6.9388015e+01
