  -7.5135242e+01  -5.2246046e+01
   8.5092178e+00  -7.9803059e+01
  -6.3495812e+01  -2.8461286e+01
   9.1110015e+01   4.8080478e-02
  -5.8507809e+01   4.3689597e+01
   6.0038139e+01  -6.5430426e+01
   6.5432799e+01  -3.0322310e+01
  -9.4579977e+01  -5.6310287e+01
  -6.2982603e+01  -9.5555273e+01
   3.8730846e+01   4.3311229e+01
   3.1240762e+01   7.7503700e+01
  -4.5351825e+01   1.9792609e+01
   2.5548579e+01   4.6333661e+01
  -5.0345888e+01   3.7905754e+01
  -3.9169942e+01  -7.2199273e+00
   6.4122711e+01   7.2108387e+01
  -4.9005001e+00  -9.4786699e+01
   3.8075428e+00  -5.2085795e+01
   6.1620763e+01   2.8485406e+01
  -9.3125160e-01   5.6583380e+01
   3.8081277e+01   3.3387462e+01
   4.9807873e+01   4.8906808e+01
  -9.0537360e+01   6.1570121e+01
   5.1275818e+01   2.9228472e+00
  -2.2797684e+01   5.4730721e+01
   2.1163350e+01  -3.4449894e+01
  -6.4424164e+01  -1.8589948e+01
   3.4359058e+01  -4.0139471e+00
  -7.9665243e+01  -4.0550543e+01
  -2.4511320e+01  -7.3715580e+01
   8.2114406e+01   7.1799087e+01
   4.9737636e+01   6.3383031e+01
   1.7927882e+01  -6.2425855e+01
   8.9202330e+01   9.8210693e+00
   7.9374863e+01   1.0882560e+01
   9.8855508e+01  -1.2069341e+01
  -1.8825263e+01  -4.6510822e+01
   5.8309868e+01  -9.1690781e+01
   2.7723266e+01   1.7728120e+01
   1.0046837e+01   3.9997187e+01
  -1.4055370e+01   3.9254663e+01
   1.0295081e+01   5.6597553e+01
  -3.2317687e+01   5.6245671e+01
  -7.9002458e+01   3.4321504e+01
  -7.3913580e+01   2.4139031e+01
   6.4882713e+01  -7.9457415e+01
  -6.5403020e+01   7.9196988e+01
   9.4705583e+01  -7.7042666e+01
   9.9329687e+01  -3.7284997e+01
  -3.6155978e+01  -9.3907321e+01
  -9.0243490e+01  -3.4914647e+00
  -9.7098594e+01   2.1624316e+01
  -6.1871704e+01  -7.2291823e+01
  -5.4981633e+01  -8.9849397e+01
   8.3686932e+01   9.2448022e+01
  -2.3099858e+01  -1.9538277e+01
  -5.4999190e+01  -2.3327212e+01
  -9.9924970e+01  -2.0882227e+01
  -2.0987132e+01   3.0719231e-01
   2.5560991e+01  -1.3024280e+01
   3.5269396e+01  -1.3787937e+01
   8.8818080e+01   4.3638343e+01
   7.9557611e+01  -1.8760890e+01
  -3.4464693e+01  -5.5599811e+01
   3.4322175e+01  -7.7248296e+01
  -3.1064692e+01   1.6590660e+01
   1.5036535e+01   8.2500965e+01
  -1.1718208e+01   8.7170729e+01
  -2.3404890e+01   4.4781757e+01
  -4.1879150e+01   1.0577200e+01
  -3.2669551e+01   6.9663645e+01
   5.1861988e+01   1.2688362e+01
   6.6805426e+01  -5.8884754e+01
   8.9334654e+01  -6.8258440e+01
  -9.6758585e+01   9.2658158e+01
   1.3516024e+00  -7.4833476e+01
  -8.4591316e+01   7.9211785e+01
   1.2982591e+01  -9.9087017e+01
   2.9508043e+01  -6.8874818e+01
   5.9352602e+01  -1.9743942e+01
   8.5123655e+01  -2.8911446e+01
   7.5132831e+01  -5.4005902e+01
  -8.9387663e+01  -3.4948619e+01
  -7.3021864e+01  -9.1679718e+01
  -8.2152009e+01  -9.0418607e+01
  -5.5807346e+01  -5.5464990e+01
  -8.0645416e+01  -3.0160816e+01
   2.6375256e+01   5.8545230e+01
   6.7893894e+01   5.9034679e+01
  -6.9851815e+01  -4.3884149e+01
   2.0518639e+01   3.7291932e+01
   3.5607782e+01   2.3757336e+01
  -1.1452794e+01  -2.3205647e+00
   7.0979767e+01   7.9381099e+01
   9.1026998e+01   7.6325327e+01
   1.9226243e+00  -1.4787274e+01
   8.6120798e+00  -6.0689575e+01
   6.0413158e+00   2.6013470e+00
  -7.1351883e+01  -7.0343065e+01
   2.4824063e+01  -2.1997732e+00
   6.9781273e+01   8.8277933e+00
   8.8826025e+01   2.4552588e+01
   6.9659292e+01  -1.1451354e+01
   5.7629385e+01   3.7600515e+01
   4.5121143e+01   7.6663279e+01
  -9.9592122e+01  -3.0876316e+01
   4.8330415e+00  -9.3507738e+01
   1.1864138e+01   9.2451406e+01
   9.9333552e+01   5.9645626e+01
  -3.7742350e+01  -7.3606664e+01
   8.9368984e+01   5.4457080e+01
  -1.4124877e+01  -5.8481888e+01
   5.2726368e+01  -8.3588181e+01
  -2.8437481e+01  -4.8089831e+01
   1.2651244e+01   1.2067727e+01
  -3.7647933e+01  -3.1797531e+01
   8.3560892e+00   7.3631973e+01
   5.2712173e+00   8.3008835e+01
  -8.6166478e+01   5.2502831e+01
  -9.4045434e+01   4.6434833e+01
  -6.0373600e+00   2.8784386e+01
  -1.3366953e+01   7.3604965e+01
  -2.3079077e+01   3.5045698e+01
  -1.0689456e+01   5.8148565e+01
  -2.0907852e+00   8.9508198e+01
  -6.1904415e+01   6.6980341e+00
  -6.2201925e+00  -3.2156705e+01
  -5.5803563e+01  -1.0025462e+00
  -4.8955372e+01   5.9123245e+01
   2.6721219e+01  -8.3386859e+01
  -7.3460128e+01  -1.4342041e+01
   3.8140781e+01  -5.2694792e+01
  -5.5276860e+01   9.1185782e+01
  -6.6452159e+01   9.8661636e+01
  -4.1334496e+01   5.2852193e+01
  -7.4855858e+01   7.8528332e+01
  -3.9331129e+01   8.3590531e+01
   5.8927516e+01  -4.3755357e+01
  -6.1195662e+01   2.5024623e+01
  -8.1820022e+01  -8.8718052e+00
   3.9711915e+01  -3.2760193e+01
  -8.0642524e+01   6.0705273e+01
  -1.5641477e+00  -4.3738970e+01
  -1.0394331e+00  -2.4018087e+01
   8.2861805e+01  -3.8789499e+01
  -8.3378952e+01   6.6764347e+00
  -9.3561881e+01   8.3248051e+01
  -4.7478944e+01  -8.3560848e+01
  -7.1572657e+01  -3.4193120e+01
  -7.2531219e+01  -2.4309052e+01
   6.4148475e+01   9.8067382e+01
   9.1764419e+01   3.4099618e+01
  -2.0840265e+00  -5.6850938e+00
  -7.8045685e+01  -6.1744458e+01
  -8.4885888e+01  -5.4039062e+01
   9.6861772e+01   8.4444016e+01
   7.3879833e+01   9.0505830e+01
   1.7171056e+01  -8.4717026e+00
   3.8830862e+01  -2.2913592e+01
  -8.8962819e+01  -4.4923990e+01
   6.7132800e-01  -6.5817275e+01
  -4.2741740e+00  -5.7875251e+01
  -9.0438101e+01  -2.5005758e+01
  -8.1541316e+01  -2.0229844e+01
   8.1198246e+01   1.1008418e+00
   9.9148565e+01   7.8650608e+00
   8.9148032e+01  -9.7366454e+00
   4.4590763e+01   1.9511906e+01
   5.6831569e+01   5.6014531e+01
   4.7117470e+01   2.9195652e+01
   5.4430328e+01   8.2343040e+01
   4.7779330e+01   3.9136184e+01
   7.9231321e+01  -8.6856106e+00
   6.2263080e+01  -4.7866415e+00
   2.7095462e+01   2.8986192e+01
   4.2890517e+01   5.6114887e+01
   7.0725335e+01   4.9447236e+01
  -4.7917607e+01  -7.2837558e+01
  -1.5871814e+01  -9.2346917e+01
  -1.5761528e+01  -7.7462402e+01
   5.1897257e+01  -9.9322029e+01
   4.6171681e+01  -9.1117723e+01
   4.3728778e+01  -7.0215980e+01
  -2.3753668e+01  -5.6753250e+01
   6.8115490e+01  -7.0247496e+01
  -4.7010786e+01  -5.9727956e+01
  -2.1277041e+01  -3.5488018e+01
   7.6474530e+01  -6.5384973e+01
  -4.5442685e+01  -2.5830182e+01
   9.1448204e+00   2.1415331e+01
   9.9544620e+01  -4.9785893e+01
   7.5272988e+01  -3.0107452e+01
   5.4630128e+01  -1.1003676e+01
   6.9921129e+01  -2.1413930e+01
  -2.8195234e+01   7.1551836e+00
  -5.1691143e+01   9.1722937e+00
   4.8891328e+01  -3.5862544e+01
  -7.5465344e+01   5.2458730e+01
  -3.0376827e+01   7.9372758e+01
   4.6691737e+00   4.8353237e+01
   4.4147435e+00   6.4676770e+01
   3.3956642e+00   3.1920173e+01
  -1.8807013e+01   6.3745277e+01
  -2.9581877e+01  -4.4854912e+00
  -3.2802378e+01   3.5327288e+01
  -3.6640770e+01   2.4625657e+01
  -6.8467640e+01   1.4233284e+01
  -9.9677384e+01  -9.5691231e+01
  -2.8055758e+01   9.9162762e+01
   6.0786720e+01   5.0293692e+00
   3.9774859e+01   1.0784941e+01
   9.3652378e+01  -5.9016776e+01
   7.1548136e+01  -9.8103675e+01
   1.9136624e+01  -9.1448175e+01
   4.3174951e+01  -6.0626984e+01
  -9.2771355e+01  -7.5664282e+01
  -7.8398707e+01   1.5292438e+01
  -4.1522623e+01   4.2229796e+01
  -4.9041578e+01   8.4333509e+01
   4.5029485e+01  -1.3135672e+01
  -8.0999869e+01   8.8353359e+01
  -2.0054615e+01   8.1829204e+01
  -5.6700566e+01   5.3125643e+01
  -7.1474824e+01   9.0028252e+01
  -9.4859167e+01   3.3714177e+01
  -5.0407994e+01   6.8810230e+01
   3.5877242e+01   6.4124559e+01
  -3.8370128e+01  -8.3059339e+01
   2.8724983e+01  -4.9676673e+01
  -4.2205863e+01   3.2536156e+01
  -5.0956742e+01   2.7964276e+01
   2.8727361e+01  -2.2032523e+01
   1.1706726e+01  -4.3360144e+01
   2.1379041e+01   8.9706374e+01
   8.3754382e+01  -5.8780412e+01
   1.4536137e+01  -5.2889078e+01
   1.7224658e+01  -8.2109046e+01
   6.6745184e+01  -4.9109180e+01
   5.7531600e+01  -5.4466360e+01
  -6.5231618e+01  -5.2679579e+01
   3.6984982e+01  -8.6984058e+01
  -7.2827594e+01  -8.0597503e+01
  -6.3792345e+01  -8.5298009e+01
  -8.9900199e+01  -1.4914842e+01
  -8.4125453e+01  -8.0676088e+01
   7.2925587e+01  -3.9918214e+01
   8.3301864e+01  -4.8765160e+01
  -9.9401956e+01   5.7038908e+01
  -9.0733099e+01   7.1494855e+01
  -8.0240765e+01   7.0365222e+01
  -9.9856057e+01   7.5517266e+01
  -6.4637448e+01  -6.2708227e+01
   5.4136080e+01   7.2351194e+01
  -9.8027068e+01  -6.5686644e+01
   2.5857370e+01  -5.8278941e+01
  -8.9212030e+01   1.5473697e+01
  -5.6095044e+01  -7.9913300e+01
  -5.9930318e+01  -4.4086933e+01
   3.3818939e+01   5.1950656e+01
   1.5733075e+01   4.8214571e+01
   1.7639357e+01   6.3346571e+01
  -9.3343572e+01   6.0155241e+00
   2.2262056e+01   9.4158050e+00
   3.1373720e+01   5.4348759e+00
   1.9055794e+01   2.2580048e+01
  -3.8160767e+00   4.0662477e+00
   7.3043468e+01   6.7602990e+01
   8.0703231e+01   8.1703937e+01
   6.4515068e+01   8.7006031e+01
   7.7011162e+00  -6.9746584e+00
  -9.6478953e+00  -1.2118207e+01
   9.3580936e+01   9.3889637e+01
   9.7485616e+01   4.8616588e+01
   4.8725866e+01  -2.2204984e+01
  -1.1192045e+01  -4.0357878e+01
   3.3206397e+00  -3.5043516e+01
   8.8131540e+00  -2.5313151e+01
  -8.1128867e+01  -7.1225631e+01
   9.8632899e+01   2.6849892e+01
   9.0140989e+01   6.4425735e+01
  -8.8150800e+01  -6.4203879e+01
   9.5725910e+01   1.7316298e+01
   9.9760623e+01  -2.2025405e+01
   1.5860775e+01   1.7906299e+00
   8.0708767e+01   4.9466868e+01
   6.8933526e+01   2.1188377e+01
   4.6201870e+01   9.4180507e+01
   2.6933531e+01   6.8496299e+01
   3.8612637e+01   8.4248445e+01
   7.1607289e+01  -1.4957058e+00
   5.6010611e+01   9.2256820e+01
   1.8272563e+01   7.3256591e+01
   6.1056887e+01   4.6963000e+01
  -2.8889264e+01  -6.5082211e+01
  -3.8620794e+01  -6.4229875e+01
   7.9591147e+01   2.0773448e+01
  -9.5196205e+00  -4.9855719e+01
  -2.8405700e+01  -2.7997273e+01
   5.4152875e+01   2.2207155e+01
   3.7778952e+01  -9.7243328e+01
  -3.0693120e+01  -3.8655438e+01
  -5.5992610e+01  -3.4885542e+01
  -5.4850755e+01  -6.5512072e+01
  -9.8050404e+01  -4.0755980e+01
  -5.3066367e+00   7.9474719e+01
   9.1688112e+01  -4.3629899e+01
   2.6068253e+00   1.1652075e+01
  -8.0765376e+01   4.4112111e+01
  -4.9381555e+00   6.8270100e+01
  -4.1317950e+00   3.8324755e+01
   1.3182577e+01   3.0553996e+01
  -6.8855334e+01   3.2623485e+01
  -7.7929263e-01   2.0696156e+01
  -5.2535108e+00   4.7915100e+01
  -1.4810365e+01   4.9170325e+01
  -1.3295743e+01  -2.1370690e+01
  -2.1158826e+01  -9.7424667e+00
  -9.2767287e+01  -8.8462775e+01
   4.3751420e+01  -7.9840218e+01
   5.6272579e+01  -7.4418365e+01
   4.1596686e+00   9.8633636e+01
  -3.2889741e+01   4.6160380e+01
  -2.6763508e+01   2.5788935e+01
  -5.7889121e+00   9.8739544e+01
   9.7937408e+01  -8.6506033e+01
  -3.1497198e+01  -1.4183840e+01
  -5.8632454e+01   1.5903719e+01
   8.1073203e+01  -9.5064285e+01
   9.9323854e+01  -6.7229180e+01
  -4.9085902e+01  -8.4286363e+00
   6.7866307e+01  -8.8868721e+01
  -3.9766767e+01   6.2784533e+01
   2.8089108e+01  -9.5342198e+01
  -4.1068742e+01  -1.6937261e+01
  -5.9310761e+01  -1.0180341e+01
  -7.1381743e+01   3.8503819e+00
  -6.8426857e+01  -5.7022956e+00
  -8.3894205e+01   2.3936065e+01
   3.6206622e+01   9.3950346e+01
  -3.6007848e+01   9.3147595e+01
  -2.3236168e+01   7.2492524e+01
  -2.7138633e+01   8.8780062e+01
  -4.1756548e+01   7.3687784e+01
   4.4022461e+01  -3.3916135e+00
  -1.5735754e+01   2.8852328e+01
  -3.6594011e+01   2.3270551e+00
  -6.6041275e+01   5.0007074e+01
  -4.6205323e+01   1.0624186e+00
  -8.9458928e+01   9.9475766e+01
  -2.5281208e+01  -9.5007921e+01
  -7.7477381e+01   9.7769591e+01
  -4.9394614e+01   4.7555991e+01
  -1.8802364e+01   9.4199938e+01
   1.2055595e+01  -7.0147800e+01
  -5.5697354e+01   7.7095079e+01
   3.1004375e+01  -4.0582178e+01
  -9.8330393e+01  -9.6307642e+00
   5.5776500e+01  -2.8992515e+01
  -1.4146689e+01  -6.8094968e+01
  -7.0225245e+00  -7.6777180e+01
  -2.1389531e+01  -8.4339160e+01
  -3.0040416e+01  -8.6466594e+01
  -6.2685474e+01   8.7130599e+01
  -5.9196578e+01   3.4219634e+01
  -4.5922152e+01  -9.3719206e+01
   3.0231917e+01  -3.1239002e+01
  -4.5863325e+01   9.3844617e+01
   2.1346625e+01  -7.3481968e+01
  -8.6990583e+00  -8.5962840e+01
   5.1565462e+01  -6.2808327e+01
   4.0124544e+01  -4.3692011e+01
   3.4362791e+01  -6.1266945e+01
   2.1272895e+01  -4.4009992e+01
   2.6265867e+01   9.7989192e+01
   4.9592880e+01  -4.5671233e+01
  -5.6124250e+01   9.9987881e+01
  -6.9621179e+01  -8.9438668e+01
