   3.9517928e+01  -4.2553430e+01
  -6.7301792e+01   9.0848437e+00
   7.6395536e+01   6.2061634e+01
  -6.1344366e+01  -5.6372039e+01
   7.2179617e+01  -4.1924041e+01
   5.6397092e+01  -3.2577185e+01
  -7.5185131e-01   6.6982583e+01
  -9.6306609e+00   6.2460027e+01
  -3.1613558e+01   4.4043418e+00
  -4.5247457e+01   1.6420145e+01
   2.5453543e+01  -4.8649672e+01
   4.1281396e+01   8.9495067e+00
   3.4300838e+00  -7.2913164e+01
  -1.5370610e+01  -2.7819653e+01
   8.3938175e+01   8.2281612e+01
  -6.1906882e+01  -2.4936367e+01
   8.6323461e+01   3.6238575e+00
   7.4364477e+01   7.9723051e+01
  -6.0425294e+01   5.0714602e+01
  -8.4225025e+01   8.9030155e+01
   6.2269521e+01  -6.8929462e+01
   4.5085563e+01  -9.4947306e+01
  -7.5987235e+01   3.5329243e+00
  -3.2619881e+01   7.6762325e+01
   5.2327043e+01   3.6627024e+00
  -9.3102926e+01   2.8003226e+01
   6.3704848e+01  -2.4090840e+01
  -3.3684993e+01  -6.7793426e+01
  -8.8792974e+01  -5.6313352e+01
  -9.8892980e+01  -8.9916049e+01
   3.8110656e+01   5.7928720e+01
  -6.1129795e+01  -8.8877610e+01
   1.4532375e+01   2.9961269e+00
   9.6117822e+01   6.4234390e+01
   3.8395753e+01   4.0106844e+01
   2.7201372e+01   7.2183181e+01
  -3.8358462e+01  -2.8332141e+00
  -3.7389141e+01   2.2925325e+01
   2.5776059e+01   4.3412408e+01
  -4.5451518e+01   3.6844282e+01
  -7.8747403e+01   4.3084057e+01
  -3.4619198e+01  -1.4456456e+01
   6.7428842e+01   6.8295296e+01
  -8.7698534e+01   3.8627631e+01
   7.4300767e+01  -5.7538532e+01
  -8.9833709e+00  -8.8359119e+01
   8.0083186e+00  -4.1497271e+01
  -5.8067240e+00  -2.4854870e+01
   3.2905131e+00  -5.0292154e+01
  -9.4850491e+01  -7.6255973e+01
  -7.4835947e+01  -9.3130009e+01
  -8.4573932e+01  -9.8062521e+01
  -9.8847757e+00  -9.8305203e+01
   9.9453176e+00   1.1742465e+01
   7.7092553e+00   2.2398402e+01
   1.1336793e+01  -3.1098077e+01
   6.1885586e+01   2.7974712e+01
   3.8149196e+01   8.6286425e+01
  -3.9428976e+00   4.9363198e+01
   2.2485451e+01   1.0722450e+01
  -3.2091128e+01   5.6933351e+01
   4.2770113e+01   3.1262838e+01
   5.0549061e+01   4.8865959e+01
  -6.1766711e+01   9.8006626e+01
  -4.7684050e+01   7.7409938e+01
  -8.6737192e+01   5.9345005e+01
  -7.7262327e+01   8.1861450e+01
   5.3026542e+01  -6.6255457e+00
  -2.3255712e+01   5.2308203e+01
   4.0947860e+01  -6.3562512e+01
   1.7888442e+01  -3.8597228e+01
   4.4942158e+01  -5.1306569e+01
  -6.0836265e+01  -1.5001607e+01
   4.7750876e+01  -1.4979354e+01
   7.5467386e+01  -2.3348201e+01
   3.5272534e+01  -1.7007280e+00
  -7.8863251e+01  -4.2075672e+01
  -9.9018591e+01   3.6065684e+01
  -1.9185368e+01  -6.8715657e+01
  -1.5058527e+01   8.7611920e+01
   1.9320233e+01   6.6010576e+01
   2.1926013e+01   5.6205655e+01
   1.1672284e+01   9.6606013e+01
  -6.9517762e+01  -4.4947187e+01
   8.0653146e+01   7.2168368e+01
   4.8446114e+01   6.7395960e+01
  -5.4677587e+00   8.4848254e+01
   9.8491525e+00  -1.6018545e+01
  -8.6645824e+00  -9.6300936e+00
  -2.4991977e+01  -3.0235836e+01
   9.9963284e+01   5.1059480e+01
   3.0943111e+01  -2.4719288e+01
   2.0812724e+01  -5.8521960e+01
   8.0956521e+01   1.2914627e+01
   7.4504602e+01   2.0122868e+01
   9.6849785e+01  -1.2389101e+01
   6.7190701e+01   5.8323710e+01
  -2.7236328e+01  -3.9932950e+01
  -2.6871030e+01  -7.5097262e+01
   5.3808439e+01  -8.9749351e+01
   8.4184560e+01  -5.5274297e+01
   1.2433186e+01   3.0943292e+01
   2.5957779e+01   2.2170034e+01
   6.9257778e+00   3.8968555e+01
  -1.6336865e+01   3.4344605e+01
   1.2030602e+01   5.7311321e+01
  -4.0035365e+01   5.0885611e+01
  -7.2523085e+01   3.5262729e+01
  -8.3953425e+01   1.9910004e+01
  -7.4281140e+01   2.4806045e+01
   2.2787967e+01  -7.3805908e+01
  -7.6739090e+01   9.5745655e+01
   6.5094577e+01  -7.8440808e+01
  -5.7650565e+01   7.8075593e+01
   3.2091160e+01  -7.0163665e+01
  -9.1881631e+01   6.8246387e+01
   9.0758511e+01  -6.9233948e+01
  -3.6614706e+00  -7.9919826e+01
   8.7135619e+01  -2.9357204e+01
   3.5379359e+01  -9.8920652e+01
   9.1519435e+01  -4.1527519e+01
  -2.3173203e+01  -9.3809171e+01
  -3.8030282e+01  -8.7585916e+01
  -9.0619699e+01  -3.5961090e+00
  -9.0013558e+01  -8.5006160e+01
  -5.7422177e+01  -5.6195548e+00
  -9.3763930e+01   1.7977816e+01
  -6.1575255e+01  -6.6325316e+01
  -5.3219482e+01  -8.2771853e+01
  -6.6056512e+01  -7.5228483e+01
   3.1028395e+01   9.3272154e+01
  -5.1370865e+01  -2.2878156e+01
  -1.3404628e+01  -4.6523083e+01
   8.7421054e+01   9.4565305e+01
   4.8340531e+00  -2.0152553e+00
  -2.3871033e+01  -1.9202511e+01
  -4.4212229e+01  -2.9848490e+01
  -9.8749468e+01  -2.5659944e+01
  -2.2459191e+01   1.0326943e+00
   2.3136485e+01  -9.1792273e+00
   3.6378564e+01  -1.1350456e+01
   8.5351239e+01   4.6948549e+01
   7.9975002e+01  -1.4472036e+01
   9.8730583e+01   8.7644010e+00
   3.5982487e+01   7.6787015e+01
   5.7824015e+01   5.5245210e+01
   1.9970153e+01   7.8963957e+01
  -1.8401977e+01  -8.5030222e+01
  -3.5339481e+01  -5.7951942e+01
   5.2432157e+01  -6.7668868e+01
   4.5807040e+01  -8.3757452e+01
   3.6345683e+01  -7.9157197e+01
   6.2346325e+01  -4.0480060e+01
   2.2154867e+01   9.8665532e+01
   6.8593991e+01  -3.2683907e+01
   5.8409175e+01  -1.5085406e+01
   6.3610292e+01  -7.0271246e+00
  -3.2653925e+01   1.4213611e+01
  -2.2060781e+01   4.2421518e+01
   1.0369840e+01   7.6761507e+01
  -1.8826503e+01   7.8353758e+01
  -2.6069753e+01   3.2474195e+01
   6.8527570e+00   4.8811791e+01
   1.9714247e+00   5.7427367e+01
   1.5855827e+00   3.0519362e+01
  -4.1070457e+01   7.3745256e+00
  -5.8185672e+00   9.8788898e+01
  -5.4336090e+01   2.0556136e+01
   1.0019120e+01   8.6746597e+01
   4.1148256e+01   4.9075032e+01
   3.5025937e+01   2.5722880e+01
   5.0199345e+01   1.2860406e+01
   5.4963564e+01   2.1157351e+01
  -7.6256756e+01   1.3529176e+01
  -2.6548102e+01   8.4701955e+01
  -4.0530484e+01   7.0430033e+01
   5.9941946e+01   1.1505533e+01
   6.6178508e+01  -8.8336832e+01
   2.3677278e+01  -9.2387231e+01
   4.4633725e+01  -9.9235688e-01
   7.2075170e+01  -6.7274761e+01
  -4.3101408e+01   6.0705986e+01
   8.1756469e+01  -6.4941263e+01
  -4.8851042e+01   8.8246242e+01
  -9.5301557e+01   9.1876578e+01
  -1.3068636e+01  -7.6589178e+01
  -5.7433967e+01   4.1100661e+01
  -3.7113749e+01   9.3249537e+01
   3.0710264e+01   5.1439959e+01
  -8.4837255e+01   7.5340891e+01
  -3.6020352e+01   3.2800306e+01
   1.0703027e+01  -9.2088028e+01
  -2.5223704e+01   9.4610380e+01
   3.0626625e+01  -6.0332969e+01
   5.3296260e+01  -2.3247278e+01
   4.8831327e+01  -3.9041744e+01
   1.2962460e+01  -7.5853293e+01
  -3.9141879e+00  -4.3528200e+01
   1.5542834e+01  -4.8039672e+01
   2.3132232e+01  -3.0449088e+01
   3.7003975e+01  -8.9079451e+01
  -5.5441948e+01   3.1315648e+01
   3.1614131e+01   7.0618152e+00
   2.8844796e+01  -3.9277129e+01
  -9.5762503e+01   6.5299115e+00
  -7.1240666e+01  -5.7343876e+01
   6.2394503e+01  -5.9012550e+01
   7.9892063e+01  -3.5883025e+01
  -7.9888429e+01  -7.4431065e+01
   6.7286592e+01  -5.0435634e+01
  -9.8855393e+01   7.5418465e+01
  -8.6468076e+01  -3.5648101e+01
  -7.0046048e+01  -8.4366573e+01
  -8.0036021e+01  -8.4429861e+01
  -5.5846835e+01  -9.7483205e+01
  -5.1610608e+01  -5.8455280e+01
  -5.3977681e+01  -7.2807251e+01
  -7.8654458e+01  -2.9369746e+01
   5.5746959e+01   7.4173073e+01
   2.9485309e+01   6.2589117e+01
   1.6748538e+01   4.7710908e+01
   6.8515919e+01   4.8456185e+01
  -5.9829244e+01  -4.6549628e+01
  -9.5439517e+01  -9.9300802e+01
   2.0748678e+01   3.6369264e+01
   6.3413993e+01   9.7503447e+01
   3.2710565e+01   1.6343360e+01
  -1.2967694e+01  -8.4203707e-01
   9.9043285e+01   7.8279534e+01
   6.4648655e+01   7.8324216e+01
  -1.3608289e+01  -1.8139455e+01
   9.0592161e+01   7.2959866e+01
   8.2871018e-01  -1.2127839e+01
   9.4291944e+01   4.2856114e+01
   1.3376057e+01  -6.6046890e+01
   1.0856481e+01  -5.6612969e+01
   8.3226470e-02   1.1582651e+01
  -7.2113715e+01  -6.7282888e+01
   2.4169687e+01   6.9917708e-01
   6.8275721e+01   6.3296335e+00
   8.3859634e+01   2.2782919e+01
   8.6162042e+01   6.3966775e+01
   6.8451828e+01  -1.5468427e+01
   9.9857321e+01   3.2605877e+01
   6.0117464e+01   3.6893327e+01
   4.6286478e+01   9.1728580e+01
   8.8219099e+01  -1.9638515e+01
   4.6473770e+01   7.7726175e+01
   3.8518534e+01   6.7466162e+01
  -9.6443441e+01  -3.4469575e+01
   4.5727114e-01  -9.1689576e+01
   2.8634106e+01   8.3632253e+01
   1.9769087e+01   8.8956492e+01
   9.0912648e+01   5.5248940e+01
  -4.3289510e+01  -6.3940922e+01
  -2.5982151e+01  -6.1424480e+01
   5.8148411e+01   6.4746476e+01
   7.7247220e+01   5.2279021e+01
  -2.1244651e+01  -5.2652663e+01
   5.7333561e+01  -9.9105247e+01
   4.4691983e+01  -7.3828549e+01
  -3.0616244e+01  -4.9232164e+01
   1.6820284e+01   1.8821228e+01
  -1.7632795e+01  -3.7501608e+01
  -3.5060895e+01  -3.3824951e+01
  -5.3781950e+01  -3.2714177e+01
   9.6615973e+01  -5.0131314e+01
   9.2354948e+00   6.6869190e+01
  -9.3671990e+00   7.5120321e+01
   4.6028065e-01   7.6853182e+01
  -8.6316802e+00   2.8289926e+01
  -2.9725571e+00   3.9408145e+01
  -7.5295802e+01   5.4045022e+01
  -9.5153919e+01   4.5288399e+01
  -1.2099896e+01   4.3346902e+01
  -1.9292035e+00   2.1189853e+01
  -1.7627812e+01   6.8435076e+01
  -2.7286753e+01   2.2589320e+01
  -3.1385731e+01   4.5912929e+01
  -1.3319244e+01   5.3214784e+01
   1.5145632e+00   9.1995680e+01
  -6.4427357e+01   1.8655818e+01
  -6.5051174e+01   2.8629410e+01
  -5.7498411e+01   1.1058435e+01
  -8.1378558e+00  -3.4566866e+01
  -4.8248064e+01  -1.7210923e+00
  -2.9010188e+01  -6.3279096e+00
  -4.3977390e+01  -1.1057104e+01
  -3.2867151e+01  -2.4172448e+01
  -1.9558472e+01  -1.0131944e+01
   3.0731981e+01   3.4505580e+01
   7.0482505e+01  -9.7340008e+01
   5.5200639e+01  -7.9847650e+01
  -5.0249972e+01   6.7727025e+01
  -4.8869511e+01   4.6240668e+01
   9.3213957e+01  -5.9541013e+01
   9.9084081e+01  -7.4748314e+01
  -8.2908806e+01   2.9853684e+01
   6.5126084e+01   1.9368189e+01
  -3.1185575e+01   6.6876466e+01
   2.7143425e+01  -8.2894220e+01
  -6.6193220e+01  -8.4548221e-01
  -7.0820275e+01  -1.2357643e+01
   3.4999052e+01  -5.1414181e+01
  -5.8849567e+01   8.8417982e+01
  -6.8765708e+01   8.9710328e+01
  -9.8776014e+01  -5.6582452e+01
  -4.5964615e+01   9.7902893e+01
   9.6438886e+01  -3.2739505e+01
  -5.1813451e+01   5.5797155e+01
  -6.7490159e+01   7.9791797e+01
  -8.7705681e+01   9.8401227e+01
  -3.9870783e+01   8.3641227e+01
  -1.5774604e+01   9.7877688e+01
  -6.9111698e+01   4.5760471e+01
  -9.6481491e+01  -6.6390893e+01
   6.0849571e+00  -8.3055243e+01
  -1.1031330e+01  -6.2954383e+01
   1.7365703e+01  -8.4690545e+01
   5.7393925e+01  -4.9093322e+01
  -4.6510469e+01   2.6902219e+01
  -8.1388894e+01  -7.4421780e+00
   3.6557764e+01  -3.3014891e+01
   4.5801190e+01  -2.9541080e+01
   9.7786253e+01  -2.2341049e+01
  -2.8388908e+01  -8.4972656e+01
  -4.0868257e+01  -9.7170130e+01
  -3.1209180e+01  -9.9753056e+01
   5.2511203e+01  -5.7751962e+01
  -9.8758732e+01  -1.1765106e+01
  -7.9907240e+01   6.6644991e+01
   1.7363103e+00  -3.3785207e+01
   1.6922514e+01  -2.2814519e+01
   4.1519028e+00  -2.4146349e+01
   8.1409018e+01  -4.5719140e+01
  -8.5819819e+01   5.4607879e+00
  -9.5863500e+01   5.5261711e+01
  -9.1805315e+01   8.2509320e+01
  -4.3800414e+01  -7.9423525e+01
  -6.5915734e+01  -9.7653930e+01
  -6.2803885e+01  -3.7012413e+01
  -7.1559054e+01  -2.2327573e+01
   6.1774097e+01   8.7810793e+01
   8.9946791e+01   3.3871172e+01
  -3.8598430e+00   2.6196478e+00
  -8.0820503e+01  -6.2361948e+01
  -7.9703581e+01  -5.2165712e+01
   9.3051209e+01   8.6278710e+01
   7.1291838e+01   8.9109737e+01
   1.3476742e+01  -6.8467947e+00
   3.9752952e+01  -2.0631946e+01
  -8.7569145e+01  -4.6295019e+01
   2.6380841e+00  -6.2961327e+01
  -5.7640747e+00  -5.4476293e+01
  -8.8482165e+01  -2.5879357e+01
  -8.1151011e+01  -1.9091891e+01
   9.5952451e+01  -2.3979079e+00
   9.3556588e+01   2.4544148e+01
   7.6923372e+01   3.9423413e+00
   9.0631306e+01   1.4490848e+01
   8.7789485e+01  -8.1739307e+00
   4.4950108e+01   2.1480631e+01
   5.9497688e+01   4.5896551e+01
   5.2465456e+01   3.0651804e+01
   5.2894888e+01   8.4910693e+01
   4.8170511e+01   3.9450513e+01
   3.9431223e+01   9.8519777e+01
   7.3671899e+01  -6.9956743e+00
   6.0760858e+01   1.6905175e+00
  -9.6515046e+01  -4.3411873e+01
   2.1790261e+01   2.8781057e+01
