   3.2185159e+01   6.7945074e+01
  -5.3269630e+01   3.4477947e+01
  -1.2351101e+01  -5.1786330e+01
  -9.2052322e+01   1.0966607e+01
   4.7950495e+01  -4.8883953e+01
   8.1446652e+01  -4.8074832e+01
  -2.0421646e+00  -3.7075269e+01
   7.5189693e+01   3.4221348e+00
  -9.7905752e+01  -3.4725212e+01
   4.8393389e+01   5.5007452e+01
  -2.8346138e+01   5.0478463e+01
  -4.1508882e+01   6.6451498e+01
   2.7593532e+01   1.9843154e+01
   2.8364997e+01  -1.7267476e+00
   1.2316246e+01  -1.7694663e+01
   9.9181376e+01   1.0619243e+01
   8.0373912e+01   6.5850154e+01
  -6.7704929e+01  -6.8920699e+01
   9.0994120e+01  -4.6221281e+01
  -7.4533923e+01   7.9321361e+01
  -7.9904967e+01   9.5583755e+01
  -5.5105925e+01   2.4613773e+01
  -2.9889661e+01   1.2856374e+01
   8.4239610e+01  -6.5760483e+01
  -8.0908744e+01   3.7613828e+01
   2.2446123e+01  -8.5358805e+01
   3.6662482e+01  -2.0839797e+01
  -6.6561896e+01  -3.3146516e+01
  -9.7687333e+01  -2.4671619e+01
   4.5635097e+01   2.9547250e+01
   9.8311102e+01   7.0618590e+01
  -3.8200105e+01  -7.0706607e+01
   1.1809190e+01   5.6401072e+01
   8.3829304e+00   8.8644401e+01
  -2.1827301e+01   3.0585414e+01
   1.8522748e+01  -5.5494212e+01
  -5.2361378e+01   9.9137747e+01
   8.6761083e+01  -2.2384323e+01
   4.7460179e+00  -1.1235732e+01
   8.3717685e+01  -1.7551754e+00
   6.6992390e+01   2.2351664e+01
   4.8143051e+01   7.1535566e+01
   6.6079686e+01   8.8196230e+01
   4.0156589e+01   8.4433208e+01
   6.1484375e+01   4.1414004e+01
  -2.7913366e+01  -5.7393057e+01
  -2.2589261e+01  -8.7217137e+01
   1.7283772e+01   3.2988227e+01
   1.5184388e+00   4.2967697e+01
  -5.0110900e+01  -4.8758266e+00
   7.0676852e+01  -2.3923332e+01
  -2.2315646e+01   7.0466143e+01
  -2.9142535e+01   8.9574060e+01
  -6.2914044e+01   9.2339156e+01
  -4.7042853e+01   1.9088861e+01
   3.2649191e+01  -5.0523943e+01
  -8.1549402e+01  -4.8332767e+01
  -8.6315581e+01   5.7626237e+01
  -5.9249799e+01  -4.9664807e+01
  -4.5816477e+01  -6.4266494e+01
  -8.7314221e+01  -8.0270456e+00
  -1.1249069e+01  -1.2902369e+01
   5.9618015e+01   1.5640661e+01
   7.2090863e+00   8.8123375e+00
  -6.8167069e+00  -8.6825448e+01
   5.5343959e+01  -7.8570450e+00
  -2.0301319e+01  -9.0052223e+00
   9.6689507e+01  -1.2799321e+01
   1.6362148e+01   1.2781537e+01
  -3.1442299e-01   2.5482075e+01
   3.5569202e+01   6.3249836e+00
   8.4140495e+01   5.6599086e+01
   8.6108852e+01   4.5953609e+01
  -4.8954396e+01  -7.3759853e+01
   1.7468845e+01  -2.6237871e+01
   6.5128180e+01  -7.5125503e+01
  -1.9186749e+01   8.9417526e+01
  -1.3571269e+01   6.5741325e+01
  -1.8084288e+01   7.9504976e+01
  -1.2708172e+00   9.0800969e+01
   9.3763114e+01  -6.8158249e+01
   2.7417893e+01  -7.6723588e+01
   3.8770803e+01   7.4711930e+01
   1.0387564e+01   7.2685634e+01
  -5.5259482e+01   5.3570336e+01
  -3.4764004e+01   4.2005589e+01
  -5.3618327e+01   8.9165625e+01
   6.4661347e+01  -4.2178100e+01
  -1.5302843e+01   3.8102423e+01
  -3.5086682e+01   8.1559033e+01
   9.9163706e+01  -3.7213871e+01
   9.0516652e+01  -3.2252615e+01
   4.0662169e+01   9.4327212e+01
  -7.3473793e+01   4.5862412e+01
   7.7663965e+00  -3.8493725e+01
  -7.5205218e+01  -3.7894207e+01
  -8.7339980e+01  -8.3841160e+01
  -5.9679342e+01  -8.9558432e+01
  -6.9257959e+01   8.3306049e+00
  -6.4644923e+01  -5.8984383e+01
  -6.4447760e+01   2.1076531e+01
  -3.7306033e+00  -4.6768498e+01
  -2.6717117e+00  -1.7768931e+01
   1.5077251e+01   8.1400514e+01
  -1.9982889e+01  -3.2701115e+01
  -3.3900296e+00   4.6358693e+00
   4.2866826e+01  -1.3109871e+01
   9.6102086e+01   8.0364862e+01
   2.1378674e+01  -4.6232635e+01
  -7.0257087e+01  -9.2576059e+01
   4.9556287e+01   8.1215986e+01
  -1.2069566e+01  -8.6241710e-01
  -3.8398417e+01  -3.1553234e+01
   4.7815142e+01   1.5622845e+01
   2.6524475e+01   3.9410942e+01
  -6.8185815e+01  -2.2232015e+01
  -3.8993725e+01  -7.3180163e+00
   9.5372443e+01  -3.0034864e+00
  -7.8235197e+01  -2.9533760e+00
  -5.9327126e+01  -8.7356753e+00
   9.0356088e+01   1.5153871e+01
  -3.3607896e+01  -9.5914591e+01
   7.8171911e+01  -1.7341256e+01
   4.5718899e+01  -3.4843235e+01
   6.5876729e+01  -8.5012044e+01
   3.0330644e+01   4.8510345e+01
   5.6845982e+01  -8.0642954e+01
   6.1082989e+01  -2.1151672e+01
  -8.4747111e+00   7.4296443e+01
   3.5977152e+01  -3.3503560e+01
   4.6926080e+01  -6.7117121e+01
  -4.6570639e+01   9.2293373e+00
   3.2144988e+01  -8.7865149e+01
  -4.2052406e-01   5.3083081e+01
  -8.3214258e+01   4.7323498e+01
   1.6348797e+01   9.8242180e+01
   6.5246038e+01  -5.4059356e+01
  -2.2278409e+01   9.9175057e+01
   5.0429482e+01  -5.8148730e+01
   7.6864863e+01  -5.9397313e+01
   1.0290393e+01  -8.3488118e+01
  -8.8514934e+01   6.7376113e+01
  -9.7556179e+01   7.1627925e+01
   9.6128146e+01  -5.4958156e+01
  -4.2392039e+01   4.8453049e+01
   1.8373255e+01   4.9087081e+01
   2.7830535e+01   9.6877231e+01
   1.2066958e+01  -9.3295517e+01
   5.0467786e+00   6.2030457e+01
  -6.4627928e+01   8.0666436e+01
  -7.2329038e+01   8.9064990e+01
  -9.5098943e+01   9.8239005e+01
   8.0365853e+01  -2.9924121e+01
  -2.8666090e+01   6.2762951e+01
  -3.2493270e+01   3.1783292e+01
  -1.7966310e+01   4.8237047e+01
  -7.2386413e+01   3.2529339e+01
  -7.5675492e+01  -6.2883326e+01
  -9.7679239e+01  -8.4958218e+01
  -8.7146814e+01   8.8688053e+01
  -6.4511086e+01   5.0074036e+01
   2.6639467e+01  -6.0918298e+01
  -9.9571612e+01  -9.8186429e+01
  -4.2516309e+01   2.7997656e+01
  -5.3287396e+01  -5.7659472e+01
  -8.4369367e-02  -5.5881638e+01
   3.4173389e+01  -6.9477598e+01
  -7.9155751e+01   7.0292658e+00
  -6.6636069e+01  -8.2379331e+01
  -3.7872658e+01  -5.8197032e+01
  -8.9163876e+01  -2.9879439e+01
  -8.4203106e+01  -2.1219895e+01
  -7.6558502e+01  -2.7663302e+01
   2.4493579e+00  -6.5522098e+01
  -1.1957803e+01  -4.1197950e+01
  -8.7755661e+01   1.9484870e+00
   5.3019784e+01   3.6149146e+01
  -5.9006397e+01  -3.9662169e+01
  -9.3718210e+01  -4.3836794e+01
  -5.8585011e+01  -7.6450017e+01
  -2.9945293e+01  -3.6770276e+01
   5.3589927e+01   2.3600159e+01
   6.5397425e+01   7.3168875e+00
   7.2533066e+01   1.4187854e+01
  -5.0875416e+01   7.0051522e+01
  -9.3541460e+01  -7.5712859e+01
   6.4491648e+01  -1.1867069e+01
  -5.8669111e+01   1.2996529e+01
  -6.4005602e+01  -4.1436341e-02
  -4.0926887e+00   3.4716482e+01
   8.9951996e+00   1.9517151e+01
   3.4967520e+01   5.7202133e+01
   6.9946452e+01   6.8448192e+01
   4.1457955e+01   6.4393308e+01
   1.8129873e+01   2.3442683e+01
  -9.0092835e+01   2.3524628e+01
   2.5730514e+01   9.2917813e+00
  -3.1145920e+01  -1.5856359e+00
   2.6566050e+01   6.1215693e+01
   3.0728832e+01   8.1325488e+01
   8.2252969e+01   8.4905025e+01
   6.0537531e+01   7.3141113e+01
   6.9278443e+01   9.7670233e+01
   7.2835775e+01   5.8849756e+01
   4.7642242e+00  -8.3553542e-01
   6.3202562e+01   6.1106184e+01
  -5.5185164e+01  -1.7685356e+01
   8.9817436e+01   3.3548711e+01
   5.3658551e+01   9.0197091e+01
   8.0484022e+01   2.1038428e+01
  -1.4554884e+01  -9.3176563e+01
  -2.8823805e+01  -6.7320767e+01
  -3.0277906e+01  -4.7719510e+01
   8.1740954e+01   1.0697654e+01
  -4.1295931e+01  -8.0189810e+01
   3.2351390e+01  -1.0874105e+01
   4.5674332e+01  -2.4946803e+01
   4.6239161e+01  -3.8097777e+00
   2.7593194e+01  -3.8742554e+01
  -3.5077692e+01  -1.9884246e+01
   8.9105089e+01  -9.2147550e+01
   3.1255545e+01  -9.8149463e+01
   5.1439151e+01  -9.8736409e+01
  -1.0539150e+01   9.4312095e+01
  -9.2127136e+00   8.4219889e+01
   7.9550641e+01  -9.5041027e+01
   2.6958772e+01  -1.9242039e+01
  -3.2790258e+01   7.1845764e+01
  -4.6241761e+01   5.7678242e+01
  -2.4843811e+01   4.1042561e+01
   8.3564065e+01  -3.9069911e+01
  -4.3820303e+00   6.2342626e+01
  -4.3857797e+01   3.7887209e+01
  -6.2637060e+01   3.0833093e+01
   7.6047827e-01   7.0810159e+01
   5.7466968e+01  -4.9298885e+01
   7.1530600e+01  -6.7647379e+01
  -5.1496065e+01   4.4317681e+01
   9.6096553e+01  -7.7818280e+01
  -3.6365594e+01   5.6430155e+01
  -7.8993656e+01   7.0383233e+01
   1.6278993e+00   8.0724219e+01
  -8.4549760e+01   7.9031242e+01
   2.1062589e+01   8.9422874e+01
  -6.9783418e+01   9.9562954e+01
   9.6701371e+01  -2.2740625e+01
  -4.4197024e+01   8.9505803e+01
   2.2879194e+01   7.5286704e+01
   8.5766133e+00   2.9435801e+01
   2.6086393e+01   2.9547876e+01
  -9.6133959e+01   6.0634588e+01
   6.2108101e+00   9.8366846e+01
   3.9877965e+01  -4.3707080e+01
   7.2152017e+01  -3.5575014e+01
   1.7491364e+01  -7.6704317e+01
   4.0509029e+01  -9.4382676e+01
   8.6347728e+01  -5.6207680e+01
  -9.8152842e+01   2.9433021e+01
   8.6783175e+01  -1.1237271e+01
   7.5776060e+01  -7.6834819e+00
  -2.7777831e+01   2.2624664e+01
  -7.9347563e+01   2.5385401e+01
  -8.4361793e+01  -5.7929198e+01
  -6.7858412e+01  -4.4637148e+01
  -7.2864474e+01  -5.3288982e+01
  -8.3957414e+01  -7.2860985e+01
  -9.0756927e+01   3.6135104e+01
  -7.6559633e+01   5.5443003e+01
  -9.7143122e+01   8.8419844e+01
  -9.0914883e+01  -9.3180329e+01
   2.0747072e+01  -1.1840488e+01
   1.3071471e+01  -5.9474217e+00
  -1.4386596e+01  -2.2383064e+01
  -2.9399226e-01  -2.7347890e+01
   1.8780589e+01  -6.6905565e+01
  -1.0502839e+01   5.4748351e+01
  -8.2277271e+00   4.5089588e+01
  -3.7207978e+01   1.9545811e+01
  -6.5328773e+01   4.0241598e+01
   8.8554592e+00  -4.8419979e+01
  -5.0432080e+01  -8.4242980e+01
  -8.0083717e+01  -9.0722049e+01
  -9.5758775e+01  -5.8503340e+01
   9.2783785e+01   9.5710667e+01
  -1.9894191e+01   5.8045235e+01
  -1.0132266e+01  -3.1376768e+01
  -8.3480815e+01   1.6045250e+01
   8.8332280e+01   7.4022403e+01
  -7.3612014e+01   1.7239688e+01
  -9.6753071e+01  -4.7396474e+00
   7.8670139e+01   9.4238772e+01
  -8.5045012e+01  -3.8959517e+01
   1.7600947e+01  -3.7049057e+01
   6.3389572e+01  -3.0812560e+01
  -7.4565640e+01  -7.6290803e+01
  -5.8011748e+01  -6.6468454e+01
   6.0899892e+01   3.0178877e+01
  -2.8086416e+01  -2.6946240e+01
  -3.6990506e+00  -6.0698793e+00
   3.6893662e+01   1.6260711e+01
  -9.9868301e+01   4.7576169e+00
  -5.4728492e+01   7.9269576e+01
   5.1939854e+01  -1.7231432e+01
  -1.2021545e+01   2.8676805e+01
   6.8910207e+01   7.8606646e+01
   9.1195275e+01   6.3626497e+01
  -1.2050582e-01   1.5543775e+01
  -9.9048376e+01   1.8099509e+01
   1.9067270e+01   1.9120960e+00
  -2.1770103e+01   7.6835949e-01
   9.5211351e+01   4.1771815e+01
   5.9436002e+01   9.9435431e+01
   9.3385632e+01   5.2812766e+01
  -2.3700745e+01  -9.7186008e+01
   7.8461815e+01   7.5656738e+01
  -5.0536253e+01  -3.1167751e+01
   7.6888043e+01   4.9810030e+01
   6.1125379e+01   5.1365771e+01
   5.5484397e+01   6.5462930e+00
   2.6802184e+00  -8.9882159e+01
   5.2663538e+01   4.6054268e+01
  -5.9248842e+01  -2.6596100e+01
  -4.4268878e+01  -2.3578738e+01
  -1.4811226e+01  -8.0945397e+01
  -4.3427429e-01  -7.9181441e+01
   9.9981655e+01   3.1059946e+01
  -5.0874015e+01  -9.4289745e+01
   9.3571816e+00  -5.8517066e+01
  -5.9230411e+00  -7.0826037e+01
  -7.8623890e+01  -1.2942758e+01
  -6.8667539e+01  -1.2264461e+01
   4.9378134e+01   9.9187687e+01
   7.9648337e+00  -7.3786466e+01
  -2.1807759e+01  -4.2509385e+01
  -9.4131243e+01  -1.5331106e+01
  -8.4614954e+00  -6.1159437e+01
  -4.1774062e+01  -9.0162657e+01
  -1.8369469e+01  -6.0267368e+01
  -4.6117405e+01  -1.3943045e+01
  -3.1813527e+01  -8.3361558e+01
   4.5527548e+01   6.0320543e+00
  -2.0461490e+01  -7.2743287e+01
   6.7282671e+01  -2.4291853e+00
   9.7997016e+01  -8.7603410e+01
   5.6254065e+01  -7.0618293e+01
   4.2072993e+01  -7.5593278e+01
  -5.4853602e+01   3.8265794e+00
  -3.7203606e+01   6.1767751e+00
  -2.9892622e+01  -1.1454627e+01
   2.1348746e+01  -9.6939602e+01
   5.8552172e+01  -9.1745261e+01
   4.9531784e+01  -8.7436568e+01
   6.9598035e+01  -9.4257907e+01
   3.5811298e+01   3.0299577e+01
   5.3622784e+01   6.3382076e+01
   5.3628622e+01  -4.0507818e+01
   4.0401538e+01   4.9171945e+01
   3.6314375e+01   4.0230186e+01
   9.0402129e+01   5.4689604e+00
   9.2808265e+01   2.4327310e+01
   2.7130915e+01  -2.8965720e+01
  -9.2833990e+01   4.9690403e+01
   1.8126219e+01   6.6585025e+01
   3.6394568e+01  -5.9774302e+01
   7.2977045e+01  -5.0394673e+01
   5.9551088e+01  -6.1305215e+01
   2.0155947e+01   5.7021784e+01
   1.6837551e+01   4.1368727e+01
  -3.7643693e+01   9.5369711e+01
  -5.1318379e+00  -9.6529534e+01
