   4.2680875e+01  -3.3473882e+01
   6.6314932e+01  -6.8688739e+00
  -1.9035515e+01  -6.4475339e+01
  -2.2347304e+01   4.0088663e+01
  -6.7068236e+01  -7.5186179e+01
  -4.6605812e+01  -8.0673680e+01
  -3.2654282e+00  -2.3436747e+01
  -8.3071599e+01  -8.8605733e+01
  -7.4197830e+00   5.6679969e+01
   3.8150297e+01   2.4548947e+01
  -5.6160451e+01  -6.3773269e+01
  -1.3014030e+00  -5.4131360e+00
   6.5808090e+01   1.1138013e+01
   8.8371150e-01   5.1137505e+01
  -3.2218063e+01   4.1858864e+01
  -5.1699438e+01   1.2364416e+01
   6.9969908e+01   4.8138280e+01
  -6.0020873e+01   3.7581954e+01
   5.6403588e+01  -5.9395452e+01
  -5.8907228e+01  -2.5110052e+01
  -2.8244754e+01   6.8802536e+01
   5.0910554e+01  -1.5752915e+01
   2.5717430e+01  -2.4504199e+01
   2.5644797e+01   6.0301206e+01
  -1.0600336e+01  -5.2934098e+01
   9.1031320e+00   7.9890505e+01
   9.6265846e+00  -9.4977513e+00
   9.8958521e+01   6.0640503e+01
  -5.7024215e+01  -5.3911021e+01
   9.0252529e+01   2.4877241e+01
   6.8336342e+01   9.5691548e+01
   3.3546787e+01   7.6777274e+01
  -9.1899162e+01  -3.6144964e+01
   8.5316497e+00   3.0452601e+01
  -4.0334322e+01  -4.6253542e+00
  -4.9685472e+01   2.2064928e+01
  -4.6191394e+01   5.2396041e+01
   4.6524402e+01   3.3429833e+01
  -5.0682178e+01   3.3948792e+01
  -8.2186974e+01   1.5976423e+01
   5.3876933e+01  -4.9721510e+01
  -4.5584263e+01  -1.2849971e+01
  -8.1257974e+01  -1.9041689e+01
   6.1784262e+01   2.3177081e+00
  -1.8505622e+01   6.6559817e+01
   3.7348763e+01  -2.3181614e+00
   6.5038708e+01  -3.7404348e+01
  -5.7364819e-01  -5.2578456e+01
  -8.2003863e+01  -3.6548637e+01
   3.5899236e+01   6.3683276e+01
  -3.1851777e+01  -2.9703990e+01
  -3.0486267e+01  -6.9058067e+01
   5.5389094e+01  -3.9836132e+01
  -5.1252191e+01  -9.9679717e+01
  -2.8749011e+01   9.3855795e+01
  -5.0286065e+00   6.9559375e+01
   1.0948115e+01   9.1242373e+00
   2.9558654e+01  -8.4731316e+00
  -8.8048800e+01  -5.9220150e+01
   7.0897264e+01   7.1738832e+01
  -7.0449234e+01  -5.3987687e+01
   9.0555411e+01   1.4435894e+01
   4.6921003e+01   9.0105006e+01
   5.4724847e+01   9.7105872e+01
   1.6351674e+01   6.3957875e+01
   8.5586793e+01  -3.9198258e+00
  -1.7394274e+01   5.6667440e+01
   1.5354346e+01   4.1080170e+01
  -3.0879706e+01   3.2040399e+01
  -2.7583906e+01   5.9099914e+00
  -3.2193645e+01   1.4647114e+01
  -7.7275210e+01   4.8883148e+01
   2.6769914e+01   3.4688828e+01
   5.7773054e+01   2.0060519e+01
  -4.3953242e+01   8.0575011e+01
   4.8531838e+01   4.2997752e+01
  -8.0515668e+01   5.8343048e+01
  -8.0672951e+01   2.5852012e+01
   1.3060402e+01  -5.8777723e+01
  -6.1642754e+01  -4.2366813e+00
  -3.5316934e+01   8.6333982e+01
   6.3814111e+01  -4.7903347e+01
   3.5290549e+01  -5.6973578e+01
  -5.7832802e+01   4.7590864e+00
  -8.0675069e+01  -7.3683154e+00
   8.1174929e+01  -2.9194061e+01
  -9.9368941e+01  -2.9560881e+01
   4.1344174e+01  -1.4024467e+01
   5.1441988e+01   2.6383838e+00
   5.2269454e+01  -3.0340007e+01
   5.9099075e+00  -2.8683097e+01
   3.3541040e-01  -6.5599212e+01
  -2.8403888e+01  -8.8483973e+01
   4.5850684e+01   6.2710248e+01
  -9.4665586e+01  -5.1824732e+01
  -2.2268462e+01  -3.1503229e+01
   3.3830077e+01  -3.8843306e+01
   3.7937895e+01   4.4421985e+01
  -9.7324398e+00   8.2759997e+01
   1.1455759e+01   9.8788149e+01
  -6.3062842e+01  -9.9814070e+01
   9.7229342e+01   4.0866283e+01
   8.5608328e+01   7.0284629e+01
   1.3703652e+01  -4.3897093e-01
   7.6166862e+01   5.4254431e+01
   1.8606694e+01  -1.7879931e+01
  -6.5949944e+01  -6.2772732e+01
  -5.8495776e+01  -3.8489976e+01
   7.4713488e+00  -4.5951615e+01
   7.6175150e+01   1.1115143e+01
   9.9625771e+01   3.1169908e+01
   6.1577765e+01   6.8193681e+01
   4.3545482e+01   7.7456884e+01
   6.9904711e+01   8.4701440e+01
   1.6885530e+01   7.3892839e+01
   9.3247495e+01  -2.7714543e+01
   3.6824508e+01   9.5667848e+01
   1.7209766e+01   8.7625481e+01
   7.8077025e+00   1.8356095e+01
  -2.5742063e+01   4.9370407e+01
  -1.4665628e+01   4.7075619e+01
  -4.2046165e+01   4.3319634e+01
  -9.1189461e+00   2.7766138e+01
  -5.3797208e+00   4.3418844e+01
  -2.0371301e+01   3.0350399e+01
  -1.2237676e+00   3.4378648e+01
  -7.4044586e+01  -6.8641360e+01
  -4.1887563e+01   1.3042904e+01
  -2.2830443e+01  -9.6358989e+00
  -4.5547595e+01   3.7889717e+00
  -6.1537585e+01   1.4033254e+01
  -4.7050176e+01   7.0786631e+01
   2.7943829e+01   4.4612739e+01
  -3.6212595e+01   5.1755128e+01
   2.9557005e+01   1.9434863e+01
  -5.7542839e+01   5.2030889e+01
   4.6648816e+01   1.5044437e+01
  -6.1906909e+01   8.4323996e+01
   5.9709616e+01   3.2758355e+01
  -9.2225282e+01   2.0871211e+01
  -6.9048930e+01   3.3288155e+01
   5.5941617e+01   1.1032059e+01
  -8.6468348e+01   4.4954272e+01
  -9.8953449e+01   5.0586560e+01
   2.5934554e+01  -5.3596413e+01
  -7.2278167e+01   1.4829284e+01
  -7.3187589e+01  -1.3570960e+01
   6.4095906e+01  -6.5781185e+01
   1.1980858e+00   6.1687611e+01
   3.7724401e+01  -7.6595673e+01
  -5.1459104e+01  -3.1567738e+01
   4.4153690e+01  -5.2464322e+01
  -2.9254804e+01   7.8515857e+01
  -6.7718818e+01   5.9686788e+00
  -8.8983535e+01  -1.2781877e+01
  -9.4946851e+01  -8.5180799e-01
   6.9131031e+01  -1.9731698e+01
   4.6563180e+01  -5.7838228e+00
  -3.7395442e+01   7.3000981e+01
  -8.6563911e+01  -2.7371984e+01
  -9.9949272e+01  -4.2013390e+01
   5.6414502e+01  -5.9834925e+00
  -9.2262523e+00  -6.2791288e+01
  -1.1005816e+01  -1.7353937e+01
   7.1048555e+01  -2.9467580e+01
   2.5061327e+01  -3.4088672e+01
   4.2159174e+01   6.3006213e+00
  -1.1683254e+01  -4.3056007e+01
  -8.8215977e+01   3.2414368e+01
  -1.9016793e+01  -8.4911850e+01
   6.0602848e+01  -1.4981469e+01
   4.4835131e+01  -2.3659156e+01
   6.1147183e+01  -2.5746720e+01
  -2.0505756e+01  -5.1322284e+01
  -3.7344458e+01  -5.7862850e+01
  -7.7701103e+01  -4.7272474e+01
  -8.7349685e+01  -4.5052744e+01
  -5.7291113e+01  -9.1655475e+01
   4.5890371e+01  -4.2760122e+01
  -9.4904769e+01  -7.8453967e+01
  -2.1370329e+01  -4.1394285e+01
  -3.8201797e+01  -8.6487125e+01
  -3.0842382e+01  -4.9945872e+01
   3.5346662e+01  -2.7004542e+01
   4.6768852e+01  -6.2052333e+01
   4.9555246e+01   2.4395396e+01
   3.2790835e+01   5.3350340e+01
   2.4816551e+01  -4.3803207e+01
  -7.8263218e+01  -5.9928177e+01
  -2.2214083e+01   8.5115784e+01
  -1.5820724e+01   9.2371060e+01
   2.0802885e+01   5.1588434e+01
   4.2775518e+01   5.3197007e+01
   2.4297823e+01   8.0583193e+01
  -7.2486845e-01   7.8558892e+01
  -6.4741459e+01  -8.4994568e+01
   5.6527286e+00   7.0577029e+01
  -6.1081634e+00   9.1929604e+01
   7.6314044e+01   6.3759241e+01
  -1.3177991e+01  -7.7767139e+00
  -6.2479579e-01  -9.1326923e+01
   3.3303384e+00   3.0634772e+00
   6.7471488e+01   5.9223206e+01
  -7.2418632e+01  -3.8999431e+01
   2.8130159e+01   1.1526767e+00
  -6.3878107e+01  -4.6713806e+01
  -4.7361422e+01  -9.0531638e+01
   1.5639575e+01  -3.9429679e+01
   7.7536941e+01  -9.7418256e+00
   8.5198800e+01   5.1409589e+01
   8.3873703e+01   5.7163433e+00
   7.1038615e+01   1.8597302e+01
   8.3623469e+01   1.8276912e+01
   5.8116659e+01   4.2082073e+01
  -4.9955871e+01  -7.1390488e+01
   8.4867115e+01   6.0299584e+01
   9.8571932e+01   1.9995613e+01
   5.2190827e+01   7.2431149e+01
   3.7907823e+01   8.5739617e+01
   6.2335673e+01   7.8166178e+01
   2.6071654e+01   7.0229274e+01
  -9.8587865e+01  -1.0173689e+01
   8.8823924e+01  -1.8776740e+01
   9.6954939e+01  -1.3094787e+01
   6.0776908e+01   8.9145178e+01
   2.5241934e+01   9.3572463e+01
   1.6355813e+01   2.3378025e+01
   2.4489946e-01   2.4575319e+01
  -1.2908780e+01   3.6938510e+01
   1.0840307e+01   5.1312818e+01
   5.3905781e+00   4.1851049e+01
  -1.9701766e+01  -2.0781381e-01
  -3.9046600e+01   2.2615235e+01
  -2.6969062e+01   2.2970006e+01
  -2.8641444e+01  -1.7539769e+01
  -5.8139147e+01   2.7360664e+01
  -5.0443481e+01   6.1417768e+01
   3.6712357e+01   3.4499286e+01
   3.2876558e+01   1.0003144e+01
  -3.6703126e+01   6.1813352e+01
  -5.5274609e+01   7.6418172e+01
  -4.0741066e+01   3.3412565e+01
  -5.1986183e+01   4.3812554e+01
  -6.7359436e+01   5.0149191e+01
  -5.2120456e+01   8.6345717e+01
  -3.7590365e+01  -2.1434549e+01
  -6.7294223e+01   2.3454362e+01
   5.5537269e+01   6.0236089e+01
  -9.5007791e+01   3.9752969e+01
  -7.8759104e+01   3.5663252e+01
  -8.9714072e+01   5.4412837e+01
   1.6709769e+01  -4.9503902e+01
   2.2208954e+01  -6.2816035e+01
  -9.7782552e+01   2.9504529e+01
   6.8541567e+01  -5.6715337e+01
  -9.0130368e+01   9.9330642e+00
  -4.7314349e+01  -2.2640208e+01
  -1.7344877e+01   7.6422633e+01
  -2.7081858e+01   5.9089010e+01
  -6.3713720e+01  -1.3820415e+01
  -7.1568174e+01  -3.2444877e+00
   3.7878366e+01  -6.6608995e+01
  -4.3691112e+01   9.1698480e+01
  -1.2169330e+01  -7.2336558e+01
   7.8968084e+01  -1.9527606e+01
  -2.8474586e+00  -3.3118544e+01
  -2.6117918e+00  -7.5278203e+01
   6.4876199e-01  -1.4615174e+01
   1.5990357e+01  -2.9435864e+01
  -5.1549883e+01  -4.2034265e+00
  -8.5200954e+01   1.3408720e+00
  -1.9769574e+01  -2.1911390e+01
   9.3759540e+01   5.9516987e+00
  -1.8436439e+00  -4.2778155e+01
  -9.5348447e+01  -2.0436287e+01
  -2.7277086e+01  -7.8549732e+01
  -2.2730151e+01  -9.6716198e+01
  -9.5222212e+01  -6.8465336e+01
  -7.5449226e+01  -7.9908913e+01
  -3.0567940e+01  -3.5022166e+00
  -8.5080580e+01  -7.8737725e+01
  -8.5082249e+01  -6.8759346e+01
  -1.2634470e+01  -3.3136850e+01
  -3.8011112e+01  -9.6460885e+01
  -4.7093408e+01  -5.9810372e+01
  -4.0562218e+01  -6.7302875e+01
  -4.1571558e+01  -3.0538267e+01
  -3.7066494e+01  -7.6597931e+01
  -3.1060812e+01  -3.9662432e+01
  -7.0526341e+01  -9.3153337e+01
  -8.6971992e+01  -9.7813558e+01
  -9.8004135e+01  -9.0871134e+01
  -2.7554404e+01  -5.9379895e+01
  -1.0567817e+01  -9.0261099e+01
   9.5174461e+01   5.1607895e+01
   7.4121097e+00   8.9590240e+01
  -6.5903278e+01  -3.1823735e+01
   9.2452339e+01   7.7372706e+01
  -8.5301882e+00   7.9806682e-01
   2.0440331e+01   7.0480743e+00
   9.6275071e+01  -3.2816708e+00
  -1.3468686e-01   1.2335603e+01
  -5.4609412e+01  -1.6324958e+01
  -7.2649010e+01  -2.4321381e+01
   9.0326812e+00  -1.9424076e+01
   3.2465073e+01  -1.7655400e+01
   8.7609473e+01   4.2888465e+01
   7.3932077e+01  -4.7563230e-01
   1.6711848e+00   9.7711147e+01
   9.0019833e+01   3.4047163e+01
  -5.7846897e+01  -7.7069124e+01
   6.5031016e+01   2.4684501e+01
   7.8164436e+01   2.2079023e+01
   6.1916742e+01   5.0390074e+01
   9.2210908e+01   6.4134120e+01
