   3.2120466e+01   6.9939656e+01
  -5.2148433e+01   3.1337954e+01
  -1.2491263e+01  -5.1867747e+01
  -9.2467154e+01   1.0740080e+01
   4.7476776e+01  -4.8307212e+01
   8.2025300e+01  -4.7685525e+01
  -2.0758188e+00  -3.7075406e+01
   7.5039073e+01   3.2381926e+00
  -9.7932886e+01  -3.4740387e+01
   4.8121597e+01   5.5229295e+01
  -2.8140202e+01   5.0317125e+01
  -4.0265285e+01   6.5464809e+01
   2.8040764e+01   1.9123847e+01
   2.8366211e+01  -1.5356790e+00
   1.2101618e+01  -1.7331294e+01
   9.9385299e+01   1.0511581e+01
   8.0653440e+01   6.5989445e+01
  -6.7712237e+01  -6.8930394e+01
   9.1357451e+01  -4.4030554e+01
  -7.2744016e+01   7.7749316e+01
  -7.9880267e+01   9.6167959e+01
  -5.5615545e+01   2.2262679e+01
  -2.9870050e+01   1.2583585e+01
   8.2197101e+01  -6.7082530e+01
  -8.1222589e+01   3.7453084e+01
   2.2230412e+01  -8.5444079e+01
   3.7341435e+01  -2.1471940e+01
  -6.6873515e+01  -3.3511645e+01
  -9.7794225e+01  -2.4654526e+01
   4.6060499e+01   2.9272604e+01
   9.8446700e+01   7.0694556e+01
  -3.8230308e+01  -7.0750198e+01
   9.0192200e+00   5.3295584e+01
   8.4002095e+00   8.8885595e+01
  -2.1727305e+01   3.0779090e+01
   1.8879599e+01  -5.6128168e+01
   8.6515895e+01  -2.2097969e+01
   4.7041345e+00  -1.0939976e+01
   8.3650302e+01  -1.9001977e+00
   6.6855210e+01   2.2417009e+01
   4.9351899e+01   7.1820190e+01
   6.6072421e+01   8.8217205e+01
   4.0453056e+01   8.5568603e+01
   6.1497347e+01   4.1494517e+01
  -2.8015839e+01  -5.7391192e+01
  -2.2618007e+01  -8.7276840e+01
   1.6998310e+01   3.2013242e+01
   1.8702584e+00   4.2953138e+01
  -4.9982168e+01  -4.8012612e+00
   7.0555966e+01  -2.4037808e+01
  -2.1003159e+01   6.9980183e+01
  -2.8707746e+01   9.0523083e+01
  -6.5111585e+01   8.9122282e+01
  -4.6522135e+01   1.8668370e+01
   3.2476184e+01  -5.0698879e+01
  -8.1551502e+01  -4.8331565e+01
  -5.9258737e+01  -4.9654432e+01
  -4.5873276e+01  -6.4321718e+01
  -8.7316720e+01  -8.0569650e+00
  -1.1209608e+01  -1.2877645e+01
   5.9837576e+01   1.5314017e+01
   7.2708014e+00   8.6209457e+00
  -6.8167359e+00  -8.6865844e+01
   5.5661585e+01  -7.5776540e+00
  -2.0467029e+01  -9.2508399e+00
   9.7013001e+01  -1.2404834e+01
   1.6511352e+01   1.2348353e+01
  -1.6105347e+00   2.5192599e+01
   3.5474305e+01   6.2156638e+00
   8.4232565e+01   5.6658607e+01
   8.6159124e+01   4.5932362e+01
  -4.8968875e+01  -7.3819120e+01
   1.9155362e+01  -2.4117356e+01
   6.5057800e+01  -7.5166088e+01
  -1.8825332e+01   8.9385216e+01
  -1.2657804e+01   6.4620374e+01
  -1.8063289e+01   7.9467558e+01
   9.1895899e+01  -6.9120807e+01
   2.7583993e+01  -7.6818121e+01
   4.0211861e+01   7.5652446e+01
   9.6272330e+00   7.2476778e+01
  -5.7225915e+01   5.2438164e+01
  -3.3763802e+01   4.0412743e+01
  -5.5253885e+01   8.7444286e+01
  -1.4541850e+01   3.8046956e+01
  -3.4741588e+01   8.2837590e+01
   9.9275231e+01  -3.7285029e+01
   9.1041431e+01  -3.1562307e+01
   4.2497567e+01   9.5281390e+01
  -7.5150942e+01   4.5237235e+01
   7.7079852e+00  -3.9047089e+01
  -7.5583294e+01  -3.8269290e+01
  -8.7339980e+01  -8.3841160e+01
  -5.9691302e+01  -8.9561839e+01
  -6.9310235e+01   8.5343394e+00
  -6.4644903e+01  -5.8984396e+01
  -6.5255503e+01   2.0909112e+01
  -3.8354301e+00  -4.6867479e+01
  -2.5442413e+00  -1.7785226e+01
   1.4565551e+01   8.1036873e+01
  -1.9920746e+01  -3.2835496e+01
  -3.4152079e+00   4.5913864e+00
   4.3001234e+01  -1.3270178e+01
   9.6091275e+01   8.0410982e+01
   2.1355138e+01  -4.6476926e+01
  -7.0257087e+01  -9.2576059e+01
   4.9673968e+01   8.1755796e+01
  -1.1930779e+01  -6.3428874e-01
  -3.8233322e+01  -3.1622968e+01
   4.7453790e+01   1.5730456e+01
   2.5964108e+01   3.9255877e+01
  -6.8495712e+01  -2.2077210e+01
  -3.9316140e+01  -7.1074239e+00
   9.5864067e+01  -2.6208976e+00
  -7.8234070e+01  -2.9229151e+00
  -5.9244018e+01  -8.5693030e+00
   9.0599038e+01   1.5431051e+01
  -3.3607657e+01  -9.5960095e+01
   7.7851005e+01  -1.7273287e+01
   4.6151299e+01  -3.5081700e+01
   6.5992720e+01  -8.5281819e+01
   3.0447057e+01   4.8429968e+01
   5.6771763e+01  -8.1582654e+01
  -9.4833689e+00   7.4429657e+01
   3.6378381e+01  -3.3520234e+01
   4.6456111e+01  -6.7306042e+01
  -4.7034584e+01   8.7786955e+00
   3.1501113e+01  -8.6919405e+01
   1.3674847e+01   9.8881040e+01
   6.5575601e+01  -5.5228234e+01
   4.9968584e+01  -5.7961110e+01
   7.4968991e+01  -5.7581621e+01
   1.0266471e+01  -8.3566154e+01
  -8.6762600e+01   6.1723036e+01
   9.7133955e+01  -5.7680459e+01
  -3.9364026e+01   4.8031370e+01
   2.0482239e+01   4.7852992e+01
   3.3233205e+01   9.8768332e+01
   1.2032861e+01  -9.3392857e+01
   6.6450778e+00   6.2987486e+01
  -9.5098943e+01   9.8239005e+01
   7.9278122e+01  -2.8899345e+01
  -2.8379675e+01   6.3407496e+01
  -3.2433081e+01   3.0799319e+01
  -1.7848826e+01   4.8180324e+01
  -7.2536110e+01   3.2538213e+01
  -7.5686280e+01  -6.2896935e+01
  -9.7679239e+01  -8.4958218e+01
  -8.7553821e+01   8.9790556e+01
  -6.6663481e+01   5.0107126e+01
   2.7220413e+01  -6.1592278e+01
  -9.9571612e+01  -9.8186429e+01
  -4.2562605e+01   2.7838686e+01
  -5.3308863e+01  -5.7665710e+01
  -2.1089922e-01  -5.6109757e+01
   3.4273995e+01  -6.9387265e+01
  -7.9198320e+01   7.0532662e+00
  -6.6658174e+01  -8.2390580e+01
  -3.7957265e+01  -5.8237181e+01
  -8.9233444e+01  -2.9810915e+01
  -8.4207877e+01  -2.1174820e+01
  -7.6699245e+01  -2.7778173e+01
   2.0925246e+00  -6.5814166e+01
  -1.1843693e+01  -4.0944003e+01
  -8.7778820e+01   1.9228944e+00
   5.2912023e+01   3.6435862e+01
  -5.9011551e+01  -3.9664451e+01
  -9.4125306e+01  -4.4068960e+01
  -5.8606350e+01  -7.6465763e+01
  -2.9771324e+01  -3.6888319e+01
   5.3914851e+01   2.3257886e+01
   6.5496055e+01   7.1556432e+00
   7.2537769e+01   1.4221044e+01
  -5.0439379e+01   6.8855984e+01
  -9.3547283e+01  -7.5714595e+01
   6.4441331e+01  -1.2358225e+01
  -5.8725280e+01   1.2883967e+01
  -6.4653806e+01  -2.3822688e-01
  -4.0367207e+00   3.4894401e+01
   8.9186514e+00   1.9543905e+01
   3.6059293e+01   5.6702703e+01
   7.0190876e+01   6.8720691e+01
   4.1862293e+01   6.4834895e+01
   1.8538788e+01   2.2136286e+01
  -9.0205922e+01   2.3717818e+01
   2.6030908e+01   9.3700719e+00
  -3.1253204e+01  -1.4641699e+00
   2.7221684e+01   6.1310032e+01
   3.1190303e+01   8.1924549e+01
   8.2336792e+01   8.4909564e+01
   6.0520789e+01   7.3130153e+01
   6.9446626e+01   9.7678596e+01
   7.3440895e+01   5.9125059e+01
   4.6947354e+00  -9.9390998e-01
   6.3730446e+01   6.1120671e+01
  -5.5485332e+01  -1.7758015e+01
   8.9964460e+01   3.4100607e+01
   5.4052669e+01   9.0714091e+01
   8.0484022e+01   2.1038428e+01
  -1.4547600e+01  -9.3197863e+01
  -2.8845839e+01  -6.7340809e+01
  -3.0262897e+01  -4.7677915e+01
   8.1803687e+01   1.0603944e+01
  -4.1317253e+01  -8.0249484e+01
   3.2855016e+01  -1.0471535e+01
   4.6575177e+01  -2.5131329e+01
   4.6376465e+01  -3.9028106e+00
   2.8077247e+01  -3.9107362e+01
  -3.5120169e+01  -2.0010084e+01
   8.9088649e+01  -9.2186725e+01
   3.0540620e+01  -9.9001056e+01
   5.1570885e+01  -9.8956620e+01
  -1.0434570e+01   9.4767433e+01
  -9.2387158e+00   8.4425870e+01
   7.9534115e+01  -9.5113605e+01
   2.7742706e+01  -1.9097137e+01
  -3.0123013e+01   7.3998461e+01
  -4.6683909e+01   5.8060245e+01
  -2.4056650e+01   4.0481897e+01
   8.3394282e+01  -3.7950305e+01
  -3.1903425e+00   6.1548197e+01
  -4.3382807e+01   3.7785656e+01
  -6.2739408e+01   3.0565447e+01
  -1.6307329e-01   7.1029746e+01
   5.7368920e+01  -4.9630896e+01
   7.1580193e+01  -6.7585957e+01
  -5.4489412e+01   4.0763027e+01
  -3.5653981e+01   5.6861143e+01
  -7.9074552e+01   7.0012783e+01
   1.6737474e+00   8.1072730e+01
  -8.4529332e+01   8.0317640e+01
   2.1593830e+01   8.8019086e+01
   9.6425289e+01  -2.2286465e+01
  -4.3105494e+01   8.8266709e+01
   2.3201688e+01   7.6008115e+01
   7.4090048e+00   2.9425984e+01
   2.6388187e+01   2.8939366e+01
  -9.6582940e+01   6.3542973e+01
   3.7902355e+00   9.8341460e+01
   3.8973571e+01  -4.3121778e+01
   7.2041871e+01  -3.5744914e+01
   1.7582150e+01  -7.6716274e+01
   4.3419372e+01  -9.5306294e+01
   8.8086642e+01  -5.4971422e+01
  -9.8399531e+01   2.9408796e+01
   8.6831776e+01  -1.1383696e+01
   7.5502489e+01  -7.6325252e+00
  -2.7258537e+01   2.2462589e+01
  -7.9679550e+01   2.5541120e+01
  -8.4364105e+01  -5.7927877e+01
  -6.7889098e+01  -4.4634502e+01
  -7.2874081e+01  -5.3301482e+01
  -8.3965565e+01  -7.2854149e+01
  -9.1075142e+01   3.6180625e+01
  -7.6558248e+01   5.5439304e+01
  -9.7429917e+01   8.8390794e+01
  -9.0914883e+01  -9.3180329e+01
   2.1303484e+01  -1.1591543e+01
   1.3277653e+01  -5.8519593e+00
  -1.4632254e+01  -2.2248753e+01
   1.6248393e-01  -2.7369743e+01
   1.8660187e+01  -6.6791200e+01
  -1.0539993e+01   5.4883862e+01
  -7.8129867e+00   4.5314078e+01
  -3.6759302e+01   1.9719993e+01
  -6.5576092e+01   4.0146752e+01
   8.9162028e+00  -4.8945128e+01
  -5.0474902e+01  -8.4261878e+01
  -8.0083717e+01  -9.0722049e+01
  -9.5758775e+01  -5.8503340e+01
   9.2783785e+01   9.5710667e+01
  -2.0062943e+01   5.7905854e+01
  -1.0078581e+01  -3.1121322e+01
  -8.4017116e+01   1.5932490e+01
   8.8332280e+01   7.4022403e+01
  -7.4270949e+01   1.7145923e+01
  -9.6764555e+01  -4.7636328e+00
   7.8836853e+01   9.4266548e+01
  -8.5495686e+01  -3.9069460e+01
   1.7942503e+01  -3.7088068e+01
   6.3306836e+01  -3.0884674e+01
  -7.4571936e+01  -7.6280307e+01
  -5.8017033e+01  -6.6484527e+01
   6.0797362e+01   3.0366675e+01
  -2.8047850e+01  -2.7040775e+01
  -3.8465837e+00  -6.1635776e+00
   3.7500479e+01   1.6025437e+01
  -5.5547485e+01   7.7450671e+01
   5.2293896e+01  -1.6973060e+01
  -1.1746891e+01   2.8575019e+01
   6.8874626e+01   7.8624357e+01
   9.1289198e+01   6.3722811e+01
  -9.5646583e-02   1.5321497e+01
  -9.9125958e+01   1.8181435e+01
   1.9090846e+01   2.2310039e+00
  -2.1691488e+01   6.3847975e-01
   9.5597838e+01   4.2348960e+01
   5.9618559e+01   9.9488748e+01
   9.3447779e+01   5.2787005e+01
  -2.3693546e+01  -9.7227659e+01
   7.8435558e+01   7.5717364e+01
  -5.0849320e+01  -3.1243699e+01
   7.6959194e+01   4.9833173e+01
   6.1256403e+01   5.1464123e+01
   5.5414474e+01   6.3612759e+00
   2.6479628e+00  -9.0044762e+01
   5.2673512e+01   4.6370081e+01
  -5.9670900e+01  -2.6717566e+01
  -4.4336593e+01  -2.3761880e+01
  -1.4869537e+01  -8.0960084e+01
  -3.7388772e-01  -7.9225745e+01
  -5.0907440e+01  -9.4336687e+01
   9.3315769e+00  -5.8932201e+01
  -6.3238849e+00  -7.1198298e+01
  -7.8580313e+01  -1.2915399e+01
  -6.8617406e+01  -1.2088017e+01
   8.0359245e+00  -7.3827204e+01
  -2.1647640e+01  -4.2679006e+01
  -9.4161482e+01  -1.5340633e+01
  -8.6032837e+00  -6.1477250e+01
  -4.1794965e+01  -9.0228818e+01
  -1.8503799e+01  -6.0359217e+01
  -4.6306238e+01  -1.4053845e+01
  -3.1815813e+01  -8.3358080e+01
   4.5434683e+01   5.9978311e+00
  -2.0377240e+01  -7.2630220e+01
   6.6877414e+01  -2.6819383e+00
   9.8219396e+01  -8.8119580e+01
   5.5387947e+01  -7.1762143e+01
   4.1772206e+01  -7.6131082e+01
  -5.5435877e+01   3.5130277e+00
  -3.7479587e+01   6.2259015e+00
  -3.0195617e+01  -1.1369543e+01
   2.1219371e+01  -9.6959074e+01
   5.8459140e+01  -9.1820731e+01
   4.9120244e+01  -8.7741393e+01
   6.9555197e+01  -9.4605666e+01
   3.6219883e+01   2.9769869e+01
   5.4057853e+01   6.3142983e+01
   5.4766804e+01  -4.0012518e+01
   4.1183902e+01   4.8144422e+01
   3.5931191e+01   3.9722938e+01
   9.0322362e+01   5.5179741e+00
   9.3741990e+01   2.4870023e+01
   2.7568734e+01  -2.9145567e+01
  -9.2356306e+01   4.9050590e+01
   1.8191248e+01   6.7428636e+01
   3.7020621e+01  -5.9661881e+01
   7.2179299e+01  -4.7818883e+01
   5.8857583e+01  -6.2476021e+01
   1.8041997e+01   5.7500906e+01
   1.3084662e+01   4.1167098e+01
  -3.6898202e+01   9.6250499e+01
  -5.0995482e+00  -9.6715135e+01
  -4.0716864e+01   7.5140006e+01
   1.0887096e+01  -2.9614976e+01
  -6.3164955e+01   9.8931866e+01
  -4.9698667e+01   9.5760794e+01
  -4.8699249e+01   4.8460269e+01
   2.3450730e+01   9.7778091e+01
  -2.3071100e+01   9.8644382e+01
   9.4993989e+01  -7.8590997e+01
  -8.8881356e+01   7.1417603e+01
  -7.6893455e+01   8.6700999e+01
  -9.7085545e+01   7.6976546e+01
   8.3274934e+01  -6.0935008e+01
   3.6761841e+01  -9.3106534e+01
