  -2.2264793e+01  -2.7734112e+01
   3.0463637e+01   5.7135664e+01
   6.3844721e+01  -4.3197066e+01
  -1.2979152e+01  -4.2415780e+01
  -6.9807623e-01  -5.8063451e+01
  -2.9951548e+01   1.5038287e+01
   2.0764815e+01   4.6567584e+01
  -4.0188394e+01  -7.7391702e+00
  -7.9080089e+01  -4.7266969e+01
   9.2177370e+01   1.6911291e+01
   3.3903698e+01   2.5573882e+01
   4.3654667e+01   2.6053577e+01
   4.3213294e+01  -9.7100976e+00
   2.9721269e+00   8.1533319e+01
  -5.1425330e+01   4.1093740e+01
   2.8516823e+01  -2.0268665e+01
  -3.4686439e+01  -7.9346269e+01
   2.2074407e+01  -4.1878948e+01
  -5.7902704e+01   3.2931712e+01
  -7.0635620e+01  -4.9169095e+00
   5.4712435e+00  -4.6616766e+01
   1.7585605e+01  -8.1771777e+01
  -3.1301881e+01  -2.3529700e+01
  -2.1490679e+01  -4.7764970e+01
   3.3563606e+01  -1.1730361e+01
  -4.4368000e+00   6.3401683e+01
   1.6004169e+01  -5.4645143e+00
  -3.9714389e+01   3.8832509e+01
   3.2995419e+01  -3.6998139e+01
   4.3466883e+01  -4.9462098e+01
   2.7544509e+01  -6.1090189e+01
  -6.7495586e+01  -1.4499697e+01
  -4.9801941e+01  -1.0317092e+01
   6.2942524e+00  -8.8768380e+01
   6.2061669e+01   1.3452846e+01
   5.0698779e+01   3.5701786e+01
  -5.0330242e+01  -2.3167852e+01
   1.0259453e+00   3.9803889e+01
  -3.6039511e+00   7.4000142e+01
  -2.1742738e+01   7.4465262e+01
   9.7832112e+00   1.2318838e+01
   8.5189288e+01  -1.6079859e+01
   3.7799233e+01   7.5631196e+01
   5.8241589e+01  -2.2483807e+01
  -2.2857383e+01   2.6761816e+01
   4.2640344e+01   4.2333135e+01
   5.1805960e+01   5.7872179e+01
   5.3268644e+01  -4.7502127e+01
   3.5406267e+01  -8.6434922e+01
  -2.0719653e+01  -7.9309528e+01
  -4.4669933e+01   1.4327952e+01
  -8.1793475e+01   2.2933715e+01
  -6.8230212e+01   3.5178750e+01
  -6.3991053e+01  -2.4016824e+01
  -1.8456062e+01  -9.3596212e+01
  -4.7344858e+01   3.2137727e+01
   3.6444134e+01  -5.6564455e+01
   5.3219571e+00  -7.0908422e+01
  -5.2153438e+01   7.8168160e+00
  -3.1694077e+01  -5.2675236e+01
   1.5160497e+01  -4.9060347e+01
  -2.1708473e+01  -3.7655048e+01
   3.1900225e+01   1.0134752e+01
   1.9620452e+01   1.2523271e+01
   4.5124282e+01   9.3151381e+00
   6.0243297e+01   3.2859182e+01
  -2.2253738e+01   6.4486664e+01
  -5.9686502e+01  -5.0837910e+01
   2.5618687e+01   7.5963607e+01
   6.2456426e+01  -8.6681657e-03
   8.0285418e+01  -7.3501216e+00
  -2.3948938e+01   5.4643631e+01
   6.9862016e+01  -2.8155771e+01
  -3.3557969e+01   5.1942076e+01
   7.0620765e+01   8.3424708e+00
  -4.1278855e+01  -2.7410139e+01
   1.5541283e+01   3.2697114e+01
   1.1238060e+01   5.1934035e+01
  -1.7057344e+01  -9.0516881e+00
   5.7897095e+00   3.1195679e+01
  -8.1868205e+00  -5.1212220e+00
   4.0052754e+01  -1.9239927e+01
   5.0744372e+01  -1.6037059e+01
   5.2386348e+01  -3.7557232e+01
   4.2625117e+01  -3.9511652e+01
   3.4728752e+01  -7.6463307e+01
  -4.2706019e+01  -8.5310621e+01
  -2.7718038e+01  -7.2188948e+01
  -2.7834550e+01   4.3890596e+01
   1.9220674e+01  -2.3708405e+01
  -5.9708122e+01   1.4189155e+01
  -6.1290338e+01   4.2327770e+01
   1.0052652e+01  -2.7422703e+01
  -6.9343893e+01   1.6590134e+01
  -7.8361009e+01   3.4016494e+01
  -9.2126067e+01  -2.3446698e+01
  -2.0762436e+01   1.6976410e-01
  -6.1598802e+01   3.1119169e+00
   1.2999379e+00  -8.0063212e+01
  -7.8385186e+01  -1.1234835e+01
  -4.2074967e+01   2.3847980e+01
   4.4820598e+01  -6.2014204e+01
  -1.5630998e+00  -3.1263623e+01
   5.2942676e+00  -1.8841322e+01
   8.0849036e+01   2.6336692e+00
   1.5251169e+01  -7.2054433e+01
  -2.0302210e+01  -5.7691251e+01
  -1.7635020e+01  -1.8944905e+01
  -5.8732424e+01  -6.0787709e+01
   1.6917471e+01   2.2352769e+01
  -8.0711099e+00  -7.6574063e+01
  -1.2569075e+01   7.8424470e+01
  -1.3193680e+01  -3.2425803e+01
   3.2270227e+01  -1.9571949e+00
   1.4414702e+01  -1.5105825e+01
   6.4603176e+00  -8.3002654e+00
  -3.9523024e+01   6.8142609e+01
   2.6957537e+01   1.8815486e+01
  -1.3071680e+01   6.8438927e+01
   6.9754106e+01   4.9052724e+01
   6.6115384e+01   2.2586408e+01
  -7.5331721e+01  -3.8007407e+01
  -6.6337566e+01  -3.3692509e+01
   1.4745177e+01   4.0331581e+00
   3.8984158e+01   1.7079918e+01
  -2.0868105e+01   3.6827601e+01
   3.5033404e+01   6.6024235e+01
   2.0473192e+01   5.6780526e+01
   1.4986475e+01   6.5762810e+01
   5.1513000e+01  -3.4878318e+00
  -8.5901863e+00   4.9243050e+01
   9.0713822e+01  -7.7649453e+00
   8.2774538e+01  -2.8064877e+01
  -5.3084581e+01   5.0856947e+01
   6.0270129e+01  -9.7633524e+00
  -5.0744185e+01   6.0526126e+01
  -5.3514655e+01  -3.2650885e+01
  -3.9333443e+01  -1.7632093e+01
  -3.3238265e+01  -3.3330760e+01
   1.1887065e+01   4.1968488e+01
   2.4549593e+01   2.8630491e+01
   6.0839990e+01   5.3584438e+01
   3.4384414e+01   4.7946907e+01
  -4.8975785e-02   1.2458085e+01
   5.4606150e+01   6.1699314e+00
  -2.5269543e+00   2.1981564e+01
  -3.8827154e+01  -5.9663724e+01
   3.9187489e+01  -2.9170276e+01
   3.3777718e+01  -4.6942253e+01
   2.4864096e+01  -5.1465975e+01
   7.2294125e+01  -3.7850073e+01
   3.5912152e+01  -6.6543955e+01
   4.8593507e+01  -2.5789414e+01
   6.0713453e+01  -3.2112793e+01
   4.4712407e+01  -7.7039509e+01
   5.3726629e+01  -5.7480107e+01
  -5.0456683e+01  -7.8993519e+01
  -2.7683982e+01  -8.6484567e+01
   2.4312167e+01  -3.2182095e+01
  -6.7340466e+01   5.0221930e+01
  -3.0183870e+01  -4.2832547e+01
  -7.2311088e+01   2.6086481e+01
  -8.7861611e+01   3.0945974e+01
  -5.1992722e+01   2.3230467e+01
  -7.8789708e+01   1.3392090e+01
  -7.4331814e+01   4.3133149e+01
  -2.5972270e+01  -1.3266153e+01
  -8.2646542e+01  -2.0277943e+01
  -3.9402920e+01   5.7209071e+00
  -7.0995007e+00  -5.0441618e+01
  -6.0826301e+01  -6.8576646e+00
  -4.7177582e+01  -7.1226694e-01
  -5.7678989e+01  -1.6347882e+01
  -2.9362349e+01   5.1973372e+00
  -2.4345248e+00  -1.2940465e+01
  -7.0919976e+01   6.7291696e+00
   5.2436648e+01   1.5920618e+01
   7.4763704e+01   1.7560097e+01
  -3.6763488e+00  -8.9490331e+01
   7.1733390e+00  -3.6843696e+01
   9.2063918e+00  -5.7058860e+01
  -4.0887503e+00   3.1513908e+01
  -3.0795724e+01  -4.5808162e+00
  -8.0809358e+01  -1.5341017e+00
  -3.0701751e+00  -4.1147996e+01
  -1.0537306e+01  -5.9830195e+01
   8.3287832e+01   1.2331515e+01
  -9.2426900e+00   8.7850457e+01
   8.3526618e+01   2.2657178e+01
   2.4876537e+01  -7.4758783e+01
  -4.0556132e+00  -6.7445659e+01
  -5.1718795e+01  -6.9074436e+01
  -2.9163200e+01  -6.2319666e+01
  -8.2197668e+00  -2.3759110e+01
   2.3719128e+01  -1.1526831e+01
   1.7651266e+01  -6.2359795e+01
  -6.2071717e+01   2.3864626e+01
  -3.7428949e+01  -6.9560591e+01
  -4.8818569e+01  -5.9505420e+01
   2.4380182e+01   3.7653336e+00
   4.1922509e+01   5.2052086e-02
  -3.1732760e+01   7.4385843e+01
  -1.2782036e+01  -8.5374250e+01
  -2.6670217e+01   8.3164707e+01
   5.3216852e+01  -6.7462782e+01
   5.1676941e+01   4.6409144e+01
  -6.8326716e+01  -4.5350428e+01
   6.1158879e+01   4.3339746e+01
   3.5863076e+01   3.5175151e+01
  -5.9400103e+01  -4.0851103e+01
   5.3472445e+01   2.5738387e+01
   4.8159966e+00   5.9614391e+01
  -1.6016241e+01  -7.0196988e+01
   4.5816457e+01   6.9308926e+01
   1.6220337e+01   8.2299041e+01
  -7.3905765e+01  -2.5114065e+01
  -8.2175095e+01  -3.0723365e+01
  -1.0114952e+01   3.9390747e+01
  -3.2358123e+01   2.4604506e+01
  -1.8194223e+01   4.6471962e+01
  -1.3674180e+01   2.9986952e+01
  -1.3901710e+01   5.7704074e+01
  -4.1110597e+01   5.8304572e+01
   9.2587885e+01  -2.2797414e+01
   9.2110425e+01   2.1289657e+00
   7.6247925e+01  -2.0493507e+01
   6.6777557e+01  -1.7351656e+01
   7.0310700e+01  -8.0130559e+00
  -4.2911062e+01   4.8304502e+01
   1.5541262e+00   4.9580652e+01
   1.0028050e+01   7.4446934e+01
   5.9362987e+01   6.4421561e+01
  -3.0761887e+01   3.4395421e+01
   2.4984033e+01   6.5983767e+01
   2.6455706e+01   3.8394547e+01
   4.3477124e+01   5.2337747e+01
  -4.4350467e+00   3.6617044e+00
   5.1382270e+00   3.5319872e+00
   7.1391973e+00   2.1563956e+01
