   4.5330000e+03
   4.3410000e+03
   4.7230000e+03
   4.4590000e+03
   4.5150000e+03
   4.4470000e+03
   4.7950000e+03
   4.5510000e+03
   4.5430000e+03
   4.9230000e+03
   4.7350000e+03
   4.8430000e+03
   4.7410000e+03
   4.7670000e+03
   4.5870000e+03
   4.4970000e+03
   4.7630000e+03
   4.3310000e+03
   4.8990000e+03
   4.8510000e+03
   4.6850000e+03
   4.7370000e+03
   4.5730000e+03
   4.6270000e+03
   4.9410000e+03
   4.9430000e+03
   4.3850000e+03
   4.3810000e+03
   4.6210000e+03
   4.6190000e+03
   4.9090000e+03
   4.3770000e+03
   4.9110000e+03
   4.4130000e+03
   4.4030000e+03
   4.8070000e+03
   4.8630000e+03
   4.7790000e+03
   4.3910000e+03
   4.7030000e+03
   4.4610000e+03
   4.4150000e+03
   4.5350000e+03
   4.9250000e+03
   4.4070000e+03
   4.8850000e+03
   4.6290000e+03
   4.6510000e+03
   4.5750000e+03
   4.9190000e+03
   4.5650000e+03
   4.6810000e+03
   4.7570000e+03
   4.5930000e+03
   4.5670000e+03
   4.4550000e+03
   4.8810000e+03
   4.5570000e+03
   4.8230000e+03
   4.7450000e+03
   4.6110000e+03
   4.6910000e+03
   4.3670000e+03
   4.8150000e+03
   4.6430000e+03
   4.3550000e+03
   4.7730000e+03
   4.7970000e+03
   4.3570000e+03
   4.7810000e+03
   4.4490000e+03
   4.4670000e+03
   4.7690000e+03
   4.6630000e+03
   4.8410000e+03
   4.5530000e+03
   4.8250000e+03
   4.4990000e+03
   4.9150000e+03
   4.5210000e+03
   4.8790000e+03
   4.5470000e+03
   4.9030000e+03
   4.7590000e+03
   4.8750000e+03
   4.7490000e+03
   4.6130000e+03
   4.9350000e+03
   4.6030000e+03
   4.7130000e+03
   4.3330000e+03
   4.3890000e+03
   4.6490000e+03
   4.4630000e+03
   4.6410000e+03
   4.4650000e+03
   4.5290000e+03
   4.6610000e+03
   4.6650000e+03
   4.7070000e+03
   4.6890000e+03
   4.3730000e+03
   4.3950000e+03
   4.4250000e+03
   4.7150000e+03
   4.6550000e+03
   4.7530000e+03
   4.6930000e+03
   4.6450000e+03
   4.4510000e+03
   4.6830000e+03
   4.6530000e+03
   4.7470000e+03
   4.7330000e+03
   4.7190000e+03
   4.4410000e+03
   4.7510000e+03
   4.7610000e+03
   4.7210000e+03
   4.7430000e+03
   4.6310000e+03
   4.6050000e+03
   4.7890000e+03
   4.7830000e+03
   4.4830000e+03
   4.8290000e+03
   4.8010000e+03
   4.6670000e+03
   4.5950000e+03
   4.8330000e+03
   4.8450000e+03
   4.6070000e+03
   4.8470000e+03
   4.8970000e+03
   4.5390000e+03
   4.8650000e+03
   4.7390000e+03
   4.8710000e+03
   4.8910000e+03
   4.5830000e+03
   4.8490000e+03
   4.5970000e+03
   4.8950000e+03
   4.5490000e+03
   4.8210000e+03
   4.8830000e+03
   4.8130000e+03
   4.8530000e+03
   4.7990000e+03
   4.8550000e+03
   4.5890000e+03
   4.9310000e+03
   4.6470000e+03
   4.6370000e+03
   4.3300000e+03
   4.3320000e+03
   4.3400000e+03
   4.3460000e+03
   4.3540000e+03
   4.3560000e+03
   4.7090000e+03
   4.6710000e+03
   4.6870000e+03
   4.3660000e+03
   4.3720000e+03
   4.7010000e+03
   4.7110000e+03
   4.3800000e+03
   4.3820000e+03
   4.3840000e+03
   4.8110000e+03
   4.3880000e+03
   4.3900000e+03
   4.3940000e+03
   4.3980000e+03
   4.4000000e+03
   4.4020000e+03
   4.6950000e+03
   4.4060000e+03
   4.4120000e+03
   4.4140000e+03
   4.4240000e+03
   4.7270000e+03
   4.4280000e+03
   4.7870000e+03
   4.4320000e+03
   4.7710000e+03
   4.4400000e+03
   4.4420000e+03
   4.7750000e+03
   4.4480000e+03
   4.4500000e+03
   4.7770000e+03
   4.4580000e+03
   4.4600000e+03
   4.7850000e+03
   4.4640000e+03
   4.4660000e+03
   4.8090000e+03
   4.8030000e+03
   4.8350000e+03
   4.8170000e+03
   4.8270000e+03
   4.4960000e+03
   4.4980000e+03
   4.8370000e+03
   4.8390000e+03
   4.5060000e+03
   4.8570000e+03
   4.8310000e+03
   4.8610000e+03
   4.8590000e+03
   4.5200000e+03
   4.5240000e+03
   4.9390000e+03
   4.5320000e+03
   4.5340000e+03
   4.9330000e+03
   4.5380000e+03
   4.5400000e+03
   4.5420000e+03
   4.9070000e+03
   4.5480000e+03
   4.9050000e+03
   4.5520000e+03
   4.9010000e+03
   4.8770000e+03
   4.8930000e+03
   4.5640000e+03
   4.9170000e+03
   4.8870000e+03
   4.5720000e+03
   4.5740000e+03
   4.5820000e+03
   4.9270000e+03
   4.5860000e+03
   4.5880000e+03
   4.5920000e+03
   4.5940000e+03
   4.5960000e+03
   4.5980000e+03
   4.9130000e+03
   4.9210000e+03
   4.6040000e+03
   4.6060000e+03
   4.6100000e+03
   4.6120000e+03
   4.6140000e+03
   4.6160000e+03
   4.6180000e+03
   4.9290000e+03
   4.9370000e+03
   4.6260000e+03
   4.6280000e+03
   4.6300000e+03
   4.6340000e+03
   4.6360000e+03
   4.6400000e+03
   4.6420000e+03
   4.6440000e+03
   4.6460000e+03
   4.6480000e+03
   4.6500000e+03
   4.6520000e+03
   4.6580000e+03
   4.6600000e+03
   4.6620000e+03
   4.6640000e+03
   4.6660000e+03
   4.6700000e+03
   4.6720000e+03
   4.6760000e+03
   4.6800000e+03
   4.6820000e+03
   4.6840000e+03
   4.6860000e+03
   4.6880000e+03
   4.6920000e+03
   4.6940000e+03
   4.6960000e+03
   4.7000000e+03
   4.7020000e+03
   4.7040000e+03
   4.7060000e+03
   4.7080000e+03
   4.7100000e+03
   4.7140000e+03
   4.7160000e+03
   4.7180000e+03
   4.7200000e+03
   4.7220000e+03
   4.7260000e+03
   4.7320000e+03
   4.7340000e+03
   4.7360000e+03
   4.7380000e+03
   4.7400000e+03
   4.7420000e+03
   4.7440000e+03
   4.7460000e+03
   4.7500000e+03
   4.7520000e+03
   4.7540000e+03
   4.7560000e+03
   4.7580000e+03
   4.7600000e+03
   4.7620000e+03
   4.7640000e+03
   4.7660000e+03
   4.7680000e+03
   4.7700000e+03
   4.7740000e+03
   4.7780000e+03
   4.7800000e+03
   4.7820000e+03
   4.7840000e+03
   4.7860000e+03
   4.7880000e+03
   4.7900000e+03
   4.7940000e+03
   4.7960000e+03
   4.7980000e+03
   4.8000000e+03
   4.8040000e+03
   4.8060000e+03
   4.8100000e+03
   4.8120000e+03
   4.8140000e+03
   4.8180000e+03
   4.8200000e+03
   4.8240000e+03
   4.8260000e+03
   4.8300000e+03
   4.8320000e+03
   4.8340000e+03
   4.8360000e+03
   4.8380000e+03
   4.8400000e+03
   4.8420000e+03
   4.8440000e+03
   4.8460000e+03
   4.8480000e+03
   4.8500000e+03
   4.8520000e+03
   4.8540000e+03
   4.8560000e+03
   4.8580000e+03
   4.8600000e+03
   4.8620000e+03
   4.8640000e+03
   4.8660000e+03
   4.8700000e+03
   4.8740000e+03
   4.8760000e+03
   4.8780000e+03
   4.8800000e+03
   4.8820000e+03
   4.8840000e+03
   4.8860000e+03
   4.8880000e+03
   4.8900000e+03
   4.8940000e+03
   4.8960000e+03
   4.8980000e+03
   4.9000000e+03
   4.9020000e+03
   4.9040000e+03
   4.9060000e+03
   4.9080000e+03
   4.9100000e+03
   4.9120000e+03
   4.9140000e+03
   4.9160000e+03
   4.9180000e+03
   4.9200000e+03
   4.9220000e+03
   4.9280000e+03
   4.9320000e+03
   4.9340000e+03
   4.9360000e+03
   4.9380000e+03
   4.9400000e+03
   4.9420000e+03
