   2.9462788e+01  -7.9448135e+00
  -1.8442868e+01  -2.2601768e+01
   1.4740899e+00  -2.1865445e+01
   3.2071232e+01   5.2215432e+01
  -1.2781089e+01   3.7134783e+01
   5.7236564e+01  -3.3043538e+01
  -7.0574207e+00  -3.8175610e+01
  -5.5843282e+00  -5.8283896e+01
  -2.6119818e+01   3.9622122e+00
  -1.7616076e+01  -1.1143921e+00
   1.0272087e+01   3.5311153e+01
   3.7371896e+01   7.2955211e+00
  -2.2312902e+01   3.9898464e+01
   7.6667856e+00  -4.1193747e+01
  -3.4151351e+01  -1.1771139e+01
  -6.4060935e+01  -2.9990926e+01
   5.0513970e+01   4.3039601e+01
  -6.4148680e+00   5.2430767e+01
   5.9365111e+01  -1.3843614e+01
   2.2209406e+01   4.9986876e+01
   3.6358689e+01   3.6569570e+01
   2.6588992e+01  -4.1093573e+01
  -1.5179941e+01  -3.1946813e+01
  -5.0775870e+01  -4.6053606e+00
  -3.0951732e+01   1.4151877e+01
   1.8482772e+01  -4.6797820e+01
   7.3400916e+01   1.3646727e+01
   3.3942350e+01   2.5866647e+01
   3.3673074e+01   1.6242711e+01
   2.4687126e+01   2.1896098e+01
   3.7915426e+01  -2.5851859e+00
  -2.2631616e+01   5.1113791e+01
   5.0008500e+00  -5.9111694e+00
   6.7533112e+01  -1.8345235e+00
   1.4434302e+01   6.3591126e+01
  -4.0178504e+01   4.2307506e+01
   6.3976562e+00   1.1735727e+01
   2.8073993e+01  -3.1283150e+01
   2.7604147e+01  -6.4977393e+01
   2.0481198e+01  -1.6648615e+01
  -3.4889599e+01  -7.1170130e+01
   1.9420021e+01  -2.6508081e+01
  -4.9883881e+01   3.2241927e+01
  -5.7908759e+01   2.5084960e+01
  -6.3738125e+01  -4.0853068e+00
   1.7620251e+00  -3.3583154e+01
  -2.7690136e+01  -1.9223727e+01
   1.8207251e+01  -6.8340789e+01
   5.3257587e+01   2.3081927e+01
  -3.4510156e+01  -3.4034814e+01
  -3.0211544e+01  -4.2878722e+01
   4.2899298e-01   3.5955047e+01
   1.9562205e+01  -6.7661106e+00
  -1.2678877e+01   6.0171741e+01
   1.8387379e+01   3.0047851e+01
   5.5697614e+01   5.3777965e+00
   3.3543066e+00   5.3517019e+01
   9.5106402e+00   2.6827807e+00
  -2.9994170e+01   3.3551270e+01
  -3.9900275e+01   3.2350050e+01
   5.7034589e+00   4.4054908e+01
   3.9105385e+01   4.6003742e+01
  -1.4108811e+01   4.6544260e+01
   3.7723411e+01  -3.3586891e+01
   4.1740399e+01  -2.3159421e+01
   3.5688014e+01  -4.5144731e+01
   2.7519367e+01  -5.1042884e+01
   1.4244628e+01  -5.9254408e+01
   1.6012183e+01  -3.5867750e+01
   9.6120171e+00  -2.7647455e+01
  -1.4825754e+01  -5.5004651e+01
  -3.8035049e+01   2.2579495e+01
  -6.2104504e+01   1.1754049e+01
  -6.8840544e+01  -1.2631165e+01
  -5.6949846e+01   3.2207901e+00
  -4.1915595e+01   1.3433619e+01
  -4.0824858e+01  -4.5214329e+00
  -6.2024966e+00  -2.8211399e+01
  -2.2622443e-01  -7.7128582e+01
  -2.2718836e+01  -4.9229400e+01
  -2.9158207e+00  -1.1609668e+01
  -9.2537255e+00  -1.9004748e+01
   4.2616575e+00  -5.9029774e+01
   5.9812667e+01   1.5717118e+01
   2.7408712e+01   3.2911948e+01
   4.3587733e+01   2.4584939e+01
   1.3079662e+01   2.1894094e+01
  -3.6276431e+01  -6.1364919e+01
   3.6903461e+01  -1.4483252e+01
   2.9080908e+01   1.9148292e+00
   5.5317553e+01   3.2921099e+01
   4.5341554e+01  -9.1221265e+00
  -4.4356004e+01  -3.0044428e+01
   4.9658285e+01   1.3160163e+01
  -1.0631762e+01   2.8015538e+01
  -4.9384622e+00   7.1021758e+01
  -2.0003648e+01   6.6930528e+01
  -7.5582101e-01   1.7462989e+01
   7.4093581e+01  -9.2432708e+00
  -5.3870179e-01   3.6459068e+00
   2.8249615e+01   5.9833028e+01
   5.0188226e+01  -1.7809012e+01
  -2.0354097e+01   2.9629144e+01
  -3.6241696e+01  -2.4292788e+01
  -3.0828193e+01   4.5626033e+01
   1.8849745e+01   4.0423493e+01
   1.3164694e+01   5.3759604e+01
   1.9308205e+01   3.1600303e+00
   2.8615259e+01   4.2635308e+01
   4.5751772e+01   5.3393028e+01
  -7.9151709e+00  -3.0382665e+00
   4.7419565e+01  -3.1343516e+01
   4.4811710e+01  -4.1087459e+01
   3.4737935e+01  -7.1976388e+01
  -2.4872387e+01  -6.9036092e+01
   2.9268126e+01  -2.1383717e+01
   1.0554742e+01  -1.7724043e+01
  -4.8437280e+01   2.1876987e+01
  -2.3935518e+01  -5.9107496e+01
  -6.7456271e+01   2.0178553e+01
  -1.6324908e+01  -1.2150798e+01
  -2.5138541e+01  -7.6327416e+00
  -6.6730593e+01   3.0144152e+01
  -7.0458948e+01  -2.2436552e+01
  -3.5898534e+01   5.4985930e+00
  -5.1794798e+01   1.1978317e+01
  -4.2766006e+01  -1.6774720e+01
  -1.6316900e+01  -4.1752352e+01
  -5.7454617e+01  -1.2020526e+01
  -1.3266271e+01  -6.4843095e+01
  -1.0034367e+01  -7.4286869e+01
  -1.4840540e+00  -4.6469970e+01
  -2.8188595e+01   2.3680355e+01
   3.4718208e+01  -5.7967586e+01
   6.5480641e+01   7.5869315e+00
   8.3524046e+00  -7.0013593e+01
  -1.2626302e+00  -6.7247497e+01
  -4.5746434e+01   4.0856333e+00
  -3.2039008e+01  -5.2526323e+01
   9.3809572e+00  -5.0694979e+01
  -2.4548968e+01  -3.4852153e+01
   2.5430722e+01   1.1046655e+01
   1.5919644e+01   1.2478595e+01
   4.6238933e+01   3.2071805e+00
  -2.4221879e+00   6.1479241e+01
   6.2725009e+01   2.6415616e+01
  -2.7068900e+01   5.9894716e+01
   4.5698745e+01   3.4312847e+01
  -5.8174255e+01  -3.7945426e+01
  -5.4195548e+01  -2.8675298e+01
  -1.1147994e+00   2.6702107e+01
   2.1373398e+01   6.2647063e+01
   6.0039567e+01  -2.3921508e+00
   9.9056769e+00   6.4588902e+01
   7.1683773e+01  -6.4933035e+00
