   2.6597354e+01   6.8338415e+01
   6.7244433e+01   5.6013803e+01
  -4.7369075e+01   3.6728180e+01
  -5.3012661e+00  -5.9957233e+01
  -5.4617821e+00  -5.0152933e+01
  -7.7224391e+01   1.3514790e+01
   5.2677990e+01  -4.9917783e+01
   7.6131797e+01  -5.0033807e+01
  -6.2075101e+00  -3.4115671e+01
   6.7792369e+01  -1.4805708e+01
  -3.1456286e+01  -5.4986191e+00
   6.8248490e+01   4.4935299e+00
  -9.0158124e+01  -3.5328452e+01
   7.8705055e+01  -2.7686685e+01
   4.1007939e+01   5.4059999e+01
   4.2884648e+01   1.6769773e+01
   1.2873920e+01   1.2235400e+01
  -4.9449469e+01  -8.8186298e+01
   7.6471481e+00   2.0624659e+01
  -9.6803273e+01   1.3813816e+01
  -2.6888181e+01   8.2064308e+01
   5.8314863e+01   3.2712481e+00
  -4.1553412e+01  -6.8480933e+00
  -3.4300019e+01  -9.8909781e+01
  -2.4037786e+00   7.4024682e+01
  -2.6105491e+01   5.4740490e+01
  -5.9977537e+01   3.3910618e+01
  -4.9983480e+01   6.3795596e+01
   4.6742054e+01  -7.4220122e+01
  -7.6089627e+01  -7.6235276e+01
  -5.7525570e+01  -6.6048917e+01
   1.3205727e+01  -3.0549118e+01
   2.0070153e+01   1.9067058e+01
   2.6385472e+01  -2.2764020e+00
  -3.3612795e+00  -6.0809628e+00
   1.1380143e+01  -1.4208637e+01
   8.5104254e+01   1.2556034e+01
   4.8218483e+01   2.5203397e+01
   8.3712837e+01   6.7170754e+01
   3.9573001e+01   9.8669311e+01
   9.9561687e+01   3.9579474e+01
  -5.1888207e+01  -1.9204548e+01
  -3.4110735e+01  -5.5315556e+01
  -6.5516170e+01  -7.1797255e+01
   9.1685813e+01  -4.7053830e+01
  -1.6090615e+01  -3.3313034e+01
  -5.2199099e+01   2.8033289e+01
  -7.6523395e+01   7.6850193e+01
  -4.7463802e+01   9.6729514e+01
  -8.2055030e+01   9.4182216e+01
  -2.7956935e+01   3.5709031e+01
  -5.4226015e+01   1.8201904e+01
  -2.9175318e+01   9.2834558e+00
   8.1470616e+01  -6.3553289e+01
  -7.7693464e+01   3.5618221e+01
   2.2290601e+01  -7.5132342e+01
   3.9230647e+01  -1.9505075e+01
   9.9883955e+01  -2.9198063e+01
  -6.0389694e+01  -3.5889795e+01
  -8.7853195e+01  -2.5597712e+01
   1.1459793e+01  -5.8413765e+01
   7.6455150e+01   9.8529579e+01
   6.0646861e+01   3.0707337e+01
  -8.4198060e+01  -6.6593280e+01
   4.1579414e+01   3.6017046e+01
   6.1029566e+01   8.6888754e+01
   6.5897428e+01   6.6895775e+01
  -1.1884002e+01  -2.0463452e+01
   9.3422079e+01   6.4806570e+01
  -3.0698170e+01  -2.6068171e+01
   9.3647575e+01   1.7745854e+01
  -3.9233684e+01  -6.3891666e+01
  -3.9494203e+01  -8.9097634e+01
   2.9355536e+01  -2.1057650e+01
   1.5140577e+01   5.4993613e+01
   8.5544353e+00   8.1490758e+01
   9.7820658e+00  -8.4834319e+01
   4.5497306e+01  -9.4063419e+01
  -9.4398091e+00   8.0887430e+01
  -8.8542584e+01   5.6764876e+01
  -3.5054554e+01   5.3613398e+01
   8.4918171e+00  -9.5963387e+01
  -2.0558612e+01   2.6927880e+01
  -4.6816004e+01   1.1681790e+01
   2.1817765e+01  -5.7471879e+01
  -5.1700213e+01   8.7753622e+01
  -8.9208087e+01   1.3933292e+00
   8.7115477e+01  -1.8754776e+01
  -9.0116860e+01   2.0961593e+01
  -8.8515875e+01  -8.7312067e+01
   1.3954638e+01  -4.8850246e+01
   2.3696799e+01  -4.7748289e+01
  -7.9044801e+01  -3.5880630e+01
   3.1391065e+01   3.5447277e+01
   6.5329304e+00  -5.6980965e+00
   8.6045043e+01   9.5711680e+01
   4.4649500e+01   6.4716494e+00
   8.3832361e+01  -2.9385696e+00
   6.7335215e+01   2.2126681e+01
   5.8302204e+01   6.0389997e+01
  -8.9471995e+01  -4.8927655e+01
   6.9236878e+01   8.0741113e+01
   4.3730589e+01   7.0778297e+01
   6.5142195e+01   4.6277432e+01
   3.6069573e+01   1.7912418e-01
  -1.2957747e+01  -9.9542367e+01
  -3.0157256e+01  -4.6021682e+01
  -4.9089410e+01  -3.0544726e+01
  -7.2786872e+01  -1.4389387e+01
  -6.6599758e+01  -5.7478953e+00
  -7.9897860e+01   4.0786739e+00
  -2.0890780e+01  -2.4599417e+01
  -2.6300772e+01  -6.3625795e+01
  -6.8321739e+01  -8.2500861e+01
  -2.3350162e+01  -8.2528163e+01
   1.9129420e+01  -2.0241701e+01
   1.9622789e+01  -8.5255182e+01
   4.6887503e+01  -8.4179597e+01
   1.3125246e+01   2.8705468e+01
   2.0164139e+01   3.5424612e+01
  -9.2101955e+01   3.2152957e+01
   5.4913080e+01  -9.0142308e+01
  -1.0557054e+01   4.1063359e+01
   3.1734715e+01   8.3347405e+01
  -1.1288215e+01   6.9677177e+01
   3.8078264e+00   5.3392325e+01
  -5.5959978e+01  -1.6237033e+00
   4.7340113e+01  -3.0563484e+01
   5.6219756e+01  -2.6112469e+01
  -2.0978108e+01   6.9278734e+01
  -1.1557836e+01   9.9768073e+01
  -2.9293674e+01   9.1586627e+01
  -6.1440570e+01   8.8962601e+01
   3.7518265e+01  -5.7156716e+01
  -4.4842827e+01   2.2007772e+01
   4.2431551e+01  -4.8475717e+01
   6.2526851e+01  -6.3644678e+01
  -7.1843274e+00   2.9933770e+01
   2.7929369e+01  -9.2367306e+01
  -5.8153222e+01   4.3419153e+01
  -4.2830203e+01   7.0924056e+01
  -7.3176164e+01  -5.3353935e+01
   3.2331838e+01  -4.3208552e+01
  -7.6481351e+01   5.5445176e+01
  -9.3769016e+01  -9.6424659e+01
  -7.7774424e+00   9.0571395e+01
   6.9524284e-02  -4.1888114e+01
   6.5822374e+01  -3.3731903e+01
  -6.2017312e+01  -4.4006670e+01
  -4.8010326e+01  -5.9713537e+01
  -9.2542434e+01  -1.6619148e+01
  -9.7141301e+01  -4.2521751e+01
  -8.2515311e+01  -1.7100293e+01
  -1.2200727e+01  -1.0558364e+01
   5.1466170e+01   3.4616878e+01
   5.7403701e+01   2.1282670e+01
   7.9169538e+01   8.0995701e+01
   9.4941231e+01   9.1151101e+01
   1.9990655e+00   1.2505355e+01
  -2.9462001e+00  -6.9451251e+01
  -6.2728514e-01  -7.8994202e+01
  -9.7015683e+01   4.0295490e+01
   5.6174317e+01  -6.4911911e+00
   6.6039440e+01  -5.1259571e+00
   6.2353850e+01   1.2532702e+01
  -2.3169620e+01   1.4399412e+00
   9.2185129e+01  -1.0065239e+01
   1.8213748e+01   3.8609620e+00
  -2.1785872e+00   2.1466538e+01
   6.4040779e+01   9.8369835e+01
   6.0747094e+01   7.5708433e+01
  -8.4213452e+01  -9.9151271e+01
   2.6772427e+01   5.8433830e+01
   3.5934571e+01   6.3276695e+01
   3.1420017e+01   1.9147474e+01
   7.5085880e+01   6.2160832e+01
   4.7161088e+01   6.1586052e+01
   5.1128588e+01   8.8309852e+01
   7.5212049e+01   4.9992781e+01
   5.1775768e+01   5.2851815e+01
   8.4844769e+01  -5.4185005e+01
   8.7947077e+01  -3.7997381e+01
  -1.0510752e+01  -7.6158495e+01
  -9.8769953e+01   7.0547656e+01
   7.2361579e+01   1.3519740e+01
   9.8314155e+01  -2.1640034e+00
   9.2353088e+01   2.7659861e+01
  -4.2873685e+01  -7.8022897e+01
  -4.4266630e+01  -9.8234689e+01
  -8.6911568e+01  -8.2148812e+00
   9.6536339e+01   8.1282081e+01
   8.6667433e+01   4.6821973e+01
  -7.9977935e+01  -4.5993193e+01
  -3.2641852e+01  -7.1325901e+01
  -1.4721973e+01  -5.6820369e+01
  -4.8288368e+01  -6.9649892e+01
   3.7315771e+01  -9.7067111e+00
  -2.7464181e+01  -9.1637420e+01
   2.4860996e+01  -1.2127894e+01
  -5.4182171e+01  -9.6997593e+01
   7.8203865e+01   5.3264754e+00
   2.2942012e+01  -2.9267739e+01
   2.5478545e+01   1.0679302e+01
   9.3898036e+01  -9.7365202e+01
  -2.9711375e+00  -9.7942468e+01
   6.5682438e+01  -7.5081260e+01
   7.8236917e+01  -9.4895939e+01
  -1.7883820e+01   8.7039277e+01
  -2.0449019e+01   4.1268543e+01
  -4.0210355e+01   6.1656665e+01
  -8.9931067e+00   5.6838610e+01
  -1.8321547e+01   7.7530264e+01
  -3.5696949e+01   7.7795471e+01
  -6.1995454e+01   2.4330285e+01
  -4.0007023e+01   4.3402598e+01
   3.5418519e+01  -9.8974729e+01
   1.9332549e+01   9.7062840e+01
  -8.6288902e+01   7.5700334e+01
   2.1424061e+00   8.9476008e+01
   9.0403401e+01  -6.9337394e+01
   3.1452395e+01  -7.1329504e+01
   7.0561735e+01  -5.7943045e+01
   3.4545705e+01   7.3962752e+01
   7.2011692e+00   7.1738791e+01
   1.7068742e+01   6.6178564e+01
   2.4760988e+01   4.3961792e+01
  -5.6445386e+01   5.2898903e+01
  -3.8450330e+01   8.7722396e+01
  -3.6335497e+01   9.8578328e+01
  -6.9978533e+01   9.4011972e+01
  -3.0200553e+01   4.5104035e+01
   2.9046446e+01  -8.2459690e+01
  -5.2378266e+01   7.3476365e+01
  -4.5210345e+01   8.0433141e+01
   7.7157514e+01  -1.8126684e+01
  -3.6182652e+01   2.3908006e+01
   7.0155799e+01  -4.2463528e+01
  -8.7073251e+01   1.1317488e+01
  -3.7696469e+01   3.3694944e+01
  -1.0890361e+00   3.8533931e+01
  -1.5933085e+01   3.3647888e+01
  -3.2869937e+01   6.8467402e+01
   9.7718289e+01  -3.8939460e+01
  -8.6040711e+01   3.9248417e+01
  -7.5574042e+01   2.3212850e+01
  -8.3745039e+01   2.8215827e+01
   1.6979054e+01  -5.9922238e+00
  -9.2932834e+01   8.3010321e+01
   8.9780236e+01  -2.8316956e+01
   4.1118813e+01   8.8789510e+01
  -6.7661309e+01   4.0731060e+01
  -6.7850639e+01   5.0421636e+01
   1.7446443e+01  -6.6407314e+01
   9.8161347e+00  -3.9900962e+01
  -6.9488256e+01  -3.2014217e+01
  -7.1138392e+01  -4.1819777e+01
  -1.6080459e+00   9.9142957e+01
   4.3766867e+00  -5.1342900e+01
  -5.9447554e+01  -8.8099813e+01
  -8.5946485e+01  -7.7080142e+01
  -7.4264696e+01  -6.6408297e+01
  -8.2580578e+01  -5.6745026e+01
  -5.7832208e+01  -7.8226846e+01
   6.9249573e+01  -2.4529705e+01
  -5.9968539e+01   1.0010101e+01
  -5.6635791e+01  -5.6765275e+01
  -9.2681424e+01  -5.8375285e+01
  -6.7709178e+01   1.6294199e+01
  -1.1521591e+01  -4.2428724e+01
  -2.9571545e+00  -2.4728917e+01
   3.5546105e-01  -1.5328112e+01
   3.4736945e+00  -3.2316066e+01
  -9.8857963e+01  -2.4372476e+01
   2.2146215e+01   7.9316457e+01
   8.7591158e+00   3.7666051e+01
  -2.9893880e+01  -3.6027110e+01
  -9.6764722e+01  -7.0467974e+00
   4.6985532e+01  -1.3203064e+01
  -9.3912790e+01  -6.8179880e+01
  -2.7805028e+00   3.8357734e+00
   6.8071183e+00  -2.2952452e+01
   7.2453447e+00   4.1007519e+00
   4.6759346e+01  -3.2351888e+00
  -9.5694857e+01   4.9960621e+01
   7.4424978e+01   7.2133095e+01
   9.2985843e+01   5.4816620e+01
   8.7924397e+01   7.6224776e+01
   3.2163576e+00   2.9585967e+01
   7.0352568e+01   9.0631388e+01
   9.7089661e+01  -1.9607845e+01
  -2.1886385e+01  -8.3796992e+00
   5.2466180e+01   9.8182430e+01
   1.9683342e+01  -3.8636020e+01
  -7.6990901e+01  -9.2239532e+01
   5.3491381e+01   6.9098143e+01
  -1.1711645e+01  -6.1077594e-01
  -3.9146678e+01  -3.1226869e+01
   4.9983018e+01   7.8447788e+01
   8.3079187e+01   5.6156361e+01
   5.5532545e+01   4.3678751e+01
   5.2379268e+01   1.2700212e+01
   2.5723272e+01   2.7243092e+01
   3.5423077e+01   1.0102532e+01
  -5.8344435e+01  -2.6730532e+01
  -2.1335759e+01  -4.1739637e+01
   9.9746944e+01  -5.2804752e+01
  -2.7201409e+01  -1.6762467e+01
  -8.7715531e+00  -8.5966141e+01
   9.7571977e+01  -7.6217716e+01
   8.9817614e+01   3.7331790e+01
  -9.8224254e+01   5.9642600e+01
  -1.3848533e+01  -6.6764155e+01
   9.9257922e+01   9.4690565e+00
   9.0699221e+01   4.2981525e+00
   6.7243912e+00  -6.7114283e+01
  -7.7324379e+01  -5.5102519e+00
  -5.9832699e+01  -1.3130632e+01
  -4.0389450e+01  -1.6770044e+01
   7.9303323e+01   2.0658554e+01
  -2.4196417e+01  -5.3905002e+01
  -1.7544052e+01  -9.0665888e+01
  -6.4152689e+01  -9.7712283e+01
  -3.3269007e+01  -8.1283172e+01
  -2.2001410e+01  -7.2631410e+01
   7.5532227e+01  -8.4327086e+00
  -3.7441458e+01   1.4444851e+01
   9.4425034e+01  -8.5693286e+01
   5.5832170e+01  -7.0733576e+01
   3.8109880e+01  -7.8756498e+01
   3.7753527e+01   2.6837204e+01
   4.5419143e+01   4.5175965e+01
   4.0196778e+01  -3.7400761e+01
   4.9383289e+01  -4.0660803e+01
   6.6043570e+01  -8.5481241e+01
   6.8243347e+01  -9.5229307e+01
   3.2166552e+01   5.0120879e+01
   5.7368723e+01  -8.0530021e+01
   5.7938171e+01  -1.6302608e+01
  -1.6059006e+00   6.3526640e+01
   3.2364632e+01  -3.1612689e+01
   4.0255093e+01  -6.6712727e+01
  -4.6568932e+01   1.7655723e+00
   3.7144885e+01  -8.8648119e+01
  -4.2568175e+00   4.8112691e+01
  -8.3364088e+01   4.8430283e+01
   1.6438524e+01   8.7518329e+01
   6.1713304e+01  -5.3725267e+01
  -2.1137966e+01   9.7178188e+01
   5.2094606e+01  -6.0516407e+01
   7.2025826e+01  -6.7482193e+01
   1.2378524e+01  -7.5257420e+01
  -7.9782765e+01   6.7485439e+01
  -8.9706769e+01   6.6481188e+01
   9.2812449e+01  -5.9852790e+01
  -4.6732925e+01   5.4239096e+01
   1.4990642e+01   4.5157127e+01
   2.8183513e+01   9.2551460e+01
  -5.8226585e+01   9.8263434e+01
   1.8427516e+01  -9.5256010e+01
   7.6014861e-01  -8.8782974e+01
   8.2036663e+00   6.2031917e+01
  -6.0437211e+01   7.9199741e+01
   9.3906538e+00   9.6338749e+01
  -6.9902000e+01   8.4028169e+01
  -9.1966351e+01   9.2912191e+01
   7.8354569e+01  -3.7331375e+01
  -2.5656644e+01   6.2565074e+01
  -2.8544130e+01   2.6406174e+01
  -2.0201865e+01   4.9534886e+01
  -6.9839754e+01   3.1230260e+01
  -9.9193027e+01   2.6487447e+01
  -9.8823167e+01   2.6280770e+00
  -6.2243840e+01  -5.1251616e+01
  -9.5756379e+01  -7.7551586e+01
  -9.6129291e+01  -8.7235486e+01
