   3.0737816e+01  -7.9052169e+00
  -1.9738998e+01  -1.9829922e+01
   6.8512033e+00   2.5528234e+01
   2.3780318e+00  -2.5297211e+01
   3.1219073e+01   5.2444567e+01
  -1.2981343e+01   3.6043436e+01
   4.8769444e+01  -3.1880216e+01
  -1.3776906e+01  -3.8498393e+01
  -8.4229918e+00  -5.9807771e+01
  -2.3557455e+01  -3.5777395e+01
  -2.8276310e+01   7.0261582e+00
  -4.2614793e+01  -8.9168111e+00
  -2.0089265e+01  -1.1911714e-02
   9.8903750e+00   3.4946521e+01
   3.9451871e+01   8.5960689e+00
  -2.2494074e+01   3.9116305e+01
   5.0076825e+00  -4.4631833e+01
  -3.6664163e+01  -1.6916536e+01
  -5.7686031e+01  -3.0132973e+01
   4.8117712e+01   3.6602852e+01
  -2.8990126e+01  -3.9569942e+00
  -6.8403422e+00   5.1497494e+01
   5.8834058e+01  -1.3696305e+01
   2.1864011e+01   4.8974681e+01
   3.7411156e+01   3.5763346e+01
   2.6180756e+01  -4.3186799e+01
   2.5740950e+01  -1.6521927e+01
   6.1383548e+00  -1.6139411e+01
  -1.6340826e+01  -2.8970708e+01
  -1.1279292e+01  -5.0253373e+01
  -5.0506891e+01  -2.5173468e+00
  -4.8883536e+01   1.5554990e+01
  -2.9219286e+01   2.0313837e+01
   1.8801215e+01  -5.6955243e+01
   1.6852414e+01  -4.6776725e+01
   6.7272543e+01   9.8846113e+00
   3.4906459e+01   2.2598868e+01
  -4.6004210e+01  -2.0385719e+01
   3.0768152e+01   1.3511673e+01
   2.4978787e+01   2.1662250e+01
   3.8188390e+01  -1.3062174e+00
  -2.2572737e+01   5.2289468e+01
   4.3492625e+00  -6.3768612e+00
   6.5473181e+01   4.9347913e-02
   1.5501727e+01   6.3048349e+01
  -3.8994333e+01   4.0990961e+01
   5.7573263e+00   1.3025224e+01
   2.8524490e+01  -3.3481655e+01
   2.8150371e+01  -6.2527315e+01
   1.5899476e+01  -1.8041133e+01
  -2.9908596e+01  -6.4237392e+01
   2.1883708e+01  -2.6027165e+01
  -4.7706828e+00  -4.2684683e+01
   3.2149858e+01  -2.4170967e+01
  -4.9527367e+01   2.5815008e+01
  -5.9302499e+01   2.3725333e+01
  -6.0914803e+01  -8.0564275e+00
  -4.5270595e+01   6.3264742e+00
  -5.1944964e+01  -1.2400197e+01
  -1.6723158e+01  -1.0439424e+01
   1.8544182e+00  -3.5218148e+01
  -1.5081405e+00  -5.2190023e+01
  -2.8932863e+01  -2.3639117e+01
  -2.7323844e+01  -1.3615599e+01
   1.2252285e+01  -6.4759136e+01
   4.7391691e+01   2.5175254e+00
  -5.8225594e+01  -2.0157207e+01
   5.1531623e+01   2.1995737e+01
  -3.3490035e+01  -3.5420344e+01
  -3.0057611e+01  -4.4784446e+01
   8.7423060e-02   3.2966966e+01
   2.0915894e+01   1.1979108e+01
   2.0747891e+01  -7.7870564e+00
  -1.2245554e+01   5.9900590e+01
   1.8764154e+01   2.9513932e+01
   5.6975131e+01   5.2942947e+00
  -4.7658941e+00   4.1716352e+01
   2.9480162e+00   5.3385340e+01
   5.4101251e+01  -4.8902242e+00
   8.0327429e+00   3.2986268e+00
  -2.8828870e+01   3.1380641e+01
  -3.8807715e+01   3.1008735e+01
   5.0332386e+00   4.3628531e+01
   3.8565595e+01   4.5679097e+01
  -1.5014553e+01   4.5788288e+01
   3.8517076e+01  -3.3590446e+01
   4.2216740e+01  -2.4302325e+01
   3.6246706e+01  -4.3416816e+01
   2.9473242e+01  -5.2619577e+01
   9.4290081e+00  -5.3538039e+01
   1.2341669e+01  -3.7853242e+01
   1.2029892e+01  -2.7864369e+01
  -1.8163350e+01  -5.7504294e+01
  -4.0654088e+01   2.1205111e+01
  -6.1535128e+01   1.3991904e+01
  -6.7225696e+01  -1.5808819e+01
  -5.5183555e+01   6.3169965e+00
  -3.6985433e+01   1.1918846e+01
  -3.7942669e+01  -1.4703379e-01
  -6.4854257e+00  -2.9782322e+01
  -3.6850362e+00  -6.8600527e+01
  -2.0254168e+01  -4.6023263e+01
  -5.6075715e+00  -1.1271403e+01
  -9.7912532e+00  -2.0332568e+01
   2.9417497e+00  -6.1126039e+01
   5.8763518e+01   1.5120511e+01
   2.8656712e+01   3.0953260e+01
   4.3417320e+01   2.7790197e+01
   1.5142160e+01   2.0082697e+01
  -2.7694855e+01  -5.4490990e+01
   3.7444903e+01  -1.5514957e+01
   2.9466214e+01   3.5946712e+00
   5.6307031e+01   3.0773240e+01
   4.4852884e+01  -8.7924095e+00
  -4.7706622e+01  -3.0251896e+01
   4.8675311e+01   1.2425599e+01
  -8.1551250e+00   2.7328887e+01
  -3.7814605e+00   6.5224301e+01
  -2.1962001e+01   6.2255304e+01
  -1.3425291e+00   2.0028581e+01
   7.2176523e+01  -7.3612902e+00
  -1.7244914e+00   1.5212750e+00
   2.5136711e+01   6.0377212e+01
   4.9620631e+01  -1.7582445e+01
  -1.9322548e+01   2.8347990e+01
  -3.8372044e+01  -2.6763139e+01
  -3.0430563e+01   4.6129775e+01
   1.8730145e+01   3.9510888e+01
   1.2920836e+01   5.3393856e+01
   1.9479545e+01   2.1151609e+00
   2.8873185e+01   4.1631370e+01
   4.5375096e+01   5.2992338e+01
  -1.0618516e+01  -2.6622816e+00
