   3.2212114e+01   6.3413117e+01
   6.2486546e+01  -4.3039945e+01
  -1.0643311e+01  -4.5897347e+01
   1.5267829e+00  -6.1604965e+01
  -3.8858726e+01   1.5266451e+01
   2.1448893e+01   4.6850811e+01
  -8.0058760e+01  -5.5782815e+01
   4.0910505e+01   2.5094913e+01
   4.5844375e+00   8.7135599e+01
  -3.7205084e+01  -7.8199347e+01
   2.5520589e+01  -4.3960606e+01
  -6.0121852e+01   3.1040290e+01
  -7.2936067e+01  -8.6048642e-01
   6.2997297e+00  -4.9018102e+01
   1.7609464e+01  -8.9669116e+01
  -2.0328988e+01  -4.8160250e+01
   3.2969989e+01  -1.3300835e+01
  -5.8681750e+00   6.4636073e+01
   1.4701550e+01  -5.5200299e+00
   3.4377010e+01  -3.9361120e+01
   4.3038561e+01  -5.0389803e+01
   2.9224001e+01  -6.1473073e+01
  -5.3690760e+01  -4.8568331e+00
   8.1136939e+00  -8.4573499e+01
   7.2156606e+01   9.3540890e+00
  -5.3443392e+01  -2.1669182e+01
   2.4504546e+00   4.6251206e+01
  -2.1345055e+01   7.5705857e+01
   1.4224828e+01   6.2679389e+00
   8.5913293e+01  -2.0136192e+01
   4.7159187e+01   8.2960775e+01
  -2.3398774e+01   2.6428218e+01
   4.1612604e+01   5.0036286e+01
   5.1409321e+01   6.2092544e+01
   5.2389969e+01  -4.6850941e+01
   3.6394942e+01  -8.8261460e+01
  -8.9393001e+01   2.3951742e+01
  -6.9726972e+01   3.9616392e+01
  -6.7994660e+01  -1.9944940e+01
  -1.5200130e+01  -9.8014211e+01
   4.2531847e+00  -7.3081028e+01
  -4.8816701e+01   1.4410771e+01
  -2.6778823e+01  -5.6654742e+01
   1.5928388e+01  -4.6659052e+01
   3.0932875e+01   1.7216685e+01
   5.2796774e+01   3.7333995e+01
  -6.1519617e+01  -5.3548236e+01
   2.3774659e+01   8.3225219e+01
  -2.3697647e+01   5.7029001e+01
   6.9619351e+01  -3.3221850e+01
  -3.5085777e+01   5.0247985e+01
  -4.2825833e+01  -2.1562978e+01
   1.3437254e+01   5.3362576e+01
  -1.8510252e+01  -9.9776867e+00
   7.2364806e+00   3.4687481e+01
  -8.5529998e+00  -9.2920399e+00
   4.0150730e+01  -2.0254314e+01
   5.4465338e+01  -3.7069293e+01
   3.8912374e+01  -7.8588256e+01
  -4.7792857e+01  -9.4567157e+01
  -2.3378376e+01  -7.6305596e+01
  -2.6788728e+01   4.4673321e+01
  -5.8793891e+01   1.3796674e+01
  -5.9813001e+01   4.1018816e+01
  -7.2675664e+01   1.6393098e+01
  -7.9965591e+01   3.3761193e+01
  -2.4160759e+01  -3.7937461e-01
  -6.7778168e+01   7.6878107e+00
  -8.1621402e+01  -9.6252393e+00
  -4.4531725e+01   2.3479631e+01
   4.7130878e+01  -6.5377044e+01
   7.0132269e+00  -1.6852481e+01
   7.6242307e+01   2.2839260e-01
   1.4057922e+01  -7.1394441e+01
  -1.7358742e+01  -5.7706766e+01
  -1.2919076e+01  -1.8264351e+01
  -7.0680825e+01  -7.1007874e+01
  -9.0278484e+00  -7.9094473e+01
  -1.3972037e+01   8.2454856e+01
   3.2643353e+01  -3.1025197e+00
  -3.6543354e+01   7.5293908e+01
  -1.1796550e+01   7.2688978e+01
   7.7084061e+01   4.9854442e+01
   5.8900003e+01   2.1145379e+01
  -2.0408123e+01   3.6203188e+01
   2.2814279e+01   5.6862755e+01
   1.3639396e+01   6.3360481e+01
   4.8533830e+01  -2.3461824e+00
  -7.0401204e+00   4.9923461e+01
   9.0940059e+01  -1.1195364e+01
   8.7693389e+01  -2.9975796e+01
  -5.0633252e+01   4.4975602e+01
   6.1422563e+01  -7.4982874e+00
  -5.0584610e+01   6.9130481e+01
  -4.8800340e+01  -3.0498824e+01
  -2.7150909e+01  -2.8928775e+01
   1.8894759e+01   3.0297128e+01
   6.1407024e+01   6.1906466e+01
   3.3724727e+01   4.3530101e+01
   8.3581749e-01   8.3005553e+00
   5.7644779e+01   1.7550389e+00
  -5.4609897e-01   1.8163682e+01
   3.6764931e+01  -2.9658004e+01
   3.3026063e+01  -5.0560136e+01
   2.3022166e+01  -5.3656684e+01
   7.2507321e+01  -4.2793576e+01
   3.5567585e+01  -6.9178025e+01
   4.6700503e+01  -3.0769738e+01
   6.0043891e+01  -2.8770187e+01
   4.6329211e+01  -8.5287859e+01
   5.2360362e+01  -5.6850827e+01
  -5.4845054e+01  -8.7518205e+01
  -2.2184751e+01  -9.0927090e+01
   1.8329066e+01  -3.6989027e+01
  -7.4009356e+01   4.8650104e+01
  -3.0249664e+01  -4.7449777e+01
  -7.0845677e+01   2.9684635e+01
  -8.9959202e+01   3.3932289e+01
  -5.4479576e+01   2.2799703e+01
  -8.4552886e+01   1.5209981e+01
  -8.4599527e+01   4.2615984e+01
  -2.2728199e+01  -2.0016069e+01
  -9.1455198e+01  -7.9126880e+00
  -3.8639357e+01   5.2902008e+00
  -3.0382823e+00  -5.2304987e+01
  -6.3708542e+01  -4.7298033e+00
  -4.3659092e+01  -4.2792245e+00
  -5.9700377e+01  -1.3882435e+01
  -2.9098126e+01   8.3164057e+00
   1.4062377e+00  -8.5886386e+00
  -7.7817623e+01   7.8375665e+00
   4.0316715e+01   1.3765042e+01
  -2.6485122e+00  -8.6780712e+01
   8.4654841e+00  -3.8757203e+01
   1.0745130e+01  -5.7959948e+01
  -2.3541350e+00   3.7507678e+01
  -2.8321196e+01  -1.1771011e+01
  -8.4036347e+01   2.7989129e-02
  -1.2565110e+00  -4.2485410e+01
  -8.2552883e+00  -6.0688519e+01
   8.4066208e+01   8.8552991e+00
  -1.2123843e+01   9.5005851e+01
   9.2062238e+01   3.8304813e+01
   2.4967948e+01  -7.1223678e+01
  -5.1671620e+00  -6.9991421e+01
  -6.4409430e+01  -8.4665566e+01
  -2.4243378e+01  -6.6346695e+01
  -7.3454618e+00  -2.6540108e+01
   2.5650981e+01  -2.0064500e+01
   1.9361254e+01  -6.2952938e+01
  -6.4437159e+01   2.2029926e+01
  -3.3953353e+01  -6.8734459e+01
  -3.5964944e+01  -5.8831820e+01
   2.2960442e+01   1.4137436e+00
   4.0317882e+01   3.3534041e+00
  -3.7453818e+01   8.5251046e+01
  -1.2552278e+01  -8.8381570e+01
  -2.7608986e+01   8.3499058e+01
   6.0581321e+01  -6.2544257e+01
  -7.5591839e+01  -4.2913983e+01
   6.1403225e+01   5.1906678e+01
  -5.7190947e+01  -3.6350557e+01
   5.0739877e+01   2.7528590e+01
   4.0187171e+00   6.6131496e+01
  -1.5181704e+01  -7.0575182e+01
   4.6612916e+01   7.0867077e+01
   1.3775511e+01   8.3199348e+01
  -7.4033842e+01  -2.7885825e+01
  -8.3750574e+01  -3.7070059e+01
  -1.1682420e+01   4.1067207e+01
  -3.5028722e+01   2.6524812e+01
  -1.7773413e+01   4.8982778e+01
  -1.3563538e+01   2.8927604e+01
  -1.3250553e+01   5.7895069e+01
  -3.3219013e+01   6.0062037e+01
   9.7689029e+01  -2.9682500e+01
   7.6374711e+01  -1.7142029e+01
   6.8491569e+01  -2.3289849e+01
   7.1358941e+01  -8.4954826e+00
   3.8203010e+00   5.6141292e+01
   1.1525068e+01   7.3456101e+01
   6.5322017e+01   7.1107997e+01
  -3.0356020e+01   3.5341890e+01
   2.2915325e+01   6.7095749e+01
   2.5571665e+01   3.7740468e+01
   4.1623807e+01   6.0035587e+01
  -4.2034660e+00  -3.1165415e-01
   6.4161404e+00   3.7988623e-02
   7.4781760e+00   2.4691491e+01
  -4.5285485e+01   3.3443178e+01
   7.8103312e+01   1.7392332e+01
  -2.9525397e+00  -1.7574573e+01
   8.5418760e+01   2.4208919e+01
  -4.4132872e+01  -7.1311838e+01
  -6.5022270e+01  -6.2820371e+01
  -9.3702347e+01  -4.2393252e+01
   8.1029084e+01  -3.7431157e+01
   6.3519431e+01  -5.2986067e+01
   2.9273960e+01  -8.1243640e+01
   2.7096433e+01  -3.2194485e+01
   4.4307140e+01  -4.0475185e+01
   5.5745038e+01  -8.1923957e+01
   3.5315366e+01  -9.8200105e+01
  -4.0711590e+01  -8.7530065e+01
  -5.0976760e+01  -7.8408460e+01
  -2.9452320e+01  -8.4235719e+01
  -3.2784326e+01  -9.3653949e+01
  -5.3809966e+01  -6.8886635e+01
  -6.4108728e+01   5.0033299e+01
   1.8512880e+01  -2.7018874e+01
  -3.8650326e+01   4.0914566e+01
  -9.9888129e+01   3.5098809e+01
  -8.7822795e+01  -1.7521807e+01
  -2.1338114e+01  -3.7675988e+01
  -9.7181527e+01  -2.1020452e+01
  -8.3228179e+01   5.2519328e+01
   8.5395726e+00  -2.6721185e+01
  -5.8567509e+01   3.8324996e+00
  -6.1553960e+01  -2.7479083e+01
   3.9018941e+01  -5.9538671e+01
  -5.4023760e+00   8.7602432e+01
  -3.3702305e+01  -3.3769972e+00
  -3.3103364e+00  -9.6754549e+01
  -9.0779806e+01   7.3873333e+00
   6.4571428e+00  -9.4435336e+01
  -1.0700528e+01  -3.5934488e+01
   1.6952008e+01   2.0489210e+01
  -2.9352181e+01   1.8312649e+01
   9.6394863e+01   7.4930028e+00
  -7.1695601e+01  -1.0734142e+01
  -8.0597908e+01  -6.9896810e+01
   9.4410174e+01   2.8584414e+01
  -7.9396438e+01   2.3782185e+01
  -5.3931305e+01  -5.9040044e+01
   9.1390770e+01   1.6150893e+01
   8.7601611e+01  -4.9889391e-01
  -1.9179439e+01   6.5945898e+01
   1.9381826e+01  -7.9834897e+01
   4.2450399e+01  -1.0259187e+01
   5.0086899e+01  -2.1364087e+01
   5.2329548e+01  -1.1621387e+01
   1.6877763e+01  -1.5276439e+01
   5.7679301e+01  -7.2113390e+01
  -1.7179544e+01  -2.8332291e+01
  -3.1804414e+01  -3.7701656e+01
   5.3096538e-01  -3.2671794e+01
  -2.8766307e+01   6.9009814e+01
  -2.1438171e+01   9.1367516e+01
  -4.6144619e+01   7.8088064e+01
   2.9233315e+01   7.4846840e+01
   2.4225955e+01  -8.4992193e+00
  -6.1577280e+01  -7.5099088e+01
  -8.4834913e+01  -4.7007478e+01
   2.2357759e+01   1.2077426e+01
   4.3207341e+01   4.0165380e+01
   5.1404533e+01   5.2065147e+01
   6.1687228e+01   4.1911063e+01
   3.5658728e+01   3.3608654e+01
   7.0157506e+01   5.7066815e+01
   2.8283747e+01   2.6857215e+01
  -6.8282332e+01  -3.5779054e+01
   3.8934314e+01   7.7273084e+01
   6.0541144e+01   3.1009036e+01
   3.2200291e+01   5.3413148e+01
   1.8869203e+01   9.1940476e+01
   1.8396065e+00   7.5954029e+01
  -5.4661421e+01   5.4131983e+01
  -9.2994837e+01  -3.2419206e+01
  -7.1053265e+01  -5.1724940e+01
  -7.7928340e+01  -1.8826154e+01
   4.9370121e+01   7.6100204e+00
  -6.3312771e+01  -4.4118767e+01
  -8.3949255e+01  -2.7071191e+01
  -4.8215533e+01  -1.3175092e+01
  -3.8821149e+01  -3.0675869e+01
  -4.8591959e+01   4.4147741e+00
   9.5978260e+01  -1.9830962e+01
   6.2240047e+01   1.0630578e+01
  -4.4869152e+01   5.6159660e+01
   7.7753771e+01  -2.7051475e+01
   6.0023084e+01  -1.7989846e+01
   8.1350678e+01  -8.3750169e+00
  -4.0990714e+01   6.6339773e+01
   5.5921973e+01   7.4519616e+01
   1.2046280e+01   4.3453351e+01
   3.1097728e+01   7.2195548e+00
  -1.4178228e+01  -9.7380410e-01
  -3.8248879e+01  -1.2684082e+01
   4.9550259e+01   1.7602453e+01
  -3.6617972e+00   2.7624623e+01
   8.8193115e+00   1.4674333e+01
   6.8897890e+01   2.1297508e+01
  -4.4924434e+01  -6.1669422e+01
