   3.1089530e+01  -3.3723888e+01
   4.1210138e+01  -4.9492467e+01
   5.5433257e+01   7.5593714e+01
   4.4487545e+01   5.1930033e+01
  -7.8012806e+01   4.0565651e+01
   1.4331073e+01  -2.0400261e+01
  -1.6918510e+01   7.2184762e+01
   6.4911463e+01  -1.4266708e+01
  -5.3044351e+01  -7.3962179e+00
   8.8618291e+01   4.1574372e+01
  -6.5606865e+01  -7.9592401e+01
  -3.2163058e+01  -5.5057227e+01
  -9.9158146e+01  -4.1976590e+01
  -3.9432955e+01   1.8596976e+01
  -1.7085782e+01   3.0328848e+01
  -3.7305752e+01   3.2720251e+01
  -6.8502700e+01  -6.7540605e+01
  -4.5859058e+01  -8.3165987e+01
  -5.3940450e+01   4.2691614e+01
  -4.0758922e+00  -2.6173844e+01
  -8.3838943e+01  -7.6133311e+01
  -6.7494203e+01  -3.8413955e+01
   9.6063167e+01   2.3384340e+01
  -8.2849629e+00   5.5311858e+01
   3.7818403e+01   3.0446321e+01
   4.2436129e+01   7.1607213e+01
  -7.1997066e+01  -2.9523352e+01
   5.8335559e+01  -2.1431187e+01
  -4.9143115e+01  -6.1786284e+01
   1.3011922e+00  -6.2590410e+00
  -7.9365844e+01  -6.7193652e+01
   7.2502480e+01   2.0209382e+01
  -7.2462345e+01  -8.8937269e+01
   5.1876687e+01   9.8514911e+01
   3.7164194e+01   8.4410227e+01
  -7.3644403e+00   4.3571046e+01
  -2.6086913e+01   4.6669095e+01
  -4.4246501e+01   9.8476717e+00
  -4.1464949e+01   6.2767342e+01
  -3.7982345e+01   5.3412933e+01
   6.3283588e+01   4.4359488e+01
  -7.0636097e+01   3.3603610e+01
   4.9020997e+01  -5.9572179e+01
  -5.9573117e+01  -2.6016622e+01
  -3.1561578e+01   6.3997357e+01
   6.1637894e+01  -5.3244138e+00
   5.3949972e+01  -1.2336953e+01
   2.3112021e+01  -2.9236302e+01
  -8.1478882e+01  -3.2776254e+01
   3.4502876e+01   5.3196441e+01
  -1.4098340e+01  -5.2222894e+01
   4.4807325e+01  -3.0469277e+01
  -3.7900682e+01  -7.7111023e+01
  -7.2759781e+01  -5.0731699e+01
  -5.6243286e+01  -8.3101623e+01
   4.9788557e-01   8.1541534e+01
  -8.2005240e+01  -8.5954933e+01
   1.0426668e+01  -1.0765331e+01
  -9.9407924e+01  -6.3148764e+01
   2.7550524e+00  -1.6841469e+01
   8.4375981e+01   5.0616930e+01
  -5.6318212e+01  -5.4841304e+01
   7.8347586e+01   1.0871023e+01
   8.6724426e+01   2.6059955e+01
   6.1104397e+01   9.4663385e+01
   4.5850136e+01   9.0541568e+01
   3.1348839e+01   7.6275676e+01
  -9.4305665e+01  -5.0695475e+01
  -9.1056089e+01  -3.6172412e+01
  -9.3717799e+01  -1.3422527e+01
   8.3651890e+01  -1.2698797e+01
   3.8399894e+01   9.7204013e+01
  -2.8255836e+01   3.6949969e+01
  -3.5568079e+01   4.3735169e+01
  -4.0516179e+00   2.4252862e+01
  -1.6947516e+01   4.0320874e+01
  -3.4534197e+01  -1.1934840e+00
  -5.3285191e+01   2.0552194e+01
  -6.3031275e+01  -9.2259433e+01
  -4.7450747e+01   5.0252259e+01
  -5.1022800e+01   5.9574055e+01
   4.7710208e+01   3.1885233e+01
  -4.4559332e+01   3.9549848e+01
   5.4441472e+01   5.2875626e+01
  -9.6451329e+01   4.1574911e+01
  -7.9636473e+01   2.0445465e+01
   3.2048517e+01  -4.5474232e+01
   5.1205373e+01  -4.9833140e+01
  -4.4882245e+01  -1.6070780e+01
  -5.4812962e+01  -1.7228022e+01
  -7.7488720e+01  -2.1211565e+01
   6.0614386e+01   4.4595025e+00
  -2.6786766e+01   7.2742973e+01
  -2.1903380e+01   6.1429738e+01
   7.2145090e+01  -5.7006419e+00
   4.3442925e+01   1.1793808e+00
   6.4311018e+01  -3.1603420e+01
   1.5479668e+00  -4.3126522e+01
   7.0193065e+00  -3.5625751e+01
  -8.6258609e+01  -4.4874256e+01
  -7.6890691e+01  -4.1650425e+01
  -2.2529214e+01  -5.7696002e+01
   4.2129422e+01   6.1628884e+01
  -2.9439995e+01  -4.5437652e+01
  -3.1928105e+01  -6.9090781e+01
   4.5801171e+01   4.2029514e+01
  -3.9161184e+01  -6.2190170e+01
  -8.0327798e+01  -5.7244665e+01
   3.9182634e+01  -3.8585481e+01
   4.8803259e+01  -4.0181944e+01
  -5.2799119e+01  -9.2487611e+01
  -1.9228500e+01   8.1905086e+01
  -9.6057191e+01  -7.8353781e+01
  -8.7375317e+00   7.7814285e+01
  -8.2549768e+01  -9.5936193e+01
  -9.1350864e+01  -6.9550883e+01
   1.0109959e+01  -8.5617836e-01
   2.0253011e+01  -9.7056689e+00
  -9.0006925e+01  -5.9679017e+01
   9.5661633e+01   4.8671272e+01
  -9.7705165e+00  -9.8640995e+01
   7.4392725e+01   5.0067818e+01
  -6.2611608e+01  -4.7100078e+01
  -5.8658084e+01  -6.4848739e+01
  -5.3598999e+01  -7.3462394e+01
  -6.5831979e+01  -5.7908058e+01
   8.7057929e+01   5.9677000e+00
   9.7559100e+01   4.0736550e+00
  -7.0663790e+01  -9.8795971e+01
   8.6390576e+01   1.6317738e+01
   9.3850919e+01  -5.0426771e+00
   9.3806170e+01   3.3063497e+01
   4.6779638e+01   8.0597921e+01
   5.6437932e+01   8.5782780e+01
   3.3394953e+01   6.6488631e+01
   2.3776495e+01   6.9216369e+01
  -9.9185125e+01  -2.1786901e+01
   8.2246253e+01  -2.7983085e+00
   9.2593689e+01  -1.7175630e+01
   3.0047708e+01   9.1706232e+01
  -7.6558656e+00   3.3578463e+01
  -1.6872060e+01   5.0315006e+01
   1.6441883e+00   3.7219652e+01
  -2.6533918e+01   2.7172437e+01
  -3.3687584e+01   8.7195778e+00
  -5.3206762e+01   3.2733789e+01
  -2.9506644e+01   1.7720484e+01
  -4.5270355e+01   2.6683529e+01
  -5.7833825e+01   5.1849881e+01
   3.5960826e+01   4.0272190e+01
  -6.3605140e+01   4.0579978e+01
   5.3143586e+01   2.3492150e+01
  -4.8964725e+01   6.9357339e+01
   5.5164914e+01   3.8540065e+01
   6.4439458e+01   5.4285151e+01
  -6.4755207e+01   2.5542645e+01
  -8.8588053e+01   3.5452170e+01
  -8.6828512e+01   4.5293122e+01
   7.0391958e+01   5.2740999e+00
  -8.0025340e+01   3.0405548e+01
   2.3136857e+01  -4.9930581e+01
  -6.2850719e+01  -1.1263819e+01
  -3.5682163e+01   7.7167419e+01
   6.0262269e+01  -5.4039774e+01
  -9.9633879e+00   6.5113022e+01
   3.9024481e+01  -5.9381173e+01
  -5.9085310e+01   5.5970408e-01
  -6.7581243e+01  -2.0057139e+01
  -4.3133021e+01  -6.2347716e+00
  -8.3740783e+01  -1.3463831e+01
   7.3777149e+01  -1.8276517e+01
  -9.0273800e+01  -2.6273161e+01
   4.6867104e+01  -1.9385509e+01
   9.5860523e+01   1.3636108e+01
   5.2741995e+01  -1.6197860e+00
   5.4556546e+01  -3.0503946e+01
  -5.2464608e+00  -3.5931236e+01
   5.6902479e+00  -2.5975386e+01
   1.4279214e+01  -3.0195041e+01
  -1.0386993e+01  -6.0618598e+01
