  -2.2600228e+01  -2.7133299e+01
   3.0743658e+01   5.7231422e+01
   6.1927956e+01  -4.2015999e+01
  -1.1818427e+01  -4.4651566e+01
   7.1051131e-01  -5.9675802e+01
  -3.7660720e+01   1.4522027e+01
   2.0174203e+01   4.7190742e+01
  -3.9224005e+01  -7.2856352e+00
  -7.9906768e+01  -4.8092113e+01
   9.6117090e+01   1.8839108e+01
   3.3960736e+01   2.6632111e+01
   4.3495452e+01   2.9085189e+01
   4.1242036e+00   8.1822969e+01
  -5.0502385e+01   4.1907176e+01
   3.0090408e+01  -2.1797663e+01
  -3.7911421e+01  -7.6880845e+01
   2.4269772e+01  -4.3322493e+01
  -5.7988361e+01   3.1285354e+01
  -7.0067599e+01  -3.7622015e+00
   5.0358280e+00  -4.9490634e+01
   1.7985289e+01  -8.6392091e+01
  -3.2226213e+01  -2.4505411e+01
  -2.1084204e+01  -4.7427688e+01
   3.2425902e+01  -1.2615734e+01
  -4.2057291e+00   6.2899976e+01
   1.8223583e+01  -5.9253686e+00
   3.4634449e+01  -3.9896968e+01
   4.3307445e+01  -4.8967737e+01
   2.7666514e+01  -6.1602193e+01
  -4.8905278e+01  -1.1267950e+01
   8.1133912e+00  -8.4575300e+01
   6.2374724e+01   1.3715415e+01
   5.0193001e+01   3.6510366e+01
  -5.0124042e+01  -2.1172872e+01
   1.1255350e+00   4.1134611e+01
  -2.2371008e+01   7.4475478e+01
   9.0901749e+00   1.0557834e+01
   8.5964834e+01  -1.7347295e+01
   3.7845943e+01   7.5795595e+01
  -2.2840100e+01   2.7004127e+01
   4.2971644e+01   4.3344275e+01
   5.1848711e+01   5.8132368e+01
   5.3021367e+01  -4.6605146e+01
   3.6797582e+01  -8.7599264e+01
  -8.6391462e+01   2.3614712e+01
  -6.9100662e+01   3.6628663e+01
  -6.5520270e+01  -2.1938832e+01
  -1.6410028e+01  -9.7091291e+01
   4.1246361e+00  -7.0943598e+01
  -4.9302207e+01   1.1088673e+01
  -2.8090446e+01  -5.4546046e+01
   1.4674801e+01  -4.7339940e+01
   3.3586627e+01   1.0197015e+01
   4.5546380e+01   1.0438044e+01
   5.9945338e+01   3.4675559e+01
  -6.0699641e+01  -4.6945697e+01
   2.5628625e+01   7.6142403e+01
   6.2280234e+01  -7.4577199e-01
   7.9121235e+01  -1.0300926e+01
  -2.2700473e+01   5.4933092e+01
   7.1354857e+01  -2.8466491e+01
  -3.2584973e+01   5.4181634e+01
  -4.1685601e+01  -2.6502983e+01
   1.5991987e+01   3.4357000e+01
   1.1893151e+01   5.2953166e+01
  -1.9145480e+01  -1.0023706e+01
   6.2378068e+00   3.2564078e+01
  -1.1050638e+01  -4.2048602e+00
   4.0193217e+01  -1.8468946e+01
   5.3541859e+01  -3.6664415e+01
   3.8392737e+01  -7.7850206e+01
  -4.7803762e+01  -9.3426245e+01
  -2.4562650e+01  -7.3832237e+01
  -2.6115167e+01   4.4229198e+01
  -5.9108641e+01   1.2758565e+01
  -6.0319642e+01   4.0880618e+01
  -6.9056544e+01   1.5212547e+01
  -7.8296436e+01   3.2632896e+01
  -9.8916521e+01  -2.8127591e+01
  -2.0140635e+01  -8.2933643e-02
  -6.4432396e+01   4.4169262e+00
  -7.8500670e+01  -1.1290219e+01
  -4.2864756e+01   2.2852624e+01
   4.7279288e+01  -6.3437820e+01
   5.3013459e+00  -1.7388543e+01
   7.6225325e+01   2.7607358e+00
   1.3218294e+01  -7.1720917e+01
  -1.8476765e+01  -5.6888087e+01
  -1.6007298e+01  -1.9572324e+01
  -6.6788911e+01  -6.8060518e+01
  -8.5924982e+00  -7.8110736e+01
  -1.3508719e+01   7.8909612e+01
   3.2576850e+01  -2.6823496e+00
  -4.0547117e+01   6.9628691e+01
   2.8046908e+01   1.8595896e+01
  -1.0568705e+01   6.9967275e+01
   7.0326747e+01   4.9405720e+01
   6.2372905e+01   2.5307375e+01
  -7.6302279e+01  -3.8583242e+01
  -6.7570146e+01  -3.3710799e+01
   1.5732324e+01   3.4878423e+00
   3.9397936e+01   1.8287739e+01
  -1.9503583e+01   3.6448908e+01
   3.5151821e+01   6.6177963e+01
   2.0807577e+01   5.7197062e+01
   1.5168746e+01   6.5420821e+01
   5.0346237e+01  -7.2664541e-01
  -7.2605513e+00   4.9306435e+01
   9.1599586e+01  -9.3454960e+00
   8.3896960e+01  -2.6936145e+01
  -5.2798616e+01   5.3154310e+01
   6.0514348e+01  -1.1394626e+01
  -5.0217495e+01   6.2769506e+01
  -4.9985044e+01  -3.1113831e+01
  -3.9744950e+01  -1.6984008e+01
  -3.5072244e+01  -3.3899640e+01
   1.1042035e+01   4.3007539e+01
   2.4389166e+01   2.9104154e+01
   6.1047229e+01   5.4242244e+01
   3.4062748e+01   4.7825839e+01
  -2.2179389e-01   1.2995431e+01
   5.5009004e+01   7.0956616e+00
  -2.8092358e+00   2.2591105e+01
  -3.7385595e+01  -5.7901480e+01
   3.8243890e+01  -2.7484558e+01
   3.2075349e+01  -4.9546353e+01
   2.2695061e+01  -5.3122790e+01
   7.1275116e+01  -3.8545831e+01
   3.3772369e+01  -6.9276505e+01
   4.9717918e+01  -2.7771765e+01
   6.1733830e+01  -3.1014203e+01
   4.6975105e+01  -8.2795293e+01
   5.4454631e+01  -5.6486713e+01
  -5.4766984e+01  -8.6248969e+01
  -2.2600948e+01  -8.9280044e+01
   1.8556784e+01  -3.5206483e+01
  -7.1157756e+01   4.6174779e+01
  -3.0319115e+01  -4.4974594e+01
  -6.9819722e+01   2.7278275e+01
  -8.9082356e+01   3.2947503e+01
  -5.2416014e+01   2.2711113e+01
  -7.9078083e+01   1.2780793e+01
  -8.3704462e+01   4.1116623e+01
  -2.5454973e+01  -1.7720789e+01
  -8.8354387e+01  -1.1462169e+01
  -3.8893210e+01   4.7004602e+00
  -4.6152159e+00  -5.1261090e+01
  -6.0298704e+01  -5.5527878e+00
  -4.6672182e+01  -1.4389170e+00
  -5.8107099e+01  -1.5253272e+01
  -2.9194658e+01   9.4224439e+00
  -1.2644587e+00  -6.1154822e+00
  -7.4005493e+01   4.9478925e+00
   5.3036398e+01   1.6992963e+01
  -2.9125952e+00  -8.6589770e+01
   8.8037890e+00  -3.7113881e+01
   1.0429113e+01  -5.7674245e+01
  -3.6692559e+00   3.2388985e+01
  -2.9825140e+01  -9.4222201e+00
  -8.1185577e+01  -1.8355672e+00
  -2.7970087e-01  -4.1175438e+01
  -9.2264611e+00  -5.9961929e+01
   8.4356164e+01   7.7581787e+00
  -1.1036239e+01   9.2575789e+01
   9.1194063e+01   3.4725187e+01
   2.4357239e+01  -7.1295987e+01
  -5.2225110e+00  -6.8844327e+01
  -6.0185366e+01  -7.5067182e+01
  -2.5309600e+01  -6.4016068e+01
  -7.7880028e+00  -2.4940551e+01
   2.3995443e+01  -1.3550462e+01
   1.8112080e+01  -6.3648855e+01
  -6.1934893e+01   2.2126450e+01
  -3.4604799e+01  -6.7469376e+01
  -4.7084448e+01  -5.9865334e+01
   2.5567938e+01   4.3399043e+00
   4.1512882e+01   1.3200428e+00
  -3.2283802e+01   7.5169657e+01
  -1.2897318e+01  -8.7050631e+01
  -2.6688324e+01   8.3531452e+01
   5.6668281e+01  -6.6866160e+01
   5.2191899e+01   4.7206646e+01
  -7.0255159e+01  -4.6365555e+01
   6.1757111e+01   4.4332249e+01
   3.5699604e+01   3.6487166e+01
  -5.8298236e+01  -3.7852485e+01
   5.2982347e+01   2.6960304e+01
   5.3079128e+00   6.0527509e+01
  -1.5348117e+01  -7.0016986e+01
   4.5816457e+01   6.9308926e+01
   1.6220595e+01   8.2299403e+01
  -7.4259450e+01  -2.6291718e+01
  -8.2881178e+01  -3.1134664e+01
  -1.0115571e+01   3.9781695e+01
  -3.4027257e+01   2.6668363e+01
  -1.6803271e+01   4.6983834e+01
  -1.3018269e+01   2.8862033e+01
  -1.2926346e+01   5.6983139e+01
  -4.0804498e+01   5.9696914e+01
   9.3686074e+01  -2.3541221e+01
   9.6584499e+01  -8.2811008e-01
   7.6393683e+01  -1.9884952e+01
   6.6998662e+01  -1.7522038e+01
   6.9647941e+01  -7.5735481e+00
  -4.3458125e+01   5.0117205e+01
   2.2773168e+00   5.1036791e+01
   1.0417491e+01   7.4156956e+01
   5.9516312e+01   6.4552061e+01
  -2.9307910e+01   3.5004376e+01
   2.5153939e+01   6.6167556e+01
   2.6049596e+01   3.9100312e+01
   4.3082628e+01   5.3331235e+01
  -4.4997711e+00   3.3274600e+00
   5.2808364e+00   1.3571092e+00
   7.0832157e+00   2.2633590e+01
  -4.0995409e+01   3.3464291e+01
   6.9775673e+01   1.9889067e+01
  -4.5170811e+00  -1.5508645e+01
   7.8664364e+01   1.9584639e+01
  -4.4335903e+01  -6.9389126e+01
  -6.1663022e+01  -6.0738895e+01
  -8.7096330e+01  -4.0167201e+01
   8.0996953e+01  -3.6387766e+01
   6.3335845e+01  -5.1902630e+01
   2.8269043e+01  -8.0804854e+01
   2.9156561e+01  -3.1584345e+01
   4.3661154e+01  -3.5669105e+01
   5.4866831e+01  -7.6692104e+01
   3.5408650e+01  -9.7437191e+01
  -4.0676933e+01  -8.6443192e+01
  -5.0580224e+01  -7.7145715e+01
  -2.9644316e+01  -8.2302259e+01
  -3.2286309e+01  -9.1883389e+01
  -5.3971128e+01  -6.7152440e+01
  -6.2246599e+01   5.0414749e+01
   2.0963666e+01  -2.5567194e+01
  -3.5918708e+01   4.3839614e+01
  -9.8736517e+01   3.4912821e+01
  -8.2695157e+01  -2.1031947e+01
  -2.5484227e+01  -3.6516716e+01
  -9.2644619e+01  -2.0413793e+01
  -8.0162805e+01   5.0340317e+01
   6.4784349e+00  -2.7317078e+01
  -5.5037669e+01   2.9800411e+00
  -5.9021695e+01  -2.8437353e+01
   3.7813831e+01  -6.0243982e+01
  -5.4055173e+00   8.4376531e+01
  -3.0130516e+01   2.4371085e-02
  -3.3019632e+00  -9.6613210e+01
  -8.6398898e+01   6.5266912e+00
   6.4566298e+00  -9.4433717e+01
  -8.3687670e+00  -3.5416810e+01
   1.5782889e+01   1.7803579e+01
  -2.8820250e+01   1.8998123e+01
   9.4200977e+01   8.7998730e+00
  -6.8952230e+01  -1.3240932e+01
  -7.6082311e+01  -6.9690081e+01
   8.6824056e+01   2.6026825e+01
  -7.7025664e+01   2.1704880e+01
  -5.5435458e+01  -5.4809935e+01
   8.7157621e+01   1.6513031e+01
   8.4823881e+01  -2.1915701e+00
  -1.8363846e+01   6.4770736e+01
   1.8565061e+01  -7.8254309e+01
   3.9918070e+01  -1.0081677e+01
   4.7663391e+01  -1.9538852e+01
   5.4167754e+01  -6.9718681e+00
