   3.7361710e+01  -4.0355957e+01
  -7.4850255e+01  -5.1454268e+01
   7.9272066e+00  -7.4118642e+01
  -6.2676202e+01  -2.7535026e+01
   9.0431128e+01   4.0499222e-01
  -5.8006572e+01   4.8095765e+01
   5.7560775e+01  -6.4425055e+01
   6.2498779e+01  -2.8925402e+01
  -9.4105529e+01  -5.6322107e+01
  -6.2953943e+01  -9.5176063e+01
   3.8720614e+01   4.3095030e+01
   3.1318879e+01   7.7417922e+01
  -4.4151871e+01   1.6953369e+01
   2.5508876e+01   4.6414562e+01
  -4.9906454e+01   3.5545252e+01
  -4.0118404e+01  -8.3162610e+00
   6.4040263e+01   7.2176482e+01
  -6.5796636e+00  -8.9032458e+01
   8.9058449e+00  -4.3927867e+01
   4.0679711e+00  -5.2669629e+01
   1.4019039e+01  -3.5039199e+01
   6.1669886e+01   2.8252572e+01
  -2.2530961e+00   5.6033052e+01
   3.8571536e+01   3.3135354e+01
   4.9710448e+01   4.8730361e+01
  -9.0252323e+01   6.1616652e+01
   5.0794415e+01   3.2287328e+00
  -2.4895709e+01   5.5039455e+01
   2.3981763e+01  -3.5222547e+01
   4.7433581e+01  -5.0589118e+01
  -6.4227562e+01  -1.8058364e+01
   3.5354489e+01  -3.7207055e+00
  -7.9665243e+01  -4.0550543e+01
  -1.8917029e+01  -7.1109150e+01
   8.2078458e+01   7.1785727e+01
   4.9659193e+01   6.3401762e+01
   1.1862313e+01  -1.6916910e+01
   1.9208073e+01  -6.1102419e+01
   8.8052155e+01   1.0109562e+01
   7.8139969e+01   1.0806397e+01
   9.8681045e+01  -1.2054244e+01
  -1.9092708e+01  -4.6161550e+01
   5.7785500e+01  -9.0833255e+01
   2.7247779e+01   1.8365477e+01
   9.5838003e+00   4.0328966e+01
  -1.5002538e+01   3.9243053e+01
   1.0306519e+01   5.6615771e+01
  -3.4514621e+01   5.4576285e+01
  -7.9095006e+01   3.5013809e+01
  -7.3739800e+01   2.4638716e+01
   6.5070261e+01  -7.9011249e+01
  -6.0788602e+01   7.9548763e+01
   9.4705583e+01  -7.7042666e+01
   9.8985857e+01  -3.7566963e+01
  -2.1280345e+01  -9.9095490e+01
  -4.0646044e+01  -9.1963796e+01
  -9.0375568e+01  -3.8780586e+00
  -9.7065591e+01   2.2059496e+01
  -6.0988209e+01  -7.3250905e+01
  -5.0952246e+01  -9.0108733e+01
   2.9281936e+01   9.9621408e+01
   8.3602297e+01   9.2426285e+01
  -2.3613302e+01  -1.8077904e+01
  -5.3754003e+01  -2.5331299e+01
  -9.9924823e+01  -2.0884256e+01
  -2.2796561e+01   1.1858866e+00
   2.6872583e+01  -1.2846620e+01
   3.6119500e+01  -1.3796296e+01
   8.8802848e+01   4.3574262e+01
   7.9450755e+01  -1.8787327e+01
  -3.5045349e+01  -5.6196861e+01
   3.3845843e+01  -7.6262077e+01
   6.2961888e+01  -3.8684112e+01
  -3.0281592e+01   1.6779158e+01
   1.5244168e+01   8.2863081e+01
  -1.3917243e+01   8.8280150e+01
  -2.4216496e+01   4.2648939e+01
  -4.3260359e+01   7.7600713e+00
  -3.5239461e+01   7.1502402e+01
   5.1939457e+01   1.2355639e+01
   6.6202411e+01  -5.9591571e+01
   8.9334617e+01  -6.8258487e+01
  -9.5770931e+01   9.3086268e+01
  -4.6577892e+00  -7.7996256e+01
  -6.0192466e+01   3.8535732e+01
  -8.3283618e+01   8.0046328e+01
   1.2920622e+01  -9.8684419e+01
  -2.0010915e+01   9.6435924e+01
   3.0927899e+01  -6.6812037e+01
   5.8289227e+01  -2.0103973e+01
   4.7258616e+01  -4.0666907e+01
   8.4618147e+01  -2.9119587e+01
   7.4426070e+01  -5.4225074e+01
  -8.8002289e+01  -3.4674053e+01
  -7.1928984e+01  -9.0766195e+01
  -8.1915101e+01  -9.0242397e+01
  -5.4037648e+01  -9.9703634e+01
  -5.5395463e+01  -5.5813618e+01
  -7.9351600e+01  -3.0048789e+01
   2.6651335e+01   5.8647852e+01
   6.7928942e+01   5.9043390e+01
  -6.9793458e+01  -4.3079498e+01
   1.9990654e+01   3.6843893e+01
   3.5666753e+01   2.3618407e+01
  -1.2970713e+01  -1.7562482e+00
   7.0775974e+01   7.9559030e+01
   9.0986846e+01   7.6322991e+01
   2.1912390e+00  -1.4755659e+01
   8.7995670e+00  -6.1478516e+01
   7.0340760e+00   3.1325455e+00
  -7.0638509e+01  -7.0640633e+01
   2.5737714e+01  -2.9096627e+00
   6.8783869e+01   7.8634334e+00
   8.8597902e+01   2.4552534e+01
   6.9379930e+01  -1.1686582e+01
   5.7664267e+01   3.7388893e+01
   4.5163661e+01   7.6824034e+01
  -9.9591316e+01  -3.0878512e+01
   2.5023284e+00  -9.3202680e+01
   1.2489282e+01   9.2454028e+01
   9.9333552e+01   5.9645626e+01
  -3.7338814e+01  -7.5514769e+01
   8.9335162e+01   5.4445626e+01
  -1.4120198e+01  -6.0411186e+01
   5.2387759e+01  -8.2623373e+01
  -2.8673855e+01  -4.8615564e+01
   1.2799518e+01   1.2312207e+01
  -3.9224075e+01  -3.1713773e+01
   7.9003914e+00   7.2771416e+01
   5.2695736e+00   8.2335880e+01
  -8.5611332e+01   5.2802035e+01
  -9.3593627e+01   4.6787107e+01
  -7.6019423e+00   2.8094761e+01
  -1.4340030e+01   7.4500593e+01
  -2.1663940e+01   3.3021631e+01
  -1.1617487e+01   5.7959818e+01
  -2.1850285e+00   8.8926794e+01
  -5.9786196e+01   5.2897140e+00
  -5.6234132e+00  -3.2675432e+01
  -5.4401489e+01  -2.6590000e+00
  -4.9375717e+01   6.4026079e+01
   2.5939059e+01  -8.2207035e+01
  -7.3466996e+01  -1.4503373e+01
   3.7512825e+01  -5.0242245e+01
  -5.8994428e+01   9.0293816e+01
  -6.7421397e+01   9.5664144e+01
  -4.4138641e+01   5.3210396e+01
  -7.3288502e+01   7.7469698e+01
  -8.8222889e+01   9.9645703e+01
  -4.2542294e+01   8.5252003e+01
  -7.0718715e+01   4.1118728e+01
   5.3039565e+00  -8.3678885e+01
  -9.1434510e+00  -6.9065423e+01
   5.5843624e+01  -4.5279611e+01
  -5.7616687e+01   2.8904755e+01
  -8.1750694e+01  -9.2051531e+00
   3.3168421e+01  -3.1436689e+01
   4.3185398e+01  -3.1773903e+01
  -2.3806504e+01  -8.3553198e+01
   4.8469745e+01  -6.0427011e+01
  -9.9368811e+01  -1.0886201e+01
  -7.9414579e+01   6.0661132e+01
  -1.0288701e+00  -4.4070667e+01
   1.8703303e+01  -2.4153657e+01
  -7.0554065e-01  -2.4158436e+01
   8.2580216e+01  -3.8883644e+01
  -8.3157987e+01   7.4465195e+00
  -9.2633652e+01   8.3591312e+01
  -4.4303801e+01  -8.2655936e+01
  -7.0055504e+01  -3.3505847e+01
  -7.1846940e+01  -2.3960931e+01
   6.3931172e+01   9.7911146e+01
   9.1774167e+01   3.4029730e+01
  -1.1914134e+00  -5.5448892e+00
  -7.7862391e+01  -6.1197801e+01
  -8.4517242e+01  -5.3627542e+01
   9.6835134e+01   8.4432915e+01
   7.3804216e+01   9.0450142e+01
   1.8020179e+01  -9.1344362e+00
   3.8592912e+01  -2.3154367e+01
  -8.8808642e+01  -4.4607512e+01
   6.8299009e-01  -6.7395502e+01
  -3.9415418e+00  -5.8629665e+01
  -9.0135503e+01  -2.4911150e+01
  -8.1642261e+01  -1.9886790e+01
   8.0465915e+01   1.0937358e+00
   9.9148564e+01   7.8650624e+00
   8.9014921e+01  -9.4921545e+00
   4.4679332e+01   1.9418565e+01
   5.6766352e+01   5.5807604e+01
   4.7637091e+01   2.8961866e+01
   5.4434675e+01   8.2320124e+01
   4.7796004e+01   3.8932485e+01
   7.9025635e+01  -8.7983515e+00
   6.1620528e+01  -5.4757913e+00
   2.7198873e+01   2.8922133e+01
   4.2919833e+01   5.6055394e+01
   7.0698148e+01   4.9435959e+01
  -4.7450371e+01  -7.3047288e+01
  -1.6477254e+01  -9.0334706e+01
  -1.4442868e+01  -8.0054322e+01
   5.2058618e+01  -9.8949314e+01
   4.6565745e+01  -9.0609025e+01
   4.3091925e+01  -6.8767349e+01
  -2.3618491e+01  -5.7308054e+01
   6.6917184e+01  -6.9410565e+01
  -4.6256571e+01  -5.9937050e+01
  -2.1812923e+01  -3.5682341e+01
   7.6042641e+01  -6.5546303e+01
  -4.4855761e+01  -2.4853644e+01
   8.6100512e+00   2.1362836e+01
   9.9307062e+01  -4.9609596e+01
   7.4655664e+01  -2.9949092e+01
   5.3942453e+01  -1.1432312e+01
   6.9203281e+01  -2.1599225e+01
  -2.8271607e+01   8.1567098e+00
  -5.1476766e+01   9.4387654e+00
   5.3147684e+01  -3.2563888e+01
  -7.3908881e+01   5.2920215e+01
  -2.8909654e+01   7.7280453e+01
   4.2451404e+00   4.8669908e+01
   3.5270976e+00   6.3937685e+01
   2.5454187e+00   3.2607113e+01
  -1.9417110e+01   6.2790795e+01
  -3.2527313e+01  -2.7077475e+00
  -3.0396535e+01   3.4714648e+01
  -3.7843806e+01   2.4433433e+01
  -6.7838195e+01   1.3448320e+01
  -9.9677384e+01  -9.5691231e+01
  -3.0501770e+01   9.5150096e+01
   5.9912149e+01   4.2609075e+00
   3.9693091e+01   1.0812295e+01
   9.3478795e+01  -5.9061831e+01
   7.1324306e+01  -9.7434391e+01
   1.9332595e+01  -8.9669128e+01
   3.8284826e+01  -6.0091461e+01
  -9.2750856e+01  -7.5675882e+01
  -7.7478487e+01   1.5549652e+01
  -4.3821299e+01   4.3336456e+01
  -4.7556667e+01   7.9666553e+01
   4.4664768e+01  -1.1069908e+01
  -7.7388933e+01   9.0071703e+01
  -2.0473094e+01   8.1002139e+01
  -5.3413276e+01   5.5704820e+01
  -6.8269227e+01   8.5924545e+01
  -9.6486359e+01   3.2267094e+01
  -2.9846009e+01  -9.3959467e+01
  -5.3284954e+01   7.3225763e+01
   3.5612539e+01   6.4252886e+01
  -3.3716090e+01  -8.4772002e+01
   2.8065357e+01  -4.7262089e+01
  -4.0055532e+01   3.4118227e+01
  -4.8159061e+01   2.5805424e+01
  -5.0656970e+01   9.5746002e+01
   2.8557306e+01  -2.2653389e+01
   1.8820667e+01  -4.3760655e+01
   2.2322915e+01   9.2712797e+01
   8.3522189e+01  -5.9037978e+01
   1.4057376e+01  -5.2537800e+01
   1.6473251e+01  -7.9171562e+01
   6.5833607e+01  -4.8794518e+01
   5.7541315e+01  -5.4772978e+01
  -6.4941862e+01  -5.2680809e+01
   3.7410801e+01  -8.6621363e+01
  -7.2586556e+01  -8.0787850e+01
  -6.3580675e+01  -8.5168360e+01
  -9.0113454e+01  -1.4609684e+01
  -8.3967662e+01  -8.0456358e+01
   7.2732114e+01  -3.9760632e+01
   8.2848791e+01  -4.9083979e+01
  -9.9195551e+01   5.7146017e+01
  -9.0257274e+01   7.1606681e+01
  -8.0339934e+01   7.0497502e+01
  -9.9232790e+01   7.6001822e+01
  -6.4678225e+01  -6.2634354e+01
   5.4061921e+01   7.2348579e+01
  -9.7963631e+01  -6.5537039e+01
   2.8415524e+01  -5.7209656e+01
  -8.9248141e+01   1.5819401e+01
  -5.4172954e+01  -8.0566674e+01
  -5.9938748e+01  -4.4111958e+01
   3.3900926e+01   5.1813925e+01
   1.5696151e+01   4.8220774e+01
   1.7784536e+01   6.3236116e+01
  -9.3001917e+01   5.9143688e+00
   2.2391849e+01   9.6701247e+00
   3.1355073e+01   5.3863950e+00
   1.8778321e+01   2.3484353e+01
  -4.3139578e+00   3.6534941e+00
   7.2964499e+01   6.7680677e+01
   8.0545282e+01   8.1667457e+01
   6.4371692e+01   8.7194062e+01
   8.5873243e+00  -6.6767970e+00
  -9.0401818e+00  -1.1569964e+01
   9.3498310e+01   9.3859337e+01
   9.7447533e+01   4.8599029e+01
   4.8586482e+01  -2.3165509e+01
  -1.0554304e+01  -4.1192026e+01
   4.0415009e+00  -3.5196475e+01
   8.9832003e+00  -2.6457837e+01
  -8.0622242e+01  -7.1035151e+01
   9.8396202e+01   2.6537410e+01
   9.0139946e+01   6.4412555e+01
  -8.8031723e+01  -6.4324396e+01
   9.5218409e+01   1.7060343e+01
   9.9757714e+01  -2.1996101e+01
   1.6684765e+01   9.4945158e-01
   8.0692747e+01   4.9418601e+01
   6.8933526e+01   2.1188377e+01
   4.6349681e+01   9.3964300e+01
   2.6641522e+01   6.8620868e+01
   3.8570393e+01   8.4190735e+01
   7.0935834e+01  -1.8713483e+00
   5.5850565e+01   9.2189300e+01
  -1.0940479e+01  -9.8679400e+01
   1.7826242e+01   7.3228855e+01
   6.1063193e+01   4.6781417e+01
  -2.7742786e+01  -6.6417309e+01
  -3.8062779e+01  -6.5631020e+01
   7.9392488e+01   2.0676589e+01
  -1.0446733e+01  -5.1131218e+01
  -3.0285647e+01  -2.8717891e+01
   5.4376709e+01   2.1666560e+01
   3.7312945e+01  -9.7145939e+01
  -3.1251094e+01  -3.8983584e+01
  -5.6121138e+01  -3.4981239e+01
  -5.4358235e+01  -6.5774909e+01
  -9.8036798e+01  -4.0756553e+01
  -6.0681899e+00   7.9755719e+01
   9.1224625e+01  -4.3790837e+01
   1.7734697e+00   1.1469372e+01
  -7.9618367e+01   4.4941405e+01
  -6.5568093e+00   6.9302942e+01
  -5.6452350e+00   3.7701442e+01
   1.2137614e+01   3.0730663e+01
  -6.8070951e+01   3.2268818e+01
  -1.3087182e+00   2.0762969e+01
  -7.1190726e+00   4.7414170e+01
  -1.6798410e+01   4.9458920e+01
  -1.4018796e+01  -2.0155153e+01
  -2.1976265e+01  -8.2673912e+00
  -9.2767287e+01  -8.8462775e+01
   4.3405215e+01  -7.8657944e+01
   5.6686132e+01  -7.3950258e+01
   4.5071286e+00   9.8331916e+01
  -3.4014182e+01   4.3664551e+01
  -2.7585429e+01   2.5444950e+01
  -5.5773378e+00   9.8303081e+01
   9.7937407e+01  -8.6506033e+01
  -3.1167861e+01  -1.2130110e+01
  -5.8370950e+01   1.5853422e+01
   8.1021771e+01  -9.5078361e+01
   9.9290436e+01  -6.7181771e+01
  -4.1358857e+01   9.9307927e+01
  -4.5391143e+01  -1.1488257e+00
   6.7411336e+01  -8.8429335e+01
  -3.9475359e+01   6.2907780e+01
   2.7665120e+01  -9.4991417e+01
  -4.1769322e+01  -1.6777859e+01
  -5.9860492e+01  -9.9819460e+00
  -6.9200396e+01   3.6401779e+00
  -6.8912380e+01  -6.0743014e+00
  -8.3417780e+01   2.3766776e+01
   3.6805588e+01   9.3775439e+01
  -3.7643184e+01   9.0787373e+01
  -2.3028936e+01   7.0658111e+01
  -2.5262594e+01   8.8123963e+01
  -4.3937865e+01   7.1502392e+01
   4.4516194e+01  -2.2563045e+00
  -1.6794279e+01   2.7356552e+01
  -3.5924915e+01   5.5340284e+00
  -6.6221765e+01   4.8882389e+01
