   2.6467064e+01   6.4109304e+01
   6.8125564e+01   5.0445592e+01
  -4.6532103e+01   3.5729502e+01
  -8.3719283e+00  -6.4819260e+01
  -5.4305510e+00  -5.5274419e+01
  -2.2226498e+01  -3.2601665e+01
  -7.6113952e+01   1.0715488e+01
   5.5172340e+01  -5.0062426e+01
   5.5264928e+01  -2.9552691e+01
   7.3236639e+01  -5.4112446e+01
  -5.2267385e+00  -3.4644899e+01
   6.5086650e+01  -1.5160046e+01
  -3.1354050e+01  -4.6541530e+00
   7.0132599e+01   4.7351213e+00
   6.5918353e+01  -4.7377748e+01
  -9.0171464e+01  -3.4751806e+01
   7.7543204e+01  -3.0993006e+01
   3.9371328e+01   5.1791097e+01
   1.6811141e+01   4.4132458e+01
   1.4605465e+01   7.2085827e+01
   4.6826004e+01   1.8155308e+01
   7.7997823e+01   8.8420690e+01
   1.4313978e+01   1.1472002e+01
  -6.2493240e+01  -2.3628327e+01
  -4.8478765e+01  -8.8739394e+01
   7.8512439e+00   1.8840410e+01
  -9.6324796e+01   1.3521636e+01
  -2.7105490e+01   8.1955611e+01
   6.0513371e+01   2.1010457e+00
  -3.9369132e+01  -1.0104284e+01
  -3.4413857e+01  -9.5350846e+01
   5.5637412e+00  -9.7235281e+01
   3.5765865e+01   4.0322093e+01
   4.8478193e+01  -7.9433201e+01
  -7.8535930e+01  -8.5283379e+01
  -2.9871753e+01  -1.4372325e+01
  -1.6096259e+00   7.2845055e+01
  -2.3996157e+01   5.4463012e+01
   6.7026947e+01  -7.2521609e+01
  -5.9403382e+01   3.5068327e+01
  -4.9113529e+01   6.1943548e+01
   5.0299881e+01  -6.7936731e+01
  -6.8591410e+01  -1.5935454e+01
   3.3608710e+01  -5.2219373e+01
  -7.5919729e+01  -7.5467804e+01
  -5.6704853e+01  -6.5773749e+01
   1.4388520e+01  -3.0787880e+01
   2.1231798e+01   1.8178451e+01
   2.7545714e+01  -2.3906405e+00
  -4.1800240e+00  -5.8709254e+00
   1.1752374e+01  -1.5921482e+01
   7.9772645e+01   2.0808782e+01
   5.1141975e+01   2.7687721e+01
   8.0036513e+01   6.6041353e+01
   4.5844455e+01   7.7683674e+01
   3.8914631e+01   9.8002164e+01
   9.1691431e+01   3.7522641e+01
  -4.5842011e+01  -1.7606767e+01
   9.3698623e+01  -7.2802474e+01
   9.9189482e+01   1.1870257e+01
  -5.3113728e+01  -2.6926265e+01
  -6.7641573e+01  -2.5069471e+00
  -3.3710326e+01  -5.4782119e+01
  -2.0450543e+01  -4.2124826e+01
  -6.4623878e+01  -7.1842003e+01
   9.0785090e+01  -4.9672909e+01
  -6.8360480e+01  -9.5562479e+01
  -1.8417160e+01  -7.1114694e+01
  -1.3508723e+01  -2.8408699e+01
  -5.1657822e+01   2.7143060e+01
  -1.4791593e+01   5.0691357e+01
  -7.5302885e+01   7.5901823e+01
  -5.7953561e+01  -1.3844463e-01
  -4.7119105e+01   9.6526809e+01
  -7.6501289e+01   4.5107964e+01
  -8.5184354e+00  -8.6637044e+01
  -8.7578394e+01   9.1857168e+01
  -2.8397181e+01   3.4355584e+01
  -4.8570621e+01   1.2653354e+01
  -2.9977154e+01   8.1849928e+00
   7.7638707e+01  -6.5201488e+01
  -7.5584037e+01   3.4372059e+01
  -6.2280310e+01   9.0676759e+01
   3.9046994e+01  -4.1352642e+01
   4.7301500e+01  -2.3395268e+01
   2.1818865e+01  -7.2498709e+01
   3.8568498e+01  -1.8695808e+01
   9.8932981e+01  -3.1476985e+01
  -5.7828705e+01  -3.5587706e+01
  -8.7357794e+01  -2.5155804e+01
   7.6525750e+00  -6.1101734e+01
   7.6452250e+01   9.8104354e+01
   6.0532654e+01   3.1085309e+01
  -8.2485185e+01  -6.6693476e+01
   4.3376524e+01   3.3885825e+01
   6.2020481e+01   8.4615879e+01
   6.4826595e+01   6.2757570e+01
   3.5999521e+01   1.4382319e+01
  -1.4551496e+01  -1.4744417e+01
   8.9298886e+01   6.3454620e+01
  -2.9554109e+01  -2.6437563e+01
   8.9516387e+01   1.8719608e+01
  -3.9418916e+01  -6.2873280e+01
  -3.8731120e+01  -8.6471840e+01
   2.8965000e+01  -2.0738480e+01
   7.1232669e+01  -9.8705804e+01
   1.2937143e+01   5.3181559e+01
   1.2528483e+01   8.4696813e+01
  -4.0062345e+00   6.3176545e+01
   9.5380712e+00  -8.2216878e+01
  -8.0203678e+01   8.4924465e+01
  -1.3590227e+01   6.0509349e+01
   4.5726078e+01  -9.0411513e+01
  -9.3955064e+00   8.0953641e+01
  -8.8027630e+01   5.8885590e+01
  -3.3858786e+01   5.2940879e+01
   1.4697597e+01  -9.0889270e+01
  -2.5073728e+01   2.5028432e+01
  -3.8997720e+01   1.1499410e+01
   2.1782520e+01  -5.4885671e+01
  -5.2960923e+01   8.6543936e+01
   4.9092463e+01  -5.8091847e+01
  -8.8041662e+01   1.5218997e+00
   8.3183577e+01  -1.8729415e+01
  -8.9158368e+01   2.0480713e+01
  -6.4940179e+01  -6.0215125e+01
  -8.8681057e+01  -8.7106342e+01
   1.4548810e+01  -4.8009129e+01
   2.3977382e+01  -4.4821178e+01
  -7.6938474e+01  -3.5234135e+01
   3.0760816e+01   3.1830057e+01
   9.9543638e+01   3.1972942e+01
   6.2810464e+00  -4.2954045e+00
   8.6144463e+01   9.5525562e+01
   4.3930485e+01   8.7359628e+00
   7.6359601e+01  -3.3087074e+00
   6.5997935e+01   2.2660150e+01
   5.5975211e+01   5.9624240e+01
  -8.7359300e+01  -4.8133459e+01
   6.9274879e+01   7.8531291e+01
   4.2998102e+01   6.8227187e+01
  -1.4738710e+01  -5.1720478e+01
   6.2002200e+01   4.2591962e+01
   3.5777952e+01   3.1217687e+00
   9.6763305e+01  -6.1039367e+01
  -1.6826471e+01  -8.0972015e+01
  -1.6271209e+01  -9.2923152e+01
  -1.7641676e+01  -6.1190715e+01
  -3.0259541e+01  -4.2685873e+01
  -4.3347060e+01  -2.8416097e+01
  -5.5264365e+01  -1.7257793e+01
  -4.9557919e+01  -8.4472989e+00
  -7.5219906e+01  -8.7127545e+00
  -6.0947460e+01  -9.5481975e+00
  -7.7790083e+01   9.2174985e-01
  -2.2078438e+01  -2.0638537e+01
  -2.1852123e+01  -9.6952843e+00
  -3.7051604e+01  -2.0750672e+01
  -2.7499976e+01  -6.2571977e+01
   3.9519714e+01   2.4766872e+01
  -6.8606633e+01  -8.2243165e+01
  -2.6240263e+01  -7.7313463e+01
   1.9235461e+01  -2.1686227e+01
   1.9516661e+01  -8.2165337e+01
   3.9126462e+01  -8.2909042e+01
   4.1435562e+01  -7.2411984e+01
   9.4866478e+01  -8.2720380e+01
   1.3514783e+01   2.9601017e+01
   4.5124640e+01   4.3678207e+01
   4.8842360e+01  -4.1678942e+01
   2.1564528e+01   3.5469238e+01
  -9.2428693e+01   3.1419669e+01
   5.7375289e+01  -7.4931461e+01
   5.5849688e+01  -8.6117071e+01
  -7.9335879e+00   4.3601430e+01
   3.3996777e+00   4.7120080e+01
   3.0826169e+01   8.1764913e+01
  -1.1169430e+01   7.0161172e+01
   3.8777920e+00   5.7101112e+01
  -7.9977111e+01   6.4769088e+01
  -6.7080951e+01   7.1838369e+00
  -4.8213978e+01   1.4128782e+00
   4.4177186e+01  -3.2831460e+01
   5.5566345e+01  -1.7914855e+01
   3.5252366e+01  -2.8399683e+01
  -7.4706491e+01   9.3442403e+01
  -2.2085627e+01   6.5669872e+01
   3.0694822e+00   8.1583255e+01
  -8.5385541e+01   4.9293152e+01
  -1.6794283e+01   9.6565255e+01
  -2.8093588e+01   9.1883865e+01
   2.9439322e+01  -6.1287800e+01
   1.0450946e+01  -7.2043670e+01
  -4.3794349e+01   5.1930516e+01
  -6.7081796e+01   9.9912431e+01
  -6.1007247e+01   8.0613071e+01
  -7.4257162e+01  -2.4302400e+01
   3.9577366e+01  -6.1143906e+01
  -4.2776119e+01   2.0707596e+01
   4.3368998e+01  -5.0131890e+01
  -3.8439334e+01   1.7244721e+00
   5.8219858e+01  -6.1878273e+01
  -9.8413009e+00   2.9878856e+01
   2.6129332e+01  -9.0182479e+01
   5.8623477e+01  -4.0660237e+01
   7.9762670e+01  -4.6572042e+01
  -9.8558026e+01   2.3880648e+01
  -5.9239605e+01   4.5050434e+01
  -4.3869563e+01   7.0391007e+01
  -7.2718247e+01  -5.4011107e+01
   3.0349566e+01  -3.7255747e+01
  -7.6847050e+01   5.5277147e+01
  -9.3301214e+01  -9.6350819e+01
  -9.8960283e+01   8.6111536e+01
  -8.5420722e+00   9.0917157e+01
  -9.2989737e-01  -4.3486679e+01
   6.5015826e+01  -3.3108665e+01
  -5.9947825e+01  -4.5191006e+01
   1.1064846e+01   9.9568051e+01
  -4.8690353e+01  -5.9434390e+01
  -9.1191653e+01  -1.5431590e+01
  -9.5867618e+01  -4.3002199e+01
  -8.1256910e+01  -1.7179870e+01
  -1.2838936e+01  -8.4261715e-01
   5.3205829e+01   3.7858996e+01
   5.6601095e+01   1.9419246e+01
   7.8761871e+01   7.9263372e+01
   9.4750774e+01   8.9698252e+01
   1.0365146e-01   1.2040673e+01
   9.2272974e-01  -6.8369831e+01
   3.6597975e-01  -7.8285223e+01
  -9.5362029e+01   4.0342266e+01
   5.5321516e+01  -7.1860990e+00
   6.6698216e+01  -5.4626900e+00
   6.2650632e+01   1.1669749e+01
  -2.2809861e+01   3.1394092e+00
   9.2921289e+01  -1.0310030e+01
   1.6774023e+01   2.1294497e+00
  -1.8795977e+00   2.0186197e+01
   6.4709889e+01   9.7369450e+01
   5.2416191e+01   9.8929509e+01
   6.0033840e+01   7.4912790e+01
  -8.0219631e+01  -9.5557189e+01
   2.8686433e+01   5.4353805e+01
   3.5984840e+01   6.1171739e+01
   3.0046003e+01   2.2102472e+01
   7.3890570e+01   5.8481861e+01
   4.6355378e+01   5.8780636e+01
   5.2711869e+01   8.4234684e+01
   9.8965305e+01   6.2225024e+01
   7.8158680e+01   4.9552314e+01
   5.5125779e+01   4.9792936e+01
   8.3026853e+01  -5.6026010e+01
   8.5538212e+01  -3.8425375e+01
  -8.9838091e+00  -7.4786161e+01
  -9.3089776e+01   6.7483102e+01
  -9.8370493e+01   5.8776985e+01
   7.2094977e+01   1.4540311e+01
   8.9668912e+01   8.8134187e+00
   8.8481277e+01   2.8461755e+01
  -4.2164624e+01  -7.7300915e+01
  -4.4087771e+01  -9.7779337e+01
  -8.4934563e+01  -7.8166685e+00
   9.7998968e+01   4.6092726e+01
   9.3841759e+01   7.9238596e+01
   8.7665125e+01   4.5668085e+01
   9.8988213e+01   2.1891093e+01
  -7.7861562e+01  -4.5466205e+01
  -3.4189071e+01  -7.1310715e+01
  -2.4635370e+01  -5.1001067e+01
  -4.7350040e+01  -6.9068150e+01
   3.6708987e+01  -7.7219402e+00
  -2.4662340e+01  -8.7173457e+01
  -2.4842766e+01  -9.8009501e+01
   2.4578587e+01  -1.1865865e+01
  -5.4057218e+01  -9.7307870e+01
   8.0125162e+01   5.9099523e+00
   2.4284467e+01  -2.9834369e+01
   2.7373338e+01   9.4097503e+00
   9.5440238e+01  -9.2696891e+01
   1.3523949e+00  -8.8191659e+01
   6.5264177e+01  -8.2774984e+01
   6.3007324e+01  -9.3052324e+01
   8.0510385e+01  -9.4990258e+01
  -1.7754656e+01   8.6499462e+01
  -1.9739817e+01   4.2180913e+01
  -3.9196937e+01   6.1279884e+01
  -5.1759802e+00   5.3139251e+01
  -1.9650794e+01   7.5356680e+01
  -3.5775614e+01   7.7022993e+01
  -6.1641893e+01   2.5340286e+01
   5.3582276e+01  -9.6592148e+01
  -3.9521211e+01   4.2860236e+01
   3.5834905e+01  -9.2590803e+01
   2.0168032e+01   9.1122438e+01
  -8.5010285e+01   7.3373543e+01
   4.5097089e+00   9.1439355e+01
   8.7576340e+01  -6.4924581e+01
   3.1633670e+01  -7.1004770e+01
   6.8069542e+01  -6.2610835e+01
   3.3376261e+01   7.1320701e+01
   6.2391734e+00   6.6734238e+01
   1.6674814e+01   6.2355246e+01
   2.6762859e+01   4.4556920e+01
  -5.3719122e+01   5.3203136e+01
  -3.7526424e+01   8.7439668e+01
  -5.6798120e+01   9.9040107e+01
  -3.7160877e+01   9.7439880e+01
   2.1446717e+01  -9.9015477e+01
  -9.6846933e+01   9.5884404e+01
  -7.0213588e+01   8.4509686e+01
  -2.9475664e+01   4.4120528e+01
   2.9390725e+01  -8.0734562e+01
  -5.3238716e+01   7.4318024e+01
  -4.5200855e+01   8.0276195e+01
   7.4879752e+01  -1.3189447e+01
  -3.1549648e+01   1.7824198e+01
   7.2549318e+01  -3.9659012e+01
  -8.5948955e+01   1.1143315e+01
  -3.5505257e+01   2.7468366e+01
  -1.1443076e+00   3.6867527e+01
  -1.8827458e+01   3.2470220e+01
  -3.1774722e+01   6.7900466e+01
   9.5350062e+01  -4.0787661e+01
  -9.8283449e+01  -7.7220848e+01
  -8.4621687e+01   3.9168889e+01
  -7.8153710e+01   2.0284908e+01
  -8.3327251e+01   2.8519178e+01
   2.8161478e+01   9.7851994e+01
  -9.7776267e+01   3.6341963e+00
   1.5774652e+01  -7.3765918e+00
  -8.9804244e+01   8.2118558e+01
   9.0216901e+01  -2.6943429e+01
   4.3374952e+01   8.9096544e+01
  -9.8667690e+01  -8.7568079e+01
  -6.7842857e+01   4.0338306e+01
  -6.8011900e+01   5.0324374e+01
   1.7193573e+01  -6.3728924e+01
   8.4225018e+00  -4.0142208e+01
  -6.7644952e+01  -3.1770271e+01
  -6.8954588e+01  -4.1428903e+01
  -2.2535366e+00   9.8787114e+01
   3.9982414e+00  -5.1957847e+01
  -6.0367918e+01  -8.9574184e+01
  -8.5654220e+01  -7.7587858e+01
  -7.2717063e+01  -6.6079910e+01
  -8.2318405e+01  -5.6731764e+01
  -5.8597181e+01  -7.9762895e+01
   6.9229781e+01  -2.4140180e+01
  -5.7778405e+01   9.8005753e+00
  -5.7055274e+01  -5.4465115e+01
  -9.2294151e+01  -5.7504814e+01
  -6.7916720e+01   1.7101448e+01
  -1.0744617e+01  -4.2713425e+01
  -4.4836234e+00  -2.5044662e+01
  -5.3459879e+00  -1.5344284e+01
   4.5781972e+00  -2.9213116e+01
  -9.7649930e+01  -2.2967563e+01
   2.1104609e+01   7.9595165e+01
   8.6837199e+00   3.8359358e+01
  -3.5154507e+01  -3.4044207e+01
  -9.4707327e+01  -5.9174828e+00
   4.6390017e+01  -1.2580575e+01
  -9.1881202e+01  -6.9633397e+01
  -3.6278346e+00   3.5865715e+00
   3.2175054e+00  -1.9425795e+01
   6.6522111e+00   5.4111488e+00
   5.0753947e+01   1.8326232e+00
  -9.5206296e+01   4.9728404e+01
   7.1298689e+01   6.9396597e+01
   8.6552391e+01   5.4624370e+01
   8.6073366e+01   7.3491461e+01
  -5.6531004e-01   2.8062309e+01
   6.9484575e+01   8.9910563e+01
   9.3612219e+01  -1.8892409e+01
  -2.2580667e+01  -2.6035297e+00
   5.1535668e+01   9.2353080e+01
