   3.1515542e+01   6.5624568e+01
  -5.0579220e+01   3.3295267e+01
  -8.9656911e+00  -6.1202756e+01
  -1.0934171e+01  -5.1581294e+01
  -8.6732080e+01   9.7153692e+00
   5.2345989e+01  -4.4074300e+01
   7.6858154e+01  -5.0225042e+01
  -4.3083808e+00  -3.7297658e+01
   6.7251548e+01  -1.6450303e+01
   7.2116904e+01   5.0291950e+00
  -9.6800593e+01  -3.2489735e+01
   4.4549545e+01   5.0901921e+01
   4.6413305e+01   1.6922101e+01
  -5.0259050e+01  -9.2218229e+01
  -4.3552654e+01  -2.0668184e+00
  -2.6303063e+01   4.9585740e+01
  -4.7966182e+01   6.6425231e+01
   4.7051197e+01  -7.6178402e+01
  -7.5164406e+01  -7.7327930e+01
   1.5783799e+01  -3.0919253e+01
   2.8059488e+01   2.0216570e+01
   2.9082647e+01  -3.6096953e+00
  -3.1478067e+00  -6.4663263e+00
   1.2406216e+01  -1.7237010e+01
   8.9442656e+01   1.1120309e+01
   8.3646422e+01   6.9865739e+01
  -5.3352458e+01  -1.7246054e+01
  -6.8638265e+01  -6.9765947e+01
   9.0572383e+01  -4.6085233e+01
  -1.4170295e+01  -3.2160316e+01
  -7.3658915e+01   7.9048200e+01
  -7.9187958e+01   9.4373315e+01
  -5.3155710e+01   2.3703462e+01
  -2.7834408e+01   7.2101647e+00
   8.1750111e+01  -6.5212527e+01
  -7.9981645e+01   3.8955769e+01
   2.3027911e+01  -8.4138637e+01
   3.8295653e+01  -1.6456322e+01
  -6.1586029e+01  -2.8812172e+01
  -9.1214330e+01  -2.0496108e+01
   1.0104024e+01  -5.8547663e+01
   4.7120919e+01   3.1446779e+01
  -8.7702393e+01  -6.5226613e+01
   3.8038114e+01   3.6565633e+01
   9.1934142e+01   6.4275747e+01
  -3.2056943e+01  -2.5725041e+01
   9.8890877e+01   1.3970075e+01
  -3.8093917e+01  -7.2222790e+01
   1.7263764e+01   5.5584881e+01
   7.9080585e+00   8.7853799e+01
  -2.1165066e+01   2.7026313e+01
   2.1348999e+01  -5.6778872e+01
  -5.2603733e+01   9.7375800e+01
   8.4939631e+01  -2.3370643e+01
  -9.8777280e+01   2.0025772e+01
   2.5397634e+01  -4.8652471e+01
   4.4900909e+00  -1.1744176e+01
   8.3779979e+01   9.3826376e+01
   4.3219932e+01   7.4811139e+00
   8.2973950e+01  -6.7176904e-01
   6.3208395e+01   2.5803731e+01
   5.5665835e+01   6.6676715e+01
  -8.9731660e+01  -4.8036729e+01
   6.7053402e+01   8.1611618e+01
   4.1974361e+01   8.1104095e+01
   6.1960222e+01   4.2182443e+01
   3.8792126e+01  -1.3989049e+00
  -2.9319476e+01  -5.5984038e+01
  -5.0137917e+01  -3.0023286e+01
  -7.1859975e+01  -1.5645759e+01
  -6.8158241e+01  -4.0342080e+00
  -2.1544221e+01  -2.0604779e+01
  -2.2676184e+01  -8.3277573e+01
   4.6621873e+01  -8.5991455e+01
   1.7967587e+01   3.5210410e+01
  -9.8307658e+01   3.8940567e+01
   5.0124672e+01  -9.9643020e+01
  -2.8239528e+00   4.3383997e+01
   3.3066639e+01   8.8279283e+01
   8.4841460e+00   5.0767762e+01
  -5.1894394e+01  -6.8186168e+00
   5.1024167e+01  -2.8194259e+01
   6.1451007e+01  -2.7147504e+01
  -2.1192828e+01   7.0089501e+01
  -2.8842414e+01   8.9607497e+01
  -6.2186388e+01   9.0634447e+01
   4.0708638e+01  -5.8297289e+01
  -4.7312072e+01   1.5731131e+01
   3.4774675e+01  -5.0567764e+01
   6.2638307e+01  -6.2289382e+01
  -7.7647224e+01  -4.7638189e+01
   3.1257147e+01  -4.1254257e+01
  -8.5384331e+01   5.6928711e+01
  -5.8455308e+01  -5.1626437e+01
  -4.5500317e+01  -6.5646904e+01
  -8.6192108e+01  -1.1883060e+01
  -1.1676803e+01  -1.0330302e+01
   5.9941233e+01   1.6395265e+01
   8.5729826e+01   8.2711381e+01
   9.2932333e+01   8.9797180e+01
   3.1709548e+00   9.7088909e+00
  -2.4001849e+00  -7.7649577e+01
   5.4151542e+01  -9.0615987e+00
  -2.3662453e+01  -1.1711922e+00
   9.5394642e+01  -1.0458819e+01
   1.3074436e+01   1.0669506e+01
  -1.8721434e+00   2.1190850e+01
   2.7257973e+01   5.6168494e+01
   3.6643564e+01   1.5411509e+01
   5.2439531e+01   9.8647760e+01
   8.2102638e+01   5.2266847e+01
   5.2144386e+01   5.7420444e+01
  -1.3168514e+01  -8.0396061e+01
   9.8284059e+01   2.3927673e+01
  -9.5117141e+01  -7.4916373e+00
   8.7229627e+01   4.3683831e+01
  -2.9239902e+01  -7.5924790e+01
  -1.8899222e+01  -6.1287167e+01
  -4.7108507e+01  -7.4502836e+01
   2.1237866e+01  -2.2871886e+01
   6.3347362e+01  -7.5551667e+01
  -1.8877130e+01   8.9116923e+01
  -1.4322102e+01   6.3219997e+01
  -1.7966573e+01   7.9264245e+01
  -1.6688499e+00   9.0425676e+01
   9.0900723e+01  -6.8410823e+01
   2.7956102e+01  -7.3942855e+01
   3.8976981e+01   7.1871149e+01
   1.2231137e+01   6.5989978e+01
  -5.6394126e+01   5.3200575e+01
  -3.3497338e+01   4.3002885e+01
  -5.4666672e+01   8.4357832e+01
   6.4012263e+01  -4.3544836e+01
  -9.9793351e+01   1.0291949e+01
  -1.6395650e+01   3.3933374e+01
  -3.4400031e+01   7.9240358e+01
   9.8320416e+01  -3.6774415e+01
  -9.9650105e+01   7.9045261e+01
   8.9548517e+01  -3.2223530e+01
   4.2836014e+01   9.0866543e+01
  -7.4182888e+01   4.6321121e+01
   1.1612371e+01  -3.8809431e+01
  -6.9248818e+01  -3.5126618e+01
  -8.6694480e+01  -8.3787611e+01
  -7.8140815e+01  -6.7271029e+01
  -5.7368687e+01  -8.5240375e+01
   7.1208698e+01  -2.5630117e+01
  -6.6930102e+01   5.5933200e+00
  -6.2233015e+01  -6.2216947e+01
  -9.8817613e+01  -5.3136715e+01
  -6.6715712e+01   1.5246132e+01
  -2.3369052e+00  -4.6718669e+01
  -3.8839293e-01  -1.9940585e+01
   4.2383780e+00  -3.3560343e+01
   1.5262711e+01   8.1253158e+01
   8.7436643e+00   3.9013508e+01
  -2.3621808e+01  -3.0329797e+01
   4.8081073e+01  -1.8383388e+01
  -5.1487775e+00   2.9041658e+00
   7.9232571e+00  -2.5144032e+01
   1.4114117e+01   1.4550424e+00
   4.4537680e+01  -9.1552676e+00
  -9.3780548e+01   5.0971913e+01
   7.3948635e+01   7.2267353e+01
   9.2204223e+01   7.5117647e+01
   3.4999541e+00   2.9902244e+01
   7.5348207e+01   9.9202733e+01
  -2.1203517e+01  -1.0721329e+01
   2.0791236e+01  -4.0425760e+01
  -7.2880846e+01  -9.1918429e+01
   4.8968659e+01   7.4020699e+01
  -1.4155786e+01  -9.3346034e-01
  -4.0329162e+01  -3.0853703e+01
   5.7280056e+01   7.9562378e+01
   7.8203771e+01   6.1474857e+01
   5.4002798e+01   4.7843098e+01
   5.3004707e+01   9.0649522e+00
   2.7192727e+01   3.8829653e+01
   3.2883187e+01   6.3656272e+00
  -6.3011349e+01  -1.9617553e+01
  -2.2272473e+01  -4.0111555e+01
  -3.0496849e+01  -7.9485098e+00
  -5.7705643e+00  -8.7050926e+01
   9.7227490e+01   4.3684838e+01
  -1.0173317e+01  -7.0966094e+01
   9.2695246e+01   1.7079889e+00
   8.8834282e+00  -6.9072970e+01
  -7.7303891e+01  -7.5066416e+00
  -6.0814104e+01  -1.0337331e+01
  -4.3484394e+01  -1.1985876e+01
   8.8714196e+01   2.1091573e+01
  -2.0814136e+01  -5.0871880e+01
  -3.4145491e+01  -9.1899161e+01
  -1.9861563e+01  -7.2938920e+01
   7.6550113e+01  -1.3893917e+01
  -4.0886392e+01   8.1608396e+00
   9.9682917e+01  -8.6005976e+01
   5.5100653e+01  -6.9940405e+01
   3.7264281e+01  -7.7651694e+01
   3.9765537e+01   2.4811205e+01
   4.6723863e+01   4.1262010e+01
   4.4661117e+01  -3.5839490e+01
   5.7448049e+01  -3.5943079e+01
   6.5922296e+01  -8.5167516e+01
   7.3009725e+01  -9.9796240e+01
   3.4036348e+01   4.8859242e+01
   5.5418132e+01  -8.1262224e+01
   5.7760930e+01  -1.8145100e+01
  -6.7772852e+00   7.3169339e+01
   3.5247105e+01  -3.2681237e+01
   4.5655950e+01  -6.6668739e+01
  -4.9853510e+01   5.5484773e+00
   3.2726056e+01  -8.6417910e+01
  -2.4422167e+00   5.3686116e+01
  -8.4528966e+01   4.7413515e+01
   1.6351189e+01   9.8237693e+01
   6.7345662e+01  -5.2803442e+01
  -2.1597406e+01   9.8833299e+01
   5.2896397e+01  -6.0241263e+01
   7.3945650e+01  -5.9677814e+01
   7.5198053e+00  -7.8831214e+01
  -8.6776689e+01   6.6218887e+01
  -9.5177692e+01   7.0583620e+01
   9.4978655e+01  -5.5036096e+01
  -4.0925984e+01   4.9523166e+01
   1.6817877e+01   4.5263364e+01
   2.7877652e+01   9.6801042e+01
   1.7129735e+01  -9.8183401e+01
   4.1150703e+00  -8.8130344e+01
   4.6587743e+00   5.9983358e+01
  -6.3759700e+01   7.9980694e+01
  -7.1582519e+01   8.8411348e+01
  -9.5142383e+01   9.7999453e+01
   7.9695286e+01  -3.1839212e+01
  -2.5363230e+01   6.1206011e+01
  -3.0124399e+01   3.0293372e+01
  -1.8337732e+01   5.4571468e+01
  -7.3838505e+01   3.1872349e+01
  -7.1776789e+01  -6.0078734e+01
  -9.6630776e+01  -8.4055693e+01
  -8.6978018e+01   8.8390882e+01
  -6.3644780e+01   4.8436742e+01
   3.0804240e+01  -5.9565409e+01
  -9.9266948e+01  -9.8000364e+01
  -4.3399776e+01   2.6329347e+01
  -5.2818146e+01  -5.9574157e+01
   2.5133014e-01  -5.7731821e+01
  -9.7440608e+01  -6.4900716e+01
   3.5882550e+01  -6.7908245e+01
  -7.7042926e+01   1.2189276e+01
  -6.2200095e+01  -7.7003316e+01
  -3.8846562e+01  -5.8635263e+01
  -8.5561750e+01  -2.8726264e+01
  -8.0640414e+01  -2.0149937e+01
  -7.2227325e+01  -2.5653172e+01
  -8.2020262e-01  -6.7768318e+01
  -1.2675532e+01  -4.1936551e+01
  -8.4945547e+01  -1.4100150e+00
   5.6908919e+01   3.3568084e+01
  -5.7082270e+01  -3.6843624e+01
  -8.8566438e+01  -3.8162201e+01
  -5.5590287e+01  -6.9559808e+01
  -3.1793793e+01  -3.6000199e+01
  -9.8319843e+01  -4.2718021e+01
   5.3462837e+01   2.3892673e+01
   6.2577191e+01   6.8429072e+00
   6.9902369e+01   1.5654812e+01
  -5.3518482e+01   7.4591788e+01
  -9.4688488e+01  -7.3631991e+01
  -9.3993990e+01   2.3851362e+00
   6.3371335e+01  -6.0195233e+00
  -5.7870264e+01   1.1050946e+01
  -5.8313568e+01   7.6647520e-01
  -9.0209533e+00   2.7745544e+01
   6.2366840e+01   9.9749826e+01
   7.5200712e+00   1.8622435e+01
   9.1885486e+01   5.4277781e+01
   3.7874486e+01   5.8122898e+01
   6.4840577e+01   6.2188347e+01
   4.5510116e+01   6.4617570e+01
  -8.3139231e+01  -9.8946507e+01
   1.8458676e+01   1.8627811e+01
  -8.7999184e+01   1.9634919e+01
   2.3303883e+01   4.5550130e+00
  -3.4518496e+01   7.5116027e-01
   2.1857585e+01   6.4512611e+01
   3.1536449e+01   7.8448696e+01
  -2.4407780e+01  -9.4107722e+01
   7.6197373e+01   8.5588916e+01
   6.3971715e+01   7.2134032e+01
   6.8434231e+01   9.1836205e+01
   7.2444101e+01   4.9771297e+01
   4.3327702e+00  -1.1399889e-01
   6.2838228e+01   5.2418606e+01
  -4.4511268e+01  -2.1848399e+01
   8.9473743e+01   3.1062125e+01
   9.9110726e+01   3.3873482e+01
   5.2557460e+01   8.8370086e+01
  -4.2586529e+01  -9.8523694e+01
   7.8760342e+01   2.0637587e+01
  -1.5175829e+01  -9.0340169e+01
  -3.0614901e+01  -6.5838945e+01
  -3.0099765e+01  -4.6076417e+01
   9.9350106e+01   8.2128270e+01
   7.9694143e+01   1.0965419e+01
  -3.7057306e+01  -8.2336903e+01
   2.9401612e+01  -1.3863748e+01
   4.1493200e+01  -2.5530653e+01
   4.9504072e+01  -2.8630462e-01
   2.5479219e+01  -3.1887296e+01
  -3.4757458e+01  -1.6488122e+01
   9.0759297e+01  -9.0667683e+01
   9.9573891e+01  -9.5944495e+01
   2.7879649e+01  -9.5106833e+01
   6.4284540e+01  -9.5009693e+01
   5.5167176e+01  -9.1097680e+01
  -1.1070922e+01   9.5308157e+01
  -9.6038746e+00   8.4499876e+01
   8.1708497e+01  -9.4900197e+01
   3.1181205e+01  -2.3649263e+01
  -3.4308402e+01   9.7973679e+01
  -3.1073107e+01   6.9829420e+01
  -4.7768968e+01   5.6608667e+01
  -2.3977173e+01   4.0079070e+01
   8.1667127e+01  -4.1606271e+01
  -4.6293994e+00   6.3412655e+01
  -4.2894579e+01   3.9659699e+01
  -6.3051581e+01   2.4436519e+01
   2.9346536e+00   6.9810719e+01
   5.7824837e+01  -5.1950898e+01
  -5.9508859e+00  -9.7033965e+01
   7.0263451e+01  -6.8690625e+01
  -5.0123627e+01   4.6193513e+01
   9.9674008e+01  -6.3839382e+01
   9.5692964e+01  -7.6975009e+01
  -3.3692273e+01   5.6068496e+01
  -7.8574285e+01   7.0834934e+01
   1.9656871e+00   7.9735606e+01
  -8.4103657e+01   7.8972316e+01
   7.1555304e+00  -9.7604983e+01
   2.1047200e+01   8.9409227e+01
  -6.8844759e+01   9.8126175e+01
   9.4480461e+01  -2.0419052e+01
  -4.6228332e+01   8.9589006e+01
   2.2446841e+01   7.4446653e+01
   1.2942879e+01   2.6780724e+01
   3.1005454e+01   2.9622915e+01
  -9.5590157e+01   6.0717428e+01
   6.3287217e+00   9.7694150e+01
   4.2892339e+01  -4.5561753e+01
   7.1100048e+01  -3.6653943e+01
   1.7121188e+01  -7.6099486e+01
   3.9931542e+01  -9.3307623e+01
   8.5052093e+01  -5.5845154e+01
  -9.5672168e+01   2.9247896e+01
   8.5561208e+01  -1.0284847e+01
   7.3094280e+01  -4.6690275e+00
  -2.8116657e+01   2.0834282e+01
  -7.3203750e+01   2.2342466e+01
  -8.1219138e+01  -5.6983909e+01
  -6.3760781e+01  -4.3273648e+01
  -6.8426301e+01  -5.1287151e+01
  -8.4740484e+01  -7.4567899e+01
  -8.8910057e+01   3.6116850e+01
  -7.5971470e+01   5.5333469e+01
  -9.6820628e+01   8.8314551e+01
  -9.0951401e+01  -9.2670114e+01
   2.0523067e+01  -1.2747195e+01
   1.2813223e+01  -7.5065491e+00
  -1.0550485e+01  -1.9783356e+01
  -5.4681074e+00  -2.7943465e+01
   1.7703932e+01  -6.5320127e+01
  -1.0651010e+01   4.9694145e+01
  -1.2230841e+01   4.1123894e+01
  -3.4038463e+01   1.4129387e+01
  -6.6797469e+01   4.0219047e+01
   9.0620519e+00  -4.6765751e+01
  -5.0109601e+01  -8.1850205e+01
  -8.0602638e+01  -8.9708088e+01
  -9.7573669e+01  -6.0701294e+01
