   3.1442280e+01   6.5865330e+01
  -5.1535737e+01   3.3181219e+01
  -8.3243491e+00  -6.2185464e+01
  -1.0749445e+01  -5.2804746e+01
  -8.9513252e+01   9.1981710e+00
   5.0715539e+01  -4.5892194e+01
   7.7356184e+01  -4.9871134e+01
  -2.0634096e+00  -3.9621259e+01
   7.2303788e+01   4.0303836e+00
  -9.7028832e+01  -3.4008811e+01
   4.4597725e+01   5.1258208e+01
   4.6874001e+01   1.6685269e+01
  -5.0974092e+01  -9.4516326e+01
  -4.3612563e+01  -2.4752711e+00
  -2.8283229e+01   5.0228568e+01
  -4.5679541e+01   6.5885530e+01
   4.7013826e+01  -7.6794987e+01
   2.6040321e+01   2.1676943e+01
   2.8321921e+01  -3.2700472e+00
   1.2243916e+01  -1.7489351e+01
   9.0097929e+01   1.1146181e+01
   8.0378691e+01   6.6030754e+01
  -5.3283424e+01  -1.6971340e+01
  -6.7872771e+01  -6.8458886e+01
   9.0711351e+01  -4.6126544e+01
  -7.3638180e+01   7.9142639e+01
  -7.9498941e+01   9.5152531e+01
  -5.3341894e+01   2.3387311e+01
  -2.9096380e+01   8.8968702e+00
   8.2592656e+01  -6.5280372e+01
  -8.0040711e+01   3.8308628e+01
   2.2969516e+01  -8.4478150e+01
   3.9389271e+01  -1.6700641e+01
  -6.3342367e+01  -2.9217097e+01
  -9.1629929e+01  -2.0745784e+01
   1.1015139e+01  -5.9006082e+01
   4.7177336e+01   3.2004886e+01
   3.7782848e+01   3.6834616e+01
   9.2126887e+01   6.4189141e+01
   9.9618834e+01   1.4044619e+01
  -3.7418941e+01  -7.2350779e+01
   1.7473384e+01   5.5454853e+01
   8.0111003e+00   8.8048173e+01
  -2.1822088e+01   2.7353163e+01
   2.0601625e+01  -5.6537856e+01
  -5.2602527e+01   9.7382917e+01
   8.5019152e+01  -2.3005574e+01
  -9.9166877e+01   1.9352835e+01
   4.4218814e+00  -9.8253904e+00
   8.3423409e+01   9.8880867e+01
   8.2971966e+01  -4.4877060e-01
   6.7373778e+01   2.2309666e+01
   5.5472000e+01   6.6863787e+01
   6.6430612e+01   8.1936241e+01
   4.2196094e+01   8.1708744e+01
   6.2733921e+01   4.3288686e+01
   3.8452983e+01  -1.2321236e+00
  -2.7743361e+01  -5.7116087e+01
  -5.1191185e+01  -2.8851702e+01
  -7.1934424e+01  -1.5496693e+01
  -6.8928183e+01  -3.5292240e+00
  -2.2627613e+01  -2.0872666e+01
  -2.2676710e+01  -8.4376123e+01
   4.6584660e+01  -8.6726654e+01
   1.8828016e+01   3.5784469e+01
  -9.9289190e+01   3.9237662e+01
  -1.7281796e-01   4.3503023e+01
   9.1055316e+00   5.0087702e+01
  -5.2123557e+01  -7.1221792e+00
   5.1933693e+01  -2.7915957e+01
   6.7988281e+01  -2.1918340e+01
  -2.1893246e+01   7.0424905e+01
  -2.8934480e+01   8.9581931e+01
  -6.2447492e+01   9.1753940e+01
   4.1043132e+01  -5.8102277e+01
  -4.7188214e+01   1.5581697e+01
   3.3816732e+01  -5.1248593e+01
   6.2714906e+01  -6.2105204e+01
  -7.8777670e+01  -4.7158723e+01
   3.1105088e+01  -4.1736687e+01
  -8.6576380e+01   5.6795773e+01
  -5.8734757e+01  -5.0991197e+01
  -4.4407486e+01  -6.5739371e+01
  -8.6659984e+01  -1.2132018e+01
  -1.1474071e+01  -1.1026950e+01
   5.9719372e+01   1.6120693e+01
   8.5883795e+01   8.5103616e+01
   9.9075472e+01   8.7762228e+01
   4.4912232e+00   1.1172356e+01
  -2.5018615e+00  -7.8414166e+01
   5.6435045e+01  -6.1974605e+00
  -2.5682797e+01  -4.5555722e-01
   9.6029112e+01  -1.0472735e+01
   1.4019307e+01   1.0156416e+01
  -1.8937378e+00   2.0977549e+01
   2.7462070e+01   5.6025211e+01
   4.0247070e+01   1.0003549e+01
   5.2381177e+01   9.8641468e+01
   8.2332665e+01   5.1871902e+01
   5.2277676e+01   5.7527506e+01
  -1.3277860e+01  -8.1139771e+01
   9.8367306e+01   2.3959820e+01
  -9.8472161e+01  -1.3491912e+01
   8.7489608e+01   4.3305030e+01
  -2.8941917e+01  -7.6845486e+01
  -1.8762701e+01  -6.1380144e+01
  -4.6506561e+01  -7.5402888e+01
   2.1379685e+01  -2.2387696e+01
   6.3426215e+01  -7.5686819e+01
  -1.8937110e+01   8.9505496e+01
  -1.3082071e+01   6.5750242e+01
  -1.7982930e+01   7.9577295e+01
  -1.5793321e+00   9.0850366e+01
   9.2072417e+01  -6.8167237e+01
   2.7673624e+01  -7.4159336e+01
   3.8900536e+01   7.2306307e+01
   1.2796473e+01   6.8637127e+01
  -5.5414733e+01   5.3492753e+01
  -3.3789303e+01   4.1897647e+01
  -5.4244273e+01   8.7658645e+01
   6.3915863e+01  -4.3369615e+01
  -1.5687615e+01   3.4878879e+01
  -3.4976932e+01   8.1257414e+01
   9.8484815e+01  -3.6860741e+01
   8.9663643e+01  -3.2156741e+01
   4.2895097e+01   9.1663749e+01
  -7.3801168e+01   4.6057833e+01
   8.9091130e+00  -3.9276518e+01
  -7.1116394e+01  -3.5356054e+01
  -8.7275222e+01  -8.3899307e+01
  -5.8646205e+01  -8.8238373e+01
  -6.6816159e+01   6.1388708e+00
  -6.4674530e+01  -5.9005959e+01
  -6.3302956e+01   1.8712549e+01
  -1.2994467e+00  -4.9512219e+01
  -8.7464654e-01  -1.7859210e+01
   1.5300731e+01   8.1230444e+01
  -2.2116013e+01  -3.0693791e+01
  -2.7846175e+00   5.6347796e+00
   4.4182068e+01  -8.5129144e+00
  -9.4349577e+01   5.0521337e+01
   9.4755564e+01   7.8882928e+01
   2.7925850e+00   3.0078186e+01
  -2.1612479e+01  -1.1118476e+01
   2.2249992e+01  -4.6230929e+01
  -7.0465412e+01  -9.2535072e+01
   4.8616876e+01   7.4051102e+01
  -1.6752339e+01  -2.5904090e+00
  -4.1292975e+01  -3.0670304e+01
   5.6772598e+01   7.9662325e+01
   7.4047778e+01   5.8760621e+01
   5.3980034e+01   4.7813926e+01
   5.2994751e+01   8.9354975e+00
   2.7903804e+01   3.9723848e+01
   3.1752759e+01   5.8807191e+00
  -6.2874977e+01  -1.9566550e+01
  -2.2291043e+01  -4.0561906e+01
  -3.1285144e+01  -8.7638416e+00
  -5.7858389e+00  -8.7729131e+01
   9.7476221e+01   4.3783835e+01
  -1.0237426e+01  -7.1778642e+01
   9.2757608e+01   1.5170353e+00
   9.1062064e+00  -6.9147194e+01
  -7.7903596e+01  -7.5496571e+00
  -6.1494649e+01  -1.0002550e+01
  -4.3318180e+01  -1.2077050e+01
   8.8794894e+01   2.1071208e+01
  -2.0441799e+01  -5.0327885e+01
  -3.4289450e+01  -9.1937889e+01
  -2.0086521e+01  -7.2541959e+01
   7.7250429e+01  -1.4895278e+01
  -4.1790121e+01   7.2886219e+00
   5.5031016e+01  -7.0281990e+01
   3.7114400e+01  -7.7951233e+01
   3.9628446e+01   2.6374113e+01
   4.6333856e+01   4.1668822e+01
   4.5591958e+01  -3.5637788e+01
   5.5857312e+01  -3.7504574e+01
   6.5983021e+01  -8.5338937e+01
   3.4223617e+01   4.8658341e+01
   5.5591618e+01  -8.1831739e+01
   5.9144600e+01  -1.8051773e+01
  -6.6145968e+00   7.3365797e+01
   3.5933817e+01  -3.3195570e+01
   4.5452974e+01  -6.7034619e+01
  -5.0836698e+01   3.8942947e+00
   3.2674868e+01  -8.6842231e+01
  -1.4055676e-01   5.3489590e+01
  -8.4990231e+01   4.6958552e+01
   1.6350714e+01   9.8238585e+01
   6.7839204e+01  -5.2481777e+01
  -2.1675845e+01   9.9110259e+01
   5.2852947e+01  -6.0552826e+01
   7.4599029e+01  -5.9559458e+01
   7.4666578e+00  -7.9005175e+01
  -8.7862778e+01   6.6670191e+01
  -9.6735595e+01   7.1207462e+01
   9.5329410e+01  -5.5010042e+01
  -4.1391149e+01   4.8124018e+01
   1.7931947e+01   4.5572152e+01
   2.7830535e+01   9.6877231e+01
   1.7197773e+01  -9.8186141e+01
   4.1711045e+00  -8.8436365e+01
   6.4511198e+00   6.0945676e+01
  -6.4001790e+01   8.0216716e+01
  -7.1781073e+01   8.8900318e+01
  -9.5098943e+01   9.8239005e+01
   7.9694358e+01  -3.1435883e+01
  -2.8089731e+01   6.2631879e+01
  -3.1274714e+01   3.0930993e+01
  -1.8602709e+01   4.7985579e+01
  -7.2164811e+01   3.2267199e+01
  -7.4276363e+01  -6.0629299e+01
  -9.7679239e+01  -8.4958218e+01
  -8.7119479e+01   8.8689579e+01
  -6.4444166e+01   4.9438076e+01
   2.9772688e+01  -6.0235097e+01
  -9.9532789e+01  -9.8163873e+01
  -4.3399776e+01   2.6329347e+01
  -5.0277615e+01  -5.8352132e+01
   1.1255482e+00  -5.9065389e+01
   3.5629776e+01  -6.8149586e+01
  -7.6914451e+01   5.7315085e+00
  -6.3020025e+01  -7.9455882e+01
  -3.7862513e+01  -5.8190580e+01
  -8.5756619e+01  -2.8785625e+01
  -8.0798167e+01  -2.0122768e+01
  -7.2471432e+01  -2.5465660e+01
  -8.1297977e-01  -6.8708635e+01
  -1.2894642e+01  -4.3425280e+01
  -8.4718335e+01  -3.0724818e-01
   5.5203706e+01   3.7250178e+01
  -5.7200648e+01  -3.6638889e+01
  -9.0090696e+01  -4.1208875e+01
  -5.5782752e+01  -7.3300507e+01
  -3.1812864e+01  -3.7998660e+01
   5.2808251e+01   2.4008092e+01
   6.2605320e+01   6.3864668e+00
   7.0854178e+01   1.3536116e+01
  -5.2071534e+01   7.1537818e+01
  -9.2794312e+01  -7.5794228e+01
   6.5039914e+01  -5.2476778e+00
  -5.7545340e+01   1.0847000e+01
  -5.9507959e+01  -4.1244633e-01
  -8.9107683e+00   2.7783957e+01
   7.5914472e+00   2.0126497e+01
   9.2068303e+01   5.4189312e+01
   3.7628110e+01   5.8178564e+01
   6.4901902e+01   6.2563326e+01
   4.5284653e+01   6.4625708e+01
  -8.3418891e+01  -9.9952786e+01
   1.7027167e+01   1.9435152e+01
  -8.9462093e+01   2.1848442e+01
   2.2175858e+01   4.9730232e+00
  -3.4765570e+01   6.7893763e-01
   2.1728939e+01   6.4352135e+01
   3.1354295e+01   7.8814143e+01
  -2.4585800e+01  -9.4281328e+01
   7.6356827e+01   8.2182947e+01
   6.3733285e+01   7.2384748e+01
   6.6045343e+01   9.1889146e+01
   7.1656252e+01   4.9421726e+01
   5.3732068e+00  -2.4696374e-02
   6.2424787e+01   5.3052786e+01
  -4.4525597e+01  -2.1598437e+01
   8.9473907e+01   3.1062231e+01
   9.9138564e+01   3.3925468e+01
   5.2424831e+01   8.8646024e+01
  -4.2039282e+01  -9.8874791e+01
   7.8812737e+01   2.0493007e+01
  -1.5205695e+01  -9.0912025e+01
  -2.9416240e+01  -6.6751738e+01
  -3.0257079e+01  -4.7692437e+01
   8.0217064e+01   1.0467718e+01
  -3.7267279e+01  -8.2397049e+01
   3.0549946e+01  -1.2797173e+01
   4.2346772e+01  -2.5865062e+01
   4.9173281e+01  -3.6518475e-02
   2.6311273e+01  -3.0998978e+01
  -3.5234037e+01  -1.7934992e+01
   9.0810428e+01  -9.0643715e+01
   9.9564144e+01  -9.6305532e+01
   2.7673997e+01  -9.5469584e+01
   6.4560407e+01  -9.5231155e+01
   5.5182300e+01  -9.1797683e+01
  -1.0896718e+01   9.5441285e+01
  -9.3482644e+00   8.4576860e+01
   8.1759824e+01  -9.4896547e+01
   3.1585144e+01  -2.2685778e+01
  -3.4327058e+01   9.8002521e+01
  -3.2576542e+01   7.1557384e+01
  -4.6073423e+01   5.6562476e+01
  -2.4203908e+01   3.9809499e+01
   8.2066083e+01  -4.1119312e+01
  -3.5554823e+00   6.2840878e+01
  -4.3043265e+01   3.8326530e+01
  -6.2654801e+01   2.8540744e+01
   2.9951957e+00   7.0341356e+01
   5.8116671e+01  -5.2265162e+01
  -5.9624062e+00  -9.7668277e+01
   7.0345031e+01  -6.8544316e+01
  -5.0765431e+01   4.4664035e+01
   9.5930516e+01  -7.7359219e+01
  -3.5990050e+01   5.6555223e+01
  -7.8829906e+01   7.0755596e+01
   1.7781961e+00   8.0241215e+01
  -8.4390317e+01   7.9074150e+01
   7.2015501e+00  -9.7958554e+01
   2.1050050e+01   8.9411712e+01
  -6.9065791e+01   9.8792085e+01
   9.4655046e+01  -2.0375471e+01
  -4.5132036e+01   9.0074240e+01
   2.2461513e+01   7.4285694e+01
   1.2602259e+01   2.8359998e+01
   3.0546240e+01   3.0206073e+01
  -9.5806400e+01   6.0624410e+01
   6.2959964e+00   9.7890684e+01
   4.1005255e+01  -4.4485426e+01
   7.1068758e+01  -3.6432945e+01
   1.7106821e+01  -7.6385081e+01
   3.9699689e+01  -9.3943652e+01
   8.5386393e+01  -5.5721976e+01
  -9.6565473e+01   2.8992360e+01
   8.6040878e+01  -9.9790379e+00
   7.4472592e+01  -5.4839684e+00
  -2.8516542e+01   2.0375914e+01
  -7.6174828e+01   2.3341785e+01
  -8.3101273e+01  -5.6182540e+01
  -6.4636739e+01  -4.2891817e+01
  -6.9864387e+01  -5.1078435e+01
  -8.3001693e+01  -7.3579593e+01
  -8.9763056e+01   3.6278368e+01
  -7.6674628e+01   5.5607723e+01
  -9.7112093e+01   8.8420661e+01
  -9.0930762e+01  -9.3144056e+01
   2.0827708e+01  -1.2495426e+01
   1.3468064e+01  -6.0204541e+00
  -1.2590225e+01  -2.0778929e+01
  -4.3504214e+00  -2.6807705e+01
   1.8716093e+01  -6.6508526e+01
  -9.9587978e+00   5.2770459e+01
  -1.0056509e+01   4.2842958e+01
  -3.6859696e+01   1.5571287e+01
  -6.5540296e+01   3.9569876e+01
   8.7547348e+00  -4.9259646e+01
  -4.9307403e+01  -8.4758580e+01
  -8.0137050e+01  -9.0582038e+01
  -9.5758775e+01  -5.8503340e+01
   9.2796001e+01   9.5483971e+01
  -1.9284625e+01   5.7936772e+01
  -1.0701506e+01  -3.4034595e+01
  -8.1912482e+01   1.5342184e+01
   8.6691441e+01   7.3370792e+01
  -7.2110942e+01   1.4365588e+01
  -9.3456278e+01  -4.9336557e+00
   7.6030942e+01   9.2173687e+01
  -8.0840616e+01  -3.7440626e+01
   1.8536966e+01  -3.6982693e+01
   6.1702273e+01  -2.9574948e+01
  -7.2556538e+01  -7.7301292e+01
  -5.7108935e+01  -6.4230041e+01
   6.0851500e+01   2.9338483e+01
  -3.1747477e+01  -2.8149775e+01
  -7.4291140e+00  -2.2656341e+00
   3.4836613e+01   1.8086484e+01
  -9.7853946e+01   3.9426241e+00
  -5.4611130e+01   7.9169548e+01
   5.1700660e+01  -1.2821295e+01
