   4.0268414e+01   1.1585018e+01
   3.0051531e+01  -1.4144844e+01
  -2.7570440e+01  -2.1789020e+01
   3.3606275e-02   2.2809172e+01
   5.7490662e+00  -3.1470333e+01
   9.8084213e+00   9.7505853e+00
   4.5479255e+00  -2.1545954e+01
  -1.5194015e+01  -2.1728078e+01
   2.6826463e+01  -3.1989197e+00
   7.0707750e+00   1.3283711e-01
   2.9179180e+01   4.2268140e+01
  -3.7615967e+01   9.8262555e+00
   9.5531948e+00   1.9747161e+01
  -1.1026544e+01   2.8464150e+01
   3.2810930e+01  -2.5647390e+01
  -4.6953564e+00  -1.7747447e+01
  -1.9898033e+01  -4.4129565e+01
  -2.2151310e+00  -5.0578914e+01
  -2.7594019e+01  -3.7744552e+01
  -2.8112640e+01   6.7168006e+00
  -3.9477363e+01  -1.0906696e+01
  -1.5562455e+01  -9.8404206e-01
   4.1606033e+00   4.0547031e+01
   3.3833383e+01   3.9324966e+00
  -2.1026346e+01   2.8526962e+01
   1.3856969e+01   3.8101531e+01
   2.4671327e+01  -3.2090347e+01
   2.0562734e+01  -1.0990243e+01
  -2.6719856e+00  -3.7268495e+01
  -4.4533741e+01   2.0415916e+00
   6.4122973e+00  -4.1446293e+01
  -1.9495275e+01  -1.2697364e+01
  -3.5309769e+01  -1.8170670e+00
  -1.2804714e+01  -3.4612448e+01
  -2.9536960e+01  -1.1986789e+01
  -3.5157979e+01  -2.8301946e+01
   4.6205431e+01   2.0080637e+01
  -2.5371441e+01  -2.8989075e+00
   1.6903999e+01  -1.6842051e+00
   7.7752858e+00   3.0113668e+01
  -6.0907810e+00   4.1707350e+01
   4.6202640e+01  -4.8465717e+00
  -3.7708649e+00   3.5669672e+00
   2.6553562e+01   2.3265839e+01
  -1.5506935e+01   3.7833596e+01
   1.7047207e+01   2.6368095e+01
   3.2647938e+01   3.1300740e+01
  -1.9285958e+00   3.2614730e+01
   2.5266260e+01  -4.2219254e+01
   2.3591071e+01  -2.1777473e+01
   3.9271955e+01  -1.8015009e+01
   1.5321109e+01  -2.8544692e+01
   1.4104596e+01  -1.8619821e+01
  -5.5784758e+00  -2.7702951e+01
  -9.8985620e+00  -4.4179612e+01
  -4.8702311e+01  -7.0481125e+00
  -4.6880656e+01   1.3588736e+01
  -2.9772301e+01   1.6603674e+01
   7.7546102e+00  -5.1354419e+01
   1.5974890e+01  -3.8522751e+01
  -2.1554694e+01  -2.9774709e+01
   5.0047013e+01   9.4953048e+00
  -1.0078363e+01  -9.3326858e+00
   3.6226640e+01   2.0731149e+01
  -4.1623377e+01  -2.0673305e+01
   2.2384337e+01   6.6800505e+00
   1.9437206e+01   1.6235820e+01
   3.6316621e+01  -6.3510266e+00
  -1.1669767e+01   5.0006427e+01
  -5.2874824e-01  -6.3664351e+00
   5.4595659e+01   5.8992420e-01
   1.0185103e+01   4.8528590e+01
  -3.0995655e+01   2.9309822e+01
   4.7663885e-02   1.2809193e+01
   2.3113866e+01   3.4317585e+01
   1.0248411e+01  -9.3560599e+00
   1.9882532e+01   4.6087312e+01
