  -2.2386512e+01  -2.6916927e+01
   3.0539202e+01   5.5384925e+01
   6.3872622e+01  -4.3179035e+01
  -7.7723878e+00  -4.1055183e+01
  -1.7574249e+00  -5.7692232e+01
  -2.9794632e+01   1.1582097e+01
  -8.7947810e+00  -1.0151350e+01
   2.1765444e+01   3.9065193e+01
   4.0306400e+01   5.2172850e+00
   1.1787196e+01  -4.4219807e+01
  -3.7567870e+01  -7.5948293e+00
  -7.0260883e+01  -4.2680926e+01
   5.1736516e+01   4.4336096e+01
   5.8011498e+01  -1.0328051e+01
  -3.9328237e+01   1.4475648e+01
   8.1338662e+01   1.7683036e+01
   3.3790546e+01   2.8724102e+01
   4.2550878e+01   2.3902038e+01
   4.1533428e+01  -4.7016546e+00
   7.1554952e+01   6.2868412e-01
   9.4920755e+00   7.8587129e+01
  -5.2015170e+01   3.7615261e+01
   2.6546864e+01  -1.7637928e+01
  -3.3870499e+01  -7.6143496e+01
   2.0228709e+01  -3.9739718e+01
  -5.3801764e+01   2.8587182e+01
  -6.8130256e+01  -6.7935356e+00
   3.7712736e+00  -3.8596187e+01
  -2.6908438e+01  -1.7793684e+01
   2.1462550e+01  -7.7121066e+01
  -3.2283709e+01  -2.5627593e+01
  -2.6664185e+01  -4.9339688e+01
  -1.0195132e+00   4.4288835e+01
   2.5051547e+01  -7.3227313e+00
   2.1266428e+00   5.8351425e+01
   1.7037928e+01  -1.2331960e+00
  -3.8352724e+01   3.9540783e+01
  -1.4012959e+01   5.9127379e+01
   3.4906557e+01  -3.7253259e+01
   4.3208748e+01  -4.9340426e+01
   2.6419814e+01  -5.7284326e+01
   1.6485231e+01  -5.8169050e+01
  -6.4584232e+01  -1.6143786e+01
  -5.5873943e+01   3.7032058e-01
  -4.6754923e+01  -3.7088547e+00
   1.6771159e+00  -8.7526978e+01
  -3.1213742e+00  -2.2044718e+01
   7.4306110e+00  -6.2897267e+01
   5.7225420e+01   1.5585856e+01
   8.3670314e+00   2.2885912e+01
  -4.0439080e+01  -6.8823901e+01
   5.5550847e+01   3.5144027e+01
  -5.1635996e+01  -2.2110058e+01
  -8.4584783e+00   3.7606236e+01
  -3.3213825e+00   7.4346669e+01
  -2.4752680e+01   7.4254671e+01
   6.9357861e+00   1.2996576e+01
   8.5176531e+01  -1.6840218e+01
   3.9864642e+01   7.0427704e+01
   5.7514152e+01  -2.0137873e+01
  -2.3508746e+01   2.6635998e+01
  -2.7525607e+01   4.4509094e+01
   1.7271368e+01   5.0901313e+01
   3.6499351e+01   3.8349384e+01
   4.9994621e+01   5.5652512e+01
   1.2047888e-01  -2.9768776e+00
   5.2622795e+01  -4.6358451e+01
   3.4995753e+01  -8.3786284e+01
  -2.1337307e+01  -7.3980321e+01
   2.8570676e+01  -2.7317459e+01
   7.9601015e+00  -1.9131099e+01
  -4.5269438e+01   2.2195190e+01
  -8.0238373e+01   2.3018008e+01
  -1.7777704e+01  -1.4249144e+01
  -2.7581094e+01  -7.9570994e+00
  -6.8937274e+01   3.6495472e+01
  -7.1883205e+01  -2.2973343e+01
  -3.5517751e+01   2.1292394e+00
  -5.0824449e+01   1.3851660e+01
  -4.6296401e+01  -1.3670346e+01
  -5.5924734e+01  -1.1169193e+01
  -1.0551571e+01  -6.4221710e+01
  -1.3552792e+01  -8.3464396e+01
  -4.5954595e-01  -4.7779402e+01
  -3.8220331e+01   2.9155287e+01
   3.6310805e+01  -5.6488751e+01
   6.4002564e+01   8.3166811e+00
   8.3161924e+00  -7.2795854e+01
  -1.2303548e+00  -6.7794745e+01
  -4.4685037e+01   6.0455885e+00
  -3.0843041e+01  -5.7592148e+01
   7.9130321e+00  -5.3102144e+01
  -2.2651411e+01  -3.6870705e+01
   2.9908216e+01   8.6919857e+00
   2.0253620e+01   1.1172457e+01
   4.6839906e+01   1.2860676e+01
  -5.6605643e+00   6.4624432e+01
   5.7296179e+01   2.5421608e+01
  -2.3258780e+01   6.2923488e+01
   4.5608852e+01   3.4249257e+01
  -5.9988814e+01  -4.4421356e+01
  -6.1042533e+01  -2.5495205e+01
   4.4719547e+00   3.4277470e+01
   2.4476872e+01   7.2717960e+01
   6.1778880e+01  -1.2785604e+00
   4.8110439e+00   6.7984218e+01
   7.6654341e+01  -7.9573560e+00
  -2.1481111e+01   5.2475555e+01
   6.8402725e+01  -2.2137526e+01
  -2.0081018e+01   3.7000363e+01
  -3.7321260e+01   4.9531792e+01
   7.2116824e+01   1.3967925e+01
  -4.2537281e+01  -2.6802714e+01
  -3.1816745e+01   5.7803163e+01
   1.3985719e+01   3.1153821e+01
   7.3230910e+00   4.9808501e+01
  -6.2751028e+00   5.2795754e+01
   1.1881114e+01   6.0565695e+01
   4.1231117e+01   6.0460793e+01
  -1.8290167e+01  -4.2969447e+00
  -3.8494324e+00   2.8732918e+01
  -9.3469938e+00   1.1912894e-01
   4.0898369e+01  -1.8711453e+01
   4.8409160e+01  -1.2514778e+01
   5.5499176e+01  -3.6972725e+01
   4.4795468e+01  -3.9357225e+01
   3.1101790e+01  -7.4605751e+01
  -4.3603180e+01  -8.2762820e+01
  -2.9756191e+01  -6.7166692e+01
  -2.9747291e+01   3.4449759e+01
   1.6863431e+01  -2.2571784e+01
  -5.8976685e+01   1.9511268e+01
  -6.0841377e+01   4.1688285e+01
   6.0767534e+00  -2.8898813e+01
  -6.8985649e+01   1.5482601e+01
  -7.7320787e+01   3.5096604e+01
  -8.1640629e+01  -2.0787211e+01
  -2.5545833e+01   2.5476371e+00
  -6.7405821e+01   3.1801787e+00
  -3.6185367e-01  -7.7743816e+01
  -7.6563309e+01  -1.2167874e+01
  -3.1987378e+01   2.1336238e+01
   4.6191676e+01  -6.3644092e+01
  -3.5750162e+00  -3.1983074e+01
   6.5758951e-01  -1.2822089e+01
   7.9256232e+01   6.9756060e+00
   1.7150214e+01  -6.8119365e+01
  -1.9696169e+01  -5.5095656e+01
  -1.3060463e+01  -2.3022355e+01
  -4.9174680e+01  -6.3887499e+01
   1.8254102e+01   2.0963408e+01
  -9.7212109e+00  -7.4227612e+01
  -1.2359572e+01   7.8626271e+01
  -1.3557628e+01  -3.2963191e+01
   3.2403928e+01  -8.9395127e-01
   1.7512524e+01  -1.3281353e+01
   3.4226549e+01  -1.1382642e+01
   9.3464449e+00  -7.9421813e+00
  -3.3563268e+01   6.7632991e+01
   2.8277600e+01   2.0305022e+01
  -1.5412441e+01   6.9106714e+01
   6.2105370e+01   4.2640301e+01
   6.6824780e+01   2.2430538e+01
  -7.3434578e+01  -3.2851328e+01
   2.9462676e+01   4.5446319e+01
  -6.3698917e+01  -3.5135234e+01
   8.0272618e+00   3.0740535e+00
   3.7210666e+01   1.5464049e+01
  -1.3838573e+01   2.9177199e+01
   3.1245680e+01   6.5358007e+01
   2.1778608e+01   6.1994506e+01
   1.4819272e+01   7.0124258e+01
   5.1259948e+01  -3.0795720e+00
  -1.3823898e+01   4.6044242e+01
   8.6533847e+01  -6.7028694e+00
   7.8184510e+01  -2.3970180e+01
  -4.6357018e+01   4.5540487e+01
   6.7706660e+01  -1.2238981e+01
  -4.6465799e+01   5.5455824e+01
  -5.2586539e+01  -3.2061023e+01
  -3.7183049e+01  -1.7420096e+01
  -3.3678604e+01  -3.4398893e+01
   1.1943708e+01   4.0941408e+01
   2.3807079e+01   2.9276907e+01
   5.9385411e+01   5.2240055e+01
   3.9405311e+01   5.0540965e+01
  -1.7940011e+00   6.7889558e+00
   5.4261267e+01   6.2121800e+00
  -9.2176161e-01   1.9173713e+01
  -4.0441027e+01  -5.9112490e+01
   3.8321501e+01  -2.8081424e+01
   3.3619332e+01  -4.6974172e+01
   2.3887951e+01  -4.8083697e+01
   7.2211563e+01  -3.7659790e+01
   3.6619839e+01  -6.6372189e+01
   4.8875776e+01  -2.5083516e+01
   6.1481747e+01  -2.9193368e+01
   4.2141253e+01  -7.6633617e+01
   5.2843612e+01  -5.6257154e+01
  -4.8755219e+01  -7.4194821e+01
  -2.8736348e+01  -8.4591579e+01
   1.9630980e+01  -3.0990677e+01
  -6.6941691e+01   4.9382805e+01
  -3.0678448e+01  -4.2309607e+01
  -7.1262884e+01   2.5183596e+01
  -8.2906850e+01   3.1911482e+01
  -5.2261683e+01   2.5222346e+01
  -7.2882576e+01   1.5009608e+01
