   3.9512167e+01  -3.2219087e+01
   7.3458216e+01  -5.1425418e+00
  -2.7503125e+01   5.0401822e+01
  -8.2892594e+01  -6.9537983e+01
  -6.1024904e+01  -7.6218654e+01
  -4.3867703e+00  -1.1403292e+01
  -5.7937842e+01   1.4306880e+01
   7.4558770e+01   5.7886142e+01
  -5.8849462e+01   3.2212219e+01
   1.7828250e+01   5.8038373e+01
  -5.8643448e+01  -5.1238328e+01
  -4.8689308e+01   5.7219578e+00
   5.9054701e+01  -5.2856205e+01
   7.4369968e+01  -4.1974226e+01
  -9.7307547e+01  -2.8337433e+01
   5.4845088e+01  -3.3889736e+01
  -2.2400875e+01   9.6392002e+01
   6.1151874e+00   7.1642261e+01
  -1.1368478e+01   6.6769073e+01
  -2.9676521e+01   1.0453826e+01
  -3.9658413e+01   1.0011059e+01
  -8.8001957e+01   4.8122868e+01
   2.2242586e+01   3.4986839e+01
  -7.9880955e+01   6.3122328e+01
   1.0989032e+01  -5.1497405e+01
  -2.8582240e+01   8.7984824e+01
   2.9848859e+01  -4.8808983e+01
   7.6777468e+01  -3.2471461e+01
   4.6840462e+01   8.0944558e+00
   2.3278825e+00  -6.4829326e+01
  -3.0033117e+01  -9.9270753e+01
   4.5800304e+01   6.2115736e+01
  -1.7482901e+01  -2.8674975e+01
   8.8628489e+01   8.1115788e+01
   8.3675435e+01   6.1824915e+01
  -6.5428102e+01  -2.4668765e+01
   7.4364375e+01   6.8030022e+00
   6.9266932e+01   7.6310492e+01
   9.8570798e+01  -3.4012788e+01
   1.7846374e+01   9.9030468e+01
  -8.0853422e+00   2.7342228e+01
  -7.1254013e-01   5.4516714e+01
  -2.7699608e+00   3.5791444e+01
   3.0173350e+01   2.9005807e+01
  -5.8911629e+01   5.1295225e+01
  -7.9605282e+01   8.5152238e+01
   5.6402542e+01   5.7427600e+00
  -6.9273812e+01   2.2032343e+01
  -7.9078795e+01  -1.4364361e+01
   6.8310759e+01  -7.0660781e+01
   7.7922741e+00   6.1400400e+01
   3.8528191e+01  -8.6502811e+01
  -6.7451314e+01  -3.4443559e+01
  -6.8283932e+01   2.2560809e+00
  -9.5835193e+01  -9.1883359e+00
  -3.2564248e+01   7.7654698e+01
   5.5716576e+01  -3.2749320e+00
  -8.7366969e+01   2.6222009e+01
   6.3630728e+01  -1.8582047e+01
   4.0459913e+01  -1.9850819e+01
   5.7631273e+01  -2.5114901e+01
  -4.0100535e+01  -5.9177279e+01
  -8.3364442e+01  -5.5014361e+01
  -9.4379508e+01  -8.3354415e+01
  -1.9545613e+01  -4.3225852e+01
  -3.9841744e+01  -9.7326938e+01
  -2.7207717e+01  -6.1841241e+01
   5.4910317e+01  -7.3271391e+01
   4.4615855e+01   1.7675824e+01
   2.8411805e+01   5.3473849e+01
   3.7935821e+01   5.6163863e+01
  -4.3698168e+00   7.4041193e+01
  -6.3445312e+01  -8.8133332e+01
  -6.3776705e+00   9.3311138e+01
   7.4605651e+01   6.7872680e+01
   2.5323188e+00  -9.3479090e+01
   1.6160403e+01   1.1687129e+01
   2.0627316e+01   2.7653056e+00
  -7.6970546e+01  -4.7343750e+01
  -4.6779508e+01  -9.0125396e+01
   2.7553685e+01  -3.8051936e+01
   8.0647970e+01  -1.3757185e+01
   9.3447028e+01   5.9862119e+01
   6.4744486e+01   1.0745233e+01
   4.3834362e+01   3.7480047e+01
  -4.4292504e+01  -6.8263457e+01
   6.6348585e+01   8.5821597e+01
   2.4053185e+01   7.2695942e+01
   2.1185927e+01   2.4860552e+01
   3.7056562e+00   2.8263655e+01
   1.0697892e+01   4.0593793e+01
  -3.1661365e+01  -4.3877593e+00
  -4.4302345e+01   2.5614485e+01
  -2.7129798e+01   2.2752320e+01
  -4.0108630e+01   7.1112880e+01
   3.4239628e+01   3.7920860e+01
   3.7370474e+01   1.0709668e+01
  -2.8879357e+01   6.8371285e+01
  -4.8699896e+01   7.8012118e+01
  -3.7340856e+01   3.2773421e+01
  -6.9672458e+01   5.0762014e+01
  -5.2740257e+01   9.7078642e+01
  -3.1806146e+01  -1.5403783e+01
   5.4745508e+01   5.8003470e+01
  -8.5788327e+01   3.8379807e+01
  -9.7842299e+01   4.9866505e+01
   2.0098372e+01  -4.7011473e+01
   2.1621497e+01  -6.7037031e+01
   7.2349614e+01  -6.1591081e+01
  -2.2818013e+01   7.9815843e+01
   3.1491953e+01  -6.8337510e+01
  -9.3977091e+00  -8.0037937e+01
   4.0343269e+00  -3.5327208e+01
  -1.4127005e+00  -7.4057602e+01
   1.8450094e+01  -3.4348637e+01
  -9.8265116e+00  -2.2328830e+01
   2.8037373e+00  -4.5564164e+01
  -9.3767159e+01  -7.1354264e+01
  -7.8512240e+01  -8.6612821e+01
  -2.3481329e+01  -9.9652245e+00
  -3.9789196e+01  -2.3276313e+01
  -4.0394292e+01  -7.7480744e+01
  -8.2636974e+01  -9.8673968e+01
  -6.8197773e+00  -8.9695253e+01
  -7.7421992e+01  -3.4028630e+01
   9.9588219e+01   8.4332057e+01
  -1.6881527e+00   7.1439051e+00
  -1.1348165e+00   1.9612197e+01
  -5.7832521e+01  -1.0167977e+01
   9.3817182e+00  -2.5950117e+01
   2.7646751e+01  -1.8286944e+01
   9.2575890e+01   3.6320115e+01
   6.1173910e+01   2.9550270e+01
   4.2188662e+01   8.1501171e+01
   8.3261444e+01   9.6072658e+01
   5.7720113e+01   9.0790784e+01
  -2.1808234e+01   4.0939967e+01
  -8.2119425e+00   4.6493287e+01
  -1.6642841e+00   6.4452554e+01
  -1.2642317e+01   3.7012918e+01
  -4.7887330e+01   1.5660133e+01
  -4.0495480e+01   1.1111011e-01
  -3.6493829e+01   1.9436670e+01
  -3.1968800e+01   4.1501138e+01
  -7.7565840e+01   1.0561212e+01
  -6.7701797e+01   1.2197340e+01
   2.6629041e+01   4.3841498e+01
   2.5275940e+01   1.5736989e+01
  -4.2142078e+01   6.1337153e+01
  -4.1929867e+01   4.1635339e+01
   4.2213298e+01   2.7422809e+01
   5.4625840e+01   1.5090103e+01
   5.1903573e+01   2.4463230e+01
   6.0880253e+01   3.9731061e+01
  -3.2441922e+01   5.9048680e+01
  -5.8534371e+01   8.8614743e+01
  -5.5969896e+01   4.1745543e+01
  -4.9628559e+01   6.8068830e+01
  -4.8555822e+01   8.8002441e+01
  -8.9654730e+01   5.8251339e+01
   3.9842565e+01   4.6483468e+01
   2.1182628e+01  -8.8009314e+01
  -7.5900134e+01   7.5417888e+01
   6.0881146e+01  -6.4053972e+01
   7.0285377e+01  -5.1894211e+01
  -3.8919832e+01   8.5355490e+01
  -1.2848364e+01   7.9303481e+01
   4.8037960e+01  -1.4068440e+00
   4.4558210e+01  -1.0497090e+01
   1.1317763e+01  -8.6451433e+01
  -1.7559132e+01   4.9951258e+01
   8.7705534e+00  -7.3689703e+01
   4.1813077e+01  -6.8081559e+01
   2.7563040e+01  -8.0338753e+01
   4.7745961e+01  -2.6949664e+01
   9.6651895e+01  -2.4336562e+01
   1.1803292e+01  -4.1564985e+01
   4.9182313e+01  -5.4375510e+01
  -6.7343594e+01  -1.4867661e+01
  -3.2074662e+01   9.8915700e+01
   3.6637654e+01  -4.1651690e+01
   6.6782121e+01   1.9305270e+00
   5.0833684e+01  -1.7955438e+01
   7.4250414e+01  -2.3240942e+01
  -9.7564235e+01   8.3957117e-01
   2.0113147e+01  -2.4677586e+01
   7.4852086e-02  -5.5126398e+01
   3.8968230e+01  -8.6979824e-01
   3.0421272e+01   3.6500384e+00
  -8.4633886e+01  -4.0944607e+01
  -7.1033379e+00  -4.5339717e+01
   6.4779991e+01  -4.3661767e+01
  -9.1288748e+01   8.6240560e+00
  -7.0322706e+01  -8.0877347e+01
  -9.5651464e+01   3.6752950e+01
  -6.8947403e+01  -5.5274661e+01
  -1.7436239e+01  -6.3530714e+01
  -5.5140123e+01  -6.7806881e+01
  -7.6272857e+01  -6.2057753e+01
  -5.3783534e+01  -9.7262400e+01
  -1.5863703e+01   8.8830462e+01
  -1.9769505e+01  -9.7969580e+01
   2.6446004e+01   6.3117083e+01
   1.7874710e+01   4.8083539e+01
   3.6042892e+01   6.5916051e+01
   1.6017303e+01   8.7575253e+01
   2.6604398e+01   8.2254797e+01
   3.4090755e+01   7.5672341e+01
  -5.6999437e+01  -3.0031679e+01
  -7.5360896e+01  -2.3636765e+01
   6.5510721e+00   9.0737644e+01
  -6.7184284e+01  -4.5459372e+01
   6.4670601e+01   5.8086304e+01
   8.5591012e+01   7.1606557e+01
   5.4335684e+01   7.0963605e+01
  -2.9520793e+00   8.3923882e+01
   1.5447237e+01   6.7704047e+01
   5.3355540e+00  -1.3347982e+01
  -1.4115010e+01  -1.3326540e+01
  -1.5970603e+01  -3.5111328e+00
  -2.5749517e+01  -3.4115528e+01
   6.2949673e+00   1.2967988e+01
   7.8868179e+01   7.8994584e+01
   8.8936077e+01   4.5597205e+01
   3.0607196e+01  -2.7814392e+01
   1.9329119e+01  -5.6982398e+01
   1.0718570e+01   3.2844011e+00
  -6.4457186e+01  -6.4195573e+01
   8.9544281e+01   2.6838892e+01
   1.2183485e+01  -6.3930572e+01
   8.3603307e+01   9.5103874e+00
   8.1228991e+01   2.1374224e+01
   6.3244461e+01   2.0116481e+01
   8.8368230e+01  -7.6807209e+00
   6.9742621e+01   4.9056321e+01
   8.9562916e+01  -1.7585409e+01
   6.3845401e+01   6.7979694e+01
   5.7167953e+01   8.0551644e+01
   9.6555958e+01   9.2880825e+00
   6.5505338e+01   9.7567387e+01
  -5.1624259e+01   5.8290174e+01
   1.5755518e+00   9.9402078e+01
  -3.0177068e+01  -4.2918299e+01
   3.9085409e+01  -5.2604170e+01
  -2.0622070e+01  -7.3398627e+01
   5.4739189e+01  -8.4564286e+01
   8.0111382e+01  -5.0038691e+01
  -3.4322366e+01  -6.8803498e+01
   3.2314898e+01   9.8741574e+01
   1.3237681e+01   3.0930954e+01
   1.2033401e+01   2.1041934e+01
  -7.6678205e+01   4.3003195e+01
   1.5861970e+00   4.4705940e+01
  -1.8126575e+01   2.8665929e+01
   8.7326597e+00   5.1547152e+01
  -1.0375861e+01   5.6839055e+01
  -5.8542502e+01   4.3353792e+00
  -5.4049458e+01   2.3494796e+01
  -2.7355619e+01   3.2675129e+01
  -2.1726500e+01  -1.9723035e+01
  -4.0021579e+01  -9.8181495e+00
  -1.1168236e+01  -3.6302670e+01
  -4.8888574e+01   4.8743126e+01
  -3.9316336e+01   5.1612251e+01
  -4.8895311e+01   3.4478706e+01
  -6.8817794e+01   3.1982986e+01
  -7.9141445e+01   2.0435846e+01
  -7.8761776e+01   3.1282910e+01
   1.8359265e+01  -7.6484446e+01
  -6.9993993e+01   8.7913236e+01
   6.3093608e+01  -7.9127806e+01
  -5.8709645e+01   7.8616970e+01
  -6.4319598e+01   9.6770022e+01
  -9.4372003e+01   6.7712847e+01
   2.9151903e+01  -5.8694657e+01
  -8.5162704e+01   7.1609380e+01
   8.2168192e+01  -6.3339699e+01
  -2.0800390e+01   6.2482265e+01
  -4.7237927e+01  -1.6648491e+01
  -5.6576109e+01  -2.0073250e+01
  -4.1300924e+01   9.5062402e+01
   1.7705901e+00  -8.3516017e+01
  -6.5945722e+01   4.1521519e+01
   8.5334654e+01  -2.6816094e+01
   1.4789673e+01  -1.6345049e+01
   3.7474633e+01  -9.6420514e+01
  -8.0164168e+01   9.0564160e-01
   4.5650279e+01  -4.5142704e+01
  -9.7253943e+01  -6.1981839e+01
   8.3879919e+01  -3.9180649e+01
  -2.6154663e+01  -9.0058794e+01
  -3.7241627e+01  -8.7089455e+01
  -2.9826531e+01  -8.0380033e+01
  -7.2885283e+01  -6.5607933e+00
  -8.6038902e+01  -7.1856460e+00
  -8.5266574e+01  -7.9244410e+01
  -4.8912466e+01  -5.2709613e+00
  -7.9366943e+01   5.3142651e+01
  -7.5787194e+00  -6.4575318e+01
  -7.3284778e+01  -9.5134360e+01
  -9.9343745e+01  -1.8550624e+01
  -8.4570423e-01  -2.6638227e+01
  -9.3537892e+01   1.8364566e+01
  -5.1689294e+01  -5.8424211e+01
  -5.0388543e+01  -7.6601348e+01
  -9.8485903e+00  -9.9223686e+01
  -6.3745116e+01  -9.8128152e+01
  -7.1787972e+01  -7.0990487e+01
   3.7771899e+01   9.0399042e+01
  -9.1045980e+01  -4.8615804e+01
  -4.7019852e+01  -3.0146250e+01
  -9.2768448e+01  -9.5686094e+01
   4.7810749e+01   8.9701547e+01
  -1.9764740e+01  -5.3222577e+01
   9.5396995e+01   6.9664394e+01
   9.1646499e+01   9.0635798e+01
  -9.9146569e+00  -5.4876435e+01
  -6.2760553e+00  -1.6280241e+00
   3.4718739e+00  -3.5442877e+00
  -3.0015538e+01  -2.5164137e+01
  -3.6443085e+01  -3.2726370e+01
   3.4282275e+01   2.0069126e+01
  -8.6735877e+01  -3.0415357e+01
  -8.7006987e+01  -2.0426858e+01
  -5.9025459e+01  -3.9779190e+01
   2.6729407e+01  -5.6355906e+00
  -2.4155037e+01   2.1439890e+00
   1.2981173e+01  -6.5498476e+00
   3.4788052e+01  -1.1467592e+01
   7.9726122e+01   4.9380141e+01
   7.1220259e+01  -1.4141109e+01
   8.1786079e+01  -2.2034255e-01
   9.5264459e+01  -5.7840565e-01
   9.0123897e+01   1.6895835e+01
   7.2607401e+01   1.6563487e+01
   4.9865639e+01   4.8045440e+01
   5.2770403e+01   3.4269659e+01
   9.9085715e+01   2.1231231e+01
   9.8804498e+01  -1.3852616e+01
   4.4397960e+01   7.1875930e+01
   7.4106973e+01   9.2088127e+01
  -9.4118007e+01  -3.7809470e+01
   5.9756221e+01   4.9478940e+01
   1.5375979e+01   7.7642091e+01
   9.7496048e+01   5.0733194e+01
  -1.8854465e+01  -8.3239496e+01
  -3.1203340e+01  -5.2762243e+01
   5.0936238e+01  -6.4130879e+01
   4.6541596e+01  -7.8887292e+01
   3.6829460e+01  -7.6702207e+01
   5.5134431e+01  -4.3452360e+01
   2.4945230e+01   9.2032481e+01
   5.1809756e+01   9.8846905e+01
   9.3181215e+01  -4.2333202e+01
   6.6647209e+01  -2.9697755e+01
   5.7645936e+01  -1.2068143e+01
   6.3277440e+01  -5.0918819e+00
