   4.0279004e+01   1.1597040e+01
   3.0056628e+01  -1.4145868e+01
  -2.7575478e+01  -2.1797126e+01
   3.2462166e-02   2.2809079e+01
   5.7534129e+00  -3.1490622e+01
   9.8095192e+00   9.7512349e+00
   4.5586202e+00  -2.1562266e+01
  -1.5194015e+01  -2.1728078e+01
   2.6830781e+01  -3.1856806e+00
   7.0690320e+00   1.3407754e-01
   2.9179520e+01   4.2268586e+01
  -3.7623443e+01   9.8281048e+00
   9.5524071e+00   1.9747928e+01
  -1.1026549e+01   2.8464152e+01
   3.2824243e+01  -2.5654689e+01
  -4.6933747e+00  -1.7767512e+01
  -1.9902798e+01  -4.4131417e+01
  -2.2083444e+00  -5.0586408e+01
  -2.7600591e+01  -3.7748316e+01
  -2.8117322e+01   6.7242991e+00
  -3.9488950e+01  -1.0909555e+01
  -1.5577071e+01  -9.8887787e-01
   4.1606456e+00   4.0547117e+01
   3.3845164e+01   3.9416098e+00
  -2.1026352e+01   2.8526962e+01
   1.3856990e+01   3.8101526e+01
   2.4672774e+01  -3.2090896e+01
   2.0569923e+01  -1.0983210e+01
  -2.6676842e+00  -3.7296690e+01
  -4.4557112e+01   2.0516562e+00
   6.4206233e+00  -4.1468332e+01
  -1.9495817e+01  -1.2697557e+01
  -3.5334278e+01  -1.8134752e+00
  -1.2810098e+01  -3.4631448e+01
  -2.9547883e+01  -1.1993583e+01
  -3.5163906e+01  -2.8309862e+01
   4.6205921e+01   2.0080605e+01
  -2.5393218e+01  -2.8975085e+00
   1.6903161e+01  -1.6797258e+00
   7.7735062e+00   3.0114386e+01
  -6.0908348e+00   4.1707548e+01
   4.6204142e+01  -4.8469659e+00
  -3.7708980e+00   3.5668870e+00
   2.6552042e+01   2.3265951e+01
  -1.5506935e+01   3.7833596e+01
   1.7045895e+01   2.6369683e+01
   3.2648032e+01   3.1300710e+01
  -1.9286722e+00   3.2614891e+01
   2.5271433e+01  -4.2221311e+01
   2.3603350e+01  -2.1784925e+01
   3.9277522e+01  -1.8015633e+01
   1.5320855e+01  -2.8549484e+01
   1.4116653e+01  -1.8622257e+01
  -5.5747516e+00  -2.7728577e+01
  -9.9030319e+00  -4.4199567e+01
  -4.8711787e+01  -7.0444242e+00
  -4.6888146e+01   1.3591778e+01
  -2.9772301e+01   1.6603674e+01
   7.7602599e+00  -5.1378190e+01
   1.5978522e+01  -3.8527832e+01
  -2.1555659e+01  -2.9782215e+01
   5.0055841e+01   9.4962260e+00
  -1.0076329e+01  -9.3399917e+00
   3.6227659e+01   2.0739609e+01
  -4.1626259e+01  -2.0678480e+01
   2.2387226e+01   6.6823924e+00
   1.9436773e+01   1.6237225e+01
   3.6317489e+01  -6.3483302e+00
  -1.1669882e+01   5.0006598e+01
  -5.2797167e-01  -6.3686536e+00
   5.4598527e+01   5.8757948e-01
   1.0185147e+01   4.8528682e+01
  -3.0995661e+01   2.9309823e+01
   4.7697276e-02   1.2809091e+01
   2.3114114e+01   3.4318061e+01
   1.0248411e+01  -9.3560599e+00
   1.9882553e+01   4.6087306e+01
