  -2.3143182e+01  -2.7838680e+01
   3.0532016e+01   5.7239954e+01
   6.1778527e+01  -4.1964190e+01
  -1.2389117e+01  -4.3262207e+01
  -1.0585972e-01  -5.9155043e+01
  -2.9984806e+01   1.4665800e+01
   2.0201234e+01   4.7159006e+01
  -3.9808983e+01  -7.7130399e+00
  -7.9318420e+01  -4.7556233e+01
   9.3727119e+01   1.8462755e+01
   3.4048077e+01   2.6575260e+01
   4.3767088e+01   2.8866764e+01
   4.3921022e+01  -8.5055290e+00
   2.9788411e+00   8.1541073e+01
  -5.1071698e+01   4.1864004e+01
   3.0171612e+01  -2.1499452e+01
  -3.7365220e+01  -7.6402884e+01
   2.3575599e+01  -4.3743428e+01
  -5.9319365e+01   3.2871574e+01
  -7.0237688e+01  -3.9935001e+00
   4.5919387e+00  -4.7965157e+01
   1.7693190e+01  -8.2211457e+01
  -3.2338745e+01  -2.3931408e+01
  -2.1238924e+01  -4.7525970e+01
   3.4026080e+01  -1.2317682e+01
  -4.6363207e+00   6.3394817e+01
   1.8143108e+01  -5.6790673e+00
  -3.8228461e+01   4.1624300e+01
   3.4964632e+01  -3.9649564e+01
   4.3345206e+01  -4.9158469e+01
   2.7514119e+01  -6.1968651e+01
  -6.7665874e+01  -1.4482017e+01
  -4.9176855e+01  -1.1218677e+01
   6.8528653e+00  -8.8711013e+01
   6.2399698e+01   1.4061779e+01
   5.0282398e+01   3.6471373e+01
  -5.0027327e+01  -2.2457184e+01
   1.3385743e+00   4.0972248e+01
  -3.5376394e+00   7.3955859e+01
  -2.1628544e+01   7.4557322e+01
   9.8928792e+00   1.2228931e+01
   8.5841248e+01  -1.6620623e+01
   3.7833403e+01   7.5751021e+01
  -2.3093831e+01   2.6705807e+01
   4.2958206e+01   4.3276756e+01
   5.1865527e+01   5.8101340e+01
   5.3010834e+01  -4.6777623e+01
   3.6872367e+01  -8.6153935e+01
  -8.2253938e+01   2.2922402e+01
  -6.9111709e+01   3.5435180e+01
  -6.3889568e+01  -2.4185618e+01
  -1.6690504e+01  -9.6702364e+01
  -4.9418675e+01   3.2010446e+01
   3.7448265e+01  -5.7112782e+01
   4.5491332e+00  -7.0917045e+01
  -5.3330906e+01   6.9719400e+00
  -2.9403584e+01  -5.2748276e+01
   1.4526736e+01  -4.8338889e+01
  -2.1713673e+01  -3.7673681e+01
   3.3333641e+01   1.0112803e+01
   1.9943217e+01   1.2709713e+01
   4.5425059e+01   1.0336811e+01
   6.0035664e+01   3.4281141e+01
  -2.2369940e+01   6.4585055e+01
  -6.0280123e+01  -4.9171783e+01
   2.5623658e+01   7.6046455e+01
   6.1940890e+01  -8.1007074e-01
   8.0140235e+01  -8.3076780e+00
  -2.3996325e+01   5.4718885e+01
   7.0863236e+01  -2.8215836e+01
  -3.3609424e+01   5.1965481e+01
   6.8788650e+01   6.4059819e+00
  -4.1616161e+01  -2.7808817e+01
   1.5727283e+01   3.4054506e+01
   1.1477255e+01   5.2913911e+01
  -1.9249920e+01  -1.0032927e+01
   6.0057217e+00   3.1769988e+01
  -1.1365008e+01  -3.9079470e+00
   4.2657278e+01  -1.8165357e+01
   5.3299189e+01  -3.6878156e+01
   3.7323568e+01  -7.6364523e+01
  -4.7249434e+01  -9.2530519e+01
  -2.5490090e+01  -7.2129325e+01
  -2.7539457e+01   4.4014546e+01
  -6.0177994e+01   1.4239976e+01
  -6.0968214e+01   4.2261644e+01
   1.1094892e+01  -2.9189011e+01
  -6.9909925e+01   1.6508150e+01
  -7.9221522e+01   3.3243111e+01
  -9.2484438e+01  -2.3631730e+01
  -2.0599282e+01  -1.0906756e-01
  -6.2575909e+01   3.1588736e+00
   1.2024128e+00  -8.0338545e+01
  -7.7827207e+01  -1.0504439e+01
  -4.2903108e+01   2.2151460e+01
   4.5698953e+01  -6.2644021e+01
  -9.7459028e-01  -3.1371684e+01
   5.9141094e+00  -2.0707273e+01
   8.1093749e+01   1.6441704e+00
   1.4344133e+01  -7.2640592e+01
  -1.9296762e+01  -5.7144517e+01
  -1.7206794e+01  -1.9815205e+01
  -6.6958078e+01  -6.5589363e+01
   1.7242934e+01   2.2327058e+01
  -8.4700243e+00  -7.7642521e+01
  -1.2453991e+01   7.8535640e+01
  -1.2766452e+01  -3.3309778e+01
   3.2711258e+01  -2.4467209e+00
   1.4188280e+01  -1.5138070e+01
   8.2697607e+00  -7.0931570e+00
  -3.9875235e+01   6.8985842e+01
   2.8023794e+01   1.8588657e+01
  -1.3195879e+01   6.8563524e+01
   7.0211515e+01   4.9335990e+01
   6.3396735e+01   2.4687925e+01
  -7.5985730e+01  -3.8082841e+01
  -6.7032963e+01  -3.3664225e+01
   1.5319493e+01   3.8648485e+00
   3.9293515e+01   1.8137700e+01
  -2.0181850e+01   3.7057656e+01
   3.5115101e+01   6.6127660e+01
   2.0532988e+01   5.7150122e+01
   1.4986475e+01   6.5762810e+01
   5.2293909e+01  -3.2049085e+00
  -8.2487156e+00   4.9665825e+01
   9.1158846e+01  -8.1700483e+00
   8.3923995e+01  -2.6653896e+01
  -5.3609294e+01   5.1580905e+01
   5.9449224e+01  -1.0484638e+01
  -5.0539150e+01   6.1009726e+01
  -5.2634655e+01  -3.2067427e+01
  -4.0193002e+01  -1.7763221e+01
  -3.3663049e+01  -3.3778546e+01
   1.1142242e+01   4.2926701e+01
   2.4454881e+01   2.9231459e+01
   6.1017115e+01   5.4078515e+01
   3.4075243e+01   4.7888881e+01
  -9.5571360e-02   1.2356065e+01
   5.4648472e+01   6.4933288e+00
  -2.6990930e+00   2.2575696e+01
  -3.7295653e+01  -5.7846000e+01
   3.8497299e+01  -2.6983077e+01
   3.2122925e+01  -4.8932103e+01
   2.3167565e+01  -5.3264453e+01
   7.1138626e+01  -3.8634002e+01
   3.6122484e+01  -6.6754037e+01
   4.8850363e+01  -2.5975925e+01
   6.1510502e+01  -3.1458545e+01
   4.5824825e+01  -8.1497677e+01
   5.3686086e+01  -5.6661076e+01
  -5.4140738e+01  -8.5344503e+01
  -2.2306366e+01  -8.8593416e+01
   1.8738729e+01  -3.5836549e+01
  -7.0468115e+01   4.7560588e+01
  -3.0140390e+01  -4.2984572e+01
  -7.2703405e+01   2.6028581e+01
  -8.8672306e+01   3.0697839e+01
  -5.2966926e+01   2.2662425e+01
  -7.9418333e+01   1.3333030e+01
  -7.7458300e+01   4.2377672e+01
  -2.7899988e+01  -1.5012584e+01
  -8.3960851e+01  -1.8402253e+01
  -3.9330366e+01   4.0611368e+00
  -5.7834587e+00  -5.0743387e+01
  -6.0595437e+01  -6.6393080e+00
  -4.7752887e+01  -1.3227136e+00
  -5.7827663e+01  -1.6238795e+01
  -2.9357145e+01   4.6931897e+00
  -1.6550028e+00  -6.2051731e+00
  -7.1920380e+01   6.7170042e+00
   5.2852749e+01   1.6864947e+01
   7.7617636e+01   1.1014285e+01
  -3.0612349e+00  -9.0018917e+01
   6.7675047e+00  -3.8149903e+01
   9.6137691e+00  -5.7091771e+01
  -3.9578554e+00   3.2491770e+01
  -3.0111775e+01  -5.2729271e+00
  -8.0965365e+01  -1.0094599e+00
  -2.7066627e+00  -4.1200320e+01
  -9.9633453e+00  -5.9783818e+01
   8.8225053e+01   9.4819922e+00
  -9.1945994e+00   8.7989395e+01
   8.8176754e+01   2.7832994e+01
   2.4241570e+01  -7.1422722e+01
  -5.0258248e+00  -6.8320887e+01
  -5.8869670e+01  -7.1454222e+01
  -2.7246261e+01  -6.2379712e+01
  -8.3295260e+00  -2.4407164e+01
   2.4060980e+01  -1.3666750e+01
   1.7601553e+01  -6.3057482e+01
  -6.3047039e+01   2.3766775e+01
  -3.5162015e+01  -6.7255146e+01
  -4.6363540e+01  -5.9225650e+01
   2.5285115e+01   4.1921761e+00
   4.1992388e+01   1.1240824e+00
  -3.1628148e+01   7.4640741e+01
  -1.2511045e+01  -8.6751258e+01
  -2.6603598e+01   8.3286718e+01
   5.4901007e+01  -6.6508552e+01
   5.2170571e+01   4.7140441e+01
  -6.9533226e+01  -4.5670387e+01
   6.1694356e+01   4.4112967e+01
   3.5720546e+01   3.6405957e+01
  -5.9053047e+01  -3.9568696e+01
   5.3519786e+01   2.6772006e+01
   4.9218276e+00   6.0460980e+01
  -1.5727908e+01  -7.0135739e+01
   4.5816457e+01   6.9308926e+01
   1.6220337e+01   8.2299041e+01
  -7.3868771e+01  -2.4850210e+01
  -8.3225477e+01  -2.8378955e+01
  -1.0610685e+01   3.9950135e+01
  -3.2787231e+01   2.4259109e+01
  -1.7894512e+01   4.6798046e+01
  -1.3520674e+01   2.9584603e+01
  -1.3998031e+01   5.7847290e+01
  -4.0697313e+01   5.9023355e+01
   9.3321958e+01  -2.3246188e+01
   9.4087703e+01   1.3834396e+00
   7.6459092e+01  -1.9991056e+01
   6.6869244e+01  -1.7180469e+01
   7.0158129e+01  -7.7104646e+00
  -4.4101336e+01   4.9641369e+01
   1.6660128e+00   5.0966702e+01
   1.0028050e+01   7.4446934e+01
   5.9510246e+01   6.4546960e+01
  -2.9782265e+01   3.4265298e+01
   2.5060689e+01   6.6063426e+01
   2.6096673e+01   3.9089938e+01
   4.3113691e+01   5.3269171e+01
  -4.4859480e+00   3.3426637e+00
   5.4458980e+00   2.4944876e+00
   7.2644084e+00   2.1859064e+01
  -3.9445490e+01   3.1709665e+01
   7.2334700e+01   2.0203199e+01
  -2.8854252e+00  -1.6077186e+01
   8.3741611e+01   1.8884343e+01
  -4.4443801e+01  -6.8715666e+01
  -6.0185793e+01  -5.8608142e+01
  -8.5969904e+01  -3.7999202e+01
   8.0780960e+01  -3.6133490e+01
   6.2459379e+01  -5.1894554e+01
   2.8274692e+01  -8.0568833e+01
   2.9697838e+01  -3.1413848e+01
   4.3710861e+01  -3.5306564e+01
   5.4407421e+01  -7.6437266e+01
   3.5611533e+01  -9.5965699e+01
  -4.0490813e+01  -8.5457358e+01
  -5.0115353e+01  -7.6442962e+01
  -2.8919173e+01  -8.1400398e+01
  -3.2152584e+01  -9.0843781e+01
  -5.3037953e+01  -6.4488896e+01
  -6.2765405e+01   5.1106112e+01
   2.0948424e+01  -2.6756150e+01
