   4.0507914e+01   1.3416493e+01
   3.2601990e+01  -1.2337551e+01
  -2.0680152e+01  -1.9952420e+01
   3.4578699e+00   2.0642521e+01
   6.2941224e+00  -3.5094592e+01
   9.7690272e+00   1.1305962e+01
   5.4571354e+00  -2.5129803e+01
   2.5261052e+01  -5.5470747e+00
   6.0238296e+00   2.0340111e+00
   2.9264865e+01   4.5791735e+01
  -3.8617889e+01   1.1951073e+01
  -1.4526556e+01   2.9331510e+01
   4.2260557e+01  -2.7399112e+01
  -3.2982036e+00  -2.0298398e+01
  -1.5877621e+01  -4.1302811e+01
  -6.0595439e+00  -5.9619515e+01
  -2.5581505e+01  -3.8739705e+01
  -2.9100167e+01   8.8830733e+00
  -4.1865108e+01  -6.2742897e+00
  -1.4372784e+01  -9.8687498e-01
   4.7303660e+00   3.3928244e+01
   3.5700137e+01   4.6480879e+00
  -2.2002817e+01   3.5972699e+01
   2.3850065e+01  -3.5186413e+01
  -4.6127088e+01   4.9354651e+00
   6.9235801e+00  -4.5074669e+01
  -3.6590872e+01  -1.4770257e+01
  -4.8652517e+01  -3.0451575e+01
   4.6832425e+01   2.8130574e+01
  -2.5103557e+01  -2.8351822e-01
   1.6023240e+01   1.9302446e+00
  -5.9006019e+00   5.0180851e+01
   5.1766102e+01  -1.4372617e+01
   2.8167721e+01   2.3207157e+01
   1.4282822e+01   3.6886371e+01
   3.4800472e+01   3.2554839e+01
   2.7748625e+01  -4.4395161e+01
   2.2842079e+01  -1.5250053e+01
   4.2210510e+01  -1.7320610e+01
   1.5113304e+01  -3.0321339e+01
   5.7198039e+00  -1.5133340e+01
  -1.1959248e+01  -2.5296953e+01
  -1.1205437e+01  -5.0144225e+01
  -5.1476434e+01  -3.5134615e+00
  -4.8631050e+01   1.4616886e+01
  -3.0713938e+01   1.8751927e+01
   1.3020315e+01  -5.3001144e+01
   1.6386677e+01  -4.1842066e+01
  -2.0809896e+01  -2.9951572e+01
   5.7462923e+01   1.2815902e+01
  -7.9287244e+00  -1.1435201e+01
   3.8167473e+01   2.3138734e+01
  -4.3783995e+01  -2.1716886e+01
   3.0141323e+01   1.3403868e+01
   1.3457745e+01   2.0600556e+01
   3.9116148e+01  -4.7503497e+00
  -1.7708366e+01   5.0965239e+01
   7.4486858e-01  -6.4587869e+00
   6.5024772e+01  -1.1002071e-01
   1.6095961e+01   5.6558532e+01
  -3.2254152e+01   3.8061632e+01
  -2.3598174e-01   1.1349767e+01
   2.5605374e+01   3.6485458e+01
   1.1571104e+01  -7.0239744e+00
   1.9351236e+01   4.7103206e+01
   3.3422414e+01  -3.2293299e+01
   2.7631959e+01  -5.4394475e+01
   1.4245723e+01  -2.0359056e+01
  -2.3353390e+01  -5.4859379e+01
   2.3962564e+01  -2.5187062e+01
  -5.0483227e+00  -4.0594326e+01
   3.3534910e+01  -2.2293935e+01
  -4.1423987e+01   2.1549286e+01
  -5.7378816e+01   1.9462139e+01
  -5.8700721e+01  -1.0570803e+01
  -3.6515815e+01   2.1745075e+00
  -4.9058303e+01  -1.3220934e+01
  -1.7870040e+01  -1.0355383e+01
  -3.5104337e+00  -3.0713288e+01
  -1.2312714e+00  -5.0862377e+01
  -2.9957143e+01  -2.3685706e+01
  -2.7859306e+01  -9.8962497e+00
   7.4589975e+00  -6.1312077e+01
   4.5697672e+01   4.8686091e+00
  -5.3926864e+01  -2.1955691e+01
   4.9172877e+01   1.8408317e+01
  -3.3790097e+01  -3.2921964e+01
  -3.0226273e+01  -4.7595541e+01
  -5.3104433e+00   2.5450435e+01
   1.9704001e+01   1.2444422e+01
   2.5702290e+01   4.4431542e+00
  -1.0599704e+01   5.9007993e+01
   1.9652583e+01   2.8450422e+01
   5.5522640e+01   3.0059441e+00
  -5.2795096e+00   3.5450382e+01
   7.6645706e+00   5.1168596e+01
   4.9116123e+01  -4.7301281e+00
  -4.9020101e+00   2.2231704e+00
  -2.4016111e+01   2.6177467e+01
  -3.3964171e+01   2.8208945e+01
   1.4144248e+00   4.3362465e+01
   3.9156165e+01   4.7262048e+01
  -1.2350003e+01   4.2522021e+01
