  -2.3094804e+01  -2.7890793e+01
   3.0531053e+01   5.7227342e+01
   6.3809297e+01  -4.3218878e+01
  -1.2460257e+01  -4.3338281e+01
  -1.6693401e-01  -5.9086521e+01
  -2.9985557e+01   1.4612693e+01
   2.0224942e+01   4.7122587e+01
  -3.9815912e+01  -7.7259007e+00
  -7.9263975e+01  -4.7511822e+01
   9.3699139e+01   1.8463851e+01
   3.4112011e+01   2.6422768e+01
   4.3807271e+01   2.8818194e+01
   4.3730125e+01  -9.7686848e+00
   2.9788411e+00   8.1541073e+01
  -5.1232700e+01   4.1861299e+01
   2.9902374e+01  -2.1965247e+01
  -3.4783341e+01  -7.9850558e+01
   2.2597254e+01  -4.2267298e+01
  -5.9338852e+01   3.3133088e+01
  -7.0223720e+01  -4.0054782e+00
   5.1621374e+00  -4.7795286e+01
   1.7680767e+01  -8.2160315e+01
  -3.2286024e+01  -2.3952391e+01
  -2.1322603e+01  -4.7922184e+01
   3.4083550e+01  -1.2386932e+01
  -4.6245794e+00   6.3395862e+01
   1.8162634e+01  -5.7961819e+00
  -3.8301014e+01   4.1552478e+01
   3.3259131e+01  -3.7299460e+01
   4.3748812e+01  -4.9801214e+01
   2.7838210e+01  -6.1548582e+01
  -6.7654781e+01  -1.4484005e+01
  -4.9199011e+01  -1.1160538e+01
   6.8161452e+00  -8.8715786e+01
   6.2139168e+01   1.4017184e+01
   5.0292001e+01   3.6423360e+01
  -4.9977754e+01  -2.2519863e+01
   1.3644501e+00   4.0936025e+01
  -3.5376394e+00   7.3955859e+01
  -2.1630589e+01   7.4553054e+01
   9.9068710e+00   1.2196048e+01
   8.5682318e+01  -1.6620517e+01
   3.7830262e+01   7.5739910e+01
   5.8671104e+01  -2.3043993e+01
  -2.3089381e+01   2.6713970e+01
   4.2942783e+01   4.3196820e+01
   5.1864624e+01   5.8082557e+01
   5.3508113e+01  -4.7629580e+01
   3.5428814e+01  -8.6760504e+01
  -2.0127649e+01  -8.0048344e+01
  -4.4902119e+01   1.2311225e+01
  -8.2236447e+01   2.2909756e+01
  -6.9066672e+01   3.5417278e+01
  -6.3866438e+01  -2.4182185e+01
  -1.8846333e+01  -9.4119863e+01
  -4.9411490e+01   3.2028769e+01
   3.6649046e+01  -5.6836183e+01
   5.4329959e+00  -7.1024831e+01
  -5.3347635e+01   6.9642596e+00
  -3.0101657e+01  -5.3234721e+01
   1.5103265e+01  -4.8872613e+01
  -2.1753903e+01  -3.7797822e+01
   3.3231483e+01   1.0087764e+01
   1.9895343e+01   1.2648313e+01
   4.5201725e+01   9.7994226e+00
   6.0028635e+01   3.4178249e+01
  -2.2362879e+01   6.4580002e+01
  -6.0288403e+01  -4.9767909e+01
   2.5622263e+01   7.6022185e+01
   6.1613020e+01  -7.5116998e-01
   8.0126941e+01  -8.2969409e+00
  -2.3986787e+01   5.4713036e+01
   7.0318314e+01  -2.8296550e+01
  -3.3602358e+01   5.1967502e+01
   6.8608852e+01   6.3935647e+00
  -4.1504397e+01  -2.7816505e+01
   1.5759874e+01   3.4005206e+01
   1.1475145e+01   5.2878339e+01
  -1.9194601e+01  -1.0013324e+01
   6.0186064e+00   3.1764212e+01
  -1.1297320e+01  -3.9084227e+00
   4.1070993e+01  -1.9536042e+01
   5.1334420e+01  -1.6254637e+01
   5.2674825e+01  -3.7665970e+01
   4.2921615e+01  -3.9839159e+01
   3.4831315e+01  -7.6780045e+01
  -4.2825064e+01  -8.5787967e+01
  -2.7362127e+01  -7.3158985e+01
  -2.7539457e+01   4.4014546e+01
   1.9989005e+01  -2.3573608e+01
  -6.0167310e+01   1.4270737e+01
  -6.1171696e+01   4.2961032e+01
   1.1745890e+01  -2.9277597e+01
  -6.9903200e+01   1.6548471e+01
  -7.8964671e+01   3.4019323e+01
  -9.2481796e+01  -2.3630109e+01
  -2.0520587e+01  -1.0253677e-01
  -6.2568638e+01   3.1073126e+00
   1.2849981e+00  -8.0123264e+01
  -7.7823943e+01  -1.0503244e+01
  -4.2911977e+01   2.2107895e+01
   4.5102329e+01  -6.2172577e+01
  -9.9188132e-01  -3.1472166e+01
   6.0872335e+00  -2.1036193e+01
   8.1084196e+01   1.6570818e+00
   1.5322004e+01  -7.2445931e+01
  -1.9758716e+01  -5.7775273e+01
  -1.7208104e+01  -1.9810199e+01
  -6.5199074e+01  -6.5748131e+01
   1.7266840e+01   2.2290606e+01
  -8.3612640e+00  -7.7317454e+01
  -1.2455981e+01   7.8531014e+01
  -1.2809403e+01  -3.3358354e+01
   3.2925204e+01  -2.4574491e+00
   1.4318305e+01  -1.5361757e+01
   8.3017207e+00  -7.4019409e+00
  -3.9868690e+01   6.8971093e+01
   2.7938306e+01   1.8570394e+01
  -1.3188489e+01   6.8558106e+01
   7.0165677e+01   4.9307726e+01
   6.3361183e+01   2.4685811e+01
  -7.5905205e+01  -3.8095625e+01
  -6.6943221e+01  -3.3682597e+01
   1.5311181e+01   3.7780909e+00
   3.9411161e+01   1.7947394e+01
  -2.0188611e+01   3.7056122e+01
   3.5107540e+01   6.6118009e+01
   2.0532075e+01   5.7115189e+01
   1.4986475e+01   6.5762810e+01
   5.1834106e+01  -3.6138161e+00
  -8.2513261e+00   4.9645635e+01
   9.1104837e+01  -8.2203545e+00
   8.2795616e+01  -2.8089658e+01
  -5.3997255e+01   5.1554360e+01
   5.9564460e+01  -1.0538653e+01
  -5.0546590e+01   6.0987650e+01
  -5.2715782e+01  -3.2136722e+01
  -4.0159998e+01  -1.7789250e+01
  -3.3543934e+01  -3.3859002e+01
   1.1169309e+01   4.2885242e+01
   2.4509086e+01   2.9175913e+01
   6.1000727e+01   5.4017797e+01
   3.4116714e+01   4.7893442e+01
  -9.0511559e-02   1.2360648e+01
   5.4596605e+01   6.3738926e+00
  -2.6843285e+00   2.2556589e+01
  -3.7548626e+01  -5.9903971e+01
   3.9377209e+01  -2.9390513e+01
   3.3689586e+01  -4.7286765e+01
   2.4870780e+01  -5.2001147e+01
   7.2387508e+01  -3.8079571e+01
   3.6287243e+01  -6.6888963e+01
   4.8765589e+01  -2.5920787e+01
   6.1335488e+01  -3.2680117e+01
   4.4825804e+01  -7.7042884e+01
   5.4001920e+01  -5.7616331e+01
  -5.0484173e+01  -7.9359236e+01
  -2.7547268e+01  -8.6752584e+01
   2.4518576e+01  -3.2466202e+01
  -6.7964995e+01   5.0296894e+01
  -3.0123133e+01  -4.3238745e+01
  -7.2770003e+01   2.6128783e+01
  -8.8419504e+01   3.0767836e+01
  -5.2960117e+01   2.2680444e+01
  -7.9390106e+01   1.3325740e+01
  -7.5154669e+01   4.3347722e+01
  -2.7833618e+01  -1.5019553e+01
  -8.3959615e+01  -1.8398882e+01
  -3.9258941e+01   4.0614145e+00
  -6.0933557e+00  -5.1038299e+01
  -6.0591676e+01  -6.6876524e+00
  -4.7701329e+01  -1.2813856e+00
  -5.7778239e+01  -1.6272356e+01
  -2.9290561e+01   4.6579554e+00
  -1.6113171e+00  -6.2844903e+00
  -7.1886372e+01   6.7214888e+00
   5.2491012e+01   1.6636705e+01
   7.7489866e+01   1.0988666e+01
  -3.1007214e+00  -8.9985490e+01
   6.7130493e+00  -3.7914959e+01
   9.6381685e+00  -5.7232012e+01
  -3.9516202e+00   3.2471874e+01
  -3.0121865e+01  -5.2959218e+00
  -8.0965347e+01  -1.0095152e+00
  -2.6714508e+00  -4.1349154e+01
  -1.0085850e+01  -6.0205431e+01
   8.8236740e+01   9.4657533e+00
  -9.1962385e+00   8.7984641e+01
   8.8148235e+01   2.7780320e+01
   2.5030628e+01  -7.4815998e+01
  -4.1639488e+00  -6.8249404e+01
  -5.6741472e+01  -7.1251885e+01
  -2.8128156e+01  -6.3204298e+01
  -8.3440454e+00  -2.4433713e+01
   2.4186009e+01  -1.3765769e+01
   1.7929013e+01  -6.2798679e+01
  -6.3036020e+01   2.3845944e+01
  -3.6842692e+01  -6.9958684e+01
  -4.7532126e+01  -5.9861885e+01
   2.5299852e+01   4.0042545e+00
   4.2573463e+01   1.5864881e-01
  -3.1630009e+01   7.4638004e+01
  -1.2446107e+01  -8.6440255e+01
  -2.6605324e+01   8.3283750e+01
   5.3460373e+01  -6.7659566e+01
   5.2147102e+01   4.7101913e+01
  -6.9427204e+01  -4.5712872e+01
   6.1666125e+01   4.4040867e+01
   3.5720815e+01   3.6286814e+01
  -5.9082232e+01  -3.9846381e+01
   5.3544089e+01   2.6575166e+01
   4.9256369e+00   6.0433298e+01
  -1.6016241e+01  -7.0196988e+01
   4.5816457e+01   6.9308926e+01
   1.6220337e+01   8.2299041e+01
  -7.3838541e+01  -2.4856803e+01
  -8.3198157e+01  -2.8370274e+01
  -1.0611379e+01   3.9928942e+01
  -3.2760234e+01   2.4200071e+01
  -1.7883151e+01   4.6792404e+01
  -1.3518511e+01   2.9585601e+01
  -1.3989494e+01   5.7835125e+01
  -4.0709104e+01   5.9007519e+01
   9.3134270e+01  -2.3287840e+01
   9.4055626e+01   1.3334170e+00
   7.6417279e+01  -2.0375964e+01
   6.6888222e+01  -1.7346915e+01
   7.0138812e+01  -7.8098567e+00
  -4.4185245e+01   4.9633046e+01
   1.6658169e+00   5.0929718e+01
   1.0028050e+01   7.4446934e+01
   5.9500558e+01   6.4538775e+01
  -2.9789543e+01   3.4264476e+01
   2.5038032e+01   6.6040212e+01
   2.6111164e+01   3.9043124e+01
   4.3143596e+01   5.3191743e+01
  -4.4449803e+00   3.3556625e+00
   5.4612342e+00   2.1760705e+00
   7.2835494e+00   2.1845153e+01
  -3.9433010e+01   3.1624474e+01
   7.2305916e+01   2.0217610e+01
  -2.6701556e+00  -1.6218257e+01
   8.3705640e+01   1.8821586e+01
  -4.6841952e+01  -6.9837921e+01
  -5.7507810e+01  -5.9366617e+01
  -8.5900072e+01  -3.7998144e+01
