   2.4655621e+01   6.0307433e+01
   5.9739532e+01   7.5712194e+01
   7.1019710e+01   4.9443807e+01
   2.2789224e+01  -8.3752735e+00
  -2.5873043e+01   5.4647889e+01
  -3.1384026e+01  -7.0302228e+01
   2.8701467e+01  -9.9617732e+01
  -3.9725909e+01   2.6065698e+01
  -4.2390376e+01   4.1888360e+01
   9.0092398e+00  -9.3030808e+01
  -8.4313367e+00  -6.8644327e+01
   4.5313233e+01  -9.9116609e+01
  -1.0985615e+01  -5.0467501e+01
  -2.5448603e+01  -3.2541836e+01
  -7.5997007e-01   3.4226976e+01
  -8.2629778e+00   7.4924698e+01
  -7.1328238e+01   1.0323482e+01
  -8.4667711e+01  -1.0453857e+01
   5.5611103e+01  -4.8347681e+01
   5.4211409e+01  -2.8542160e+01
   8.8284696e+01   2.0053137e+00
  -2.0828724e+01  -9.9156641e+01
   6.9098892e+01  -6.1698074e+01
  -6.9385618e+01  -7.1539899e+01
  -1.2022073e+01  -3.9250198e+01
   6.5066034e+01  -2.5623412e+01
  -2.4442739e+01   2.3723260e+00
   7.1624152e+01   1.0351139e+01
   2.3629482e+01  -5.3024127e+01
   1.7549485e+01  -3.5648866e+01
   6.7090558e+01  -4.5147042e+01
  -9.0329083e+01  -4.3048309e+01
   7.3901830e+01  -3.3852454e+01
   6.4364173e+01   8.4542650e+01
   3.9813528e+01   5.7238190e+01
   1.2180882e+01   4.5311903e+01
   1.4671766e+01   7.2694298e+01
   4.3167105e+01   1.6730216e+01
   3.2589132e+00   8.6604512e+00
   7.5821683e+01   8.4004221e+01
   1.5058801e+01   9.8245775e+00
   8.3578108e+01   6.1840547e+01
   2.4936569e+01   7.0231609e+01
   3.6354167e+01   9.3230759e+01
   5.9506721e+01   5.9097849e+01
  -6.2725823e+01  -2.5056552e+01
  -5.1694702e+01  -8.7323951e+01
  -1.1534703e+00   1.9596870e+01
  -7.9509729e+01  -4.5109453e-01
  -9.0920360e+01   8.0791076e+00
  -3.2113353e+01   7.8267572e+01
   5.7509736e+01  -1.3258579e+00
  -3.7937094e+01  -1.2549105e+01
  -6.8801157e+01   3.5036900e+01
  -5.2166363e+01   8.5601345e+01
  -3.8292019e+01  -9.0572348e+01
  -7.7533028e+01   9.5404165e+01
   2.1889182e+01  -7.1953709e+01
   2.3743524e-01  -8.8703591e+01
  -9.9408103e+01   5.6040681e+01
   3.4228417e+00  -5.0010799e+01
   9.0917792e+01  -1.6609399e+01
   5.3364253e+01   2.2268901e+01
   3.6210302e+01   3.8509273e+01
   3.8512760e+01   8.3515656e+01
   1.4826591e+00  -6.7498257e+01
   9.6472209e+01   1.9634687e+01
   4.8496059e+01  -7.9194350e+01
  -3.3567957e+00  -5.8100973e+01
  -7.3964913e+01  -8.1472477e+01
  -4.1275548e+01  -7.2057375e+01
   7.6348781e+01  -6.5971407e+00
  -2.8188244e+01  -1.4439757e+01
  -1.5029332e+01  -1.4066475e+01
  -9.8067310e-01   6.8052172e+01
  -2.2605042e+01   4.5615366e+01
   6.7847771e+01  -7.1274367e+01
  -4.6656724e+01   3.2984315e+01
  -6.3271348e+01   4.3030306e+01
  -2.2491447e+01   7.5561417e+01
  -5.1734562e+01   5.7706822e+01
   1.5337047e+01  -8.0539964e+01
   5.0198663e+01  -6.7680168e+01
  -6.7611498e+01  -1.6435793e+01
   3.3827904e+01  -5.3142571e+01
   9.6721594e+01  -4.8028817e+01
  -7.9238104e+01  -7.3010798e+01
  -9.7479944e+01  -8.0938093e+01
  -5.2622124e+01  -5.7823759e+01
  -4.6684751e+01  -9.5959255e+01
  -9.0061693e+01  -3.3064192e+01
   1.9018096e+01   3.8173534e+01
   8.8699835e+00  -3.1134757e+01
   1.2503394e+01  -8.3368083e+00
   1.7976805e+01   1.9269393e+01
   3.1368879e+01  -3.3331651e+00
   7.2890985e+00   9.0136414e+01
  -4.8034653e+00   2.8940232e+00
   9.9576904e+00  -2.1529316e+01
  -9.4849479e+01  -6.0668043e+01
   7.2658927e+01   2.0223522e+01
   5.3754392e+01   3.2237529e+01
   3.0991111e+01   5.2667484e+01
   7.5920680e+01   6.8267139e+01
   4.5371006e+01   7.6294390e+01
   4.6286716e+01   9.1228958e+01
   8.6671015e+01   4.4421020e+01
   9.5860384e+01  -4.5113800e+00
   1.9119257e+01   8.9313136e+01
  -2.8570441e+01  -8.8484511e+01
   4.1344704e+01  -3.2031718e+00
   8.3620748e+00   1.7157011e+01
  -4.3890102e+01  -2.0278948e+01
   9.1349579e+01  -7.0211543e+01
   9.0402743e+01   1.1726174e+01
   8.0779039e+01   1.4401157e+01
  -5.6239784e+01  -3.3816287e+01
  -6.6760929e+01  -1.0311714e+00
  -3.0863286e+01  -5.0831171e+01
  -2.0828685e+01  -4.0827567e+01
  -5.9495011e+01  -7.0250074e+01
   8.7993601e+01  -4.2656978e+01
  -6.1287768e+01  -8.9682139e+01
  -1.8413955e+01  -6.8936952e+01
   1.9697273e+01   5.1754394e+01
  -9.8965084e+01  -3.8056173e+01
   9.8704018e+01  -7.8337605e+01
  -7.2722301e+00  -3.0896271e+01
  -5.4237719e+01   2.6559969e+01
  -1.3348801e+01   4.8867351e+01
  -7.4850698e+01   7.7453260e+01
  -4.6784802e+01   1.9120440e+01
  -5.5895875e+01  -9.7434727e-01
  -4.0630509e+01   9.1114906e+01
  -4.1706924e+01   7.1877876e+01
  -7.2968253e+01   4.3918140e+01
  -9.3039214e+00  -8.6535972e+01
  -2.7296854e+01   9.7467326e+01
  -8.9416816e+01   9.1264992e+01
  -2.5859381e+01   3.6621519e+01
  -5.2215584e+01   9.4827501e+00
  -5.6214828e+01   3.6255016e+01
  -2.9425648e+01   1.0753793e+01
   7.8154617e+01  -6.5213727e+01
  -7.9009646e+01   3.6416587e+01
  -6.1518395e+01   8.8947325e+01
   3.8580304e+01  -4.0391962e+01
   4.5945976e+01  -2.2447364e+01
   3.1787903e+01  -7.0727356e+01
   3.8628163e+01  -1.5778784e+01
   7.1021041e+01  -1.4956480e+01
   9.0849244e+01  -2.6597533e+01
  -8.0402147e+01  -4.3588930e+01
  -5.9924811e+01  -4.3082754e+01
  -9.1147706e+01  -1.8768408e+01
  -8.3660825e+01  -2.5386990e+01
   6.5124061e+01   6.7289617e+01
  -7.1000089e+00  -8.1301672e+00
  -4.2964305e+00  -7.7747470e+01
   7.1598401e+00  -5.9331270e+01
   6.8854050e+01   9.3459264e+01
   9.9848526e+01   8.9952480e+01
   8.5754321e+01   8.2939024e+01
   5.3408134e+01   1.2293627e+01
   6.2262149e+01   2.7156618e+01
  -8.0107633e+01  -6.0869817e+01
  -9.7025154e+01  -7.1019422e+01
   6.8000348e+01  -6.7093663e-01
   6.2126826e+01   7.4187291e+00
  -3.1345296e+01  -5.2866182e+00
   4.3947000e+01   3.0918573e+01
   2.7704443e+01   3.3334703e+01
   1.0035964e+01   1.3345564e+00
   4.0803167e+01   4.7348837e+01
  -7.1037626e+01  -9.0956851e+01
   6.0672818e+01   3.9357829e+01
   3.3404364e+01   6.4842763e+01
   5.2974985e+01   6.8415725e+01
   5.1133970e+01   4.9308808e+01
   5.2803909e+01   8.2924176e+01
   8.0556275e+01   5.2321113e+01
   7.1283449e+01   5.9420063e+01
   3.3328013e+01   1.5044588e+01
  -1.3948770e+01  -9.1641584e-01
   9.0364287e+01   5.4185926e+01
   8.4381950e+01  -5.1779733e+01
  -3.5338612e+01  -3.2215453e+01
   8.4786259e+01   2.3632173e+01
  -6.7542718e+01  -3.3658000e+01
  -4.2749179e+01  -5.9827687e+01
  -4.3356301e+01  -8.1967435e+01
  -3.3670867e+01  -7.9962020e+01
  -3.0783932e+01  -9.8216691e+01
   2.8735491e+01  -1.6399359e+01
   1.9971264e+01   1.1381932e+00
   2.2134716e+01  -2.6882576e+01
   2.4997845e+01   9.7013159e+00
   6.2497618e+01  -9.9015259e+00
   5.1474442e+01   9.9778052e+01
   7.0762395e+01  -9.5635987e+01
   9.9547290e+00   5.4757786e+01
  -9.4492345e+01   3.4180754e+01
   9.0606238e+01  -9.6393969e+01
  -1.7317579e+00   8.2407984e+01
  -3.5521231e+01   3.4943509e+01
   1.2351055e+01   8.2124835e+01
  -8.2390019e+00   6.1685284e+01
   5.3744815e+00  -8.0154434e+01
  -8.1168270e+01   8.5199095e+01
   6.2689307e+01  -8.9960187e+01
  -1.6966166e+01   5.8001766e+01
   4.5244976e+01  -8.8437313e+01
  -2.2035397e+01   8.5553456e+01
  -1.2861408e+01   8.3327662e+01
  -4.0753098e-03   9.6252819e+01
   1.5168185e+01   6.2986820e+01
   3.3828779e+01   7.4755762e+01
  -8.1995694e+01   5.9002513e+01
  -3.3947853e+01   6.5982282e+01
  -4.2716036e+01   6.1551452e+01
  -3.5230228e+01   5.5563887e+01
   1.8194052e+01  -9.0044659e+01
   7.4687358e+01  -5.3607335e+01
  -2.6606681e+01   2.6996982e+01
  -3.3250450e+01   4.5813761e+01
  -3.9448174e+01   1.2370216e+01
   1.6749081e+01  -6.2412782e+01
  -5.6616563e+01   9.7530164e+01
  -4.3102833e+01   8.1560481e+01
  -5.4906135e+01   7.6086269e+01
   5.1334489e+01  -5.7799030e+01
   6.3098652e+01  -5.4255975e+01
  -8.9619940e+01  -1.7906317e+00
  -1.5329602e+01   3.8852674e+01
   9.5364549e+01  -3.6020294e+01
  -7.5271331e+00   2.7096243e+01
   8.0941458e+01  -1.6113473e+01
  -7.4912638e+01   2.7310471e+01
  -6.4193785e+01   2.6379100e+01
  -5.1680833e+01   4.5088918e+01
   7.4931280e+01  -2.4047294e+01
  -8.4681684e+01   1.8786600e+01
  -6.1204211e+01  -5.2950611e+01
   8.3566407e+01  -3.3818237e+01
  -5.9952725e+01   1.7424296e+01
   1.3812771e+01  -5.2022386e+01
  -8.8169107e+01  -7.7410407e+01
  -8.3011298e+01  -8.5940739e+01
   2.4823583e+00  -3.7823296e+01
   1.0730583e+01  -4.2785377e+01
   2.3794848e+01  -4.3239045e+01
  -9.9538043e+01   7.7305468e+01
  -6.5586071e+01  -6.2296565e+01
  -5.1955409e+01  -7.6959550e+01
  -4.9969528e+01  -6.7258204e+01
   1.3495766e+01   9.7834616e+01
  -7.0473542e+01  -4.3082111e+01
   2.6868927e+01   2.3427056e+01
   2.8770601e+01   8.6746629e+01
   2.3466103e+01   9.8248576e+01
  -7.8247317e+01  -3.3791043e+01
   7.9096903e-01  -2.5301019e+01
   5.7870472e+00   2.6742963e+01
   1.5562521e+01   2.8861473e+01
   9.3180760e+01   2.9064940e+01
   2.0307469e+00  -4.3876594e+00
  -1.4127026e+01  -2.3857756e+01
   3.2459099e+00  -1.4259070e+01
  -5.9732691e+00  -1.8046407e+01
   8.8432697e+01   9.2570423e+01
  -9.6981673e+01   4.5289275e+01
   9.5840865e+01   9.9285442e+01
   5.0262339e+01  -8.1440503e+00
   4.8765133e+01   3.4629109e+00
   7.8387171e+01   3.1026069e+00
   8.4725339e+01   7.2995630e+01
   6.3114797e+01   1.7281591e+01
   8.6329614e+01  -7.7432521e+00
   4.9574561e+01   5.9070781e+01
  -8.8257677e+01  -9.7931950e+01
  -8.5276198e+01  -5.2314828e+01
   6.9726265e+01   7.6112340e+01
  -7.8520318e+01  -9.7257160e+01
  -9.6537513e+01  -5.0843489e+01
   5.8490116e+01   9.2625877e+01
  -8.7577662e+01  -6.7476820e+01
   4.3153883e+01   6.6632794e+01
   9.2384454e+01   6.6568139e+01
   9.8208730e+01   5.3163894e+00
  -2.0897867e+01  -5.0439146e+01
   6.1078951e+01   4.9284975e+01
   3.6060717e+01   5.4660610e+00
   8.7120740e+01  -6.1240813e+01
  -1.4249742e+01  -7.7957182e+01
  -1.8729294e+01  -8.9409288e+01
  -1.1129149e+01  -9.6574885e+01
  -2.2828731e+01  -6.0060621e+01
  -3.0611013e+01  -4.0968965e+01
  -9.5752098e+01   6.5352314e+01
  -4.5056538e+01  -3.0078621e+01
  -5.2964082e+01  -2.4043312e+01
   9.4995791e+01   3.8891960e+01
   9.5544591e+01   8.0926754e+01
  -4.6105598e+01  -6.8907967e+00
  -7.3476202e+01  -8.4010904e+00
  -5.9836293e+01  -1.0160671e+01
  -8.1135418e+01   9.4467155e+00
  -9.5567335e+01  -9.8084122e+00
  -2.3944327e+01  -2.3077222e+01
  -2.1695204e+01  -7.0045828e+00
  -3.4148620e+01  -2.2348627e+01
  -3.2798414e+01  -6.0515065e+01
   3.6686716e+01   2.4344017e+01
  -6.4059902e+01  -7.9997705e+01
  -2.4137408e+01  -7.7131904e+01
   1.8888129e+01  -1.7475035e+01
   9.8719584e+01   4.8702175e+01
  -5.8062705e+01  -9.9135855e+01
  -9.7552371e+01  -2.6445383e+01
   2.8011728e+01  -7.9823914e+01
   3.7843138e+01  -8.1714128e+01
   4.1456154e+01  -7.2292555e+01
   9.3372605e+01  -8.6792914e+01
   6.1484724e+01  -9.9800809e+01
   8.8831582e+00   3.6149999e+01
   4.7617985e+01   4.0082605e+01
   4.9370841e+01  -4.0172007e+01
   2.7487069e+01   4.3377177e+01
   9.6607542e+01  -5.8382358e+01
  -8.5777513e+01   2.9337284e+01
   5.7237198e+01  -7.4696913e+01
   8.0648545e+01  -9.6453303e+01
   6.5090765e+01  -8.0597537e+01
  -5.8446533e+00   4.2611345e+01
   2.2686994e+00   4.8374779e+01
   2.1838347e+01   7.9645515e+01
  -1.5539119e+01   6.8385265e+01
   8.4877705e-01   5.8244555e+01
   5.3609820e+01  -9.3661651e+01
  -7.9560927e+01   6.8656363e+01
  -6.1865478e+01   7.6244124e+00
  -4.4968361e+01   2.9295872e+00
   4.4097074e+01  -3.2090362e+01
   5.4372897e+01  -1.7233027e+01
   3.6425628e+01  -2.5853186e+01
  -7.1452425e+01   8.7519394e+01
   3.6819233e+01  -9.3416363e+01
  -2.4432288e+01   6.4432411e+01
   5.1756940e+00   7.5511045e+01
  -8.2463740e+01   4.7004179e+01
  -1.4874344e+01   9.6169587e+01
  -3.1270747e+01   8.8264728e+01
   2.7272144e+01  -6.2066522e+01
   1.1938413e+01  -7.1170966e+01
  -4.4102489e+01   5.1533463e+01
  -6.7634267e+01   9.6775484e+01
  -6.5162096e+01   7.9858377e+01
  -7.2691395e+01  -2.5090054e+01
   4.1073910e+01  -6.0034260e+01
  -9.3885445e+01   9.9964041e+01
  -9.9983480e+01   9.1479632e+01
  -3.2649307e+01   1.9587496e+01
  -4.6773910e+01   9.8833015e+01
   4.5968921e+01  -4.9382734e+01
  -3.5336792e+01   3.3428632e+00
   5.9809849e+01  -6.5134263e+01
  -1.7086781e+01   2.9081589e+01
   2.7844174e+01  -8.9670223e+01
   5.8609944e+01  -3.9799206e+01
   7.6892170e+01  -4.3286295e+01
  -9.4380357e+01   2.1210234e+01
  -5.9073444e+01   5.1485043e+01
  -5.0379974e+01   6.7427095e+01
  -9.9699271e+01   1.2716143e+01
  -7.1135853e+01  -5.2992169e+01
   1.6686968e+00  -9.9627108e+01
   2.9346349e+01  -3.5009705e+01
  -7.4037959e+01   5.3315404e+01
  -9.3531542e+01  -8.9818615e+01
  -9.0833567e+01   8.1697804e+01
  -7.1154543e+00   9.0482866e+01
  -4.2623621e+00  -4.3572803e+01
   6.4737941e+01  -3.4429028e+01
