  -2.2373224e+01  -2.7048044e+01
   3.0537856e+01   5.5376326e+01
   6.5732124e+01  -3.9365291e+01
  -7.4980752e+00  -4.1260362e+01
  -1.7754804e+00  -5.7544507e+01
  -2.9792069e+01   1.1512752e+01
  -8.6096060e+00  -1.0271320e+01
   2.1764245e+01   3.9074065e+01
   4.0268533e+01   5.0491148e+00
   1.2818750e+01  -4.3580829e+01
  -3.7509703e+01  -7.7854863e+00
  -7.0256553e+01  -4.2675945e+01
   5.1882966e+01   4.3980637e+01
   5.7156180e+01  -1.2904409e+01
   2.2804486e+01  -4.4007743e+01
  -3.9328527e+01   1.4514647e+01
   8.0814945e+01   1.7467806e+01
   3.3751939e+01   2.8727925e+01
   4.2458447e+01   2.3809899e+01
   4.1558120e+01  -5.7866862e+00
   7.0857777e+01   4.3404056e-01
   9.4922519e+00   7.8586849e+01
  -5.3832525e+01   3.8426900e+01
   2.6503686e+01  -6.3309671e+01
   2.7232811e+01  -1.8194286e+01
  -3.2790219e+01  -7.7268142e+01
   2.1185238e+01  -3.4123856e+01
  -5.3487128e+01   2.8433347e+01
  -6.5783402e+01   2.7140386e+01
  -6.8126189e+01  -6.7973662e+00
   4.1339337e+00  -3.8630727e+01
  -2.6993076e+01  -1.8154866e+01
   2.1341895e+01  -7.6538956e+01
  -3.2353296e+01  -2.6580009e+01
  -3.0057207e+01  -4.6356073e+01
  -1.0240517e+00   4.4285941e+01
   2.4677592e+01  -7.4518457e+00
   2.1366839e+00   5.8317715e+01
   1.6869692e+01  -1.2123202e+00
  -3.8355044e+01   3.9545225e+01
  -1.4011108e+01   5.9133399e+01
   3.8385294e+01  -3.1912293e+01
   3.7027450e+01  -4.7637916e+01
   2.6564165e+01  -5.3268694e+01
   1.7472124e+01  -5.7395606e+01
  -1.1189271e+01  -5.4248011e+01
  -6.0146742e+01   1.0058467e+01
  -6.4554121e+01  -1.6137201e+01
  -5.5781097e+01   3.2888089e-01
  -4.6649589e+01  -3.7402435e+00
   1.6248267e+00  -8.7235994e+01
  -3.2168196e+00  -2.2226466e+01
   7.3252929e+00  -6.2584742e+01
   5.6730439e+01   1.4847117e+01
   8.4051479e+00   2.2778875e+01
  -3.9773307e+01  -6.9955458e+01
   5.5660105e+01   3.4721459e+01
  -5.1620309e+01  -2.2092842e+01
  -8.4544685e+00   3.7593664e+01
  -3.3265429e+00   7.4331850e+01
  -2.4752680e+01   7.4254671e+01
   6.9020105e+00   1.2899321e+01
   8.5155397e+01  -1.6861565e+01
   3.9861619e+01   7.0425925e+01
   5.4794082e+01  -2.3121226e+01
  -2.3512858e+01   2.6630452e+01
  -2.7522797e+01   4.4512792e+01
   1.7271368e+01   5.0901313e+01
   3.6527091e+01   3.8334934e+01
   5.0021383e+01   5.5646123e+01
   1.4826855e-02  -3.3082442e+00
   4.8314806e+01  -3.0737834e+01
   5.1458061e+01  -4.6763286e+01
   3.6821764e+01  -7.9248654e+01
  -2.1324393e+01  -7.3727427e+01
   2.9103242e+01  -2.8016499e+01
   8.9627575e+00  -1.9299793e+01
  -4.5570243e+01   2.2325628e+01
  -2.0842530e+01  -6.3756927e+01
  -7.5400956e+01   2.4403032e+01
  -1.7748444e+01  -1.4362216e+01
  -2.7521538e+01  -8.1748823e+00
  -6.9009778e+01   3.6604521e+01
  -7.1865592e+01  -2.2957235e+01
  -3.5521248e+01   2.0083710e+00
  -5.0899781e+01   1.3864987e+01
  -4.6151903e+01  -1.3723786e+01
  -1.6706805e+01  -4.4935892e+01
  -5.5835009e+01  -1.1245439e+01
  -1.0869513e+01  -6.4352513e+01
  -1.3544895e+01  -8.3445687e+01
   4.0326528e-02  -4.7740446e+01
  -3.8198693e+01   2.9082269e+01
   3.5598513e+01  -5.7535027e+01
   6.3715055e+01   7.4326485e+00
   8.7434580e+00  -7.2481374e+01
  -1.3838611e+00  -6.7504216e+01
  -4.4660485e+01   6.0561297e+00
  -3.0687084e+01  -5.6468190e+01
   8.6849550e+00  -5.2683233e+01
  -2.2720119e+01  -3.7018577e+01
   3.0082419e+01   8.3191798e+00
   2.0496921e+01   1.1165594e+01
   4.7032694e+01   1.2411108e+01
  -5.6400833e+00   6.4603384e+01
   5.7175085e+01   2.4837026e+01
  -2.3270430e+01   6.2910121e+01
   4.5669733e+01   3.4283898e+01
  -5.9988534e+01  -4.4414842e+01
  -6.1023538e+01  -2.5492835e+01
   4.4498809e+00   3.4262720e+01
   2.4478717e+01   7.2714490e+01
   6.1381700e+01  -3.1727872e+00
   4.8095405e+00   6.7978817e+01
   7.6107921e+01  -8.0767986e+00
  -2.1469753e+01   5.2472643e+01
   6.7006325e+01  -2.2512287e+01
  -2.0087380e+01   3.6998684e+01
  -3.7487121e+01   4.9507455e+01
   7.1600821e+01   1.3581975e+01
  -4.2537281e+01  -2.6802714e+01
  -3.1843854e+01   5.7762824e+01
   1.3938375e+01   3.1103505e+01
   7.3342326e+00   4.9775891e+01
  -6.2757434e+00   5.2795900e+01
   1.1880640e+01   6.0566046e+01
   4.1250823e+01   6.0449990e+01
  -1.8273101e+01  -4.3881597e+00
  -3.8541847e+00   2.8692379e+01
  -9.3590668e+00   1.0975728e-01
   3.1592204e+01  -3.9244954e+01
   4.2206241e+01  -2.2674535e+01
   4.7221314e+01  -1.4025985e+01
   5.8068150e+01  -3.2942102e+01
   4.3824747e+01  -4.0303327e+01
   3.4300220e+01  -6.9571784e+01
  -4.4819096e+01  -7.8586304e+01
  -3.0060174e+01  -6.7605568e+01
  -2.9755144e+01   3.4442518e+01
   1.7701333e+01  -2.4749903e+01
  -5.8815116e+01   1.9970995e+01
  -6.2189950e+01   4.3917747e+01
   5.8828271e+00  -2.8795409e+01
  -6.9736196e+01   1.5611327e+01
  -7.8688795e+01   3.4091938e+01
  -8.1627518e+01  -2.0790134e+01
  -2.5537042e+01   2.4697579e+00
  -6.7401325e+01   3.1760740e+00
  -5.7314451e-03  -7.7383324e+01
  -7.6562126e+01  -1.2167120e+01
  -3.1955113e+01   2.1272755e+01
   4.2866433e+01  -6.4397208e+01
  -3.5102749e+00  -3.2169685e+01
   1.0307063e+00  -1.3224992e+01
   7.8743583e+01   6.5833415e+00
   1.7341571e+01  -6.7380838e+01
  -2.1139846e+01  -5.3800983e+01
  -1.3148129e+01  -2.3228600e+01
  -4.8816077e+01  -6.4263264e+01
   1.8279090e+01   2.0916354e+01
  -9.5726863e+00  -7.4268456e+01
  -1.2358814e+01   7.8623428e+01
  -1.3485350e+01  -3.3217028e+01
   3.2595749e+01  -1.3576474e+00
   1.7850789e+01  -1.4746288e+01
   3.6506858e+01  -1.4458272e+01
   9.9164712e+00  -8.6630507e+00
  -3.3560001e+01   6.7614437e+01
   2.8277600e+01   2.0305022e+01
  -1.5418971e+01   6.9103176e+01
   6.1988866e+01   4.2463904e+01
   6.6871846e+01   2.2393138e+01
  -7.3430177e+01  -3.2833492e+01
   2.9482535e+01   4.5432261e+01
  -6.3697067e+01  -3.5128178e+01
   7.7883485e+00   2.9509843e+00
   3.7290289e+01   1.5249432e+01
  -1.3841723e+01   2.9169138e+01
   3.1244947e+01   6.5351231e+01
   2.1778093e+01   6.1994432e+01
   1.4820008e+01   7.0124288e+01
   5.1493693e+01  -4.6621128e+00
  -1.3819624e+01   4.6032512e+01
   8.6021454e+01  -6.7682382e+00
   7.8077165e+01  -2.3925462e+01
  -4.6548518e+01   4.5277979e+01
   6.7147063e+01  -1.2513460e+01
  -4.6464995e+01   5.5277519e+01
  -5.2562780e+01  -3.2046791e+01
  -3.7014009e+01  -1.7760467e+01
  -3.2655279e+01  -3.6537700e+01
   1.1931987e+01   4.0897535e+01
   2.3768020e+01   2.9275285e+01
   5.9377934e+01   5.2117004e+01
   3.9405311e+01   5.0540965e+01
  -1.7624780e+00   6.6248309e+00
   5.4011605e+01   5.0156007e+00
  -9.0848489e-01   1.9138007e+01
  -4.0229654e+01  -5.9214641e+01
