   4.0735280e+01   9.0188375e+00
   2.9456936e+01  -1.3473708e+01
  -2.3651914e+01  -2.2079625e+01
   7.7440130e-01   2.2382846e+01
   5.7361121e+00  -2.9600821e+01
   1.1964042e+00   1.2391765e+01
  -4.2806275e+00  -6.3180164e+00
   4.4059734e+00  -1.9689680e+01
  -1.3686865e+01  -2.1244318e+01
   2.4647409e+01  -2.4075252e+00
   4.6693940e+00  -1.8574094e+00
   2.3405874e+01   4.1959688e+01
   1.4405358e+01  -1.9578938e+01
  -3.6690302e+00  -2.6203289e+01
  -3.9093967e+01   9.2305190e+00
   1.5059072e+01   1.5255168e+01
  -1.1491922e+01   2.8584011e+01
   1.5735497e+01  -2.9490079e+01
   2.4786643e+01  -2.2466701e+01
  -4.9991731e+00  -1.6292155e+01
  -1.1800719e+01  -4.1139988e+01
   1.5826530e-01  -4.5994177e+01
   9.0880151e+00  -1.0841912e+01
  -2.2321771e+01  -3.1990765e+01
  -2.9100026e+01   8.8824559e+00
  -3.6426337e+01  -9.5848830e+00
  -1.2627797e+01  -8.1123218e-01
   2.8521920e+01   1.0571397e+01
   1.9516968e+01   6.2227409e+00
   9.5384077e+00   6.8771574e+00
   5.2264360e+00   3.8792583e+01
   3.3634802e+01   1.9773038e+00
  -2.1490185e+01   2.8770400e+01
   1.6333841e+01   3.4889587e+01
   2.4955526e+01  -3.3361904e+01
   1.9738011e+01  -1.1119459e+01
  -2.4219125e+00  -3.6125217e+01
  -4.1694356e+01  -6.6327215e-01
   7.6841322e+00  -3.9409246e+01
  -1.3412862e+01  -1.0780368e+01
  -3.1694982e+01  -7.7498664e-01
  -1.2356720e+01  -3.1155458e+01
  -2.6898478e+01  -1.2621307e+01
  -3.3596739e+01  -2.3128629e+01
   3.6267819e+01   1.7965446e+01
  -2.2167125e+01  -3.8114126e+00
   1.4647955e+01  -2.5118281e+00
   8.1723860e+00   2.9111127e+01
  -6.0452843e+00   4.1147204e+01
   4.3067399e+01  -1.3432520e+00
  -3.6851947e+00   3.6642334e+00
   2.6458915e+01   2.0356283e+01
  -1.5455884e+01   3.7764806e+01
   1.7569298e+01   2.4936098e+01
   2.5945567e+01   3.0402961e+01
  -2.0813235e+00   3.1966411e+01
