   3.7715417e+01  -3.1433235e+01
   7.0317283e+01  -7.8736228e+00
  -1.9842269e+01  -6.5869571e+01
  -2.6353043e+01   4.8618346e+01
  -7.3117404e+01  -7.0061649e+01
  -4.5707315e+01  -7.9833027e+01
  -4.7579225e+00  -2.4653644e+01
  -8.3483519e+01  -8.8338937e+01
  -5.8386362e+01  -7.2262414e+01
  -3.9307949e+00  -9.3171605e+00
   6.7328665e+01   9.4205419e+00
  -5.5300352e+01   1.2252598e+01
   6.8940330e+01   4.7948827e+01
  -6.0358863e+01   3.4900366e+01
  -5.6548922e+01  -2.3443779e+01
   2.1828745e+01   5.7165698e+01
   1.4585250e+01   7.4525675e+01
   9.3842688e+00  -1.0190366e+01
  -5.6306318e+01  -5.4356304e+01
   6.8388704e+01   9.9503487e+01
  -9.8038262e+01  -4.2585716e+01
   8.9107243e+00   3.2463324e+01
  -4.0131449e+01  -2.7098427e+00
  -5.2210824e+01   2.1796902e+01
  -4.6561345e+01   4.9145385e+01
  -5.0717193e+01   3.2001331e+01
  -8.1372144e+01   1.5450254e+01
   5.7240402e+01  -5.0571790e+01
  -4.3371754e+01  -1.1667676e+01
  -8.5767201e+01  -1.9754735e+01
  -1.8203125e+01   6.7088695e+01
   7.3042058e+01  -4.1412310e+01
   2.9868895e-01  -5.4870810e+01
  -8.6758777e+01  -3.3679542e+01
  -2.9836688e+01  -2.6848799e+01
  -2.9519942e+01  -6.8168707e+01
   5.3721140e+01  -3.8276573e+01
  -2.3935928e+01   9.5899071e+01
   2.9055141e+01  -8.4482791e+00
  -8.7748120e+01  -5.9151917e+01
   9.8598089e+01   1.6082462e+01
   5.2142490e+01   9.8686367e+01
   8.4088448e+00   6.7528136e+01
   8.8203573e+01  -5.0815676e+00
  -1.2481680e+01   5.8898125e+01
   1.5873948e+01   4.1372779e+01
  -3.1481510e+01   4.0140482e+01
  -2.8450405e+01   7.4112585e+00
  -3.8397985e+01   6.7543585e+00
  -7.9958892e+01   4.6712096e+01
   2.1343351e+01   3.3075691e+01
  -7.9340733e+01   5.6889232e+01
   9.6927035e+00  -5.9301312e+01
  -5.9946649e+01  -5.2827383e+00
  -2.9783838e+01   8.7845262e+01
   3.5177365e+01  -4.9297652e+01
   7.9457227e+01  -3.3778841e+01
   4.7686969e+01   8.8825838e+00
   4.8197513e+00  -2.7121416e+01
  -1.2503966e+00  -6.4713709e+01
  -2.8318116e+01  -8.7804822e+01
   4.6387860e+01   6.3743765e+01
  -9.4670768e+01  -5.1975439e+01
  -2.2069435e+01  -3.2430752e+01
   9.8598772e+01   4.0918550e+01
   8.5435019e+01   7.6005866e+01
   1.3249691e+01  -7.4745479e-01
   7.9680235e+01   5.3825000e+01
   1.9795172e+01  -1.2688406e+01
  -6.5224523e+01  -6.3918869e+01
  -6.2021905e+01  -3.1704429e+01
   7.7509292e+00  -4.8233845e+01
   7.7194785e+01   1.0881290e+01
   6.6378116e+01   7.0994408e+01
   4.4753858e+01   8.2994729e+01
   7.6278616e+01   8.2705771e+01
   9.6021424e+01  -2.9240241e+01
   3.7048011e+01   9.9419442e+01
   1.8463635e+01   9.3232575e+01
   9.6566012e+00   1.8564568e+01
  -7.8826177e+00   2.7259292e+01
   5.7246693e-01   5.1235738e+01
  -9.2963823e-01   3.4423055e+01
  -2.2086326e+01  -1.0615048e+01
  -4.8222180e+01   5.0043780e+00
  -4.4290423e+01   7.5905451e+01
  -3.6698067e+01   4.8463631e+01
   3.2273962e+01   2.5717154e+01
  -5.6533466e+01   5.2640650e+01
  -7.0236039e+01   8.7325311e+01
  -6.9776807e+01   3.8227436e+01
   5.7553997e+01   7.3002893e+00
   2.7615387e+01  -5.6923961e+01
  -7.1973461e+01   1.8637898e+01
  -7.6847629e+01  -1.5211472e+01
   6.8681186e+01  -7.0172428e+01
   6.5488733e+00   5.8506264e+01
   3.9905459e+01  -8.4692878e+01
  -5.3524177e+01  -3.3112261e+01
  -6.7034361e+01   1.7072113e+00
  -9.0737505e+01  -1.1045467e+01
  -9.9549663e+01  -6.3062358e+00
  -3.4671236e+01   7.3415730e+01
   5.6015152e+01  -5.6623356e+00
  -1.0778971e+01  -6.1747724e+01
  -1.1165479e+01  -1.7034719e+01
  -8.5747111e+01   2.8718675e+01
  -1.8226039e+01  -8.2684429e+01
   6.4811234e+01  -1.6130508e+01
   4.3802238e+01  -2.0783612e+01
   5.8959877e+01  -2.4758783e+01
  -3.6588806e+01  -5.7416735e+01
  -8.2597043e+01  -4.7833385e+01
  -9.4274436e+01  -8.2035139e+01
  -2.0400849e+01  -4.2039067e+01
  -3.8200326e+01  -8.6393371e+01
  -3.0567380e+01  -4.9802849e+01
   5.0360074e+01  -7.3988050e+01
   4.4815498e+01   1.9092791e+01
   3.3394955e+01   5.0545727e+01
  -1.2867246e+01   9.9658974e+01
   4.2479677e+01   5.4534964e+01
  -5.0428017e+00   7.3030932e+01
  -6.6452966e+01  -8.7338376e+01
  -4.0536817e+00   9.4584797e+01
   7.2325202e+01   6.4877755e+01
   2.5819434e+00  -9.3488165e+01
   4.3874975e+00   5.1130563e+00
   2.3195809e+01  -3.6712041e-01
  -7.2891921e+01  -4.7176544e+01
  -4.7695212e+01  -8.9481864e+01
   2.2698567e+01  -3.5724262e+01
   7.9867908e+01  -1.0077012e+01
   8.8610050e+01   5.0568869e+01
   8.4403351e+01   4.0363757e+00
   7.0292857e+01   1.8954175e+01
   8.6940140e+01   1.3653932e+01
   5.6841642e+01   3.4923847e+01
  -4.8531653e+01  -7.0444119e+01
   8.7556316e+01   6.0011586e+01
   5.3268778e+01   7.5269250e+01
   3.7456222e+01   8.9534392e+01
   6.2643273e+01   7.9435647e+01
   2.3792492e+01   7.1757851e+01
   9.0080357e+01  -1.7310451e+01
   9.9884575e+01  -1.5341983e+01
   5.9987264e+01   9.2577717e+01
   2.8236306e+01   9.4005347e+01
   1.5922313e+01   2.5211628e+01
   1.8089526e+00   2.4856676e+01
  -1.1826002e+01   3.6557905e+01
   1.1325031e+01   5.0090944e+01
   5.6636136e+00   4.1910413e+01
  -2.0513923e+01   3.1769029e-01
  -4.2414651e+01   2.3679480e+01
  -2.7831844e+01   2.1551744e+01
  -2.7739688e+01  -1.7959495e+01
  -6.1635045e+01   2.5010275e+01
  -4.1095220e+01   6.5024477e+01
   3.5073190e+01   3.5248122e+01
   3.4035080e+01   1.5931322e+01
  -2.8106341e+01   6.5941598e+01
  -5.6053254e+01   7.7038632e+01
  -3.7343100e+01   3.2143686e+01
  -5.3643516e+01   4.2230256e+01
  -7.1079463e+01   5.1293674e+01
  -5.3641016e+01   9.3515340e+01
  -3.7323012e+01  -2.0063341e+01
  -7.1005883e+01   2.8454527e+01
   5.3971176e+01   5.8803147e+01
  -7.9475095e+01   3.6438630e+01
  -9.3831477e+01   5.3274020e+01
   1.8080862e+01  -5.3849032e+01
   2.0146042e+01  -6.3632822e+01
   7.1500817e+01  -6.0591445e+01
  -4.7208590e+01  -1.9988919e+01
  -2.4688058e+01   7.5308195e+01
  -2.2412289e+01   5.7755935e+01
  -6.2767047e+01  -1.4875097e+01
  -7.6845039e+01  -1.9098910e+00
   3.2961548e+01  -6.8015849e+01
  -4.3680706e+01   9.2902031e+01
  -1.3808152e+01  -7.3770043e+01
   7.9176729e+01  -1.9876019e+01
  -2.1900095e+00  -3.4288738e+01
  -3.8603242e+00  -7.4335409e+01
   1.5794615e+00  -1.7264445e+01
   1.4004016e+01  -3.0878910e+01
  -5.0001004e+01  -4.4079961e+00
  -8.4972986e+01   3.5225941e+00
  -1.9163413e+01  -2.2922165e+01
  -1.7308196e+00  -4.5097799e+01
  -9.5285761e+01  -2.2806709e+01
  -2.6658477e+01  -7.7610356e+01
  -2.5392770e+01  -9.7416865e+01
  -9.4093951e+01  -7.0923547e+01
  -7.5542092e+01  -8.1148324e+01
  -3.3872264e+01  -1.0558049e+01
  -8.5034348e+01  -7.8406702e+01
  -8.4247425e+01  -6.8482519e+01
  -1.2544271e+01  -3.0444481e+01
  -3.6281377e+01  -9.6201788e+01
  -4.6140994e+01  -5.9876273e+01
  -3.9284218e+01  -6.6956680e+01
  -3.9141552e+01  -2.9142293e+01
  -3.6445901e+01  -7.6448591e+01
  -2.9421815e+01  -4.0787236e+01
  -7.4522862e+01  -9.3069152e+01
  -9.1778652e+01  -9.8293702e+01
  -9.8592214e+01  -9.1015886e+01
  -2.6737406e+01  -5.8748944e+01
  -6.9624162e+00  -9.0579582e+01
   9.8223687e+01   5.1614421e+01
   5.6760096e+00   9.9444985e+01
  -7.0957985e+01  -3.2831930e+01
   9.5327799e+01   8.2742045e+01
  -3.7551693e+00   7.1293234e-01
   2.0472620e+01   9.3538235e+00
  -1.6737084e+00   1.5649384e+01
  -5.3540059e+01  -1.3226101e+01
  -7.6591160e+01  -2.5020253e+01
   1.1082654e+01  -1.9484633e+01
   2.9783768e+01  -1.8411541e+01
   8.8653636e+01   4.0999564e+01
   7.4862666e+01   1.0639782e+00
   9.0994623e+01   3.1457818e+01
  -5.5486869e+01  -8.1608119e+01
   6.2537547e+01   2.6653076e+01
   8.0092196e+01   2.0903112e+01
   6.1386710e+01   5.3689575e+01
   9.6288680e+01   6.4143534e+01
   9.9920652e+01   2.5994618e+01
   9.4306014e+01   6.8595469e+00
  -9.6691228e+01  -3.2695713e+01
   4.3861861e+01   7.3297322e+01
   6.9389279e+01   8.9576060e+01
   7.1366412e+00   8.0776392e+01
   3.7388571e+01  -5.9049742e+01
   4.4975471e+01  -6.5567150e+01
   6.5227675e+01  -3.2857263e+01
   5.4400960e+01   8.4696621e+01
  -2.1388466e+01   3.9348291e+01
  -4.9731512e+00   4.3468532e+01
  -1.9713949e+00   6.3660227e+01
  -1.7749683e+01   2.8687657e+01
  -4.5610352e+01   1.4362949e+01
  -2.9075056e+01  -2.5050764e+00
  -3.5910569e+01   1.6151669e+01
  -2.7286713e+01   3.1307604e+01
  -7.4922896e+01   7.8370460e+00
  -6.5174109e+01   1.1466579e+01
   2.7300749e+01   4.0574847e+01
   2.3596947e+01   1.8849184e+01
  -4.8798124e+01   5.8747133e+01
  -4.4045414e+01   3.9510001e+01
   4.2228344e+01   2.8655840e+01
   6.0319201e+01   1.6903946e+01
   5.2616888e+01   2.5398520e+01
   6.0077027e+01   4.4067552e+01
  -3.4032066e+01   5.7982853e+01
  -6.0317346e+01   8.6080333e+01
  -6.3088120e+01   4.5345364e+01
  -5.0506076e+01   6.8418604e+01
  -4.9354442e+01   8.4490895e+01
  -8.8191347e+01   6.1521164e+01
   4.9581560e+01   4.7557410e+01
   2.2789624e+01  -7.3275961e+01
  -7.9858211e+01   6.7041180e+01
  -9.7448717e+01   4.3961396e+01
   5.8811202e+01  -6.8660430e+01
  -9.9370495e+01   2.9649216e+01
   6.9607807e+01  -5.0786492e+01
  -9.3035039e+01   2.1915041e+01
  -3.8964001e+01   8.4150865e+01
  -1.5197241e+01   7.8429158e+01
   4.7121688e+01  -1.0979958e+00
   4.6005027e+01  -1.1030093e+01
   9.6841181e-01  -8.3068011e+01
  -1.6431049e+01   4.9718180e+01
   7.7069729e+00  -6.9130995e+01
   4.0392297e+01  -7.4705012e+01
   3.1212730e+01  -7.8662882e+01
   4.7618754e+01  -3.0026108e+01
   8.6416475e+01  -2.6633028e+01
   1.6617412e+01  -4.3653931e+01
   4.9294485e+01  -5.6572592e+01
  -6.9683067e+01  -8.3264191e+00
  -3.4484962e+01   9.6811937e+01
   4.0984023e+01  -4.1156454e+01
   6.4272954e+01  -5.5016998e-02
   5.4866359e+01  -1.5622532e+01
   7.0368956e+01  -2.4383061e+01
  -9.4820882e+01   2.4739573e+00
   2.0181662e+01  -2.2976302e+01
  -9.7559170e+01  -6.1545023e+01
  -9.2388540e+00  -5.1878779e+01
   3.6034297e+01  -1.2909689e+00
   3.0140557e+01   6.7743037e+00
  -7.8323230e+01  -3.8901492e+01
  -1.0373453e+01  -4.0134885e+01
   6.3127177e+01  -4.2564374e+01
  -9.0775681e+01   1.2180437e+01
  -6.6468379e+01  -7.7472118e+01
  -8.9216117e+01   3.8350388e+01
  -6.3687299e+01  -4.8802894e+01
  -4.8749188e+01  -9.9359565e+01
  -1.9874543e+01  -5.1719251e+01
  -5.5269808e+01  -6.3441586e+01
  -6.5480562e+01  -9.7350251e+01
  -7.8037306e+01  -5.6787600e+01
  -5.7426281e+01  -9.1451126e+01
  -1.5168747e+01   8.9927425e+01
  -1.6741627e+01  -9.2484477e+01
  -8.1921306e+01  -9.9686430e+01
   2.8879499e+01   6.3278597e+01
   2.3555280e+01   4.8707357e+01
   3.7511876e+01   6.6176850e+01
   1.6643921e+01   8.3767803e+01
   2.9148835e+01   8.4086157e+01
   3.2769965e+01   7.4843498e+01
  -4.6863885e+01  -2.8609060e+01
  -6.6789075e+01  -2.3550361e+01
   9.0694461e+00   9.0287867e+01
   9.3401553e+01   7.3170752e+01
  -5.9119231e+01  -4.0760162e+01
   7.0560905e+01   5.6540713e+01
   8.0983427e+01   6.5730987e+01
   5.7959498e+01   6.7203800e+01
  -2.4122987e+00   8.2514930e+01
   1.7434896e+01   6.4856695e+01
   9.7926503e+01  -3.8392324e+00
   3.7909353e+00  -3.5540451e+00
  -1.3511198e+01  -7.4533521e+00
  -1.1498854e+01   6.4564677e-01
  -3.4437245e+01  -3.4958463e+01
   4.1166041e+00   1.2648483e+01
   7.8608525e+01   7.3863238e+01
