   3.7898172e+01  -3.2215572e+01
   7.4723153e+01  -4.1779307e+00
  -8.2948186e+01  -6.9549681e+01
  -6.1024904e+01  -7.6218654e+01
  -4.1111394e+00  -1.1818034e+01
  -5.8091225e+01   1.3535500e+01
   7.4892409e+01   5.7995660e+01
  -5.9210008e+01   3.2433474e+01
   1.8676145e+01   5.8510904e+01
  -5.8644441e+01  -5.1237302e+01
  -5.0469691e+01   6.3333474e+00
   5.9923480e+01  -5.4194970e+01
   7.5167294e+01  -4.2976388e+01
  -9.7317669e+01  -2.8324705e+01
   5.5163642e+01  -3.5348181e+01
  -2.2970971e+01   9.7972684e+01
   2.7534144e+00   6.6628418e+01
  -1.1145520e+01   6.3889259e+01
  -3.2115951e+01   4.1165797e+00
  -3.9582804e+01   1.3397342e+01
  -8.8184435e+01   4.8180467e+01
   2.2794070e+01   3.4947493e+01
  -7.9894528e+01   6.3233617e+01
   1.0786358e+01  -5.1933591e+01
  -2.8600394e+01   8.8010458e+01
   2.9545566e+01  -4.9322641e+01
   7.7117775e+01  -3.3211106e+01
   4.7593951e+01   9.2777520e+00
   2.3584766e+00  -6.4987860e+01
  -3.0056947e+01  -9.9355014e+01
   4.5621106e+01   6.2436361e+01
  -1.7517500e+01  -2.8944883e+01
   8.8842234e+01   8.1213467e+01
   8.4080686e+01   6.1875380e+01
  -6.5795634e+01  -2.4828229e+01
   7.4803898e+01   7.4483509e+00
   6.9444464e+01   7.6495352e+01
   9.9163831e+01  -3.4883353e+01
   1.7529977e+01   9.9333542e+01
  -4.3045881e+00   3.4889182e+01
   3.0119570e+01   2.8270760e+01
  -5.8718128e+01   5.1489510e+01
  -7.9605282e+01   8.5152238e+01
   5.6850088e+01   5.6653628e+00
  -6.9361657e+01   2.1960236e+01
  -7.9327830e+01  -1.4553435e+01
   6.8240187e+01  -7.0726765e+01
   3.8772089e+01  -8.7035589e+01
  -6.7593723e+01  -3.4643088e+01
  -6.9050564e+01   2.1771906e+00
  -9.5885193e+01  -9.1653821e+00
  -3.2576233e+01   7.8001864e+01
   5.5647860e+01  -4.2342017e+00
  -8.7697663e+01   2.6162629e+01
   6.4984533e+01  -2.0262062e+01
   3.8721343e+01  -2.0445750e+01
   5.6532046e+01  -2.5464222e+01
  -4.0100535e+01  -5.9177279e+01
  -8.3471258e+01  -5.5106868e+01
  -9.4406837e+01  -8.3366712e+01
  -1.9545085e+01  -4.3209453e+01
  -3.9849059e+01  -9.7327987e+01
  -2.7374406e+01  -6.2112624e+01
   5.5200457e+01  -7.3504419e+01
   4.4547662e+01   1.8726326e+01
   2.7981890e+01   5.3737907e+01
   3.7515900e+01   5.6642951e+01
  -4.5479029e+00   7.3076397e+01
  -6.3427983e+01  -8.8144930e+01
  -8.5178167e+00   9.6494169e+01
   7.4681323e+01   6.7984023e+01
   2.5440428e+00  -9.3628041e+01
   1.7181468e+01   1.1231591e+01
   1.9922859e+01   1.7709113e+00
  -7.7093948e+01  -4.7408257e+01
  -4.6780220e+01  -9.0119894e+01
   2.7211090e+01  -3.7806518e+01
   8.2475119e+01  -1.3700083e+01
   9.3863597e+01   5.9865677e+01
   6.5027611e+01   1.1331602e+01
   4.3414029e+01   3.8187547e+01
  -4.4447321e+01  -6.8252495e+01
   6.6370619e+01   8.5986643e+01
   2.4850785e+01   7.3192498e+01
   2.1227358e+01   2.4035358e+01
   4.4923737e+00   2.9696060e+01
   1.4333405e+01   4.0224704e+01
  -3.1664687e+01  -5.5733410e+00
  -4.6070602e+01   2.5780415e+01
  -2.9256876e+01   2.3064539e+01
  -4.0130988e+01   7.1358722e+01
   3.3820447e+01   3.7277990e+01
   3.7715955e+01   1.0165012e+01
  -2.8987855e+01   6.8720507e+01
  -4.8662941e+01   7.8130980e+01
  -3.8694564e+01   3.2426365e+01
  -6.9889582e+01   5.0835569e+01
  -5.2803997e+01   9.7217072e+01
  -3.1823599e+01  -1.5422365e+01
   5.4982139e+01   5.9032187e+01
  -8.5920995e+01   3.8451445e+01
  -9.8028446e+01   4.9899371e+01
   1.9853656e+01  -4.7068357e+01
   2.1764451e+01  -6.7142998e+01
   7.2441117e+01  -6.1632600e+01
  -2.2756704e+01   7.9867423e+01
   3.1582735e+01  -6.8888758e+01
  -9.5053602e+00  -8.0128174e+01
   3.6200632e+00  -3.5615419e+01
  -1.4646477e+00  -7.4204341e+01
   1.7829412e+01  -3.4463987e+01
  -9.5102653e+00  -2.3011793e+01
   2.0860328e+00  -4.5639518e+01
  -9.3767159e+01  -7.1354264e+01
  -7.8512799e+01  -8.6629598e+01
  -2.2944132e+01  -1.0138292e+01
  -3.9965670e+01  -2.3199623e+01
  -4.0394292e+01  -7.7480744e+01
  -8.2640447e+01  -9.8675279e+01
  -6.7826971e+00  -8.9747711e+01
  -7.7555407e+01  -3.3972152e+01
   9.9588219e+01   8.4332057e+01
  -1.2948892e+00   6.6677730e+00
  -4.2447529e-01   1.6339141e+01
  -5.8342966e+01  -1.0110830e+01
   9.7778461e+00  -2.5947111e+01
   2.6930850e+01  -1.7896553e+01
   9.3378054e+01   3.6907823e+01
   6.0857817e+01   3.0336190e+01
   4.2314239e+01   8.2061404e+01
   8.3356444e+01   9.6181690e+01
   5.7792585e+01   9.1084626e+01
  -8.3335235e+00   4.4565511e+01
  -1.4784007e+01   3.7587729e+01
  -3.2355713e+01   4.4571994e+01
  -7.7841090e+01   1.0579679e+01
  -6.7964264e+01   1.2088155e+01
   2.6939432e+01   4.3926381e+01
   2.5935974e+01   1.5367683e+01
  -4.2164555e+01   6.1586442e+01
  -4.1949116e+01   4.1852858e+01
   4.1543649e+01   2.8273548e+01
   5.5083369e+01   1.5861948e+01
   5.1944457e+01   2.5349631e+01
   6.1048434e+01   4.0346118e+01
  -3.2547857e+01   5.9441613e+01
  -5.8671640e+01   8.8604484e+01
  -5.6451313e+01   4.1955580e+01
  -4.9632038e+01   6.8207950e+01
  -4.8710456e+01   8.8097004e+01
  -8.9654730e+01   5.8251339e+01
   3.8599596e+01   4.6809268e+01
   2.1207964e+01  -8.8108744e+01
  -7.5900134e+01   7.5417888e+01
   6.0799783e+01  -6.4117145e+01
   7.0414143e+01  -5.1840185e+01
  -3.9041338e+01   8.5585282e+01
  -1.1547619e+01   8.2253016e+01
   4.6419246e+01  -5.8092770e-01
   4.4397026e+01  -1.0329545e+01
   1.1344434e+01  -8.6472524e+01
  -2.4907231e+01   5.3382755e+01
   8.7161484e+00  -7.3673768e+01
   4.1538691e+01  -6.8144129e+01
   2.7533168e+01  -8.0364495e+01
   4.7322388e+01  -2.9201944e+01
   9.8730067e+01  -2.4914447e+01
   1.1317151e+01  -4.1958841e+01
   4.9548629e+01  -5.4624392e+01
  -6.7232835e+01  -1.4937386e+01
  -3.2745705e+01   9.9363120e+01
   3.6242905e+01  -4.2001140e+01
   6.6664266e+01   1.6678844e+00
   4.8628460e+01  -1.9344729e+01
   7.4374044e+01  -2.3681978e+01
  -9.7584175e+01   8.1504610e-01
   1.9656919e+01  -2.4719722e+01
  -2.1748741e-01  -5.5346455e+01
   3.6533937e+01  -1.6575904e+00
   2.9216726e+01   5.0923847e+00
  -8.4718152e+01  -4.0942910e+01
  -7.8787365e+00  -4.5716321e+01
   6.5203381e+01  -4.3270762e+01
  -9.1243713e+01   8.5461724e+00
  -7.0318470e+01  -8.0898273e+01
  -9.5767435e+01   3.6733293e+01
  -6.8934080e+01  -5.5323903e+01
  -1.7492580e+01  -6.3553154e+01
  -5.5098813e+01  -6.7825670e+01
  -7.6303616e+01  -6.2078936e+01
  -5.3777412e+01  -9.7264022e+01
  -1.6427034e+01   9.0696343e+01
  -1.9773116e+01  -9.7969116e+01
   2.7051041e+01   6.3589690e+01
   1.8849758e+01   4.8907031e+01
   3.6439164e+01   6.6499367e+01
   1.6541668e+01   8.9363662e+01
   2.6896142e+01   8.2958418e+01
   3.4287331e+01   7.6226943e+01
  -5.7140887e+01  -3.0010723e+01
  -7.5724997e+01  -2.3863485e+01
   7.4305986e+00   9.1422233e+01
  -6.7292421e+01  -4.5465371e+01
   6.4945744e+01   5.8413330e+01
   8.5667855e+01   7.1736630e+01
   5.4211036e+01   7.1050253e+01
  -1.5439637e+00   8.1702255e+01
   1.6319806e+01   6.8041372e+01
   5.4460033e+00  -1.4502536e+01
  -1.3781802e+01  -1.4051443e+01
  -1.5011751e+01  -4.2437331e+00
  -2.5980644e+01  -3.4192500e+01
   7.6788996e+00   1.2066321e+01
   7.9047984e+01   7.9225412e+01
   8.9086149e+01   4.5925471e+01
   2.9115201e+01  -2.7645360e+01
   1.9378178e+01  -5.7042177e+01
   1.0150774e+01   2.8794938e+00
  -6.4437414e+01  -6.4253054e+01
   9.0070272e+01   2.7489509e+01
   1.2279130e+01  -6.4060407e+01
   8.4478754e+01   9.9489197e+00
   8.1935435e+01   2.1711783e+01
   6.3805958e+01   2.1037259e+01
   9.0351842e+01  -7.6602246e+00
   6.9643894e+01   4.9053414e+01
   9.1208027e+01  -1.8397639e+01
   6.3771444e+01   6.8302032e+01
   5.7180607e+01   8.0592542e+01
   9.7352210e+01   9.8644176e+00
   6.5505338e+01   9.7567387e+01
  -5.1556197e+01   5.8414744e+01
   1.6142394e+00   9.9757992e+01
  -3.0111325e+01  -4.3246728e+01
   3.8859536e+01  -5.2959173e+01
  -2.0627134e+01  -7.3369218e+01
   5.4907991e+01  -8.4884876e+01
   8.0888504e+01  -5.1148945e+01
  -3.4488311e+01  -6.9130070e+01
   3.2711248e+01   9.9592065e+01
   1.4019569e+01   3.0556727e+01
   1.1730198e+01   2.1003566e+01
  -7.6678205e+01   4.3003195e+01
   4.4462562e+00   3.9601809e+01
  -1.2171020e+01   2.8561424e+01
   8.7519194e+00   5.8648941e+01
  -9.8300699e+00   5.4263619e+01
  -5.9474067e+01   3.4711941e+00
  -5.5653274e+01   2.3168764e+01
  -2.9207369e+01   3.5227072e+01
  -2.1751241e+01  -1.9965059e+01
  -4.0449747e+01  -1.0092537e+01
  -1.0660803e+01  -3.6151661e+01
  -4.9120454e+01   4.8755155e+01
  -3.9331427e+01   5.1660907e+01
  -4.9314092e+01   3.5149908e+01
  -6.9152024e+01   3.1924978e+01
  -7.9248455e+01   2.0478341e+01
  -7.9078752e+01   3.1183526e+01
   1.8301492e+01  -7.6522160e+01
  -6.9993993e+01   8.7913236e+01
   6.3269374e+01  -7.9401925e+01
  -5.8698910e+01   7.8609848e+01
  -6.4354876e+01   9.6820354e+01
  -9.4379226e+01   6.7709748e+01
   2.9114937e+01  -5.9253541e+01
  -8.5209974e+01   7.1699650e+01
   8.2290567e+01  -6.3361279e+01
  -2.1108109e+01   6.2594984e+01
  -4.7675833e+01  -1.6870976e+01
  -5.7086510e+01  -2.0021740e+01
  -4.1750191e+01   9.5203223e+01
   1.7499664e+00  -8.3663721e+01
  -6.6407553e+01   4.1501608e+01
   8.5334654e+01  -2.6816094e+01
   1.5285185e+01  -1.5886202e+01
   3.7412826e+01  -9.6929402e+01
  -8.0142333e+01   8.5208477e-01
   4.5519883e+01  -4.5502323e+01
  -9.7253943e+01  -6.1981839e+01
   8.4635177e+01  -3.9754170e+01
  -2.6259105e+01  -9.0106970e+01
  -3.7241627e+01  -8.7089455e+01
  -2.9826531e+01  -8.0380033e+01
  -7.3064116e+01  -6.8404995e+00
  -8.6085380e+01  -7.1865146e+00
  -8.5284170e+01  -7.9271839e+01
  -4.9436839e+01  -5.5700187e+00
  -7.9576691e+01   5.3245791e+01
  -7.6213154e+00  -6.5059184e+01
  -7.3281779e+01  -9.5151860e+01
  -9.9367173e+01  -1.8538300e+01
  -1.6467443e-01  -2.6385848e+01
  -9.3753059e+01   1.8221380e+01
  -5.1691493e+01  -5.8424516e+01
  -5.0369829e+01  -7.6636097e+01
  -9.8571747e+00  -9.9262201e+01
  -6.3738870e+01  -9.8140001e+01
  -7.1807709e+01  -7.1010534e+01
   3.7587561e+01   9.0852715e+01
  -9.1098566e+01  -4.8640287e+01
  -4.7145172e+01  -3.0156027e+01
  -9.2768448e+01  -9.5686094e+01
   4.7850930e+01   9.0288208e+01
  -1.9961525e+01  -5.3200358e+01
   9.5464104e+01   6.9734873e+01
   9.1764415e+01   9.0772183e+01
  -1.0214114e+01  -5.5413218e+01
  -5.5682562e+00  -2.0438734e+00
   3.9353523e+00  -4.7040635e+00
  -3.0172421e+01  -2.5168206e+01
  -3.6646895e+01  -3.2619342e+01
   3.4746288e+01   1.9630787e+01
  -8.6923782e+01  -3.0496250e+01
  -8.7328634e+01  -2.0511426e+01
  -5.9059059e+01  -3.9814503e+01
   2.6475111e+01  -5.6005716e+00
  -2.2938209e+01   1.3427633e+00
   1.3901306e+01  -6.1537687e+00
   3.4503871e+01  -1.1420359e+01
   7.9671450e+01   4.9243789e+01
   7.2636708e+01  -1.3929309e+01
   8.3797185e+01  -2.3897567e-02
   9.6805913e+01  -8.8358651e-02
   9.0988577e+01   1.7539300e+01
   7.3030758e+01   1.7275811e+01
   4.9672953e+01   4.8009164e+01
   5.2555160e+01   3.5297926e+01
   9.9828538e+01  -1.3358571e+01
   4.4380150e+01   7.2348539e+01
   7.4185488e+01   9.2209056e+01
  -9.4218455e+01  -3.7830728e+01
   5.9436968e+01   5.0125089e+01
   1.7384691e+01   7.9611768e+01
   9.7862282e+01   5.0705294e+01
  -1.9001436e+01  -8.3235316e+01
  -3.1668582e+01  -5.3098484e+01
   5.0833867e+01  -6.4518919e+01
   4.6844987e+01  -7.8984107e+01
   3.7023590e+01  -7.7217192e+01
   5.5452328e+01  -4.5302786e+01
   2.5525984e+01   9.2853477e+01
   5.2008641e+01   9.9343653e+01
   9.3931209e+01  -4.3392283e+01
   6.6715882e+01  -3.0109901e+01
   5.7072576e+01  -1.4145698e+01
   6.4818241e+01  -7.9914041e+00
  -2.9807844e+01   1.3406411e+01
  -1.7810470e+01   4.6858764e+01
   8.8240752e+00   7.4561355e+01
  -1.4560235e+01   7.2980425e+01
  -2.1658367e+01   2.9077144e+01
   9.3345940e+00   4.8720360e+01
  -9.2639959e-03   4.8723746e+01
  -3.7139133e+00   2.4966291e+01
  -4.1497204e+01   3.7578434e+00
  -1.6807528e+00   9.0527151e+01
