   4.0276484e+01   1.1594181e+01
   3.0055422e+01  -1.4145624e+01
  -2.7574287e+01  -2.1795206e+01
   3.2737136e-02   2.2809101e+01
   5.7523886e+00  -3.1485818e+01
   9.8092550e+00   9.7510784e+00
   4.5560981e+00  -2.1558403e+01
  -1.5194015e+01  -2.1728078e+01
   2.6829757e+01  -3.1888225e+00
   7.0694408e+00   1.3378233e-01
   2.9179438e+01   4.2268478e+01
  -3.7621673e+01   9.8276681e+00
   9.5525961e+00   1.9747743e+01
  -1.1026548e+01   2.8464151e+01
   3.2821098e+01  -2.5652967e+01
  -4.6938348e+00  -1.7762762e+01
  -1.9901671e+01  -4.4130980e+01
  -2.2099507e+00  -5.0584639e+01
  -2.7599037e+01  -3.7747427e+01
  -2.8116214e+01   6.7225237e+00
  -3.9486207e+01  -1.0908876e+01
  -1.5573606e+01  -9.8773499e-01
   4.1606355e+00   4.0547097e+01
   3.3842361e+01   3.9394468e+00
  -2.1026350e+01   2.8526962e+01
   1.3856985e+01   3.8101527e+01
   2.4672430e+01  -3.2090766e+01
   2.0568222e+01  -1.0984874e+01
  -2.6687010e+00  -3.7290012e+01
  -4.4551568e+01   2.0492686e+00
   6.4186514e+00  -4.1463114e+01
  -1.9495693e+01  -1.2697513e+01
  -3.5328465e+01  -1.8143275e+00
  -1.2808823e+01  -3.4626948e+01
  -2.9545297e+01  -1.1991974e+01
  -3.5162504e+01  -2.8307988e+01
   4.6205804e+01   2.0080612e+01
  -2.5388055e+01  -2.8978408e+00
   1.6903355e+01  -1.6807862e+00
   7.7739309e+00   3.0114215e+01
  -6.0908219e+00   4.1707500e+01
   4.6203790e+01  -4.8468732e+00
  -3.7708902e+00   3.5669060e+00
   2.6552403e+01   2.3265925e+01
  -1.5506935e+01   3.7833596e+01
   1.7046207e+01   2.6369303e+01
   3.2648009e+01   3.1300717e+01
  -1.9286538e+00   3.2614852e+01
   2.5270201e+01  -4.2220821e+01
   2.3600449e+01  -2.1783166e+01
   3.9276205e+01  -1.8015484e+01
   1.5320917e+01  -2.8548341e+01
   1.4113806e+01  -1.8621674e+01
  -5.5756312e+00  -2.7722508e+01
  -9.9019713e+00  -4.4194840e+01
  -4.8709546e+01  -7.0452984e+00
  -4.6886374e+01   1.3591058e+01
  -2.9772301e+01   1.6603674e+01
   7.7589262e+00  -5.1372561e+01
   1.5977660e+01  -3.8526618e+01
  -2.1555433e+01  -2.9780438e+01
   5.0053740e+01   9.4960075e+00
  -1.0076812e+01  -9.3382691e+00
   3.6227415e+01   2.0737595e+01
  -4.1625576e+01  -2.0677253e+01
   2.2386540e+01   6.6818365e+00
   1.9436875e+01   1.6236892e+01
   3.6317287e+01  -6.3489682e+00
  -1.1669854e+01   5.0006557e+01
  -5.2816346e-01  -6.3681223e+00
   5.4597849e+01   5.8814051e-01
   1.0185136e+01   4.8528660e+01
  -3.0995660e+01   2.9309823e+01
   4.7689339e-02   1.2809115e+01
   2.3114054e+01   3.4317946e+01
   1.0248411e+01  -9.3560599e+00
   1.9882548e+01   4.6087308e+01
