   3.9006721e+01  -3.2605908e+01
   6.8265377e+01  -7.8820721e+00
  -1.9796511e+01  -6.6054285e+01
  -2.6187963e+01   4.8988009e+01
  -7.4364358e+01  -7.0253347e+01
  -3.5878701e+00  -2.5503395e+01
  -8.3532702e+01  -8.8317403e+01
  -5.7628598e+01  -7.4215141e+01
  -5.7883064e+00  -1.0903619e+01
  -5.5444194e+01   1.2717691e+01
   7.4857097e+01   4.9613210e+01
  -6.0605517e+01   3.4674138e+01
  -5.6603193e+01  -2.3417771e+01
   1.9662401e+01   5.7100201e+01
   1.4499330e+01   7.5570139e+01
   1.1426362e+01  -1.2176380e+01
  -5.6212793e+01  -5.4847348e+01
   1.0758430e+01   3.3237858e+01
  -4.1403975e+01  -1.7875805e+00
  -5.2513879e+01   2.2245169e+01
  -4.6904016e+01   4.9103134e+01
  -5.0713215e+01   3.2061104e+01
  -8.1756024e+01   1.5482671e+01
   5.7156903e+01  -5.0901548e+01
  -4.4131437e+01  -1.1130012e+01
  -8.6224083e+01  -1.9054396e+01
  -1.7947893e+01   6.7132989e+01
   7.3056876e+01  -4.1480707e+01
  -7.7677832e-01  -5.4879970e+01
  -8.7096552e+01  -3.2342557e+01
  -2.8654766e+01  -2.7109767e+01
  -2.9341055e+01  -6.9054646e+01
   5.3738593e+01  -3.8304422e+01
  -2.3764115e+01   9.6145298e+01
   2.9755275e+01  -6.9617333e+00
  -8.7727160e+01  -5.9127859e+01
   5.1620694e+01   9.9045767e+01
   6.4650457e+00   6.9306717e+01
  -1.2187118e+01   5.8921469e+01
   1.5693622e+01   4.1468116e+01
  -3.1529413e+01   4.0645418e+01
  -2.9191834e+01   9.5840834e+00
  -3.8868700e+01   7.6654169e+00
  -8.0017392e+01   4.6681657e+01
   2.2617044e+01   3.4282085e+01
  -7.9418389e+01   5.6956399e+01
   9.0559313e+00  -5.3392420e+01
  -6.0532261e+01  -5.4050152e+00
  -2.9312714e+01   8.7838944e+01
   3.4872911e+01  -4.9471009e+01
   7.9407186e+01  -3.3781601e+01
   4.7018338e+01   8.5762106e+00
   5.7419422e+00  -2.8324185e+01
  -1.9115739e+00  -6.4703831e+01
  -2.8114854e+01  -8.8226734e+01
   4.5822617e+01   6.4562826e+01
  -9.4764257e+01  -5.2164628e+01
  -2.1362798e+01  -3.3789992e+01
   8.6346696e+01   7.7821363e+01
   1.4172467e+01  -2.8211176e+00
   8.1008438e+01   5.7060954e+01
   2.1260915e+01  -1.2119656e+01
  -6.4192295e+01  -3.0739669e+01
   7.2761528e+01   8.5822655e+00
   6.7038999e+01   7.4622924e+01
   4.3756667e+01   8.3659518e+01
   7.8006024e+01   8.5603947e+01
   9.6295741e+01  -2.9779511e+01
   1.7981509e+01   9.4941088e+01
   9.6733620e+00   1.9963758e+01
  -7.8795536e+00   2.7250264e+01
   8.4773174e-01   5.1670043e+01
  -1.9842372e+00   3.5871717e+01
  -2.4850997e+01  -8.0084447e+00
  -4.8555723e+01   5.5560061e+00
  -4.4107426e+01   7.6224485e+01
  -3.6977565e+01   4.8878825e+01
   3.2477742e+01   2.6329738e+01
  -5.6272397e+01   5.2805426e+01
  -7.0245770e+01   8.7326537e+01
  -6.9904020e+01   3.8316734e+01
   5.6771201e+01   7.1049430e+00
   2.7654856e+01  -5.6913317e+01
  -7.2248724e+01   1.8540666e+01
  -7.7107115e+01  -1.5016057e+01
   6.8670571e+01  -7.0177680e+01
   7.1797295e+00   5.9365638e+01
   4.0059338e+01  -8.4796784e+01
  -5.5588510e+01  -3.4587473e+01
  -6.7421486e+01   1.6900179e+00
  -9.0863003e+01  -1.0315884e+01
  -9.9985128e+01  -6.3131585e+00
  -3.4473536e+01   7.3673084e+01
   5.6248950e+01  -5.8499648e+00
  -1.1191311e+01  -6.0989315e+01
  -1.0972917e+01  -1.9185983e+01
  -8.5774512e+01   2.8598444e+01
  -1.7817983e+01  -8.3362230e+01
   6.4237113e+01  -1.6809055e+01
   4.3783459e+01  -2.0874970e+01
   5.8733212e+01  -2.5095227e+01
  -3.7081696e+01  -5.7899315e+01
  -8.4427808e+01  -4.9192132e+01
  -9.4599610e+01  -8.2018490e+01
  -1.7751152e+01  -4.3616718e+01
  -3.7957173e+01  -8.6682077e+01
  -3.1037304e+01  -5.0426462e+01
   5.0505501e+01  -7.4087635e+01
   4.4204986e+01   1.7953156e+01
   3.2495114e+01   5.0639490e+01
  -1.2867245e+01   9.9658976e+01
   4.1438827e+01   5.4545392e+01
  -5.1268531e+00   7.3017344e+01
  -6.6257458e+01  -8.7721330e+01
  -4.0536817e+00   9.4584797e+01
   7.4342523e+01   6.6401401e+01
   3.4393909e+00  -9.2231067e+01
   1.3429639e+01   7.0068432e+00
   2.3446666e+01   6.9701525e-01
  -7.4555315e+01  -4.7557208e+01
  -4.7279589e+01  -9.0105458e+01
   2.3966359e+01  -3.5716519e+01
   7.7813097e+01  -1.0437056e+01
   9.0693580e+01   5.5082339e+01
   6.5042055e+01   1.3684584e+01
   9.2993890e+01   1.9311661e+01
   5.0830454e+01   3.5668807e+01
  -4.8077537e+01  -7.1556249e+01
   3.6730036e+01   9.0462564e+01
   6.6695993e+01   8.4011446e+01
   2.3984126e+01   7.2483757e+01
   9.6333517e+01  -1.9807878e+01
   6.0479959e+01   9.4001217e+01
   2.7879308e+01   9.4753493e+01
   1.7419311e+01   2.5972486e+01
   3.1162308e+00   2.7498295e+01
  -1.1882717e+01   3.6551340e+01
   1.1526221e+01   5.0433441e+01
   5.6902066e+00   4.2233371e+01
  -2.2441672e+01   1.3042721e+00
  -4.2805925e+01   2.4407241e+01
  -2.7575484e+01   2.1998933e+01
  -2.7335354e+01  -1.7425223e+01
  -6.2120148e+01   2.4809223e+01
  -4.0918823e+01   6.5528195e+01
   3.6874913e+01   3.5359542e+01
   3.4379031e+01   1.6371426e+01
  -2.7889921e+01   6.6191251e+01
  -5.6046095e+01   7.7034433e+01
  -3.7119363e+01   3.2452930e+01
  -5.3771102e+01   4.1916368e+01
  -7.1169161e+01   5.1330770e+01
  -5.3783796e+01   9.3652857e+01
  -3.7242832e+01  -1.8087446e+01
  -7.1398099e+01   2.8468733e+01
   5.0906332e+01   5.6358641e+01
  -7.9691680e+01   3.6502681e+01
  -9.3833376e+01   5.3289876e+01
   2.1074249e+01  -4.8871518e+01
   2.3095623e+01  -6.6648563e+01
   7.1552976e+01  -6.0610248e+01
  -4.6919320e+01  -2.0544176e+01
  -2.4670112e+01   7.5630456e+01
  -2.2127685e+01   5.8059576e+01
  -6.3185534e+01  -1.4952987e+01
  -7.7465679e+01  -1.4739191e+00
   3.2975228e+01  -6.8061814e+01
  -4.3794773e+01   9.3226927e+01
  -1.4049885e+01  -7.4151520e+01
   7.7910631e+01  -2.0328903e+01
  -9.2667265e-01  -3.5108083e+01
  -4.1159497e+00  -7.4365110e+01
   2.1836528e+00  -1.7362308e+01
   1.5147395e+01  -3.1210821e+01
  -5.0914295e+01  -3.9144289e+00
  -8.5550291e+01   4.1618044e+00
  -1.9521122e+01  -2.3785626e+01
  -2.3991018e-01  -4.4993346e+01
  -9.5633655e+01  -2.1700802e+01
  -2.6453471e+01  -7.8454417e+01
  -2.5482749e+01  -9.7823901e+01
  -9.4084308e+01  -7.0949439e+01
  -7.5953662e+01  -8.1814447e+01
  -3.4507110e+01  -9.0369258e+00
  -8.5310883e+01  -7.8339898e+01
  -8.4161923e+01  -6.8422641e+01
  -1.2040026e+01  -3.0619866e+01
  -3.6226240e+01  -9.6501326e+01
  -4.6690920e+01  -5.9888920e+01
  -3.9128967e+01  -6.7440800e+01
  -3.8423104e+01  -2.7274207e+01
  -3.6311437e+01  -7.6907300e+01
  -2.7014672e+01  -4.1843882e+01
  -7.4725757e+01  -9.3044161e+01
  -9.1862269e+01  -9.8353707e+01
  -9.8755938e+01  -9.1110658e+01
  -2.7235512e+01  -5.9479859e+01
  -6.9576867e+00  -9.0531249e+01
   5.4812022e+00   9.9963937e+01
  -7.3478099e+01  -3.3521846e+01
   9.5373016e+01   8.3168077e+01
  -4.2978517e+00   3.6000627e+00
   2.2323994e+01   1.0562400e+01
  -1.1725278e+00   1.9075329e+01
  -5.3658920e+01  -1.3353567e+01
  -7.8664484e+01  -2.5156408e+01
   1.2503550e+01  -2.1641201e+01
   2.9982102e+01  -1.6881768e+01
   9.0290983e+01   3.8699430e+01
   7.5362024e+01  -8.5984736e-01
   9.7439368e+01   3.1621591e+01
  -5.4811093e+01  -8.3653465e+01
   5.9546837e+01   3.1274829e+01
   8.3060218e+01   1.9115945e+01
   6.0197602e+01   5.7406732e+01
   9.7926057e+01   6.3601911e+01
   9.7096748e+01   3.6983567e+00
  -9.6831602e+01  -3.3840249e+01
   4.3140084e+01   7.3953227e+01
   7.0644085e+01   9.2779703e+01
   6.2712840e+00   8.1047629e+01
   3.7441310e+01  -5.9123242e+01
   4.4979464e+01  -6.5692117e+01
   6.4415177e+01  -3.3390110e+01
   5.2264125e+01   8.8520413e+01
  -2.1299520e+01   3.9819820e+01
  -6.3284965e+00   4.4796896e+01
  -1.9463686e+00   6.3536600e+01
  -1.7839625e+01   2.8659854e+01
  -4.5726770e+01   1.4962448e+01
  -3.1953084e+01   2.2517634e-01
  -3.6050009e+01   1.7089991e+01
  -2.7210866e+01   3.1808807e+01
  -7.4949080e+01   8.1920029e+00
  -6.5297155e+01   1.1417514e+01
   2.9460032e+01   4.1286701e+01
   2.5082196e+01   1.9872424e+01
  -4.8395837e+01   5.8917860e+01
  -4.4088094e+01   3.9541055e+01
   4.2255135e+01   2.7510774e+01
   5.6077430e+01   1.6886379e+01
   5.1613738e+01   2.5344357e+01
   5.7589757e+01   4.2861674e+01
  -3.3992793e+01   5.8337798e+01
  -6.0324662e+01   8.6072899e+01
  -6.3060279e+01   4.5522455e+01
  -5.0482113e+01   6.8631286e+01
  -4.9464887e+01   8.4644365e+01
  -8.8268027e+01   6.1596491e+01
   4.8483559e+01   4.6833576e+01
   2.2095573e+01  -7.6574712e+01
  -7.9859956e+01   6.7044919e+01
  -9.7672668e+01   4.4058237e+01
   5.8814787e+01  -6.8534436e+01
  -9.9489070e+01   2.9797141e+01
   6.9529848e+01  -5.0829613e+01
  -9.3259046e+01   2.2007399e+01
  -3.8749568e+01   8.4610177e+01
  -1.5088791e+01   7.8463039e+01
   4.7424917e+01  -1.2906717e+00
   4.5622540e+01  -1.1065892e+01
   1.6975278e+00  -8.2417512e+01
  -1.6229795e+01   4.9729972e+01
   7.9680720e+00  -7.3553914e+01
   4.0524351e+01  -7.4615527e+01
   3.1707347e+01  -7.9299505e+01
   4.8530079e+01  -2.9778503e+01
   8.6662286e+01  -2.6915595e+01
   1.4764677e+01  -4.1151019e+01
   4.9041265e+01  -5.6603638e+01
  -7.0091172e+01  -7.9486522e+00
  -3.4461814e+01   9.6821496e+01
   4.1647281e+01  -4.2154526e+01
   6.4418816e+01   1.0767473e+00
   5.4398972e+01  -1.5739244e+01
   6.9497315e+01  -2.5119802e+01
  -9.5383932e+01   2.5546708e+00
   2.2057851e+01  -2.3230090e+01
  -9.7598671e+01  -6.1619129e+01
  -9.9450159e+00  -5.1025406e+01
   3.7538383e+01  -8.2567746e-01
   3.1387499e+01   6.8762142e+00
  -8.0864890e+01  -3.9957817e+01
  -8.9507611e+00  -4.0216362e+01
   6.3213030e+01  -4.3113178e+01
  -9.1252650e+01   1.2270199e+01
  -6.6877051e+01  -7.7746468e+01
  -8.9507101e+01   3.8303083e+01
  -6.5472309e+01  -5.1428806e+01
  -4.8830847e+01  -9.9942984e+01
  -1.9637040e+01  -5.3232292e+01
  -5.5298475e+01  -6.4662607e+01
  -6.6044828e+01  -9.7986363e+01
  -7.8001633e+01  -5.6911625e+01
  -5.7244125e+01  -9.3291537e+01
  -1.5168747e+01   8.9927424e+01
  -1.6596637e+01  -9.3243314e+01
  -8.1986242e+01  -9.9919065e+01
   2.7399325e+01   6.3126391e+01
   2.2775768e+01   4.8111639e+01
   3.6477403e+01   6.6522943e+01
   1.7317408e+01   8.5023369e+01
   2.8593653e+01   8.4556241e+01
   3.3366927e+01   7.5868730e+01
  -4.7291140e+01  -3.0262871e+01
  -6.9277185e+01  -2.2469417e+01
   9.0100582e+00   9.0622861e+01
   9.5068540e+01   7.3143356e+01
  -6.1036544e+01  -4.2628483e+01
   6.9990699e+01   5.7711203e+01
   8.4106092e+01   6.7160559e+01
   5.5168122e+01   6.6641294e+01
  -3.5006635e+00   8.2887266e+01
   1.5810073e+01   6.5922818e+01
   9.8840497e+01  -5.6943093e+00
   3.0799828e+00  -7.4459390e+00
  -1.5512199e+01  -1.0487526e+01
  -1.2935108e+01  -9.6364608e-01
  -3.3755383e+01  -3.5403854e+01
   4.6948802e+00   1.1473420e+01
   7.6753684e+01   7.5830059e+01
   8.4362926e+01   4.6742541e+01
   3.1172438e+01  -2.6728171e+01
   1.7727877e+01  -5.8271780e+01
   5.2823161e+00   1.8065422e+00
  -6.4856959e+01  -6.7343374e+01
   8.8236910e+01   2.7700577e+01
   8.0140734e+00  -6.3548099e+01
   8.1957434e+01   7.8019250e+00
   9.6174753e+01   4.6775047e+01
   7.3432938e+01   1.9108552e+01
   6.4929760e+01   2.3449966e+01
   8.7073956e+01  -6.7954452e+00
   6.5083433e+01   4.9055704e+01
   8.6968826e+01  -1.6719944e+01
   6.4653256e+01   6.5727224e+01
   5.7582308e+01   8.0095362e+01
   9.0727914e+01   1.0333069e+01
  -9.3585013e+01  -4.2636891e+01
