  -8.7963084e+01  -5.3292248e+01
   7.9814490e+00  -8.6245808e+01
  -6.6925811e+01  -2.8226231e+01
   9.2176744e+01   3.8349299e+00
  -5.9421208e+01   4.3207906e+01
   6.0247427e+01  -6.5511233e+01
  -9.7871808e+01  -5.2225995e+01
   2.7312545e+01   8.0039961e+01
  -4.5178285e+01   2.0990663e+01
   2.4536371e+01   4.9288842e+01
  -5.0963361e+01   3.7317651e+01
  -3.9494006e+01  -6.3054952e+00
   6.1392472e+01   6.7233040e+01
  -5.4778604e+00  -9.5771435e+01
   6.0013515e+01   3.4766872e+01
  -3.2423712e-01   5.7565938e+01
  -2.2914629e+01   5.5848821e+01
   1.7492159e+01  -3.3165118e+01
  -6.5349342e+01  -1.8362764e+01
   3.0906020e+01  -7.7575045e+00
  -2.5831774e+01  -7.6567457e+01
   8.4050021e+01   7.2103834e+01
   5.4297296e+01   5.7158707e+01
   1.4482259e+01  -6.4553216e+01
   8.0358372e+01   1.0169574e+01
   5.4086773e+01  -9.3891867e+01
   2.8339806e+01   1.8457587e+01
   8.2582216e+00   3.9648389e+01
  -1.4042053e+01   3.9069068e+01
   9.5781157e+00   5.8805488e+01
  -3.2558427e+01   5.8492455e+01
  -8.0455710e+01   3.4175087e+01
  -7.4399286e+01   2.4068457e+01
   6.4393079e+01  -7.9526040e+01
  -6.5088929e+01   8.0013459e+01
   9.4799637e+01  -7.7556488e+01
  -3.6109318e+01  -9.8436030e+01
  -9.0054832e+01  -4.6087137e+00
  -9.6521813e+01   2.2961846e+01
  -6.0489134e+01  -7.9739172e+01
  -5.2553210e+01  -8.8578649e+01
   8.2397441e+01   9.9192273e+01
  -2.1375871e+01  -2.0268591e+01
  -5.5159244e+01  -1.6541742e+01
  -1.9765425e+01  -2.2289436e-01
   9.3846212e+01   4.0973515e+01
  -3.4199896e+01  -5.5398356e+01
   3.3727256e+01  -7.9517873e+01
  -2.9801343e+01   1.6346013e+01
   1.4710136e+01   8.3692857e+01
  -1.1308562e+01   8.8108845e+01
  -2.4459751e+01   4.5608649e+01
  -4.2611155e+01   1.1436078e+01
  -3.2748455e+01   7.0078980e+01
   5.2349975e+01   1.2521708e+01
   9.6519492e+01  -6.7691202e+01
  -9.8580666e+01   9.4630283e+01
   2.2530523e+00  -7.8124151e+01
  -8.5056811e+01   7.9911225e+01
   2.9662677e+01  -6.9156389e+01
   9.3241927e+01  -3.2233247e+01
   7.7196373e+01  -5.3479415e+01
  -7.7724211e+01  -9.9348796e+01
  -8.4117492e+01  -9.1310364e+01
   2.5914580e+01   5.9177364e+01
  -7.6234319e+01  -4.2708203e+01
   3.8582049e+01   2.7769403e+01
  -1.2739761e+01  -8.6287052e+00
   9.2263970e+01   7.7805360e+01
   3.2631741e+00  -1.5532610e+01
   4.6893246e+00  -6.6182402e+01
  -7.6845827e+01  -7.2516432e+01
   2.5035888e+01   1.0320358e-01
   4.7150388e+01   7.7669312e+01
  -9.9667122e+01  -3.1471099e+01
   4.5151815e+00  -9.5593275e+01
   1.1922628e+01   9.3291560e+01
  -3.5351321e+01  -7.9276923e+01
   9.1635157e+01   5.3651271e+01
  -1.7084483e+01  -6.0336562e+01
   5.3799456e+01  -8.3897932e+01
  -3.0202722e+01  -4.5898770e+01
   1.5014668e+01   1.4829011e+01
  -3.2650577e+01  -3.6198820e+01
   8.9682111e+00   7.5509892e+01
   4.7498934e+00   8.4566183e+01
  -8.6880440e+01   5.2766843e+01
  -9.4902993e+01   4.5559202e+01
  -6.6016925e+00   3.0477971e+01
  -1.3276775e+01   7.4088554e+01
  -2.3696297e+01   3.5682195e+01
  -1.0283256e+01   5.7985788e+01
  -2.0588464e+00   9.1879850e+01
  -6.3402554e+01   7.4748713e+00
  -5.2743935e+00  -3.3315452e+01
  -5.6555331e+01   2.8587783e-01
  -4.9861257e+01   5.9989073e+01
   2.6956456e+01  -8.6845233e+01
  -7.3868674e+01  -1.3142833e+01
   3.8875535e+01  -5.2194894e+01
  -5.4717531e+01   9.6031829e+01
  -6.6296391e+01   9.8889362e+01
  -4.1659004e+01   5.4317858e+01
  -7.5069053e+01   7.9827590e+01
  -3.8991559e+01   8.4713319e+01
   5.6012273e+01  -4.0784095e+01
  -6.4317080e+01   2.4197777e+01
  -8.0075120e+01  -5.2256808e+00
   3.7228894e+01  -3.3295444e+01
  -8.5119948e+01   6.2599847e+01
   1.8120695e+00  -4.0175817e+01
   2.5061393e-01  -2.5053675e+01
   8.4879795e+01  -3.7484678e+01
  -8.3156266e+01   5.8730786e+00
   8.9673168e+01   3.1886030e+01
  -2.8529156e+00  -7.3168778e+00
  -8.0038085e+01  -6.3063741e+01
   9.9381561e+01   8.7778326e+01
   2.2460101e+01  -1.3062866e+01
   4.0995111e+01  -2.4229146e+01
  -9.6042396e+01  -4.2398836e+01
  -8.2938838e+01  -1.7311487e+01
   3.7907592e+01   1.5890194e+01
   5.2476389e+01   8.6131876e+01
   5.0066454e+01   3.7704056e+01
   8.3173834e+01  -1.1898462e+00
   6.3057435e+01  -3.0577334e+00
   6.5576267e+01   5.8150316e+01
  -1.6457995e+01  -9.8898555e+01
  -1.6528399e+01  -7.9955304e+01
   6.9365158e+01  -6.9459367e+01
  -5.1702721e+01  -5.8769995e+01
  -1.5123705e+01  -3.3665907e+01
  -4.7728698e+01  -2.3636883e+01
   9.8298166e+00   2.3350540e+01
   6.7751339e+01  -2.6289091e+01
  -2.7874553e+01   6.5666121e+00
   4.7718177e+01  -3.5233852e+01
  -7.5809381e+01   4.6135200e+01
  -3.0121724e+01   8.0106308e+01
   4.6794283e+00   4.8936675e+01
   3.8169889e+00   6.6956678e+01
   3.3628163e+00   3.0947067e+01
  -1.7860127e+01   6.4473670e+01
  -2.9438513e+01  -3.2292447e+00
  -3.3492780e+01   3.3963513e+01
  -3.5790884e+01   2.4287306e+01
  -6.9211983e+01   1.5536891e+01
  -2.7076199e+01   9.9964055e+01
   6.7215087e+01   6.0309310e+00
   4.3051753e+01   7.3530321e+00
   9.8815671e+01  -5.7957995e+01
   7.3151379e+01  -9.9421156e+01
   1.9095688e+01  -9.3372753e+01
   4.1899955e+01  -6.1685809e+01
  -9.6654938e+01  -7.1418687e+01
  -7.9161858e+01   1.5034432e+01
  -4.0987574e+01   4.0484026e+01
  -4.8880867e+01   8.6157907e+01
   4.7372122e+01  -1.4788938e+01
  -8.2282050e+01   8.9670154e+01
  -1.9272054e+01   8.2084692e+01
  -5.6586480e+01   5.2671349e+01
  -7.2342119e+01   9.0757841e+01
  -9.4859167e+01   3.3714177e+01
  -5.0021943e+01   6.9946052e+01
   3.6987179e+01   6.6885517e+01
  -4.2990618e+01  -8.5687835e+01
   2.8065591e+01  -5.0454169e+01
  -4.3367386e+01   3.0803204e+01
  -5.2750391e+01   2.7364395e+01
   2.0109144e+01  -2.2751046e+01
   1.1532526e+01  -4.1839432e+01
   2.2349922e+01   9.0140831e+01
   8.8883153e+01  -5.6804114e+01
   1.6002592e+01  -5.0772193e+01
   1.7556677e+01  -8.3498453e+01
   6.5055144e+01  -4.5019578e+01
   5.7955372e+01  -5.2573787e+01
  -6.8945934e+01  -4.9373745e+01
   3.8064489e+01  -8.8522928e+01
  -7.1587326e+01  -8.1013713e+01
  -6.2500910e+01  -8.9493414e+01
  -9.2466369e+01  -1.4308622e+01
  -8.1663952e+01  -8.1616029e+01
   7.4939160e+01  -4.3545660e+01
   8.4390745e+01  -4.7359691e+01
  -9.3595629e+01   7.4716424e+01
  -7.9542808e+01   7.0890453e+01
  -6.0700331e+01  -6.4699735e+01
   5.7116424e+01   7.6916442e+01
   2.2296024e+01  -5.8518283e+01
  -8.9079440e+01   1.6176652e+01
  -5.0589036e+01  -7.8794258e+01
  -6.7151660e+01  -3.8219932e+01
   3.5541906e+01   5.6490753e+01
   1.4586000e+01   5.0183284e+01
   1.7611481e+01   6.4730844e+01
   2.3545748e+01   9.8068826e+00
   3.3170042e+01   5.8588499e+00
   1.9822101e+01   2.3561279e+01
  -1.5964398e+00   7.2413678e+00
   7.4171002e+01   7.0527059e+01
   7.7745949e+01   7.9865525e+01
   6.2469905e+01   8.6444743e+01
   6.8997621e+00  -6.2757832e+00
  -6.5906568e+00  -1.6412624e+01
   9.8367910e+01   9.8821527e+01
   5.0779677e+01  -2.5762118e+01
  -1.0766269e+01  -4.2625690e+01
   7.5865199e+00  -3.2188983e+01
   1.0174593e+01  -2.2631289e+01
  -8.6745652e+01  -7.2449988e+01
   9.0433691e+01   6.3578409e+01
  -9.0035133e+01  -6.3044667e+01
   9.8902536e+01   1.7274876e+01
   1.4619849e+01   4.8260334e+00
   7.8130285e+01   5.3056905e+01
   6.2114923e+01   1.4600622e+01
   4.7327990e+01   9.9463168e+01
   2.7234193e+01   6.9082783e+01
   3.3452286e+01   8.7925349e+01
   7.3208566e+01  -1.9552624e+00
   5.6561789e+01   9.5414938e+01
   1.8918928e+01   7.4629631e+01
   5.9969470e+01   4.4743700e+01
  -2.4569155e+01  -6.6718119e+01
  -4.2734706e+01  -7.2716189e+01
   8.9206033e+01   1.4829926e+01
  -2.8642694e+00  -4.8732569e+01
  -3.1062742e+01  -2.2717459e+01
   5.4813600e+01   2.6275387e+01
  -2.2502914e+01  -3.9974587e+01
  -5.7296040e+01  -2.6103463e+01
  -5.1739629e+01  -6.8762393e+01
  -5.0009724e+00   7.9692787e+01
   9.3631097e+01  -4.6485559e+01
   5.0955732e+00   1.4571561e+01
  -8.5269083e+01   4.2912151e+01
  -6.1638274e+00   6.7083035e+01
  -2.0503197e+00   3.9362163e+01
   1.4689794e+01   3.2059227e+01
  -7.0532748e+01   3.3278302e+01
  -1.8656708e+00   2.1699255e+01
  -5.2944995e+00   4.8812193e+01
  -1.5246487e+01   4.9341955e+01
  -1.2286097e+01  -2.4326032e+01
  -2.2451858e+01  -1.0345133e+01
  -9.4149970e+01  -9.0666824e+01
   4.4327415e+01  -8.0686626e+01
   5.4915382e+01  -7.3964054e+01
   4.2151414e+00   9.9659843e+01
  -3.4167198e+01   4.7759201e+01
  -2.5899651e+01   2.5707852e+01
   9.8107739e+01  -8.6993462e+01
  -3.2012817e+01  -1.2839746e+01
  -5.8384733e+01   1.6155850e+01
   8.2050026e+01  -9.4859229e+01
  -4.9105302e+01  -8.7599900e+00
   6.7916508e+01  -8.8887588e+01
  -4.0852649e+01   6.4272459e+01
   2.8874636e+01  -9.6646422e+01
  -4.1393710e+01  -1.6051206e+01
  -6.1071626e+01  -8.5775916e+00
  -7.3180752e+01   5.4396323e+00
  -6.9900766e+01  -3.9805958e+00
  -8.4352214e+01   2.4982289e+01
   3.6335139e+01   9.7497684e+01
  -3.5007049e+01   9.3878285e+01
  -2.3191666e+01   7.2906372e+01
  -2.6079196e+01   8.9393607e+01
  -4.1427222e+01   7.5024611e+01
   4.8776486e+01  -4.8947568e+00
  -1.6430613e+01   2.8906169e+01
  -3.7064457e+01   3.2456595e+00
  -6.6641115e+01   5.0099006e+01
  -4.6658464e+01   8.7411060e-01
  -8.9396868e+01   9.9531508e+01
  -2.6242086e+01  -9.6751959e+01
  -7.7977415e+01   9.9018347e+01
  -4.8460586e+01   4.6999068e+01
  -1.8112594e+01   9.5435426e+01
   1.1184017e+01  -7.3918696e+01
  -5.5233022e+01   7.8449209e+01
   3.1138811e+01  -4.1039608e+01
   5.9083133e+01  -3.1270395e+01
  -1.5196613e+01  -7.0074791e+01
  -7.4043044e+00  -7.6246057e+01
  -2.3262698e+01  -8.7236447e+01
  -3.3077108e+01  -8.8947028e+01
  -6.2406037e+01   8.9643756e+01
  -6.0590699e+01   3.3406539e+01
  -4.5784026e+01  -9.5926558e+01
   2.7363317e+01  -3.1782663e+01
  -4.4724418e+01   9.6206369e+01
   2.1105902e+01  -7.4183870e+01
  -4.0284559e+00  -8.5881522e+01
   5.1741917e+01  -6.0359241e+01
   4.0945209e+01  -4.2500591e+01
   3.2180117e+01  -5.9541367e+01
   2.1381920e+01  -4.2372475e+01
   2.6478814e+01   9.9247191e+01
   4.9137218e+01  -4.8073783e+01
  -7.2377537e+01  -9.0932397e+01
  -1.3374216e+01  -8.9405659e+01
   8.5939907e+01  -2.5764490e+01
  -9.9971315e+01  -6.1995090e+01
  -9.7722675e+01   5.5150909e+01
  -5.7767464e+01  -9.8282250e+01
  -7.7159976e+01   5.6217348e+01
   3.0062892e+01  -2.2155810e+01
  -9.1979116e+01  -8.0924925e+01
   5.1477182e+01   6.8654654e+01
  -9.1964597e+01   8.7135095e+01
  -9.4873056e+01   6.4800075e+01
  -7.5690399e+01  -3.2811230e+01
  -5.9974677e+01  -4.5153773e+01
  -9.8685356e+01   1.3200646e+01
  -2.4472008e+01  -3.0176897e+01
  -8.8521852e+00   4.5300941e-01
  -8.3930624e+01  -2.7242788e+01
   8.1136618e+01   8.9272378e+01
   8.0470423e+01   6.2769476e+01
   9.0587696e+01   9.2539294e+01
   6.7089989e+01   7.7579194e+01
   6.8225155e+01   9.4621151e+01
   8.0024713e+00  -5.6748082e+01
   3.9169627e+01  -2.1387413e+00
   3.7410565e+01  -1.5090095e+01
   9.8543143e+01   2.7268402e+01
   9.9726700e+01   6.7266167e+01
  -7.8028978e+01  -5.3303621e+01
  -8.6135397e+01  -4.3478852e+01
   9.7646429e+01  -2.3453569e+01
   9.1521987e+01  -6.6909267e+00
  -9.9431831e+01  -2.1476024e+01
   7.2828074e+01   1.7589976e+01
   6.4574633e+01   2.4253137e+01
   2.8371856e+01   3.8364370e+01
   7.9401562e+01  -1.0544221e+01
   2.8602107e+01   2.8397238e+01
   4.3376663e+01   9.0276935e+01
   8.5202228e+01   4.5995330e+01
   4.0105181e+01   3.8560696e+01
   3.7201314e+01   7.8603639e+01
   3.4153305e+01   4.6589315e+01
   1.8778518e+01   4.1136720e+01
   4.5059459e+01   6.0985822e+01
   6.9098486e+01   4.8790829e+01
   5.0490462e+01   4.7900467e+01
   4.6600843e+01   2.0689576e+01
  -3.9108954e+01  -2.8598118e+01
  -5.2370342e+00  -6.6583599e+01
  -9.3099898e+01   4.9122143e+00
   8.1942839e+01   2.1703498e+01
   6.3279772e+01  -9.7825982e+01
   3.9402873e+01  -7.1322272e+01
  -3.4364193e+01  -6.7483666e+01
   8.6600763e+01  -6.6535238e+01
   7.7174395e+01  -6.3309378e+01
   4.1514023e+01  -9.7906428e+01
  -2.4369702e+01  -5.3768580e+01
  -5.6852359e+01  -3.5870036e+01
  -7.8740142e+00  -5.7078786e+01
  -6.6976905e+01  -7.2225849e+01
  -6.0809877e+01  -5.4930084e+01
  -4.2166959e+01  -6.1378188e+01
   5.5031583e+01   2.8981274e+00
   1.6620725e+01  -5.0100508e+00
   7.5202448e+01  -1.9619870e+01
   6.7463832e+01  -1.2029542e+01
   6.7553730e+01  -5.4773831e+01
   7.5721079e+01  -3.3570726e+01
   5.7320578e+01  -1.8260270e+01
   9.9679472e+01  -3.9347055e+01
