   4.0278893e+01   1.1596914e+01
   3.0056574e+01  -1.4145857e+01
  -2.7575426e+01  -2.1797042e+01
   3.2474351e-02   2.2809080e+01
   5.7533678e+00  -3.1490410e+01
   9.8095075e+00   9.7512280e+00
   4.5585091e+00  -2.1562096e+01
  -1.5194015e+01  -2.1728078e+01
   2.6830735e+01  -3.1858191e+00
   7.0690500e+00   1.3406451e-01
   2.9179517e+01   4.2268581e+01
  -3.7623365e+01   9.8280855e+00
   9.5524155e+00   1.9747920e+01
  -1.1026549e+01   2.8464152e+01
   3.2824104e+01  -2.5654614e+01
  -4.6933949e+00  -1.7767303e+01
  -1.9902749e+01  -4.4131398e+01
  -2.2084152e+00  -5.0586330e+01
  -2.7600523e+01  -3.7748277e+01
  -2.8117273e+01   6.7242208e+00
  -3.9488829e+01  -1.0909525e+01
  -1.5576918e+01  -9.8882752e-01
   4.1606452e+00   4.0547116e+01
   3.3845041e+01   3.9415145e+00
  -2.1026352e+01   2.8526962e+01
   1.3856989e+01   3.8101526e+01
   2.4672759e+01  -3.2090890e+01
   2.0569848e+01  -1.0983283e+01
  -2.6677290e+00  -3.7296396e+01
  -4.4556868e+01   2.0515509e+00
   6.4205363e+00  -4.1468102e+01
  -1.9495812e+01  -1.2697555e+01
  -3.5334022e+01  -1.8135128e+00
  -1.2810042e+01  -3.4631250e+01
  -2.9547769e+01  -1.1993512e+01
  -3.5163844e+01  -2.8309779e+01
   4.6205916e+01   2.0080605e+01
  -2.5392991e+01  -2.8975232e+00
   1.6903170e+01  -1.6797725e+00
   7.7735249e+00   3.0114379e+01
  -6.0908342e+00   4.1707545e+01
   4.6204126e+01  -4.8469619e+00
  -3.7708977e+00   3.5668878e+00
   2.6552058e+01   2.3265950e+01
  -1.5506935e+01   3.7833596e+01
   1.7045908e+01   2.6369666e+01
   3.2648031e+01   3.1300710e+01
  -1.9286713e+00   3.2614889e+01
   2.5271379e+01  -4.2221289e+01
   2.3603222e+01  -2.1784847e+01
   3.9277464e+01  -1.8015627e+01
   1.5320858e+01  -2.8549434e+01
   1.4116528e+01  -1.8622231e+01
  -5.5747904e+00  -2.7728310e+01
  -9.9029852e+00  -4.4199358e+01
  -4.8711688e+01  -7.0444628e+00
  -4.6888068e+01   1.3591747e+01
  -2.9772301e+01   1.6603674e+01
   7.7602012e+00  -5.1377942e+01
   1.5978484e+01  -3.8527779e+01
  -2.1555649e+01  -2.9782137e+01
   5.0055748e+01   9.4962164e+00
  -1.0076350e+01  -9.3399158e+00
   3.6227648e+01   2.0739520e+01
  -4.1626228e+01  -2.0678426e+01
   2.2387195e+01   6.6823678e+00
   1.9436777e+01   1.6237210e+01
   3.6317480e+01  -6.3483583e+00
  -1.1669880e+01   5.0006596e+01
  -5.2798022e-01  -6.3686301e+00
   5.4598498e+01   5.8760423e-01
   1.0185146e+01   4.8528681e+01
  -3.0995661e+01   2.9309823e+01
   4.7696923e-02   1.2809092e+01
   2.3114111e+01   3.4318056e+01
   1.0248411e+01  -9.3560599e+00
   1.9882553e+01   4.6087306e+01
