   2.1570000e+03
   2.5450000e+03
   2.0570000e+03
   2.4850000e+03
   2.2810000e+03
   2.2570000e+03
   2.3530000e+03
   2.5430000e+03
   2.3710000e+03
   2.2230000e+03
   2.4730000e+03
   2.4490000e+03
   2.1510000e+03
   2.3290000e+03
   2.5210000e+03
   2.5950000e+03
   2.4830000e+03
   2.2530000e+03
   2.1370000e+03
   2.0670000e+03
   2.0690000e+03
   2.3430000e+03
   2.0770000e+03
   2.4510000e+03
   2.2850000e+03
   2.1550000e+03
   2.3230000e+03
   2.4310000e+03
   2.1290000e+03
   2.4530000e+03
   2.4330000e+03
   2.2270000e+03
   2.3630000e+03
   2.2670000e+03
   2.2450000e+03
   2.2430000e+03
   2.2870000e+03
   2.3030000e+03
   2.6010000e+03
   2.4930000e+03
   2.0630000e+03
   2.0590000e+03
   2.3450000e+03
   2.0810000e+03
   2.3170000e+03
   2.3790000e+03
   2.0890000e+03
   2.3730000e+03
   2.5230000e+03
   2.3810000e+03
   2.0610000e+03
   2.4230000e+03
   2.5250000e+03
   2.4250000e+03
   2.4430000e+03
   2.1250000e+03
   2.6070000e+03
   2.4710000e+03
   2.6050000e+03
   2.1450000e+03
   2.1630000e+03
   2.3310000e+03
   2.4910000e+03
   2.4150000e+03
   2.2030000e+03
   2.4350000e+03
   2.3210000e+03
   2.3270000e+03
   2.0910000e+03
   2.2250000e+03
   2.1070000e+03
   2.2510000e+03
   2.2110000e+03
   2.5750000e+03
   2.2470000e+03
   2.5330000e+03
   2.2790000e+03
   2.5290000e+03
   2.1970000e+03
   2.4690000e+03
   2.1490000e+03
   2.2950000e+03
   2.5790000e+03
   2.2910000e+03
   2.0930000e+03
   2.4750000e+03
   2.3050000e+03
   2.5770000e+03
   2.3350000e+03
   2.3410000e+03
   2.3490000e+03
   2.5310000e+03
   2.3550000e+03
   2.0710000e+03
   2.0830000e+03
   2.0870000e+03
   2.1770000e+03
   2.4030000e+03
   2.3830000e+03
   2.3690000e+03
   2.4130000e+03
   2.3870000e+03
   2.4050000e+03
   2.5550000e+03
   2.3750000e+03
   2.3890000e+03
   2.2770000e+03
   2.3930000e+03
   2.3990000e+03
   2.1270000e+03
   2.1410000e+03
   2.3250000e+03
   2.4650000e+03
   2.1350000e+03
   2.1690000e+03
   2.3590000e+03
   2.1730000e+03
   2.4390000e+03
   2.4470000e+03
   2.3610000e+03
   2.5150000e+03
   2.4370000e+03
   2.4590000e+03
   2.4770000e+03
   2.2370000e+03
   2.5070000e+03
   2.5130000e+03
   2.2650000e+03
   2.4070000e+03
   2.4190000e+03
   2.5370000e+03
   2.5270000e+03
   2.5570000e+03
   2.5650000e+03
   2.5670000e+03
   2.5010000e+03
   2.0560000e+03
   2.3510000e+03
   2.0600000e+03
   2.3470000e+03
   2.0640000e+03
   2.0660000e+03
   2.0680000e+03
   2.3570000e+03
   2.0720000e+03
   2.0740000e+03
   2.0760000e+03
   2.5190000e+03
   2.3670000e+03
   2.3650000e+03
   2.0860000e+03
   2.0880000e+03
   2.0900000e+03
   2.5730000e+03
   2.0940000e+03
   2.3850000e+03
   2.0980000e+03
   2.1000000e+03
   2.1020000e+03
   2.3910000e+03
   2.1060000e+03
   2.3770000e+03
   2.3950000e+03
   2.1160000e+03
   2.1200000e+03
   2.1240000e+03
   2.1260000e+03
   2.1280000e+03
   2.1300000e+03
   2.4110000e+03
   2.1360000e+03
   2.1380000e+03
   2.5930000e+03
   2.1420000e+03
   2.1440000e+03
   2.4170000e+03
   2.1480000e+03
   2.5890000e+03
   2.4410000e+03
   2.4210000e+03
   2.4270000e+03
   2.1580000e+03
   2.1600000e+03
   2.6030000e+03
   2.4450000e+03
   2.1680000e+03
   2.5090000e+03
   2.1740000e+03
   2.1760000e+03
   2.1800000e+03
   2.1820000e+03
   2.1840000e+03
   2.4550000e+03
   2.1920000e+03
   2.4670000e+03
   2.1960000e+03
   2.5030000e+03
   2.2040000e+03
   2.2080000e+03
   2.4810000e+03
   2.2140000e+03
   2.4790000e+03
   2.2220000e+03
   2.2240000e+03
   2.2260000e+03
   2.2280000e+03
   2.2300000e+03
   2.2320000e+03
   2.4950000e+03
   2.2360000e+03
   2.2380000e+03
   2.2420000e+03
   2.2440000e+03
   2.2460000e+03
   2.2480000e+03
   2.2500000e+03
   2.2520000e+03
   2.5350000e+03
   2.2580000e+03
   2.5110000e+03
   2.5170000e+03
   2.2640000e+03
   2.2660000e+03
   2.5830000e+03
   2.2740000e+03
   2.2760000e+03
   2.2780000e+03
   2.2800000e+03
   2.5510000e+03
   2.2840000e+03
   2.5470000e+03
   2.5530000e+03
   2.2920000e+03
   2.5490000e+03
   2.2960000e+03
   2.3000000e+03
   2.3020000e+03
   2.3040000e+03
   2.5630000e+03
   2.5690000e+03
   2.3160000e+03
   2.5810000e+03
   2.5870000e+03
   2.3220000e+03
   2.5850000e+03
   2.5910000e+03
   2.3280000e+03
   2.3300000e+03
   2.5970000e+03
   2.3340000e+03
   2.3400000e+03
   2.3420000e+03
   2.3440000e+03
   2.3460000e+03
   2.3480000e+03
   2.3500000e+03
   2.3520000e+03
   2.3540000e+03
   2.3560000e+03
   2.3580000e+03
   2.3600000e+03
   2.3620000e+03
   2.3640000e+03
   2.3660000e+03
   2.3680000e+03
   2.3700000e+03
   2.3720000e+03
   2.3740000e+03
   2.3760000e+03
   2.3780000e+03
   2.3800000e+03
   2.3820000e+03
   2.3840000e+03
   2.3900000e+03
   2.3920000e+03
   2.3940000e+03
   2.3980000e+03
   2.4020000e+03
   2.4040000e+03
   2.4060000e+03
   2.4080000e+03
   2.4100000e+03
   2.4120000e+03
   2.4160000e+03
   2.4180000e+03
   2.4220000e+03
   2.4240000e+03
   2.4260000e+03
   2.4280000e+03
   2.4300000e+03
   2.4320000e+03
   2.4340000e+03
   2.4360000e+03
   2.4400000e+03
   2.4420000e+03
   2.4460000e+03
   2.4480000e+03
   2.4500000e+03
   2.4520000e+03
   2.4580000e+03
   2.4600000e+03
   2.4640000e+03
   2.4700000e+03
   2.4720000e+03
   2.4740000e+03
   2.4760000e+03
   2.4800000e+03
   2.4840000e+03
   2.4880000e+03
   2.4900000e+03
   2.4940000e+03
   2.4980000e+03
   2.5000000e+03
   2.5020000e+03
   2.5040000e+03
   2.5060000e+03
   2.5080000e+03
   2.5100000e+03
   2.5120000e+03
   2.5140000e+03
   2.5160000e+03
   2.5180000e+03
   2.5200000e+03
   2.5220000e+03
   2.5240000e+03
   2.5280000e+03
   2.5300000e+03
   2.5340000e+03
   2.5360000e+03
   2.5420000e+03
   2.5440000e+03
   2.5460000e+03
   2.5480000e+03
   2.5500000e+03
   2.5520000e+03
   2.5540000e+03
   2.5560000e+03
   2.5580000e+03
   2.5600000e+03
   2.5640000e+03
   2.5680000e+03
   2.5700000e+03
   2.5720000e+03
   2.5760000e+03
   2.5820000e+03
   2.5840000e+03
   2.5860000e+03
   2.5880000e+03
   2.5900000e+03
   2.5920000e+03
   2.5940000e+03
   2.5960000e+03
   2.5980000e+03
   2.6000000e+03
   2.6020000e+03
   2.6040000e+03
   2.6060000e+03
