   5.6470000e+03
   5.7470000e+03
   5.3610000e+03
   5.5470000e+03
   5.5530000e+03
   5.7530000e+03
   5.7430000e+03
   5.2650000e+03
   5.2530000e+03
   5.5930000e+03
   5.5810000e+03
   5.6310000e+03
   5.3390000e+03
   5.6790000e+03
   5.3810000e+03
   5.5110000e+03
   5.7390000e+03
   5.4110000e+03
   5.2450000e+03
   5.2710000e+03
   5.6390000e+03
   5.7030000e+03
   5.2950000e+03
   5.8490000e+03
   5.6970000e+03
   5.3050000e+03
   5.3450000e+03
   5.5550000e+03
   5.5390000e+03
   5.2670000e+03
   5.7790000e+03
   5.8470000e+03
   5.7490000e+03
   5.8630000e+03
   5.8110000e+03
   5.8390000e+03
   5.8070000e+03
   5.7050000e+03
   5.5770000e+03
   5.5590000e+03
   5.3670000e+03
   5.5750000e+03
   5.2470000e+03
   5.4170000e+03
   5.6090000e+03
   5.2850000e+03
   5.6830000e+03
   5.6890000e+03
   5.4770000e+03
   5.7770000e+03
   5.5070000e+03
   5.8570000e+03
   5.7910000e+03
   5.7890000e+03
   5.6410000e+03
   5.3230000e+03
   5.8510000e+03
   5.5830000e+03
   5.3010000e+03
   5.8170000e+03
   5.5950000e+03
   5.6330000e+03
   5.2610000e+03
   5.6530000e+03
   5.6350000e+03
   5.6630000e+03
   5.3430000e+03
   5.6910000e+03
   5.3310000e+03
   5.3730000e+03
   5.3750000e+03
   5.3510000e+03
   5.3970000e+03
   5.4150000e+03
   5.7950000e+03
   5.8150000e+03
   5.7250000e+03
   5.8590000e+03
   5.2770000e+03
   5.4410000e+03
   5.4470000e+03
   5.4230000e+03
   5.4370000e+03
   5.5050000e+03
   5.7350000e+03
   5.4890000e+03
   5.4450000e+03
   5.5430000e+03
   5.8030000e+03
   5.4610000e+03
   5.8270000e+03
   5.4430000e+03
   5.4530000e+03
   5.8290000e+03
   5.5570000e+03
   5.5610000e+03
   5.8530000e+03
   5.5910000e+03
   5.3090000e+03
   5.5670000e+03
   5.6250000e+03
   5.5650000e+03
   5.6030000e+03
   5.6450000e+03
   5.7010000e+03
   5.6430000e+03
   5.6150000e+03
   5.4310000e+03
   5.3410000e+03
   5.6770000e+03
   5.6590000e+03
   5.4190000e+03
   5.3530000e+03
   5.6710000e+03
   5.5710000e+03
   5.6270000e+03
   5.3950000e+03
   5.3890000e+03
   5.5850000e+03
   5.7090000e+03
   5.4270000e+03
   5.7270000e+03
   5.7450000e+03
   5.7290000e+03
   5.4910000e+03
   5.7670000e+03
   5.5510000e+03
   5.6490000e+03
   5.4870000e+03
   5.7610000e+03
   5.7410000e+03
   5.5970000e+03
   5.5030000e+03
   5.6010000e+03
   5.8610000e+03
   5.7370000e+03
   5.8650000e+03
   5.8370000e+03
   5.6650000e+03
   5.8230000e+03
   5.8410000e+03
   5.8690000e+03
   5.5630000e+03
   5.8330000e+03
   5.2460000e+03
   5.8710000e+03
   5.2520000e+03
   5.6130000e+03
   5.5450000e+03
   5.8750000e+03
   5.6050000e+03
   5.5690000e+03
   5.8550000e+03
   5.2700000e+03
   5.7930000e+03
   5.2800000e+03
   5.5870000e+03
   5.2900000e+03
   5.6610000e+03
   5.2960000e+03
   5.2980000e+03
   5.7070000e+03
   5.6190000e+03
   5.3040000e+03
   5.3080000e+03
   5.3120000e+03
   5.6570000e+03
   5.3180000e+03
   5.3220000e+03
   5.8730000e+03
   5.6550000e+03
   5.3280000e+03
   5.6670000e+03
   5.3320000e+03
   5.3340000e+03
   5.3360000e+03
   5.3380000e+03
   5.7970000e+03
   5.3420000e+03
   5.3440000e+03
   5.3460000e+03
   5.7110000e+03
   5.3520000e+03
   5.6730000e+03
   5.3600000e+03
   5.3640000e+03
   5.3660000e+03
   5.3720000e+03
   5.3740000e+03
   5.3800000e+03
   5.6850000e+03
   5.3880000e+03
   5.6990000e+03
   5.3960000e+03
   5.8190000e+03
   5.4020000e+03
   5.7130000e+03
   5.4100000e+03
   5.4140000e+03
   5.4160000e+03
   5.4180000e+03
   5.4220000e+03
   5.4240000e+03
   5.7210000e+03
   5.7230000e+03
   5.4300000e+03
   5.4320000e+03
   5.4360000e+03
   5.7510000e+03
   5.7330000e+03
   5.4440000e+03
   5.4460000e+03
   5.8090000e+03
   5.4500000e+03
   5.4520000e+03
   5.7850000e+03
   5.4560000e+03
   5.7590000e+03
   5.4600000e+03
   5.7570000e+03
   5.4640000e+03
   5.7730000e+03
   5.7990000e+03
   5.7650000e+03
   5.7710000e+03
   5.4760000e+03
   5.7690000e+03
   5.7830000e+03
   5.4840000e+03
   5.4860000e+03
   5.4880000e+03
   5.4920000e+03
   5.8130000e+03
   5.8050000e+03
   5.5040000e+03
   5.8210000e+03
   5.5100000e+03
   5.8250000e+03
   5.8310000e+03
   5.8350000e+03
   5.8430000e+03
   5.8670000e+03
   5.5280000e+03
   5.8450000e+03
   5.5420000e+03
   5.5440000e+03
   5.5460000e+03
   5.8770000e+03
   5.5500000e+03
   5.5520000e+03
   5.5540000e+03
   5.5560000e+03
   5.5580000e+03
   5.5600000e+03
   5.5620000e+03
   5.5640000e+03
   5.5680000e+03
   5.5700000e+03
   5.5740000e+03
   5.5760000e+03
   5.5800000e+03
   5.5840000e+03
   5.5860000e+03
   5.5880000e+03
   5.5900000e+03
   5.5920000e+03
   5.5940000e+03
   5.5960000e+03
   5.5980000e+03
   5.6000000e+03
   5.6020000e+03
   5.6040000e+03
   5.6120000e+03
   5.6140000e+03
   5.6220000e+03
   5.6240000e+03
   5.6260000e+03
   5.6300000e+03
   5.6320000e+03
   5.6340000e+03
   5.6360000e+03
   5.6380000e+03
   5.6400000e+03
   5.6420000e+03
   5.6440000e+03
   5.6460000e+03
   5.6480000e+03
   5.6500000e+03
   5.6520000e+03
   5.6540000e+03
   5.6560000e+03
   5.6580000e+03
   5.6600000e+03
   5.6620000e+03
   5.6660000e+03
   5.6700000e+03
   5.6720000e+03
   5.6760000e+03
   5.6780000e+03
   5.6840000e+03
   5.6860000e+03
   5.6880000e+03
   5.6900000e+03
   5.6940000e+03
   5.6960000e+03
   5.6980000e+03
   5.7020000e+03
   5.7040000e+03
   5.7060000e+03
   5.7080000e+03
   5.7100000e+03
   5.7120000e+03
   5.7140000e+03
   5.7180000e+03
   5.7200000e+03
   5.7240000e+03
   5.7260000e+03
   5.7280000e+03
   5.7300000e+03
   5.7320000e+03
   5.7340000e+03
   5.7360000e+03
   5.7380000e+03
   5.7400000e+03
   5.7420000e+03
   5.7440000e+03
   5.7460000e+03
   5.7480000e+03
   5.7500000e+03
   5.7520000e+03
   5.7540000e+03
   5.7560000e+03
   5.7600000e+03
   5.7640000e+03
   5.7660000e+03
   5.7700000e+03
   5.7720000e+03
   5.7760000e+03
   5.7780000e+03
   5.7800000e+03
   5.7840000e+03
   5.7860000e+03
   5.7880000e+03
   5.7900000e+03
   5.7920000e+03
   5.7940000e+03
   5.7960000e+03
   5.7980000e+03
   5.8000000e+03
   5.8020000e+03
   5.8040000e+03
   5.8060000e+03
   5.8080000e+03
   5.8100000e+03
   5.8140000e+03
   5.8160000e+03
   5.8180000e+03
   5.8200000e+03
   5.8240000e+03
   5.8260000e+03
   5.8280000e+03
   5.8300000e+03
   5.8320000e+03
   5.8380000e+03
   5.8400000e+03
   5.8420000e+03
   5.8440000e+03
   5.8480000e+03
   5.8500000e+03
   5.8520000e+03
   5.8540000e+03
   5.8560000e+03
   5.8580000e+03
   5.8600000e+03
   5.8620000e+03
   5.8660000e+03
   5.8680000e+03
   5.8700000e+03
   5.8720000e+03
   5.8760000e+03
