   4.0236211e+01  -3.3048227e+01
   6.8766090e+01  -7.7748365e+00
  -1.3426621e+01  -6.9544472e+01
  -2.7476115e+01   4.9686464e+01
  -7.6351587e+01  -7.2410520e+01
  -1.0745105e+00  -2.5819200e+01
  -8.4763935e+01  -8.9341015e+01
  -5.8614369e+01  -7.5730821e+01
  -6.1070428e+00  -9.2580407e+00
  -5.6157137e+01   1.3318695e+01
   7.6813378e+01   4.9873046e+01
  -6.0370130e+01   3.3022785e+01
  -5.7585089e+01  -2.3480270e+01
   1.8808428e+01   5.8091640e+01
   1.4632941e+01   7.7287348e+01
   1.2782045e+01  -1.2156874e+01
  -5.8056966e+01  -5.2448937e+01
  -4.2359760e+01  -1.1429628e+00
  -5.3388755e+01   2.2915355e+01
  -4.7103408e+01   4.9575693e+01
  -5.0402185e+01   3.2461812e+01
  -8.2951118e+01   1.5358315e+01
   5.7103523e+01  -5.1396354e+01
  -4.5187182e+01  -1.0671878e+01
  -8.7738692e+01  -1.8939221e+01
  -1.7533665e+01   6.7961597e+01
   7.1984701e+01  -3.8595038e+01
   6.5939741e-01  -5.5709407e+01
  -8.8534689e+01  -3.2323887e+01
  -2.8703833e+01  -2.7168571e+01
  -2.9588723e+01  -7.3072727e+01
   5.4871549e+01  -3.8017824e+01
  -2.3717375e+01   9.6216240e+01
   3.1312293e+01  -7.4764822e+00
  -8.8330531e+01  -5.8922273e+01
   5.3640291e+00   7.1048384e+01
  -1.2019426e+01   5.9849614e+01
  -3.2507957e+01   4.1296182e+01
  -2.9647061e+01   1.0765250e+01
  -3.9545441e+01   8.3117593e+00
  -8.4325482e+01   5.0372978e+01
   2.2050156e+01   3.5775487e+01
  -7.8465463e+01   5.8431646e+01
   9.9913571e+00  -5.2135058e+01
  -6.1648811e+01  -5.9586607e+00
  -2.9167289e+01   8.7831823e+01
   3.0317322e+01  -4.8866697e+01
   8.0513383e+01  -3.3384690e+01
   4.6629407e+01   8.0040552e+00
   7.8816613e+00  -3.0232494e+01
   3.3607992e-02  -6.5713985e+01
  -2.8178027e+01  -9.2928067e+01
   4.6545574e+01   6.4051296e+01
  -9.5529471e+01  -5.1987709e+01
  -1.8996695e+01  -2.9256217e+01
   8.7452754e+01   7.8496323e+01
   1.4958018e+01  -2.4850360e+00
   8.1777224e+01   5.8548035e+01
   2.2741407e+01  -1.2587873e+01
  -6.5018667e+01  -3.0136613e+01
   7.3389288e+01   7.9766494e+00
   6.7863903e+01   7.4600784e+01
   4.3214707e+01   8.3615642e+01
   7.8576078e+01   8.6648709e+01
   9.4406679e+01  -3.4283890e+01
   1.7019878e+01   9.6709272e+01
  -7.5186615e+00   2.6425722e+01
  -8.2366540e-01   5.5683455e+01
  -4.1812969e+00   3.4755345e+01
  -2.5650928e+01  -8.0056057e+00
  -4.9264390e+01   6.0723403e+00
  -4.4150518e+01   7.6522517e+01
  -3.7269658e+01   4.9724600e+01
   3.2634410e+01   2.7827801e+01
  -5.8592454e+01   5.1477507e+01
  -7.0253171e+01   8.7327460e+01
  -7.0468201e+01   3.6294295e+01
   5.6533364e+01   6.6319808e+00
   2.7908720e+01  -5.8570554e+01
  -7.3134723e+01   1.7136163e+01
  -7.8425490e+01  -1.5376277e+01
   6.8473066e+01  -7.0402203e+01
   7.3304980e+00   6.1252301e+01
   3.9064420e+01  -8.5951695e+01
  -5.7085379e+01  -3.6148685e+01
  -6.8610898e+01   1.1632741e+00
  -9.1218882e+01  -9.5679438e+00
  -3.3712251e+01   7.6338944e+01
   5.7915277e+01  -6.4424825e+00
  -8.5842051e+00  -6.0849604e+01
  -8.8290969e+00  -1.8880698e+01
  -8.5734579e+01   2.5976532e+01
  -1.7030019e+01  -8.6196433e+01
   6.4082048e+01  -1.6586053e+01
   4.3669127e+01  -2.1246891e+01
   5.8292955e+01  -2.4711738e+01
  -4.0733478e+01  -5.9332421e+01
  -8.4830270e+01  -4.9579324e+01
  -9.5203669e+01  -8.2035783e+01
  -1.7505637e+01  -4.5695305e+01
  -3.7811473e+01  -8.8978648e+01
  -2.6853387e+01  -5.4737755e+01
   5.3217763e+01  -7.2252181e+01
   4.6377245e+01   1.8924532e+01
   3.2507547e+01   5.1132924e+01
   4.1411219e+01   5.5511403e+01
  -5.5323009e+00   7.3710130e+01
  -6.6153754e+01  -8.8016821e+01
  -6.8302223e+00   9.2987278e+01
   7.5114661e+01   6.7042290e+01
   3.6044362e+00  -9.4806356e+01
   1.3235967e+01   8.3838794e+00
   2.4540494e+01  -1.8941062e-01
  -7.5135287e+01  -4.7134717e+01
  -4.7375820e+01  -9.1879065e+01
   2.5955460e+01  -3.6885974e+01
   7.8426573e+01  -1.1267787e+01
   9.1305980e+01   5.5514857e+01
   6.5524916e+01   1.4024635e+01
   9.4633510e+01   2.0386537e+01
   5.0102765e+01   3.6024492e+01
  -4.9111090e+01  -7.2723886e+01
   3.8957469e+01   9.2663145e+01
   6.5706721e+01   8.4349064e+01
   2.3842479e+01   7.2943341e+01
   9.7132589e+01  -1.7004493e+01
   5.2941909e+01   9.7544783e+01
   2.2953421e+01   2.5730472e+01
   4.5432669e+00   3.0600931e+01
   7.0126332e+00   4.0036172e+01
  -2.2722205e+01   1.3015558e+00
  -4.3753961e+01   2.5111348e+01
  -2.8623753e+01   2.0984217e+01
  -2.8574787e+01  -1.7347933e+01
  -6.3322701e+01   2.3419075e+01
  -3.9069613e+01   6.7938051e+01
   3.9151352e+01   3.7465953e+01
   3.7906144e+01   1.3997143e+01
  -2.7448391e+01   6.7261114e+01
  -5.6063224e+01   7.7052690e+01
  -3.7461666e+01   3.2562137e+01
  -5.3420080e+01   4.1933971e+01
  -7.0975333e+01   5.1314253e+01
  -5.3926905e+01   9.3892303e+01
  -3.8448919e+01  -1.7963082e+01
  -7.2780230e+01   2.6864753e+01
   5.1348255e+01   5.5164826e+01
  -8.2781209e+01   3.5465951e+01
  -9.3812722e+01   5.3405612e+01
   2.0338517e+01  -4.8484518e+01
   2.2012036e+01  -6.7426319e+01
   7.2409635e+01  -6.1211251e+01
  -4.8052706e+01  -2.0555419e+01
  -2.3726795e+01   7.6496819e+01
  -2.1972731e+01   5.8911689e+01
  -6.4359847e+01  -1.5589088e+01
  -7.8670718e+01  -1.8264428e+00
   3.2005370e+01  -6.7692527e+01
  -4.3934572e+01   9.3507833e+01
  -9.5072131e+00  -7.8709491e+01
   7.8615185e+01  -2.1252105e+01
  -3.5867267e-01  -3.5758055e+01
   7.2930510e-03  -7.5665750e+01
   4.5831681e+00  -1.7789302e+01
   1.7820150e+01  -3.1097687e+01
  -5.2046549e+01  -3.4555941e+00
  -8.6353066e+01   4.5120903e+00
  -1.8856686e+01  -1.9466096e+01
   7.5369284e-01  -4.5678188e+01
  -9.7175216e+01  -2.2201036e+01
  -2.8475783e+01  -8.2960049e+01
  -9.5069512e+01  -7.1471804e+01
  -7.6984226e+01  -8.3073156e+01
  -3.5535890e+01  -8.4000307e+00
  -8.5860657e+01  -7.8484733e+01
  -8.5529920e+01  -6.8498409e+01
  -9.3391405e+00  -3.1157674e+01
  -3.6235094e+01  -9.8842100e+01
  -5.0651091e+01  -5.9103084e+01
  -3.9772417e+01  -6.9249659e+01
  -3.9220014e+01  -2.7897707e+01
  -3.7743877e+01  -7.9004267e+01
  -2.3566348e+01  -3.7913083e+01
  -7.4844106e+01  -9.2962408e+01
  -9.1857186e+01  -9.8398681e+01
  -9.8918196e+01  -9.1318345e+01
  -2.1831702e+01  -6.4215331e+01
  -6.9576867e+00  -9.0531249e+01
  -7.4299666e+01  -3.3783571e+01
   9.6062947e+01   8.3571747e+01
  -3.8377372e+00   3.2726338e+00
   2.3105109e+01   9.6900723e+00
  -9.7921173e-01   1.9599259e+01
  -5.4756359e+01  -1.3164331e+01
  -8.0756818e+01  -2.6087413e+01
   1.3538713e+01  -2.2074014e+01
   3.1983261e+01  -1.7413849e+01
   9.0684930e+01   3.7863622e+01
   7.6519448e+01  -1.4792270e+00
   9.8133377e+01   3.1197220e+01
  -5.4402226e+01  -8.4777569e+01
   6.0147978e+01   3.3143808e+01
   8.3975670e+01   1.9127553e+01
   6.1266206e+01   5.5795531e+01
   9.8018740e+01   6.3250070e+01
   9.8449681e+01   3.2131406e+00
  -9.8460058e+01  -3.3399218e+01
   4.3591399e+01   7.3623798e+01
   7.9179003e+01   9.6634051e+01
   5.3895845e+00   8.1055346e+01
   3.7826181e+01  -5.9570721e+01
   4.5269271e+01  -6.6207264e+01
   6.3590422e+01  -3.3185415e+01
   5.2398481e+01   8.7566155e+01
  -2.1906089e+01   4.0856670e+01
  -8.8074113e+00   5.0715834e+01
  -2.8530088e+00   6.4633629e+01
  -1.4690252e+01   3.2861591e+01
  -4.6624145e+01   1.5597658e+01
  -3.2649624e+01   1.1598046e+00
  -3.7258136e+01   1.7762434e+01
  -2.7918688e+01   3.3111095e+01
  -7.6099515e+01   7.7500435e+00
  -6.5660861e+01   1.0649440e+01
   3.0069501e+01   4.1516113e+01
   2.8807013e+01   1.7829868e+01
  -4.1809818e+01   5.8414362e+01
  -4.3677318e+01   4.0157539e+01
   4.2581869e+01   2.8115480e+01
   5.5980840e+01   1.6618384e+01
   5.2844618e+01   2.6424558e+01
   5.7507839e+01   4.2765895e+01
  -3.1937071e+01   5.8438261e+01
  -6.0329145e+01   8.6097131e+01
  -6.3247964e+01   4.2832443e+01
  -5.0451791e+01   6.8653714e+01
  -4.9647841e+01   8.4860407e+01
  -8.8312703e+01   6.1758396e+01
   4.7937108e+01   4.5774448e+01
   2.1388877e+01  -7.7406826e+01
  -7.9985769e+01   6.8305938e+01
  -9.9282411e+01   4.5040556e+01
   6.0074551e+01  -6.4974739e+01
   6.8119014e+01  -5.2183136e+01
  -9.4889946e+01   2.2018698e+01
  -3.8770876e+01   8.4950962e+01
  -1.4025824e+01   7.8786865e+01
   4.9143322e+01  -1.6745271e+00
   4.4966492e+01  -1.1273999e+01
   3.9460436e+00  -8.4825633e+01
  -1.7997841e+01   4.9841082e+01
   9.8608610e+00  -7.3809070e+01
   3.9399463e+01  -7.4421265e+01
   3.1057028e+01  -7.9961570e+01
   4.9568634e+01  -2.9544499e+01
   8.7378265e+01  -2.6117120e+01
   1.4177166e+01  -4.0623130e+01
   4.8555242e+01  -5.6585467e+01
  -7.1278126e+01  -8.4459457e+00
  -3.4461814e+01   9.6821496e+01
   4.5533514e+01  -4.1472428e+01
   6.5133245e+01   1.5351400e+00
   5.3968988e+01  -1.5630076e+01
   6.9382854e+01  -2.5058457e+01
  -9.6125806e+01   2.4192181e+00
   2.3427817e+01  -2.2546614e+01
  -9.7879130e+01  -6.1873053e+01
  -8.1003578e+00  -5.0921803e+01
   3.9183060e+01  -1.3663677e+00
   3.2334702e+01   5.8685146e+00
  -8.2119220e+01  -3.9978892e+01
  -8.7524895e+00  -4.1036169e+01
   6.3249105e+01  -4.3457371e+01
  -9.2560254e+01   1.2313407e+01
  -6.8252404e+01  -7.8244432e+01
  -9.2502856e+01   3.7705677e+01
  -6.7916641e+01  -5.4048355e+01
  -1.6950302e+01  -5.5556096e+01
  -5.8036581e+01  -6.5773084e+01
  -6.6367587e+01  -9.8266929e+01
  -7.7880233e+01  -5.7051575e+01
  -5.7154382e+01  -9.4384730e+01
  -1.6222829e+01   8.9554059e+01
  -1.5986428e+01  -9.6134886e+01
  -8.1981194e+01  -9.9965875e+01
   2.7176906e+01   6.3522008e+01
   2.2776126e+01   4.8929292e+01
   3.6798751e+01   6.6108450e+01
   1.7723754e+01   8.6754735e+01
   2.6936687e+01   8.2890660e+01
   3.3796098e+01   7.5631236e+01
  -4.8854412e+01  -3.0506980e+01
  -7.1462299e+01  -2.2535337e+01
   8.4804974e+00   9.0564147e+01
   9.5801645e+01   7.2999639e+01
  -6.3303278e+01  -4.3961793e+01
   7.1000646e+01   5.7956344e+01
   8.5066470e+01   6.7989535e+01
   5.5066827e+01   6.9185928e+01
  -4.3187968e+00   8.3399274e+01
   1.5126074e+01   6.7365239e+01
   9.8974049e+01  -6.7704664e+00
   3.7219343e+00  -7.9806344e+00
  -1.5974690e+01  -1.0107955e+01
  -1.2901599e+01  -7.8046750e-01
  -3.3239833e+01  -3.5881306e+01
   2.7632370e+00   1.0741019e+01
   7.7627900e+01   7.6703060e+01
   8.6322278e+01   4.6849550e+01
   3.2081282e+01  -2.7396355e+01
   1.7957395e+01  -5.8172879e+01
   5.9744590e+00   1.5615453e+00
  -6.7929263e+01  -6.7047671e+01
   8.8339961e+01   2.8147680e+01
   9.7789428e+00  -6.3820118e+01
   8.3156982e+01   5.9922347e+00
   9.6312918e+01   4.6645059e+01
   7.3989479e+01   1.9294820e+01
   6.4806266e+01   2.3996900e+01
   8.7231609e+01  -6.0945598e+00
   6.6426438e+01   4.7280646e+01
   8.7178060e+01  -1.6094404e+01
   6.4252807e+01   6.5307542e+01
   5.7344321e+01   7.8891073e+01
   9.1915841e+01   1.0774809e+01
  -9.3191427e+01  -4.2266049e+01
   6.9685002e+01   9.3508392e+01
  -5.1596146e+01   5.8458266e+01
   1.8074792e+00   9.8009273e+01
  -3.0058704e+01  -4.5360474e+01
   4.0247819e+01  -4.9904210e+01
  -2.0316166e+01  -7.6766607e+01
   4.7416384e+01  -8.0396400e+01
   7.6857056e+01  -4.7320637e+01
  -3.1719121e+01  -6.3382944e+01
   2.8958052e+01   9.2681457e+01
   1.4162216e+01   2.9920512e+01
   8.6866465e+00   2.1598595e+01
  -7.7111282e+01   4.3583108e+01
  -2.6277718e+00   4.3752657e+01
  -2.1574144e+01   2.6835180e+01
   5.6524497e+00   4.9284977e+01
