   3.8212928e+01  -4.1553160e+01
   7.2133733e+01  -5.1532409e+00
  -8.5114354e+01  -6.6527745e+01
  -6.7856196e+01   9.3869536e+00
   7.6705120e+01   6.0509843e+01
  -6.3139436e+01  -5.4928783e+01
   7.2123292e+01  -4.1391722e+01
  -9.9564460e+01  -2.8212243e+01
   5.6326805e+01  -3.1578963e+01
  -6.4260478e-01   6.6454168e+01
  -9.6120182e+00   6.2132907e+01
  -2.9940110e+01   3.9756851e+00
  -4.5066399e+01   1.5820401e+01
   2.5351125e+01  -4.8277787e+01
   4.2444495e+01   8.2996181e+00
   3.0955318e+00  -7.0832969e+01
  -1.5135993e+01  -2.6044201e+01
   8.3790472e+01   8.2556190e+01
  -7.0493040e+01  -2.4438693e+01
   7.7994709e+01   2.8445091e+00
   7.3964368e+01   8.0716043e+01
  -6.0538203e+01   5.0680110e+01
  -8.4167338e+01   8.8009803e+01
  -7.9987038e+01  -1.8397390e+01
   6.1980226e+01  -6.8338359e+01
   4.4659860e+01  -9.4600638e+01
  -7.2527235e+01  -3.4965528e+01
  -7.6158697e+01   3.9147217e+00
  -3.2704625e+01   7.6613075e+01
   5.5527203e+01   1.5810603e+00
  -9.3613743e+01   2.7500636e+01
   6.4622917e+01  -2.3478227e+01
  -3.3219139e+01  -6.7554313e+01
  -8.2511570e+01  -5.6924576e+01
  -9.8847408e+01  -9.0039893e+01
   3.8355264e+01   5.6995927e+01
  -6.1091173e+01  -8.8470740e+01
   1.4546082e+01   2.7612594e+00
  -4.8836759e+01  -9.0630155e+01
   9.5735607e+01   6.4175385e+01
   4.1382213e+01   3.8063992e+01
  -4.5446120e+01  -7.1542433e+01
   2.7675798e+01   7.2150829e+01
  -3.7764369e+01  -2.4226486e+00
  -3.7281093e+01   2.2344935e+01
   2.5770346e+01   4.2280563e+01
  -4.5532821e+01   3.6789304e+01
  -7.8718561e+01   4.2761693e+01
  -3.3228835e+01  -1.4623684e+01
   6.7370446e+01   6.7462404e+01
  -8.7730191e+01   3.8550982e+01
   7.3971297e+01  -5.7276530e+01
  -8.9323816e+00  -8.7157759e+01
   6.9606372e+00  -4.3043136e+01
  -5.3342742e+00  -2.5218835e+01
   1.9855206e+00  -5.1302341e+01
  -9.4716834e+01  -7.6073350e+01
  -7.3516847e+01  -9.2933798e+01
  -4.1186227e+01  -2.0681564e+01
  -8.4573932e+01  -9.8062521e+01
  -9.7634529e+00  -9.7125639e+01
   8.6146919e+00   1.0726799e+01
   7.6027953e+00   2.2616968e+01
   1.2044620e+01  -3.0419459e+01
   2.5102236e+01  -1.6750174e+01
   5.9020794e+01   3.0026334e+01
   4.0054973e+01   8.5703875e+01
   8.1553970e+01   9.9938421e+01
  -4.1153055e+00   4.9369592e+01
   2.2981426e+01   1.0774864e+01
  -3.1943011e+01   5.7045142e+01
   4.3974133e+01   2.8425401e+01
   5.2121929e+01   4.5874005e+01
  -6.1766711e+01   9.8006626e+01
  -4.8364744e+01   7.7535069e+01
  -8.8737973e+01   5.9552831e+01
  -7.7040282e+01   8.1276878e+01
   5.2454587e+01  -8.2965881e+00
  -2.3234297e+01   5.2495790e+01
   4.0947860e+01  -6.3562512e+01
   1.8836984e+01  -3.7293669e+01
   4.3986440e+01  -5.3043743e+01
  -6.1275421e+01  -1.5836213e+01
   4.5829476e+01  -1.5717384e+01
   7.5502297e+01  -2.3280486e+01
   2.5508538e+00  -6.1041476e+01
   3.6726094e+01  -3.1808686e+00
  -8.0527384e+01  -4.7170974e+01
  -9.8010777e+01   3.6542756e+01
  -1.8763278e+01  -6.8869754e+01
  -1.4740518e+01   8.7402639e+01
   1.9321385e+01   6.6006662e+01
   2.2141035e+01   5.6414851e+01
  -6.0621419e+01  -2.5784990e+01
   1.1647424e+01   9.6458625e+01
  -6.9827129e+01  -4.4513156e+01
   8.0447758e+01   7.3104388e+01
   4.9358252e+01   6.9628212e+01
  -5.2149734e+00   8.4436016e+01
   8.8655594e+00  -1.6786855e+01
  -9.8848789e+00  -7.9084001e+00
  -2.4089293e+01  -2.9974012e+01
   9.5430851e+01   4.7121897e+01
   3.2978821e+01  -2.2563954e+01
   2.0486392e+01  -5.8171476e+01
   8.7759725e+01   8.2364457e+00
   8.4071355e+01   1.7473441e+01
   7.4551017e+01   2.0132406e+01
   9.2669537e+01  -9.6704818e+00
   6.7237594e+01   5.7490888e+01
  -2.6692159e+01  -3.9530928e+01
  -2.6536483e+01  -7.4953635e+01
   5.3535084e+01  -8.9617668e+01
   8.3603257e+01  -5.4997606e+01
   1.3114260e+01   3.0560600e+01
   2.4087245e+01   2.3085803e+01
   7.5091425e+00   3.8622333e+01
  -1.5667225e+01   3.3733238e+01
   1.2239582e+01   5.7215997e+01
  -3.9721691e+01   5.1067396e+01
  -7.2312412e+01   3.5130225e+01
  -8.4756530e+01   1.9792655e+01
  -7.4583858e+01   2.5101667e+01
   2.2281910e+01  -7.4141510e+01
  -7.7173265e+01   9.5153867e+01
   6.5261785e+01  -7.7552775e+01
  -5.8002967e+01   7.8258448e+01
   3.1278972e+01  -6.9960061e+01
  -9.0820300e+01   6.8106604e+01
   8.9891859e+01  -6.8836731e+01
  -3.2472851e+00  -7.8406661e+01
   8.5702914e+01  -2.8509491e+01
   3.5404414e+01  -9.8768532e+01
   9.1609275e+01  -4.1584036e+01
  -2.3199511e+01  -9.3299421e+01
  -3.8254352e+01  -8.6076530e+01
  -9.0285290e+01  -3.7578478e+00
  -8.9500471e+01  -8.4592400e+01
  -5.7280818e+01  -5.3238477e+00
  -9.4465289e+01   1.7556622e+01
  -6.0619000e+01  -6.4498442e+01
  -4.9273824e+01  -8.0723460e+01
  -6.8153415e+01  -7.3408525e+01
   3.3087461e+01   9.2869879e+01
  -9.1870056e+01  -4.6988275e+01
  -5.0913821e+01  -2.2959079e+01
   4.4288211e+01   9.6281816e+01
  -1.3775043e+01  -4.6097870e+01
   8.9043540e+01   9.3312236e+01
  -7.4228715e+00  -5.3476138e+01
   1.8826463e+00  -1.0957435e+00
   9.0394593e+00  -7.3171876e+00
  -2.3773066e+01  -1.8949850e+01
  -4.3920953e+01  -3.0096590e+01
   4.1842086e+01   1.8219402e+01
  -8.9624727e+01  -2.7492252e+01
  -8.9909387e+01  -1.7512562e+01
  -6.2707206e+01  -3.6032806e+01
   2.8284829e+01  -7.7085987e+00
  -2.0648194e+01   1.3921120e-01
   1.8627838e+01  -6.9418765e+00
   3.6355451e+01  -1.3237328e+01
   8.5120596e+01   4.7242258e+01
   7.8892452e+01  -1.2348512e+01
   8.6801494e+01  -1.6765698e+00
   9.7473620e+01   1.0688753e+01
   7.2020644e+01   1.0708278e+01
   4.8266474e+01   5.6297804e+01
   5.0986368e+01   3.5836473e+01
   3.6761054e+01   7.6289100e+01
   7.5174025e+01   9.2136724e+01
   5.7938273e+01   5.3979275e+01
   2.0223295e+01   7.8766546e+01
  -1.8524143e+01  -8.4531351e+01
  -3.4251824e+01  -5.7624844e+01
   5.2484562e+01  -6.6881909e+01
   4.6078213e+01  -8.3046683e+01
   3.7183009e+01  -7.7939284e+01
   6.0676749e+01  -4.0288742e+01
   2.2098083e+01   9.8433969e+01
   6.7106547e+01  -3.2908735e+01
   5.9440212e+01  -1.5155755e+01
   6.2245014e+01  -5.7376016e+00
  -3.2714381e+01   1.3532266e+01
  -2.1717727e+01   4.2660603e+01
   1.0490780e+01   7.6639776e+01
  -1.8874167e+01   7.8305474e+01
  -2.5462943e+01   3.1902369e+01
   7.4383331e+00   4.8500423e+01
   2.2741600e+00   5.6979817e+01
   1.4207012e+00   3.0397399e+01
  -4.0343429e+01   7.0994533e+00
  -5.8580430e+00   9.8611370e+01
  -5.4005134e+01   2.0224529e+01
   9.9489467e+00   8.6600688e+01
   4.2374250e+01   4.7924109e+01
   3.4605399e+01   2.5085454e+01
   5.1171946e+01   1.2919158e+01
   5.2188164e+01   2.2800008e+01
  -7.6671015e+01   1.4007334e+01
  -2.6718212e+01   8.4441721e+01
  -4.0952729e+01   7.1047614e+01
   6.1098027e+01   1.2830095e+01
   6.6333990e+01  -8.7371118e+01
   2.3398522e+01  -9.0511805e+01
   4.6074257e+01  -8.7052081e-01
   7.1699552e+01  -6.7550830e+01
  -4.3259625e+01   6.0664185e+01
   8.1006210e+01  -6.4421147e+01
  -4.8879138e+01   8.8246732e+01
  -9.4066976e+01   8.8839155e+01
  -1.2775521e+01  -7.6537604e+01
  -5.6941055e+01   4.1339439e+01
  -3.7425048e+01   9.2534275e+01
   3.0483432e+01   5.0983404e+01
  -8.5223254e+01   7.5952084e+01
  -3.5424138e+01   3.2599114e+01
   1.0349039e+01  -9.0387418e+01
  -2.5069261e+01   9.4208374e+01
   3.0279038e+01  -6.0082941e+01
   5.2922643e+01  -2.2464993e+01
   4.8457272e+01  -3.8658512e+01
   1.2435081e+01  -7.4150559e+01
  -4.1099435e+00  -4.3585272e+01
   1.5922737e+01  -4.6568337e+01
   2.4672938e+01  -2.9267652e+01
   3.7321184e+01  -8.7849658e+01
  -5.5054625e+01   3.0646873e+01
   3.2877968e+01   5.9565081e+00
   2.8572142e+01  -3.8823035e+01
  -9.5677566e+01   7.6615410e+00
  -7.3034384e+01  -5.3929719e+01
   6.2486970e+01  -5.8480024e+01
   8.0501815e+01  -3.6385141e+01
  -7.9882343e+01  -7.5012283e+01
   6.7366323e+01  -4.9907676e+01
  -9.4725396e+01   7.8870459e+01
  -8.3107631e+01  -3.7574387e+01
  -6.9648210e+01  -8.3296128e+01
  -7.9521067e+01  -8.4977099e+01
  -5.5826173e+01  -9.7716195e+01
  -5.2461031e+01  -5.8521417e+01
  -5.5407673e+01  -7.2921404e+01
  -7.9723644e+01  -2.8243867e+01
  -6.5696443e+01  -9.9120766e+01
   5.7984597e+01   7.4651918e+01
   3.0048458e+01   6.2477440e+01
   1.7374266e+01   4.7633767e+01
   6.6252106e+01   4.7591361e+01
   9.9989554e+01   7.6605314e+01
  -5.9934252e+01  -4.5561991e+01
  -9.5648555e+01  -9.9514456e+01
   2.2540903e+01   3.2917184e+01
   9.8883478e+01   9.5094260e+01
   6.0715574e+01   9.1916300e+01
   3.1513626e+01   1.5745650e+01
  -7.6405012e+00   1.1986140e+00
   9.3618113e+01   8.4396376e+01
   6.4134770e+01   8.2523566e+01
  -1.0718521e+01  -1.7302186e+01
   9.0538884e+01   7.3367218e+01
  -7.2004276e-01  -1.1877167e+01
   8.9859717e+01   3.8467805e+01
   1.2227899e+01  -6.4464843e+01
   1.1052800e+01  -5.4897385e+01
  -9.3446917e-01   8.2225539e+00
  -7.4698772e+01  -6.5848262e+01
   7.7422791e+00  -9.9967847e+01
   2.4303913e+01   1.1361116e+00
   6.5144366e+01   3.7185745e+00
   9.6854371e+01  -4.5856832e-01
   8.8593803e+01   2.8557336e+01
   8.5763195e+01   6.4610757e+01
   6.9306284e+01  -1.4720722e+01
   9.7975703e+01   3.2643943e+01
   6.0077978e+01   3.9872212e+01
   5.1148633e+01   8.9006489e+01
   8.6091923e+01  -1.8902402e+01
   4.7960054e+01   7.9529062e+01
   3.9793426e+01   6.6809059e+01
  -9.3061253e+01  -3.6873945e+01
   4.5408267e-02  -9.1487372e+01
   2.8839890e+01   8.3820710e+01
   1.9703673e+01   8.8736330e+01
   9.0363567e+01   5.5741478e+01
  -4.3113418e+01  -6.1898078e+01
  -2.5232734e+01  -6.1559091e+01
   5.7726909e+01   6.4164423e+01
   9.3709328e+01   1.9949381e+01
   7.5734165e+01   5.0576017e+01
  -2.1334596e+01  -5.2470507e+01
   5.7241545e+01  -9.8868858e+01
   4.5477237e+01  -7.3179924e+01
  -3.0466299e+01  -4.8556900e+01
   1.5891212e+01   1.7480499e+01
  -1.7223829e+01  -3.6968045e+01
  -3.4841813e+01  -3.3995578e+01
  -5.3437105e+01  -3.2634719e+01
   9.6424000e+01  -5.0309684e+01
   9.3416371e+00   6.6742241e+01
  -9.3997819e+00   7.5149902e+01
   5.3135249e-01   7.6311353e+01
  -8.0569516e+00   2.7283285e+01
  -2.3722737e+00   3.9588590e+01
  -7.5295802e+01   5.4045022e+01
  -9.4426500e+01   4.5497131e+01
  -1.1749748e+01   4.2917977e+01
  -6.9922115e-01   1.7910429e+01
  -1.7324837e+01   6.8453823e+01
  -2.7464845e+01   2.2169008e+01
  -3.1180448e+01   4.5877531e+01
  -1.3372072e+01   5.2918999e+01
   1.4730838e+00   9.1852361e+01
  -6.4534787e+01   1.8753606e+01
  -6.4760705e+01   2.8686794e+01
  -5.8042258e+01   1.1088794e+01
  -7.7816989e+00  -3.4538022e+01
  -4.7735465e+01  -2.4756356e+00
  -2.8538513e+01  -5.8887741e+00
  -4.2646980e+01  -1.1006779e+01
  -3.2098427e+01  -2.4449194e+01
  -1.9540066e+01  -9.9477025e+00
   3.2179861e+01   3.4667826e+01
   7.0133266e+01  -9.6554039e+01
   5.5567737e+01  -7.9835103e+01
  -5.0305445e+01   6.7737407e+01
  -4.8361465e+01   4.6330107e+01
   9.2324396e+01  -5.9320925e+01
   9.8234980e+01  -7.4196804e+01
  -8.3460678e+01   2.9648628e+01
   6.4822651e+01   2.2037215e+01
  -3.1999706e+01   6.6818818e+01
   2.8334801e+01  -8.1972943e+01
  -6.5937935e+01  -3.8206763e-01
  -7.1073387e+01  -1.3985533e+01
   3.4547191e+01  -5.1095374e+01
  -5.8876780e+01   8.8424590e+01
  -6.8793669e+01   8.9701268e+01
  -9.2479859e+01  -5.6962205e+01
  -4.5876848e+01   9.7852071e+01
   9.4879092e+01  -3.2147994e+01
  -5.1898249e+01   5.5659063e+01
  -6.7515926e+01   7.9787143e+01
  -8.7398735e+01   9.7390941e+01
  -4.0231568e+01   8.3038690e+01
  -1.5790679e+01   9.7812151e+01
  -6.9233843e+01   4.5815828e+01
  -9.6252578e+01  -6.6205378e+01
   6.0100649e+00  -8.1544052e+01
  -1.1510012e+01  -6.2298986e+01
   1.6960844e+01  -8.2918491e+01
   5.7512955e+01  -4.9304183e+01
  -4.5968144e+01   2.6847745e+01
  -8.1569798e+01  -8.6033226e+00
   3.5997928e+01  -3.1905011e+01
   4.5551683e+01  -2.9109246e+01
   9.5991853e+01  -1.9071579e+01
  -2.8420621e+01  -8.4712491e+01
  -4.0352303e+01  -9.5844052e+01
  -3.1052236e+01  -9.9442236e+01
   5.2595173e+01  -5.7421609e+01
  -9.8277868e+01  -1.2085813e+01
  -7.9756108e+01   6.7596657e+01
   2.7874294e+00  -3.4428950e+01
   1.7095288e+01  -2.2063574e+01
   4.1140645e+00  -2.4894681e+01
   8.1127576e+01  -4.5844493e+01
  -8.5971246e+01   5.4747250e+00
  -9.3385227e+01   5.3862605e+01
