   2.9330659e+01  -9.3392758e+00
  -2.0102604e+01  -2.4851073e+01
   3.3630707e+00  -2.2913073e+01
   3.4929970e+01   5.3575349e+01
   5.7935834e+01  -3.3183326e+01
  -6.0785636e+00  -3.8897049e+01
  -4.2132715e+00  -5.8373256e+01
  -2.7592763e+01   5.8418023e+00
  -1.2085962e+01  -7.8003511e+00
   1.2335345e+01   4.0208777e+01
   3.8468444e+01   6.7191522e+00
   9.8630888e+00  -4.2048984e+01
  -3.5275842e+01  -1.1592799e+01
  -6.7783572e+01  -3.2013765e+01
   5.1252428e+01   4.3243853e+01
   5.6693944e+01  -1.2885855e+01
   2.5173363e+01   5.1383726e+01
   3.6785066e+01   3.5277013e+01
   2.6678890e+01  -4.1473852e+01
  -1.3957802e+01  -3.2739794e+01
  -5.1822407e+01  -5.3145113e+00
  -3.3387050e+01   1.3991990e+01
   1.8454713e+01  -4.7162491e+01
   7.6255235e+01   1.2874606e+01
   3.3162045e+01   2.5956707e+01
   3.7075838e+01   1.6669795e+01
   2.4082054e+01   2.1768821e+01
   3.9729422e+01  -3.3382275e+00
  -2.3871402e+01   5.2101241e+01
   9.3183794e+00  -9.4716877e+00
   6.6401048e+01  -1.2897857e+00
   1.4223393e+01   6.8917912e+01
  -4.5922052e+01   3.9034623e+01
   9.7526837e+00   1.0666124e+01
   2.9164007e+01  -3.1787671e+01
   2.7611297e+01  -6.4974140e+01
   2.2192016e+01  -1.6339814e+01
  -3.4732653e+01  -7.2062036e+01
   2.0839643e+01  -2.6247441e+01
  -5.2259205e+01   3.1299315e+01
  -5.9577128e+01   2.4373952e+01
  -6.4387710e+01  -4.2543595e+00
   3.0244093e+00  -3.4757496e+01
  -2.8229382e+01  -1.9024655e+01
   1.8672810e+01  -6.9629884e+01
   5.3013413e+01   2.3547181e+01
  -3.2673106e+01  -3.4120571e+01
  -3.0032713e+01  -4.4038102e+01
  -6.0297872e+00   3.6826695e+01
   1.8973589e+01  -6.8686837e+00
  -1.3576192e+01   6.4950553e+01
   5.4475041e+00   5.1589822e+01
   1.1158596e+01   3.5746421e-01
  -3.0591755e+01   3.3646252e+01
   4.1706346e+01   4.6221437e+01
  -1.4293907e+01   5.4976716e+01
   3.8839183e+01  -3.4314220e+01
   4.0195383e+01  -2.4406806e+01
   3.5916862e+01  -4.5302164e+01
   2.7491676e+01  -5.1441516e+01
   1.5560964e+01  -6.0126647e+01
   1.8086201e+01  -3.6359214e+01
   1.1245630e+01  -2.9065423e+01
  -1.3871131e+01  -5.5784777e+01
  -4.0140435e+01   2.3336734e+01
  -6.3448988e+01   1.1473814e+01
  -6.9494538e+01  -1.2851915e+01
  -5.7556945e+01   3.0488743e+00
  -4.3376637e+01   1.3323900e+01
  -4.1896890e+01  -4.1050714e+00
  -4.8553195e+00  -2.8606623e+01
  -1.2084314e-01  -7.7931813e+01
  -2.2189827e+01  -5.0238409e+01
  -2.7781179e+00  -1.5022311e+01
  -1.0995854e+01  -2.0718205e+01
   5.4094642e+00  -6.1091062e+01
   5.6891438e+01   1.4330173e+01
   2.5406858e+01   3.2269626e+01
   4.3077663e+01   2.4666793e+01
   1.2707119e+01   2.0217368e+01
  -3.7571906e+01  -6.2473573e+01
   3.7767649e+01  -1.4706263e+01
   3.0532237e+01   5.8671218e-01
   5.6664937e+01   3.4835466e+01
   4.7086986e+01  -1.0110308e+01
  -4.9656335e+01  -2.3603821e+01
   4.7013710e+01   1.2771393e+01
  -1.1781186e+01   2.8649392e+01
  -5.2876194e+00   7.3248403e+01
  -2.1981675e+01   7.0367714e+01
   1.4273690e-01   1.4202595e+01
   8.0137686e+01  -1.5757027e+01
   1.9952945e+00   4.3630765e+00
   3.3453168e+01   6.3465587e+01
   4.9122557e+01  -1.9900849e+01
  -2.1776279e+01   2.8925616e+01
  -3.7983443e+01  -2.1212309e+01
  -2.9004789e+01   4.3519465e+01
   2.2215198e+01   4.1746460e+01
   1.5307242e+01   4.9755748e+01
   2.0813846e+01   2.9605186e+00
   3.1949955e+01   4.4030013e+01
   5.0347205e+01   5.3202760e+01
   1.5660178e-01  -5.4645004e+00
   4.8215045e+01  -3.0836944e+01
   4.5520744e+01  -4.1754151e+01
   3.4744344e+01  -7.1982680e+01
  -2.4940782e+01  -7.0032540e+01
   3.0522271e+01  -2.1871501e+01
   1.2537505e+01  -1.8939132e+01
  -4.9980796e+01   2.1562888e+01
  -2.3951666e+01  -6.0081715e+01
  -6.8593316e+01   2.0048894e+01
  -1.9124095e+01  -1.4899379e+01
  -2.6067788e+01  -7.7064796e+00
  -6.7361787e+01   3.0650546e+01
  -7.1361919e+01  -2.2675944e+01
  -3.7620713e+01   4.9334565e+00
  -5.3475890e+01   1.2194899e+01
  -4.5431204e+01  -1.4540550e+01
  -1.5124717e+01  -4.3161472e+01
  -5.8287487e+01  -1.2943059e+01
  -1.3383229e+01  -6.5772392e+01
  -9.7432668e+00  -7.5086149e+01
  -8.8365279e-01  -4.7441644e+01
  -3.0142081e+01   2.3449882e+01
   3.4922723e+01  -5.8132420e+01
   6.5104430e+01   8.6255840e+00
   8.5402236e+00  -7.0587775e+01
  -1.7558762e+00  -6.8066476e+01
  -4.7612311e+01   4.0969358e+00
  -3.2125506e+01  -5.4086874e+01
   9.6713372e+00  -5.2045671e+01
  -2.3060089e+01  -3.6873537e+01
   2.9210384e+01   1.0497309e+01
   1.9501340e+01   1.2880648e+01
   4.7654707e+01   2.7687761e+00
  -3.7226488e+00   6.3245594e+01
   6.2497735e+01   2.6712998e+01
  -2.7357327e+01   6.1935543e+01
   4.6701269e+01   3.3986532e+01
  -5.8355532e+01  -3.8171441e+01
  -5.8550644e+01  -2.8173421e+01
   2.7308779e+00   3.1771263e+01
   2.3703143e+01   6.5687434e+01
   5.6519650e+01  -2.8250678e+00
   4.1804349e+00   6.9372657e+01
   7.3781601e+01  -8.0369956e+00
  -1.0839902e+01   4.5592890e+01
   6.6492415e+01  -1.4882978e+01
  -1.6977394e+01   3.7698262e+01
  -4.1546978e+01   4.8026530e+01
   6.7822373e+01   1.8248952e+01
  -4.2202643e+01  -3.0268260e+01
  -3.3655372e+01   5.4168117e+01
   1.2608955e+01   3.0214541e+01
   2.5049677e+00   4.2033656e+01
  -4.4103639e+00   5.3269283e+01
   1.1959477e+01   5.9178097e+01
   4.2792292e+01   5.9754292e+01
  -1.9271741e+01  -3.7675831e-01
  -3.1141649e+00   2.3657360e+01
  -7.4357516e+00   1.0484728e+00
