   3.3857038e+01  -3.0769696e+01
   4.1518702e+01  -4.9737771e+01
   5.5675561e+01   7.5428056e+01
   4.6180485e+01   5.0331852e+01
  -7.8012806e+01   4.0565651e+01
   1.4376117e+01  -2.0266973e+01
  -1.6912705e+01   7.2195751e+01
   6.5147839e+01  -1.4472242e+01
  -5.3091143e+01  -7.3977675e+00
   9.3968406e+01   4.1985456e+01
  -6.6420112e+01  -7.8996220e+01
  -3.1806503e+01  -5.1941672e+01
  -9.9720470e+01  -4.1527630e+01
  -3.9497669e+01   1.8559323e+01
  -1.7039995e+01   3.0329466e+01
  -3.7161374e+01   3.2575096e+01
  -6.8103562e+01  -6.8152248e+01
  -4.7185645e+01  -8.2281264e+01
  -5.3956487e+01   4.2642812e+01
  -4.6027247e+00  -2.6056293e+01
  -8.7630073e+01  -7.8349518e+01
  -6.6196794e+01  -3.6728042e+01
   9.6813900e+01   2.3443087e+01
  -8.0433164e+00   5.5284668e+01
   3.7783090e+01   2.9746303e+01
   4.2155791e+01   7.2729278e+01
  -7.2303908e+01  -2.9005137e+01
   5.8043523e+01  -2.1509518e+01
  -4.9427590e+01  -5.9253978e+01
  -1.2830104e+00  -4.6014658e+00
  -7.7342868e+01  -6.4455183e+01
   7.2502480e+01   2.0209382e+01
  -7.2107886e+01  -8.7648198e+01
   5.2052635e+01   9.8807485e+01
   3.7384553e+01   8.4695306e+01
  -7.3639492e+00   4.3590023e+01
  -2.6075877e+01   4.6799781e+01
  -4.4282890e+01   9.7811975e+00
  -4.1574485e+01   6.2796866e+01
  -3.7949760e+01   5.3479534e+01
   6.3365125e+01   4.4467295e+01
  -7.0654790e+01   3.3508930e+01
   4.9011456e+01  -5.9655511e+01
  -5.9568395e+01  -2.6045589e+01
  -3.1639195e+01   6.3578992e+01
   6.1949517e+01  -4.9977285e+00
   5.3952646e+01  -1.2334292e+01
   2.4175108e+01  -2.7899773e+01
  -8.1549535e+01  -3.2787311e+01
   2.9969609e+01   5.7065142e+01
  -1.1989187e+01  -5.0417010e+01
   4.4543327e+01  -3.0378409e+01
  -3.9714677e+01  -7.6121339e+01
  -7.2541268e+01  -5.0305245e+01
  -5.6893406e+01  -8.2508185e+01
   2.5756441e+00   7.8392351e+01
  -8.8755903e+01  -8.8368202e+01
   1.0369320e+01  -1.1829793e+01
   2.0836844e+00  -1.6949453e+01
   8.7039838e+01   5.0563894e+01
  -5.7611345e+01  -5.3890052e+01
   7.8165334e+01   1.0802645e+01
   8.7010002e+01   2.6042936e+01
   6.1144983e+01   9.4645537e+01
   4.5776734e+01   9.1024916e+01
   3.1067303e+01   7.6956685e+01
  -9.9686081e+01  -5.1526092e+01
  -9.2195738e+01  -3.4957243e+01
  -9.3896851e+01  -1.3388092e+01
   8.3651814e+01  -1.2698975e+01
   3.8147137e+01   9.7485327e+01
  -2.8208929e+01   3.7032620e+01
  -3.5597432e+01   4.3764605e+01
  -4.0428283e+00   2.4243950e+01
  -1.6947404e+01   4.0328909e+01
  -3.4444007e+01  -1.3519028e+00
  -5.3285191e+01   2.0552194e+01
  -6.3116585e+01  -9.8612620e+01
  -4.7424023e+01   5.0255113e+01
  -5.1021830e+01   5.9581107e+01
   4.7737013e+01   3.0649576e+01
  -4.4542129e+01   3.9314259e+01
   5.5971908e+01   5.1827696e+01
  -9.6549997e+01   4.1652042e+01
  -7.9631190e+01   2.0325779e+01
   3.2098426e+01  -4.6402914e+01
   5.1511509e+01  -4.9857694e+01
  -4.4881783e+01  -1.6103506e+01
  -5.4816051e+01  -1.7247346e+01
  -7.7752821e+01  -2.0754512e+01
   6.0182268e+01   4.8520163e+00
  -2.7034888e+01   7.2399022e+01
  -2.1882139e+01   6.1424330e+01
   7.2145090e+01  -5.7006419e+00
   4.2980485e+01   1.3188356e+00
   6.4504703e+01  -3.1623167e+01
   7.8776161e-01  -4.4276720e+01
   6.2310371e+00  -3.5897213e+01
  -8.5230115e+01  -4.2082144e+01
  -7.5360011e+01  -4.0761584e+01
  -1.8869159e+01  -5.7536913e+01
   4.0117997e+01   6.2940442e+01
  -3.0121965e+01  -4.2168569e+01
  -3.3037041e+01  -6.9161853e+01
   4.5527908e+01   4.0378468e+01
  -3.8647394e+01  -6.0830247e+01
  -8.0846777e+01  -5.5212621e+01
   3.9565666e+01  -3.9163049e+01
   4.9525459e+01  -4.0057572e+01
  -5.4516374e+01  -9.2545238e+01
  -2.3211605e+01   8.1580744e+01
  -9.7432608e+01  -7.9467628e+01
  -7.6717006e+00   7.6603434e+01
  -9.2679064e+01  -7.0158257e+01
   9.8390657e+00   3.9537484e-01
   2.3159417e+01  -9.3810648e+00
  -8.8509504e+01  -6.0981151e+01
   9.5560867e+01   5.1090842e+01
  -1.2448386e+01  -9.8905380e+01
   7.2848794e+01   4.9469931e+01
  -6.3639609e+01  -4.6191867e+01
  -5.8807584e+01  -6.4527100e+01
  -5.4090901e+01  -7.3234567e+01
  -6.6563680e+01  -5.8273139e+01
   8.7058587e+01   5.9675814e+00
   9.7818921e+01   3.7284465e+00
   8.6632164e+01   1.6098167e+01
   9.3706943e+01  -5.3788992e+00
   9.4216141e+01   3.2743908e+01
   4.7497596e+01   8.1179182e+01
   5.6437932e+01   8.5782780e+01
   3.0979554e+01   6.6980965e+01
   2.1425878e+01   6.9915059e+01
  -9.9349762e+01  -2.1762939e+01
   8.2246115e+01  -2.7982677e+00
   9.2593798e+01  -1.7175684e+01
   3.0006718e+01   9.1678010e+01
  -7.5909316e+00   3.3593011e+01
  -1.6728371e+01   5.0335123e+01
   1.7155212e+00   3.7247623e+01
  -2.6527604e+01   2.7182406e+01
  -3.3818825e+01   8.6245689e+00
  -5.3297487e+01   3.2672287e+01
  -2.9543888e+01   1.7657487e+01
  -4.5268024e+01   2.6720412e+01
  -5.7786815e+01   5.1859626e+01
   3.5481185e+01   3.9453301e+01
  -6.3769966e+01   4.0754642e+01
   5.3730454e+01   2.2663761e+01
  -4.9043901e+01   6.9431298e+01
   5.5474457e+01   3.8324221e+01
   6.5292205e+01   5.4878708e+01
  -6.4704337e+01   2.5473416e+01
  -8.8684708e+01   3.5478857e+01
  -8.6826413e+01   4.5304528e+01
   7.0178390e+01   4.7973753e+00
  -8.0126007e+01   3.0312108e+01
   2.2799429e+01  -5.0073111e+01
  -6.2843182e+01  -1.1249805e+01
  -3.5831501e+01   7.7241947e+01
   6.0531694e+01  -5.4165501e+01
  -9.8471311e+00   6.5119764e+01
   3.9006279e+01  -5.9415619e+01
  -5.9107618e+01   5.8919785e-01
  -6.7578694e+01  -2.0057468e+01
  -4.3157954e+01  -6.2537351e+00
  -8.3927266e+01  -1.2970896e+01
   7.4297079e+01  -1.8508012e+01
  -8.9969290e+01  -2.5226112e+01
   4.6864430e+01  -1.9388170e+01
   9.6305492e+01   1.3577446e+01
   5.2544425e+01  -1.5999494e+00
   5.4531085e+01  -3.0872145e+01
  -5.2824653e+00  -3.6033158e+01
   5.4246542e+00  -2.6000823e+01
   1.4446754e+01  -3.0188695e+01
  -9.6455792e+00  -6.1202468e+01
  -3.0595981e+01  -8.0036565e+01
   4.9580688e+01   5.9725264e+01
  -8.9780317e+01  -5.0922260e+01
  -2.8020493e+01  -6.0933740e+01
  -2.0544184e+01  -4.5139675e+01
  -4.5578418e+01  -6.8210386e+01
   2.6844388e+01  -3.7898047e+01
  -4.4716547e+01  -9.1891819e+01
   3.6288860e+01   4.9379548e+01
  -7.8499931e+01  -7.4251941e+01
  -2.3091319e+01  -6.9659448e+01
  -1.3701532e+01   8.4567928e+01
  -8.0152491e+01  -8.3965092e+01
  -8.1135225e+01  -9.5072971e+01
  -2.0890246e+00   8.7209060e+01
  -6.3436850e+01  -8.9096259e+01
   8.6222198e+01   4.2028422e+01
  -9.8100426e+01  -6.1924948e+01
   8.0141549e+01   5.3154374e+01
   4.2988695e+00  -8.2050471e+00
  -4.6047431e+00  -9.8130979e+01
   1.6942055e+01  -1.0122411e+01
   1.1672029e+01  -3.3742557e+00
