   9.5100000e+02
   6.8700000e+02
   6.5700000e+02
   1.1110000e+03
   9.2900000e+02
   9.3900000e+02
   9.5500000e+02
   6.3500000e+02
   6.5900000e+02
   6.7700000e+02
   8.9700000e+02
   1.0690000e+03
   8.9900000e+02
   7.4100000e+02
   9.2500000e+02
   8.1900000e+02
   6.1500000e+02
   6.1700000e+02
   9.7100000e+02
   8.6900000e+02
   1.0610000e+03
   7.5300000e+02
   7.2500000e+02
   8.7300000e+02
   7.6500000e+02
   1.0370000e+03
   9.3300000e+02
   9.3500000e+02
   1.1030000e+03
   8.8500000e+02
   1.0990000e+03
   1.0810000e+03
   6.7900000e+02
   9.2300000e+02
   1.0950000e+03
   1.0870000e+03
   7.7700000e+02
   1.0730000e+03
   9.0100000e+02
   6.2500000e+02
   8.1700000e+02
   8.2700000e+02
   7.1300000e+02
   7.1100000e+02
   1.1070000e+03
   8.7900000e+02
   1.0770000e+03
   1.0630000e+03
   1.0150000e+03
   8.9300000e+02
   7.0900000e+02
   6.8900000e+02
   1.0230000e+03
   1.0790000e+03
   6.9300000e+02
   7.1900000e+02
   8.9500000e+02
   1.0510000e+03
   7.8500000e+02
   7.7900000e+02
   9.0300000e+02
   7.6100000e+02
   1.0450000e+03
   1.0970000e+03
   9.8700000e+02
   9.4300000e+02
   7.8900000e+02
   9.6500000e+02
   8.2100000e+02
   6.1400000e+02
   6.1600000e+02
   8.5900000e+02
   6.2200000e+02
   6.2400000e+02
   8.2900000e+02
   8.3300000e+02
   8.3900000e+02
   8.4300000e+02
   1.1050000e+03
   8.6700000e+02
   8.5100000e+02
   1.0670000e+03
   8.4500000e+02
   1.0750000e+03
   6.5600000e+02
   6.5800000e+02
   6.6200000e+02
   1.1130000e+03
   1.0050000e+03
   8.6500000e+02
   6.7600000e+02
   6.7800000e+02
   1.0650000e+03
   6.8400000e+02
   8.7100000e+02
   6.8800000e+02
   8.6100000e+02
   1.0250000e+03
   6.9600000e+02
   6.9800000e+02
   1.0330000e+03
   1.0710000e+03
   9.0700000e+02
   7.0800000e+02
   1.1090000e+03
   1.0130000e+03
   9.3100000e+02
   7.1800000e+02
   9.1700000e+02
   1.0850000e+03
   9.6100000e+02
   7.4000000e+02
   7.4200000e+02
   7.4400000e+02
   9.5300000e+02
   9.6900000e+02
   1.0910000e+03
   1.0590000e+03
   1.0470000e+03
   1.1010000e+03
   9.7700000e+02
   9.8500000e+02
   7.7000000e+02
   9.9100000e+02
   9.9700000e+02
   7.7800000e+02
   9.9500000e+02
   1.0490000e+03
   7.8400000e+02
   7.8800000e+02
   1.0830000e+03
   1.0310000e+03
   8.8700000e+02
   1.0410000e+03
   8.1600000e+02
   8.1800000e+02
   8.2000000e+02
   8.2400000e+02
   8.2600000e+02
   8.2800000e+02
   8.3000000e+02
   8.3200000e+02
   8.3400000e+02
   8.3800000e+02
   1.0890000e+03
   8.4400000e+02
   8.4800000e+02
   8.5200000e+02
   8.5400000e+02
   8.5800000e+02
   8.6000000e+02
   1.0190000e+03
   8.6600000e+02
   8.6800000e+02
   8.7800000e+02
   1.0210000e+03
   1.0270000e+03
   8.8400000e+02
   1.0290000e+03
   1.0350000e+03
   8.9400000e+02
   8.9600000e+02
   8.9800000e+02
   9.0000000e+02
   9.0200000e+02
   9.0600000e+02
   9.1400000e+02
   9.1600000e+02
   9.1800000e+02
   9.2200000e+02
   9.2400000e+02
   9.2600000e+02
   9.2800000e+02
   1.0930000e+03
   9.3800000e+02
   9.4400000e+02
   1.0390000e+03
   9.5000000e+02
   9.5200000e+02
   9.5400000e+02
   1.0430000e+03
   9.6000000e+02
   9.6200000e+02
   9.6400000e+02
   9.6800000e+02
   9.7600000e+02
   9.8400000e+02
   9.8600000e+02
   9.9000000e+02
   9.9400000e+02
   9.9600000e+02
   1.0040000e+03
   1.0120000e+03
   1.0140000e+03
   1.0200000e+03
   1.0220000e+03
   1.0280000e+03
   1.0300000e+03
   1.0320000e+03
   1.0340000e+03
   1.0360000e+03
   1.0380000e+03
   1.0420000e+03
   1.0460000e+03
   1.0480000e+03
   1.0500000e+03
   1.0540000e+03
   1.0560000e+03
   1.0580000e+03
   1.0600000e+03
   1.0620000e+03
   1.0640000e+03
   1.0660000e+03
   1.0680000e+03
   1.0700000e+03
   1.0720000e+03
   1.0740000e+03
   1.0760000e+03
   1.0780000e+03
   1.0800000e+03
   1.0820000e+03
   1.0840000e+03
   1.0860000e+03
   1.0880000e+03
   1.0900000e+03
   1.0920000e+03
   1.0940000e+03
   1.0960000e+03
   1.0980000e+03
   1.1000000e+03
   1.1020000e+03
   1.1040000e+03
   1.1060000e+03
   1.1080000e+03
   1.1100000e+03
   1.1120000e+03
