  -2.2784928e+01  -2.7948451e+01
   3.0530256e+01   5.7214457e+01
   6.3816430e+01  -4.3214581e+01
  -1.2604593e+01  -4.2281239e+01
  -6.8677057e-01  -5.8289918e+01
  -2.9995106e+01   1.4314152e+01
   2.0345205e+01   4.7043277e+01
  -3.9990945e+01  -7.8608773e+00
  -7.9161347e+01  -4.7475494e+01
   9.3668523e+01   1.8400529e+01
   3.3996557e+01   2.6192233e+01
   4.3652095e+01   2.8628528e+01
   4.3495886e+01  -9.7946238e+00
   2.9788411e+00   8.1541073e+01
  -5.1247216e+01   4.1842971e+01
   2.9203952e+01  -2.1209397e+01
  -3.4764548e+01  -7.9438288e+01
   2.2251619e+01  -4.2192184e+01
  -5.9229082e+01   3.3084012e+01
  -7.0642629e+01  -4.8803067e+00
   5.2468380e+00  -4.7378107e+01
   1.7622893e+01  -8.1924215e+01
  -3.1795398e+01  -2.3619798e+01
  -2.1411281e+01  -4.7866159e+01
   3.3824325e+01  -1.2323684e+01
  -4.5990942e+00   6.3398513e+01
   1.6235316e+01  -6.3005378e+00
  -3.8465024e+01   4.1315712e+01
   3.3166129e+01  -3.7214663e+01
   4.3627051e+01  -4.9755916e+01
   2.7672118e+01  -6.1436301e+01
  -6.7568852e+01  -1.4501352e+01
  -4.9504306e+01  -1.0934685e+01
   6.3568528e+00  -8.8763642e+01
   6.2276049e+01   1.3503649e+01
   5.0250573e+01   3.6244173e+01
  -5.0322572e+01  -2.3200921e+01
   1.3775890e+00   4.0849452e+01
  -3.5376394e+00   7.3955859e+01
  -2.1636843e+01   7.4553590e+01
   9.8388420e+00   1.2087856e+01
   8.5485080e+01  -1.6462869e+01
   3.7827006e+01   7.5728414e+01
   5.8576620e+01  -2.2913833e+01
  -2.3106231e+01   2.6718292e+01
   4.2880527e+01   4.3001449e+01
   5.1839096e+01   5.8052056e+01
   5.3394649e+01  -4.7617048e+01
   3.5421369e+01  -8.6649335e+01
  -2.0628475e+01  -7.9418524e+01
  -4.4825445e+01   1.2076666e+01
  -8.2175630e+01   2.2875264e+01
  -6.8951312e+01   3.5368639e+01
  -6.4171400e+01  -2.4227076e+01
  -1.8609940e+01  -9.3816127e+01
  -4.9303549e+01   3.2034167e+01
   3.6523835e+01  -5.6790919e+01
   5.2925707e+00  -7.0908675e+01
  -5.3358170e+01   6.8634369e+00
  -3.1777367e+01  -5.2835202e+01
   1.5084932e+01  -4.9156575e+01
  -2.1562718e+01  -3.7863145e+01
   3.2964630e+01   1.0119160e+01
   1.9807206e+01   1.2398430e+01
   4.5355714e+01   9.7499123e+00
   6.0025987e+01   3.4142873e+01
  -2.2346035e+01   6.4578786e+01
  -5.9700760e+01  -5.0935679e+01
   2.5619176e+01   7.5971346e+01
   6.2562940e+01  -1.0213893e-02
   8.0242196e+01  -7.6265341e+00
  -2.3983077e+01   5.4714366e+01
   7.0200373e+01  -2.8273044e+01
  -3.3598373e+01   5.1968340e+01
   7.0299623e+01   7.5368461e+00
  -4.1418237e+01  -2.7746122e+01
   1.5726912e+01   3.3946109e+01
   1.1473073e+01   5.2823105e+01
  -1.8252346e+01  -9.9789446e+00
   6.0011190e+00   3.1675028e+01
  -9.1677002e+00  -5.8493493e+00
   4.0825453e+01  -1.9459366e+01
   5.1184090e+01  -1.6183789e+01
   5.2577060e+01  -3.7652664e+01
   4.2817826e+01  -3.9791913e+01
   3.4691876e+01  -7.6677033e+01
  -4.2790740e+01  -8.5400303e+01
  -2.7705240e+01  -7.2360258e+01
  -2.7541169e+01   4.4011675e+01
   1.9525245e+01  -2.3722087e+01
  -6.0077770e+01   1.4257800e+01
  -6.1192171e+01   4.2884843e+01
   1.0601007e+01  -2.8237709e+01
  -6.9815079e+01   1.6524736e+01
  -7.8852267e+01   3.4014810e+01
  -9.2230893e+01  -2.3482519e+01
  -1.9975868e+01  -1.4398269e-01
  -6.2508847e+01   2.8308493e+00
   1.3045600e+00  -8.0078960e+01
  -7.8381100e+01  -1.1213743e+01
  -4.2953551e+01   2.1899316e+01
   4.4973931e+01  -6.2135048e+01
  -1.2256645e+00  -3.1369793e+01
   4.4546467e+00  -2.0356184e+01
   8.0452645e+01   2.3712498e+00
   1.5205234e+01  -7.2222077e+01
  -2.0311213e+01  -5.7804446e+01
  -1.6901594e+01  -1.9874357e+01
  -5.8819696e+01  -6.0896583e+01
   1.7314686e+01   2.2077496e+01
  -8.1511222e+00  -7.6824870e+01
  -1.2457249e+01   7.8520511e+01
  -1.3205210e+01  -3.2300086e+01
   3.2873446e+01  -2.3728552e+00
   1.3373908e+01  -1.5859294e+01
   6.3425769e+00  -8.3340216e+00
  -3.9852855e+01   6.8932550e+01
   2.7612960e+01   1.8560699e+01
  -1.3168589e+01   6.8547144e+01
   7.0102592e+01   4.9268641e+01
   6.3188667e+01   2.4657461e+01
  -7.5654346e+01  -3.8111249e+01
  -6.6570902e+01  -3.3932382e+01
   1.5133121e+01   3.6052591e+00
   3.9394408e+01   1.7776182e+01
  -2.0192603e+01   3.7055484e+01
   3.5099795e+01   6.6108085e+01
   2.0534019e+01   5.7042420e+01
   1.4986475e+01   6.5762810e+01
   5.1808956e+01  -3.6035695e+00
  -8.2743623e+00   4.9588914e+01
   9.1044541e+01  -8.1575669e+00
   8.2790447e+01  -2.8083454e+01
  -5.3914880e+01   5.1537998e+01
   6.0149552e+01  -9.7142147e+00
  -5.0546590e+01   6.0987650e+01
  -5.3541013e+01  -3.2669100e+01
  -3.9959709e+01  -1.7855202e+01
  -3.3243911e+01  -3.3498479e+01
   1.1173498e+01   4.2836703e+01
   2.4442914e+01   2.9081320e+01
   6.0979178e+01   5.3996325e+01
   3.4159500e+01   4.7897135e+01
  -1.3235090e-01   1.2125507e+01
   5.4683143e+01   6.1461551e+00
  -2.6398990e+00   2.2491576e+01
  -3.8930954e+01  -5.9814336e+01
   3.9335483e+01  -2.9346173e+01
   3.3717731e+01  -4.7195640e+01
   2.4862715e+01  -5.1841316e+01
   7.2369408e+01  -3.8033633e+01
   3.6120570e+01  -6.6781676e+01
   4.8712888e+01  -2.5873476e+01
   6.1177345e+01  -3.2567575e+01
   4.4712407e+01  -7.7039509e+01
   5.3886981e+01  -5.7603581e+01
  -5.0471482e+01  -7.8997135e+01
  -2.7686585e+01  -8.6502271e+01
   2.4396726e+01  -3.2434911e+01
  -6.7911199e+01   5.0286898e+01
  -3.0137736e+01  -4.2987367e+01
  -7.2712181e+01   2.6103216e+01
  -8.8316603e+01   3.0796589e+01
  -5.2944309e+01   2.2721486e+01
  -7.9280343e+01   1.3303215e+01
  -7.5051512e+01   4.3287989e+01
  -2.6936635e+01  -1.4900946e+01
  -8.2788914e+01  -2.0189627e+01
  -3.8868395e+01   4.0457629e+00
  -7.0498187e+00  -5.0586094e+01
  -6.0877692e+01  -7.0344897e+00
  -4.7404681e+01  -1.1602854e+00
  -5.7780015e+01  -1.6541147e+01
  -2.8877010e+01   4.3959283e+00
  -2.9830535e+00  -1.3689552e+01
  -7.1725884e+01   6.7091268e+00
   5.2735212e+01   1.6496039e+01
   7.8788061e+01   1.2817955e+01
  -3.6111804e+00  -8.9550959e+01
   6.8215608e+00  -3.7494559e+01
   9.2528186e+00  -5.7272876e+01
  -3.9589773e+00   3.2399461e+01
  -3.0283525e+01  -5.4900236e+00
  -8.0814309e+01  -1.5143390e+00
  -2.6612391e+00  -4.1263343e+01
  -1.0546154e+01  -5.9954609e+01
   8.8350907e+01   9.9355574e+00
  -9.1997727e+00   8.7974391e+01
   8.3892839e+01   2.2920372e+01
   2.4877143e+01  -7.4761952e+01
  -4.1642491e+00  -6.7659181e+01
  -5.1726911e+01  -6.9076463e+01
  -2.9153024e+01  -6.2474053e+01
  -7.6869217e+00  -2.3742585e+01
   2.3840681e+01  -1.2774511e+01
   1.7739661e+01  -6.2551052e+01
  -6.2978519e+01   2.3821080e+01
  -3.7409005e+01  -6.9695802e+01
  -4.8922299e+01  -5.9478045e+01
   2.5117380e+01   3.9277133e+00
   4.2544222e+01   1.5718355e-01
  -3.1636360e+01   7.4631497e+01
  -1.2822347e+01  -8.5663414e+01
  -2.6609772e+01   8.3276097e+01
   5.3354458e+01  -6.7589242e+01
   5.2048252e+01   4.6977232e+01
  -6.8396299e+01  -4.5385214e+01
   6.1595833e+01   4.4015824e+01
   3.5743471e+01   3.6018411e+01
  -5.9439088e+01  -4.0939579e+01
   5.3416889e+01   2.6642991e+01
   4.9291536e+00   6.0376728e+01
  -1.6016241e+01  -7.0196988e+01
   4.5816457e+01   6.9308926e+01
   1.6220337e+01   8.2299041e+01
  -7.4124324e+01  -2.5180875e+01
  -8.2426714e+01  -3.0754038e+01
  -1.0601758e+01   3.9867237e+01
  -3.2695614e+01   2.3922459e+01
  -1.7890163e+01   4.6785703e+01
  -1.3541117e+01   2.9589902e+01
  -1.3969761e+01   5.7806799e+01
  -4.0735377e+01   5.8972736e+01
   9.2944790e+01  -2.3119795e+01
   9.3680673e+01   1.4830786e+00
   7.6272780e+01  -2.0335785e+01
   6.6780358e+01  -1.7198286e+01
   7.0244093e+01  -7.8177155e+00
  -4.4113595e+01   4.9562667e+01
   1.6457403e+00   5.0843816e+01
   1.0028050e+01   7.4446934e+01
   5.9470369e+01   6.4513224e+01
  -2.9788190e+01   3.4267711e+01
   2.4991482e+01   6.5991952e+01
   2.6182170e+01   3.8927271e+01
   4.3216605e+01   5.2990968e+01
  -4.7356393e+00   3.0865774e+00
   5.2170933e+00   2.6275181e+00
   7.3264260e+00   2.1765669e+01
  -3.9347767e+01   3.1362042e+01
   7.2152219e+01   2.0275367e+01
