   4.0735263e+01   9.0188260e+00
   2.9456925e+01  -1.3473705e+01
  -2.3651880e+01  -2.2079596e+01
   7.7442779e-01   2.2382796e+01
   5.7360874e+00  -2.9600806e+01
   1.1963605e+00   1.2391743e+01
  -4.2806230e+00  -6.3180133e+00
   4.4059597e+00  -1.9689664e+01
  -1.3686841e+01  -2.1244291e+01
   2.4647392e+01  -2.4075254e+00
   4.6693898e+00  -1.8574163e+00
   2.3405850e+01   4.1959665e+01
   1.4405340e+01  -1.9578928e+01
  -3.6690272e+00  -2.6203228e+01
  -3.9093963e+01   9.2305188e+00
   1.5059072e+01   1.5255168e+01
  -1.1491918e+01   2.8584010e+01
   1.5735465e+01  -2.9490067e+01
   2.4786643e+01  -2.2466701e+01
  -4.9991713e+00  -1.6292117e+01
  -1.1800721e+01  -4.1139955e+01
   1.5827042e-01  -4.5994173e+01
   9.0880151e+00  -1.0841912e+01
  -2.2321737e+01  -3.1990733e+01
  -2.9100023e+01   8.8824487e+00
  -3.6426312e+01  -9.5848904e+00
  -1.2627776e+01  -8.1122520e-01
   2.8521881e+01   1.0571379e+01
   1.9516918e+01   6.2227585e+00
   9.5383663e+00   6.8771639e+00
   5.2264123e+00   3.8792561e+01
   3.3634781e+01   1.9772992e+00
  -2.1490180e+01   2.8770400e+01
   1.6333813e+01   3.4889574e+01
   2.4955491e+01  -3.3361890e+01
   1.9738000e+01  -1.1119459e+01
  -2.4219209e+00  -3.6125150e+01
  -4.1694310e+01  -6.6327267e-01
   7.6841220e+00  -3.9409225e+01
  -1.3412862e+01  -1.0780358e+01
  -3.1694941e+01  -7.7500276e-01
  -1.2356690e+01  -3.1155427e+01
  -2.6898446e+01  -1.2621285e+01
  -3.3596699e+01  -2.3128625e+01
   3.6267821e+01   1.7965442e+01
  -2.2167086e+01  -3.8114043e+00
   1.4647943e+01  -2.5118313e+00
   8.1723729e+00   2.9111105e+01
  -6.0452524e+00   4.1147123e+01
   4.3067381e+01  -1.3432456e+00
  -3.6851747e+00   3.6642117e+00
   2.6458914e+01   2.0356272e+01
  -1.5455880e+01   3.7764805e+01
   1.7569302e+01   2.4936096e+01
   2.5945567e+01   3.0402961e+01
  -2.0812958e+00   3.1966339e+01
