   2.9337285e+01  -9.3401726e+00
  -2.0102910e+01  -2.4853829e+01
   3.3647982e+00  -2.2912971e+01
   3.4932441e+01   5.3577113e+01
   5.7936362e+01  -3.3183453e+01
  -6.0765468e+00  -3.8897813e+01
  -4.2068868e+00  -5.8372887e+01
  -2.7592479e+01   5.8414021e+00
  -1.2075895e+01  -7.8126524e+00
   1.2336213e+01   4.0214990e+01
   3.8473024e+01   6.7173845e+00
   9.8706485e+00  -4.2052676e+01
  -3.5275897e+01  -1.1580932e+01
  -6.7786912e+01  -3.2015594e+01
   5.1255335e+01   4.3244196e+01
   5.6694797e+01  -1.2886191e+01
   2.5175894e+01   5.1384382e+01
   3.6786317e+01   3.5276928e+01
   2.6681334e+01  -4.1475684e+01
  -1.3957810e+01  -3.2742781e+01
  -5.1834874e+01  -5.3117721e+00
  -3.3385705e+01   1.3992374e+01
   1.8461167e+01  -4.7170249e+01
   7.6257211e+01   1.2873347e+01
   3.3160979e+01   2.5957311e+01
   3.7084658e+01   1.6670340e+01
   2.4077597e+01   2.1775529e+01
   3.9731118e+01  -3.3375617e+00
  -2.3871687e+01   5.2101158e+01
   9.3190320e+00  -9.4708539e+00
   6.6400687e+01  -1.2914883e+00
   1.4225148e+01   6.8925461e+01
  -4.5920791e+01   3.9034922e+01
   9.7541282e+00   1.0668714e+01
   2.9165703e+01  -3.1789237e+01
   2.7611297e+01  -6.4974140e+01
   2.2195994e+01  -1.6339548e+01
  -3.4732968e+01  -7.2062117e+01
   2.0842040e+01  -2.6247302e+01
  -5.2263890e+01   3.1304261e+01
  -5.9579604e+01   2.4374801e+01
  -6.4388596e+01  -4.2547290e+00
   3.0285838e+00  -3.4761493e+01
  -2.8233353e+01  -1.9032116e+01
   1.8674026e+01  -6.9633600e+01
   5.3013557e+01   2.3544175e+01
  -3.2681452e+01  -3.4118183e+01
  -3.0031329e+01  -4.4041259e+01
  -6.0299719e+00   3.6830452e+01
   1.8974489e+01  -6.8685996e+00
  -1.3575029e+01   6.4955181e+01
   5.4475484e+00   5.1597426e+01
   1.1158601e+01   3.5846470e-01
  -3.0593642e+01   3.3646372e+01
   4.1709702e+01   4.6223985e+01
  -1.4295470e+01   5.4981278e+01
   3.8840910e+01  -3.4316668e+01
   4.0197890e+01  -2.4409230e+01
   3.5919708e+01  -4.5303344e+01
   2.7501722e+01  -5.1443385e+01
   1.5564495e+01  -6.0129443e+01
   1.8090418e+01  -3.6357696e+01
   1.1247658e+01  -2.9065651e+01
  -1.3866633e+01  -5.5788299e+01
  -4.0140044e+01   2.3339373e+01
  -6.3460985e+01   1.1470211e+01
  -6.9495281e+01  -1.2852458e+01
  -5.7559641e+01   3.0503483e+00
  -4.3376637e+01   1.3323900e+01
  -4.1908975e+01  -4.0997362e+00
  -4.8532468e+00  -2.8609393e+01
  -1.2060933e-01  -7.7933223e+01
  -2.2186077e+01  -5.0240914e+01
  -2.7793234e+00  -1.5023614e+01
  -1.0997053e+01  -2.0720866e+01
   5.4142994e+00  -6.1098104e+01
   5.6891461e+01   1.4326833e+01
   2.5405079e+01   3.2269571e+01
   4.3078114e+01   2.4674728e+01
   1.2711767e+01   2.0220591e+01
  -3.7571914e+01  -6.2473562e+01
   3.7774648e+01  -1.4707367e+01
   3.0533732e+01   5.8748690e-01
   5.6668096e+01   3.4835802e+01
   4.7087624e+01  -1.0111054e+01
  -4.9667277e+01  -2.3589687e+01
   4.7013195e+01   1.2771312e+01
  -1.1780166e+01   2.8650003e+01
  -5.2876194e+00   7.3248403e+01
  -2.1982657e+01   7.0369156e+01
   1.4274075e-01   1.4202584e+01
   8.0138294e+01  -1.5757767e+01
   1.9937829e+00   4.3641589e+00
   3.3453221e+01   6.3467072e+01
   4.9124209e+01  -1.9901444e+01
  -2.1775924e+01   2.8929687e+01
  -3.7993826e+01  -2.1202017e+01
  -2.9005191e+01   4.3519391e+01
   2.2217672e+01   4.1747941e+01
   1.5308412e+01   4.9762701e+01
   2.0814070e+01   2.9607376e+00
   3.1953207e+01   4.4031304e+01
   5.0347534e+01   5.3202898e+01
   1.5653179e-01  -5.4649602e+00
   4.8215715e+01  -3.0836372e+01
   4.5522825e+01  -4.1756468e+01
   3.4744344e+01  -7.1982680e+01
  -2.4940673e+01  -7.0034603e+01
   3.0524639e+01  -2.1874077e+01
   1.2540046e+01  -1.8937821e+01
  -4.9981619e+01   2.1568382e+01
  -2.3952179e+01  -6.0083628e+01
  -6.8596379e+01   2.0050790e+01
  -1.9127729e+01  -1.4901451e+01
  -2.6062644e+01  -7.6979631e+00
  -6.7363794e+01   3.0652164e+01
  -7.1362262e+01  -2.2676606e+01
  -3.7620522e+01   4.9336797e+00
  -5.3488242e+01   1.2203836e+01
  -4.5439789e+01  -1.4527328e+01
  -1.5124072e+01  -4.3160825e+01
  -5.8291508e+01  -1.2947809e+01
  -1.3384182e+01  -6.5776483e+01
  -9.7419521e+00  -7.5089512e+01
  -8.8271284e-01  -4.7443190e+01
  -3.0140999e+01   2.3451012e+01
   3.4929461e+01  -5.8138490e+01
   6.5106055e+01   8.6242881e+00
   8.5428971e+00  -7.0595888e+01
  -1.7564975e+00  -6.8067970e+01
  -4.7616093e+01   4.1104381e+00
  -3.2125503e+01  -5.4086870e+01
   9.6720156e+00  -5.2050154e+01
  -2.3066753e+01  -3.6866562e+01
   2.9216172e+01   1.0499778e+01
   1.9505053e+01   1.2882479e+01
   4.7659442e+01   2.7667397e+00
  -3.7222718e+00   6.3245519e+01
   6.2498337e+01   2.6711315e+01
  -2.7356842e+01   6.1936018e+01
   4.6703648e+01   3.3994155e+01
  -5.8356025e+01  -3.8172380e+01
  -5.8554182e+01  -2.8174371e+01
   2.7307444e+00   3.1771320e+01
   2.3702858e+01   6.5687499e+01
   5.6519009e+01  -2.8251673e+00
   4.1806447e+00   6.9372819e+01
   7.3782552e+01  -8.0373954e+00
  -1.0839359e+01   4.5597718e+01
   6.6493315e+01  -1.4883338e+01
  -1.6976068e+01   3.7702230e+01
  -4.1547630e+01   4.8027915e+01
   6.7824231e+01   1.8247720e+01
  -4.2219253e+01  -3.0261802e+01
  -3.3655514e+01   5.4169030e+01
   1.2609576e+01   3.0219347e+01
   2.5047556e+00   4.2040553e+01
  -4.4116736e+00   5.3269315e+01
   1.1960509e+01   5.9185430e+01
   4.2794506e+01   5.9756643e+01
  -1.9242423e+01  -3.8680700e-01
  -3.1141921e+00   2.3657339e+01
  -7.4384819e+00   1.0457983e+00
