   2.3814907e+01   6.1061157e+01
   6.8407328e+01   5.0150127e+01
   2.4145605e+01  -9.7063225e+00
  -2.5874567e+01   5.5675534e+01
  -2.9935414e+01  -7.0789948e+01
  -4.0600362e+01   2.6141857e+01
  -4.2060448e+01   4.1471293e+01
   9.5035613e+00  -9.5178086e+01
  -7.4921546e+00  -6.3350339e+01
  -1.1463617e+01  -5.2583455e+01
  -2.5413260e+01  -3.2686307e+01
   5.2262807e-01   3.6784503e+01
  -6.2198230e+00   7.4733702e+01
  -7.1694891e+01   1.0758915e+01
   5.4283277e+01  -4.8966966e+01
   5.4513604e+01  -2.8781489e+01
   9.0355569e+01   2.1844298e+00
  -2.0961006e+01  -9.9549049e+01
   6.8894156e+01  -6.1860187e+01
  -7.0311321e+01  -7.2417889e+01
  -1.1182103e+01  -3.9381801e+01
   6.4647069e+01  -2.2445650e+01
  -3.1240986e+01  -4.4487768e+00
   7.2121699e+01   7.1254875e+00
   2.4618062e+01  -5.2949731e+01
   1.8382148e+01  -3.5687025e+01
   6.7248153e+01  -4.4660473e+01
  -9.0511591e+01  -3.5362347e+01
   7.4192176e+01  -3.4976563e+01
   3.9826388e+01   5.1290495e+01
   1.2341993e+01   4.5513854e+01
   1.4743166e+01   7.3933450e+01
   4.5793997e+01   1.6666106e+01
   7.6072318e+01   8.6813095e+01
   1.2696271e+01   1.1131677e+01
   2.4238611e+01   7.0965705e+01
   3.3212775e+01   9.6979645e+01
  -6.3594740e+01  -2.4827762e+01
  -5.1658928e+01  -8.7933052e+01
   3.6334162e+00   1.5481989e+01
  -7.6831164e+01   9.8170858e-01
  -9.1855380e+01   9.7424145e+00
  -3.2646206e+01   7.8407764e+01
   5.8179419e+01   3.3614003e+00
  -3.8882326e+01  -1.1318495e+01
  -6.9845597e+01   3.4741987e+01
  -5.2248670e+01   8.6419527e+01
  -3.7678284e+01  -9.1486307e+01
  -7.7789956e+01   9.5611476e+01
   2.1912869e+01  -7.1571608e+01
   1.4728435e+00  -8.9392257e+01
   4.9872345e+00  -5.0156098e+01
   9.8393216e+01  -1.9657012e+01
   3.5300825e+01   3.9235935e+01
   3.7458250e+01   8.3622870e+01
   9.8714688e+01   2.2570625e+01
   4.9276697e+01  -7.9569893e+01
  -7.5460988e+01  -8.1848087e+01
  -3.9813556e+01  -7.2713081e+01
   7.4713519e+01  -6.4503754e+00
  -2.9317913e+01  -1.4163875e+01
  -1.6632784e+01  -1.7002993e+01
   1.3635389e+00   6.7557536e+01
  -2.3038947e+01   4.6126648e+01
   6.7488538e+01  -7.1735479e+01
  -4.7658489e+01   3.3215916e+01
  -6.4176804e+01   4.2942374e+01
  -2.2968292e+01   7.5955225e+01
  -5.1709334e+01   5.8181603e+01
   1.7709728e+01  -8.0565838e+01
   5.0193649e+01  -6.8154165e+01
  -6.8126531e+01  -1.5969523e+01
   3.4593205e+01  -5.2756823e+01
   9.9460526e+01  -4.8091307e+01
  -8.0217388e+01  -7.3078438e+01
  -5.8329572e+01  -6.5651728e+01
  -4.3072888e+01  -9.9880716e+01
   9.5347877e+00  -3.1061819e+01
   1.4178281e+01  -1.0116493e+01
   2.0685100e+01   1.7148021e+01
   3.3383624e+01  -6.0248742e+00
   5.8547235e+00   9.1087634e+01
  -3.7478671e+00  -2.4269719e+00
   1.0002309e+01  -2.0217979e+01
  -9.6859376e+01  -6.2501247e+01
   7.5868902e+01   2.1451739e+01
   5.1248895e+01   2.7360785e+01
   7.6621906e+01   6.7752755e+01
   4.4636962e+01   7.7172686e+01
   4.2086436e+01   9.2412612e+01
   8.7791847e+01   4.2778482e+01
   9.7094378e+01  -4.7423567e+00
   1.9347516e+01   9.0604294e+01
  -2.8070834e+01  -8.8781300e+01
   4.3021957e+01  -3.4990904e+00
   1.1770078e+01   2.1050525e+01
  -4.4186072e+01  -1.9780146e+01
   9.2001049e+01  -7.1381925e+01
   9.5284670e+01   1.3453319e+01
  -5.4664824e+01  -2.9134111e+01
  -6.7193237e+01  -1.6208374e+00
  -3.1329435e+01  -5.1147004e+01
  -2.0727908e+01  -4.1355672e+01
  -6.0812242e+01  -7.5251294e+01
   8.9648273e+01  -4.8733092e+01
  -6.1434317e+01  -9.2869590e+01
  -1.8533005e+01  -7.0256667e+01
   1.9597027e+01   5.2122238e+01
   9.9568358e+01  -7.9285337e+01
  -6.2561434e+00  -3.0920968e+01
  -5.5450937e+01   2.5991051e+01
  -1.3941627e+01   5.0042303e+01
  -7.4971117e+01   7.7570742e+01
  -4.7995884e+01   1.9437319e+01
  -5.7220197e+01  -1.1445129e+00
  -4.1010792e+01   9.2541477e+01
  -4.1525795e+01   7.2920253e+01
  -7.4089445e+01   4.3747826e+01
  -8.1994379e+00  -8.7982550e+01
  -2.7296854e+01   9.7467326e+01
  -8.9364605e+01   9.1460743e+01
  -2.5240438e+01   3.6452185e+01
  -5.2777506e+01   1.0665479e+01
  -5.7325608e+01   3.5738093e+01
  -2.9429929e+01   9.9071289e+00
   7.8263744e+01  -6.5128964e+01
  -7.9803072e+01   3.5642711e+01
  -6.1782851e+01   8.9386593e+01
   3.8175179e+01  -4.1190974e+01
   4.6696214e+01  -2.2569419e+01
   3.1874509e+01  -7.1446734e+01
   3.8814558e+01  -1.6479163e+01
   7.2138713e+01  -1.5875972e+01
   9.2540054e+01  -2.7638532e+01
  -8.2572355e+01  -4.3248434e+01
  -5.8408189e+01  -3.8296921e+01
  -9.3289962e+01  -2.1724536e+01
  -8.4882490e+01  -2.7111103e+01
   8.6720949e+00  -5.9362404e+01
   7.6488423e+01   9.7397151e+01
   8.6632403e+01   8.3781117e+01
   6.0674500e+01   3.0636911e+01
  -7.8778612e+01  -6.2232183e+01
  -9.7807516e+01  -7.2442358e+01
   4.3210767e+01   3.3190855e+01
   5.0812882e+01   6.9792755e+01
   5.9451733e+01   8.4386470e+01
   6.5740259e+01   6.1783560e+01
   3.6380987e+01   1.3569972e+01
  -8.9913095e+00  -1.0745190e+01
   9.0733243e+01   5.2274212e+01
  -3.5337772e+01  -3.2553275e+01
   8.4153002e+01   1.8642880e+01
  -4.1639883e+01  -6.1310176e+01
  -4.2882100e+01  -8.3025710e+01
  -3.3443122e+01  -8.0340457e+01
  -3.0894234e+01  -9.8782206e+01
   2.9278287e+01  -1.8540302e+01
   2.4795671e+01   1.8759577e-01
   2.3897658e+01  -2.7384310e+01
   2.7223297e+01   9.7767972e+00
   6.3242091e+01  -1.1685196e+01
   7.1084027e+01  -9.6454138e+01
   1.0033043e+01   5.5085920e+01
  -9.5149194e+01   3.4628568e+01
   9.1062356e+01  -9.6728922e+01
  -1.8753083e+00   8.3716494e+01
  -3.5007707e+01   3.4408708e+01
   1.2387437e+01   8.3572757e+01
  -7.6166259e+00   6.3332502e+01
   8.0489921e+00  -8.1998093e+01
  -8.1330658e+01   8.5287213e+01
   6.2618672e+01  -9.1146352e+01
  -1.6710539e+01   5.9496283e+01
   4.5105181e+01  -8.8643391e+01
  -2.2141722e+01   8.5899834e+01
  -1.2570876e+01   8.2897483e+01
  -2.7085136e-01   9.8965119e+01
   1.4197210e+01   6.4049424e+01
   3.3569079e+01   7.4420402e+01
  -8.2842011e+01   5.8981806e+01
  -3.3872525e+01   6.6611084e+01
  -4.2741652e+01   6.2294488e+01
  -3.5775036e+01   5.5183369e+01
   1.8314308e+01  -9.0522712e+01
   7.3558786e+01  -5.3160621e+01
  -2.7488895e+01   2.6766073e+01
  -3.2979736e+01   4.5594342e+01
  -4.1066374e+01   1.2327196e+01
   1.8142404e+01  -6.2359579e+01
  -5.6817524e+01   9.8079339e+01
  -4.2963347e+01   8.2759610e+01
  -5.5739923e+01   7.7054026e+01
   5.0543877e+01  -5.8188001e+01
   6.3063062e+01  -5.3739317e+01
  -8.6830666e+01   1.0924419e+00
  -1.5281011e+01   3.9286533e+01
   9.6389375e+01  -3.6826917e+01
  -8.1128973e+00   3.1435422e+01
   8.2110370e+01  -1.6958691e+01
  -7.5498742e+01   2.6512893e+01
  -6.5429509e+01   2.5810441e+01
  -5.1951042e+01   4.4120056e+01
   7.5505853e+01  -2.4916934e+01
  -8.4840052e+01   1.9105681e+01
  -6.0814629e+01  -5.6070181e+01
   8.3184055e+01  -3.0604816e+01
  -6.0281137e+01   1.7258357e+01
   1.4868582e+01  -5.1032147e+01
  -8.9175044e+01  -7.7457596e+01
  -8.4416292e+01  -8.6240971e+01
   1.7022974e+00  -3.7360070e+01
   1.0598645e+01  -4.1918098e+01
   2.5162831e+01  -4.3003530e+01
  -9.9709695e+01   7.7220986e+01
  -6.8288928e+01  -6.2657048e+01
  -5.1308230e+01  -7.7933384e+01
  -4.8738325e+01  -6.8308045e+01
  -7.2664511e+01  -4.2484125e+01
   2.7464801e+01   3.0732097e+01
   2.8806722e+01   8.8044329e+01
   2.3584106e+01   9.9646384e+01
  -7.7470874e+01  -3.3776359e+01
   1.5566509e+00  -2.5061206e+01
   4.9964624e+00   2.8028066e+01
   1.7645622e+01   2.9080443e+01
   9.4465486e+01   3.1267771e+01
   5.9383377e+00  -4.5926610e+00
  -1.5343979e+01  -2.6883032e+01
   1.8972070e+00  -1.4446622e+01
  -7.3090869e+00  -2.0557527e+01
   8.5776975e+01   9.3712668e+01
   4.7665190e+01  -1.2325538e+01
   4.8439525e+01   4.8555833e+00
   8.0315195e+01   2.8023899e+00
   8.8281189e+01   7.3475364e+01
   6.4878770e+01   2.1791153e+01
   8.4522514e+01  -5.7925261e+00
   5.5920978e+01   6.1624901e+01
  -8.9378171e+01  -9.9666652e+01
  -8.3947520e+01  -5.3659154e+01
   6.9170289e+01   7.6768980e+01
   6.0735379e+01   9.9366713e+01
  -8.7772993e+01  -6.6601123e+01
   4.1081583e+01   6.7876011e+01
   9.7896697e+01   7.0761540e+01
  -2.1345994e+01  -5.1156482e+01
   6.1031493e+01   4.3374753e+01
   3.5992162e+01   3.6050049e+00
   9.0509315e+01  -6.1942609e+01
  -1.4606797e+01  -8.0766989e+01
  -1.8164958e+01  -8.9988871e+01
  -1.1246908e+01  -9.7372063e+01
  -2.1795838e+01  -6.0975661e+01
  -3.0554100e+01  -4.1237788e+01
  -9.9852951e+01   6.5719750e+01
  -4.4803707e+01  -2.9741924e+01
  -5.4148837e+01  -1.9194866e+01
   9.7425452e+01   4.0110893e+01
   9.6065088e+01   8.0563944e+01
  -4.8288564e+01  -7.9555686e+00
  -7.5056552e+01  -8.8204511e+00
  -5.9567470e+01  -1.0833212e+01
  -8.1691915e+01   9.6655876e+00
  -2.4602493e+01  -2.2868297e+01
  -2.1302813e+01  -8.2054352e+00
  -3.4609683e+01  -2.2614024e+01
  -3.1729467e+01  -6.1057620e+01
   3.9177649e+01   2.4112475e+01
  -6.5716837e+01  -8.3886455e+01
  -2.3916107e+01  -7.8594032e+01
   1.9541911e+01  -1.8476802e+01
   2.7597848e+01  -8.0418609e+01
   3.7468717e+01  -8.2193606e+01
   4.1643908e+01  -7.3138559e+01
   9.3252539e+01  -8.7001849e+01
   1.0530855e+01   3.5995423e+01
   4.5185786e+01   4.2940791e+01
   4.8137867e+01  -4.1074644e+01
   2.5889735e+01   4.2551571e+01
   9.9430195e+01  -5.7994730e+01
  -8.7038157e+01   2.8815711e+01
   5.7894677e+01  -7.4531853e+01
   8.1074669e+01  -9.6496794e+01
   6.5079559e+01  -8.1465025e+01
  -6.3684769e+00   4.3793746e+01
   2.6921131e+00   4.7918550e+01
   2.2070219e+01   8.0698827e+01
  -1.4976522e+01   6.9998412e+01
   4.5362213e-01   5.7617036e+01
   5.3204742e+01  -9.4496781e+01
  -7.9610197e+01   6.8713877e+01
  -6.2255794e+01   7.4737817e+00
  -4.7770047e+01   2.0262807e+00
   4.3745706e+01  -3.2112843e+01
   5.5669316e+01  -1.8191940e+01
   3.5847048e+01  -2.6025447e+01
  -7.1637750e+01   8.7731497e+01
   3.7235285e+01  -9.4797119e+01
  -2.4076788e+01   6.6045895e+01
   5.1854318e+00   7.6716756e+01
  -8.3142680e+01   4.7995277e+01
  -1.6072453e+01   9.6948398e+01
  -3.1829451e+01   8.8373064e+01
   2.8113908e+01  -6.2255292e+01
   1.1769281e+01  -7.1039270e+01
  -4.4801639e+01   5.1046108e+01
  -6.7928763e+01   9.7269224e+01
  -6.5279819e+01   8.0017890e+01
  -7.3560714e+01  -2.4591662e+01
   4.0840854e+01  -6.0552303e+01
  -9.9983480e+01   9.1479632e+01
  -3.3646869e+01   1.8963240e+01
   4.4363032e+01  -5.0322189e+01
  -3.7847427e+01   2.9410752e+00
   5.9443360e+01  -6.4666223e+01
  -1.7931731e+01   2.9646171e+01
   2.8291789e+01  -9.0363382e+01
   5.8000847e+01  -3.9751668e+01
   7.7836544e+01  -4.4227307e+01
  -9.4601293e+01   2.1261981e+01
  -5.8875581e+01   5.1322813e+01
  -5.0470763e+01   6.8574427e+01
  -7.1781930e+01  -5.3294363e+01
   3.0654944e+01  -3.4669224e+01
  -7.4627949e+01   5.3580853e+01
  -9.3436670e+01  -9.0527454e+01
  -9.0695114e+01   8.1549651e+01
  -7.4195909e+00   9.1982073e+01
  -3.9459889e+00  -4.6031683e+01
   6.4600948e+01  -3.2370018e+01
  -6.3696955e+01  -4.6653154e+01
   1.2963118e+01   9.8189161e+01
  -5.1213319e+01  -5.8638546e+01
  -8.9811751e+01  -1.2350930e+01
  -9.5399039e+01  -4.0592428e+00
  -9.2337781e+01  -4.5179342e+01
  -8.1396949e+01  -1.7750265e+01
  -1.3687159e+01  -1.4228622e+00
   5.3234261e+01   3.7144990e+01
   5.5538550e+01   1.8423740e+01
   7.9086955e+01   7.7333848e+01
   9.5330337e+01   9.0608220e+01
  -1.6699149e+00   7.1866496e+00
   1.9617212e+00  -6.6726158e+01
  -5.1862985e-01  -7.7429369e+01
  -9.2698400e+01   4.5050190e+01
   5.5169530e+01  -6.0002812e+00
   6.7144588e+01  -3.8337204e-01
   6.2932031e+01   1.1911620e+01
  -2.3304566e+01   1.5529293e+00
   9.1240658e+01  -1.2832834e+01
   1.4881465e+01   1.3952717e+00
  -3.1053178e+00   2.2820266e+01
   6.7738748e+01   9.2269720e+01
   5.1545285e+01   9.5529552e+01
   5.9548755e+01   7.4406515e+01
  -8.0324222e+01  -9.5358870e+01
  -5.2868858e+01  -9.7970477e+01
   2.9525796e+01   5.1826353e+01
   3.5066063e+01   6.0037525e+01
   2.9762829e+01   2.1025157e+01
  -9.8839353e+01  -5.2729316e+01
   7.4849966e+01   5.8025266e+01
   4.6006911e+01   5.9146014e+01
   4.9567285e+01   8.5774228e+01
   9.5088998e+01   6.1210848e+01
   7.9366630e+01   4.9283778e+01
   5.5920402e+01   5.1845908e+01
   8.2830302e+01  -5.6211673e+01
   8.6620123e+01  -3.9534731e+01
  -9.0553157e+00  -7.2925289e+01
  -8.9953366e+01   6.5768348e+01
  -9.6350742e+01   5.5001267e+01
   7.1809765e+01   1.5175446e+01
   8.6031900e+01   1.0344486e+01
   8.6905341e+01   2.6778286e+01
