   2.6085549e+01   6.4596382e+01
   6.6651301e+01   5.5298769e+01
  -4.6504885e+01   3.5811207e+01
  -6.5779618e+00  -5.9936759e+01
  -4.5356085e+00  -5.0916295e+01
  -7.6808260e+01   1.2509239e+01
   5.5191523e+01  -5.0088927e+01
   5.5391933e+01  -2.9650019e+01
   7.3672281e+01  -5.4130998e+01
  -4.1486489e+00  -3.4921595e+01
   6.5149017e+01  -1.5425566e+01
  -3.2287545e+01  -4.1065069e+00
   6.9077563e+01   3.9627747e+00
   6.6114049e+01  -4.7634616e+01
  -9.0211373e+01  -3.5016446e+01
   7.7543204e+01  -3.0993006e+01
   3.8651256e+01   5.2407748e+01
   1.6364891e+01   4.4261033e+01
   1.4526412e+01   7.2678855e+01
   4.4371915e+01   1.7079882e+01
   1.2813575e+01   1.1979483e+01
  -6.5267770e+01  -2.3917557e+01
  -4.8629827e+01  -8.8642215e+01
   8.4417985e+00   2.0905462e+01
  -9.7083938e+01   1.3635455e+01
  -2.7285031e+01   8.2292199e+01
   5.9725338e+01   1.7887871e+00
  -4.0904352e+01  -9.1338188e+00
  -3.3906480e+01  -9.5472792e+01
   5.8153610e+00  -9.7760353e+01
   3.5752164e+01   4.3023868e+01
   4.8494045e+01  -7.9750932e+01
  -7.9394891e+01  -8.4500015e+01
  -1.3875295e+00   7.3180630e+01
  -2.4548484e+01   5.5480844e+01
   6.7057764e+01  -7.2423479e+01
  -5.8954261e+01   3.4868113e+01
  -4.9664641e+01   6.2772783e+01
   5.0515828e+01  -6.8577636e+01
   3.4105048e+01  -5.2745439e+01
  -7.5682695e+01  -7.5263229e+01
  -5.7011982e+01  -6.5664490e+01
   1.4691369e+01  -3.0516807e+01
   1.9826091e+01   1.8774088e+01
   2.6135024e+01  -3.2322646e+00
  -2.8762308e+00  -6.1517160e+00
   1.2438899e+01  -1.4696908e+01
   7.9548530e+01   2.1044863e+01
   4.9469795e+01   2.5459010e+01
   8.2017325e+01   6.6831548e+01
   3.8737924e+01   9.8491635e+01
   9.8433325e+01   3.9243746e+01
   9.7621955e+01  -6.7230615e+01
  -5.3374896e+01  -2.0023728e+01
  -3.4311415e+01  -5.6174861e+01
  -6.4858668e+01  -7.1842321e+01
   9.0361903e+01  -4.8923873e+01
  -6.6168894e+01  -9.7180387e+01
  -2.0622575e+01  -7.1809477e+01
  -1.3086918e+01  -3.1981802e+01
  -5.2003238e+01   2.7468837e+01
  -1.5458479e+01   5.1363901e+01
  -7.5137203e+01   7.6025091e+01
  -5.8289915e+01   1.0363383e+00
  -4.7112017e+01   9.6523075e+01
  -7.6267917e+01   4.4744155e+01
  -8.7542088e+01   9.2010459e+01
  -2.7703177e+01   3.4840425e+01
  -5.0751075e+01   1.6467610e+01
  -3.1725000e+01   1.0712257e+01
   7.7278157e+01  -6.5272326e+01
  -7.5384673e+01   3.4513966e+01
  -6.2335998e+01   9.0814182e+01
   3.9412341e+01  -4.1430524e+01
   4.7445878e+01  -2.3613201e+01
   2.2483169e+01  -7.3716062e+01
   3.8892520e+01  -1.8722874e+01
   9.9151645e+01  -3.1158584e+01
  -6.0539595e+01  -3.7475670e+01
  -8.7690226e+01  -2.5565345e+01
   1.1345755e+01  -5.8002643e+01
   7.6405796e+01   9.8310913e+01
   6.0539544e+01   3.1031933e+01
  -8.3303320e+01  -6.6725977e+01
   4.1142531e+01   3.4547431e+01
   6.1028912e+01   8.6250927e+01
   6.4525272e+01   6.5428151e+01
  -1.1509730e+01  -1.8621726e+01
   9.1768192e+01   6.4994868e+01
  -2.8752165e+01  -2.6199720e+01
   8.8015723e+01   1.7544002e+01
  -3.9416163e+01  -6.4583205e+01
  -3.8796413e+01  -8.6900084e+01
   2.9378935e+01  -2.1428936e+01
   7.1385191e+01  -9.8894039e+01
   1.2962445e+01   5.3539894e+01
   1.2700937e+01   8.4840248e+01
  -3.9329471e+00   6.3547716e+01
   9.5226872e+00  -8.3814075e+01
  -8.0206777e+01   8.4924593e+01
  -1.3593662e+01   6.1142970e+01
   4.5755091e+01  -9.0446791e+01
  -9.3955064e+00   8.0953641e+01
  -8.7708256e+01   5.8761449e+01
  -3.4305298e+01   5.3356913e+01
   1.4663236e+01  -9.2160592e+01
  -2.4794576e+01   2.5322982e+01
  -4.1444846e+01   1.2933256e+01
   2.1343841e+01  -5.5785550e+01
  -5.3183536e+01   8.6830191e+01
   4.8852564e+01  -5.8737448e+01
  -8.8895165e+01   1.5003948e+00
   8.3518980e+01  -1.8939468e+01
  -8.9958265e+01   2.1142407e+01
  -6.5277226e+01  -6.0111380e+01
  -8.8978739e+01  -8.7286346e+01
   1.5081519e+01  -4.8194506e+01
   2.5970912e+01  -4.6967115e+01
  -7.8885907e+01  -3.5865260e+01
   3.1298581e+01   3.4375845e+01
   6.8244977e+00  -6.6349898e+00
   8.6214064e+01   9.5592522e+01
   4.5636371e+01   7.2592395e+00
   7.6910021e+01  -4.5052095e+00
   6.8171911e+01   2.1756998e+01
   5.7479414e+01   5.8413530e+01
  -8.8696410e+01  -4.8704405e+01
   6.8989884e+01   8.0309378e+01
   4.2663849e+01   6.9326799e+01
   6.5028709e+01   4.5886533e+01
   3.5191417e+01   6.6179975e-01
  -1.6011658e+01  -9.3511683e+01
  -3.0174030e+01  -4.7271823e+01
  -4.7276438e+01  -3.0210441e+01
  -5.0993654e+01  -7.6752609e+00
  -7.4092862e+01  -1.2600113e+01
  -6.5253572e+01  -5.6543314e+00
  -7.9528288e+01   4.0756841e+00
  -1.9214403e+01  -2.4520225e+01
  -3.7615440e+01  -1.9988937e+01
  -2.7495572e+01  -6.3474996e+01
   3.8456489e+01   2.5081752e+01
  -6.8569633e+01  -8.2278734e+01
  -2.6759475e+01  -7.9238979e+01
   1.9323406e+01  -2.1694908e+01
   1.9487255e+01  -8.3163104e+01
   3.9051873e+01  -8.3033978e+01
   4.1530295e+01  -7.2692256e+01
   9.5939478e+01  -8.6387606e+01
   1.3770842e+01   2.9309986e+01
   4.5564683e+01   4.3310116e+01
   4.9339532e+01  -4.2000703e+01
   2.1433772e+01   3.5673807e+01
  -9.3388631e+01   3.0637862e+01
   5.7590175e+01  -7.5611674e+01
   5.5938442e+01  -8.6353002e+01
  -9.8412908e+00   4.3148026e+01
   4.0026539e+00   4.7201797e+01
   3.1207338e+01   8.1844575e+01
  -1.1095017e+01   7.0814680e+01
   3.7254568e+00   5.7196409e+01
  -7.9975632e+01   6.5053396e+01
  -6.8175120e+01   7.5620622e+00
  -4.8618783e+01   2.1582575e+00
   4.4812327e+01  -3.3123422e+01
   5.5751545e+01  -1.8361163e+01
   3.5557176e+01  -2.9328374e+01
  -7.4756293e+01   9.3518649e+01
  -2.2339096e+01   6.5917393e+01
   3.1015668e+00   8.2078284e+01
  -8.5240785e+01   4.9088661e+01
  -1.6794283e+01   9.6565255e+01
  -2.8126974e+01   9.2251556e+01
   2.9359818e+01  -6.1531676e+01
   1.2782291e+01  -7.4647526e+01
  -4.4162035e+01   5.1728714e+01
  -6.7074193e+01   9.9918824e+01
  -6.1015248e+01   8.0585152e+01
  -7.5171218e+01  -2.4631742e+01
   3.9277523e+01  -6.1319462e+01
  -4.3181365e+01   2.2802666e+01
   4.3769151e+01  -5.0281618e+01
  -3.8855497e+01   3.3079631e+00
   5.8081682e+01  -6.2168339e+01
  -8.5005514e+00   2.9471014e+01
   2.6257431e+01  -9.0476097e+01
   5.9161874e+01  -4.0498991e+01
   8.0008350e+01  -4.6435320e+01
  -9.9947468e+01   2.3177989e+01
  -5.8417053e+01   4.4844810e+01
  -4.3743038e+01   7.0823213e+01
  -7.2915528e+01  -5.3725125e+01
   3.0214987e+01  -3.8007639e+01
  -7.6842591e+01   5.5263662e+01
  -9.3715835e+01  -9.6253909e+01
  -9.9127618e+01   8.6166034e+01
  -8.5420722e+00   9.0917157e+01
   4.3443623e-01  -4.2820768e+01
   6.5426282e+01  -3.2755418e+01
  -6.0733158e+01  -4.7026133e+01
   1.1104276e+01   9.9615735e+01
  -4.7816838e+01  -5.9768550e+01
  -9.2110755e+01  -1.6485661e+01
  -9.6590833e+01  -4.2599106e+01
  -8.2286903e+01  -1.7566326e+01
  -1.3114935e+01  -8.9991124e+00
   5.1015676e+01   3.5016423e+01
   5.8391725e+01   2.1292643e+01
   7.8969731e+01   7.9923021e+01
   9.4731134e+01   9.0200542e+01
   2.4872200e+00   1.2930877e+01
  -2.2667957e+00  -6.8719585e+01
   9.9957832e-01  -7.8784395e+01
  -9.6441900e+01   4.0073839e+01
   5.7029752e+01  -8.5141382e+00
   6.6991510e+01  -5.6874375e+00
   6.3653302e+01   1.2163574e+01
  -2.5303050e+01   3.1094409e+00
   9.2791954e+01  -9.1387329e+00
   1.8962160e+01   3.7387331e+00
  -2.2085657e+00   2.1705479e+01
   6.4179929e+01   9.8193515e+01
   6.0466971e+01   7.4556202e+01
  -8.4074062e+01  -9.8900708e+01
   2.8518777e+01   5.4843240e+01
   3.5602574e+01   6.1882635e+01
   3.1089120e+01   1.8510011e+01
   7.3975456e+01   6.1387678e+01
   4.5255892e+01   5.9794611e+01
   5.1082752e+01   8.5962322e+01
   7.5134124e+01   4.9989188e+01
   5.0533745e+01   5.1625662e+01
   8.3436076e+01  -5.6139666e+01
   8.5681485e+01  -3.8220061e+01
  -8.5498001e+00  -7.6154092e+01
  -9.3205809e+01   6.8420275e+01
   7.3462511e+01   1.3454132e+01
   9.2743412e+01   1.7324852e+00
   9.1016771e+01   2.6557509e+01
  -4.2042823e+01  -7.7609178e+01
  -4.4161278e+01  -9.7592864e+01
  -8.6781865e+01  -8.2517114e+00
   9.5934969e+01   8.0294166e+01
   8.7102800e+01   4.5415761e+01
  -7.9153840e+01  -4.5927886e+01
  -3.3603359e+01  -7.2331355e+01
  -2.2730057e+01  -5.3885889e+01
  -4.7968728e+01  -6.9729831e+01
   3.7308278e+01  -8.9758781e+00
  -2.4707429e+01  -8.8713021e+01
  -2.4492856e+01  -9.8615440e+01
   2.4136237e+01  -1.2977774e+01
  -5.4160027e+01  -9.7452480e+01
   7.8346207e+01   4.9525379e+00
   2.4542561e+01  -3.0056314e+01
   2.6726079e+01   9.6348899e+00
   9.5437395e+01  -9.6302309e+01
   1.0656487e+00  -8.8964297e+01
   6.5257913e+01  -8.2750142e+01
   6.3145507e+01  -9.3248599e+01
   8.0587502e+01  -9.4988001e+01
  -1.7754656e+01   8.6499462e+01
  -1.9864418e+01   4.2408209e+01
  -3.9740348e+01   6.1689869e+01
  -5.4095364e+00   5.3156636e+01
  -1.9865900e+01   7.5600520e+01
  -3.5936170e+01   7.7292458e+01
  -6.1743454e+01   2.5276192e+01
   5.3617462e+01  -9.6619787e+01
  -3.9462792e+01   4.2903492e+01
   3.6004460e+01  -9.2632892e+01
   2.0349742e+01   9.1275098e+01
  -8.4818085e+01   7.3765414e+01
   4.7238338e+00   9.1926370e+01
   8.7147818e+01  -6.6420432e+01
   3.1870583e+01  -7.1119343e+01
   6.7892219e+01  -6.2217908e+01
   3.3014949e+01   7.1784644e+01
   6.3741165e+00   6.6866201e+01
   1.6309224e+01   6.2879018e+01
   2.6143374e+01   4.5165668e+01
  -5.3947151e+01   5.3758333e+01
  -3.7526424e+01   8.7439668e+01
  -5.6770034e+01   9.9103773e+01
  -3.7155630e+01   9.7440362e+01
   2.1511144e+01  -9.9304982e+01
  -9.6843454e+01   9.5899862e+01
  -7.0164877e+01   8.4646551e+01
  -2.9607687e+01   4.4596213e+01
   2.9310455e+01  -8.0895731e+01
  -5.3229037e+01   7.4310209e+01
  -4.5332186e+01   8.0674584e+01
   7.4913633e+01  -1.4033953e+01
  -3.3506692e+01   2.0515133e+01
   7.2608469e+01  -3.9710340e+01
  -8.7323976e+01   1.1493023e+01
  -3.6471714e+01   3.0122399e+01
  -1.1130161e+00   3.8389445e+01
  -1.7973835e+01   3.2607623e+01
  -3.2073436e+01   6.8085448e+01
   9.5582561e+01  -4.0463489e+01
  -9.8514858e+01  -7.7528225e+01
  -8.4618093e+01   3.9112339e+01
  -7.7216750e+01   2.1807114e+01
  -8.3679934e+01   2.9028909e+01
   2.8161478e+01   9.7851994e+01
  -9.8520046e+01   3.7792027e+00
   1.6653897e+01  -5.8394614e+00
  -8.9919871e+01   8.2314021e+01
   8.9656831e+01  -2.7933184e+01
   4.1562321e+01   8.8908954e+01
  -9.8965227e+01  -8.7579097e+01
  -6.7309963e+01   4.0339126e+01
  -6.7966509e+01   5.0305609e+01
   1.7840019e+01  -6.5117506e+01
   9.7836322e+00  -3.9938165e+01
  -6.9372489e+01  -3.2966435e+01
  -6.9717583e+01  -4.2892876e+01
  -2.3993300e+00   9.8937452e+01
   5.4155357e+00  -5.0750123e+01
  -5.9984397e+01  -8.9324574e+01
  -8.6254055e+01  -7.7081002e+01
  -7.3452578e+01  -6.5586000e+01
  -8.2432838e+01  -5.6765286e+01
  -5.8376369e+01  -7.9456259e+01
   7.0218075e+01  -2.4009736e+01
  -5.8775454e+01   1.0805287e+01
  -5.6532527e+01  -5.5677016e+01
  -9.2507890e+01  -5.7925290e+01
  -6.8092289e+01   1.7568546e+01
  -1.0534209e+01  -4.3125768e+01
  -4.1529768e+00  -2.5281573e+01
  -2.1194431e+00  -1.5741654e+01
   4.9081518e+00  -3.1402196e+01
  -9.8523337e+01  -2.3976805e+01
   2.1401957e+01   7.9920376e+01
   8.8225943e+00   3.7997094e+01
  -3.1477472e+01  -3.7545592e+01
  -9.6371818e+01  -5.9522681e+00
   4.6755991e+01  -1.2297638e+01
  -9.2928132e+01  -6.9256108e+01
  -7.0090181e-01   3.5358401e+00
   5.6286754e+00  -2.1704067e+01
   9.1427492e+00   2.9056575e+00
   5.0401297e+01  -1.2028758e+00
  -9.5179873e+01   4.9923668e+01
   7.2716089e+01   7.1152742e+01
   9.2363153e+01   5.5052803e+01
   8.7606325e+01   7.4923047e+01
   3.6506406e+00   2.9626285e+01
   7.0216362e+01   9.0201721e+01
   9.4221872e+01  -1.9035972e+01
  -2.2675589e+01  -6.5008451e+00
   5.2164592e+01   9.5835065e+01
   1.9996478e+01  -3.8964821e+01
  -7.5535998e+01  -9.3703589e+01
   5.2334198e+01   6.6707673e+01
  -1.0040524e+01   1.8472668e-01
  -3.7685953e+01  -2.9959302e+01
   4.9878318e+01   7.6188497e+01
   8.2605395e+01   5.6591797e+01
   5.5749578e+01   4.3392628e+01
   5.3826331e+01   1.2559501e+01
   2.5558509e+01   2.6619769e+01
   3.6521943e+01   1.0415109e+01
  -5.6808707e+01  -2.8843741e+01
  -2.0874155e+01  -4.3743001e+01
   9.3139837e+01  -5.8431213e+01
  -2.5401416e+01  -1.6787518e+01
  -1.0292812e+01  -8.5606475e+01
   9.4570554e+01  -7.6602397e+01
   8.9621762e+01   3.5826824e+01
  -9.7690809e+01   5.9539842e+01
  -1.2333017e+01  -6.7240361e+01
   9.8888097e+01   9.6770134e+00
   8.6481001e+01   8.8283494e+00
   7.1989617e+00  -6.6760832e+01
  -7.7922962e+01  -4.4417940e+00
  -5.9649791e+01  -1.3166965e+01
   9.7134784e+01   1.9087657e+01
