   4.0278967e+01   1.1596999e+01
   3.0056610e+01  -1.4145864e+01
  -2.7575461e+01  -2.1797098e+01
   3.2466167e-02   2.2809079e+01
   5.7533981e+00  -3.1490553e+01
   9.8095153e+00   9.7512326e+00
   4.5585838e+00  -2.1562210e+01
  -1.5194015e+01  -2.1728078e+01
   2.6830766e+01  -3.1857260e+00
   7.0690379e+00   1.3407326e-01
   2.9179519e+01   4.2268584e+01
  -3.7623417e+01   9.8280985e+00
   9.5524099e+00   1.9747926e+01
  -1.1026549e+01   2.8464152e+01
   3.2824197e+01  -2.5654665e+01
  -4.6933813e+00  -1.7767443e+01
  -1.9902782e+01  -4.4131410e+01
  -2.2083676e+00  -5.0586382e+01
  -2.7600569e+01  -3.7748303e+01
  -2.8117306e+01   6.7242734e+00
  -3.9488910e+01  -1.0909546e+01
  -1.5577021e+01  -9.8886134e-01
   4.1606455e+00   4.0547117e+01
   3.3845124e+01   3.9415785e+00
  -2.1026352e+01   2.8526962e+01
   1.3856989e+01   3.8101526e+01
   2.4672769e+01  -3.2090894e+01
   2.0569899e+01  -1.0983234e+01
  -2.6676989e+00  -3.7296594e+01
  -4.4557032e+01   2.0516216e+00
   6.4205947e+00  -4.1468257e+01
  -1.9495815e+01  -1.2697556e+01
  -3.5334194e+01  -1.8134876e+00
  -1.2810080e+01  -3.4631383e+01
  -2.9547845e+01  -1.1993560e+01
  -3.5163886e+01  -2.8309835e+01
   4.6205919e+01   2.0080605e+01
  -2.5393144e+01  -2.8975133e+00
   1.6903164e+01  -1.6797412e+00
   7.7735123e+00   3.0114384e+01
  -6.0908346e+00   4.1707547e+01
   4.6204137e+01  -4.8469646e+00
  -3.7708979e+00   3.5668873e+00
   2.6552047e+01   2.3265951e+01
  -1.5506935e+01   3.7833596e+01
   1.7045899e+01   2.6369678e+01
   3.2648032e+01   3.1300710e+01
  -1.9286719e+00   3.2614891e+01
   2.5271415e+01  -4.2221304e+01
   2.3603308e+01  -2.1784899e+01
   3.9277503e+01  -1.8015631e+01
   1.5320856e+01  -2.8549467e+01
   1.4116612e+01  -1.8622248e+01
  -5.5747643e+00  -2.7728489e+01
  -9.9030166e+00  -4.4199498e+01
  -4.8711754e+01  -7.0444369e+00
  -4.6888120e+01   1.3591768e+01
  -2.9772301e+01   1.6603674e+01
   7.7602406e+00  -5.1378109e+01
   1.5978510e+01  -3.8527815e+01
  -2.1555655e+01  -2.9782189e+01
   5.0055810e+01   9.4962229e+00
  -1.0076336e+01  -9.3399668e+00
   3.6227656e+01   2.0739580e+01
  -4.1626249e+01  -2.0678462e+01
   2.2387216e+01   6.6823843e+00
   1.9436774e+01   1.6237220e+01
   3.6317486e+01  -6.3483394e+00
  -1.1669881e+01   5.0006597e+01
  -5.2797448e-01  -6.3686459e+00
   5.4598518e+01   5.8758760e-01
   1.0185147e+01   4.8528682e+01
  -3.0995661e+01   2.9309823e+01
   4.7697160e-02   1.2809091e+01
   2.3114113e+01   3.4318059e+01
   1.0248411e+01  -9.3560599e+00
   1.9882553e+01   4.6087306e+01
