   4.1854080e+01  -3.3516407e+01
   6.6840639e+01  -7.4919311e+00
  -1.8934156e+01  -6.4726045e+01
  -2.2629197e+01   3.9630857e+01
  -6.6848063e+01  -7.5228830e+01
  -4.6385550e+01  -8.0801410e+01
  -3.7018450e+00  -2.4518313e+01
  -8.3071571e+01  -8.8605667e+01
  -7.7091718e+00   5.6356171e+01
   3.7242330e+01   2.4209627e+01
  -5.6179887e+01  -6.3866777e+01
  -4.1719806e-01  -5.8718674e+00
   6.5900557e+01   9.1465450e+00
   1.0225147e+00   5.1217174e+01
  -3.2267119e+01   4.2168460e+01
  -5.1996295e+01   1.2818755e+01
   6.8941967e+01   4.8712551e+01
  -6.0026183e+01   3.7519982e+01
   5.8797275e+01  -5.8666137e+01
  -5.8714552e+01  -2.4525241e+01
  -2.8225855e+01   6.8979464e+01
   5.0757311e+01  -1.6224493e+01
   2.4315610e+01  -2.4847380e+01
   2.5668058e+01   6.0292088e+01
  -1.0565177e+01  -5.3022420e+01
   1.3521078e+01   7.5405369e+01
   9.5996504e+00  -9.5177551e+00
  -5.7063849e+01  -5.3911199e+01
   6.8403733e+01   9.9296853e+01
   3.3452704e+01   7.6849592e+01
  -9.6760395e+01  -4.1907072e+01
   8.5316497e+00   3.0452601e+01
  -4.0474368e+01  -3.6802244e+00
  -4.9427045e+01   2.2481892e+01
  -4.6178487e+01   5.2356314e+01
   4.5943887e+01   3.4876884e+01
  -5.0659593e+01   3.3752601e+01
  -8.2446522e+01   1.6068973e+01
   5.3719216e+01  -5.0044996e+01
  -4.3634936e+01  -1.3131129e+01
  -8.1787525e+01  -1.7636454e+01
   6.0998182e+01   6.0821360e-01
  -1.8544288e+01   6.6487610e+01
   3.6715177e+01  -2.3635281e+00
   6.9056149e+01  -4.0748798e+01
  -3.4883031e-01  -5.4159597e+01
  -8.1799333e+01  -3.7044689e+01
   3.4988626e+01   6.3863721e+01
  -3.1742695e+01  -2.9061017e+01
  -3.0486267e+01  -6.9058067e+01
   5.5896360e+01  -4.0396075e+01
  -5.1351290e+01  -9.9908749e+01
  -2.8646463e+01   9.3967462e+01
  -5.2974649e+00   6.9097310e+01
   1.0866251e+01   9.3099721e+00
   2.8507243e+01  -8.0508623e+00
  -8.8807297e+01  -5.9456787e+01
   7.0625836e+01   7.3291867e+01
  -7.0387648e+01  -5.4568152e+01
   9.8598089e+01   1.6082462e+01
   5.4297054e+01   9.7873972e+01
   1.6324175e+01   6.3843124e+01
   8.6531264e+01  -6.1141804e+00
  -1.7708088e+01   5.6538406e+01
   1.5406086e+01   4.1075830e+01
  -3.0734608e+01   3.2289120e+01
  -2.7466093e+01   5.6620248e+00
  -3.2129417e+01   1.4480359e+01
  -7.7291849e+01   4.8883622e+01
   2.6042195e+01   3.4464515e+01
   5.5545546e+01   1.9696652e+01
  -4.3953242e+01   8.0575011e+01
   4.8468013e+01   4.4521736e+01
  -8.0517667e+01   5.8348900e+01
  -8.0649312e+01   2.5905309e+01
   1.2931065e+01  -5.9086195e+01
  -6.1835961e+01  -4.4865704e+00
  -3.5593465e+01   8.6775895e+01
   6.3510617e+01  -4.8806537e+01
   3.3369216e+01  -5.1100415e+01
  -5.7704154e+01   4.6166651e+00
  -8.1410847e+01  -6.9904427e+00
   8.1840886e+01  -2.9343055e+01
   4.0636022e+01  -1.5349078e+01
   5.0923118e+01   1.4197422e+00
   5.2615365e+01  -3.0593664e+01
   5.8231031e+00  -2.8889932e+01
   5.1689306e-01  -6.5651691e+01
  -2.8389483e+01  -8.8487569e+01
   4.4851662e+01   6.2368280e+01
  -9.5195453e+01  -5.1774523e+01
  -2.2206199e+01  -3.1923790e+01
   3.3687240e+01  -3.9185797e+01
   3.7850391e+01   4.3927434e+01
  -1.0099719e+01   8.2956367e+01
  -6.3069470e+01  -9.9823434e+01
   9.8369940e+01   4.0930300e+01
   8.4791832e+01   7.1429385e+01
   1.3745719e+01  -4.1774886e-01
   7.6894904e+01   5.4755588e+01
   1.9344925e+01  -1.6160477e+01
  -6.6172817e+01  -6.3629064e+01
  -5.8759156e+01  -3.8420521e+01
   7.5559971e+00  -4.5433008e+01
   7.5790662e+01   1.0052766e+01
   6.2645103e+01   6.7301137e+01
   4.3317801e+01   8.2250022e+01
   7.5057203e+01   8.2242227e+01
   9.3458641e+01  -2.8157573e+01
   3.6876452e+01   9.7380208e+01
   1.7162337e+01   8.7770992e+01
   8.2213818e+00   1.8928363e+01
  -2.5240229e+01   4.9275457e+01
  -1.4752546e+01   4.7005652e+01
  -4.2177079e+01   4.3196335e+01
  -9.4012302e+00   2.7896312e+01
  -5.3421094e+00   4.3571321e+01
  -1.9894101e+01   3.0016425e+01
  -1.1781030e+00   3.4487929e+01
  -7.4632720e+01  -6.8958755e+01
  -4.2026177e+01   1.3256329e+01
  -2.2480906e+01  -9.8129427e+00
  -4.6465085e+01   4.3047190e+00
  -6.1856390e+01   1.4419244e+01
  -4.7257767e+01   7.0875945e+01
   2.7870144e+01   4.4290737e+01
  -3.6196640e+01   5.1754144e+01
   2.8582463e+01   1.9262087e+01
  -5.7547947e+01   5.2000984e+01
   4.6819268e+01   1.4854532e+01
  -6.1981979e+01   8.4308721e+01
   5.5739202e+01   3.3129248e+01
  -9.2225282e+01   2.0871211e+01
  -6.9124613e+01   3.3402270e+01
   5.5985027e+01   9.8473326e+00
  -8.6484598e+01   4.4949131e+01
  -9.8953449e+01   5.0586560e+01
   2.4516752e+01  -5.5383786e+01
  -7.2521867e+01   1.4897781e+01
  -7.3184217e+01  -1.2637421e+01
   6.4859517e+01  -6.6580703e+01
   1.0455014e+00   6.1186993e+01
   3.7748161e+01  -7.9731787e+01
  -5.1573848e+01  -3.1524271e+01
   4.3174993e+01  -5.1171424e+01
  -2.9454665e+01   7.8891503e+01
  -6.7568588e+01   6.2227853e+00
  -9.0039489e+01  -1.2034292e+01
  -9.4812067e+01   3.2269737e-01
   6.9687366e+01  -2.0149167e+01
   4.5538549e+01  -6.8528655e+00
  -3.7452464e+01   7.2829032e+01
  -8.4092587e+01  -2.7327712e+01
   5.5356182e+01  -7.4184446e+00
  -9.1006086e+00  -6.2914285e+01
  -1.0772907e+01  -1.7476320e+01
   7.1885802e+01  -2.9905256e+01
   2.4721165e+01  -3.4802618e+01
   4.2076746e+01   6.0652662e+00
  -1.2034681e+01  -4.3092913e+01
  -8.8251893e+01   3.2403485e+01
  -1.9016806e+01  -8.4911841e+01
   6.0890502e+01  -1.5310949e+01
   4.4939827e+01  -2.4225764e+01
   6.0780981e+01  -2.4673216e+01
  -2.0490131e+01  -5.1810190e+01
  -3.7211788e+01  -5.7816733e+01
  -7.7623518e+01  -4.7659718e+01
  -8.7384236e+01  -4.5485230e+01
  -5.7288922e+01  -9.1663826e+01
   4.6373341e+01  -4.2081927e+01
  -9.5303260e+01  -7.8453935e+01
  -2.1847709e+01  -4.1912585e+01
  -3.8217099e+01  -8.6640920e+01
  -3.0830571e+01  -4.9922106e+01
   3.4504915e+01  -2.6927698e+01
   4.7944008e+01  -6.8957483e+01
   4.7163425e+01   2.4987491e+01
   3.2701214e+01   5.3161924e+01
   2.5397498e+01  -4.4766293e+01
  -7.8829942e+01  -5.9889214e+01
  -2.1937157e+01   8.5478934e+01
  -1.5721334e+01   9.3307794e+01
   2.0960339e+01   5.1492219e+01
   4.2683213e+01   5.2649866e+01
   2.4151742e+01   8.0619194e+01
  -1.2621225e+00   7.8288947e+01
  -6.4747052e+01  -8.5003755e+01
   4.8729050e+00   7.0402937e+01
  -5.8095888e+00   9.1986102e+01
   7.5685181e+01   6.4675086e+01
  -1.2729668e+01  -7.6953477e+00
  -6.2478036e-01  -9.1326925e+01
   2.7027059e+00   3.5926293e+00
   6.7694112e+01   5.8669620e+01
  -7.2070765e+01  -3.9340704e+01
   2.7710797e+01   1.8556942e+00
  -6.4110856e+01  -4.6823167e+01
  -4.7331142e+01  -9.0753998e+01
   1.5728201e+01  -3.9718664e+01
   7.7235428e+01  -9.7944186e+00
   8.6344353e+01   5.1510991e+01
   8.3105549e+01   3.2645871e+00
   6.9091470e+01   1.8511026e+01
   8.5320699e+01   1.3005627e+01
   5.8302279e+01   4.2751829e+01
  -4.9505246e+01  -7.1304869e+01
   8.5142095e+01   6.1435937e+01
   5.4268321e+01   7.2776204e+01
   3.4868474e+01   8.7585288e+01
   6.2261861e+01   7.8784469e+01
   2.5913633e+01   7.0283102e+01
   8.9571480e+01  -1.8950889e+01
   9.8929694e+01  -1.5481629e+01
   5.8010840e+01   8.8589360e+01
   2.5285164e+01   9.3603631e+01
   1.6981992e+01   2.3730100e+01
  -3.5683132e-03   2.4564668e+01
  -1.2969102e+01   3.7187827e+01
   1.0990376e+01   5.1308117e+01
   5.4471140e+00   4.1976875e+01
  -1.9458421e+01  -3.0809013e-01
  -3.8995336e+01   2.2784098e+01
  -2.6995030e+01   2.3021936e+01
  -2.8424109e+01  -1.7803711e+01
  -5.8226444e+01   2.7230151e+01
  -5.0440272e+01   6.1398314e+01
   3.6012994e+01   3.4116602e+01
   3.3025041e+01   1.0309173e+01
  -3.6968895e+01   6.1891186e+01
  -5.5468495e+01   7.6582273e+01
  -4.0676992e+01   3.3310080e+01
  -5.2134237e+01   4.3632093e+01
  -6.7372589e+01   5.0143691e+01
  -5.2177156e+01   8.6272066e+01
  -3.7785786e+01  -2.1174933e+01
  -6.7511179e+01   2.3539954e+01
   5.4744033e+01   6.1219136e+01
  -9.5029778e+01   3.9755474e+01
  -7.8835213e+01   3.5754120e+01
  -8.9714212e+01   5.4413245e+01
   1.6484725e+01  -4.9655471e+01
   2.1484992e+01  -6.4824359e+01
  -9.7816785e+01   2.9494103e+01
   6.8799367e+01  -5.7153448e+01
  -9.0761433e+01   1.0518756e+01
  -4.7671366e+01  -2.2361215e+01
  -1.7674980e+01   7.6437782e+01
  -2.7389983e+01   5.9028159e+01
  -6.3444713e+01  -1.4587466e+01
  -7.1966026e+01  -2.7355865e+00
   3.7223804e+01  -6.9783499e+01
  -4.4052903e+01   9.2100832e+01
  -1.2197266e+01  -7.2424613e+01
   7.9627306e+01  -1.9549431e+01
  -2.4479783e+00  -3.4411365e+01
  -2.6117898e+00  -7.5278204e+01
   9.8692209e-01  -1.5721506e+01
   1.5722275e+01  -2.9772235e+01
  -5.1598574e+01  -4.2761219e+00
  -8.5015850e+01   2.3260747e+00
  -1.9514346e+01  -2.2300204e+01
  -2.2475085e+00  -4.4364686e+01
  -9.5421057e+01  -2.0489339e+01
  -2.7142913e+01  -7.8565654e+01
  -2.2722828e+01  -9.6726831e+01
  -9.5222378e+01  -6.8454262e+01
  -7.5440291e+01  -8.0356135e+01
  -3.0494531e+01  -3.8535532e+00
  -8.5307047e+01  -7.8729138e+01
  -8.5066773e+01  -6.8732025e+01
  -1.2318336e+01  -3.3098368e+01
  -3.8007503e+01  -9.6637749e+01
  -4.7016430e+01  -5.9863677e+01
  -4.0341512e+01  -6.7309739e+01
  -4.1648387e+01  -3.0385582e+01
  -3.6970548e+01  -7.6721166e+01
  -3.1305541e+01  -3.8998473e+01
  -7.0531341e+01  -9.3160390e+01
  -8.6972020e+01  -9.7813625e+01
  -9.8004135e+01  -9.0871134e+01
  -2.7323436e+01  -5.9286921e+01
  -1.0567820e+01  -9.0261106e+01
   9.6340121e+01   5.1516692e+01
   7.6697636e+00   9.3306346e+01
  -6.5924369e+01  -3.1454056e+01
   9.2684468e+01   7.7569672e+01
  -7.7065808e+00   9.2140676e-01
   2.0822366e+01   9.0198932e+00
   9.6521769e+01  -5.7774342e+00
  -2.2860446e-02   1.3203710e+01
  -5.3518415e+01  -1.4285725e+01
  -7.2781038e+01  -2.4179587e+01
   1.0068960e+01  -1.9856869e+01
   3.1037144e+01  -1.7620708e+01
   8.8403659e+01   4.1730854e+01
   7.3802753e+01  -3.8212091e-01
   9.0850936e+01   3.2037423e+01
  -5.7167524e+01  -7.7728602e+01
   6.2899888e+01   2.6264887e+01
   7.8824456e+01   2.0525768e+01
   5.9752278e+01   5.2607658e+01
   9.4299331e+01   6.5449687e+01
   9.9920652e+01   2.5994618e+01
   9.3568028e+01   7.4166262e+00
  -9.2340102e+01  -3.2950843e+01
   4.4279305e+01   7.2317386e+01
   6.7983911e+01   8.9306830e+01
   7.3843519e+00   8.3310702e+01
   3.8675339e+01  -5.9966113e+01
  -9.9401135e+01  -8.5635876e+00
   4.8894941e+01  -5.9104386e+01
   6.2686435e+01  -3.3686097e+01
