   9.6516386e+01   2.1096543e+00
  -4.9794728e+01   2.4426506e+01
   2.0379725e+01   5.7841937e+01
   5.6260919e+01   7.0862531e+01
   6.5126415e+01   4.6801517e+01
   2.2353644e+00   6.6530763e+01
   2.3774002e+01  -9.6444195e+00
  -1.8507310e+01  -7.8140444e+01
   1.1924616e+01   6.3571068e+01
  -2.3898890e+01   5.3085715e+01
  -7.2923840e+01   2.5572989e+01
  -7.6325958e+01   8.6225597e+01
  -5.7058329e+01  -9.7743066e+01
  -2.8771371e+01  -7.4839938e+00
  -3.3698152e+01  -6.3497773e+01
   3.1018043e+01  -8.4095512e+01
  -2.6422084e+01   2.3633776e+01
  -3.2963174e+01   4.8860618e+01
  -5.1902089e+01   1.0527102e+01
   3.9236182e+00  -8.2595830e+01
  -8.7395506e+01  -9.6621481e+01
   3.6206876e+01   3.2794827e+01
  -3.3098343e+00  -1.5849470e+01
  -8.0079784e+01  -8.3214794e+01
  -1.1481512e+01  -6.7823686e+01
   4.9084807e+01  -8.9419325e+01
  -2.2483422e+01  -4.9835459e+01
   1.8350804e+01   1.2075573e+01
  -2.5744087e+01  -3.4678996e+01
   6.6176809e+00   8.0025121e+01
  -2.8102078e+00   3.1295569e+01
  -1.1681891e+01   7.9260851e+01
  -1.5940162e+01   5.9170041e+01
  -7.1756470e+01   8.0630461e+00
  -8.5272169e+01  -7.5241688e+00
   5.3139685e+01  -4.6106103e+01
  -6.7669340e+01   1.7103773e+01
   6.8047323e+00  -3.2560661e+01
  -8.4551325e+01   6.8997725e+00
  -7.8591481e+01  -6.3392539e+01
   5.1407962e+01  -3.2570037e+01
   7.9322519e+01  -2.1866604e+00
   6.2353213e+01  -6.3710969e+00
  -1.9753885e+01  -8.8803972e+01
   6.4242923e+01  -6.7263345e+01
  -6.0711503e+01  -6.6071222e+01
  -5.7386241e+00  -4.1616187e+01
  -5.7808674e+01  -1.6999878e+01
   6.4864703e+01  -3.5223621e+01
  -2.7220516e+01   5.2948930e+00
   7.6050300e+01   7.1373562e+00
   9.9208854e+01  -5.6514921e+01
   4.4159846e+01  -5.7590131e+01
  -8.1243909e+01   9.4932706e+01
  -6.3356734e+01   5.0138781e+01
  -4.9387113e+01   6.6759759e+01
   2.8984939e+01  -4.9063145e+01
  -3.7599644e+01   4.0004449e+01
   2.3386990e+01  -2.5461195e+01
   1.4050164e+01  -4.2046153e+01
   2.7044041e+01   9.8866461e+01
   2.1683186e+01  -8.7631635e+01
   6.3069178e+01  -4.4976495e+01
  -8.1948866e+01  -4.4114854e+01
   7.4201756e+01  -3.8842367e+01
   8.1999120e+01  -4.6882974e+01
  -8.4502704e+01   8.0468790e+01
  -6.0537012e+01  -7.6035786e+01
   6.4206757e+01   7.9902875e+01
   3.9860583e+01   5.8436869e+01
   1.2194548e+01   4.1200636e+01
   1.4026016e+01   7.3344908e+01
   3.6989361e+01   2.0558040e+01
  -4.7679085e-01   1.1754634e+01
   7.3704624e+01   7.6802461e+01
   5.6629992e+01  -2.4069894e+01
   1.2289206e+01  -2.4408977e+01
   1.1720587e+01   4.3006863e+00
   8.2646271e+01   5.9061179e+01
   3.1071823e+01   7.2254507e+01
   3.2619557e+01   9.0571778e+01
   5.6234535e+01   5.5817246e+01
  -6.2839815e+01  -2.5410002e+01
  -5.2098137e+01  -8.1384108e+01
  -2.3698967e+00   7.5674041e+01
  -9.4884561e+01   3.8717124e+01
  -4.2386273e+00   4.1138920e+01
   1.6594091e+01   2.9879944e+01
  -5.5108232e-01   2.1639799e+01
  -2.3382461e+01  -1.6907737e+01
  -3.1711690e+01   3.2018536e+01
  -2.8314106e+01  -2.5259895e+01
  -5.2411557e+01  -8.8007530e+00
  -4.1595541e+01   7.6668024e+01
  -6.8210021e+01  -9.9128224e-01
  -7.8089456e+01  -6.5996241e-01
  -8.8482418e+01   1.6062282e+01
  -2.1727138e+01   6.7331801e+01
  -3.0370944e+01   8.2975905e+01
   5.2726319e+01  -5.1677536e+00
  -1.2440258e+01   2.8767482e+01
  -4.2792822e+01  -6.9876931e+00
  -6.9186940e+01   3.4831221e+01
  -4.3064771e+01   4.8308960e+01
  -5.7708335e+01   7.8105750e+01
  -3.5286261e+01  -8.8638063e+01
  -6.8124138e+01   9.1956914e+01
  -5.4925378e+01   3.2783257e+01
   1.7663695e+01  -6.9515616e+01
  -2.6914410e+00  -9.0062664e+01
   5.9142104e+01  -5.4106508e+01
   2.3927679e+01  -4.0471000e+01
  -1.1861192e+01  -9.4909301e+01
  -8.9526660e+01   5.9208440e+01
   2.9527664e+01  -3.2241177e+01
  -7.9800856e+01  -3.2784982e+01
  -7.0052735e+01  -4.9658304e+01
  -1.6060785e+01  -4.2380227e+01
   3.0768617e+00  -6.9220018e+00
   8.3319031e+01   8.9255540e+01
   8.4759487e+01   6.8824001e+01
   9.1747354e+00  -5.0618229e+01
   4.3174087e+01  -4.3323453e+00
   4.2169123e+01  -1.4891087e+01
   9.0455285e+01  -1.4242225e+01
   5.3682187e+01   2.2834241e+01
   5.1826488e+01   9.2377912e+01
   3.1221640e+01   4.1451438e+01
   3.5743324e+01   8.1082574e+01
   4.6034240e+01   1.6894503e+01
  -3.7936609e+01  -2.3409817e+01
  -9.6843190e-01  -6.7642218e+01
   9.5095140e+01   2.1985447e+01
   4.7970838e+01  -7.8894478e+01
  -1.5307069e+01  -5.8676642e+01
  -5.2878860e+01  -2.5124956e+01
  -5.4817854e+00  -5.8861381e+01
  -7.0257609e+01  -7.8382290e+01
  -4.1780806e+01  -6.9286506e+01
   8.3199115e+01  -2.1086230e+01
   7.1918641e+01  -8.7344221e+00
   6.8291933e+01  -5.8122303e+01
   6.2818261e+01  -1.6252672e+01
   4.5627800e+00   5.6808923e+01
  -9.2514542e+01   4.8430786e+01
  -1.9474755e+01  -8.1004556e+00
  -1.2787699e+01  -1.4630394e+01
  -6.1021210e+00   6.1013300e+01
  -3.0247910e+01   7.2983794e+01
  -1.1896286e+01   6.9157146e+01
  -3.6354275e+01   2.3003134e+01
  -2.6941100e+01   4.0896575e+01
   5.7003912e+01  -8.3164717e+01
   6.5265127e+01  -7.7207126e+01
   6.6164538e+01  -8.7162909e+01
  -9.3068996e+01   7.2511428e+01
  -4.3978601e+01   1.6595084e+01
  -2.7513597e+00   9.7643789e+01
  -4.2284299e+01   3.1012929e+01
  -7.3089422e+01   5.2399380e+01
  -8.4780068e+00   8.8722873e+01
  -2.1534653e+01   7.7772890e+01
  -1.8360152e+01   8.7238775e+01
   2.2216151e+01   6.7651202e+01
  -5.2227681e+01   5.7174874e+01
  -4.2315860e+01   5.8178531e+01
  -4.9123847e+01   8.3224919e+01
  -5.0483813e+01   9.3483502e+01
  -6.6903586e+01   8.2032297e+01
   2.8538611e+01  -9.9284865e+01
   1.3831585e+01  -8.1468295e+01
   2.5796987e+01  -7.5333653e+01
  -1.3930981e+01   3.8655646e+01
   5.5108523e+01  -6.3206871e+01
  -6.8619364e+01  -1.6647857e+01
  -9.5472051e+01   8.9129092e+00
  -7.7892091e+01   1.5744799e+01
  -6.1031659e+01   4.0525542e+01
   3.3838202e+01  -5.7738793e+01
   9.4955033e+01  -3.6383089e+01
  -6.7050904e+01  -9.7911135e+01
   9.1973859e+01  -4.7476921e+01
   4.1223954e+00  -4.2065876e+01
  -7.8905187e+01  -7.3330521e+01
   1.9149201e+01  -5.0552810e+01
  -7.9526721e+01   6.1261796e+01
  -8.9397611e+01  -8.6803583e+01
  -5.9044081e+01  -5.4456821e+01
  -4.9628769e+01  -9.1059180e+01
  -5.1497328e+01  -7.1461767e+01
   1.2770338e+01   8.7899747e+01
  -9.9855163e+01   9.6185132e+01
   1.7255785e+01   9.6832678e+01
  -9.8926131e+01   1.8330234e+01
  -9.7369943e+01  -6.5962821e+01
  -8.9753971e+01  -3.3146437e+01
  -9.2631520e+01   2.6086121e+01
   2.2885561e+01   7.8078615e+01
   2.9266314e+01   1.5580167e+01
   2.1743728e+01   3.8395415e+01
   5.0816710e-01  -2.4916162e+01
   1.7357162e+01  -3.2941020e+01
   1.3458821e+01  -1.0577665e+01
   2.1521445e+01   2.1371519e+01
   2.7456744e+01  -1.9342114e+00
   1.5121949e+00   8.8605116e+01
   9.8991379e+01   3.8496447e+01
  -5.5171536e+00   2.8408613e+00
   8.0170035e+01   9.8745452e+01
   6.1226247e+00  -1.6791680e+01
  -6.4294441e+00  -3.1870289e+01
   8.8800255e+00   1.3364149e+01
   7.3284682e+01   8.7403676e+01
  -3.8542011e+01   8.5630336e+00
   9.0353584e+01   9.7982193e+01
   7.0330581e+01   9.6961309e+01
   1.5257748e+01  -5.9809359e+01
   3.5550111e+01   1.3031676e+00
  -9.0444817e+01  -5.8339329e+01
   7.0713735e+01   2.0636989e+01
   9.8367582e+01  -2.0332341e+01
   5.2037444e+01   3.2677016e+01
   2.8773286e+01   5.2418753e+01
   7.5007659e+01   6.5438481e+01
   4.0804709e+01   6.9996234e+01
   9.5041529e+01   5.7930703e+01
   4.2523963e+01   8.8591046e+01
   4.5477259e+01   7.8831115e+01
   4.0646365e+01   9.8413196e+01
   8.8795674e+01   4.0861855e+01
   8.8971047e+01  -4.3894416e+00
   3.4362847e+01  -8.7329799e+00
   2.2854022e+01   8.8078565e+01
  -2.4922282e+01  -5.9410044e+01
  -2.7446146e+01  -8.2510254e+01
  -3.5895884e+01  -1.3968162e+01
  -1.6303557e+01  -3.2730377e+01
   4.8381538e+01   4.2444569e+00
   9.3423024e+00   2.3067739e+01
  -4.4771470e+01  -3.0212299e+01
   8.6961202e+01  -6.6712896e+01
   8.6060881e+01   8.4693527e+00
   7.9635594e+01   1.6243441e+01
  -5.5435016e+01  -3.4500286e+01
  -6.2355044e+01  -8.5944506e+00
  -4.6178535e+01  -1.7748417e+01
  -9.5959436e+01  -7.7893596e+00
  -3.2332846e+01  -5.2939291e+01
  -3.0150046e+01  -4.3335321e+01
  -1.0269996e+01  -5.0275549e+01
  -7.0188561e+01  -6.8500788e+01
  -5.2083035e+01  -6.1517800e+01
   8.4136691e+01  -3.7116879e+01
  -5.9635269e+01  -8.7821127e+01
  -9.5188861e+01  -2.4796758e+01
  -2.1553349e+01  -6.8716281e+01
  -9.8434274e+01  -9.5008193e+01
   3.8147388e+01  -7.7113068e+01
   7.0393674e+00   3.2697051e+01
  -8.2839802e+01   2.4300832e+01
   1.2986360e+01   5.1140478e+01
   3.9633954e+00   4.6837294e+01
  -9.7309950e+01  -5.1079587e+01
  -9.1674087e+01  -4.2910649e+01
  -8.5231370e+01   4.1314925e+01
   9.4286450e+01  -8.5496247e+01
   6.1876376e+01  -9.6195923e+01
   5.6138038e+01  -7.3138254e+01
  -1.2377358e+01  -2.4055610e+01
   7.1962075e+01  -9.5306512e+01
  -6.3034365e+01   2.6988929e+01
  -6.1757029e+01   8.8819586e+00
  -5.0856153e+00   5.1078936e+01
   4.4212208e+01   2.6817640e+01
   8.7941919e+01  -9.3225861e+01
  -2.9667233e+01   6.1253486e+01
  -1.4964152e+01   4.8597881e+01
  -4.7569856e+01   3.9457393e+01
  -7.5018957e+01   7.6190628e+01
   5.2521264e+01  -9.9727996e+01
   3.4131237e+01  -4.0580003e+01
  -5.7816218e+01   1.8508657e+01
  -5.6645675e+01   1.8698632e-01
  -3.7693010e+01   9.7417347e+01
  -3.9677088e+01   8.6632145e+01
   7.2562099e+00   9.6841502e+01
   5.2148261e+01  -1.5144945e+01
   3.9782389e+01  -3.1635520e+01
   8.3151055e+00  -7.3130243e+01
   2.0451526e+00  -9.8814944e+01
  -3.8351511e+01   6.7246706e+01
  -7.5327601e+01   4.2702390e+01
  -1.0839163e+01  -8.4417321e+01
  -2.5822723e+01   9.3887074e+01
  -9.0791743e+01   9.1959683e+01
  -2.1719958e+01   3.2405462e+01
  -4.6411036e+01   2.2550586e+00
  -1.2750331e+01   9.7759106e+01
  -5.3716622e+01   4.7317377e+01
  -3.0706180e+01   1.4659016e+01
   7.4181886e+01  -6.6184803e+01
  -7.9057207e+01   3.3471528e+01
  -5.8870569e+01   8.8037420e+01
   1.8750738e+01  -9.7182529e+01
   2.4874055e+01  -6.2586232e+01
  -6.0261010e+01   9.8134940e+01
   4.6772233e+01  -6.8689177e+01
   4.5033401e+01  -4.0254088e+01
   4.6561459e+01  -2.3842258e+01
   3.6894932e+01  -6.7217421e+01
   3.6078059e+01  -9.2716074e+01
   3.9000119e+01  -4.9097227e+01
   7.2229059e+01  -4.8941077e+01
   3.4808512e+01  -2.3797540e+01
  -7.8505845e+01  -1.5011707e+01
   7.3602049e+01  -1.8499344e+01
   9.1085424e+01  -2.7179475e+01
  -3.9727470e+01  -9.7569477e+01
  -7.2770430e+01  -2.5737216e+01
   6.6526360e+01  -2.5464514e+01
  -7.3104563e+01  -4.0185585e+01
  -6.1005121e+01  -4.4692334e+01
  -8.3039795e+01   5.1602739e+01
  -8.3266225e+01   7.0536164e+01
  -9.9190413e+01  -8.4812510e+01
  -9.4286403e+01   8.2537418e+01
  -9.0355623e+01  -1.6079897e+01
  -8.3711814e+01  -2.3551462e+01
  -9.4769305e+01  -7.5618735e+01
   6.6216860e+01   7.0123000e+01
   9.1998513e+01   3.1465531e+01
  -6.8222483e+00  -6.7923661e+00
  -4.3002091e+00  -7.6957519e+01
   4.3881214e+00  -5.9250888e+01
   6.2931056e+01   8.9813940e+01
   9.3280552e+01   8.8380905e+01
   8.3390050e+01   7.9258149e+01
   5.4675718e+01   1.2123151e+01
   6.2715349e+01   2.6557446e+01
  -7.9436424e+01  -5.3617852e+01
  -8.7448050e+01  -6.7887149e+01
   6.7698608e+01   1.9039183e+00
   6.4593072e+01   1.2770817e+01
  -3.5362926e+01  -5.2456087e-01
   4.4302983e+01   4.0690099e+01
   2.6731281e+01   2.9774229e+01
   3.3167287e+00   2.8100344e+00
  -7.7930626e+01  -9.3542730e+01
   3.8183001e+01   4.8594239e+01
  -6.9544361e+01  -8.8256385e+01
   6.0342545e+01   3.8048900e+01
   3.0628303e+01   6.2258911e+01
   4.8445897e+01   6.3550937e+01
   5.4307394e+01   4.6008228e+01
   9.8323845e+01  -7.8335691e+00
   5.4646996e+01   8.2789148e+01
   7.8022773e+01   4.9692271e+01
   9.3262442e+01   7.7713141e+01
   9.5066405e+01   6.7896175e+01
   9.7960280e+01   4.8399629e+01
   7.0474370e+01   5.6251358e+01
   3.9774336e+01   9.6212892e+00
  -1.4352193e+01  -5.9570048e-01
   8.8108606e+01   5.0759480e+01
   8.0869880e+01  -5.8755737e+01
   9.4190874e+01  -7.3621720e+01
  -3.5478873e+01  -3.3440611e+01
   8.5363965e+01   2.4190346e+01
  -6.5077832e+01  -3.4947678e+01
   9.5429366e+01   1.2021982e+01
  -4.2564665e+01  -5.9566064e+01
  -4.2420287e+01  -7.9126552e+01
  -3.3393304e+01  -7.4572397e+01
  -2.7320794e+01  -9.5296898e+01
   2.9092033e+01  -1.7035923e+01
   1.9068467e+01   3.9181143e-01
   1.9282371e+01  -1.7707641e+01
   2.6434189e+01   7.0195316e+00
