  -2.2392234e+01  -2.6941656e+01
   3.0538106e+01   5.5377769e+01
   6.5739729e+01  -3.9371671e+01
  -7.4616372e+00  -4.1274721e+01
  -1.7471396e+00  -5.7616158e+01
  -2.9798116e+01   1.1547721e+01
  -8.6096060e+00  -1.0271320e+01
   2.1767116e+01   3.9070746e+01
   4.0313916e+01   5.0732501e+00
   1.2829139e+01  -4.3597315e+01
  -3.7558919e+01  -7.7071498e+00
  -7.0259760e+01  -4.2679634e+01
   5.1882282e+01   4.3982313e+01
   5.7173013e+01  -1.2902359e+01
   2.2817696e+01  -4.3994284e+01
  -3.9343929e+01   1.4524751e+01
   8.0815420e+01   1.7468007e+01
   3.3778001e+01   2.8727687e+01
   4.2484827e+01   2.3809945e+01
   4.1570265e+01  -5.7786039e+00
   7.0857541e+01   4.3472656e-01
   9.4921631e+00   7.8586990e+01
  -5.3834074e+01   3.8430772e+01
   2.6503686e+01  -6.3309671e+01
   2.7275096e+01  -1.8210748e+01
  -3.2790504e+01  -7.7269166e+01
   2.1181574e+01  -3.4128508e+01
  -5.3504926e+01   2.8436354e+01
  -6.5803168e+01   2.7159734e+01
  -6.8129373e+01  -6.7943983e+00
   4.1460047e+00  -3.8644914e+01
  -2.7043018e+01  -1.8087500e+01
   2.1375124e+01  -7.6614640e+01
  -3.2383421e+01  -2.6539250e+01
  -3.0057207e+01  -4.6356073e+01
  -1.0212728e+00   4.4287953e+01
   2.4774850e+01  -7.5082108e+00
   2.1310143e+00   5.8344531e+01
   1.6992511e+01  -1.2310292e+00
  -3.8356870e+01   3.9545069e+01
  -1.4014189e+01   5.9130023e+01
   3.8398107e+01  -3.1904218e+01
   3.7042638e+01  -4.7651052e+01
   2.6662045e+01  -5.3224274e+01
   1.7610383e+01  -5.7471791e+01
  -1.1150630e+01  -5.4214690e+01
  -6.0148569e+01   1.0059925e+01
  -6.4573790e+01  -1.6140818e+01
  -5.5856438e+01   3.6249338e-01
  -4.6727521e+01  -3.7178418e+00
   1.6477636e+00  -8.7374292e+01
  -3.1744189e+00  -2.2134579e+01
   7.3152913e+00  -6.2635879e+01
   5.6762972e+01   1.4847660e+01
   8.3747896e+00   2.2856854e+01
  -3.9835086e+01  -6.9949376e+01
   5.5660255e+01   3.4723455e+01
  -5.1629821e+01  -2.2102018e+01
  -8.4563457e+00   3.7600752e+01
  -3.3228009e+00   7.4342554e+01
  -2.4752680e+01   7.4254671e+01
   6.9254500e+00   1.2964701e+01
   8.5155397e+01  -1.6861565e+01
   3.9862393e+01   7.0426381e+01
   5.4800913e+01  -2.3113188e+01
  -2.3513269e+01   2.6633733e+01
  -2.7524934e+01   4.4509980e+01
   1.7271368e+01   5.0901313e+01
   3.6530664e+01   3.8341216e+01
   5.0021081e+01   5.5646193e+01
   9.0677966e-02  -3.1625596e+00
   4.8328746e+01  -3.0735965e+01
   5.1458638e+01  -4.6763773e+01
   3.6821764e+01  -7.9248654e+01
  -2.1335745e+01  -7.3951120e+01
   2.9114337e+01  -2.8039936e+01
   8.9734240e+00  -1.9275366e+01
  -4.5573135e+01   2.2346990e+01
  -2.0805101e+01  -6.3966217e+01
  -7.5414403e+01   2.4399187e+01
  -1.7762859e+01  -1.4366736e+01
  -2.7567759e+01  -8.1022605e+00
  -6.9021203e+01   3.6627391e+01
  -7.1878898e+01  -2.2969391e+01
  -3.5515344e+01   2.0805806e+00
  -5.0911883e+01   1.3891663e+01
  -4.6203485e+01  -1.3703143e+01
  -1.6736079e+01  -4.5004244e+01
  -5.5883012e+01  -1.1194951e+01
  -1.0812598e+01  -6.4339312e+01
  -1.3544895e+01  -8.3445687e+01
   1.1546823e-01  -4.7794087e+01
  -3.8216096e+01   2.9119736e+01
   3.5673450e+01  -5.7556653e+01
   6.3714970e+01   7.4335238e+00
   8.7169126e+00  -7.2536654e+01
  -1.3616849e+00  -6.7606476e+01
  -4.4683569e+01   6.0700246e+00
  -3.0822387e+01  -5.6497570e+01
   8.7988832e+00  -5.2747721e+01
  -2.2641614e+01  -3.6938272e+01
   3.0070431e+01   8.3523977e+00
   2.0474959e+01   1.1166637e+01
   4.7052526e+01   1.2460496e+01
  -5.6552877e+00   6.4618583e+01
   5.7175699e+01   2.4839036e+01
  -2.3271330e+01   6.2912125e+01
   4.5670012e+01   3.4282733e+01
  -5.9988758e+01  -4.4419715e+01
  -6.1036627e+01  -2.5494232e+01
   4.4664172e+00   3.4273778e+01
   2.4478319e+01   7.2715416e+01
   6.1395317e+01  -3.1707348e+00
   4.8095715e+00   6.7978928e+01
   7.6119744e+01  -8.0687097e+00
  -2.1476590e+01   5.2473427e+01
   6.7006250e+01  -2.2517241e+01
  -2.0084784e+01   3.6999369e+01
  -3.7485711e+01   4.9507036e+01
   7.1601312e+01   1.3582126e+01
  -4.2537281e+01  -2.6802714e+01
  -3.1844047e+01   5.7763574e+01
   1.3972000e+01   3.1141141e+01
   7.3255203e+00   4.9800602e+01
  -6.2758502e+00   5.2796143e+01
   1.1881181e+01   6.0565910e+01
   4.1250560e+01   6.0450134e+01
  -1.8286056e+01  -4.3844076e+00
  -3.8522458e+00   2.8724389e+01
  -9.3549737e+00   1.0482175e-01
   3.1617855e+01  -3.9250988e+01
   4.2213351e+01  -2.2662579e+01
   4.7236382e+01  -1.4017254e+01
   5.8082220e+01  -3.2940621e+01
   4.3825684e+01  -4.0303277e+01
   3.4300220e+01  -6.9571784e+01
  -4.4833198e+01  -7.8610581e+01
  -3.0106658e+01  -6.7636163e+01
  -2.9753680e+01   3.4447576e+01
   1.7697205e+01  -2.4755330e+01
  -5.8843157e+01   1.9980407e+01
  -6.2187502e+01   4.3927936e+01
   6.0048976e+00  -2.8821315e+01
  -6.9736196e+01   1.5611327e+01
  -7.8694009e+01   3.4090578e+01
  -8.1637939e+01  -2.0787813e+01
  -2.5526092e+01   2.5085421e+00
  -6.7404945e+01   3.1792466e+00
   8.1660060e-03  -7.7510500e+01
  -7.6563066e+01  -1.2167718e+01
  -3.1975712e+01   2.1306514e+01
   4.2919406e+01  -6.4447418e+01
  -3.4318688e+00  -3.2125928e+01
   1.1079211e+00  -1.3104446e+01
   7.8743905e+01   6.5833197e+00
   1.7336397e+01  -6.7467004e+01
  -2.1147696e+01  -5.3974287e+01
  -1.3113196e+01  -2.3215618e+01
  -4.9024955e+01  -6.4386580e+01
   1.8277771e+01   2.0922181e+01
  -9.5726863e+00  -7.4268456e+01
  -1.2359805e+01   7.8624160e+01
  -1.3369347e+01  -3.3208866e+01
   3.2622849e+01  -1.3154856e+00
   1.7890974e+01  -1.4757500e+01
   3.6533525e+01  -1.4432455e+01
   1.0025914e+01  -8.5816405e+00
  -3.3560136e+01   6.7615211e+01
   2.8277600e+01   2.0305022e+01
  -1.5418454e+01   6.9103415e+01
   6.1989700e+01   4.2465366e+01
   6.6871939e+01   2.2393077e+01
  -7.3433655e+01  -3.2847662e+01
   2.9481355e+01   4.5433847e+01
  -6.3698380e+01  -3.5133304e+01
   7.9443248e+00   3.0203497e+00
   3.7303347e+01   1.5257255e+01
  -1.3841851e+01   2.9174835e+01
   3.1245129e+01   6.5352686e+01
   2.1778607e+01   6.1994506e+01
   1.4819833e+01   7.0124374e+01
   5.1507357e+01  -4.6622261e+00
  -1.3822037e+01   4.6038831e+01
   8.6034362e+01  -6.7665385e+00
   7.8077165e+01  -2.3925462e+01
  -4.6548574e+01   4.5280544e+01
   6.7164907e+01  -1.2518589e+01
  -4.6464973e+01   5.5280167e+01
  -5.2580081e+01  -3.2056372e+01
  -3.7035051e+01  -1.7691255e+01
  -3.2625597e+01  -3.6530666e+01
   1.1941844e+01   4.0931308e+01
   2.3793130e+01   2.9264059e+01
   5.9378094e+01   5.2118292e+01
   3.9405311e+01   5.0540965e+01
  -1.7694559e+00   6.6621344e+00
   5.4010799e+01   5.0192903e+00
  -9.1824274e-01   1.9165496e+01
  -4.0424784e+01  -5.9285124e+01
