   4.0714613e+01   9.0042790e+00
   2.9445067e+01  -1.3470838e+01
  -2.3608990e+01  -2.2037233e+01
   8.1811514e-01   2.2298962e+01
   5.7090804e+00  -2.9581438e+01
   1.1092070e+00   1.2355456e+01
  -4.2631913e+00  -6.3131638e+00
   4.3864129e+00  -1.9671050e+01
  -1.3656515e+01  -2.1210901e+01
   2.4632906e+01  -2.4140362e+00
   4.6760442e+00  -1.8490432e+00
   2.3365798e+01   4.1919695e+01
   1.4378299e+01  -1.9563779e+01
  -3.6657691e+00  -2.6132889e+01
  -3.9087750e+01   9.2302991e+00
   1.5059072e+01   1.5255170e+01
  -1.1484743e+01   2.8581276e+01
   1.5701324e+01  -2.9471574e+01
   2.4786643e+01  -2.2466701e+01
  -4.9973777e+00  -1.6245565e+01
  -1.1802917e+01  -4.1099227e+01
   1.6463914e-01  -4.5988585e+01
   9.0880151e+00  -1.0841912e+01
  -2.2286152e+01  -3.1943899e+01
  -2.9094977e+01   8.8716599e+00
  -3.6388854e+01  -9.5956190e+00
  -1.2603695e+01  -8.0715940e-01
   2.8470988e+01   1.0548558e+01
   1.9448505e+01   6.2503929e+00
   9.4820116e+00   6.9218875e+00
   5.1868984e+00   3.8755214e+01
   3.3610269e+01   1.9717572e+00
  -2.1481952e+01   2.8770246e+01
   1.6285742e+01   3.4866965e+01
   2.4915621e+01  -3.3345142e+01
   1.9726679e+01  -1.1122934e+01
  -2.4315099e+00  -3.6048491e+01
  -4.1625062e+01  -6.6412503e-01
   7.6714880e+00  -3.9383402e+01
  -1.3412318e+01  -1.0773552e+01
  -3.1634679e+01  -7.9819798e-01
  -1.2324632e+01  -3.1117304e+01
  -2.6852464e+01  -1.2589104e+01
  -3.3543961e+01  -2.3122966e+01
   3.6269791e+01   1.7961484e+01
  -2.2113171e+01  -3.7998955e+00
   1.4641578e+01  -2.5164489e+00
   8.1506952e+00   2.9073023e+01
  -5.9938741e+00   4.1015515e+01
   4.3044567e+01  -1.3352301e+00
  -3.6790603e+00   3.6363237e+00
   2.6457908e+01   2.0342408e+01
  -1.5448893e+01   3.7761227e+01
   1.7573666e+01   2.4933845e+01
   2.5945566e+01   3.0402960e+01
  -2.0366373e+00   3.1849005e+01
