   2.4717150e+01   6.0238802e+01
   7.0973975e+01   4.9266512e+01
   2.3074368e+01  -8.4381161e+00
  -2.5988252e+01   5.4918628e+01
  -3.0475469e+01  -7.0455763e+01
   2.8720349e+01  -9.9895446e+01
  -4.0504707e+01   2.6155139e+01
  -4.2033234e+01   4.1855034e+01
   9.0183352e+00  -9.3942869e+01
  -8.3333586e+00  -6.8629766e+01
   4.5237941e+01  -9.9928284e+01
  -1.1294319e+01  -5.2005953e+01
  -2.5583040e+01  -3.2396687e+01
  -6.9288919e-01   3.4208784e+01
  -7.0868334e+00   7.4588233e+01
  -7.1337739e+01   1.0575406e+01
   5.4392546e+01  -4.8932158e+01
   5.4211409e+01  -2.8542160e+01
   8.8702785e+01   2.1151055e+00
  -2.0874675e+01  -9.9378909e+01
   6.9172066e+01  -6.1688135e+01
  -7.0063623e+01  -7.2652322e+01
  -1.1611631e+01  -3.8957062e+01
   6.4977187e+01  -2.2982082e+01
  -2.4631377e+01   2.1407111e+00
   7.1601620e+01   9.4515742e+00
   2.4200930e+01  -5.2980348e+01
   1.8047788e+01  -3.5718572e+01
   6.7228444e+01  -4.4703531e+01
  -8.9909207e+01  -3.7222338e+01
   7.5033880e+01  -3.4056873e+01
   6.3926274e+01   8.5466364e+01
   3.9894774e+01   5.7778762e+01
   1.2279609e+01   4.5180211e+01
   1.5059505e+01   7.2973458e+01
   4.3468694e+01   1.6565165e+01
   6.4307834e+00   8.9068858e+00
   7.5809705e+01   8.4973938e+01
   1.5718613e+01   9.5946324e+00
   8.5021972e+01   6.1412102e+01
   2.4771843e+01   7.0119343e+01
   3.6927297e+01   9.3316872e+01
   5.9460476e+01   6.0292053e+01
  -6.2774744e+01  -2.4824921e+01
  -5.1532986e+01  -8.7840086e+01
  -9.4103195e-01   1.9235598e+01
  -7.6712615e+01   7.3534285e-01
  -9.1841293e+01   9.7183776e+00
  -3.2176482e+01   7.8285145e+01
   5.7568777e+01  -3.3277790e-02
  -3.8245825e+01  -1.2075809e+01
  -6.9455491e+01   3.4568206e+01
  -5.2166661e+01   8.6122065e+01
  -3.8267673e+01  -9.1175975e+01
  -7.7710014e+01   9.5551984e+01
   2.1851924e+01  -7.1621157e+01
   5.8979439e-01  -8.8675271e+01
  -9.9408103e+01   5.6040681e+01
   4.2899333e+00  -4.9887058e+01
   9.1119803e+01  -1.6341152e+01
   3.5860028e+01   3.8515028e+01
   3.8974854e+01   8.3548894e+01
   9.6680325e+01   1.9817910e+01
   4.8803124e+01  -7.9252174e+01
  -7.4790536e+01  -8.1656091e+01
  -4.0166296e+01  -7.2754564e+01
   7.6391027e+01  -6.7113056e+00
  -2.8651826e+01  -1.4526661e+01
  -1.6741726e+01  -1.5937007e+01
   1.7576213e-01   6.7712291e+01
  -2.2314336e+01   4.5761899e+01
   6.7642832e+01  -7.1508805e+01
  -4.7164976e+01   3.3377956e+01
  -6.3662064e+01   4.2670090e+01
  -2.2549100e+01   7.5622027e+01
  -5.1807675e+01   5.8148351e+01
   1.7234879e+01  -8.0196307e+01
   5.0250060e+01  -6.7994769e+01
  -6.7590683e+01  -1.6281169e+01
   3.4013108e+01  -5.3072555e+01
   9.6938851e+01  -4.8164940e+01
  -7.9860742e+01  -7.3139442e+01
  -9.8108075e+01  -8.0867306e+01
  -5.8217014e+01  -6.4798669e+01
  -4.6675118e+01  -9.6546946e+01
   1.8960192e+01   3.7933980e+01
   9.4559149e+00  -3.0716393e+01
   1.2671659e+01  -9.1075640e+00
   1.8604111e+01   1.8968550e+01
   3.1504469e+01  -3.2503311e+00
   6.5433367e+00   9.0345222e+01
  -5.7939966e+00  -7.9550246e-01
   1.0451714e+01  -2.0875943e+01
  -9.5344095e+01  -6.0857350e+01
   7.3774902e+01   2.0132761e+01
   5.1825422e+01   2.8069512e+01
   3.0720486e+01   5.2634808e+01
   7.6135327e+01   6.5454060e+01
   4.5955969e+01   7.6473607e+01
   4.6687934e+01   9.1080752e+01
   8.6602683e+01   4.4472165e+01
   9.6004523e+01  -4.6407912e+00
   1.9980296e+01   8.9570827e+01
  -2.8617003e+01  -8.8726780e+01
   4.1422809e+01  -3.2597066e+00
   8.9715234e+00   1.7918722e+01
  -4.3736106e+01  -2.0229542e+01
   9.1623532e+01  -7.0521569e+01
   9.0653903e+01   1.1882157e+01
   8.0806643e+01   1.3154162e+01
  -5.4580306e+01  -3.0177669e+01
  -6.6861789e+01  -1.2860029e+00
  -3.1158873e+01  -5.0766834e+01
  -2.0983786e+01  -4.1049523e+01
  -6.0352672e+01  -7.3838739e+01
   8.8481908e+01  -4.2854540e+01
  -6.0966239e+01  -9.1088448e+01
  -1.8264547e+01  -6.9573247e+01
   1.9967556e+01   5.1469408e+01
  -9.9989995e+01  -3.7915685e+01
   9.8722877e+01  -7.8307705e+01
  -5.8857082e+00  -3.1105142e+01
  -5.4321180e+01   2.6097019e+01
  -1.2976289e+01   4.9095379e+01
  -7.4872504e+01   7.7549570e+01
  -4.7439009e+01   1.9031941e+01
  -5.5869766e+01  -9.1284834e-01
  -4.1156573e+01   9.1813061e+01
  -4.1409407e+01   7.2296269e+01
  -7.3417273e+01   4.3711869e+01
  -9.1355159e+00  -8.7030924e+01
  -2.7296854e+01   9.7467326e+01
  -8.9364605e+01   9.1460743e+01
  -2.5476320e+01   3.6431973e+01
  -5.2404313e+01   1.0419858e+01
  -5.6759709e+01   3.5682949e+01
  -2.9585233e+01   1.0559898e+01
   7.8537116e+01  -6.5085263e+01
  -7.9409240e+01   3.5775561e+01
  -6.1625998e+01   8.9291404e+01
   3.8177422e+01  -4.0412694e+01
   4.6244473e+01  -2.2315190e+01
   3.1734184e+01  -7.1066099e+01
   3.9221345e+01  -1.5237736e+01
   7.1051772e+01  -1.5071069e+01
   9.1778438e+01  -2.6290257e+01
  -8.2309485e+01  -4.3695919e+01
  -5.8673843e+01  -3.8911509e+01
  -9.2381425e+01  -2.2142255e+01
  -8.4605328e+01  -2.8154577e+01
   8.8707385e+00  -5.8406173e+01
   6.9141959e+01   9.3967409e+01
   8.5791157e+01   8.3092925e+01
   6.1727116e+01   2.8154449e+01
  -7.9130753e+01  -6.2348186e+01
  -9.7172849e+01  -7.0837679e+01
   6.2096086e+01   7.0525841e+00
  -3.1393037e+01  -5.0430460e+00
   4.2903002e+01   3.1675061e+01
   2.7618536e+01   3.3180668e+01
   1.0980715e+01   5.6905889e-01
   3.9201837e+01   4.8166401e+01
  -7.1109082e+01  -9.1010794e+01
   6.1843152e+01   4.1222421e+01
   3.3383602e+01   6.5140644e+01
   5.3154358e+01   6.8633502e+01
   5.1150191e+01   4.9316134e+01
   5.3190705e+01   8.3288740e+01
   8.0489092e+01   5.2395202e+01
   6.9141471e+01   5.8768909e+01
   3.3656196e+01   1.4873928e+01
  -9.9683228e+00  -9.2174652e+00
   9.0812755e+01   5.3481797e+01
   8.4356056e+01  -5.1930122e+01
  -3.5456688e+01  -3.2394978e+01
   8.3583172e+01   2.2721086e+01
  -6.7235985e+01  -3.3707296e+01
  -4.1578712e+01  -6.1694903e+01
  -4.2978093e+01  -8.2465969e+01
  -3.3416302e+01  -8.0025019e+01
  -3.0839244e+01  -9.8457092e+01
   2.9355729e+01  -1.6315547e+01
   2.0710852e+01   1.0744827e+00
   2.2724592e+01  -2.6972288e+01
   2.5374774e+01   9.7673340e+00
   6.2644347e+01  -1.0541647e+01
   7.1003878e+01  -9.6226755e+01
   1.0245625e+01   5.4734282e+01
  -9.4635682e+01   3.4271363e+01
   9.0951546e+01  -9.6459281e+01
  -1.5831947e+00   8.2887450e+01
  -3.5250653e+01   3.4600727e+01
   1.2843710e+01   8.2657865e+01
  -7.9191655e+00   6.2140400e+01
   7.7881418e+00  -8.1956002e+01
  -8.1249880e+01   8.5248458e+01
   6.2695622e+01  -9.0753355e+01
  -1.6787997e+01   5.8168913e+01
   4.5150931e+01  -8.8529755e+01
  -2.2224951e+01   8.5607854e+01
  -1.2619981e+01   8.2910191e+01
   2.2653266e-01   9.8059157e+01
   1.5321195e+01   6.3133530e+01
   3.3744195e+01   7.5058826e+01
  -8.2904790e+01   5.9310532e+01
  -3.3812678e+01   6.5996445e+01
  -4.2791975e+01   6.2010733e+01
  -3.5704075e+01   5.5165515e+01
   1.8161266e+01  -9.0050405e+01
   7.4468427e+01  -5.3278019e+01
  -2.6467458e+01   2.6607913e+01
  -3.2785286e+01   4.5613818e+01
  -4.0141321e+01   1.2404318e+01
   1.7489004e+01  -6.2802530e+01
  -5.6801977e+01   9.8031142e+01
  -4.3068752e+01   8.2054803e+01
  -5.5631145e+01   7.6754643e+01
   5.0746249e+01  -5.8115518e+01
   6.3096541e+01  -5.3798865e+01
  -8.6696758e+01   1.1465879e+00
  -1.4916009e+01   3.9079635e+01
   9.5580631e+01  -3.5818570e+01
  -7.3543485e+00   2.6869117e+01
   8.1004837e+01  -1.6051079e+01
  -7.5452114e+01   2.6593223e+01
  -6.4284568e+01   2.6048520e+01
  -5.1811874e+01   4.4339501e+01
   7.5092608e+01  -2.4109368e+01
  -8.4709374e+01   1.8865150e+01
  -6.0916025e+01  -5.5793996e+01
   8.4955407e+01  -3.3538223e+01
  -5.9730208e+01   1.7173369e+01
   1.4795405e+01  -5.0991080e+01
  -8.8666228e+01  -7.7705137e+01
  -8.3541130e+01  -8.6286094e+01
   2.0475841e+00  -3.7333427e+01
   1.0622961e+01  -4.2244169e+01
   2.4695352e+01  -4.3089148e+01
  -9.9709695e+01   7.7220986e+01
  -6.7994816e+01  -6.2884066e+01
  -5.1587772e+01  -7.7903272e+01
  -4.8992480e+01  -6.8318176e+01
  -7.2546406e+01  -4.2904337e+01
   2.7206919e+01   2.3341867e+01
   2.9510764e+01   8.6641212e+01
   2.3518492e+01   9.9148600e+01
  -7.7151169e+01  -3.4375624e+01
   1.4220940e+00  -2.4655566e+01
   5.6015873e+00   2.6797452e+01
   1.5814048e+01   2.8510192e+01
   9.0923361e+01   2.9474613e+01
   2.9195882e+00  -4.8641018e+00
  -1.3832948e+01  -2.5285312e+01
   2.8695613e+00  -1.4618453e+01
  -6.3040698e+00  -1.8378782e+01
   8.4577448e+01   9.3501498e+01
   4.9238501e+01  -8.9865640e+00
   4.8610140e+01   3.6556815e+00
   7.8849334e+01   2.8865707e+00
   8.6238360e+01   7.3115653e+01
   6.4758852e+01   1.6375126e+01
   8.6333575e+01  -7.5888943e+00
   4.9676696e+01   5.9218434e+01
  -8.8512179e+01  -9.8422996e+01
  -8.3896991e+01  -5.3563411e+01
   6.6691803e+01   7.5938872e+01
  -7.8538483e+01  -9.7703831e+01
   5.7941067e+01   9.3413258e+01
  -8.7828163e+01  -6.7342314e+01
   4.3314245e+01   6.6971420e+01
   9.3599192e+01   6.6443655e+01
   9.8208730e+01   5.3163894e+00
  -2.1179487e+01  -5.0800210e+01
   6.1076889e+01   5.0670873e+01
   3.6485206e+01   5.3664670e+00
   8.7764891e+01  -6.1308483e+01
  -1.3842377e+01  -7.8368107e+01
  -1.8726378e+01  -8.9622663e+01
  -1.1169883e+01  -9.6778713e+01
  -2.1971974e+01  -6.0535708e+01
  -3.0683714e+01  -4.0926336e+01
  -9.5752098e+01   6.5352314e+01
  -4.4886784e+01  -3.0028896e+01
  -5.3673214e+01  -2.0326829e+01
   9.5179897e+01   3.9348254e+01
   9.5588922e+01   8.0838481e+01
  -4.6951410e+01  -7.3105800e+00
  -7.3950993e+01  -8.7604524e+00
  -5.9738847e+01  -1.0123636e+01
  -8.1277542e+01   9.5435622e+00
  -2.3521592e+01  -2.2902415e+01
  -2.1910301e+01  -7.5878797e+00
  -3.4074597e+01  -2.2658261e+01
  -3.1826837e+01  -6.0619231e+01
   3.6941809e+01   2.4085661e+01
  -6.5028951e+01  -8.2168155e+01
  -2.3777044e+01  -7.7845799e+01
   1.9566932e+01  -1.7573914e+01
   9.9337220e+01   4.8436795e+01
   2.7462871e+01  -8.0015063e+01
   3.7769466e+01  -8.1797293e+01
   4.1465088e+01  -7.2526748e+01
   9.3387947e+01  -8.6763848e+01
   9.1374201e+00   3.5917713e+01
   4.5262024e+01   4.1167709e+01
   4.8152803e+01  -4.0875461e+01
   2.7281270e+01   4.3341852e+01
   9.7246285e+01  -5.8180723e+01
  -8.6376564e+01   2.8672276e+01
   5.7631904e+01  -7.4604442e+01
   8.0968650e+01  -9.6492704e+01
   6.5083387e+01  -8.1132448e+01
  -5.6029347e+00   4.2641941e+01
   2.7470685e+00   4.8007402e+01
   2.2364317e+01   7.9737129e+01
  -1.5198081e+01   6.8884168e+01
   8.8372260e-01   5.7772321e+01
   5.3372197e+01  -9.4174890e+01
  -7.9582616e+01   6.8735691e+01
  -6.1885552e+01   7.3724534e+00
  -4.6284577e+01   2.6141153e+00
   4.3656283e+01  -3.1958163e+01
   5.4836066e+01  -1.7216588e+01
   3.6013098e+01  -2.5514470e+01
  -7.1550016e+01   8.7678427e+01
   3.7016586e+01  -9.4300287e+01
  -2.4144914e+01   6.4731143e+01
   5.5549720e+00   7.5956588e+01
  -8.2480631e+01   4.7276640e+01
  -1.5463864e+01   9.6580077e+01
  -3.1801174e+01   8.8370866e+01
   2.7325547e+01  -6.2287037e+01
   1.1769281e+01  -7.1039270e+01
  -4.4750339e+01   5.1333680e+01
  -6.7835430e+01   9.7108546e+01
  -6.5179367e+01   7.9979882e+01
  -7.2816176e+01  -2.4975704e+01
   4.0989496e+01  -6.0139417e+01
  -9.9983480e+01   9.1479632e+01
  -3.3279732e+01   1.9565246e+01
  -4.6990815e+01   9.9887925e+01
   4.4481061e+01  -5.0168785e+01
  -3.6393014e+01   3.3256979e+00
   5.9711662e+01  -6.4832688e+01
  -1.6964216e+01   2.9337776e+01
   2.8096145e+01  -8.9932078e+01
   5.8055072e+01  -3.9754156e+01
   7.7298729e+01  -4.3739469e+01
  -9.4420236e+01   2.1220004e+01
  -5.8952765e+01   5.1314477e+01
  -5.0444188e+01   6.8255493e+01
  -7.1722859e+01  -5.3445885e+01
   2.9686759e+01  -3.4463040e+01
  -7.4720063e+01   5.3597385e+01
  -9.3610869e+01  -8.9820702e+01
  -9.0695114e+01   8.1549651e+01
  -7.0502342e+00   9.1211538e+01
  -4.1296871e+00  -4.5132330e+01
   6.5187086e+01  -3.2920564e+01
  -6.3923349e+01  -4.6918572e+01
   1.3683652e+01   9.7343637e+01
  -5.0910974e+01  -5.8560295e+01
  -8.9822200e+01  -1.2528561e+01
  -9.5182566e+01  -4.1241757e+00
  -9.1597302e+01  -4.7127291e+01
  -8.1872279e+01  -1.8571208e+01
  -1.5295278e+01  -7.9775878e-01
   5.3596348e+01   3.7327584e+01
   5.5729556e+01   1.9469296e+01
   7.6566240e+01   7.5171065e+01
   9.4184611e+01   9.0736783e+01
  -2.1167615e+00   7.5812207e+00
   2.4030121e+00  -6.5298701e+01
  -7.4165276e-01  -7.7313653e+01
  -9.1868305e+01   4.5257008e+01
   5.6063176e+01  -5.3608914e+00
